"location","age_group","forecast_date","target_end_date","target","type","quantile","value","pathogen"
"DE","00-04",2022-11-17,2022-10-20,"-28 day ahead inc hosp","mean",NA,295,"COVID-19"
"DE","00+",2022-11-17,2022-10-20,"-28 day ahead inc hosp","mean",NA,17330,"COVID-19"
"DE","05-14",2022-11-17,2022-10-20,"-28 day ahead inc hosp","mean",NA,97,"COVID-19"
"DE","15-34",2022-11-17,2022-10-20,"-28 day ahead inc hosp","mean",NA,857,"COVID-19"
"DE","35-59",2022-11-17,2022-10-20,"-28 day ahead inc hosp","mean",NA,2258,"COVID-19"
"DE","60-79",2022-11-17,2022-10-20,"-28 day ahead inc hosp","mean",NA,6080,"COVID-19"
"DE","80+",2022-11-17,2022-10-20,"-28 day ahead inc hosp","mean",NA,7728,"COVID-19"
"DE-BB","00+",2022-11-17,2022-10-20,"-28 day ahead inc hosp","mean",NA,736,"COVID-19"
"DE-BE","00+",2022-11-17,2022-10-20,"-28 day ahead inc hosp","mean",NA,581,"COVID-19"
"DE-BW","00+",2022-11-17,2022-10-20,"-28 day ahead inc hosp","mean",NA,1948,"COVID-19"
"DE-BY","00+",2022-11-17,2022-10-20,"-28 day ahead inc hosp","mean",NA,3299,"COVID-19"
"DE-HB","00+",2022-11-17,2022-10-20,"-28 day ahead inc hosp","mean",NA,64,"COVID-19"
"DE-HE","00+",2022-11-17,2022-10-20,"-28 day ahead inc hosp","mean",NA,1166,"COVID-19"
"DE-HH","00+",2022-11-17,2022-10-20,"-28 day ahead inc hosp","mean",NA,264,"COVID-19"
"DE-MV","00+",2022-11-17,2022-10-20,"-28 day ahead inc hosp","mean",NA,412,"COVID-19"
"DE-NI","00+",2022-11-17,2022-10-20,"-28 day ahead inc hosp","mean",NA,919,"COVID-19"
"DE-NW","00+",2022-11-17,2022-10-20,"-28 day ahead inc hosp","mean",NA,3919,"COVID-19"
"DE-RP","00+",2022-11-17,2022-10-20,"-28 day ahead inc hosp","mean",NA,824,"COVID-19"
"DE-SH","00+",2022-11-17,2022-10-20,"-28 day ahead inc hosp","mean",NA,597,"COVID-19"
"DE-SL","00+",2022-11-17,2022-10-20,"-28 day ahead inc hosp","mean",NA,396,"COVID-19"
"DE-SN","00+",2022-11-17,2022-10-20,"-28 day ahead inc hosp","mean",NA,1048,"COVID-19"
"DE-ST","00+",2022-11-17,2022-10-20,"-28 day ahead inc hosp","mean",NA,576,"COVID-19"
"DE-TH","00+",2022-11-17,2022-10-20,"-28 day ahead inc hosp","mean",NA,566,"COVID-19"
"DE","00-04",2022-11-17,2022-10-20,"-28 day ahead inc hosp","quantile",0.025,292,"COVID-19"
"DE","00+",2022-11-17,2022-10-20,"-28 day ahead inc hosp","quantile",0.025,17219,"COVID-19"
"DE","05-14",2022-11-17,2022-10-20,"-28 day ahead inc hosp","quantile",0.025,95,"COVID-19"
"DE","15-34",2022-11-17,2022-10-20,"-28 day ahead inc hosp","quantile",0.025,847,"COVID-19"
"DE","35-59",2022-11-17,2022-10-20,"-28 day ahead inc hosp","quantile",0.025,2238,"COVID-19"
"DE","60-79",2022-11-17,2022-10-20,"-28 day ahead inc hosp","quantile",0.025,6036,"COVID-19"
"DE","80+",2022-11-17,2022-10-20,"-28 day ahead inc hosp","quantile",0.025,7666,"COVID-19"
"DE-BB","00+",2022-11-17,2022-10-20,"-28 day ahead inc hosp","quantile",0.025,728,"COVID-19"
"DE-BE","00+",2022-11-17,2022-10-20,"-28 day ahead inc hosp","quantile",0.025,573,"COVID-19"
"DE-BW","00+",2022-11-17,2022-10-20,"-28 day ahead inc hosp","quantile",0.025,1936,"COVID-19"
"DE-BY","00+",2022-11-17,2022-10-20,"-28 day ahead inc hosp","quantile",0.025,3275,"COVID-19"
"DE-HB","00+",2022-11-17,2022-10-20,"-28 day ahead inc hosp","quantile",0.025,64,"COVID-19"
"DE-HE","00+",2022-11-17,2022-10-20,"-28 day ahead inc hosp","quantile",0.025,1158,"COVID-19"
"DE-HH","00+",2022-11-17,2022-10-20,"-28 day ahead inc hosp","quantile",0.025,256,"COVID-19"
"DE-MV","00+",2022-11-17,2022-10-20,"-28 day ahead inc hosp","quantile",0.025,410,"COVID-19"
"DE-NI","00+",2022-11-17,2022-10-20,"-28 day ahead inc hosp","quantile",0.025,901,"COVID-19"
"DE-NW","00+",2022-11-17,2022-10-20,"-28 day ahead inc hosp","quantile",0.025,3859,"COVID-19"
"DE-RP","00+",2022-11-17,2022-10-20,"-28 day ahead inc hosp","quantile",0.025,816,"COVID-19"
"DE-SH","00+",2022-11-17,2022-10-20,"-28 day ahead inc hosp","quantile",0.025,591,"COVID-19"
"DE-SL","00+",2022-11-17,2022-10-20,"-28 day ahead inc hosp","quantile",0.025,392,"COVID-19"
"DE-SN","00+",2022-11-17,2022-10-20,"-28 day ahead inc hosp","quantile",0.025,1041,"COVID-19"
"DE-ST","00+",2022-11-17,2022-10-20,"-28 day ahead inc hosp","quantile",0.025,571,"COVID-19"
"DE-TH","00+",2022-11-17,2022-10-20,"-28 day ahead inc hosp","quantile",0.025,563,"COVID-19"
"DE","00-04",2022-11-17,2022-10-20,"-28 day ahead inc hosp","quantile",0.1,293,"COVID-19"
"DE","00+",2022-11-17,2022-10-20,"-28 day ahead inc hosp","quantile",0.1,17251,"COVID-19"
"DE","05-14",2022-11-17,2022-10-20,"-28 day ahead inc hosp","quantile",0.1,95,"COVID-19"
"DE","15-34",2022-11-17,2022-10-20,"-28 day ahead inc hosp","quantile",0.1,849,"COVID-19"
"DE","35-59",2022-11-17,2022-10-20,"-28 day ahead inc hosp","quantile",0.1,2244,"COVID-19"
"DE","60-79",2022-11-17,2022-10-20,"-28 day ahead inc hosp","quantile",0.1,6047,"COVID-19"
"DE","80+",2022-11-17,2022-10-20,"-28 day ahead inc hosp","quantile",0.1,7684,"COVID-19"
"DE-BB","00+",2022-11-17,2022-10-20,"-28 day ahead inc hosp","quantile",0.1,730,"COVID-19"
"DE-BE","00+",2022-11-17,2022-10-20,"-28 day ahead inc hosp","quantile",0.1,575,"COVID-19"
"DE-BW","00+",2022-11-17,2022-10-20,"-28 day ahead inc hosp","quantile",0.1,1939,"COVID-19"
"DE-BY","00+",2022-11-17,2022-10-20,"-28 day ahead inc hosp","quantile",0.1,3281,"COVID-19"
"DE-HB","00+",2022-11-17,2022-10-20,"-28 day ahead inc hosp","quantile",0.1,64,"COVID-19"
"DE-HE","00+",2022-11-17,2022-10-20,"-28 day ahead inc hosp","quantile",0.1,1160,"COVID-19"
"DE-HH","00+",2022-11-17,2022-10-20,"-28 day ahead inc hosp","quantile",0.1,259,"COVID-19"
"DE-MV","00+",2022-11-17,2022-10-20,"-28 day ahead inc hosp","quantile",0.1,410,"COVID-19"
"DE-NI","00+",2022-11-17,2022-10-20,"-28 day ahead inc hosp","quantile",0.1,904,"COVID-19"
"DE-NW","00+",2022-11-17,2022-10-20,"-28 day ahead inc hosp","quantile",0.1,3873,"COVID-19"
"DE-RP","00+",2022-11-17,2022-10-20,"-28 day ahead inc hosp","quantile",0.1,817,"COVID-19"
"DE-SH","00+",2022-11-17,2022-10-20,"-28 day ahead inc hosp","quantile",0.1,592,"COVID-19"
"DE-SL","00+",2022-11-17,2022-10-20,"-28 day ahead inc hosp","quantile",0.1,393,"COVID-19"
"DE-SN","00+",2022-11-17,2022-10-20,"-28 day ahead inc hosp","quantile",0.1,1043,"COVID-19"
"DE-ST","00+",2022-11-17,2022-10-20,"-28 day ahead inc hosp","quantile",0.1,572,"COVID-19"
"DE-TH","00+",2022-11-17,2022-10-20,"-28 day ahead inc hosp","quantile",0.1,564,"COVID-19"
"DE","00-04",2022-11-17,2022-10-20,"-28 day ahead inc hosp","quantile",0.25,293,"COVID-19"
"DE","00+",2022-11-17,2022-10-20,"-28 day ahead inc hosp","quantile",0.25,17285,"COVID-19"
"DE","05-14",2022-11-17,2022-10-20,"-28 day ahead inc hosp","quantile",0.25,96,"COVID-19"
"DE","15-34",2022-11-17,2022-10-20,"-28 day ahead inc hosp","quantile",0.25,852,"COVID-19"
"DE","35-59",2022-11-17,2022-10-20,"-28 day ahead inc hosp","quantile",0.25,2249,"COVID-19"
"DE","60-79",2022-11-17,2022-10-20,"-28 day ahead inc hosp","quantile",0.25,6060,"COVID-19"
"DE","80+",2022-11-17,2022-10-20,"-28 day ahead inc hosp","quantile",0.25,7701,"COVID-19"
"DE-BB","00+",2022-11-17,2022-10-20,"-28 day ahead inc hosp","quantile",0.25,733,"COVID-19"
"DE-BE","00+",2022-11-17,2022-10-20,"-28 day ahead inc hosp","quantile",0.25,577,"COVID-19"
"DE-BW","00+",2022-11-17,2022-10-20,"-28 day ahead inc hosp","quantile",0.25,1943,"COVID-19"
"DE-BY","00+",2022-11-17,2022-10-20,"-28 day ahead inc hosp","quantile",0.25,3289,"COVID-19"
"DE-HB","00+",2022-11-17,2022-10-20,"-28 day ahead inc hosp","quantile",0.25,64,"COVID-19"
"DE-HE","00+",2022-11-17,2022-10-20,"-28 day ahead inc hosp","quantile",0.25,1162,"COVID-19"
"DE-HH","00+",2022-11-17,2022-10-20,"-28 day ahead inc hosp","quantile",0.25,261,"COVID-19"
"DE-MV","00+",2022-11-17,2022-10-20,"-28 day ahead inc hosp","quantile",0.25,411,"COVID-19"
"DE-NI","00+",2022-11-17,2022-10-20,"-28 day ahead inc hosp","quantile",0.25,910,"COVID-19"
"DE-NW","00+",2022-11-17,2022-10-20,"-28 day ahead inc hosp","quantile",0.25,3893,"COVID-19"
"DE-RP","00+",2022-11-17,2022-10-20,"-28 day ahead inc hosp","quantile",0.25,820,"COVID-19"
"DE-SH","00+",2022-11-17,2022-10-20,"-28 day ahead inc hosp","quantile",0.25,594,"COVID-19"
"DE-SL","00+",2022-11-17,2022-10-20,"-28 day ahead inc hosp","quantile",0.25,394,"COVID-19"
"DE-SN","00+",2022-11-17,2022-10-20,"-28 day ahead inc hosp","quantile",0.25,1045,"COVID-19"
"DE-ST","00+",2022-11-17,2022-10-20,"-28 day ahead inc hosp","quantile",0.25,574,"COVID-19"
"DE-TH","00+",2022-11-17,2022-10-20,"-28 day ahead inc hosp","quantile",0.25,565,"COVID-19"
"DE","00-04",2022-11-17,2022-10-20,"-28 day ahead inc hosp","quantile",0.5,295,"COVID-19"
"DE","00+",2022-11-17,2022-10-20,"-28 day ahead inc hosp","quantile",0.5,17327,"COVID-19"
"DE","05-14",2022-11-17,2022-10-20,"-28 day ahead inc hosp","quantile",0.5,96,"COVID-19"
"DE","15-34",2022-11-17,2022-10-20,"-28 day ahead inc hosp","quantile",0.5,856,"COVID-19"
"DE","35-59",2022-11-17,2022-10-20,"-28 day ahead inc hosp","quantile",0.5,2257,"COVID-19"
"DE","60-79",2022-11-17,2022-10-20,"-28 day ahead inc hosp","quantile",0.5,6077,"COVID-19"
"DE","80+",2022-11-17,2022-10-20,"-28 day ahead inc hosp","quantile",0.5,7724,"COVID-19"
"DE-BB","00+",2022-11-17,2022-10-20,"-28 day ahead inc hosp","quantile",0.5,737,"COVID-19"
"DE-BE","00+",2022-11-17,2022-10-20,"-28 day ahead inc hosp","quantile",0.5,580,"COVID-19"
"DE-BW","00+",2022-11-17,2022-10-20,"-28 day ahead inc hosp","quantile",0.5,1948,"COVID-19"
"DE-BY","00+",2022-11-17,2022-10-20,"-28 day ahead inc hosp","quantile",0.5,3298,"COVID-19"
"DE-HB","00+",2022-11-17,2022-10-20,"-28 day ahead inc hosp","quantile",0.5,64,"COVID-19"
"DE-HE","00+",2022-11-17,2022-10-20,"-28 day ahead inc hosp","quantile",0.5,1166,"COVID-19"
"DE-HH","00+",2022-11-17,2022-10-20,"-28 day ahead inc hosp","quantile",0.5,264,"COVID-19"
"DE-MV","00+",2022-11-17,2022-10-20,"-28 day ahead inc hosp","quantile",0.5,412,"COVID-19"
"DE-NI","00+",2022-11-17,2022-10-20,"-28 day ahead inc hosp","quantile",0.5,918,"COVID-19"
"DE-NW","00+",2022-11-17,2022-10-20,"-28 day ahead inc hosp","quantile",0.5,3917,"COVID-19"
"DE-RP","00+",2022-11-17,2022-10-20,"-28 day ahead inc hosp","quantile",0.5,824,"COVID-19"
"DE-SH","00+",2022-11-17,2022-10-20,"-28 day ahead inc hosp","quantile",0.5,596,"COVID-19"
"DE-SL","00+",2022-11-17,2022-10-20,"-28 day ahead inc hosp","quantile",0.5,396,"COVID-19"
"DE-SN","00+",2022-11-17,2022-10-20,"-28 day ahead inc hosp","quantile",0.5,1047,"COVID-19"
"DE-ST","00+",2022-11-17,2022-10-20,"-28 day ahead inc hosp","quantile",0.5,576,"COVID-19"
"DE-TH","00+",2022-11-17,2022-10-20,"-28 day ahead inc hosp","quantile",0.5,566,"COVID-19"
"DE","00-04",2022-11-17,2022-10-20,"-28 day ahead inc hosp","quantile",0.75,298,"COVID-19"
"DE","00+",2022-11-17,2022-10-20,"-28 day ahead inc hosp","quantile",0.75,17378,"COVID-19"
"DE","05-14",2022-11-17,2022-10-20,"-28 day ahead inc hosp","quantile",0.75,98,"COVID-19"
"DE","15-34",2022-11-17,2022-10-20,"-28 day ahead inc hosp","quantile",0.75,863,"COVID-19"
"DE","35-59",2022-11-17,2022-10-20,"-28 day ahead inc hosp","quantile",0.75,2266,"COVID-19"
"DE","60-79",2022-11-17,2022-10-20,"-28 day ahead inc hosp","quantile",0.75,6097,"COVID-19"
"DE","80+",2022-11-17,2022-10-20,"-28 day ahead inc hosp","quantile",0.75,7751,"COVID-19"
"DE-BB","00+",2022-11-17,2022-10-20,"-28 day ahead inc hosp","quantile",0.75,742,"COVID-19"
"DE-BE","00+",2022-11-17,2022-10-20,"-28 day ahead inc hosp","quantile",0.75,585,"COVID-19"
"DE-BW","00+",2022-11-17,2022-10-20,"-28 day ahead inc hosp","quantile",0.75,1955,"COVID-19"
"DE-BY","00+",2022-11-17,2022-10-20,"-28 day ahead inc hosp","quantile",0.75,3310,"COVID-19"
"DE-HB","00+",2022-11-17,2022-10-20,"-28 day ahead inc hosp","quantile",0.75,64,"COVID-19"
"DE-HE","00+",2022-11-17,2022-10-20,"-28 day ahead inc hosp","quantile",0.75,1173,"COVID-19"
"DE-HH","00+",2022-11-17,2022-10-20,"-28 day ahead inc hosp","quantile",0.75,267,"COVID-19"
"DE-MV","00+",2022-11-17,2022-10-20,"-28 day ahead inc hosp","quantile",0.75,414,"COVID-19"
"DE-NI","00+",2022-11-17,2022-10-20,"-28 day ahead inc hosp","quantile",0.75,933,"COVID-19"
"DE-NW","00+",2022-11-17,2022-10-20,"-28 day ahead inc hosp","quantile",0.75,3957,"COVID-19"
"DE-RP","00+",2022-11-17,2022-10-20,"-28 day ahead inc hosp","quantile",0.75,830,"COVID-19"
"DE-SH","00+",2022-11-17,2022-10-20,"-28 day ahead inc hosp","quantile",0.75,600,"COVID-19"
"DE-SL","00+",2022-11-17,2022-10-20,"-28 day ahead inc hosp","quantile",0.75,399,"COVID-19"
"DE-SN","00+",2022-11-17,2022-10-20,"-28 day ahead inc hosp","quantile",0.75,1051,"COVID-19"
"DE-ST","00+",2022-11-17,2022-10-20,"-28 day ahead inc hosp","quantile",0.75,580,"COVID-19"
"DE-TH","00+",2022-11-17,2022-10-20,"-28 day ahead inc hosp","quantile",0.75,567,"COVID-19"
"DE","00-04",2022-11-17,2022-10-20,"-28 day ahead inc hosp","quantile",0.9,305,"COVID-19"
"DE","00+",2022-11-17,2022-10-20,"-28 day ahead inc hosp","quantile",0.9,17448,"COVID-19"
"DE","05-14",2022-11-17,2022-10-20,"-28 day ahead inc hosp","quantile",0.9,107,"COVID-19"
"DE","15-34",2022-11-17,2022-10-20,"-28 day ahead inc hosp","quantile",0.9,870,"COVID-19"
"DE","35-59",2022-11-17,2022-10-20,"-28 day ahead inc hosp","quantile",0.9,2279,"COVID-19"
"DE","60-79",2022-11-17,2022-10-20,"-28 day ahead inc hosp","quantile",0.9,6117,"COVID-19"
"DE","80+",2022-11-17,2022-10-20,"-28 day ahead inc hosp","quantile",0.9,7777,"COVID-19"
"DE-BB","00+",2022-11-17,2022-10-20,"-28 day ahead inc hosp","quantile",0.9,748,"COVID-19"
"DE-BE","00+",2022-11-17,2022-10-20,"-28 day ahead inc hosp","quantile",0.9,596,"COVID-19"
"DE-BW","00+",2022-11-17,2022-10-20,"-28 day ahead inc hosp","quantile",0.9,1975,"COVID-19"
"DE-BY","00+",2022-11-17,2022-10-20,"-28 day ahead inc hosp","quantile",0.9,3332,"COVID-19"
"DE-HB","00+",2022-11-17,2022-10-20,"-28 day ahead inc hosp","quantile",0.9,66,"COVID-19"
"DE-HE","00+",2022-11-17,2022-10-20,"-28 day ahead inc hosp","quantile",0.9,1183,"COVID-19"
"DE-HH","00+",2022-11-17,2022-10-20,"-28 day ahead inc hosp","quantile",0.9,272,"COVID-19"
"DE-MV","00+",2022-11-17,2022-10-20,"-28 day ahead inc hosp","quantile",0.9,417,"COVID-19"
"DE-NI","00+",2022-11-17,2022-10-20,"-28 day ahead inc hosp","quantile",0.9,952,"COVID-19"
"DE-NW","00+",2022-11-17,2022-10-20,"-28 day ahead inc hosp","quantile",0.9,4003,"COVID-19"
"DE-RP","00+",2022-11-17,2022-10-20,"-28 day ahead inc hosp","quantile",0.9,843,"COVID-19"
"DE-SH","00+",2022-11-17,2022-10-20,"-28 day ahead inc hosp","quantile",0.9,604,"COVID-19"
"DE-SL","00+",2022-11-17,2022-10-20,"-28 day ahead inc hosp","quantile",0.9,403,"COVID-19"
"DE-SN","00+",2022-11-17,2022-10-20,"-28 day ahead inc hosp","quantile",0.9,1055,"COVID-19"
"DE-ST","00+",2022-11-17,2022-10-20,"-28 day ahead inc hosp","quantile",0.9,588,"COVID-19"
"DE-TH","00+",2022-11-17,2022-10-20,"-28 day ahead inc hosp","quantile",0.9,569,"COVID-19"
"DE","00-04",2022-11-17,2022-10-20,"-28 day ahead inc hosp","quantile",0.975,324,"COVID-19"
"DE","00+",2022-11-17,2022-10-20,"-28 day ahead inc hosp","quantile",0.975,17547,"COVID-19"
"DE","05-14",2022-11-17,2022-10-20,"-28 day ahead inc hosp","quantile",0.975,121,"COVID-19"
"DE","15-34",2022-11-17,2022-10-20,"-28 day ahead inc hosp","quantile",0.975,885,"COVID-19"
"DE","35-59",2022-11-17,2022-10-20,"-28 day ahead inc hosp","quantile",0.975,2296,"COVID-19"
"DE","60-79",2022-11-17,2022-10-20,"-28 day ahead inc hosp","quantile",0.975,6154,"COVID-19"
"DE","80+",2022-11-17,2022-10-20,"-28 day ahead inc hosp","quantile",0.975,7828,"COVID-19"
"DE-BB","00+",2022-11-17,2022-10-20,"-28 day ahead inc hosp","quantile",0.975,760,"COVID-19"
"DE-BE","00+",2022-11-17,2022-10-20,"-28 day ahead inc hosp","quantile",0.975,620,"COVID-19"
"DE-BW","00+",2022-11-17,2022-10-20,"-28 day ahead inc hosp","quantile",0.975,2012,"COVID-19"
"DE-BY","00+",2022-11-17,2022-10-20,"-28 day ahead inc hosp","quantile",0.975,3360,"COVID-19"
"DE-HB","00+",2022-11-17,2022-10-20,"-28 day ahead inc hosp","quantile",0.975,75,"COVID-19"
"DE-HE","00+",2022-11-17,2022-10-20,"-28 day ahead inc hosp","quantile",0.975,1211,"COVID-19"
"DE-HH","00+",2022-11-17,2022-10-20,"-28 day ahead inc hosp","quantile",0.975,282,"COVID-19"
"DE-MV","00+",2022-11-17,2022-10-20,"-28 day ahead inc hosp","quantile",0.975,422,"COVID-19"
"DE-NI","00+",2022-11-17,2022-10-20,"-28 day ahead inc hosp","quantile",0.975,988,"COVID-19"
"DE-NW","00+",2022-11-17,2022-10-20,"-28 day ahead inc hosp","quantile",0.975,4069,"COVID-19"
"DE-RP","00+",2022-11-17,2022-10-20,"-28 day ahead inc hosp","quantile",0.975,868,"COVID-19"
"DE-SH","00+",2022-11-17,2022-10-20,"-28 day ahead inc hosp","quantile",0.975,609,"COVID-19"
"DE-SL","00+",2022-11-17,2022-10-20,"-28 day ahead inc hosp","quantile",0.975,410,"COVID-19"
"DE-SN","00+",2022-11-17,2022-10-20,"-28 day ahead inc hosp","quantile",0.975,1061,"COVID-19"
"DE-ST","00+",2022-11-17,2022-10-20,"-28 day ahead inc hosp","quantile",0.975,612,"COVID-19"
"DE-TH","00+",2022-11-17,2022-10-20,"-28 day ahead inc hosp","quantile",0.975,571,"COVID-19"
"DE","00-04",2022-11-17,2022-10-21,"-27 day ahead inc hosp","mean",NA,287,"COVID-19"
"DE","00+",2022-11-17,2022-10-21,"-27 day ahead inc hosp","mean",NA,16944,"COVID-19"
"DE","05-14",2022-11-17,2022-10-21,"-27 day ahead inc hosp","mean",NA,97,"COVID-19"
"DE","15-34",2022-11-17,2022-10-21,"-27 day ahead inc hosp","mean",NA,826,"COVID-19"
"DE","35-59",2022-11-17,2022-10-21,"-27 day ahead inc hosp","mean",NA,2221,"COVID-19"
"DE","60-79",2022-11-17,2022-10-21,"-27 day ahead inc hosp","mean",NA,5975,"COVID-19"
"DE","80+",2022-11-17,2022-10-21,"-27 day ahead inc hosp","mean",NA,7504,"COVID-19"
"DE-BB","00+",2022-11-17,2022-10-21,"-27 day ahead inc hosp","mean",NA,731,"COVID-19"
"DE-BE","00+",2022-11-17,2022-10-21,"-27 day ahead inc hosp","mean",NA,578,"COVID-19"
"DE-BW","00+",2022-11-17,2022-10-21,"-27 day ahead inc hosp","mean",NA,1834,"COVID-19"
"DE-BY","00+",2022-11-17,2022-10-21,"-27 day ahead inc hosp","mean",NA,3157,"COVID-19"
"DE-HB","00+",2022-11-17,2022-10-21,"-27 day ahead inc hosp","mean",NA,62,"COVID-19"
"DE-HE","00+",2022-11-17,2022-10-21,"-27 day ahead inc hosp","mean",NA,1134,"COVID-19"
"DE-HH","00+",2022-11-17,2022-10-21,"-27 day ahead inc hosp","mean",NA,257,"COVID-19"
"DE-MV","00+",2022-11-17,2022-10-21,"-27 day ahead inc hosp","mean",NA,422,"COVID-19"
"DE-NI","00+",2022-11-17,2022-10-21,"-27 day ahead inc hosp","mean",NA,922,"COVID-19"
"DE-NW","00+",2022-11-17,2022-10-21,"-27 day ahead inc hosp","mean",NA,3913,"COVID-19"
"DE-RP","00+",2022-11-17,2022-10-21,"-27 day ahead inc hosp","mean",NA,758,"COVID-19"
"DE-SH","00+",2022-11-17,2022-10-21,"-27 day ahead inc hosp","mean",NA,585,"COVID-19"
"DE-SL","00+",2022-11-17,2022-10-21,"-27 day ahead inc hosp","mean",NA,397,"COVID-19"
"DE-SN","00+",2022-11-17,2022-10-21,"-27 day ahead inc hosp","mean",NA,1017,"COVID-19"
"DE-ST","00+",2022-11-17,2022-10-21,"-27 day ahead inc hosp","mean",NA,581,"COVID-19"
"DE-TH","00+",2022-11-17,2022-10-21,"-27 day ahead inc hosp","mean",NA,567,"COVID-19"
"DE","00-04",2022-11-17,2022-10-21,"-27 day ahead inc hosp","quantile",0.025,283,"COVID-19"
"DE","00+",2022-11-17,2022-10-21,"-27 day ahead inc hosp","quantile",0.025,16826,"COVID-19"
"DE","05-14",2022-11-17,2022-10-21,"-27 day ahead inc hosp","quantile",0.025,95,"COVID-19"
"DE","15-34",2022-11-17,2022-10-21,"-27 day ahead inc hosp","quantile",0.025,815,"COVID-19"
"DE","35-59",2022-11-17,2022-10-21,"-27 day ahead inc hosp","quantile",0.025,2200,"COVID-19"
"DE","60-79",2022-11-17,2022-10-21,"-27 day ahead inc hosp","quantile",0.025,5928,"COVID-19"
"DE","80+",2022-11-17,2022-10-21,"-27 day ahead inc hosp","quantile",0.025,7439,"COVID-19"
"DE-BB","00+",2022-11-17,2022-10-21,"-27 day ahead inc hosp","quantile",0.025,722,"COVID-19"
"DE-BE","00+",2022-11-17,2022-10-21,"-27 day ahead inc hosp","quantile",0.025,570,"COVID-19"
"DE-BW","00+",2022-11-17,2022-10-21,"-27 day ahead inc hosp","quantile",0.025,1820,"COVID-19"
"DE-BY","00+",2022-11-17,2022-10-21,"-27 day ahead inc hosp","quantile",0.025,3132,"COVID-19"
"DE-HB","00+",2022-11-17,2022-10-21,"-27 day ahead inc hosp","quantile",0.025,62,"COVID-19"
"DE-HE","00+",2022-11-17,2022-10-21,"-27 day ahead inc hosp","quantile",0.025,1125,"COVID-19"
"DE-HH","00+",2022-11-17,2022-10-21,"-27 day ahead inc hosp","quantile",0.025,249,"COVID-19"
"DE-MV","00+",2022-11-17,2022-10-21,"-27 day ahead inc hosp","quantile",0.025,420,"COVID-19"
"DE-NI","00+",2022-11-17,2022-10-21,"-27 day ahead inc hosp","quantile",0.025,903,"COVID-19"
"DE-NW","00+",2022-11-17,2022-10-21,"-27 day ahead inc hosp","quantile",0.025,3851,"COVID-19"
"DE-RP","00+",2022-11-17,2022-10-21,"-27 day ahead inc hosp","quantile",0.025,749,"COVID-19"
"DE-SH","00+",2022-11-17,2022-10-21,"-27 day ahead inc hosp","quantile",0.025,579,"COVID-19"
"DE-SL","00+",2022-11-17,2022-10-21,"-27 day ahead inc hosp","quantile",0.025,392,"COVID-19"
"DE-SN","00+",2022-11-17,2022-10-21,"-27 day ahead inc hosp","quantile",0.025,1010,"COVID-19"
"DE-ST","00+",2022-11-17,2022-10-21,"-27 day ahead inc hosp","quantile",0.025,576,"COVID-19"
"DE-TH","00+",2022-11-17,2022-10-21,"-27 day ahead inc hosp","quantile",0.025,564,"COVID-19"
"DE","00-04",2022-11-17,2022-10-21,"-27 day ahead inc hosp","quantile",0.1,284,"COVID-19"
"DE","00+",2022-11-17,2022-10-21,"-27 day ahead inc hosp","quantile",0.1,16861,"COVID-19"
"DE","05-14",2022-11-17,2022-10-21,"-27 day ahead inc hosp","quantile",0.1,95,"COVID-19"
"DE","15-34",2022-11-17,2022-10-21,"-27 day ahead inc hosp","quantile",0.1,818,"COVID-19"
"DE","35-59",2022-11-17,2022-10-21,"-27 day ahead inc hosp","quantile",0.1,2205,"COVID-19"
"DE","60-79",2022-11-17,2022-10-21,"-27 day ahead inc hosp","quantile",0.1,5940,"COVID-19"
"DE","80+",2022-11-17,2022-10-21,"-27 day ahead inc hosp","quantile",0.1,7457,"COVID-19"
"DE-BB","00+",2022-11-17,2022-10-21,"-27 day ahead inc hosp","quantile",0.1,724,"COVID-19"
"DE-BE","00+",2022-11-17,2022-10-21,"-27 day ahead inc hosp","quantile",0.1,571,"COVID-19"
"DE-BW","00+",2022-11-17,2022-10-21,"-27 day ahead inc hosp","quantile",0.1,1823,"COVID-19"
"DE-BY","00+",2022-11-17,2022-10-21,"-27 day ahead inc hosp","quantile",0.1,3139,"COVID-19"
"DE-HB","00+",2022-11-17,2022-10-21,"-27 day ahead inc hosp","quantile",0.1,62,"COVID-19"
"DE-HE","00+",2022-11-17,2022-10-21,"-27 day ahead inc hosp","quantile",0.1,1127,"COVID-19"
"DE-HH","00+",2022-11-17,2022-10-21,"-27 day ahead inc hosp","quantile",0.1,252,"COVID-19"
"DE-MV","00+",2022-11-17,2022-10-21,"-27 day ahead inc hosp","quantile",0.1,420,"COVID-19"
"DE-NI","00+",2022-11-17,2022-10-21,"-27 day ahead inc hosp","quantile",0.1,907,"COVID-19"
"DE-NW","00+",2022-11-17,2022-10-21,"-27 day ahead inc hosp","quantile",0.1,3866,"COVID-19"
"DE-RP","00+",2022-11-17,2022-10-21,"-27 day ahead inc hosp","quantile",0.1,751,"COVID-19"
"DE-SH","00+",2022-11-17,2022-10-21,"-27 day ahead inc hosp","quantile",0.1,580,"COVID-19"
"DE-SL","00+",2022-11-17,2022-10-21,"-27 day ahead inc hosp","quantile",0.1,394,"COVID-19"
"DE-SN","00+",2022-11-17,2022-10-21,"-27 day ahead inc hosp","quantile",0.1,1012,"COVID-19"
"DE-ST","00+",2022-11-17,2022-10-21,"-27 day ahead inc hosp","quantile",0.1,577,"COVID-19"
"DE-TH","00+",2022-11-17,2022-10-21,"-27 day ahead inc hosp","quantile",0.1,565,"COVID-19"
"DE","00-04",2022-11-17,2022-10-21,"-27 day ahead inc hosp","quantile",0.25,284,"COVID-19"
"DE","00+",2022-11-17,2022-10-21,"-27 day ahead inc hosp","quantile",0.25,16896,"COVID-19"
"DE","05-14",2022-11-17,2022-10-21,"-27 day ahead inc hosp","quantile",0.25,95,"COVID-19"
"DE","15-34",2022-11-17,2022-10-21,"-27 day ahead inc hosp","quantile",0.25,820,"COVID-19"
"DE","35-59",2022-11-17,2022-10-21,"-27 day ahead inc hosp","quantile",0.25,2211,"COVID-19"
"DE","60-79",2022-11-17,2022-10-21,"-27 day ahead inc hosp","quantile",0.25,5954,"COVID-19"
"DE","80+",2022-11-17,2022-10-21,"-27 day ahead inc hosp","quantile",0.25,7476,"COVID-19"
"DE-BB","00+",2022-11-17,2022-10-21,"-27 day ahead inc hosp","quantile",0.25,728,"COVID-19"
"DE-BE","00+",2022-11-17,2022-10-21,"-27 day ahead inc hosp","quantile",0.25,574,"COVID-19"
"DE-BW","00+",2022-11-17,2022-10-21,"-27 day ahead inc hosp","quantile",0.25,1827,"COVID-19"
"DE-BY","00+",2022-11-17,2022-10-21,"-27 day ahead inc hosp","quantile",0.25,3147,"COVID-19"
"DE-HB","00+",2022-11-17,2022-10-21,"-27 day ahead inc hosp","quantile",0.25,62,"COVID-19"
"DE-HE","00+",2022-11-17,2022-10-21,"-27 day ahead inc hosp","quantile",0.25,1129,"COVID-19"
"DE-HH","00+",2022-11-17,2022-10-21,"-27 day ahead inc hosp","quantile",0.25,254,"COVID-19"
"DE-MV","00+",2022-11-17,2022-10-21,"-27 day ahead inc hosp","quantile",0.25,421,"COVID-19"
"DE-NI","00+",2022-11-17,2022-10-21,"-27 day ahead inc hosp","quantile",0.25,913,"COVID-19"
"DE-NW","00+",2022-11-17,2022-10-21,"-27 day ahead inc hosp","quantile",0.25,3885,"COVID-19"
"DE-RP","00+",2022-11-17,2022-10-21,"-27 day ahead inc hosp","quantile",0.25,754,"COVID-19"
"DE-SH","00+",2022-11-17,2022-10-21,"-27 day ahead inc hosp","quantile",0.25,582,"COVID-19"
"DE-SL","00+",2022-11-17,2022-10-21,"-27 day ahead inc hosp","quantile",0.25,395,"COVID-19"
"DE-SN","00+",2022-11-17,2022-10-21,"-27 day ahead inc hosp","quantile",0.25,1014,"COVID-19"
"DE-ST","00+",2022-11-17,2022-10-21,"-27 day ahead inc hosp","quantile",0.25,579,"COVID-19"
"DE-TH","00+",2022-11-17,2022-10-21,"-27 day ahead inc hosp","quantile",0.25,566,"COVID-19"
"DE","00-04",2022-11-17,2022-10-21,"-27 day ahead inc hosp","quantile",0.5,287,"COVID-19"
"DE","00+",2022-11-17,2022-10-21,"-27 day ahead inc hosp","quantile",0.5,16942,"COVID-19"
"DE","05-14",2022-11-17,2022-10-21,"-27 day ahead inc hosp","quantile",0.5,96,"COVID-19"
"DE","15-34",2022-11-17,2022-10-21,"-27 day ahead inc hosp","quantile",0.5,825,"COVID-19"
"DE","35-59",2022-11-17,2022-10-21,"-27 day ahead inc hosp","quantile",0.5,2220,"COVID-19"
"DE","60-79",2022-11-17,2022-10-21,"-27 day ahead inc hosp","quantile",0.5,5972,"COVID-19"
"DE","80+",2022-11-17,2022-10-21,"-27 day ahead inc hosp","quantile",0.5,7501,"COVID-19"
"DE-BB","00+",2022-11-17,2022-10-21,"-27 day ahead inc hosp","quantile",0.5,732,"COVID-19"
"DE-BE","00+",2022-11-17,2022-10-21,"-27 day ahead inc hosp","quantile",0.5,578,"COVID-19"
"DE-BW","00+",2022-11-17,2022-10-21,"-27 day ahead inc hosp","quantile",0.5,1833,"COVID-19"
"DE-BY","00+",2022-11-17,2022-10-21,"-27 day ahead inc hosp","quantile",0.5,3157,"COVID-19"
"DE-HB","00+",2022-11-17,2022-10-21,"-27 day ahead inc hosp","quantile",0.5,62,"COVID-19"
"DE-HE","00+",2022-11-17,2022-10-21,"-27 day ahead inc hosp","quantile",0.5,1134,"COVID-19"
"DE-HH","00+",2022-11-17,2022-10-21,"-27 day ahead inc hosp","quantile",0.5,256,"COVID-19"
"DE-MV","00+",2022-11-17,2022-10-21,"-27 day ahead inc hosp","quantile",0.5,422,"COVID-19"
"DE-NI","00+",2022-11-17,2022-10-21,"-27 day ahead inc hosp","quantile",0.5,922,"COVID-19"
"DE-NW","00+",2022-11-17,2022-10-21,"-27 day ahead inc hosp","quantile",0.5,3911,"COVID-19"
"DE-RP","00+",2022-11-17,2022-10-21,"-27 day ahead inc hosp","quantile",0.5,758,"COVID-19"
"DE-SH","00+",2022-11-17,2022-10-21,"-27 day ahead inc hosp","quantile",0.5,585,"COVID-19"
"DE-SL","00+",2022-11-17,2022-10-21,"-27 day ahead inc hosp","quantile",0.5,397,"COVID-19"
"DE-SN","00+",2022-11-17,2022-10-21,"-27 day ahead inc hosp","quantile",0.5,1016,"COVID-19"
"DE-ST","00+",2022-11-17,2022-10-21,"-27 day ahead inc hosp","quantile",0.5,582,"COVID-19"
"DE-TH","00+",2022-11-17,2022-10-21,"-27 day ahead inc hosp","quantile",0.5,567,"COVID-19"
"DE","00-04",2022-11-17,2022-10-21,"-27 day ahead inc hosp","quantile",0.75,290,"COVID-19"
"DE","00+",2022-11-17,2022-10-21,"-27 day ahead inc hosp","quantile",0.75,17006,"COVID-19"
"DE","05-14",2022-11-17,2022-10-21,"-27 day ahead inc hosp","quantile",0.75,100,"COVID-19"
"DE","15-34",2022-11-17,2022-10-21,"-27 day ahead inc hosp","quantile",0.75,832,"COVID-19"
"DE","35-59",2022-11-17,2022-10-21,"-27 day ahead inc hosp","quantile",0.75,2231,"COVID-19"
"DE","60-79",2022-11-17,2022-10-21,"-27 day ahead inc hosp","quantile",0.75,5994,"COVID-19"
"DE","80+",2022-11-17,2022-10-21,"-27 day ahead inc hosp","quantile",0.75,7530,"COVID-19"
"DE-BB","00+",2022-11-17,2022-10-21,"-27 day ahead inc hosp","quantile",0.75,737,"COVID-19"
"DE-BE","00+",2022-11-17,2022-10-21,"-27 day ahead inc hosp","quantile",0.75,585,"COVID-19"
"DE-BW","00+",2022-11-17,2022-10-21,"-27 day ahead inc hosp","quantile",0.75,1844,"COVID-19"
"DE-BY","00+",2022-11-17,2022-10-21,"-27 day ahead inc hosp","quantile",0.75,3173,"COVID-19"
"DE-HB","00+",2022-11-17,2022-10-21,"-27 day ahead inc hosp","quantile",0.75,62,"COVID-19"
"DE-HE","00+",2022-11-17,2022-10-21,"-27 day ahead inc hosp","quantile",0.75,1141,"COVID-19"
"DE-HH","00+",2022-11-17,2022-10-21,"-27 day ahead inc hosp","quantile",0.75,260,"COVID-19"
"DE-MV","00+",2022-11-17,2022-10-21,"-27 day ahead inc hosp","quantile",0.75,425,"COVID-19"
"DE-NI","00+",2022-11-17,2022-10-21,"-27 day ahead inc hosp","quantile",0.75,937,"COVID-19"
"DE-NW","00+",2022-11-17,2022-10-21,"-27 day ahead inc hosp","quantile",0.75,3953,"COVID-19"
"DE-RP","00+",2022-11-17,2022-10-21,"-27 day ahead inc hosp","quantile",0.75,763,"COVID-19"
"DE-SH","00+",2022-11-17,2022-10-21,"-27 day ahead inc hosp","quantile",0.75,589,"COVID-19"
"DE-SL","00+",2022-11-17,2022-10-21,"-27 day ahead inc hosp","quantile",0.75,400,"COVID-19"
"DE-SN","00+",2022-11-17,2022-10-21,"-27 day ahead inc hosp","quantile",0.75,1020,"COVID-19"
"DE-ST","00+",2022-11-17,2022-10-21,"-27 day ahead inc hosp","quantile",0.75,586,"COVID-19"
"DE-TH","00+",2022-11-17,2022-10-21,"-27 day ahead inc hosp","quantile",0.75,569,"COVID-19"
"DE","00-04",2022-11-17,2022-10-21,"-27 day ahead inc hosp","quantile",0.9,296,"COVID-19"
"DE","00+",2022-11-17,2022-10-21,"-27 day ahead inc hosp","quantile",0.9,17069,"COVID-19"
"DE","05-14",2022-11-17,2022-10-21,"-27 day ahead inc hosp","quantile",0.9,108,"COVID-19"
"DE","15-34",2022-11-17,2022-10-21,"-27 day ahead inc hosp","quantile",0.9,840,"COVID-19"
"DE","35-59",2022-11-17,2022-10-21,"-27 day ahead inc hosp","quantile",0.9,2243,"COVID-19"
"DE","60-79",2022-11-17,2022-10-21,"-27 day ahead inc hosp","quantile",0.9,6014,"COVID-19"
"DE","80+",2022-11-17,2022-10-21,"-27 day ahead inc hosp","quantile",0.9,7559,"COVID-19"
"DE-BB","00+",2022-11-17,2022-10-21,"-27 day ahead inc hosp","quantile",0.9,744,"COVID-19"
"DE-BE","00+",2022-11-17,2022-10-21,"-27 day ahead inc hosp","quantile",0.9,595,"COVID-19"
"DE-BW","00+",2022-11-17,2022-10-21,"-27 day ahead inc hosp","quantile",0.9,1853,"COVID-19"
"DE-BY","00+",2022-11-17,2022-10-21,"-27 day ahead inc hosp","quantile",0.9,3190,"COVID-19"
"DE-HB","00+",2022-11-17,2022-10-21,"-27 day ahead inc hosp","quantile",0.9,64,"COVID-19"
"DE-HE","00+",2022-11-17,2022-10-21,"-27 day ahead inc hosp","quantile",0.9,1151,"COVID-19"
"DE-HH","00+",2022-11-17,2022-10-21,"-27 day ahead inc hosp","quantile",0.9,264,"COVID-19"
"DE-MV","00+",2022-11-17,2022-10-21,"-27 day ahead inc hosp","quantile",0.9,428,"COVID-19"
"DE-NI","00+",2022-11-17,2022-10-21,"-27 day ahead inc hosp","quantile",0.9,957,"COVID-19"
"DE-NW","00+",2022-11-17,2022-10-21,"-27 day ahead inc hosp","quantile",0.9,3999,"COVID-19"
"DE-RP","00+",2022-11-17,2022-10-21,"-27 day ahead inc hosp","quantile",0.9,776,"COVID-19"
"DE-SH","00+",2022-11-17,2022-10-21,"-27 day ahead inc hosp","quantile",0.9,592,"COVID-19"
"DE-SL","00+",2022-11-17,2022-10-21,"-27 day ahead inc hosp","quantile",0.9,404,"COVID-19"
"DE-SN","00+",2022-11-17,2022-10-21,"-27 day ahead inc hosp","quantile",0.9,1024,"COVID-19"
"DE-ST","00+",2022-11-17,2022-10-21,"-27 day ahead inc hosp","quantile",0.9,594,"COVID-19"
"DE-TH","00+",2022-11-17,2022-10-21,"-27 day ahead inc hosp","quantile",0.9,571,"COVID-19"
"DE","00-04",2022-11-17,2022-10-21,"-27 day ahead inc hosp","quantile",0.975,314,"COVID-19"
"DE","00+",2022-11-17,2022-10-21,"-27 day ahead inc hosp","quantile",0.975,17168,"COVID-19"
"DE","05-14",2022-11-17,2022-10-21,"-27 day ahead inc hosp","quantile",0.975,122,"COVID-19"
"DE","15-34",2022-11-17,2022-10-21,"-27 day ahead inc hosp","quantile",0.975,854,"COVID-19"
"DE","35-59",2022-11-17,2022-10-21,"-27 day ahead inc hosp","quantile",0.975,2260,"COVID-19"
"DE","60-79",2022-11-17,2022-10-21,"-27 day ahead inc hosp","quantile",0.975,6038,"COVID-19"
"DE","80+",2022-11-17,2022-10-21,"-27 day ahead inc hosp","quantile",0.975,7594,"COVID-19"
"DE-BB","00+",2022-11-17,2022-10-21,"-27 day ahead inc hosp","quantile",0.975,756,"COVID-19"
"DE-BE","00+",2022-11-17,2022-10-21,"-27 day ahead inc hosp","quantile",0.975,621,"COVID-19"
"DE-BW","00+",2022-11-17,2022-10-21,"-27 day ahead inc hosp","quantile",0.975,1893,"COVID-19"
"DE-BY","00+",2022-11-17,2022-10-21,"-27 day ahead inc hosp","quantile",0.975,3216,"COVID-19"
"DE-HB","00+",2022-11-17,2022-10-21,"-27 day ahead inc hosp","quantile",0.975,71,"COVID-19"
"DE-HE","00+",2022-11-17,2022-10-21,"-27 day ahead inc hosp","quantile",0.975,1175,"COVID-19"
"DE-HH","00+",2022-11-17,2022-10-21,"-27 day ahead inc hosp","quantile",0.975,275,"COVID-19"
"DE-MV","00+",2022-11-17,2022-10-21,"-27 day ahead inc hosp","quantile",0.975,434,"COVID-19"
"DE-NI","00+",2022-11-17,2022-10-21,"-27 day ahead inc hosp","quantile",0.975,995,"COVID-19"
"DE-NW","00+",2022-11-17,2022-10-21,"-27 day ahead inc hosp","quantile",0.975,4067,"COVID-19"
"DE-RP","00+",2022-11-17,2022-10-21,"-27 day ahead inc hosp","quantile",0.975,798,"COVID-19"
"DE-SH","00+",2022-11-17,2022-10-21,"-27 day ahead inc hosp","quantile",0.975,597,"COVID-19"
"DE-SL","00+",2022-11-17,2022-10-21,"-27 day ahead inc hosp","quantile",0.975,412,"COVID-19"
"DE-SN","00+",2022-11-17,2022-10-21,"-27 day ahead inc hosp","quantile",0.975,1030,"COVID-19"
"DE-ST","00+",2022-11-17,2022-10-21,"-27 day ahead inc hosp","quantile",0.975,619,"COVID-19"
"DE-TH","00+",2022-11-17,2022-10-21,"-27 day ahead inc hosp","quantile",0.975,573,"COVID-19"
"DE","00-04",2022-11-17,2022-10-22,"-26 day ahead inc hosp","mean",NA,272,"COVID-19"
"DE","00+",2022-11-17,2022-10-22,"-26 day ahead inc hosp","mean",NA,16459,"COVID-19"
"DE","05-14",2022-11-17,2022-10-22,"-26 day ahead inc hosp","mean",NA,98,"COVID-19"
"DE","15-34",2022-11-17,2022-10-22,"-26 day ahead inc hosp","mean",NA,833,"COVID-19"
"DE","35-59",2022-11-17,2022-10-22,"-26 day ahead inc hosp","mean",NA,2139,"COVID-19"
"DE","60-79",2022-11-17,2022-10-22,"-26 day ahead inc hosp","mean",NA,5811,"COVID-19"
"DE","80+",2022-11-17,2022-10-22,"-26 day ahead inc hosp","mean",NA,7268,"COVID-19"
"DE-BB","00+",2022-11-17,2022-10-22,"-26 day ahead inc hosp","mean",NA,717,"COVID-19"
"DE-BE","00+",2022-11-17,2022-10-22,"-26 day ahead inc hosp","mean",NA,565,"COVID-19"
"DE-BW","00+",2022-11-17,2022-10-22,"-26 day ahead inc hosp","mean",NA,1714,"COVID-19"
"DE-BY","00+",2022-11-17,2022-10-22,"-26 day ahead inc hosp","mean",NA,3047,"COVID-19"
"DE-HB","00+",2022-11-17,2022-10-22,"-26 day ahead inc hosp","mean",NA,57,"COVID-19"
"DE-HE","00+",2022-11-17,2022-10-22,"-26 day ahead inc hosp","mean",NA,1119,"COVID-19"
"DE-HH","00+",2022-11-17,2022-10-22,"-26 day ahead inc hosp","mean",NA,247,"COVID-19"
"DE-MV","00+",2022-11-17,2022-10-22,"-26 day ahead inc hosp","mean",NA,412,"COVID-19"
"DE-NI","00+",2022-11-17,2022-10-22,"-26 day ahead inc hosp","mean",NA,912,"COVID-19"
"DE-NW","00+",2022-11-17,2022-10-22,"-26 day ahead inc hosp","mean",NA,3792,"COVID-19"
"DE-RP","00+",2022-11-17,2022-10-22,"-26 day ahead inc hosp","mean",NA,736,"COVID-19"
"DE-SH","00+",2022-11-17,2022-10-22,"-26 day ahead inc hosp","mean",NA,578,"COVID-19"
"DE-SL","00+",2022-11-17,2022-10-22,"-26 day ahead inc hosp","mean",NA,396,"COVID-19"
"DE-SN","00+",2022-11-17,2022-10-22,"-26 day ahead inc hosp","mean",NA,989,"COVID-19"
"DE-ST","00+",2022-11-17,2022-10-22,"-26 day ahead inc hosp","mean",NA,582,"COVID-19"
"DE-TH","00+",2022-11-17,2022-10-22,"-26 day ahead inc hosp","mean",NA,559,"COVID-19"
"DE","00-04",2022-11-17,2022-10-22,"-26 day ahead inc hosp","quantile",0.025,268,"COVID-19"
"DE","00+",2022-11-17,2022-10-22,"-26 day ahead inc hosp","quantile",0.025,16336,"COVID-19"
"DE","05-14",2022-11-17,2022-10-22,"-26 day ahead inc hosp","quantile",0.025,96,"COVID-19"
"DE","15-34",2022-11-17,2022-10-22,"-26 day ahead inc hosp","quantile",0.025,821,"COVID-19"
"DE","35-59",2022-11-17,2022-10-22,"-26 day ahead inc hosp","quantile",0.025,2118,"COVID-19"
"DE","60-79",2022-11-17,2022-10-22,"-26 day ahead inc hosp","quantile",0.025,5764,"COVID-19"
"DE","80+",2022-11-17,2022-10-22,"-26 day ahead inc hosp","quantile",0.025,7200,"COVID-19"
"DE-BB","00+",2022-11-17,2022-10-22,"-26 day ahead inc hosp","quantile",0.025,706,"COVID-19"
"DE-BE","00+",2022-11-17,2022-10-22,"-26 day ahead inc hosp","quantile",0.025,555,"COVID-19"
"DE-BW","00+",2022-11-17,2022-10-22,"-26 day ahead inc hosp","quantile",0.025,1699,"COVID-19"
"DE-BY","00+",2022-11-17,2022-10-22,"-26 day ahead inc hosp","quantile",0.025,3021,"COVID-19"
"DE-HB","00+",2022-11-17,2022-10-22,"-26 day ahead inc hosp","quantile",0.025,57,"COVID-19"
"DE-HE","00+",2022-11-17,2022-10-22,"-26 day ahead inc hosp","quantile",0.025,1110,"COVID-19"
"DE-HH","00+",2022-11-17,2022-10-22,"-26 day ahead inc hosp","quantile",0.025,239,"COVID-19"
"DE-MV","00+",2022-11-17,2022-10-22,"-26 day ahead inc hosp","quantile",0.025,409,"COVID-19"
"DE-NI","00+",2022-11-17,2022-10-22,"-26 day ahead inc hosp","quantile",0.025,891,"COVID-19"
"DE-NW","00+",2022-11-17,2022-10-22,"-26 day ahead inc hosp","quantile",0.025,3730,"COVID-19"
"DE-RP","00+",2022-11-17,2022-10-22,"-26 day ahead inc hosp","quantile",0.025,727,"COVID-19"
"DE-SH","00+",2022-11-17,2022-10-22,"-26 day ahead inc hosp","quantile",0.025,571,"COVID-19"
"DE-SL","00+",2022-11-17,2022-10-22,"-26 day ahead inc hosp","quantile",0.025,390,"COVID-19"
"DE-SN","00+",2022-11-17,2022-10-22,"-26 day ahead inc hosp","quantile",0.025,981,"COVID-19"
"DE-ST","00+",2022-11-17,2022-10-22,"-26 day ahead inc hosp","quantile",0.025,576,"COVID-19"
"DE-TH","00+",2022-11-17,2022-10-22,"-26 day ahead inc hosp","quantile",0.025,555,"COVID-19"
"DE","00-04",2022-11-17,2022-10-22,"-26 day ahead inc hosp","quantile",0.1,269,"COVID-19"
"DE","00+",2022-11-17,2022-10-22,"-26 day ahead inc hosp","quantile",0.1,16371,"COVID-19"
"DE","05-14",2022-11-17,2022-10-22,"-26 day ahead inc hosp","quantile",0.1,96,"COVID-19"
"DE","15-34",2022-11-17,2022-10-22,"-26 day ahead inc hosp","quantile",0.1,824,"COVID-19"
"DE","35-59",2022-11-17,2022-10-22,"-26 day ahead inc hosp","quantile",0.1,2124,"COVID-19"
"DE","60-79",2022-11-17,2022-10-22,"-26 day ahead inc hosp","quantile",0.1,5777,"COVID-19"
"DE","80+",2022-11-17,2022-10-22,"-26 day ahead inc hosp","quantile",0.1,7218,"COVID-19"
"DE-BB","00+",2022-11-17,2022-10-22,"-26 day ahead inc hosp","quantile",0.1,710,"COVID-19"
"DE-BE","00+",2022-11-17,2022-10-22,"-26 day ahead inc hosp","quantile",0.1,557,"COVID-19"
"DE-BW","00+",2022-11-17,2022-10-22,"-26 day ahead inc hosp","quantile",0.1,1703,"COVID-19"
"DE-BY","00+",2022-11-17,2022-10-22,"-26 day ahead inc hosp","quantile",0.1,3029,"COVID-19"
"DE-HB","00+",2022-11-17,2022-10-22,"-26 day ahead inc hosp","quantile",0.1,57,"COVID-19"
"DE-HE","00+",2022-11-17,2022-10-22,"-26 day ahead inc hosp","quantile",0.1,1112,"COVID-19"
"DE-HH","00+",2022-11-17,2022-10-22,"-26 day ahead inc hosp","quantile",0.1,241,"COVID-19"
"DE-MV","00+",2022-11-17,2022-10-22,"-26 day ahead inc hosp","quantile",0.1,409,"COVID-19"
"DE-NI","00+",2022-11-17,2022-10-22,"-26 day ahead inc hosp","quantile",0.1,896,"COVID-19"
"DE-NW","00+",2022-11-17,2022-10-22,"-26 day ahead inc hosp","quantile",0.1,3746,"COVID-19"
"DE-RP","00+",2022-11-17,2022-10-22,"-26 day ahead inc hosp","quantile",0.1,729,"COVID-19"
"DE-SH","00+",2022-11-17,2022-10-22,"-26 day ahead inc hosp","quantile",0.1,572,"COVID-19"
"DE-SL","00+",2022-11-17,2022-10-22,"-26 day ahead inc hosp","quantile",0.1,392,"COVID-19"
"DE-SN","00+",2022-11-17,2022-10-22,"-26 day ahead inc hosp","quantile",0.1,983,"COVID-19"
"DE-ST","00+",2022-11-17,2022-10-22,"-26 day ahead inc hosp","quantile",0.1,577,"COVID-19"
"DE-TH","00+",2022-11-17,2022-10-22,"-26 day ahead inc hosp","quantile",0.1,556,"COVID-19"
"DE","00-04",2022-11-17,2022-10-22,"-26 day ahead inc hosp","quantile",0.25,270,"COVID-19"
"DE","00+",2022-11-17,2022-10-22,"-26 day ahead inc hosp","quantile",0.25,16410,"COVID-19"
"DE","05-14",2022-11-17,2022-10-22,"-26 day ahead inc hosp","quantile",0.25,96,"COVID-19"
"DE","15-34",2022-11-17,2022-10-22,"-26 day ahead inc hosp","quantile",0.25,827,"COVID-19"
"DE","35-59",2022-11-17,2022-10-22,"-26 day ahead inc hosp","quantile",0.25,2129,"COVID-19"
"DE","60-79",2022-11-17,2022-10-22,"-26 day ahead inc hosp","quantile",0.25,5791,"COVID-19"
"DE","80+",2022-11-17,2022-10-22,"-26 day ahead inc hosp","quantile",0.25,7238,"COVID-19"
"DE-BB","00+",2022-11-17,2022-10-22,"-26 day ahead inc hosp","quantile",0.25,713,"COVID-19"
"DE-BE","00+",2022-11-17,2022-10-22,"-26 day ahead inc hosp","quantile",0.25,560,"COVID-19"
"DE-BW","00+",2022-11-17,2022-10-22,"-26 day ahead inc hosp","quantile",0.25,1707,"COVID-19"
"DE-BY","00+",2022-11-17,2022-10-22,"-26 day ahead inc hosp","quantile",0.25,3037,"COVID-19"
"DE-HB","00+",2022-11-17,2022-10-22,"-26 day ahead inc hosp","quantile",0.25,57,"COVID-19"
"DE-HE","00+",2022-11-17,2022-10-22,"-26 day ahead inc hosp","quantile",0.25,1115,"COVID-19"
"DE-HH","00+",2022-11-17,2022-10-22,"-26 day ahead inc hosp","quantile",0.25,243,"COVID-19"
"DE-MV","00+",2022-11-17,2022-10-22,"-26 day ahead inc hosp","quantile",0.25,410,"COVID-19"
"DE-NI","00+",2022-11-17,2022-10-22,"-26 day ahead inc hosp","quantile",0.25,902,"COVID-19"
"DE-NW","00+",2022-11-17,2022-10-22,"-26 day ahead inc hosp","quantile",0.25,3765,"COVID-19"
"DE-RP","00+",2022-11-17,2022-10-22,"-26 day ahead inc hosp","quantile",0.25,732,"COVID-19"
"DE-SH","00+",2022-11-17,2022-10-22,"-26 day ahead inc hosp","quantile",0.25,575,"COVID-19"
"DE-SL","00+",2022-11-17,2022-10-22,"-26 day ahead inc hosp","quantile",0.25,393,"COVID-19"
"DE-SN","00+",2022-11-17,2022-10-22,"-26 day ahead inc hosp","quantile",0.25,986,"COVID-19"
"DE-ST","00+",2022-11-17,2022-10-22,"-26 day ahead inc hosp","quantile",0.25,580,"COVID-19"
"DE-TH","00+",2022-11-17,2022-10-22,"-26 day ahead inc hosp","quantile",0.25,557,"COVID-19"
"DE","00-04",2022-11-17,2022-10-22,"-26 day ahead inc hosp","quantile",0.5,271,"COVID-19"
"DE","00+",2022-11-17,2022-10-22,"-26 day ahead inc hosp","quantile",0.5,16457,"COVID-19"
"DE","05-14",2022-11-17,2022-10-22,"-26 day ahead inc hosp","quantile",0.5,98,"COVID-19"
"DE","15-34",2022-11-17,2022-10-22,"-26 day ahead inc hosp","quantile",0.5,832,"COVID-19"
"DE","35-59",2022-11-17,2022-10-22,"-26 day ahead inc hosp","quantile",0.5,2138,"COVID-19"
"DE","60-79",2022-11-17,2022-10-22,"-26 day ahead inc hosp","quantile",0.5,5809,"COVID-19"
"DE","80+",2022-11-17,2022-10-22,"-26 day ahead inc hosp","quantile",0.5,7265,"COVID-19"
"DE-BB","00+",2022-11-17,2022-10-22,"-26 day ahead inc hosp","quantile",0.5,717,"COVID-19"
"DE-BE","00+",2022-11-17,2022-10-22,"-26 day ahead inc hosp","quantile",0.5,564,"COVID-19"
"DE-BW","00+",2022-11-17,2022-10-22,"-26 day ahead inc hosp","quantile",0.5,1713,"COVID-19"
"DE-BY","00+",2022-11-17,2022-10-22,"-26 day ahead inc hosp","quantile",0.5,3047,"COVID-19"
"DE-HB","00+",2022-11-17,2022-10-22,"-26 day ahead inc hosp","quantile",0.5,57,"COVID-19"
"DE-HE","00+",2022-11-17,2022-10-22,"-26 day ahead inc hosp","quantile",0.5,1119,"COVID-19"
"DE-HH","00+",2022-11-17,2022-10-22,"-26 day ahead inc hosp","quantile",0.5,246,"COVID-19"
"DE-MV","00+",2022-11-17,2022-10-22,"-26 day ahead inc hosp","quantile",0.5,411,"COVID-19"
"DE-NI","00+",2022-11-17,2022-10-22,"-26 day ahead inc hosp","quantile",0.5,911,"COVID-19"
"DE-NW","00+",2022-11-17,2022-10-22,"-26 day ahead inc hosp","quantile",0.5,3791,"COVID-19"
"DE-RP","00+",2022-11-17,2022-10-22,"-26 day ahead inc hosp","quantile",0.5,736,"COVID-19"
"DE-SH","00+",2022-11-17,2022-10-22,"-26 day ahead inc hosp","quantile",0.5,578,"COVID-19"
"DE-SL","00+",2022-11-17,2022-10-22,"-26 day ahead inc hosp","quantile",0.5,396,"COVID-19"
"DE-SN","00+",2022-11-17,2022-10-22,"-26 day ahead inc hosp","quantile",0.5,988,"COVID-19"
"DE-ST","00+",2022-11-17,2022-10-22,"-26 day ahead inc hosp","quantile",0.5,582,"COVID-19"
"DE-TH","00+",2022-11-17,2022-10-22,"-26 day ahead inc hosp","quantile",0.5,558,"COVID-19"
"DE","00-04",2022-11-17,2022-10-22,"-26 day ahead inc hosp","quantile",0.75,275,"COVID-19"
"DE","00+",2022-11-17,2022-10-22,"-26 day ahead inc hosp","quantile",0.75,16522,"COVID-19"
"DE","05-14",2022-11-17,2022-10-22,"-26 day ahead inc hosp","quantile",0.75,101,"COVID-19"
"DE","15-34",2022-11-17,2022-10-22,"-26 day ahead inc hosp","quantile",0.75,839,"COVID-19"
"DE","35-59",2022-11-17,2022-10-22,"-26 day ahead inc hosp","quantile",0.75,2149,"COVID-19"
"DE","60-79",2022-11-17,2022-10-22,"-26 day ahead inc hosp","quantile",0.75,5830,"COVID-19"
"DE","80+",2022-11-17,2022-10-22,"-26 day ahead inc hosp","quantile",0.75,7295,"COVID-19"
"DE-BB","00+",2022-11-17,2022-10-22,"-26 day ahead inc hosp","quantile",0.75,723,"COVID-19"
"DE-BE","00+",2022-11-17,2022-10-22,"-26 day ahead inc hosp","quantile",0.75,572,"COVID-19"
"DE-BW","00+",2022-11-17,2022-10-22,"-26 day ahead inc hosp","quantile",0.75,1725,"COVID-19"
"DE-BY","00+",2022-11-17,2022-10-22,"-26 day ahead inc hosp","quantile",0.75,3059,"COVID-19"
"DE-HB","00+",2022-11-17,2022-10-22,"-26 day ahead inc hosp","quantile",0.75,57,"COVID-19"
"DE-HE","00+",2022-11-17,2022-10-22,"-26 day ahead inc hosp","quantile",0.75,1127,"COVID-19"
"DE-HH","00+",2022-11-17,2022-10-22,"-26 day ahead inc hosp","quantile",0.75,250,"COVID-19"
"DE-MV","00+",2022-11-17,2022-10-22,"-26 day ahead inc hosp","quantile",0.75,414,"COVID-19"
"DE-NI","00+",2022-11-17,2022-10-22,"-26 day ahead inc hosp","quantile",0.75,927,"COVID-19"
"DE-NW","00+",2022-11-17,2022-10-22,"-26 day ahead inc hosp","quantile",0.75,3832,"COVID-19"
"DE-RP","00+",2022-11-17,2022-10-22,"-26 day ahead inc hosp","quantile",0.75,741,"COVID-19"
"DE-SH","00+",2022-11-17,2022-10-22,"-26 day ahead inc hosp","quantile",0.75,581,"COVID-19"
"DE-SL","00+",2022-11-17,2022-10-22,"-26 day ahead inc hosp","quantile",0.75,399,"COVID-19"
"DE-SN","00+",2022-11-17,2022-10-22,"-26 day ahead inc hosp","quantile",0.75,992,"COVID-19"
"DE-ST","00+",2022-11-17,2022-10-22,"-26 day ahead inc hosp","quantile",0.75,587,"COVID-19"
"DE-TH","00+",2022-11-17,2022-10-22,"-26 day ahead inc hosp","quantile",0.75,560,"COVID-19"
"DE","00-04",2022-11-17,2022-10-22,"-26 day ahead inc hosp","quantile",0.9,281,"COVID-19"
"DE","00+",2022-11-17,2022-10-22,"-26 day ahead inc hosp","quantile",0.9,16586,"COVID-19"
"DE","05-14",2022-11-17,2022-10-22,"-26 day ahead inc hosp","quantile",0.9,109,"COVID-19"
"DE","15-34",2022-11-17,2022-10-22,"-26 day ahead inc hosp","quantile",0.9,847,"COVID-19"
"DE","35-59",2022-11-17,2022-10-22,"-26 day ahead inc hosp","quantile",0.9,2162,"COVID-19"
"DE","60-79",2022-11-17,2022-10-22,"-26 day ahead inc hosp","quantile",0.9,5851,"COVID-19"
"DE","80+",2022-11-17,2022-10-22,"-26 day ahead inc hosp","quantile",0.9,7326,"COVID-19"
"DE-BB","00+",2022-11-17,2022-10-22,"-26 day ahead inc hosp","quantile",0.9,730,"COVID-19"
"DE-BE","00+",2022-11-17,2022-10-22,"-26 day ahead inc hosp","quantile",0.9,582,"COVID-19"
"DE-BW","00+",2022-11-17,2022-10-22,"-26 day ahead inc hosp","quantile",0.9,1734,"COVID-19"
"DE-BY","00+",2022-11-17,2022-10-22,"-26 day ahead inc hosp","quantile",0.9,3080,"COVID-19"
"DE-HB","00+",2022-11-17,2022-10-22,"-26 day ahead inc hosp","quantile",0.9,59,"COVID-19"
"DE-HE","00+",2022-11-17,2022-10-22,"-26 day ahead inc hosp","quantile",0.9,1137,"COVID-19"
"DE-HH","00+",2022-11-17,2022-10-22,"-26 day ahead inc hosp","quantile",0.9,254,"COVID-19"
"DE-MV","00+",2022-11-17,2022-10-22,"-26 day ahead inc hosp","quantile",0.9,417,"COVID-19"
"DE-NI","00+",2022-11-17,2022-10-22,"-26 day ahead inc hosp","quantile",0.9,947,"COVID-19"
"DE-NW","00+",2022-11-17,2022-10-22,"-26 day ahead inc hosp","quantile",0.9,3878,"COVID-19"
"DE-RP","00+",2022-11-17,2022-10-22,"-26 day ahead inc hosp","quantile",0.9,748,"COVID-19"
"DE-SH","00+",2022-11-17,2022-10-22,"-26 day ahead inc hosp","quantile",0.9,585,"COVID-19"
"DE-SL","00+",2022-11-17,2022-10-22,"-26 day ahead inc hosp","quantile",0.9,403,"COVID-19"
"DE-SN","00+",2022-11-17,2022-10-22,"-26 day ahead inc hosp","quantile",0.9,996,"COVID-19"
"DE-ST","00+",2022-11-17,2022-10-22,"-26 day ahead inc hosp","quantile",0.9,596,"COVID-19"
"DE-TH","00+",2022-11-17,2022-10-22,"-26 day ahead inc hosp","quantile",0.9,562,"COVID-19"
"DE","00-04",2022-11-17,2022-10-22,"-26 day ahead inc hosp","quantile",0.975,298,"COVID-19"
"DE","00+",2022-11-17,2022-10-22,"-26 day ahead inc hosp","quantile",0.975,16688,"COVID-19"
"DE","05-14",2022-11-17,2022-10-22,"-26 day ahead inc hosp","quantile",0.975,124,"COVID-19"
"DE","15-34",2022-11-17,2022-10-22,"-26 day ahead inc hosp","quantile",0.975,863,"COVID-19"
"DE","35-59",2022-11-17,2022-10-22,"-26 day ahead inc hosp","quantile",0.975,2179,"COVID-19"
"DE","60-79",2022-11-17,2022-10-22,"-26 day ahead inc hosp","quantile",0.975,5874,"COVID-19"
"DE","80+",2022-11-17,2022-10-22,"-26 day ahead inc hosp","quantile",0.975,7363,"COVID-19"
"DE-BB","00+",2022-11-17,2022-10-22,"-26 day ahead inc hosp","quantile",0.975,742,"COVID-19"
"DE-BE","00+",2022-11-17,2022-10-22,"-26 day ahead inc hosp","quantile",0.975,608,"COVID-19"
"DE-BW","00+",2022-11-17,2022-10-22,"-26 day ahead inc hosp","quantile",0.975,1769,"COVID-19"
"DE-BY","00+",2022-11-17,2022-10-22,"-26 day ahead inc hosp","quantile",0.975,3104,"COVID-19"
"DE-HB","00+",2022-11-17,2022-10-22,"-26 day ahead inc hosp","quantile",0.975,65,"COVID-19"
"DE-HE","00+",2022-11-17,2022-10-22,"-26 day ahead inc hosp","quantile",0.975,1161,"COVID-19"
"DE-HH","00+",2022-11-17,2022-10-22,"-26 day ahead inc hosp","quantile",0.975,264,"COVID-19"
"DE-MV","00+",2022-11-17,2022-10-22,"-26 day ahead inc hosp","quantile",0.975,422,"COVID-19"
"DE-NI","00+",2022-11-17,2022-10-22,"-26 day ahead inc hosp","quantile",0.975,984,"COVID-19"
"DE-NW","00+",2022-11-17,2022-10-22,"-26 day ahead inc hosp","quantile",0.975,3945,"COVID-19"
"DE-RP","00+",2022-11-17,2022-10-22,"-26 day ahead inc hosp","quantile",0.975,776,"COVID-19"
"DE-SH","00+",2022-11-17,2022-10-22,"-26 day ahead inc hosp","quantile",0.975,590,"COVID-19"
"DE-SL","00+",2022-11-17,2022-10-22,"-26 day ahead inc hosp","quantile",0.975,411,"COVID-19"
"DE-SN","00+",2022-11-17,2022-10-22,"-26 day ahead inc hosp","quantile",0.975,1002,"COVID-19"
"DE-ST","00+",2022-11-17,2022-10-22,"-26 day ahead inc hosp","quantile",0.975,620,"COVID-19"
"DE-TH","00+",2022-11-17,2022-10-22,"-26 day ahead inc hosp","quantile",0.975,564,"COVID-19"
"DE","00-04",2022-11-17,2022-10-23,"-25 day ahead inc hosp","mean",NA,275,"COVID-19"
"DE","00+",2022-11-17,2022-10-23,"-25 day ahead inc hosp","mean",NA,16289,"COVID-19"
"DE","05-14",2022-11-17,2022-10-23,"-25 day ahead inc hosp","mean",NA,99,"COVID-19"
"DE","15-34",2022-11-17,2022-10-23,"-25 day ahead inc hosp","mean",NA,820,"COVID-19"
"DE","35-59",2022-11-17,2022-10-23,"-25 day ahead inc hosp","mean",NA,2134,"COVID-19"
"DE","60-79",2022-11-17,2022-10-23,"-25 day ahead inc hosp","mean",NA,5756,"COVID-19"
"DE","80+",2022-11-17,2022-10-23,"-25 day ahead inc hosp","mean",NA,7183,"COVID-19"
"DE-BB","00+",2022-11-17,2022-10-23,"-25 day ahead inc hosp","mean",NA,705,"COVID-19"
"DE-BE","00+",2022-11-17,2022-10-23,"-25 day ahead inc hosp","mean",NA,564,"COVID-19"
"DE-BW","00+",2022-11-17,2022-10-23,"-25 day ahead inc hosp","mean",NA,1687,"COVID-19"
"DE-BY","00+",2022-11-17,2022-10-23,"-25 day ahead inc hosp","mean",NA,3005,"COVID-19"
"DE-HB","00+",2022-11-17,2022-10-23,"-25 day ahead inc hosp","mean",NA,57,"COVID-19"
"DE-HE","00+",2022-11-17,2022-10-23,"-25 day ahead inc hosp","mean",NA,1100,"COVID-19"
"DE-HH","00+",2022-11-17,2022-10-23,"-25 day ahead inc hosp","mean",NA,241,"COVID-19"
"DE-MV","00+",2022-11-17,2022-10-23,"-25 day ahead inc hosp","mean",NA,405,"COVID-19"
"DE-NI","00+",2022-11-17,2022-10-23,"-25 day ahead inc hosp","mean",NA,907,"COVID-19"
"DE-NW","00+",2022-11-17,2022-10-23,"-25 day ahead inc hosp","mean",NA,3775,"COVID-19"
"DE-RP","00+",2022-11-17,2022-10-23,"-25 day ahead inc hosp","mean",NA,729,"COVID-19"
"DE-SH","00+",2022-11-17,2022-10-23,"-25 day ahead inc hosp","mean",NA,573,"COVID-19"
"DE-SL","00+",2022-11-17,2022-10-23,"-25 day ahead inc hosp","mean",NA,396,"COVID-19"
"DE-SN","00+",2022-11-17,2022-10-23,"-25 day ahead inc hosp","mean",NA,972,"COVID-19"
"DE-ST","00+",2022-11-17,2022-10-23,"-25 day ahead inc hosp","mean",NA,588,"COVID-19"
"DE-TH","00+",2022-11-17,2022-10-23,"-25 day ahead inc hosp","mean",NA,554,"COVID-19"
"DE","00-04",2022-11-17,2022-10-23,"-25 day ahead inc hosp","quantile",0.025,271,"COVID-19"
"DE","00+",2022-11-17,2022-10-23,"-25 day ahead inc hosp","quantile",0.025,16165,"COVID-19"
"DE","05-14",2022-11-17,2022-10-23,"-25 day ahead inc hosp","quantile",0.025,97,"COVID-19"
"DE","15-34",2022-11-17,2022-10-23,"-25 day ahead inc hosp","quantile",0.025,808,"COVID-19"
"DE","35-59",2022-11-17,2022-10-23,"-25 day ahead inc hosp","quantile",0.025,2111,"COVID-19"
"DE","60-79",2022-11-17,2022-10-23,"-25 day ahead inc hosp","quantile",0.025,5709,"COVID-19"
"DE","80+",2022-11-17,2022-10-23,"-25 day ahead inc hosp","quantile",0.025,7114,"COVID-19"
"DE-BB","00+",2022-11-17,2022-10-23,"-25 day ahead inc hosp","quantile",0.025,694,"COVID-19"
"DE-BE","00+",2022-11-17,2022-10-23,"-25 day ahead inc hosp","quantile",0.025,554,"COVID-19"
"DE-BW","00+",2022-11-17,2022-10-23,"-25 day ahead inc hosp","quantile",0.025,1672,"COVID-19"
"DE-BY","00+",2022-11-17,2022-10-23,"-25 day ahead inc hosp","quantile",0.025,2979,"COVID-19"
"DE-HB","00+",2022-11-17,2022-10-23,"-25 day ahead inc hosp","quantile",0.025,57,"COVID-19"
"DE-HE","00+",2022-11-17,2022-10-23,"-25 day ahead inc hosp","quantile",0.025,1091,"COVID-19"
"DE-HH","00+",2022-11-17,2022-10-23,"-25 day ahead inc hosp","quantile",0.025,233,"COVID-19"
"DE-MV","00+",2022-11-17,2022-10-23,"-25 day ahead inc hosp","quantile",0.025,402,"COVID-19"
"DE-NI","00+",2022-11-17,2022-10-23,"-25 day ahead inc hosp","quantile",0.025,885,"COVID-19"
"DE-NW","00+",2022-11-17,2022-10-23,"-25 day ahead inc hosp","quantile",0.025,3713,"COVID-19"
"DE-RP","00+",2022-11-17,2022-10-23,"-25 day ahead inc hosp","quantile",0.025,720,"COVID-19"
"DE-SH","00+",2022-11-17,2022-10-23,"-25 day ahead inc hosp","quantile",0.025,566,"COVID-19"
"DE-SL","00+",2022-11-17,2022-10-23,"-25 day ahead inc hosp","quantile",0.025,390,"COVID-19"
"DE-SN","00+",2022-11-17,2022-10-23,"-25 day ahead inc hosp","quantile",0.025,964,"COVID-19"
"DE-ST","00+",2022-11-17,2022-10-23,"-25 day ahead inc hosp","quantile",0.025,582,"COVID-19"
"DE-TH","00+",2022-11-17,2022-10-23,"-25 day ahead inc hosp","quantile",0.025,550,"COVID-19"
"DE","00-04",2022-11-17,2022-10-23,"-25 day ahead inc hosp","quantile",0.1,272,"COVID-19"
"DE","00+",2022-11-17,2022-10-23,"-25 day ahead inc hosp","quantile",0.1,16202,"COVID-19"
"DE","05-14",2022-11-17,2022-10-23,"-25 day ahead inc hosp","quantile",0.1,97,"COVID-19"
"DE","15-34",2022-11-17,2022-10-23,"-25 day ahead inc hosp","quantile",0.1,811,"COVID-19"
"DE","35-59",2022-11-17,2022-10-23,"-25 day ahead inc hosp","quantile",0.1,2118,"COVID-19"
"DE","60-79",2022-11-17,2022-10-23,"-25 day ahead inc hosp","quantile",0.1,5722,"COVID-19"
"DE","80+",2022-11-17,2022-10-23,"-25 day ahead inc hosp","quantile",0.1,7132,"COVID-19"
"DE-BB","00+",2022-11-17,2022-10-23,"-25 day ahead inc hosp","quantile",0.1,698,"COVID-19"
"DE-BE","00+",2022-11-17,2022-10-23,"-25 day ahead inc hosp","quantile",0.1,556,"COVID-19"
"DE-BW","00+",2022-11-17,2022-10-23,"-25 day ahead inc hosp","quantile",0.1,1675,"COVID-19"
"DE-BY","00+",2022-11-17,2022-10-23,"-25 day ahead inc hosp","quantile",0.1,2987,"COVID-19"
"DE-HB","00+",2022-11-17,2022-10-23,"-25 day ahead inc hosp","quantile",0.1,57,"COVID-19"
"DE-HE","00+",2022-11-17,2022-10-23,"-25 day ahead inc hosp","quantile",0.1,1093,"COVID-19"
"DE-HH","00+",2022-11-17,2022-10-23,"-25 day ahead inc hosp","quantile",0.1,235,"COVID-19"
"DE-MV","00+",2022-11-17,2022-10-23,"-25 day ahead inc hosp","quantile",0.1,402,"COVID-19"
"DE-NI","00+",2022-11-17,2022-10-23,"-25 day ahead inc hosp","quantile",0.1,890,"COVID-19"
"DE-NW","00+",2022-11-17,2022-10-23,"-25 day ahead inc hosp","quantile",0.1,3729,"COVID-19"
"DE-RP","00+",2022-11-17,2022-10-23,"-25 day ahead inc hosp","quantile",0.1,722,"COVID-19"
"DE-SH","00+",2022-11-17,2022-10-23,"-25 day ahead inc hosp","quantile",0.1,568,"COVID-19"
"DE-SL","00+",2022-11-17,2022-10-23,"-25 day ahead inc hosp","quantile",0.1,392,"COVID-19"
"DE-SN","00+",2022-11-17,2022-10-23,"-25 day ahead inc hosp","quantile",0.1,966,"COVID-19"
"DE-ST","00+",2022-11-17,2022-10-23,"-25 day ahead inc hosp","quantile",0.1,584,"COVID-19"
"DE-TH","00+",2022-11-17,2022-10-23,"-25 day ahead inc hosp","quantile",0.1,551,"COVID-19"
"DE","00-04",2022-11-17,2022-10-23,"-25 day ahead inc hosp","quantile",0.25,273,"COVID-19"
"DE","00+",2022-11-17,2022-10-23,"-25 day ahead inc hosp","quantile",0.25,16239,"COVID-19"
"DE","05-14",2022-11-17,2022-10-23,"-25 day ahead inc hosp","quantile",0.25,98,"COVID-19"
"DE","15-34",2022-11-17,2022-10-23,"-25 day ahead inc hosp","quantile",0.25,815,"COVID-19"
"DE","35-59",2022-11-17,2022-10-23,"-25 day ahead inc hosp","quantile",0.25,2124,"COVID-19"
"DE","60-79",2022-11-17,2022-10-23,"-25 day ahead inc hosp","quantile",0.25,5736,"COVID-19"
"DE","80+",2022-11-17,2022-10-23,"-25 day ahead inc hosp","quantile",0.25,7152,"COVID-19"
"DE-BB","00+",2022-11-17,2022-10-23,"-25 day ahead inc hosp","quantile",0.25,701,"COVID-19"
"DE-BE","00+",2022-11-17,2022-10-23,"-25 day ahead inc hosp","quantile",0.25,559,"COVID-19"
"DE-BW","00+",2022-11-17,2022-10-23,"-25 day ahead inc hosp","quantile",0.25,1679,"COVID-19"
"DE-BY","00+",2022-11-17,2022-10-23,"-25 day ahead inc hosp","quantile",0.25,2995,"COVID-19"
"DE-HB","00+",2022-11-17,2022-10-23,"-25 day ahead inc hosp","quantile",0.25,57,"COVID-19"
"DE-HE","00+",2022-11-17,2022-10-23,"-25 day ahead inc hosp","quantile",0.25,1096,"COVID-19"
"DE-HH","00+",2022-11-17,2022-10-23,"-25 day ahead inc hosp","quantile",0.25,238,"COVID-19"
"DE-MV","00+",2022-11-17,2022-10-23,"-25 day ahead inc hosp","quantile",0.25,403,"COVID-19"
"DE-NI","00+",2022-11-17,2022-10-23,"-25 day ahead inc hosp","quantile",0.25,897,"COVID-19"
"DE-NW","00+",2022-11-17,2022-10-23,"-25 day ahead inc hosp","quantile",0.25,3748,"COVID-19"
"DE-RP","00+",2022-11-17,2022-10-23,"-25 day ahead inc hosp","quantile",0.25,725,"COVID-19"
"DE-SH","00+",2022-11-17,2022-10-23,"-25 day ahead inc hosp","quantile",0.25,570,"COVID-19"
"DE-SL","00+",2022-11-17,2022-10-23,"-25 day ahead inc hosp","quantile",0.25,393,"COVID-19"
"DE-SN","00+",2022-11-17,2022-10-23,"-25 day ahead inc hosp","quantile",0.25,968,"COVID-19"
"DE-ST","00+",2022-11-17,2022-10-23,"-25 day ahead inc hosp","quantile",0.25,586,"COVID-19"
"DE-TH","00+",2022-11-17,2022-10-23,"-25 day ahead inc hosp","quantile",0.25,553,"COVID-19"
"DE","00-04",2022-11-17,2022-10-23,"-25 day ahead inc hosp","quantile",0.5,275,"COVID-19"
"DE","00+",2022-11-17,2022-10-23,"-25 day ahead inc hosp","quantile",0.5,16288,"COVID-19"
"DE","05-14",2022-11-17,2022-10-23,"-25 day ahead inc hosp","quantile",0.5,99,"COVID-19"
"DE","15-34",2022-11-17,2022-10-23,"-25 day ahead inc hosp","quantile",0.5,820,"COVID-19"
"DE","35-59",2022-11-17,2022-10-23,"-25 day ahead inc hosp","quantile",0.5,2133,"COVID-19"
"DE","60-79",2022-11-17,2022-10-23,"-25 day ahead inc hosp","quantile",0.5,5754,"COVID-19"
"DE","80+",2022-11-17,2022-10-23,"-25 day ahead inc hosp","quantile",0.5,7180,"COVID-19"
"DE-BB","00+",2022-11-17,2022-10-23,"-25 day ahead inc hosp","quantile",0.5,706,"COVID-19"
"DE-BE","00+",2022-11-17,2022-10-23,"-25 day ahead inc hosp","quantile",0.5,564,"COVID-19"
"DE-BW","00+",2022-11-17,2022-10-23,"-25 day ahead inc hosp","quantile",0.5,1686,"COVID-19"
"DE-BY","00+",2022-11-17,2022-10-23,"-25 day ahead inc hosp","quantile",0.5,3005,"COVID-19"
"DE-HB","00+",2022-11-17,2022-10-23,"-25 day ahead inc hosp","quantile",0.5,57,"COVID-19"
"DE-HE","00+",2022-11-17,2022-10-23,"-25 day ahead inc hosp","quantile",0.5,1100,"COVID-19"
"DE-HH","00+",2022-11-17,2022-10-23,"-25 day ahead inc hosp","quantile",0.5,241,"COVID-19"
"DE-MV","00+",2022-11-17,2022-10-23,"-25 day ahead inc hosp","quantile",0.5,404,"COVID-19"
"DE-NI","00+",2022-11-17,2022-10-23,"-25 day ahead inc hosp","quantile",0.5,906,"COVID-19"
"DE-NW","00+",2022-11-17,2022-10-23,"-25 day ahead inc hosp","quantile",0.5,3774,"COVID-19"
"DE-RP","00+",2022-11-17,2022-10-23,"-25 day ahead inc hosp","quantile",0.5,729,"COVID-19"
"DE-SH","00+",2022-11-17,2022-10-23,"-25 day ahead inc hosp","quantile",0.5,573,"COVID-19"
"DE-SL","00+",2022-11-17,2022-10-23,"-25 day ahead inc hosp","quantile",0.5,396,"COVID-19"
"DE-SN","00+",2022-11-17,2022-10-23,"-25 day ahead inc hosp","quantile",0.5,971,"COVID-19"
"DE-ST","00+",2022-11-17,2022-10-23,"-25 day ahead inc hosp","quantile",0.5,589,"COVID-19"
"DE-TH","00+",2022-11-17,2022-10-23,"-25 day ahead inc hosp","quantile",0.5,553,"COVID-19"
"DE","00-04",2022-11-17,2022-10-23,"-25 day ahead inc hosp","quantile",0.75,279,"COVID-19"
"DE","00+",2022-11-17,2022-10-23,"-25 day ahead inc hosp","quantile",0.75,16342,"COVID-19"
"DE","05-14",2022-11-17,2022-10-23,"-25 day ahead inc hosp","quantile",0.75,103,"COVID-19"
"DE","15-34",2022-11-17,2022-10-23,"-25 day ahead inc hosp","quantile",0.75,827,"COVID-19"
"DE","35-59",2022-11-17,2022-10-23,"-25 day ahead inc hosp","quantile",0.75,2144,"COVID-19"
"DE","60-79",2022-11-17,2022-10-23,"-25 day ahead inc hosp","quantile",0.75,5776,"COVID-19"
"DE","80+",2022-11-17,2022-10-23,"-25 day ahead inc hosp","quantile",0.75,7211,"COVID-19"
"DE-BB","00+",2022-11-17,2022-10-23,"-25 day ahead inc hosp","quantile",0.75,711,"COVID-19"
"DE-BE","00+",2022-11-17,2022-10-23,"-25 day ahead inc hosp","quantile",0.75,571,"COVID-19"
"DE-BW","00+",2022-11-17,2022-10-23,"-25 day ahead inc hosp","quantile",0.75,1699,"COVID-19"
"DE-BY","00+",2022-11-17,2022-10-23,"-25 day ahead inc hosp","quantile",0.75,3022,"COVID-19"
"DE-HB","00+",2022-11-17,2022-10-23,"-25 day ahead inc hosp","quantile",0.75,58,"COVID-19"
"DE-HE","00+",2022-11-17,2022-10-23,"-25 day ahead inc hosp","quantile",0.75,1108,"COVID-19"
"DE-HH","00+",2022-11-17,2022-10-23,"-25 day ahead inc hosp","quantile",0.75,244,"COVID-19"
"DE-MV","00+",2022-11-17,2022-10-23,"-25 day ahead inc hosp","quantile",0.75,407,"COVID-19"
"DE-NI","00+",2022-11-17,2022-10-23,"-25 day ahead inc hosp","quantile",0.75,922,"COVID-19"
"DE-NW","00+",2022-11-17,2022-10-23,"-25 day ahead inc hosp","quantile",0.75,3815,"COVID-19"
"DE-RP","00+",2022-11-17,2022-10-23,"-25 day ahead inc hosp","quantile",0.75,734,"COVID-19"
"DE-SH","00+",2022-11-17,2022-10-23,"-25 day ahead inc hosp","quantile",0.75,577,"COVID-19"
"DE-SL","00+",2022-11-17,2022-10-23,"-25 day ahead inc hosp","quantile",0.75,399,"COVID-19"
"DE-SN","00+",2022-11-17,2022-10-23,"-25 day ahead inc hosp","quantile",0.75,975,"COVID-19"
"DE-ST","00+",2022-11-17,2022-10-23,"-25 day ahead inc hosp","quantile",0.75,594,"COVID-19"
"DE-TH","00+",2022-11-17,2022-10-23,"-25 day ahead inc hosp","quantile",0.75,555,"COVID-19"
"DE","00-04",2022-11-17,2022-10-23,"-25 day ahead inc hosp","quantile",0.9,284,"COVID-19"
"DE","00+",2022-11-17,2022-10-23,"-25 day ahead inc hosp","quantile",0.9,16419,"COVID-19"
"DE","05-14",2022-11-17,2022-10-23,"-25 day ahead inc hosp","quantile",0.9,111,"COVID-19"
"DE","15-34",2022-11-17,2022-10-23,"-25 day ahead inc hosp","quantile",0.9,836,"COVID-19"
"DE","35-59",2022-11-17,2022-10-23,"-25 day ahead inc hosp","quantile",0.9,2157,"COVID-19"
"DE","60-79",2022-11-17,2022-10-23,"-25 day ahead inc hosp","quantile",0.9,5797,"COVID-19"
"DE","80+",2022-11-17,2022-10-23,"-25 day ahead inc hosp","quantile",0.9,7242,"COVID-19"
"DE-BB","00+",2022-11-17,2022-10-23,"-25 day ahead inc hosp","quantile",0.9,718,"COVID-19"
"DE-BE","00+",2022-11-17,2022-10-23,"-25 day ahead inc hosp","quantile",0.9,581,"COVID-19"
"DE-BW","00+",2022-11-17,2022-10-23,"-25 day ahead inc hosp","quantile",0.9,1708,"COVID-19"
"DE-BY","00+",2022-11-17,2022-10-23,"-25 day ahead inc hosp","quantile",0.9,3038,"COVID-19"
"DE-HB","00+",2022-11-17,2022-10-23,"-25 day ahead inc hosp","quantile",0.9,59,"COVID-19"
"DE-HE","00+",2022-11-17,2022-10-23,"-25 day ahead inc hosp","quantile",0.9,1118,"COVID-19"
"DE-HH","00+",2022-11-17,2022-10-23,"-25 day ahead inc hosp","quantile",0.9,249,"COVID-19"
"DE-MV","00+",2022-11-17,2022-10-23,"-25 day ahead inc hosp","quantile",0.9,410,"COVID-19"
"DE-NI","00+",2022-11-17,2022-10-23,"-25 day ahead inc hosp","quantile",0.9,940,"COVID-19"
"DE-NW","00+",2022-11-17,2022-10-23,"-25 day ahead inc hosp","quantile",0.9,3862,"COVID-19"
"DE-RP","00+",2022-11-17,2022-10-23,"-25 day ahead inc hosp","quantile",0.9,742,"COVID-19"
"DE-SH","00+",2022-11-17,2022-10-23,"-25 day ahead inc hosp","quantile",0.9,580,"COVID-19"
"DE-SL","00+",2022-11-17,2022-10-23,"-25 day ahead inc hosp","quantile",0.9,403,"COVID-19"
"DE-SN","00+",2022-11-17,2022-10-23,"-25 day ahead inc hosp","quantile",0.9,979,"COVID-19"
"DE-ST","00+",2022-11-17,2022-10-23,"-25 day ahead inc hosp","quantile",0.9,603,"COVID-19"
"DE-TH","00+",2022-11-17,2022-10-23,"-25 day ahead inc hosp","quantile",0.9,557,"COVID-19"
"DE","00-04",2022-11-17,2022-10-23,"-25 day ahead inc hosp","quantile",0.975,301,"COVID-19"
"DE","00+",2022-11-17,2022-10-23,"-25 day ahead inc hosp","quantile",0.975,16522,"COVID-19"
"DE","05-14",2022-11-17,2022-10-23,"-25 day ahead inc hosp","quantile",0.975,125,"COVID-19"
"DE","15-34",2022-11-17,2022-10-23,"-25 day ahead inc hosp","quantile",0.975,852,"COVID-19"
"DE","35-59",2022-11-17,2022-10-23,"-25 day ahead inc hosp","quantile",0.975,2174,"COVID-19"
"DE","60-79",2022-11-17,2022-10-23,"-25 day ahead inc hosp","quantile",0.975,5820,"COVID-19"
"DE","80+",2022-11-17,2022-10-23,"-25 day ahead inc hosp","quantile",0.975,7278,"COVID-19"
"DE-BB","00+",2022-11-17,2022-10-23,"-25 day ahead inc hosp","quantile",0.975,730,"COVID-19"
"DE-BE","00+",2022-11-17,2022-10-23,"-25 day ahead inc hosp","quantile",0.975,607,"COVID-19"
"DE-BW","00+",2022-11-17,2022-10-23,"-25 day ahead inc hosp","quantile",0.975,1744,"COVID-19"
"DE-BY","00+",2022-11-17,2022-10-23,"-25 day ahead inc hosp","quantile",0.975,3062,"COVID-19"
"DE-HB","00+",2022-11-17,2022-10-23,"-25 day ahead inc hosp","quantile",0.975,65,"COVID-19"
"DE-HE","00+",2022-11-17,2022-10-23,"-25 day ahead inc hosp","quantile",0.975,1141,"COVID-19"
"DE-HH","00+",2022-11-17,2022-10-23,"-25 day ahead inc hosp","quantile",0.975,254,"COVID-19"
"DE-MV","00+",2022-11-17,2022-10-23,"-25 day ahead inc hosp","quantile",0.975,415,"COVID-19"
"DE-NI","00+",2022-11-17,2022-10-23,"-25 day ahead inc hosp","quantile",0.975,976,"COVID-19"
"DE-NW","00+",2022-11-17,2022-10-23,"-25 day ahead inc hosp","quantile",0.975,3888,"COVID-19"
"DE-RP","00+",2022-11-17,2022-10-23,"-25 day ahead inc hosp","quantile",0.975,755,"COVID-19"
"DE-SH","00+",2022-11-17,2022-10-23,"-25 day ahead inc hosp","quantile",0.975,585,"COVID-19"
"DE-SL","00+",2022-11-17,2022-10-23,"-25 day ahead inc hosp","quantile",0.975,411,"COVID-19"
"DE-SN","00+",2022-11-17,2022-10-23,"-25 day ahead inc hosp","quantile",0.975,984,"COVID-19"
"DE-ST","00+",2022-11-17,2022-10-23,"-25 day ahead inc hosp","quantile",0.975,629,"COVID-19"
"DE-TH","00+",2022-11-17,2022-10-23,"-25 day ahead inc hosp","quantile",0.975,559,"COVID-19"
"DE","00-04",2022-11-17,2022-10-24,"-24 day ahead inc hosp","mean",NA,268,"COVID-19"
"DE","00+",2022-11-17,2022-10-24,"-24 day ahead inc hosp","mean",NA,16176,"COVID-19"
"DE","05-14",2022-11-17,2022-10-24,"-24 day ahead inc hosp","mean",NA,100,"COVID-19"
"DE","15-34",2022-11-17,2022-10-24,"-24 day ahead inc hosp","mean",NA,804,"COVID-19"
"DE","35-59",2022-11-17,2022-10-24,"-24 day ahead inc hosp","mean",NA,2114,"COVID-19"
"DE","60-79",2022-11-17,2022-10-24,"-24 day ahead inc hosp","mean",NA,5708,"COVID-19"
"DE","80+",2022-11-17,2022-10-24,"-24 day ahead inc hosp","mean",NA,7177,"COVID-19"
"DE-BB","00+",2022-11-17,2022-10-24,"-24 day ahead inc hosp","mean",NA,703,"COVID-19"
"DE-BE","00+",2022-11-17,2022-10-24,"-24 day ahead inc hosp","mean",NA,570,"COVID-19"
"DE-BW","00+",2022-11-17,2022-10-24,"-24 day ahead inc hosp","mean",NA,1664,"COVID-19"
"DE-BY","00+",2022-11-17,2022-10-24,"-24 day ahead inc hosp","mean",NA,2952,"COVID-19"
"DE-HB","00+",2022-11-17,2022-10-24,"-24 day ahead inc hosp","mean",NA,56,"COVID-19"
"DE-HE","00+",2022-11-17,2022-10-24,"-24 day ahead inc hosp","mean",NA,1084,"COVID-19"
"DE-HH","00+",2022-11-17,2022-10-24,"-24 day ahead inc hosp","mean",NA,244,"COVID-19"
"DE-MV","00+",2022-11-17,2022-10-24,"-24 day ahead inc hosp","mean",NA,414,"COVID-19"
"DE-NI","00+",2022-11-17,2022-10-24,"-24 day ahead inc hosp","mean",NA,913,"COVID-19"
"DE-NW","00+",2022-11-17,2022-10-24,"-24 day ahead inc hosp","mean",NA,3758,"COVID-19"
"DE-RP","00+",2022-11-17,2022-10-24,"-24 day ahead inc hosp","mean",NA,725,"COVID-19"
"DE-SH","00+",2022-11-17,2022-10-24,"-24 day ahead inc hosp","mean",NA,583,"COVID-19"
"DE-SL","00+",2022-11-17,2022-10-24,"-24 day ahead inc hosp","mean",NA,396,"COVID-19"
"DE-SN","00+",2022-11-17,2022-10-24,"-24 day ahead inc hosp","mean",NA,948,"COVID-19"
"DE-ST","00+",2022-11-17,2022-10-24,"-24 day ahead inc hosp","mean",NA,593,"COVID-19"
"DE-TH","00+",2022-11-17,2022-10-24,"-24 day ahead inc hosp","mean",NA,558,"COVID-19"
"DE","00-04",2022-11-17,2022-10-24,"-24 day ahead inc hosp","quantile",0.025,264,"COVID-19"
"DE","00+",2022-11-17,2022-10-24,"-24 day ahead inc hosp","quantile",0.025,16051,"COVID-19"
"DE","05-14",2022-11-17,2022-10-24,"-24 day ahead inc hosp","quantile",0.025,98,"COVID-19"
"DE","15-34",2022-11-17,2022-10-24,"-24 day ahead inc hosp","quantile",0.025,791,"COVID-19"
"DE","35-59",2022-11-17,2022-10-24,"-24 day ahead inc hosp","quantile",0.025,2091,"COVID-19"
"DE","60-79",2022-11-17,2022-10-24,"-24 day ahead inc hosp","quantile",0.025,5661,"COVID-19"
"DE","80+",2022-11-17,2022-10-24,"-24 day ahead inc hosp","quantile",0.025,7106,"COVID-19"
"DE-BB","00+",2022-11-17,2022-10-24,"-24 day ahead inc hosp","quantile",0.025,692,"COVID-19"
"DE-BE","00+",2022-11-17,2022-10-24,"-24 day ahead inc hosp","quantile",0.025,561,"COVID-19"
"DE-BW","00+",2022-11-17,2022-10-24,"-24 day ahead inc hosp","quantile",0.025,1648,"COVID-19"
"DE-BY","00+",2022-11-17,2022-10-24,"-24 day ahead inc hosp","quantile",0.025,2926,"COVID-19"
"DE-HB","00+",2022-11-17,2022-10-24,"-24 day ahead inc hosp","quantile",0.025,56,"COVID-19"
"DE-HE","00+",2022-11-17,2022-10-24,"-24 day ahead inc hosp","quantile",0.025,1074,"COVID-19"
"DE-HH","00+",2022-11-17,2022-10-24,"-24 day ahead inc hosp","quantile",0.025,236,"COVID-19"
"DE-MV","00+",2022-11-17,2022-10-24,"-24 day ahead inc hosp","quantile",0.025,411,"COVID-19"
"DE-NI","00+",2022-11-17,2022-10-24,"-24 day ahead inc hosp","quantile",0.025,892,"COVID-19"
"DE-NW","00+",2022-11-17,2022-10-24,"-24 day ahead inc hosp","quantile",0.025,3698,"COVID-19"
"DE-RP","00+",2022-11-17,2022-10-24,"-24 day ahead inc hosp","quantile",0.025,716,"COVID-19"
"DE-SH","00+",2022-11-17,2022-10-24,"-24 day ahead inc hosp","quantile",0.025,576,"COVID-19"
"DE-SL","00+",2022-11-17,2022-10-24,"-24 day ahead inc hosp","quantile",0.025,390,"COVID-19"
"DE-SN","00+",2022-11-17,2022-10-24,"-24 day ahead inc hosp","quantile",0.025,939,"COVID-19"
"DE-ST","00+",2022-11-17,2022-10-24,"-24 day ahead inc hosp","quantile",0.025,587,"COVID-19"
"DE-TH","00+",2022-11-17,2022-10-24,"-24 day ahead inc hosp","quantile",0.025,555,"COVID-19"
"DE","00-04",2022-11-17,2022-10-24,"-24 day ahead inc hosp","quantile",0.1,265,"COVID-19"
"DE","00+",2022-11-17,2022-10-24,"-24 day ahead inc hosp","quantile",0.1,16088,"COVID-19"
"DE","05-14",2022-11-17,2022-10-24,"-24 day ahead inc hosp","quantile",0.1,98,"COVID-19"
"DE","15-34",2022-11-17,2022-10-24,"-24 day ahead inc hosp","quantile",0.1,794,"COVID-19"
"DE","35-59",2022-11-17,2022-10-24,"-24 day ahead inc hosp","quantile",0.1,2098,"COVID-19"
"DE","60-79",2022-11-17,2022-10-24,"-24 day ahead inc hosp","quantile",0.1,5673,"COVID-19"
"DE","80+",2022-11-17,2022-10-24,"-24 day ahead inc hosp","quantile",0.1,7125,"COVID-19"
"DE-BB","00+",2022-11-17,2022-10-24,"-24 day ahead inc hosp","quantile",0.1,696,"COVID-19"
"DE-BE","00+",2022-11-17,2022-10-24,"-24 day ahead inc hosp","quantile",0.1,563,"COVID-19"
"DE-BW","00+",2022-11-17,2022-10-24,"-24 day ahead inc hosp","quantile",0.1,1651,"COVID-19"
"DE-BY","00+",2022-11-17,2022-10-24,"-24 day ahead inc hosp","quantile",0.1,2933,"COVID-19"
"DE-HB","00+",2022-11-17,2022-10-24,"-24 day ahead inc hosp","quantile",0.1,56,"COVID-19"
"DE-HE","00+",2022-11-17,2022-10-24,"-24 day ahead inc hosp","quantile",0.1,1077,"COVID-19"
"DE-HH","00+",2022-11-17,2022-10-24,"-24 day ahead inc hosp","quantile",0.1,238,"COVID-19"
"DE-MV","00+",2022-11-17,2022-10-24,"-24 day ahead inc hosp","quantile",0.1,411,"COVID-19"
"DE-NI","00+",2022-11-17,2022-10-24,"-24 day ahead inc hosp","quantile",0.1,896,"COVID-19"
"DE-NW","00+",2022-11-17,2022-10-24,"-24 day ahead inc hosp","quantile",0.1,3713,"COVID-19"
"DE-RP","00+",2022-11-17,2022-10-24,"-24 day ahead inc hosp","quantile",0.1,718,"COVID-19"
"DE-SH","00+",2022-11-17,2022-10-24,"-24 day ahead inc hosp","quantile",0.1,577,"COVID-19"
"DE-SL","00+",2022-11-17,2022-10-24,"-24 day ahead inc hosp","quantile",0.1,392,"COVID-19"
"DE-SN","00+",2022-11-17,2022-10-24,"-24 day ahead inc hosp","quantile",0.1,942,"COVID-19"
"DE-ST","00+",2022-11-17,2022-10-24,"-24 day ahead inc hosp","quantile",0.1,589,"COVID-19"
"DE-TH","00+",2022-11-17,2022-10-24,"-24 day ahead inc hosp","quantile",0.1,555,"COVID-19"
"DE","00-04",2022-11-17,2022-10-24,"-24 day ahead inc hosp","quantile",0.25,266,"COVID-19"
"DE","00+",2022-11-17,2022-10-24,"-24 day ahead inc hosp","quantile",0.25,16126,"COVID-19"
"DE","05-14",2022-11-17,2022-10-24,"-24 day ahead inc hosp","quantile",0.25,99,"COVID-19"
"DE","15-34",2022-11-17,2022-10-24,"-24 day ahead inc hosp","quantile",0.25,798,"COVID-19"
"DE","35-59",2022-11-17,2022-10-24,"-24 day ahead inc hosp","quantile",0.25,2104,"COVID-19"
"DE","60-79",2022-11-17,2022-10-24,"-24 day ahead inc hosp","quantile",0.25,5687,"COVID-19"
"DE","80+",2022-11-17,2022-10-24,"-24 day ahead inc hosp","quantile",0.25,7146,"COVID-19"
"DE-BB","00+",2022-11-17,2022-10-24,"-24 day ahead inc hosp","quantile",0.25,699,"COVID-19"
"DE-BE","00+",2022-11-17,2022-10-24,"-24 day ahead inc hosp","quantile",0.25,566,"COVID-19"
"DE-BW","00+",2022-11-17,2022-10-24,"-24 day ahead inc hosp","quantile",0.25,1656,"COVID-19"
"DE-BY","00+",2022-11-17,2022-10-24,"-24 day ahead inc hosp","quantile",0.25,2942,"COVID-19"
"DE-HB","00+",2022-11-17,2022-10-24,"-24 day ahead inc hosp","quantile",0.25,56,"COVID-19"
"DE-HE","00+",2022-11-17,2022-10-24,"-24 day ahead inc hosp","quantile",0.25,1079,"COVID-19"
"DE-HH","00+",2022-11-17,2022-10-24,"-24 day ahead inc hosp","quantile",0.25,241,"COVID-19"
"DE-MV","00+",2022-11-17,2022-10-24,"-24 day ahead inc hosp","quantile",0.25,412,"COVID-19"
"DE-NI","00+",2022-11-17,2022-10-24,"-24 day ahead inc hosp","quantile",0.25,904,"COVID-19"
"DE-NW","00+",2022-11-17,2022-10-24,"-24 day ahead inc hosp","quantile",0.25,3731,"COVID-19"
"DE-RP","00+",2022-11-17,2022-10-24,"-24 day ahead inc hosp","quantile",0.25,721,"COVID-19"
"DE-SH","00+",2022-11-17,2022-10-24,"-24 day ahead inc hosp","quantile",0.25,579,"COVID-19"
"DE-SL","00+",2022-11-17,2022-10-24,"-24 day ahead inc hosp","quantile",0.25,393,"COVID-19"
"DE-SN","00+",2022-11-17,2022-10-24,"-24 day ahead inc hosp","quantile",0.25,944,"COVID-19"
"DE-ST","00+",2022-11-17,2022-10-24,"-24 day ahead inc hosp","quantile",0.25,591,"COVID-19"
"DE-TH","00+",2022-11-17,2022-10-24,"-24 day ahead inc hosp","quantile",0.25,557,"COVID-19"
"DE","00-04",2022-11-17,2022-10-24,"-24 day ahead inc hosp","quantile",0.5,268,"COVID-19"
"DE","00+",2022-11-17,2022-10-24,"-24 day ahead inc hosp","quantile",0.5,16175,"COVID-19"
"DE","05-14",2022-11-17,2022-10-24,"-24 day ahead inc hosp","quantile",0.5,100,"COVID-19"
"DE","15-34",2022-11-17,2022-10-24,"-24 day ahead inc hosp","quantile",0.5,803,"COVID-19"
"DE","35-59",2022-11-17,2022-10-24,"-24 day ahead inc hosp","quantile",0.5,2113,"COVID-19"
"DE","60-79",2022-11-17,2022-10-24,"-24 day ahead inc hosp","quantile",0.5,5705,"COVID-19"
"DE","80+",2022-11-17,2022-10-24,"-24 day ahead inc hosp","quantile",0.5,7173,"COVID-19"
"DE-BB","00+",2022-11-17,2022-10-24,"-24 day ahead inc hosp","quantile",0.5,703,"COVID-19"
"DE-BE","00+",2022-11-17,2022-10-24,"-24 day ahead inc hosp","quantile",0.5,570,"COVID-19"
"DE-BW","00+",2022-11-17,2022-10-24,"-24 day ahead inc hosp","quantile",0.5,1662,"COVID-19"
"DE-BY","00+",2022-11-17,2022-10-24,"-24 day ahead inc hosp","quantile",0.5,2952,"COVID-19"
"DE-HB","00+",2022-11-17,2022-10-24,"-24 day ahead inc hosp","quantile",0.5,56,"COVID-19"
"DE-HE","00+",2022-11-17,2022-10-24,"-24 day ahead inc hosp","quantile",0.5,1084,"COVID-19"
"DE-HH","00+",2022-11-17,2022-10-24,"-24 day ahead inc hosp","quantile",0.5,244,"COVID-19"
"DE-MV","00+",2022-11-17,2022-10-24,"-24 day ahead inc hosp","quantile",0.5,414,"COVID-19"
"DE-NI","00+",2022-11-17,2022-10-24,"-24 day ahead inc hosp","quantile",0.5,913,"COVID-19"
"DE-NW","00+",2022-11-17,2022-10-24,"-24 day ahead inc hosp","quantile",0.5,3757,"COVID-19"
"DE-RP","00+",2022-11-17,2022-10-24,"-24 day ahead inc hosp","quantile",0.5,725,"COVID-19"
"DE-SH","00+",2022-11-17,2022-10-24,"-24 day ahead inc hosp","quantile",0.5,582,"COVID-19"
"DE-SL","00+",2022-11-17,2022-10-24,"-24 day ahead inc hosp","quantile",0.5,396,"COVID-19"
"DE-SN","00+",2022-11-17,2022-10-24,"-24 day ahead inc hosp","quantile",0.5,947,"COVID-19"
"DE-ST","00+",2022-11-17,2022-10-24,"-24 day ahead inc hosp","quantile",0.5,594,"COVID-19"
"DE-TH","00+",2022-11-17,2022-10-24,"-24 day ahead inc hosp","quantile",0.5,558,"COVID-19"
"DE","00-04",2022-11-17,2022-10-24,"-24 day ahead inc hosp","quantile",0.75,271,"COVID-19"
"DE","00+",2022-11-17,2022-10-24,"-24 day ahead inc hosp","quantile",0.75,16241,"COVID-19"
"DE","05-14",2022-11-17,2022-10-24,"-24 day ahead inc hosp","quantile",0.75,104,"COVID-19"
"DE","15-34",2022-11-17,2022-10-24,"-24 day ahead inc hosp","quantile",0.75,810,"COVID-19"
"DE","35-59",2022-11-17,2022-10-24,"-24 day ahead inc hosp","quantile",0.75,2124,"COVID-19"
"DE","60-79",2022-11-17,2022-10-24,"-24 day ahead inc hosp","quantile",0.75,5727,"COVID-19"
"DE","80+",2022-11-17,2022-10-24,"-24 day ahead inc hosp","quantile",0.75,7205,"COVID-19"
"DE-BB","00+",2022-11-17,2022-10-24,"-24 day ahead inc hosp","quantile",0.75,709,"COVID-19"
"DE-BE","00+",2022-11-17,2022-10-24,"-24 day ahead inc hosp","quantile",0.75,578,"COVID-19"
"DE-BW","00+",2022-11-17,2022-10-24,"-24 day ahead inc hosp","quantile",0.75,1674,"COVID-19"
"DE-BY","00+",2022-11-17,2022-10-24,"-24 day ahead inc hosp","quantile",0.75,2968,"COVID-19"
"DE-HB","00+",2022-11-17,2022-10-24,"-24 day ahead inc hosp","quantile",0.75,56,"COVID-19"
"DE-HE","00+",2022-11-17,2022-10-24,"-24 day ahead inc hosp","quantile",0.75,1092,"COVID-19"
"DE-HH","00+",2022-11-17,2022-10-24,"-24 day ahead inc hosp","quantile",0.75,248,"COVID-19"
"DE-MV","00+",2022-11-17,2022-10-24,"-24 day ahead inc hosp","quantile",0.75,416,"COVID-19"
"DE-NI","00+",2022-11-17,2022-10-24,"-24 day ahead inc hosp","quantile",0.75,929,"COVID-19"
"DE-NW","00+",2022-11-17,2022-10-24,"-24 day ahead inc hosp","quantile",0.75,3800,"COVID-19"
"DE-RP","00+",2022-11-17,2022-10-24,"-24 day ahead inc hosp","quantile",0.75,731,"COVID-19"
"DE-SH","00+",2022-11-17,2022-10-24,"-24 day ahead inc hosp","quantile",0.75,586,"COVID-19"
"DE-SL","00+",2022-11-17,2022-10-24,"-24 day ahead inc hosp","quantile",0.75,399,"COVID-19"
"DE-SN","00+",2022-11-17,2022-10-24,"-24 day ahead inc hosp","quantile",0.75,951,"COVID-19"
"DE-ST","00+",2022-11-17,2022-10-24,"-24 day ahead inc hosp","quantile",0.75,599,"COVID-19"
"DE-TH","00+",2022-11-17,2022-10-24,"-24 day ahead inc hosp","quantile",0.75,559,"COVID-19"
"DE","00-04",2022-11-17,2022-10-24,"-24 day ahead inc hosp","quantile",0.9,277,"COVID-19"
"DE","00+",2022-11-17,2022-10-24,"-24 day ahead inc hosp","quantile",0.9,16307,"COVID-19"
"DE","05-14",2022-11-17,2022-10-24,"-24 day ahead inc hosp","quantile",0.9,112,"COVID-19"
"DE","15-34",2022-11-17,2022-10-24,"-24 day ahead inc hosp","quantile",0.9,819,"COVID-19"
"DE","35-59",2022-11-17,2022-10-24,"-24 day ahead inc hosp","quantile",0.9,2137,"COVID-19"
"DE","60-79",2022-11-17,2022-10-24,"-24 day ahead inc hosp","quantile",0.9,5747,"COVID-19"
"DE","80+",2022-11-17,2022-10-24,"-24 day ahead inc hosp","quantile",0.9,7238,"COVID-19"
"DE-BB","00+",2022-11-17,2022-10-24,"-24 day ahead inc hosp","quantile",0.9,716,"COVID-19"
"DE-BE","00+",2022-11-17,2022-10-24,"-24 day ahead inc hosp","quantile",0.9,589,"COVID-19"
"DE-BW","00+",2022-11-17,2022-10-24,"-24 day ahead inc hosp","quantile",0.9,1686,"COVID-19"
"DE-BY","00+",2022-11-17,2022-10-24,"-24 day ahead inc hosp","quantile",0.9,2984,"COVID-19"
"DE-HB","00+",2022-11-17,2022-10-24,"-24 day ahead inc hosp","quantile",0.9,58,"COVID-19"
"DE-HE","00+",2022-11-17,2022-10-24,"-24 day ahead inc hosp","quantile",0.9,1102,"COVID-19"
"DE-HH","00+",2022-11-17,2022-10-24,"-24 day ahead inc hosp","quantile",0.9,252,"COVID-19"
"DE-MV","00+",2022-11-17,2022-10-24,"-24 day ahead inc hosp","quantile",0.9,419,"COVID-19"
"DE-NI","00+",2022-11-17,2022-10-24,"-24 day ahead inc hosp","quantile",0.9,948,"COVID-19"
"DE-NW","00+",2022-11-17,2022-10-24,"-24 day ahead inc hosp","quantile",0.9,3824,"COVID-19"
"DE-RP","00+",2022-11-17,2022-10-24,"-24 day ahead inc hosp","quantile",0.9,737,"COVID-19"
"DE-SH","00+",2022-11-17,2022-10-24,"-24 day ahead inc hosp","quantile",0.9,590,"COVID-19"
"DE-SL","00+",2022-11-17,2022-10-24,"-24 day ahead inc hosp","quantile",0.9,403,"COVID-19"
"DE-SN","00+",2022-11-17,2022-10-24,"-24 day ahead inc hosp","quantile",0.9,955,"COVID-19"
"DE-ST","00+",2022-11-17,2022-10-24,"-24 day ahead inc hosp","quantile",0.9,609,"COVID-19"
"DE-TH","00+",2022-11-17,2022-10-24,"-24 day ahead inc hosp","quantile",0.9,561,"COVID-19"
"DE","00-04",2022-11-17,2022-10-24,"-24 day ahead inc hosp","quantile",0.975,294,"COVID-19"
"DE","00+",2022-11-17,2022-10-24,"-24 day ahead inc hosp","quantile",0.975,16411,"COVID-19"
"DE","05-14",2022-11-17,2022-10-24,"-24 day ahead inc hosp","quantile",0.975,127,"COVID-19"
"DE","15-34",2022-11-17,2022-10-24,"-24 day ahead inc hosp","quantile",0.975,835,"COVID-19"
"DE","35-59",2022-11-17,2022-10-24,"-24 day ahead inc hosp","quantile",0.975,2153,"COVID-19"
"DE","60-79",2022-11-17,2022-10-24,"-24 day ahead inc hosp","quantile",0.975,5770,"COVID-19"
"DE","80+",2022-11-17,2022-10-24,"-24 day ahead inc hosp","quantile",0.975,7274,"COVID-19"
"DE-BB","00+",2022-11-17,2022-10-24,"-24 day ahead inc hosp","quantile",0.975,728,"COVID-19"
"DE-BE","00+",2022-11-17,2022-10-24,"-24 day ahead inc hosp","quantile",0.975,617,"COVID-19"
"DE-BW","00+",2022-11-17,2022-10-24,"-24 day ahead inc hosp","quantile",0.975,1723,"COVID-19"
"DE-BY","00+",2022-11-17,2022-10-24,"-24 day ahead inc hosp","quantile",0.975,3008,"COVID-19"
"DE-HB","00+",2022-11-17,2022-10-24,"-24 day ahead inc hosp","quantile",0.975,64,"COVID-19"
"DE-HE","00+",2022-11-17,2022-10-24,"-24 day ahead inc hosp","quantile",0.975,1124,"COVID-19"
"DE-HH","00+",2022-11-17,2022-10-24,"-24 day ahead inc hosp","quantile",0.975,258,"COVID-19"
"DE-MV","00+",2022-11-17,2022-10-24,"-24 day ahead inc hosp","quantile",0.975,424,"COVID-19"
"DE-NI","00+",2022-11-17,2022-10-24,"-24 day ahead inc hosp","quantile",0.975,984,"COVID-19"
"DE-NW","00+",2022-11-17,2022-10-24,"-24 day ahead inc hosp","quantile",0.975,3912,"COVID-19"
"DE-RP","00+",2022-11-17,2022-10-24,"-24 day ahead inc hosp","quantile",0.975,750,"COVID-19"
"DE-SH","00+",2022-11-17,2022-10-24,"-24 day ahead inc hosp","quantile",0.975,595,"COVID-19"
"DE-SL","00+",2022-11-17,2022-10-24,"-24 day ahead inc hosp","quantile",0.975,411,"COVID-19"
"DE-SN","00+",2022-11-17,2022-10-24,"-24 day ahead inc hosp","quantile",0.975,959,"COVID-19"
"DE-ST","00+",2022-11-17,2022-10-24,"-24 day ahead inc hosp","quantile",0.975,635,"COVID-19"
"DE-TH","00+",2022-11-17,2022-10-24,"-24 day ahead inc hosp","quantile",0.975,563,"COVID-19"
"DE","00-04",2022-11-17,2022-10-25,"-23 day ahead inc hosp","mean",NA,275,"COVID-19"
"DE","00+",2022-11-17,2022-10-25,"-23 day ahead inc hosp","mean",NA,15201,"COVID-19"
"DE","05-14",2022-11-17,2022-10-25,"-23 day ahead inc hosp","mean",NA,102,"COVID-19"
"DE","15-34",2022-11-17,2022-10-25,"-23 day ahead inc hosp","mean",NA,745,"COVID-19"
"DE","35-59",2022-11-17,2022-10-25,"-23 day ahead inc hosp","mean",NA,2029,"COVID-19"
"DE","60-79",2022-11-17,2022-10-25,"-23 day ahead inc hosp","mean",NA,5365,"COVID-19"
"DE","80+",2022-11-17,2022-10-25,"-23 day ahead inc hosp","mean",NA,6625,"COVID-19"
"DE-BB","00+",2022-11-17,2022-10-25,"-23 day ahead inc hosp","mean",NA,661,"COVID-19"
"DE-BE","00+",2022-11-17,2022-10-25,"-23 day ahead inc hosp","mean",NA,509,"COVID-19"
"DE-BW","00+",2022-11-17,2022-10-25,"-23 day ahead inc hosp","mean",NA,1549,"COVID-19"
"DE-BY","00+",2022-11-17,2022-10-25,"-23 day ahead inc hosp","mean",NA,2719,"COVID-19"
"DE-HB","00+",2022-11-17,2022-10-25,"-23 day ahead inc hosp","mean",NA,41,"COVID-19"
"DE-HE","00+",2022-11-17,2022-10-25,"-23 day ahead inc hosp","mean",NA,1023,"COVID-19"
"DE-HH","00+",2022-11-17,2022-10-25,"-23 day ahead inc hosp","mean",NA,238,"COVID-19"
"DE-MV","00+",2022-11-17,2022-10-25,"-23 day ahead inc hosp","mean",NA,411,"COVID-19"
"DE-NI","00+",2022-11-17,2022-10-25,"-23 day ahead inc hosp","mean",NA,870,"COVID-19"
"DE-NW","00+",2022-11-17,2022-10-25,"-23 day ahead inc hosp","mean",NA,3616,"COVID-19"
"DE-RP","00+",2022-11-17,2022-10-25,"-23 day ahead inc hosp","mean",NA,720,"COVID-19"
"DE-SH","00+",2022-11-17,2022-10-25,"-23 day ahead inc hosp","mean",NA,540,"COVID-19"
"DE-SL","00+",2022-11-17,2022-10-25,"-23 day ahead inc hosp","mean",NA,335,"COVID-19"
"DE-SN","00+",2022-11-17,2022-10-25,"-23 day ahead inc hosp","mean",NA,817,"COVID-19"
"DE-ST","00+",2022-11-17,2022-10-25,"-23 day ahead inc hosp","mean",NA,564,"COVID-19"
"DE-TH","00+",2022-11-17,2022-10-25,"-23 day ahead inc hosp","mean",NA,541,"COVID-19"
"DE","00-04",2022-11-17,2022-10-25,"-23 day ahead inc hosp","quantile",0.025,270,"COVID-19"
"DE","00+",2022-11-17,2022-10-25,"-23 day ahead inc hosp","quantile",0.025,15072,"COVID-19"
"DE","05-14",2022-11-17,2022-10-25,"-23 day ahead inc hosp","quantile",0.025,99,"COVID-19"
"DE","15-34",2022-11-17,2022-10-25,"-23 day ahead inc hosp","quantile",0.025,731,"COVID-19"
"DE","35-59",2022-11-17,2022-10-25,"-23 day ahead inc hosp","quantile",0.025,2005,"COVID-19"
"DE","60-79",2022-11-17,2022-10-25,"-23 day ahead inc hosp","quantile",0.025,5317,"COVID-19"
"DE","80+",2022-11-17,2022-10-25,"-23 day ahead inc hosp","quantile",0.025,6553,"COVID-19"
"DE-BB","00+",2022-11-17,2022-10-25,"-23 day ahead inc hosp","quantile",0.025,649,"COVID-19"
"DE-BE","00+",2022-11-17,2022-10-25,"-23 day ahead inc hosp","quantile",0.025,498,"COVID-19"
"DE-BW","00+",2022-11-17,2022-10-25,"-23 day ahead inc hosp","quantile",0.025,1530,"COVID-19"
"DE-BY","00+",2022-11-17,2022-10-25,"-23 day ahead inc hosp","quantile",0.025,2692,"COVID-19"
"DE-HB","00+",2022-11-17,2022-10-25,"-23 day ahead inc hosp","quantile",0.025,41,"COVID-19"
"DE-HE","00+",2022-11-17,2022-10-25,"-23 day ahead inc hosp","quantile",0.025,1012,"COVID-19"
"DE-HH","00+",2022-11-17,2022-10-25,"-23 day ahead inc hosp","quantile",0.025,230,"COVID-19"
"DE-MV","00+",2022-11-17,2022-10-25,"-23 day ahead inc hosp","quantile",0.025,408,"COVID-19"
"DE-NI","00+",2022-11-17,2022-10-25,"-23 day ahead inc hosp","quantile",0.025,846,"COVID-19"
"DE-NW","00+",2022-11-17,2022-10-25,"-23 day ahead inc hosp","quantile",0.025,3553,"COVID-19"
"DE-RP","00+",2022-11-17,2022-10-25,"-23 day ahead inc hosp","quantile",0.025,709,"COVID-19"
"DE-SH","00+",2022-11-17,2022-10-25,"-23 day ahead inc hosp","quantile",0.025,532,"COVID-19"
"DE-SL","00+",2022-11-17,2022-10-25,"-23 day ahead inc hosp","quantile",0.025,329,"COVID-19"
"DE-SN","00+",2022-11-17,2022-10-25,"-23 day ahead inc hosp","quantile",0.025,809,"COVID-19"
"DE-ST","00+",2022-11-17,2022-10-25,"-23 day ahead inc hosp","quantile",0.025,556,"COVID-19"
"DE-TH","00+",2022-11-17,2022-10-25,"-23 day ahead inc hosp","quantile",0.025,537,"COVID-19"
"DE","00-04",2022-11-17,2022-10-25,"-23 day ahead inc hosp","quantile",0.1,271,"COVID-19"
"DE","00+",2022-11-17,2022-10-25,"-23 day ahead inc hosp","quantile",0.1,15111,"COVID-19"
"DE","05-14",2022-11-17,2022-10-25,"-23 day ahead inc hosp","quantile",0.1,100,"COVID-19"
"DE","15-34",2022-11-17,2022-10-25,"-23 day ahead inc hosp","quantile",0.1,734,"COVID-19"
"DE","35-59",2022-11-17,2022-10-25,"-23 day ahead inc hosp","quantile",0.1,2012,"COVID-19"
"DE","60-79",2022-11-17,2022-10-25,"-23 day ahead inc hosp","quantile",0.1,5330,"COVID-19"
"DE","80+",2022-11-17,2022-10-25,"-23 day ahead inc hosp","quantile",0.1,6572,"COVID-19"
"DE-BB","00+",2022-11-17,2022-10-25,"-23 day ahead inc hosp","quantile",0.1,653,"COVID-19"
"DE-BE","00+",2022-11-17,2022-10-25,"-23 day ahead inc hosp","quantile",0.1,501,"COVID-19"
"DE-BW","00+",2022-11-17,2022-10-25,"-23 day ahead inc hosp","quantile",0.1,1534,"COVID-19"
"DE-BY","00+",2022-11-17,2022-10-25,"-23 day ahead inc hosp","quantile",0.1,2700,"COVID-19"
"DE-HB","00+",2022-11-17,2022-10-25,"-23 day ahead inc hosp","quantile",0.1,41,"COVID-19"
"DE-HE","00+",2022-11-17,2022-10-25,"-23 day ahead inc hosp","quantile",0.1,1015,"COVID-19"
"DE-HH","00+",2022-11-17,2022-10-25,"-23 day ahead inc hosp","quantile",0.1,232,"COVID-19"
"DE-MV","00+",2022-11-17,2022-10-25,"-23 day ahead inc hosp","quantile",0.1,408,"COVID-19"
"DE-NI","00+",2022-11-17,2022-10-25,"-23 day ahead inc hosp","quantile",0.1,852,"COVID-19"
"DE-NW","00+",2022-11-17,2022-10-25,"-23 day ahead inc hosp","quantile",0.1,3570,"COVID-19"
"DE-RP","00+",2022-11-17,2022-10-25,"-23 day ahead inc hosp","quantile",0.1,712,"COVID-19"
"DE-SH","00+",2022-11-17,2022-10-25,"-23 day ahead inc hosp","quantile",0.1,534,"COVID-19"
"DE-SL","00+",2022-11-17,2022-10-25,"-23 day ahead inc hosp","quantile",0.1,331,"COVID-19"
"DE-SN","00+",2022-11-17,2022-10-25,"-23 day ahead inc hosp","quantile",0.1,811,"COVID-19"
"DE-ST","00+",2022-11-17,2022-10-25,"-23 day ahead inc hosp","quantile",0.1,558,"COVID-19"
"DE-TH","00+",2022-11-17,2022-10-25,"-23 day ahead inc hosp","quantile",0.1,538,"COVID-19"
"DE","00-04",2022-11-17,2022-10-25,"-23 day ahead inc hosp","quantile",0.25,272,"COVID-19"
"DE","00+",2022-11-17,2022-10-25,"-23 day ahead inc hosp","quantile",0.25,15149,"COVID-19"
"DE","05-14",2022-11-17,2022-10-25,"-23 day ahead inc hosp","quantile",0.25,100,"COVID-19"
"DE","15-34",2022-11-17,2022-10-25,"-23 day ahead inc hosp","quantile",0.25,738,"COVID-19"
"DE","35-59",2022-11-17,2022-10-25,"-23 day ahead inc hosp","quantile",0.25,2019,"COVID-19"
"DE","60-79",2022-11-17,2022-10-25,"-23 day ahead inc hosp","quantile",0.25,5344,"COVID-19"
"DE","80+",2022-11-17,2022-10-25,"-23 day ahead inc hosp","quantile",0.25,6595,"COVID-19"
"DE-BB","00+",2022-11-17,2022-10-25,"-23 day ahead inc hosp","quantile",0.25,657,"COVID-19"
"DE-BE","00+",2022-11-17,2022-10-25,"-23 day ahead inc hosp","quantile",0.25,505,"COVID-19"
"DE-BW","00+",2022-11-17,2022-10-25,"-23 day ahead inc hosp","quantile",0.25,1539,"COVID-19"
"DE-BY","00+",2022-11-17,2022-10-25,"-23 day ahead inc hosp","quantile",0.25,2709,"COVID-19"
"DE-HB","00+",2022-11-17,2022-10-25,"-23 day ahead inc hosp","quantile",0.25,41,"COVID-19"
"DE-HE","00+",2022-11-17,2022-10-25,"-23 day ahead inc hosp","quantile",0.25,1018,"COVID-19"
"DE-HH","00+",2022-11-17,2022-10-25,"-23 day ahead inc hosp","quantile",0.25,235,"COVID-19"
"DE-MV","00+",2022-11-17,2022-10-25,"-23 day ahead inc hosp","quantile",0.25,409,"COVID-19"
"DE-NI","00+",2022-11-17,2022-10-25,"-23 day ahead inc hosp","quantile",0.25,860,"COVID-19"
"DE-NW","00+",2022-11-17,2022-10-25,"-23 day ahead inc hosp","quantile",0.25,3588,"COVID-19"
"DE-RP","00+",2022-11-17,2022-10-25,"-23 day ahead inc hosp","quantile",0.25,716,"COVID-19"
"DE-SH","00+",2022-11-17,2022-10-25,"-23 day ahead inc hosp","quantile",0.25,537,"COVID-19"
"DE-SL","00+",2022-11-17,2022-10-25,"-23 day ahead inc hosp","quantile",0.25,332,"COVID-19"
"DE-SN","00+",2022-11-17,2022-10-25,"-23 day ahead inc hosp","quantile",0.25,813,"COVID-19"
"DE-ST","00+",2022-11-17,2022-10-25,"-23 day ahead inc hosp","quantile",0.25,561,"COVID-19"
"DE-TH","00+",2022-11-17,2022-10-25,"-23 day ahead inc hosp","quantile",0.25,539,"COVID-19"
"DE","00-04",2022-11-17,2022-10-25,"-23 day ahead inc hosp","quantile",0.5,275,"COVID-19"
"DE","00+",2022-11-17,2022-10-25,"-23 day ahead inc hosp","quantile",0.5,15199,"COVID-19"
"DE","05-14",2022-11-17,2022-10-25,"-23 day ahead inc hosp","quantile",0.5,102,"COVID-19"
"DE","15-34",2022-11-17,2022-10-25,"-23 day ahead inc hosp","quantile",0.5,744,"COVID-19"
"DE","35-59",2022-11-17,2022-10-25,"-23 day ahead inc hosp","quantile",0.5,2028,"COVID-19"
"DE","60-79",2022-11-17,2022-10-25,"-23 day ahead inc hosp","quantile",0.5,5363,"COVID-19"
"DE","80+",2022-11-17,2022-10-25,"-23 day ahead inc hosp","quantile",0.5,6622,"COVID-19"
"DE-BB","00+",2022-11-17,2022-10-25,"-23 day ahead inc hosp","quantile",0.5,662,"COVID-19"
"DE-BE","00+",2022-11-17,2022-10-25,"-23 day ahead inc hosp","quantile",0.5,509,"COVID-19"
"DE-BW","00+",2022-11-17,2022-10-25,"-23 day ahead inc hosp","quantile",0.5,1546,"COVID-19"
"DE-BY","00+",2022-11-17,2022-10-25,"-23 day ahead inc hosp","quantile",0.5,2719,"COVID-19"
"DE-HB","00+",2022-11-17,2022-10-25,"-23 day ahead inc hosp","quantile",0.5,41,"COVID-19"
"DE-HE","00+",2022-11-17,2022-10-25,"-23 day ahead inc hosp","quantile",0.5,1023,"COVID-19"
"DE-HH","00+",2022-11-17,2022-10-25,"-23 day ahead inc hosp","quantile",0.5,238,"COVID-19"
"DE-MV","00+",2022-11-17,2022-10-25,"-23 day ahead inc hosp","quantile",0.5,411,"COVID-19"
"DE-NI","00+",2022-11-17,2022-10-25,"-23 day ahead inc hosp","quantile",0.5,870,"COVID-19"
"DE-NW","00+",2022-11-17,2022-10-25,"-23 day ahead inc hosp","quantile",0.5,3615,"COVID-19"
"DE-RP","00+",2022-11-17,2022-10-25,"-23 day ahead inc hosp","quantile",0.5,720,"COVID-19"
"DE-SH","00+",2022-11-17,2022-10-25,"-23 day ahead inc hosp","quantile",0.5,540,"COVID-19"
"DE-SL","00+",2022-11-17,2022-10-25,"-23 day ahead inc hosp","quantile",0.5,335,"COVID-19"
"DE-SN","00+",2022-11-17,2022-10-25,"-23 day ahead inc hosp","quantile",0.5,816,"COVID-19"
"DE-ST","00+",2022-11-17,2022-10-25,"-23 day ahead inc hosp","quantile",0.5,564,"COVID-19"
"DE-TH","00+",2022-11-17,2022-10-25,"-23 day ahead inc hosp","quantile",0.5,541,"COVID-19"
"DE","00-04",2022-11-17,2022-10-25,"-23 day ahead inc hosp","quantile",0.75,279,"COVID-19"
"DE","00+",2022-11-17,2022-10-25,"-23 day ahead inc hosp","quantile",0.75,15267,"COVID-19"
"DE","05-14",2022-11-17,2022-10-25,"-23 day ahead inc hosp","quantile",0.75,106,"COVID-19"
"DE","15-34",2022-11-17,2022-10-25,"-23 day ahead inc hosp","quantile",0.75,752,"COVID-19"
"DE","35-59",2022-11-17,2022-10-25,"-23 day ahead inc hosp","quantile",0.75,2040,"COVID-19"
"DE","60-79",2022-11-17,2022-10-25,"-23 day ahead inc hosp","quantile",0.75,5385,"COVID-19"
"DE","80+",2022-11-17,2022-10-25,"-23 day ahead inc hosp","quantile",0.75,6654,"COVID-19"
"DE-BB","00+",2022-11-17,2022-10-25,"-23 day ahead inc hosp","quantile",0.75,668,"COVID-19"
"DE-BE","00+",2022-11-17,2022-10-25,"-23 day ahead inc hosp","quantile",0.75,518,"COVID-19"
"DE-BW","00+",2022-11-17,2022-10-25,"-23 day ahead inc hosp","quantile",0.75,1559,"COVID-19"
"DE-BY","00+",2022-11-17,2022-10-25,"-23 day ahead inc hosp","quantile",0.75,2735,"COVID-19"
"DE-HB","00+",2022-11-17,2022-10-25,"-23 day ahead inc hosp","quantile",0.75,42,"COVID-19"
"DE-HE","00+",2022-11-17,2022-10-25,"-23 day ahead inc hosp","quantile",0.75,1031,"COVID-19"
"DE-HH","00+",2022-11-17,2022-10-25,"-23 day ahead inc hosp","quantile",0.75,242,"COVID-19"
"DE-MV","00+",2022-11-17,2022-10-25,"-23 day ahead inc hosp","quantile",0.75,413,"COVID-19"
"DE-NI","00+",2022-11-17,2022-10-25,"-23 day ahead inc hosp","quantile",0.75,887,"COVID-19"
"DE-NW","00+",2022-11-17,2022-10-25,"-23 day ahead inc hosp","quantile",0.75,3659,"COVID-19"
"DE-RP","00+",2022-11-17,2022-10-25,"-23 day ahead inc hosp","quantile",0.75,726,"COVID-19"
"DE-SH","00+",2022-11-17,2022-10-25,"-23 day ahead inc hosp","quantile",0.75,544,"COVID-19"
"DE-SL","00+",2022-11-17,2022-10-25,"-23 day ahead inc hosp","quantile",0.75,338,"COVID-19"
"DE-SN","00+",2022-11-17,2022-10-25,"-23 day ahead inc hosp","quantile",0.75,820,"COVID-19"
"DE-ST","00+",2022-11-17,2022-10-25,"-23 day ahead inc hosp","quantile",0.75,570,"COVID-19"
"DE-TH","00+",2022-11-17,2022-10-25,"-23 day ahead inc hosp","quantile",0.75,542,"COVID-19"
"DE","00-04",2022-11-17,2022-10-25,"-23 day ahead inc hosp","quantile",0.9,285,"COVID-19"
"DE","00+",2022-11-17,2022-10-25,"-23 day ahead inc hosp","quantile",0.9,15334,"COVID-19"
"DE","05-14",2022-11-17,2022-10-25,"-23 day ahead inc hosp","quantile",0.9,114,"COVID-19"
"DE","15-34",2022-11-17,2022-10-25,"-23 day ahead inc hosp","quantile",0.9,761,"COVID-19"
"DE","35-59",2022-11-17,2022-10-25,"-23 day ahead inc hosp","quantile",0.9,2052,"COVID-19"
"DE","60-79",2022-11-17,2022-10-25,"-23 day ahead inc hosp","quantile",0.9,5406,"COVID-19"
"DE","80+",2022-11-17,2022-10-25,"-23 day ahead inc hosp","quantile",0.9,6687,"COVID-19"
"DE-BB","00+",2022-11-17,2022-10-25,"-23 day ahead inc hosp","quantile",0.9,675,"COVID-19"
"DE-BE","00+",2022-11-17,2022-10-25,"-23 day ahead inc hosp","quantile",0.9,529,"COVID-19"
"DE-BW","00+",2022-11-17,2022-10-25,"-23 day ahead inc hosp","quantile",0.9,1572,"COVID-19"
"DE-BY","00+",2022-11-17,2022-10-25,"-23 day ahead inc hosp","quantile",0.9,2751,"COVID-19"
"DE-HB","00+",2022-11-17,2022-10-25,"-23 day ahead inc hosp","quantile",0.9,43,"COVID-19"
"DE-HE","00+",2022-11-17,2022-10-25,"-23 day ahead inc hosp","quantile",0.9,1041,"COVID-19"
"DE-HH","00+",2022-11-17,2022-10-25,"-23 day ahead inc hosp","quantile",0.9,247,"COVID-19"
"DE-MV","00+",2022-11-17,2022-10-25,"-23 day ahead inc hosp","quantile",0.9,417,"COVID-19"
"DE-NI","00+",2022-11-17,2022-10-25,"-23 day ahead inc hosp","quantile",0.9,907,"COVID-19"
"DE-NW","00+",2022-11-17,2022-10-25,"-23 day ahead inc hosp","quantile",0.9,3682,"COVID-19"
"DE-RP","00+",2022-11-17,2022-10-25,"-23 day ahead inc hosp","quantile",0.9,738,"COVID-19"
"DE-SH","00+",2022-11-17,2022-10-25,"-23 day ahead inc hosp","quantile",0.9,547,"COVID-19"
"DE-SL","00+",2022-11-17,2022-10-25,"-23 day ahead inc hosp","quantile",0.9,342,"COVID-19"
"DE-SN","00+",2022-11-17,2022-10-25,"-23 day ahead inc hosp","quantile",0.9,823,"COVID-19"
"DE-ST","00+",2022-11-17,2022-10-25,"-23 day ahead inc hosp","quantile",0.9,590,"COVID-19"
"DE-TH","00+",2022-11-17,2022-10-25,"-23 day ahead inc hosp","quantile",0.9,544,"COVID-19"
"DE","00-04",2022-11-17,2022-10-25,"-23 day ahead inc hosp","quantile",0.975,302,"COVID-19"
"DE","00+",2022-11-17,2022-10-25,"-23 day ahead inc hosp","quantile",0.975,15435,"COVID-19"
"DE","05-14",2022-11-17,2022-10-25,"-23 day ahead inc hosp","quantile",0.975,129,"COVID-19"
"DE","15-34",2022-11-17,2022-10-25,"-23 day ahead inc hosp","quantile",0.975,777,"COVID-19"
"DE","35-59",2022-11-17,2022-10-25,"-23 day ahead inc hosp","quantile",0.975,2069,"COVID-19"
"DE","60-79",2022-11-17,2022-10-25,"-23 day ahead inc hosp","quantile",0.975,5430,"COVID-19"
"DE","80+",2022-11-17,2022-10-25,"-23 day ahead inc hosp","quantile",0.975,6724,"COVID-19"
"DE-BB","00+",2022-11-17,2022-10-25,"-23 day ahead inc hosp","quantile",0.975,688,"COVID-19"
"DE-BE","00+",2022-11-17,2022-10-25,"-23 day ahead inc hosp","quantile",0.975,556,"COVID-19"
"DE-BW","00+",2022-11-17,2022-10-25,"-23 day ahead inc hosp","quantile",0.975,1609,"COVID-19"
"DE-BY","00+",2022-11-17,2022-10-25,"-23 day ahead inc hosp","quantile",0.975,2772,"COVID-19"
"DE-HB","00+",2022-11-17,2022-10-25,"-23 day ahead inc hosp","quantile",0.975,48,"COVID-19"
"DE-HE","00+",2022-11-17,2022-10-25,"-23 day ahead inc hosp","quantile",0.975,1063,"COVID-19"
"DE-HH","00+",2022-11-17,2022-10-25,"-23 day ahead inc hosp","quantile",0.975,253,"COVID-19"
"DE-MV","00+",2022-11-17,2022-10-25,"-23 day ahead inc hosp","quantile",0.975,422,"COVID-19"
"DE-NI","00+",2022-11-17,2022-10-25,"-23 day ahead inc hosp","quantile",0.975,943,"COVID-19"
"DE-NW","00+",2022-11-17,2022-10-25,"-23 day ahead inc hosp","quantile",0.975,3773,"COVID-19"
"DE-RP","00+",2022-11-17,2022-10-25,"-23 day ahead inc hosp","quantile",0.975,759,"COVID-19"
"DE-SH","00+",2022-11-17,2022-10-25,"-23 day ahead inc hosp","quantile",0.975,553,"COVID-19"
"DE-SL","00+",2022-11-17,2022-10-25,"-23 day ahead inc hosp","quantile",0.975,349,"COVID-19"
"DE-SN","00+",2022-11-17,2022-10-25,"-23 day ahead inc hosp","quantile",0.975,828,"COVID-19"
"DE-ST","00+",2022-11-17,2022-10-25,"-23 day ahead inc hosp","quantile",0.975,606,"COVID-19"
"DE-TH","00+",2022-11-17,2022-10-25,"-23 day ahead inc hosp","quantile",0.975,546,"COVID-19"
"DE","00-04",2022-11-17,2022-10-26,"-22 day ahead inc hosp","mean",NA,247,"COVID-19"
"DE","00+",2022-11-17,2022-10-26,"-22 day ahead inc hosp","mean",NA,14189,"COVID-19"
"DE","05-14",2022-11-17,2022-10-26,"-22 day ahead inc hosp","mean",NA,92,"COVID-19"
"DE","15-34",2022-11-17,2022-10-26,"-22 day ahead inc hosp","mean",NA,696,"COVID-19"
"DE","35-59",2022-11-17,2022-10-26,"-22 day ahead inc hosp","mean",NA,1937,"COVID-19"
"DE","60-79",2022-11-17,2022-10-26,"-22 day ahead inc hosp","mean",NA,5055,"COVID-19"
"DE","80+",2022-11-17,2022-10-26,"-22 day ahead inc hosp","mean",NA,6067,"COVID-19"
"DE-BB","00+",2022-11-17,2022-10-26,"-22 day ahead inc hosp","mean",NA,603,"COVID-19"
"DE-BE","00+",2022-11-17,2022-10-26,"-22 day ahead inc hosp","mean",NA,491,"COVID-19"
"DE-BW","00+",2022-11-17,2022-10-26,"-22 day ahead inc hosp","mean",NA,1437,"COVID-19"
"DE-BY","00+",2022-11-17,2022-10-26,"-22 day ahead inc hosp","mean",NA,2488,"COVID-19"
"DE-HB","00+",2022-11-17,2022-10-26,"-22 day ahead inc hosp","mean",NA,39,"COVID-19"
"DE-HE","00+",2022-11-17,2022-10-26,"-22 day ahead inc hosp","mean",NA,950,"COVID-19"
"DE-HH","00+",2022-11-17,2022-10-26,"-22 day ahead inc hosp","mean",NA,235,"COVID-19"
"DE-MV","00+",2022-11-17,2022-10-26,"-22 day ahead inc hosp","mean",NA,402,"COVID-19"
"DE-NI","00+",2022-11-17,2022-10-26,"-22 day ahead inc hosp","mean",NA,807,"COVID-19"
"DE-NW","00+",2022-11-17,2022-10-26,"-22 day ahead inc hosp","mean",NA,3438,"COVID-19"
"DE-RP","00+",2022-11-17,2022-10-26,"-22 day ahead inc hosp","mean",NA,624,"COVID-19"
"DE-SH","00+",2022-11-17,2022-10-26,"-22 day ahead inc hosp","mean",NA,515,"COVID-19"
"DE-SL","00+",2022-11-17,2022-10-26,"-22 day ahead inc hosp","mean",NA,308,"COVID-19"
"DE-SN","00+",2022-11-17,2022-10-26,"-22 day ahead inc hosp","mean",NA,735,"COVID-19"
"DE-ST","00+",2022-11-17,2022-10-26,"-22 day ahead inc hosp","mean",NA,529,"COVID-19"
"DE-TH","00+",2022-11-17,2022-10-26,"-22 day ahead inc hosp","mean",NA,513,"COVID-19"
"DE","00-04",2022-11-17,2022-10-26,"-22 day ahead inc hosp","quantile",0.025,242,"COVID-19"
"DE","00+",2022-11-17,2022-10-26,"-22 day ahead inc hosp","quantile",0.025,14058,"COVID-19"
"DE","05-14",2022-11-17,2022-10-26,"-22 day ahead inc hosp","quantile",0.025,89,"COVID-19"
"DE","15-34",2022-11-17,2022-10-26,"-22 day ahead inc hosp","quantile",0.025,681,"COVID-19"
"DE","35-59",2022-11-17,2022-10-26,"-22 day ahead inc hosp","quantile",0.025,1912,"COVID-19"
"DE","60-79",2022-11-17,2022-10-26,"-22 day ahead inc hosp","quantile",0.025,5005,"COVID-19"
"DE","80+",2022-11-17,2022-10-26,"-22 day ahead inc hosp","quantile",0.025,5995,"COVID-19"
"DE-BB","00+",2022-11-17,2022-10-26,"-22 day ahead inc hosp","quantile",0.025,589,"COVID-19"
"DE-BE","00+",2022-11-17,2022-10-26,"-22 day ahead inc hosp","quantile",0.025,479,"COVID-19"
"DE-BW","00+",2022-11-17,2022-10-26,"-22 day ahead inc hosp","quantile",0.025,1417,"COVID-19"
"DE-BY","00+",2022-11-17,2022-10-26,"-22 day ahead inc hosp","quantile",0.025,2461,"COVID-19"
"DE-HB","00+",2022-11-17,2022-10-26,"-22 day ahead inc hosp","quantile",0.025,39,"COVID-19"
"DE-HE","00+",2022-11-17,2022-10-26,"-22 day ahead inc hosp","quantile",0.025,938,"COVID-19"
"DE-HH","00+",2022-11-17,2022-10-26,"-22 day ahead inc hosp","quantile",0.025,225,"COVID-19"
"DE-MV","00+",2022-11-17,2022-10-26,"-22 day ahead inc hosp","quantile",0.025,399,"COVID-19"
"DE-NI","00+",2022-11-17,2022-10-26,"-22 day ahead inc hosp","quantile",0.025,782,"COVID-19"
"DE-NW","00+",2022-11-17,2022-10-26,"-22 day ahead inc hosp","quantile",0.025,3373,"COVID-19"
"DE-RP","00+",2022-11-17,2022-10-26,"-22 day ahead inc hosp","quantile",0.025,614,"COVID-19"
"DE-SH","00+",2022-11-17,2022-10-26,"-22 day ahead inc hosp","quantile",0.025,507,"COVID-19"
"DE-SL","00+",2022-11-17,2022-10-26,"-22 day ahead inc hosp","quantile",0.025,302,"COVID-19"
"DE-SN","00+",2022-11-17,2022-10-26,"-22 day ahead inc hosp","quantile",0.025,728,"COVID-19"
"DE-ST","00+",2022-11-17,2022-10-26,"-22 day ahead inc hosp","quantile",0.025,521,"COVID-19"
"DE-TH","00+",2022-11-17,2022-10-26,"-22 day ahead inc hosp","quantile",0.025,509,"COVID-19"
"DE","00-04",2022-11-17,2022-10-26,"-22 day ahead inc hosp","quantile",0.1,243,"COVID-19"
"DE","00+",2022-11-17,2022-10-26,"-22 day ahead inc hosp","quantile",0.1,14095,"COVID-19"
"DE","05-14",2022-11-17,2022-10-26,"-22 day ahead inc hosp","quantile",0.1,90,"COVID-19"
"DE","15-34",2022-11-17,2022-10-26,"-22 day ahead inc hosp","quantile",0.1,685,"COVID-19"
"DE","35-59",2022-11-17,2022-10-26,"-22 day ahead inc hosp","quantile",0.1,1920,"COVID-19"
"DE","60-79",2022-11-17,2022-10-26,"-22 day ahead inc hosp","quantile",0.1,5019,"COVID-19"
"DE","80+",2022-11-17,2022-10-26,"-22 day ahead inc hosp","quantile",0.1,6015,"COVID-19"
"DE-BB","00+",2022-11-17,2022-10-26,"-22 day ahead inc hosp","quantile",0.1,594,"COVID-19"
"DE-BE","00+",2022-11-17,2022-10-26,"-22 day ahead inc hosp","quantile",0.1,482,"COVID-19"
"DE-BW","00+",2022-11-17,2022-10-26,"-22 day ahead inc hosp","quantile",0.1,1422,"COVID-19"
"DE-BY","00+",2022-11-17,2022-10-26,"-22 day ahead inc hosp","quantile",0.1,2470,"COVID-19"
"DE-HB","00+",2022-11-17,2022-10-26,"-22 day ahead inc hosp","quantile",0.1,39,"COVID-19"
"DE-HE","00+",2022-11-17,2022-10-26,"-22 day ahead inc hosp","quantile",0.1,941,"COVID-19"
"DE-HH","00+",2022-11-17,2022-10-26,"-22 day ahead inc hosp","quantile",0.1,228,"COVID-19"
"DE-MV","00+",2022-11-17,2022-10-26,"-22 day ahead inc hosp","quantile",0.1,400,"COVID-19"
"DE-NI","00+",2022-11-17,2022-10-26,"-22 day ahead inc hosp","quantile",0.1,788,"COVID-19"
"DE-NW","00+",2022-11-17,2022-10-26,"-22 day ahead inc hosp","quantile",0.1,3391,"COVID-19"
"DE-RP","00+",2022-11-17,2022-10-26,"-22 day ahead inc hosp","quantile",0.1,617,"COVID-19"
"DE-SH","00+",2022-11-17,2022-10-26,"-22 day ahead inc hosp","quantile",0.1,509,"COVID-19"
"DE-SL","00+",2022-11-17,2022-10-26,"-22 day ahead inc hosp","quantile",0.1,304,"COVID-19"
"DE-SN","00+",2022-11-17,2022-10-26,"-22 day ahead inc hosp","quantile",0.1,730,"COVID-19"
"DE-ST","00+",2022-11-17,2022-10-26,"-22 day ahead inc hosp","quantile",0.1,523,"COVID-19"
"DE-TH","00+",2022-11-17,2022-10-26,"-22 day ahead inc hosp","quantile",0.1,510,"COVID-19"
"DE","00-04",2022-11-17,2022-10-26,"-22 day ahead inc hosp","quantile",0.25,244,"COVID-19"
"DE","00+",2022-11-17,2022-10-26,"-22 day ahead inc hosp","quantile",0.25,14136,"COVID-19"
"DE","05-14",2022-11-17,2022-10-26,"-22 day ahead inc hosp","quantile",0.25,90,"COVID-19"
"DE","15-34",2022-11-17,2022-10-26,"-22 day ahead inc hosp","quantile",0.25,688,"COVID-19"
"DE","35-59",2022-11-17,2022-10-26,"-22 day ahead inc hosp","quantile",0.25,1927,"COVID-19"
"DE","60-79",2022-11-17,2022-10-26,"-22 day ahead inc hosp","quantile",0.25,5034,"COVID-19"
"DE","80+",2022-11-17,2022-10-26,"-22 day ahead inc hosp","quantile",0.25,6037,"COVID-19"
"DE-BB","00+",2022-11-17,2022-10-26,"-22 day ahead inc hosp","quantile",0.25,598,"COVID-19"
"DE-BE","00+",2022-11-17,2022-10-26,"-22 day ahead inc hosp","quantile",0.25,486,"COVID-19"
"DE-BW","00+",2022-11-17,2022-10-26,"-22 day ahead inc hosp","quantile",0.25,1427,"COVID-19"
"DE-BY","00+",2022-11-17,2022-10-26,"-22 day ahead inc hosp","quantile",0.25,2479,"COVID-19"
"DE-HB","00+",2022-11-17,2022-10-26,"-22 day ahead inc hosp","quantile",0.25,39,"COVID-19"
"DE-HE","00+",2022-11-17,2022-10-26,"-22 day ahead inc hosp","quantile",0.25,945,"COVID-19"
"DE-HH","00+",2022-11-17,2022-10-26,"-22 day ahead inc hosp","quantile",0.25,231,"COVID-19"
"DE-MV","00+",2022-11-17,2022-10-26,"-22 day ahead inc hosp","quantile",0.25,400,"COVID-19"
"DE-NI","00+",2022-11-17,2022-10-26,"-22 day ahead inc hosp","quantile",0.25,796,"COVID-19"
"DE-NW","00+",2022-11-17,2022-10-26,"-22 day ahead inc hosp","quantile",0.25,3410,"COVID-19"
"DE-RP","00+",2022-11-17,2022-10-26,"-22 day ahead inc hosp","quantile",0.25,620,"COVID-19"
"DE-SH","00+",2022-11-17,2022-10-26,"-22 day ahead inc hosp","quantile",0.25,511,"COVID-19"
"DE-SL","00+",2022-11-17,2022-10-26,"-22 day ahead inc hosp","quantile",0.25,306,"COVID-19"
"DE-SN","00+",2022-11-17,2022-10-26,"-22 day ahead inc hosp","quantile",0.25,732,"COVID-19"
"DE-ST","00+",2022-11-17,2022-10-26,"-22 day ahead inc hosp","quantile",0.25,526,"COVID-19"
"DE-TH","00+",2022-11-17,2022-10-26,"-22 day ahead inc hosp","quantile",0.25,512,"COVID-19"
"DE","00-04",2022-11-17,2022-10-26,"-22 day ahead inc hosp","quantile",0.5,247,"COVID-19"
"DE","00+",2022-11-17,2022-10-26,"-22 day ahead inc hosp","quantile",0.5,14187,"COVID-19"
"DE","05-14",2022-11-17,2022-10-26,"-22 day ahead inc hosp","quantile",0.5,92,"COVID-19"
"DE","15-34",2022-11-17,2022-10-26,"-22 day ahead inc hosp","quantile",0.5,694,"COVID-19"
"DE","35-59",2022-11-17,2022-10-26,"-22 day ahead inc hosp","quantile",0.5,1936,"COVID-19"
"DE","60-79",2022-11-17,2022-10-26,"-22 day ahead inc hosp","quantile",0.5,5053,"COVID-19"
"DE","80+",2022-11-17,2022-10-26,"-22 day ahead inc hosp","quantile",0.5,6064,"COVID-19"
"DE-BB","00+",2022-11-17,2022-10-26,"-22 day ahead inc hosp","quantile",0.5,603,"COVID-19"
"DE-BE","00+",2022-11-17,2022-10-26,"-22 day ahead inc hosp","quantile",0.5,491,"COVID-19"
"DE-BW","00+",2022-11-17,2022-10-26,"-22 day ahead inc hosp","quantile",0.5,1434,"COVID-19"
"DE-BY","00+",2022-11-17,2022-10-26,"-22 day ahead inc hosp","quantile",0.5,2489,"COVID-19"
"DE-HB","00+",2022-11-17,2022-10-26,"-22 day ahead inc hosp","quantile",0.5,39,"COVID-19"
"DE-HE","00+",2022-11-17,2022-10-26,"-22 day ahead inc hosp","quantile",0.5,950,"COVID-19"
"DE-HH","00+",2022-11-17,2022-10-26,"-22 day ahead inc hosp","quantile",0.5,234,"COVID-19"
"DE-MV","00+",2022-11-17,2022-10-26,"-22 day ahead inc hosp","quantile",0.5,402,"COVID-19"
"DE-NI","00+",2022-11-17,2022-10-26,"-22 day ahead inc hosp","quantile",0.5,806,"COVID-19"
"DE-NW","00+",2022-11-17,2022-10-26,"-22 day ahead inc hosp","quantile",0.5,3437,"COVID-19"
"DE-RP","00+",2022-11-17,2022-10-26,"-22 day ahead inc hosp","quantile",0.5,624,"COVID-19"
"DE-SH","00+",2022-11-17,2022-10-26,"-22 day ahead inc hosp","quantile",0.5,514,"COVID-19"
"DE-SL","00+",2022-11-17,2022-10-26,"-22 day ahead inc hosp","quantile",0.5,308,"COVID-19"
"DE-SN","00+",2022-11-17,2022-10-26,"-22 day ahead inc hosp","quantile",0.5,735,"COVID-19"
"DE-ST","00+",2022-11-17,2022-10-26,"-22 day ahead inc hosp","quantile",0.5,530,"COVID-19"
"DE-TH","00+",2022-11-17,2022-10-26,"-22 day ahead inc hosp","quantile",0.5,513,"COVID-19"
"DE","00-04",2022-11-17,2022-10-26,"-22 day ahead inc hosp","quantile",0.75,251,"COVID-19"
"DE","00+",2022-11-17,2022-10-26,"-22 day ahead inc hosp","quantile",0.75,14256,"COVID-19"
"DE","05-14",2022-11-17,2022-10-26,"-22 day ahead inc hosp","quantile",0.75,96,"COVID-19"
"DE","15-34",2022-11-17,2022-10-26,"-22 day ahead inc hosp","quantile",0.75,702,"COVID-19"
"DE","35-59",2022-11-17,2022-10-26,"-22 day ahead inc hosp","quantile",0.75,1949,"COVID-19"
"DE","60-79",2022-11-17,2022-10-26,"-22 day ahead inc hosp","quantile",0.75,5075,"COVID-19"
"DE","80+",2022-11-17,2022-10-26,"-22 day ahead inc hosp","quantile",0.75,6094,"COVID-19"
"DE-BB","00+",2022-11-17,2022-10-26,"-22 day ahead inc hosp","quantile",0.75,610,"COVID-19"
"DE-BE","00+",2022-11-17,2022-10-26,"-22 day ahead inc hosp","quantile",0.75,500,"COVID-19"
"DE-BW","00+",2022-11-17,2022-10-26,"-22 day ahead inc hosp","quantile",0.75,1452,"COVID-19"
"DE-BY","00+",2022-11-17,2022-10-26,"-22 day ahead inc hosp","quantile",0.75,2504,"COVID-19"
"DE-HB","00+",2022-11-17,2022-10-26,"-22 day ahead inc hosp","quantile",0.75,40,"COVID-19"
"DE-HE","00+",2022-11-17,2022-10-26,"-22 day ahead inc hosp","quantile",0.75,958,"COVID-19"
"DE-HH","00+",2022-11-17,2022-10-26,"-22 day ahead inc hosp","quantile",0.75,238,"COVID-19"
"DE-MV","00+",2022-11-17,2022-10-26,"-22 day ahead inc hosp","quantile",0.75,405,"COVID-19"
"DE-NI","00+",2022-11-17,2022-10-26,"-22 day ahead inc hosp","quantile",0.75,823,"COVID-19"
"DE-NW","00+",2022-11-17,2022-10-26,"-22 day ahead inc hosp","quantile",0.75,3470,"COVID-19"
"DE-RP","00+",2022-11-17,2022-10-26,"-22 day ahead inc hosp","quantile",0.75,630,"COVID-19"
"DE-SH","00+",2022-11-17,2022-10-26,"-22 day ahead inc hosp","quantile",0.75,519,"COVID-19"
"DE-SL","00+",2022-11-17,2022-10-26,"-22 day ahead inc hosp","quantile",0.75,312,"COVID-19"
"DE-SN","00+",2022-11-17,2022-10-26,"-22 day ahead inc hosp","quantile",0.75,738,"COVID-19"
"DE-ST","00+",2022-11-17,2022-10-26,"-22 day ahead inc hosp","quantile",0.75,536,"COVID-19"
"DE-TH","00+",2022-11-17,2022-10-26,"-22 day ahead inc hosp","quantile",0.75,515,"COVID-19"
"DE","00-04",2022-11-17,2022-10-26,"-22 day ahead inc hosp","quantile",0.9,256,"COVID-19"
"DE","00+",2022-11-17,2022-10-26,"-22 day ahead inc hosp","quantile",0.9,14322,"COVID-19"
"DE","05-14",2022-11-17,2022-10-26,"-22 day ahead inc hosp","quantile",0.9,104,"COVID-19"
"DE","15-34",2022-11-17,2022-10-26,"-22 day ahead inc hosp","quantile",0.9,712,"COVID-19"
"DE","35-59",2022-11-17,2022-10-26,"-22 day ahead inc hosp","quantile",0.9,1961,"COVID-19"
"DE","60-79",2022-11-17,2022-10-26,"-22 day ahead inc hosp","quantile",0.9,5097,"COVID-19"
"DE","80+",2022-11-17,2022-10-26,"-22 day ahead inc hosp","quantile",0.9,6127,"COVID-19"
"DE-BB","00+",2022-11-17,2022-10-26,"-22 day ahead inc hosp","quantile",0.9,617,"COVID-19"
"DE-BE","00+",2022-11-17,2022-10-26,"-22 day ahead inc hosp","quantile",0.9,512,"COVID-19"
"DE-BW","00+",2022-11-17,2022-10-26,"-22 day ahead inc hosp","quantile",0.9,1463,"COVID-19"
"DE-BY","00+",2022-11-17,2022-10-26,"-22 day ahead inc hosp","quantile",0.9,2518,"COVID-19"
"DE-HB","00+",2022-11-17,2022-10-26,"-22 day ahead inc hosp","quantile",0.9,41,"COVID-19"
"DE-HE","00+",2022-11-17,2022-10-26,"-22 day ahead inc hosp","quantile",0.9,967,"COVID-19"
"DE-HH","00+",2022-11-17,2022-10-26,"-22 day ahead inc hosp","quantile",0.9,244,"COVID-19"
"DE-MV","00+",2022-11-17,2022-10-26,"-22 day ahead inc hosp","quantile",0.9,408,"COVID-19"
"DE-NI","00+",2022-11-17,2022-10-26,"-22 day ahead inc hosp","quantile",0.9,843,"COVID-19"
"DE-NW","00+",2022-11-17,2022-10-26,"-22 day ahead inc hosp","quantile",0.9,3507,"COVID-19"
"DE-RP","00+",2022-11-17,2022-10-26,"-22 day ahead inc hosp","quantile",0.9,642,"COVID-19"
"DE-SH","00+",2022-11-17,2022-10-26,"-22 day ahead inc hosp","quantile",0.9,523,"COVID-19"
"DE-SL","00+",2022-11-17,2022-10-26,"-22 day ahead inc hosp","quantile",0.9,315,"COVID-19"
"DE-SN","00+",2022-11-17,2022-10-26,"-22 day ahead inc hosp","quantile",0.9,742,"COVID-19"
"DE-ST","00+",2022-11-17,2022-10-26,"-22 day ahead inc hosp","quantile",0.9,557,"COVID-19"
"DE-TH","00+",2022-11-17,2022-10-26,"-22 day ahead inc hosp","quantile",0.9,517,"COVID-19"
"DE","00-04",2022-11-17,2022-10-26,"-22 day ahead inc hosp","quantile",0.975,272,"COVID-19"
"DE","00+",2022-11-17,2022-10-26,"-22 day ahead inc hosp","quantile",0.975,14422,"COVID-19"
"DE","05-14",2022-11-17,2022-10-26,"-22 day ahead inc hosp","quantile",0.975,118,"COVID-19"
"DE","15-34",2022-11-17,2022-10-26,"-22 day ahead inc hosp","quantile",0.975,729,"COVID-19"
"DE","35-59",2022-11-17,2022-10-26,"-22 day ahead inc hosp","quantile",0.975,1977,"COVID-19"
"DE","60-79",2022-11-17,2022-10-26,"-22 day ahead inc hosp","quantile",0.975,5121,"COVID-19"
"DE","80+",2022-11-17,2022-10-26,"-22 day ahead inc hosp","quantile",0.975,6163,"COVID-19"
"DE-BB","00+",2022-11-17,2022-10-26,"-22 day ahead inc hosp","quantile",0.975,630,"COVID-19"
"DE-BE","00+",2022-11-17,2022-10-26,"-22 day ahead inc hosp","quantile",0.975,539,"COVID-19"
"DE-BW","00+",2022-11-17,2022-10-26,"-22 day ahead inc hosp","quantile",0.975,1498,"COVID-19"
"DE-BY","00+",2022-11-17,2022-10-26,"-22 day ahead inc hosp","quantile",0.975,2541,"COVID-19"
"DE-HB","00+",2022-11-17,2022-10-26,"-22 day ahead inc hosp","quantile",0.975,46,"COVID-19"
"DE-HE","00+",2022-11-17,2022-10-26,"-22 day ahead inc hosp","quantile",0.975,989,"COVID-19"
"DE-HH","00+",2022-11-17,2022-10-26,"-22 day ahead inc hosp","quantile",0.975,255,"COVID-19"
"DE-MV","00+",2022-11-17,2022-10-26,"-22 day ahead inc hosp","quantile",0.975,414,"COVID-19"
"DE-NI","00+",2022-11-17,2022-10-26,"-22 day ahead inc hosp","quantile",0.975,877,"COVID-19"
"DE-NW","00+",2022-11-17,2022-10-26,"-22 day ahead inc hosp","quantile",0.975,3597,"COVID-19"
"DE-RP","00+",2022-11-17,2022-10-26,"-22 day ahead inc hosp","quantile",0.975,650,"COVID-19"
"DE-SH","00+",2022-11-17,2022-10-26,"-22 day ahead inc hosp","quantile",0.975,527,"COVID-19"
"DE-SL","00+",2022-11-17,2022-10-26,"-22 day ahead inc hosp","quantile",0.975,323,"COVID-19"
"DE-SN","00+",2022-11-17,2022-10-26,"-22 day ahead inc hosp","quantile",0.975,746,"COVID-19"
"DE-ST","00+",2022-11-17,2022-10-26,"-22 day ahead inc hosp","quantile",0.975,572,"COVID-19"
"DE-TH","00+",2022-11-17,2022-10-26,"-22 day ahead inc hosp","quantile",0.975,520,"COVID-19"
"DE","00-04",2022-11-17,2022-10-27,"-21 day ahead inc hosp","mean",NA,227,"COVID-19"
"DE","00+",2022-11-17,2022-10-27,"-21 day ahead inc hosp","mean",NA,13508,"COVID-19"
"DE","05-14",2022-11-17,2022-10-27,"-21 day ahead inc hosp","mean",NA,93,"COVID-19"
"DE","15-34",2022-11-17,2022-10-27,"-21 day ahead inc hosp","mean",NA,668,"COVID-19"
"DE","35-59",2022-11-17,2022-10-27,"-21 day ahead inc hosp","mean",NA,1847,"COVID-19"
"DE","60-79",2022-11-17,2022-10-27,"-21 day ahead inc hosp","mean",NA,4867,"COVID-19"
"DE","80+",2022-11-17,2022-10-27,"-21 day ahead inc hosp","mean",NA,5737,"COVID-19"
"DE-BB","00+",2022-11-17,2022-10-27,"-21 day ahead inc hosp","mean",NA,609,"COVID-19"
"DE-BE","00+",2022-11-17,2022-10-27,"-21 day ahead inc hosp","mean",NA,484,"COVID-19"
"DE-BW","00+",2022-11-17,2022-10-27,"-21 day ahead inc hosp","mean",NA,1357,"COVID-19"
"DE-BY","00+",2022-11-17,2022-10-27,"-21 day ahead inc hosp","mean",NA,2315,"COVID-19"
"DE-HB","00+",2022-11-17,2022-10-27,"-21 day ahead inc hosp","mean",NA,34,"COVID-19"
"DE-HE","00+",2022-11-17,2022-10-27,"-21 day ahead inc hosp","mean",NA,881,"COVID-19"
"DE-HH","00+",2022-11-17,2022-10-27,"-21 day ahead inc hosp","mean",NA,232,"COVID-19"
"DE-MV","00+",2022-11-17,2022-10-27,"-21 day ahead inc hosp","mean",NA,397,"COVID-19"
"DE-NI","00+",2022-11-17,2022-10-27,"-21 day ahead inc hosp","mean",NA,788,"COVID-19"
"DE-NW","00+",2022-11-17,2022-10-27,"-21 day ahead inc hosp","mean",NA,3300,"COVID-19"
"DE-RP","00+",2022-11-17,2022-10-27,"-21 day ahead inc hosp","mean",NA,595,"COVID-19"
"DE-SH","00+",2022-11-17,2022-10-27,"-21 day ahead inc hosp","mean",NA,500,"COVID-19"
"DE-SL","00+",2022-11-17,2022-10-27,"-21 day ahead inc hosp","mean",NA,274,"COVID-19"
"DE-SN","00+",2022-11-17,2022-10-27,"-21 day ahead inc hosp","mean",NA,708,"COVID-19"
"DE-ST","00+",2022-11-17,2022-10-27,"-21 day ahead inc hosp","mean",NA,504,"COVID-19"
"DE-TH","00+",2022-11-17,2022-10-27,"-21 day ahead inc hosp","mean",NA,483,"COVID-19"
"DE","00-04",2022-11-17,2022-10-27,"-21 day ahead inc hosp","quantile",0.025,222,"COVID-19"
"DE","00+",2022-11-17,2022-10-27,"-21 day ahead inc hosp","quantile",0.025,13375,"COVID-19"
"DE","05-14",2022-11-17,2022-10-27,"-21 day ahead inc hosp","quantile",0.025,89,"COVID-19"
"DE","15-34",2022-11-17,2022-10-27,"-21 day ahead inc hosp","quantile",0.025,653,"COVID-19"
"DE","35-59",2022-11-17,2022-10-27,"-21 day ahead inc hosp","quantile",0.025,1822,"COVID-19"
"DE","60-79",2022-11-17,2022-10-27,"-21 day ahead inc hosp","quantile",0.025,4815,"COVID-19"
"DE","80+",2022-11-17,2022-10-27,"-21 day ahead inc hosp","quantile",0.025,5667,"COVID-19"
"DE-BB","00+",2022-11-17,2022-10-27,"-21 day ahead inc hosp","quantile",0.025,596,"COVID-19"
"DE-BE","00+",2022-11-17,2022-10-27,"-21 day ahead inc hosp","quantile",0.025,471,"COVID-19"
"DE-BW","00+",2022-11-17,2022-10-27,"-21 day ahead inc hosp","quantile",0.025,1335,"COVID-19"
"DE-BY","00+",2022-11-17,2022-10-27,"-21 day ahead inc hosp","quantile",0.025,2288,"COVID-19"
"DE-HB","00+",2022-11-17,2022-10-27,"-21 day ahead inc hosp","quantile",0.025,34,"COVID-19"
"DE-HE","00+",2022-11-17,2022-10-27,"-21 day ahead inc hosp","quantile",0.025,869,"COVID-19"
"DE-HH","00+",2022-11-17,2022-10-27,"-21 day ahead inc hosp","quantile",0.025,221,"COVID-19"
"DE-MV","00+",2022-11-17,2022-10-27,"-21 day ahead inc hosp","quantile",0.025,393,"COVID-19"
"DE-NI","00+",2022-11-17,2022-10-27,"-21 day ahead inc hosp","quantile",0.025,763,"COVID-19"
"DE-NW","00+",2022-11-17,2022-10-27,"-21 day ahead inc hosp","quantile",0.025,3231,"COVID-19"
"DE-RP","00+",2022-11-17,2022-10-27,"-21 day ahead inc hosp","quantile",0.025,585,"COVID-19"
"DE-SH","00+",2022-11-17,2022-10-27,"-21 day ahead inc hosp","quantile",0.025,492,"COVID-19"
"DE-SL","00+",2022-11-17,2022-10-27,"-21 day ahead inc hosp","quantile",0.025,268,"COVID-19"
"DE-SN","00+",2022-11-17,2022-10-27,"-21 day ahead inc hosp","quantile",0.025,699,"COVID-19"
"DE-ST","00+",2022-11-17,2022-10-27,"-21 day ahead inc hosp","quantile",0.025,495,"COVID-19"
"DE-TH","00+",2022-11-17,2022-10-27,"-21 day ahead inc hosp","quantile",0.025,478,"COVID-19"
"DE","00-04",2022-11-17,2022-10-27,"-21 day ahead inc hosp","quantile",0.1,223,"COVID-19"
"DE","00+",2022-11-17,2022-10-27,"-21 day ahead inc hosp","quantile",0.1,13413,"COVID-19"
"DE","05-14",2022-11-17,2022-10-27,"-21 day ahead inc hosp","quantile",0.1,90,"COVID-19"
"DE","15-34",2022-11-17,2022-10-27,"-21 day ahead inc hosp","quantile",0.1,656,"COVID-19"
"DE","35-59",2022-11-17,2022-10-27,"-21 day ahead inc hosp","quantile",0.1,1830,"COVID-19"
"DE","60-79",2022-11-17,2022-10-27,"-21 day ahead inc hosp","quantile",0.1,4830,"COVID-19"
"DE","80+",2022-11-17,2022-10-27,"-21 day ahead inc hosp","quantile",0.1,5686,"COVID-19"
"DE-BB","00+",2022-11-17,2022-10-27,"-21 day ahead inc hosp","quantile",0.1,600,"COVID-19"
"DE-BE","00+",2022-11-17,2022-10-27,"-21 day ahead inc hosp","quantile",0.1,474,"COVID-19"
"DE-BW","00+",2022-11-17,2022-10-27,"-21 day ahead inc hosp","quantile",0.1,1339,"COVID-19"
"DE-BY","00+",2022-11-17,2022-10-27,"-21 day ahead inc hosp","quantile",0.1,2297,"COVID-19"
"DE-HB","00+",2022-11-17,2022-10-27,"-21 day ahead inc hosp","quantile",0.1,34,"COVID-19"
"DE-HE","00+",2022-11-17,2022-10-27,"-21 day ahead inc hosp","quantile",0.1,872,"COVID-19"
"DE-HH","00+",2022-11-17,2022-10-27,"-21 day ahead inc hosp","quantile",0.1,224,"COVID-19"
"DE-MV","00+",2022-11-17,2022-10-27,"-21 day ahead inc hosp","quantile",0.1,394,"COVID-19"
"DE-NI","00+",2022-11-17,2022-10-27,"-21 day ahead inc hosp","quantile",0.1,769,"COVID-19"
"DE-NW","00+",2022-11-17,2022-10-27,"-21 day ahead inc hosp","quantile",0.1,3251,"COVID-19"
"DE-RP","00+",2022-11-17,2022-10-27,"-21 day ahead inc hosp","quantile",0.1,588,"COVID-19"
"DE-SH","00+",2022-11-17,2022-10-27,"-21 day ahead inc hosp","quantile",0.1,494,"COVID-19"
"DE-SL","00+",2022-11-17,2022-10-27,"-21 day ahead inc hosp","quantile",0.1,270,"COVID-19"
"DE-SN","00+",2022-11-17,2022-10-27,"-21 day ahead inc hosp","quantile",0.1,702,"COVID-19"
"DE-ST","00+",2022-11-17,2022-10-27,"-21 day ahead inc hosp","quantile",0.1,497,"COVID-19"
"DE-TH","00+",2022-11-17,2022-10-27,"-21 day ahead inc hosp","quantile",0.1,480,"COVID-19"
"DE","00-04",2022-11-17,2022-10-27,"-21 day ahead inc hosp","quantile",0.25,225,"COVID-19"
"DE","00+",2022-11-17,2022-10-27,"-21 day ahead inc hosp","quantile",0.25,13455,"COVID-19"
"DE","05-14",2022-11-17,2022-10-27,"-21 day ahead inc hosp","quantile",0.25,91,"COVID-19"
"DE","15-34",2022-11-17,2022-10-27,"-21 day ahead inc hosp","quantile",0.25,660,"COVID-19"
"DE","35-59",2022-11-17,2022-10-27,"-21 day ahead inc hosp","quantile",0.25,1837,"COVID-19"
"DE","60-79",2022-11-17,2022-10-27,"-21 day ahead inc hosp","quantile",0.25,4846,"COVID-19"
"DE","80+",2022-11-17,2022-10-27,"-21 day ahead inc hosp","quantile",0.25,5708,"COVID-19"
"DE-BB","00+",2022-11-17,2022-10-27,"-21 day ahead inc hosp","quantile",0.25,604,"COVID-19"
"DE-BE","00+",2022-11-17,2022-10-27,"-21 day ahead inc hosp","quantile",0.25,478,"COVID-19"
"DE-BW","00+",2022-11-17,2022-10-27,"-21 day ahead inc hosp","quantile",0.25,1345,"COVID-19"
"DE-BY","00+",2022-11-17,2022-10-27,"-21 day ahead inc hosp","quantile",0.25,2307,"COVID-19"
"DE-HB","00+",2022-11-17,2022-10-27,"-21 day ahead inc hosp","quantile",0.25,34,"COVID-19"
"DE-HE","00+",2022-11-17,2022-10-27,"-21 day ahead inc hosp","quantile",0.25,876,"COVID-19"
"DE-HH","00+",2022-11-17,2022-10-27,"-21 day ahead inc hosp","quantile",0.25,227,"COVID-19"
"DE-MV","00+",2022-11-17,2022-10-27,"-21 day ahead inc hosp","quantile",0.25,395,"COVID-19"
"DE-NI","00+",2022-11-17,2022-10-27,"-21 day ahead inc hosp","quantile",0.25,777,"COVID-19"
"DE-NW","00+",2022-11-17,2022-10-27,"-21 day ahead inc hosp","quantile",0.25,3271,"COVID-19"
"DE-RP","00+",2022-11-17,2022-10-27,"-21 day ahead inc hosp","quantile",0.25,591,"COVID-19"
"DE-SH","00+",2022-11-17,2022-10-27,"-21 day ahead inc hosp","quantile",0.25,497,"COVID-19"
"DE-SL","00+",2022-11-17,2022-10-27,"-21 day ahead inc hosp","quantile",0.25,272,"COVID-19"
"DE-SN","00+",2022-11-17,2022-10-27,"-21 day ahead inc hosp","quantile",0.25,704,"COVID-19"
"DE-ST","00+",2022-11-17,2022-10-27,"-21 day ahead inc hosp","quantile",0.25,500,"COVID-19"
"DE-TH","00+",2022-11-17,2022-10-27,"-21 day ahead inc hosp","quantile",0.25,481,"COVID-19"
"DE","00-04",2022-11-17,2022-10-27,"-21 day ahead inc hosp","quantile",0.5,227,"COVID-19"
"DE","00+",2022-11-17,2022-10-27,"-21 day ahead inc hosp","quantile",0.5,13507,"COVID-19"
"DE","05-14",2022-11-17,2022-10-27,"-21 day ahead inc hosp","quantile",0.5,93,"COVID-19"
"DE","15-34",2022-11-17,2022-10-27,"-21 day ahead inc hosp","quantile",0.5,667,"COVID-19"
"DE","35-59",2022-11-17,2022-10-27,"-21 day ahead inc hosp","quantile",0.5,1847,"COVID-19"
"DE","60-79",2022-11-17,2022-10-27,"-21 day ahead inc hosp","quantile",0.5,4866,"COVID-19"
"DE","80+",2022-11-17,2022-10-27,"-21 day ahead inc hosp","quantile",0.5,5734,"COVID-19"
"DE-BB","00+",2022-11-17,2022-10-27,"-21 day ahead inc hosp","quantile",0.5,610,"COVID-19"
"DE-BE","00+",2022-11-17,2022-10-27,"-21 day ahead inc hosp","quantile",0.5,484,"COVID-19"
"DE-BW","00+",2022-11-17,2022-10-27,"-21 day ahead inc hosp","quantile",0.5,1354,"COVID-19"
"DE-BY","00+",2022-11-17,2022-10-27,"-21 day ahead inc hosp","quantile",0.5,2316,"COVID-19"
"DE-HB","00+",2022-11-17,2022-10-27,"-21 day ahead inc hosp","quantile",0.5,34,"COVID-19"
"DE-HE","00+",2022-11-17,2022-10-27,"-21 day ahead inc hosp","quantile",0.5,881,"COVID-19"
"DE-HH","00+",2022-11-17,2022-10-27,"-21 day ahead inc hosp","quantile",0.5,231,"COVID-19"
"DE-MV","00+",2022-11-17,2022-10-27,"-21 day ahead inc hosp","quantile",0.5,396,"COVID-19"
"DE-NI","00+",2022-11-17,2022-10-27,"-21 day ahead inc hosp","quantile",0.5,788,"COVID-19"
"DE-NW","00+",2022-11-17,2022-10-27,"-21 day ahead inc hosp","quantile",0.5,3299,"COVID-19"
"DE-RP","00+",2022-11-17,2022-10-27,"-21 day ahead inc hosp","quantile",0.5,596,"COVID-19"
"DE-SH","00+",2022-11-17,2022-10-27,"-21 day ahead inc hosp","quantile",0.5,500,"COVID-19"
"DE-SL","00+",2022-11-17,2022-10-27,"-21 day ahead inc hosp","quantile",0.5,274,"COVID-19"
"DE-SN","00+",2022-11-17,2022-10-27,"-21 day ahead inc hosp","quantile",0.5,707,"COVID-19"
"DE-ST","00+",2022-11-17,2022-10-27,"-21 day ahead inc hosp","quantile",0.5,504,"COVID-19"
"DE-TH","00+",2022-11-17,2022-10-27,"-21 day ahead inc hosp","quantile",0.5,482,"COVID-19"
"DE","00-04",2022-11-17,2022-10-27,"-21 day ahead inc hosp","quantile",0.75,231,"COVID-19"
"DE","00+",2022-11-17,2022-10-27,"-21 day ahead inc hosp","quantile",0.75,13577,"COVID-19"
"DE","05-14",2022-11-17,2022-10-27,"-21 day ahead inc hosp","quantile",0.75,97,"COVID-19"
"DE","15-34",2022-11-17,2022-10-27,"-21 day ahead inc hosp","quantile",0.75,675,"COVID-19"
"DE","35-59",2022-11-17,2022-10-27,"-21 day ahead inc hosp","quantile",0.75,1859,"COVID-19"
"DE","60-79",2022-11-17,2022-10-27,"-21 day ahead inc hosp","quantile",0.75,4887,"COVID-19"
"DE","80+",2022-11-17,2022-10-27,"-21 day ahead inc hosp","quantile",0.75,5763,"COVID-19"
"DE-BB","00+",2022-11-17,2022-10-27,"-21 day ahead inc hosp","quantile",0.75,617,"COVID-19"
"DE-BE","00+",2022-11-17,2022-10-27,"-21 day ahead inc hosp","quantile",0.75,493,"COVID-19"
"DE-BW","00+",2022-11-17,2022-10-27,"-21 day ahead inc hosp","quantile",0.75,1372,"COVID-19"
"DE-BY","00+",2022-11-17,2022-10-27,"-21 day ahead inc hosp","quantile",0.75,2330,"COVID-19"
"DE-HB","00+",2022-11-17,2022-10-27,"-21 day ahead inc hosp","quantile",0.75,35,"COVID-19"
"DE-HE","00+",2022-11-17,2022-10-27,"-21 day ahead inc hosp","quantile",0.75,889,"COVID-19"
"DE-HH","00+",2022-11-17,2022-10-27,"-21 day ahead inc hosp","quantile",0.75,236,"COVID-19"
"DE-MV","00+",2022-11-17,2022-10-27,"-21 day ahead inc hosp","quantile",0.75,399,"COVID-19"
"DE-NI","00+",2022-11-17,2022-10-27,"-21 day ahead inc hosp","quantile",0.75,806,"COVID-19"
"DE-NW","00+",2022-11-17,2022-10-27,"-21 day ahead inc hosp","quantile",0.75,3332,"COVID-19"
"DE-RP","00+",2022-11-17,2022-10-27,"-21 day ahead inc hosp","quantile",0.75,603,"COVID-19"
"DE-SH","00+",2022-11-17,2022-10-27,"-21 day ahead inc hosp","quantile",0.75,505,"COVID-19"
"DE-SL","00+",2022-11-17,2022-10-27,"-21 day ahead inc hosp","quantile",0.75,277,"COVID-19"
"DE-SN","00+",2022-11-17,2022-10-27,"-21 day ahead inc hosp","quantile",0.75,711,"COVID-19"
"DE-ST","00+",2022-11-17,2022-10-27,"-21 day ahead inc hosp","quantile",0.75,514,"COVID-19"
"DE-TH","00+",2022-11-17,2022-10-27,"-21 day ahead inc hosp","quantile",0.75,484,"COVID-19"
"DE","00-04",2022-11-17,2022-10-27,"-21 day ahead inc hosp","quantile",0.9,236,"COVID-19"
"DE","00+",2022-11-17,2022-10-27,"-21 day ahead inc hosp","quantile",0.9,13639,"COVID-19"
"DE","05-14",2022-11-17,2022-10-27,"-21 day ahead inc hosp","quantile",0.9,104,"COVID-19"
"DE","15-34",2022-11-17,2022-10-27,"-21 day ahead inc hosp","quantile",0.9,686,"COVID-19"
"DE","35-59",2022-11-17,2022-10-27,"-21 day ahead inc hosp","quantile",0.9,1871,"COVID-19"
"DE","60-79",2022-11-17,2022-10-27,"-21 day ahead inc hosp","quantile",0.9,4908,"COVID-19"
"DE","80+",2022-11-17,2022-10-27,"-21 day ahead inc hosp","quantile",0.9,5794,"COVID-19"
"DE-BB","00+",2022-11-17,2022-10-27,"-21 day ahead inc hosp","quantile",0.9,624,"COVID-19"
"DE-BE","00+",2022-11-17,2022-10-27,"-21 day ahead inc hosp","quantile",0.9,505,"COVID-19"
"DE-BW","00+",2022-11-17,2022-10-27,"-21 day ahead inc hosp","quantile",0.9,1384,"COVID-19"
"DE-BY","00+",2022-11-17,2022-10-27,"-21 day ahead inc hosp","quantile",0.9,2345,"COVID-19"
"DE-HB","00+",2022-11-17,2022-10-27,"-21 day ahead inc hosp","quantile",0.9,36,"COVID-19"
"DE-HE","00+",2022-11-17,2022-10-27,"-21 day ahead inc hosp","quantile",0.9,898,"COVID-19"
"DE-HH","00+",2022-11-17,2022-10-27,"-21 day ahead inc hosp","quantile",0.9,241,"COVID-19"
"DE-MV","00+",2022-11-17,2022-10-27,"-21 day ahead inc hosp","quantile",0.9,402,"COVID-19"
"DE-NI","00+",2022-11-17,2022-10-27,"-21 day ahead inc hosp","quantile",0.9,825,"COVID-19"
"DE-NW","00+",2022-11-17,2022-10-27,"-21 day ahead inc hosp","quantile",0.9,3391,"COVID-19"
"DE-RP","00+",2022-11-17,2022-10-27,"-21 day ahead inc hosp","quantile",0.9,613,"COVID-19"
"DE-SH","00+",2022-11-17,2022-10-27,"-21 day ahead inc hosp","quantile",0.9,509,"COVID-19"
"DE-SL","00+",2022-11-17,2022-10-27,"-21 day ahead inc hosp","quantile",0.9,281,"COVID-19"
"DE-SN","00+",2022-11-17,2022-10-27,"-21 day ahead inc hosp","quantile",0.9,714,"COVID-19"
"DE-ST","00+",2022-11-17,2022-10-27,"-21 day ahead inc hosp","quantile",0.9,531,"COVID-19"
"DE-TH","00+",2022-11-17,2022-10-27,"-21 day ahead inc hosp","quantile",0.9,486,"COVID-19"
"DE","00-04",2022-11-17,2022-10-27,"-21 day ahead inc hosp","quantile",0.975,251,"COVID-19"
"DE","00+",2022-11-17,2022-10-27,"-21 day ahead inc hosp","quantile",0.975,13739,"COVID-19"
"DE","05-14",2022-11-17,2022-10-27,"-21 day ahead inc hosp","quantile",0.975,117,"COVID-19"
"DE","15-34",2022-11-17,2022-10-27,"-21 day ahead inc hosp","quantile",0.975,704,"COVID-19"
"DE","35-59",2022-11-17,2022-10-27,"-21 day ahead inc hosp","quantile",0.975,1886,"COVID-19"
"DE","60-79",2022-11-17,2022-10-27,"-21 day ahead inc hosp","quantile",0.975,4934,"COVID-19"
"DE","80+",2022-11-17,2022-10-27,"-21 day ahead inc hosp","quantile",0.975,5828,"COVID-19"
"DE-BB","00+",2022-11-17,2022-10-27,"-21 day ahead inc hosp","quantile",0.975,653,"COVID-19"
"DE-BE","00+",2022-11-17,2022-10-27,"-21 day ahead inc hosp","quantile",0.975,533,"COVID-19"
"DE-BW","00+",2022-11-17,2022-10-27,"-21 day ahead inc hosp","quantile",0.975,1418,"COVID-19"
"DE-BY","00+",2022-11-17,2022-10-27,"-21 day ahead inc hosp","quantile",0.975,2365,"COVID-19"
"DE-HB","00+",2022-11-17,2022-10-27,"-21 day ahead inc hosp","quantile",0.975,41,"COVID-19"
"DE-HE","00+",2022-11-17,2022-10-27,"-21 day ahead inc hosp","quantile",0.975,917,"COVID-19"
"DE-HH","00+",2022-11-17,2022-10-27,"-21 day ahead inc hosp","quantile",0.975,252,"COVID-19"
"DE-MV","00+",2022-11-17,2022-10-27,"-21 day ahead inc hosp","quantile",0.975,407,"COVID-19"
"DE-NI","00+",2022-11-17,2022-10-27,"-21 day ahead inc hosp","quantile",0.975,859,"COVID-19"
"DE-NW","00+",2022-11-17,2022-10-27,"-21 day ahead inc hosp","quantile",0.975,3460,"COVID-19"
"DE-RP","00+",2022-11-17,2022-10-27,"-21 day ahead inc hosp","quantile",0.975,632,"COVID-19"
"DE-SH","00+",2022-11-17,2022-10-27,"-21 day ahead inc hosp","quantile",0.975,514,"COVID-19"
"DE-SL","00+",2022-11-17,2022-10-27,"-21 day ahead inc hosp","quantile",0.975,288,"COVID-19"
"DE-SN","00+",2022-11-17,2022-10-27,"-21 day ahead inc hosp","quantile",0.975,718,"COVID-19"
"DE-ST","00+",2022-11-17,2022-10-27,"-21 day ahead inc hosp","quantile",0.975,547,"COVID-19"
"DE-TH","00+",2022-11-17,2022-10-27,"-21 day ahead inc hosp","quantile",0.975,489,"COVID-19"
"DE","00-04",2022-11-17,2022-10-28,"-20 day ahead inc hosp","mean",NA,230,"COVID-19"
"DE","00+",2022-11-17,2022-10-28,"-20 day ahead inc hosp","mean",NA,12864,"COVID-19"
"DE","05-14",2022-11-17,2022-10-28,"-20 day ahead inc hosp","mean",NA,85,"COVID-19"
"DE","15-34",2022-11-17,2022-10-28,"-20 day ahead inc hosp","mean",NA,638,"COVID-19"
"DE","35-59",2022-11-17,2022-10-28,"-20 day ahead inc hosp","mean",NA,1748,"COVID-19"
"DE","60-79",2022-11-17,2022-10-28,"-20 day ahead inc hosp","mean",NA,4641,"COVID-19"
"DE","80+",2022-11-17,2022-10-28,"-20 day ahead inc hosp","mean",NA,5478,"COVID-19"
"DE-BB","00+",2022-11-17,2022-10-28,"-20 day ahead inc hosp","mean",NA,587,"COVID-19"
"DE-BE","00+",2022-11-17,2022-10-28,"-20 day ahead inc hosp","mean",NA,482,"COVID-19"
"DE-BW","00+",2022-11-17,2022-10-28,"-20 day ahead inc hosp","mean",NA,1286,"COVID-19"
"DE-BY","00+",2022-11-17,2022-10-28,"-20 day ahead inc hosp","mean",NA,2141,"COVID-19"
"DE-HB","00+",2022-11-17,2022-10-28,"-20 day ahead inc hosp","mean",NA,33,"COVID-19"
"DE-HE","00+",2022-11-17,2022-10-28,"-20 day ahead inc hosp","mean",NA,843,"COVID-19"
"DE-HH","00+",2022-11-17,2022-10-28,"-20 day ahead inc hosp","mean",NA,203,"COVID-19"
"DE-MV","00+",2022-11-17,2022-10-28,"-20 day ahead inc hosp","mean",NA,355,"COVID-19"
"DE-NI","00+",2022-11-17,2022-10-28,"-20 day ahead inc hosp","mean",NA,757,"COVID-19"
"DE-NW","00+",2022-11-17,2022-10-28,"-20 day ahead inc hosp","mean",NA,3235,"COVID-19"
"DE-RP","00+",2022-11-17,2022-10-28,"-20 day ahead inc hosp","mean",NA,560,"COVID-19"
"DE-SH","00+",2022-11-17,2022-10-28,"-20 day ahead inc hosp","mean",NA,477,"COVID-19"
"DE-SL","00+",2022-11-17,2022-10-28,"-20 day ahead inc hosp","mean",NA,254,"COVID-19"
"DE-SN","00+",2022-11-17,2022-10-28,"-20 day ahead inc hosp","mean",NA,679,"COVID-19"
"DE-ST","00+",2022-11-17,2022-10-28,"-20 day ahead inc hosp","mean",NA,482,"COVID-19"
"DE-TH","00+",2022-11-17,2022-10-28,"-20 day ahead inc hosp","mean",NA,459,"COVID-19"
"DE","00-04",2022-11-17,2022-10-28,"-20 day ahead inc hosp","quantile",0.025,225,"COVID-19"
"DE","00+",2022-11-17,2022-10-28,"-20 day ahead inc hosp","quantile",0.025,12726,"COVID-19"
"DE","05-14",2022-11-17,2022-10-28,"-20 day ahead inc hosp","quantile",0.025,81,"COVID-19"
"DE","15-34",2022-11-17,2022-10-28,"-20 day ahead inc hosp","quantile",0.025,621,"COVID-19"
"DE","35-59",2022-11-17,2022-10-28,"-20 day ahead inc hosp","quantile",0.025,1722,"COVID-19"
"DE","60-79",2022-11-17,2022-10-28,"-20 day ahead inc hosp","quantile",0.025,4590,"COVID-19"
"DE","80+",2022-11-17,2022-10-28,"-20 day ahead inc hosp","quantile",0.025,5408,"COVID-19"
"DE-BB","00+",2022-11-17,2022-10-28,"-20 day ahead inc hosp","quantile",0.025,573,"COVID-19"
"DE-BE","00+",2022-11-17,2022-10-28,"-20 day ahead inc hosp","quantile",0.025,467,"COVID-19"
"DE-BW","00+",2022-11-17,2022-10-28,"-20 day ahead inc hosp","quantile",0.025,1263,"COVID-19"
"DE-BY","00+",2022-11-17,2022-10-28,"-20 day ahead inc hosp","quantile",0.025,2114,"COVID-19"
"DE-HB","00+",2022-11-17,2022-10-28,"-20 day ahead inc hosp","quantile",0.025,33,"COVID-19"
"DE-HE","00+",2022-11-17,2022-10-28,"-20 day ahead inc hosp","quantile",0.025,831,"COVID-19"
"DE-HH","00+",2022-11-17,2022-10-28,"-20 day ahead inc hosp","quantile",0.025,193,"COVID-19"
"DE-MV","00+",2022-11-17,2022-10-28,"-20 day ahead inc hosp","quantile",0.025,351,"COVID-19"
"DE-NI","00+",2022-11-17,2022-10-28,"-20 day ahead inc hosp","quantile",0.025,730,"COVID-19"
"DE-NW","00+",2022-11-17,2022-10-28,"-20 day ahead inc hosp","quantile",0.025,3163,"COVID-19"
"DE-RP","00+",2022-11-17,2022-10-28,"-20 day ahead inc hosp","quantile",0.025,550,"COVID-19"
"DE-SH","00+",2022-11-17,2022-10-28,"-20 day ahead inc hosp","quantile",0.025,469,"COVID-19"
"DE-SL","00+",2022-11-17,2022-10-28,"-20 day ahead inc hosp","quantile",0.025,248,"COVID-19"
"DE-SN","00+",2022-11-17,2022-10-28,"-20 day ahead inc hosp","quantile",0.025,671,"COVID-19"
"DE-ST","00+",2022-11-17,2022-10-28,"-20 day ahead inc hosp","quantile",0.025,473,"COVID-19"
"DE-TH","00+",2022-11-17,2022-10-28,"-20 day ahead inc hosp","quantile",0.025,455,"COVID-19"
"DE","00-04",2022-11-17,2022-10-28,"-20 day ahead inc hosp","quantile",0.1,225,"COVID-19"
"DE","00+",2022-11-17,2022-10-28,"-20 day ahead inc hosp","quantile",0.1,12764,"COVID-19"
"DE","05-14",2022-11-17,2022-10-28,"-20 day ahead inc hosp","quantile",0.1,82,"COVID-19"
"DE","15-34",2022-11-17,2022-10-28,"-20 day ahead inc hosp","quantile",0.1,625,"COVID-19"
"DE","35-59",2022-11-17,2022-10-28,"-20 day ahead inc hosp","quantile",0.1,1730,"COVID-19"
"DE","60-79",2022-11-17,2022-10-28,"-20 day ahead inc hosp","quantile",0.1,4604,"COVID-19"
"DE","80+",2022-11-17,2022-10-28,"-20 day ahead inc hosp","quantile",0.1,5428,"COVID-19"
"DE-BB","00+",2022-11-17,2022-10-28,"-20 day ahead inc hosp","quantile",0.1,577,"COVID-19"
"DE-BE","00+",2022-11-17,2022-10-28,"-20 day ahead inc hosp","quantile",0.1,471,"COVID-19"
"DE-BW","00+",2022-11-17,2022-10-28,"-20 day ahead inc hosp","quantile",0.1,1268,"COVID-19"
"DE-BY","00+",2022-11-17,2022-10-28,"-20 day ahead inc hosp","quantile",0.1,2123,"COVID-19"
"DE-HB","00+",2022-11-17,2022-10-28,"-20 day ahead inc hosp","quantile",0.1,33,"COVID-19"
"DE-HE","00+",2022-11-17,2022-10-28,"-20 day ahead inc hosp","quantile",0.1,834,"COVID-19"
"DE-HH","00+",2022-11-17,2022-10-28,"-20 day ahead inc hosp","quantile",0.1,196,"COVID-19"
"DE-MV","00+",2022-11-17,2022-10-28,"-20 day ahead inc hosp","quantile",0.1,352,"COVID-19"
"DE-NI","00+",2022-11-17,2022-10-28,"-20 day ahead inc hosp","quantile",0.1,736,"COVID-19"
"DE-NW","00+",2022-11-17,2022-10-28,"-20 day ahead inc hosp","quantile",0.1,3184,"COVID-19"
"DE-RP","00+",2022-11-17,2022-10-28,"-20 day ahead inc hosp","quantile",0.1,552,"COVID-19"
"DE-SH","00+",2022-11-17,2022-10-28,"-20 day ahead inc hosp","quantile",0.1,471,"COVID-19"
"DE-SL","00+",2022-11-17,2022-10-28,"-20 day ahead inc hosp","quantile",0.1,250,"COVID-19"
"DE-SN","00+",2022-11-17,2022-10-28,"-20 day ahead inc hosp","quantile",0.1,674,"COVID-19"
"DE-ST","00+",2022-11-17,2022-10-28,"-20 day ahead inc hosp","quantile",0.1,475,"COVID-19"
"DE-TH","00+",2022-11-17,2022-10-28,"-20 day ahead inc hosp","quantile",0.1,456,"COVID-19"
"DE","00-04",2022-11-17,2022-10-28,"-20 day ahead inc hosp","quantile",0.25,227,"COVID-19"
"DE","00+",2022-11-17,2022-10-28,"-20 day ahead inc hosp","quantile",0.25,12810,"COVID-19"
"DE","05-14",2022-11-17,2022-10-28,"-20 day ahead inc hosp","quantile",0.25,83,"COVID-19"
"DE","15-34",2022-11-17,2022-10-28,"-20 day ahead inc hosp","quantile",0.25,629,"COVID-19"
"DE","35-59",2022-11-17,2022-10-28,"-20 day ahead inc hosp","quantile",0.25,1738,"COVID-19"
"DE","60-79",2022-11-17,2022-10-28,"-20 day ahead inc hosp","quantile",0.25,4621,"COVID-19"
"DE","80+",2022-11-17,2022-10-28,"-20 day ahead inc hosp","quantile",0.25,5450,"COVID-19"
"DE-BB","00+",2022-11-17,2022-10-28,"-20 day ahead inc hosp","quantile",0.25,582,"COVID-19"
"DE-BE","00+",2022-11-17,2022-10-28,"-20 day ahead inc hosp","quantile",0.25,476,"COVID-19"
"DE-BW","00+",2022-11-17,2022-10-28,"-20 day ahead inc hosp","quantile",0.25,1274,"COVID-19"
"DE-BY","00+",2022-11-17,2022-10-28,"-20 day ahead inc hosp","quantile",0.25,2133,"COVID-19"
"DE-HB","00+",2022-11-17,2022-10-28,"-20 day ahead inc hosp","quantile",0.25,33,"COVID-19"
"DE-HE","00+",2022-11-17,2022-10-28,"-20 day ahead inc hosp","quantile",0.25,839,"COVID-19"
"DE-HH","00+",2022-11-17,2022-10-28,"-20 day ahead inc hosp","quantile",0.25,198,"COVID-19"
"DE-MV","00+",2022-11-17,2022-10-28,"-20 day ahead inc hosp","quantile",0.25,353,"COVID-19"
"DE-NI","00+",2022-11-17,2022-10-28,"-20 day ahead inc hosp","quantile",0.25,745,"COVID-19"
"DE-NW","00+",2022-11-17,2022-10-28,"-20 day ahead inc hosp","quantile",0.25,3205,"COVID-19"
"DE-RP","00+",2022-11-17,2022-10-28,"-20 day ahead inc hosp","quantile",0.25,555,"COVID-19"
"DE-SH","00+",2022-11-17,2022-10-28,"-20 day ahead inc hosp","quantile",0.25,473,"COVID-19"
"DE-SL","00+",2022-11-17,2022-10-28,"-20 day ahead inc hosp","quantile",0.25,252,"COVID-19"
"DE-SN","00+",2022-11-17,2022-10-28,"-20 day ahead inc hosp","quantile",0.25,676,"COVID-19"
"DE-ST","00+",2022-11-17,2022-10-28,"-20 day ahead inc hosp","quantile",0.25,477,"COVID-19"
"DE-TH","00+",2022-11-17,2022-10-28,"-20 day ahead inc hosp","quantile",0.25,457,"COVID-19"
"DE","00-04",2022-11-17,2022-10-28,"-20 day ahead inc hosp","quantile",0.5,230,"COVID-19"
"DE","00+",2022-11-17,2022-10-28,"-20 day ahead inc hosp","quantile",0.5,12863,"COVID-19"
"DE","05-14",2022-11-17,2022-10-28,"-20 day ahead inc hosp","quantile",0.5,85,"COVID-19"
"DE","15-34",2022-11-17,2022-10-28,"-20 day ahead inc hosp","quantile",0.5,637,"COVID-19"
"DE","35-59",2022-11-17,2022-10-28,"-20 day ahead inc hosp","quantile",0.5,1748,"COVID-19"
"DE","60-79",2022-11-17,2022-10-28,"-20 day ahead inc hosp","quantile",0.5,4640,"COVID-19"
"DE","80+",2022-11-17,2022-10-28,"-20 day ahead inc hosp","quantile",0.5,5475,"COVID-19"
"DE-BB","00+",2022-11-17,2022-10-28,"-20 day ahead inc hosp","quantile",0.5,588,"COVID-19"
"DE-BE","00+",2022-11-17,2022-10-28,"-20 day ahead inc hosp","quantile",0.5,482,"COVID-19"
"DE-BW","00+",2022-11-17,2022-10-28,"-20 day ahead inc hosp","quantile",0.5,1284,"COVID-19"
"DE-BY","00+",2022-11-17,2022-10-28,"-20 day ahead inc hosp","quantile",0.5,2141,"COVID-19"
"DE-HB","00+",2022-11-17,2022-10-28,"-20 day ahead inc hosp","quantile",0.5,33,"COVID-19"
"DE-HE","00+",2022-11-17,2022-10-28,"-20 day ahead inc hosp","quantile",0.5,844,"COVID-19"
"DE-HH","00+",2022-11-17,2022-10-28,"-20 day ahead inc hosp","quantile",0.5,203,"COVID-19"
"DE-MV","00+",2022-11-17,2022-10-28,"-20 day ahead inc hosp","quantile",0.5,354,"COVID-19"
"DE-NI","00+",2022-11-17,2022-10-28,"-20 day ahead inc hosp","quantile",0.5,757,"COVID-19"
"DE-NW","00+",2022-11-17,2022-10-28,"-20 day ahead inc hosp","quantile",0.5,3233,"COVID-19"
"DE-RP","00+",2022-11-17,2022-10-28,"-20 day ahead inc hosp","quantile",0.5,560,"COVID-19"
"DE-SH","00+",2022-11-17,2022-10-28,"-20 day ahead inc hosp","quantile",0.5,477,"COVID-19"
"DE-SL","00+",2022-11-17,2022-10-28,"-20 day ahead inc hosp","quantile",0.5,254,"COVID-19"
"DE-SN","00+",2022-11-17,2022-10-28,"-20 day ahead inc hosp","quantile",0.5,679,"COVID-19"
"DE-ST","00+",2022-11-17,2022-10-28,"-20 day ahead inc hosp","quantile",0.5,482,"COVID-19"
"DE-TH","00+",2022-11-17,2022-10-28,"-20 day ahead inc hosp","quantile",0.5,459,"COVID-19"
"DE","00-04",2022-11-17,2022-10-28,"-20 day ahead inc hosp","quantile",0.75,234,"COVID-19"
"DE","00+",2022-11-17,2022-10-28,"-20 day ahead inc hosp","quantile",0.75,12934,"COVID-19"
"DE","05-14",2022-11-17,2022-10-28,"-20 day ahead inc hosp","quantile",0.75,89,"COVID-19"
"DE","15-34",2022-11-17,2022-10-28,"-20 day ahead inc hosp","quantile",0.75,645,"COVID-19"
"DE","35-59",2022-11-17,2022-10-28,"-20 day ahead inc hosp","quantile",0.75,1759,"COVID-19"
"DE","60-79",2022-11-17,2022-10-28,"-20 day ahead inc hosp","quantile",0.75,4662,"COVID-19"
"DE","80+",2022-11-17,2022-10-28,"-20 day ahead inc hosp","quantile",0.75,5505,"COVID-19"
"DE-BB","00+",2022-11-17,2022-10-28,"-20 day ahead inc hosp","quantile",0.75,594,"COVID-19"
"DE-BE","00+",2022-11-17,2022-10-28,"-20 day ahead inc hosp","quantile",0.75,493,"COVID-19"
"DE-BW","00+",2022-11-17,2022-10-28,"-20 day ahead inc hosp","quantile",0.75,1302,"COVID-19"
"DE-BY","00+",2022-11-17,2022-10-28,"-20 day ahead inc hosp","quantile",0.75,2151,"COVID-19"
"DE-HB","00+",2022-11-17,2022-10-28,"-20 day ahead inc hosp","quantile",0.75,34,"COVID-19"
"DE-HE","00+",2022-11-17,2022-10-28,"-20 day ahead inc hosp","quantile",0.75,851,"COVID-19"
"DE-HH","00+",2022-11-17,2022-10-28,"-20 day ahead inc hosp","quantile",0.75,208,"COVID-19"
"DE-MV","00+",2022-11-17,2022-10-28,"-20 day ahead inc hosp","quantile",0.75,357,"COVID-19"
"DE-NI","00+",2022-11-17,2022-10-28,"-20 day ahead inc hosp","quantile",0.75,775,"COVID-19"
"DE-NW","00+",2022-11-17,2022-10-28,"-20 day ahead inc hosp","quantile",0.75,3280,"COVID-19"
"DE-RP","00+",2022-11-17,2022-10-28,"-20 day ahead inc hosp","quantile",0.75,568,"COVID-19"
"DE-SH","00+",2022-11-17,2022-10-28,"-20 day ahead inc hosp","quantile",0.75,481,"COVID-19"
"DE-SL","00+",2022-11-17,2022-10-28,"-20 day ahead inc hosp","quantile",0.75,257,"COVID-19"
"DE-SN","00+",2022-11-17,2022-10-28,"-20 day ahead inc hosp","quantile",0.75,682,"COVID-19"
"DE-ST","00+",2022-11-17,2022-10-28,"-20 day ahead inc hosp","quantile",0.75,493,"COVID-19"
"DE-TH","00+",2022-11-17,2022-10-28,"-20 day ahead inc hosp","quantile",0.75,461,"COVID-19"
"DE","00-04",2022-11-17,2022-10-28,"-20 day ahead inc hosp","quantile",0.9,239,"COVID-19"
"DE","00+",2022-11-17,2022-10-28,"-20 day ahead inc hosp","quantile",0.9,12997,"COVID-19"
"DE","05-14",2022-11-17,2022-10-28,"-20 day ahead inc hosp","quantile",0.9,95,"COVID-19"
"DE","15-34",2022-11-17,2022-10-28,"-20 day ahead inc hosp","quantile",0.9,657,"COVID-19"
"DE","35-59",2022-11-17,2022-10-28,"-20 day ahead inc hosp","quantile",0.9,1770,"COVID-19"
"DE","60-79",2022-11-17,2022-10-28,"-20 day ahead inc hosp","quantile",0.9,4682,"COVID-19"
"DE","80+",2022-11-17,2022-10-28,"-20 day ahead inc hosp","quantile",0.9,5535,"COVID-19"
"DE-BB","00+",2022-11-17,2022-10-28,"-20 day ahead inc hosp","quantile",0.9,602,"COVID-19"
"DE-BE","00+",2022-11-17,2022-10-28,"-20 day ahead inc hosp","quantile",0.9,504,"COVID-19"
"DE-BW","00+",2022-11-17,2022-10-28,"-20 day ahead inc hosp","quantile",0.9,1322,"COVID-19"
"DE-BY","00+",2022-11-17,2022-10-28,"-20 day ahead inc hosp","quantile",0.9,2169,"COVID-19"
"DE-HB","00+",2022-11-17,2022-10-28,"-20 day ahead inc hosp","quantile",0.9,36,"COVID-19"
"DE-HE","00+",2022-11-17,2022-10-28,"-20 day ahead inc hosp","quantile",0.9,861,"COVID-19"
"DE-HH","00+",2022-11-17,2022-10-28,"-20 day ahead inc hosp","quantile",0.9,213,"COVID-19"
"DE-MV","00+",2022-11-17,2022-10-28,"-20 day ahead inc hosp","quantile",0.9,360,"COVID-19"
"DE-NI","00+",2022-11-17,2022-10-28,"-20 day ahead inc hosp","quantile",0.9,794,"COVID-19"
"DE-NW","00+",2022-11-17,2022-10-28,"-20 day ahead inc hosp","quantile",0.9,3307,"COVID-19"
"DE-RP","00+",2022-11-17,2022-10-28,"-20 day ahead inc hosp","quantile",0.9,577,"COVID-19"
"DE-SH","00+",2022-11-17,2022-10-28,"-20 day ahead inc hosp","quantile",0.9,485,"COVID-19"
"DE-SL","00+",2022-11-17,2022-10-28,"-20 day ahead inc hosp","quantile",0.9,261,"COVID-19"
"DE-SN","00+",2022-11-17,2022-10-28,"-20 day ahead inc hosp","quantile",0.9,686,"COVID-19"
"DE-ST","00+",2022-11-17,2022-10-28,"-20 day ahead inc hosp","quantile",0.9,509,"COVID-19"
"DE-TH","00+",2022-11-17,2022-10-28,"-20 day ahead inc hosp","quantile",0.9,463,"COVID-19"
"DE","00-04",2022-11-17,2022-10-28,"-20 day ahead inc hosp","quantile",0.975,254,"COVID-19"
"DE","00+",2022-11-17,2022-10-28,"-20 day ahead inc hosp","quantile",0.975,13093,"COVID-19"
"DE","05-14",2022-11-17,2022-10-28,"-20 day ahead inc hosp","quantile",0.975,107,"COVID-19"
"DE","15-34",2022-11-17,2022-10-28,"-20 day ahead inc hosp","quantile",0.975,675,"COVID-19"
"DE","35-59",2022-11-17,2022-10-28,"-20 day ahead inc hosp","quantile",0.975,1787,"COVID-19"
"DE","60-79",2022-11-17,2022-10-28,"-20 day ahead inc hosp","quantile",0.975,4706,"COVID-19"
"DE","80+",2022-11-17,2022-10-28,"-20 day ahead inc hosp","quantile",0.975,5569,"COVID-19"
"DE-BB","00+",2022-11-17,2022-10-28,"-20 day ahead inc hosp","quantile",0.975,630,"COVID-19"
"DE-BE","00+",2022-11-17,2022-10-28,"-20 day ahead inc hosp","quantile",0.975,532,"COVID-19"
"DE-BW","00+",2022-11-17,2022-10-28,"-20 day ahead inc hosp","quantile",0.975,1350,"COVID-19"
"DE-BY","00+",2022-11-17,2022-10-28,"-20 day ahead inc hosp","quantile",0.975,2187,"COVID-19"
"DE-HB","00+",2022-11-17,2022-10-28,"-20 day ahead inc hosp","quantile",0.975,40,"COVID-19"
"DE-HE","00+",2022-11-17,2022-10-28,"-20 day ahead inc hosp","quantile",0.975,879,"COVID-19"
"DE-HH","00+",2022-11-17,2022-10-28,"-20 day ahead inc hosp","quantile",0.975,223,"COVID-19"
"DE-MV","00+",2022-11-17,2022-10-28,"-20 day ahead inc hosp","quantile",0.975,365,"COVID-19"
"DE-NI","00+",2022-11-17,2022-10-28,"-20 day ahead inc hosp","quantile",0.975,826,"COVID-19"
"DE-NW","00+",2022-11-17,2022-10-28,"-20 day ahead inc hosp","quantile",0.975,3396,"COVID-19"
"DE-RP","00+",2022-11-17,2022-10-28,"-20 day ahead inc hosp","quantile",0.975,595,"COVID-19"
"DE-SH","00+",2022-11-17,2022-10-28,"-20 day ahead inc hosp","quantile",0.975,490,"COVID-19"
"DE-SL","00+",2022-11-17,2022-10-28,"-20 day ahead inc hosp","quantile",0.975,268,"COVID-19"
"DE-SN","00+",2022-11-17,2022-10-28,"-20 day ahead inc hosp","quantile",0.975,690,"COVID-19"
"DE-ST","00+",2022-11-17,2022-10-28,"-20 day ahead inc hosp","quantile",0.975,524,"COVID-19"
"DE-TH","00+",2022-11-17,2022-10-28,"-20 day ahead inc hosp","quantile",0.975,466,"COVID-19"
"DE","00-04",2022-11-17,2022-10-29,"-19 day ahead inc hosp","mean",NA,218,"COVID-19"
"DE","00+",2022-11-17,2022-10-29,"-19 day ahead inc hosp","mean",NA,12255,"COVID-19"
"DE","05-14",2022-11-17,2022-10-29,"-19 day ahead inc hosp","mean",NA,85,"COVID-19"
"DE","15-34",2022-11-17,2022-10-29,"-19 day ahead inc hosp","mean",NA,573,"COVID-19"
"DE","35-59",2022-11-17,2022-10-29,"-19 day ahead inc hosp","mean",NA,1686,"COVID-19"
"DE","60-79",2022-11-17,2022-10-29,"-19 day ahead inc hosp","mean",NA,4441,"COVID-19"
"DE","80+",2022-11-17,2022-10-29,"-19 day ahead inc hosp","mean",NA,5210,"COVID-19"
"DE-BB","00+",2022-11-17,2022-10-29,"-19 day ahead inc hosp","mean",NA,578,"COVID-19"
"DE-BE","00+",2022-11-17,2022-10-29,"-19 day ahead inc hosp","mean",NA,456,"COVID-19"
"DE-BW","00+",2022-11-17,2022-10-29,"-19 day ahead inc hosp","mean",NA,1209,"COVID-19"
"DE-BY","00+",2022-11-17,2022-10-29,"-19 day ahead inc hosp","mean",NA,2027,"COVID-19"
"DE-HB","00+",2022-11-17,2022-10-29,"-19 day ahead inc hosp","mean",NA,32,"COVID-19"
"DE-HE","00+",2022-11-17,2022-10-29,"-19 day ahead inc hosp","mean",NA,791,"COVID-19"
"DE-HH","00+",2022-11-17,2022-10-29,"-19 day ahead inc hosp","mean",NA,191,"COVID-19"
"DE-MV","00+",2022-11-17,2022-10-29,"-19 day ahead inc hosp","mean",NA,335,"COVID-19"
"DE-NI","00+",2022-11-17,2022-10-29,"-19 day ahead inc hosp","mean",NA,730,"COVID-19"
"DE-NW","00+",2022-11-17,2022-10-29,"-19 day ahead inc hosp","mean",NA,3179,"COVID-19"
"DE-RP","00+",2022-11-17,2022-10-29,"-19 day ahead inc hosp","mean",NA,523,"COVID-19"
"DE-SH","00+",2022-11-17,2022-10-29,"-19 day ahead inc hosp","mean",NA,448,"COVID-19"
"DE-SL","00+",2022-11-17,2022-10-29,"-19 day ahead inc hosp","mean",NA,216,"COVID-19"
"DE-SN","00+",2022-11-17,2022-10-29,"-19 day ahead inc hosp","mean",NA,637,"COVID-19"
"DE-ST","00+",2022-11-17,2022-10-29,"-19 day ahead inc hosp","mean",NA,452,"COVID-19"
"DE-TH","00+",2022-11-17,2022-10-29,"-19 day ahead inc hosp","mean",NA,426,"COVID-19"
"DE","00-04",2022-11-17,2022-10-29,"-19 day ahead inc hosp","quantile",0.025,213,"COVID-19"
"DE","00+",2022-11-17,2022-10-29,"-19 day ahead inc hosp","quantile",0.025,12109,"COVID-19"
"DE","05-14",2022-11-17,2022-10-29,"-19 day ahead inc hosp","quantile",0.025,81,"COVID-19"
"DE","15-34",2022-11-17,2022-10-29,"-19 day ahead inc hosp","quantile",0.025,556,"COVID-19"
"DE","35-59",2022-11-17,2022-10-29,"-19 day ahead inc hosp","quantile",0.025,1658,"COVID-19"
"DE","60-79",2022-11-17,2022-10-29,"-19 day ahead inc hosp","quantile",0.025,4388,"COVID-19"
"DE","80+",2022-11-17,2022-10-29,"-19 day ahead inc hosp","quantile",0.025,5140,"COVID-19"
"DE-BB","00+",2022-11-17,2022-10-29,"-19 day ahead inc hosp","quantile",0.025,563,"COVID-19"
"DE-BE","00+",2022-11-17,2022-10-29,"-19 day ahead inc hosp","quantile",0.025,441,"COVID-19"
"DE-BW","00+",2022-11-17,2022-10-29,"-19 day ahead inc hosp","quantile",0.025,1185,"COVID-19"
"DE-BY","00+",2022-11-17,2022-10-29,"-19 day ahead inc hosp","quantile",0.025,2000,"COVID-19"
"DE-HB","00+",2022-11-17,2022-10-29,"-19 day ahead inc hosp","quantile",0.025,31,"COVID-19"
"DE-HE","00+",2022-11-17,2022-10-29,"-19 day ahead inc hosp","quantile",0.025,778,"COVID-19"
"DE-HH","00+",2022-11-17,2022-10-29,"-19 day ahead inc hosp","quantile",0.025,180,"COVID-19"
"DE-MV","00+",2022-11-17,2022-10-29,"-19 day ahead inc hosp","quantile",0.025,331,"COVID-19"
"DE-NI","00+",2022-11-17,2022-10-29,"-19 day ahead inc hosp","quantile",0.025,703,"COVID-19"
"DE-NW","00+",2022-11-17,2022-10-29,"-19 day ahead inc hosp","quantile",0.025,3105,"COVID-19"
"DE-RP","00+",2022-11-17,2022-10-29,"-19 day ahead inc hosp","quantile",0.025,513,"COVID-19"
"DE-SH","00+",2022-11-17,2022-10-29,"-19 day ahead inc hosp","quantile",0.025,439,"COVID-19"
"DE-SL","00+",2022-11-17,2022-10-29,"-19 day ahead inc hosp","quantile",0.025,210,"COVID-19"
"DE-SN","00+",2022-11-17,2022-10-29,"-19 day ahead inc hosp","quantile",0.025,629,"COVID-19"
"DE-ST","00+",2022-11-17,2022-10-29,"-19 day ahead inc hosp","quantile",0.025,441,"COVID-19"
"DE-TH","00+",2022-11-17,2022-10-29,"-19 day ahead inc hosp","quantile",0.025,422,"COVID-19"
"DE","00-04",2022-11-17,2022-10-29,"-19 day ahead inc hosp","quantile",0.1,214,"COVID-19"
"DE","00+",2022-11-17,2022-10-29,"-19 day ahead inc hosp","quantile",0.1,12150,"COVID-19"
"DE","05-14",2022-11-17,2022-10-29,"-19 day ahead inc hosp","quantile",0.1,82,"COVID-19"
"DE","15-34",2022-11-17,2022-10-29,"-19 day ahead inc hosp","quantile",0.1,560,"COVID-19"
"DE","35-59",2022-11-17,2022-10-29,"-19 day ahead inc hosp","quantile",0.1,1667,"COVID-19"
"DE","60-79",2022-11-17,2022-10-29,"-19 day ahead inc hosp","quantile",0.1,4403,"COVID-19"
"DE","80+",2022-11-17,2022-10-29,"-19 day ahead inc hosp","quantile",0.1,5161,"COVID-19"
"DE-BB","00+",2022-11-17,2022-10-29,"-19 day ahead inc hosp","quantile",0.1,568,"COVID-19"
"DE-BE","00+",2022-11-17,2022-10-29,"-19 day ahead inc hosp","quantile",0.1,445,"COVID-19"
"DE-BW","00+",2022-11-17,2022-10-29,"-19 day ahead inc hosp","quantile",0.1,1190,"COVID-19"
"DE-BY","00+",2022-11-17,2022-10-29,"-19 day ahead inc hosp","quantile",0.1,2010,"COVID-19"
"DE-HB","00+",2022-11-17,2022-10-29,"-19 day ahead inc hosp","quantile",0.1,31,"COVID-19"
"DE-HE","00+",2022-11-17,2022-10-29,"-19 day ahead inc hosp","quantile",0.1,782,"COVID-19"
"DE-HH","00+",2022-11-17,2022-10-29,"-19 day ahead inc hosp","quantile",0.1,183,"COVID-19"
"DE-MV","00+",2022-11-17,2022-10-29,"-19 day ahead inc hosp","quantile",0.1,332,"COVID-19"
"DE-NI","00+",2022-11-17,2022-10-29,"-19 day ahead inc hosp","quantile",0.1,709,"COVID-19"
"DE-NW","00+",2022-11-17,2022-10-29,"-19 day ahead inc hosp","quantile",0.1,3125,"COVID-19"
"DE-RP","00+",2022-11-17,2022-10-29,"-19 day ahead inc hosp","quantile",0.1,515,"COVID-19"
"DE-SH","00+",2022-11-17,2022-10-29,"-19 day ahead inc hosp","quantile",0.1,441,"COVID-19"
"DE-SL","00+",2022-11-17,2022-10-29,"-19 day ahead inc hosp","quantile",0.1,212,"COVID-19"
"DE-SN","00+",2022-11-17,2022-10-29,"-19 day ahead inc hosp","quantile",0.1,631,"COVID-19"
"DE-ST","00+",2022-11-17,2022-10-29,"-19 day ahead inc hosp","quantile",0.1,444,"COVID-19"
"DE-TH","00+",2022-11-17,2022-10-29,"-19 day ahead inc hosp","quantile",0.1,423,"COVID-19"
"DE","00-04",2022-11-17,2022-10-29,"-19 day ahead inc hosp","quantile",0.25,215,"COVID-19"
"DE","00+",2022-11-17,2022-10-29,"-19 day ahead inc hosp","quantile",0.25,12198,"COVID-19"
"DE","05-14",2022-11-17,2022-10-29,"-19 day ahead inc hosp","quantile",0.25,83,"COVID-19"
"DE","15-34",2022-11-17,2022-10-29,"-19 day ahead inc hosp","quantile",0.25,565,"COVID-19"
"DE","35-59",2022-11-17,2022-10-29,"-19 day ahead inc hosp","quantile",0.25,1676,"COVID-19"
"DE","60-79",2022-11-17,2022-10-29,"-19 day ahead inc hosp","quantile",0.25,4419,"COVID-19"
"DE","80+",2022-11-17,2022-10-29,"-19 day ahead inc hosp","quantile",0.25,5182,"COVID-19"
"DE-BB","00+",2022-11-17,2022-10-29,"-19 day ahead inc hosp","quantile",0.25,572,"COVID-19"
"DE-BE","00+",2022-11-17,2022-10-29,"-19 day ahead inc hosp","quantile",0.25,450,"COVID-19"
"DE-BW","00+",2022-11-17,2022-10-29,"-19 day ahead inc hosp","quantile",0.25,1196,"COVID-19"
"DE-BY","00+",2022-11-17,2022-10-29,"-19 day ahead inc hosp","quantile",0.25,2019,"COVID-19"
"DE-HB","00+",2022-11-17,2022-10-29,"-19 day ahead inc hosp","quantile",0.25,31,"COVID-19"
"DE-HE","00+",2022-11-17,2022-10-29,"-19 day ahead inc hosp","quantile",0.25,786,"COVID-19"
"DE-HH","00+",2022-11-17,2022-10-29,"-19 day ahead inc hosp","quantile",0.25,186,"COVID-19"
"DE-MV","00+",2022-11-17,2022-10-29,"-19 day ahead inc hosp","quantile",0.25,332,"COVID-19"
"DE-NI","00+",2022-11-17,2022-10-29,"-19 day ahead inc hosp","quantile",0.25,718,"COVID-19"
"DE-NW","00+",2022-11-17,2022-10-29,"-19 day ahead inc hosp","quantile",0.25,3148,"COVID-19"
"DE-RP","00+",2022-11-17,2022-10-29,"-19 day ahead inc hosp","quantile",0.25,518,"COVID-19"
"DE-SH","00+",2022-11-17,2022-10-29,"-19 day ahead inc hosp","quantile",0.25,443,"COVID-19"
"DE-SL","00+",2022-11-17,2022-10-29,"-19 day ahead inc hosp","quantile",0.25,213,"COVID-19"
"DE-SN","00+",2022-11-17,2022-10-29,"-19 day ahead inc hosp","quantile",0.25,634,"COVID-19"
"DE-ST","00+",2022-11-17,2022-10-29,"-19 day ahead inc hosp","quantile",0.25,447,"COVID-19"
"DE-TH","00+",2022-11-17,2022-10-29,"-19 day ahead inc hosp","quantile",0.25,424,"COVID-19"
"DE","00-04",2022-11-17,2022-10-29,"-19 day ahead inc hosp","quantile",0.5,218,"COVID-19"
"DE","00+",2022-11-17,2022-10-29,"-19 day ahead inc hosp","quantile",0.5,12253,"COVID-19"
"DE","05-14",2022-11-17,2022-10-29,"-19 day ahead inc hosp","quantile",0.5,85,"COVID-19"
"DE","15-34",2022-11-17,2022-10-29,"-19 day ahead inc hosp","quantile",0.5,571,"COVID-19"
"DE","35-59",2022-11-17,2022-10-29,"-19 day ahead inc hosp","quantile",0.5,1685,"COVID-19"
"DE","60-79",2022-11-17,2022-10-29,"-19 day ahead inc hosp","quantile",0.5,4440,"COVID-19"
"DE","80+",2022-11-17,2022-10-29,"-19 day ahead inc hosp","quantile",0.5,5208,"COVID-19"
"DE-BB","00+",2022-11-17,2022-10-29,"-19 day ahead inc hosp","quantile",0.5,578,"COVID-19"
"DE-BE","00+",2022-11-17,2022-10-29,"-19 day ahead inc hosp","quantile",0.5,456,"COVID-19"
"DE-BW","00+",2022-11-17,2022-10-29,"-19 day ahead inc hosp","quantile",0.5,1206,"COVID-19"
"DE-BY","00+",2022-11-17,2022-10-29,"-19 day ahead inc hosp","quantile",0.5,2028,"COVID-19"
"DE-HB","00+",2022-11-17,2022-10-29,"-19 day ahead inc hosp","quantile",0.5,31,"COVID-19"
"DE-HE","00+",2022-11-17,2022-10-29,"-19 day ahead inc hosp","quantile",0.5,792,"COVID-19"
"DE-HH","00+",2022-11-17,2022-10-29,"-19 day ahead inc hosp","quantile",0.5,190,"COVID-19"
"DE-MV","00+",2022-11-17,2022-10-29,"-19 day ahead inc hosp","quantile",0.5,335,"COVID-19"
"DE-NI","00+",2022-11-17,2022-10-29,"-19 day ahead inc hosp","quantile",0.5,730,"COVID-19"
"DE-NW","00+",2022-11-17,2022-10-29,"-19 day ahead inc hosp","quantile",0.5,3177,"COVID-19"
"DE-RP","00+",2022-11-17,2022-10-29,"-19 day ahead inc hosp","quantile",0.5,523,"COVID-19"
"DE-SH","00+",2022-11-17,2022-10-29,"-19 day ahead inc hosp","quantile",0.5,448,"COVID-19"
"DE-SL","00+",2022-11-17,2022-10-29,"-19 day ahead inc hosp","quantile",0.5,216,"COVID-19"
"DE-SN","00+",2022-11-17,2022-10-29,"-19 day ahead inc hosp","quantile",0.5,637,"COVID-19"
"DE-ST","00+",2022-11-17,2022-10-29,"-19 day ahead inc hosp","quantile",0.5,452,"COVID-19"
"DE-TH","00+",2022-11-17,2022-10-29,"-19 day ahead inc hosp","quantile",0.5,426,"COVID-19"
"DE","00-04",2022-11-17,2022-10-29,"-19 day ahead inc hosp","quantile",0.75,222,"COVID-19"
"DE","00+",2022-11-17,2022-10-29,"-19 day ahead inc hosp","quantile",0.75,12325,"COVID-19"
"DE","05-14",2022-11-17,2022-10-29,"-19 day ahead inc hosp","quantile",0.75,89,"COVID-19"
"DE","15-34",2022-11-17,2022-10-29,"-19 day ahead inc hosp","quantile",0.75,580,"COVID-19"
"DE","35-59",2022-11-17,2022-10-29,"-19 day ahead inc hosp","quantile",0.75,1697,"COVID-19"
"DE","60-79",2022-11-17,2022-10-29,"-19 day ahead inc hosp","quantile",0.75,4461,"COVID-19"
"DE","80+",2022-11-17,2022-10-29,"-19 day ahead inc hosp","quantile",0.75,5238,"COVID-19"
"DE-BB","00+",2022-11-17,2022-10-29,"-19 day ahead inc hosp","quantile",0.75,585,"COVID-19"
"DE-BE","00+",2022-11-17,2022-10-29,"-19 day ahead inc hosp","quantile",0.75,467,"COVID-19"
"DE-BW","00+",2022-11-17,2022-10-29,"-19 day ahead inc hosp","quantile",0.75,1222,"COVID-19"
"DE-BY","00+",2022-11-17,2022-10-29,"-19 day ahead inc hosp","quantile",0.75,2042,"COVID-19"
"DE-HB","00+",2022-11-17,2022-10-29,"-19 day ahead inc hosp","quantile",0.75,32,"COVID-19"
"DE-HE","00+",2022-11-17,2022-10-29,"-19 day ahead inc hosp","quantile",0.75,800,"COVID-19"
"DE-HH","00+",2022-11-17,2022-10-29,"-19 day ahead inc hosp","quantile",0.75,196,"COVID-19"
"DE-MV","00+",2022-11-17,2022-10-29,"-19 day ahead inc hosp","quantile",0.75,338,"COVID-19"
"DE-NI","00+",2022-11-17,2022-10-29,"-19 day ahead inc hosp","quantile",0.75,748,"COVID-19"
"DE-NW","00+",2022-11-17,2022-10-29,"-19 day ahead inc hosp","quantile",0.75,3225,"COVID-19"
"DE-RP","00+",2022-11-17,2022-10-29,"-19 day ahead inc hosp","quantile",0.75,531,"COVID-19"
"DE-SH","00+",2022-11-17,2022-10-29,"-19 day ahead inc hosp","quantile",0.75,452,"COVID-19"
"DE-SL","00+",2022-11-17,2022-10-29,"-19 day ahead inc hosp","quantile",0.75,219,"COVID-19"
"DE-SN","00+",2022-11-17,2022-10-29,"-19 day ahead inc hosp","quantile",0.75,640,"COVID-19"
"DE-ST","00+",2022-11-17,2022-10-29,"-19 day ahead inc hosp","quantile",0.75,462,"COVID-19"
"DE-TH","00+",2022-11-17,2022-10-29,"-19 day ahead inc hosp","quantile",0.75,428,"COVID-19"
"DE","00-04",2022-11-17,2022-10-29,"-19 day ahead inc hosp","quantile",0.9,227,"COVID-19"
"DE","00+",2022-11-17,2022-10-29,"-19 day ahead inc hosp","quantile",0.9,12389,"COVID-19"
"DE","05-14",2022-11-17,2022-10-29,"-19 day ahead inc hosp","quantile",0.9,95,"COVID-19"
"DE","15-34",2022-11-17,2022-10-29,"-19 day ahead inc hosp","quantile",0.9,590,"COVID-19"
"DE","35-59",2022-11-17,2022-10-29,"-19 day ahead inc hosp","quantile",0.9,1709,"COVID-19"
"DE","60-79",2022-11-17,2022-10-29,"-19 day ahead inc hosp","quantile",0.9,4481,"COVID-19"
"DE","80+",2022-11-17,2022-10-29,"-19 day ahead inc hosp","quantile",0.9,5267,"COVID-19"
"DE-BB","00+",2022-11-17,2022-10-29,"-19 day ahead inc hosp","quantile",0.9,593,"COVID-19"
"DE-BE","00+",2022-11-17,2022-10-29,"-19 day ahead inc hosp","quantile",0.9,479,"COVID-19"
"DE-BW","00+",2022-11-17,2022-10-29,"-19 day ahead inc hosp","quantile",0.9,1246,"COVID-19"
"DE-BY","00+",2022-11-17,2022-10-29,"-19 day ahead inc hosp","quantile",0.9,2055,"COVID-19"
"DE-HB","00+",2022-11-17,2022-10-29,"-19 day ahead inc hosp","quantile",0.9,33,"COVID-19"
"DE-HE","00+",2022-11-17,2022-10-29,"-19 day ahead inc hosp","quantile",0.9,809,"COVID-19"
"DE-HH","00+",2022-11-17,2022-10-29,"-19 day ahead inc hosp","quantile",0.9,203,"COVID-19"
"DE-MV","00+",2022-11-17,2022-10-29,"-19 day ahead inc hosp","quantile",0.9,340,"COVID-19"
"DE-NI","00+",2022-11-17,2022-10-29,"-19 day ahead inc hosp","quantile",0.9,767,"COVID-19"
"DE-NW","00+",2022-11-17,2022-10-29,"-19 day ahead inc hosp","quantile",0.9,3273,"COVID-19"
"DE-RP","00+",2022-11-17,2022-10-29,"-19 day ahead inc hosp","quantile",0.9,539,"COVID-19"
"DE-SH","00+",2022-11-17,2022-10-29,"-19 day ahead inc hosp","quantile",0.9,455,"COVID-19"
"DE-SL","00+",2022-11-17,2022-10-29,"-19 day ahead inc hosp","quantile",0.9,222,"COVID-19"
"DE-SN","00+",2022-11-17,2022-10-29,"-19 day ahead inc hosp","quantile",0.9,644,"COVID-19"
"DE-ST","00+",2022-11-17,2022-10-29,"-19 day ahead inc hosp","quantile",0.9,478,"COVID-19"
"DE-TH","00+",2022-11-17,2022-10-29,"-19 day ahead inc hosp","quantile",0.9,431,"COVID-19"
"DE","00-04",2022-11-17,2022-10-29,"-19 day ahead inc hosp","quantile",0.975,240,"COVID-19"
"DE","00+",2022-11-17,2022-10-29,"-19 day ahead inc hosp","quantile",0.975,12484,"COVID-19"
"DE","05-14",2022-11-17,2022-10-29,"-19 day ahead inc hosp","quantile",0.975,107,"COVID-19"
"DE","15-34",2022-11-17,2022-10-29,"-19 day ahead inc hosp","quantile",0.975,608,"COVID-19"
"DE","35-59",2022-11-17,2022-10-29,"-19 day ahead inc hosp","quantile",0.975,1722,"COVID-19"
"DE","60-79",2022-11-17,2022-10-29,"-19 day ahead inc hosp","quantile",0.975,4505,"COVID-19"
"DE","80+",2022-11-17,2022-10-29,"-19 day ahead inc hosp","quantile",0.975,5302,"COVID-19"
"DE-BB","00+",2022-11-17,2022-10-29,"-19 day ahead inc hosp","quantile",0.975,619,"COVID-19"
"DE-BE","00+",2022-11-17,2022-10-29,"-19 day ahead inc hosp","quantile",0.975,507,"COVID-19"
"DE-BW","00+",2022-11-17,2022-10-29,"-19 day ahead inc hosp","quantile",0.975,1273,"COVID-19"
"DE-BY","00+",2022-11-17,2022-10-29,"-19 day ahead inc hosp","quantile",0.975,2073,"COVID-19"
"DE-HB","00+",2022-11-17,2022-10-29,"-19 day ahead inc hosp","quantile",0.975,37,"COVID-19"
"DE-HE","00+",2022-11-17,2022-10-29,"-19 day ahead inc hosp","quantile",0.975,826,"COVID-19"
"DE-HH","00+",2022-11-17,2022-10-29,"-19 day ahead inc hosp","quantile",0.975,212,"COVID-19"
"DE-MV","00+",2022-11-17,2022-10-29,"-19 day ahead inc hosp","quantile",0.975,345,"COVID-19"
"DE-NI","00+",2022-11-17,2022-10-29,"-19 day ahead inc hosp","quantile",0.975,798,"COVID-19"
"DE-NW","00+",2022-11-17,2022-10-29,"-19 day ahead inc hosp","quantile",0.975,3342,"COVID-19"
"DE-RP","00+",2022-11-17,2022-10-29,"-19 day ahead inc hosp","quantile",0.975,555,"COVID-19"
"DE-SH","00+",2022-11-17,2022-10-29,"-19 day ahead inc hosp","quantile",0.975,460,"COVID-19"
"DE-SL","00+",2022-11-17,2022-10-29,"-19 day ahead inc hosp","quantile",0.975,228,"COVID-19"
"DE-SN","00+",2022-11-17,2022-10-29,"-19 day ahead inc hosp","quantile",0.975,648,"COVID-19"
"DE-ST","00+",2022-11-17,2022-10-29,"-19 day ahead inc hosp","quantile",0.975,518,"COVID-19"
"DE-TH","00+",2022-11-17,2022-10-29,"-19 day ahead inc hosp","quantile",0.975,433,"COVID-19"
"DE","00-04",2022-11-17,2022-10-30,"-18 day ahead inc hosp","mean",NA,209,"COVID-19"
"DE","00+",2022-11-17,2022-10-30,"-18 day ahead inc hosp","mean",NA,12053,"COVID-19"
"DE","05-14",2022-11-17,2022-10-30,"-18 day ahead inc hosp","mean",NA,88,"COVID-19"
"DE","15-34",2022-11-17,2022-10-30,"-18 day ahead inc hosp","mean",NA,557,"COVID-19"
"DE","35-59",2022-11-17,2022-10-30,"-18 day ahead inc hosp","mean",NA,1652,"COVID-19"
"DE","60-79",2022-11-17,2022-10-30,"-18 day ahead inc hosp","mean",NA,4370,"COVID-19"
"DE","80+",2022-11-17,2022-10-30,"-18 day ahead inc hosp","mean",NA,5159,"COVID-19"
"DE-BB","00+",2022-11-17,2022-10-30,"-18 day ahead inc hosp","mean",NA,577,"COVID-19"
"DE-BE","00+",2022-11-17,2022-10-30,"-18 day ahead inc hosp","mean",NA,456,"COVID-19"
"DE-BW","00+",2022-11-17,2022-10-30,"-18 day ahead inc hosp","mean",NA,1174,"COVID-19"
"DE-BY","00+",2022-11-17,2022-10-30,"-18 day ahead inc hosp","mean",NA,1980,"COVID-19"
"DE-HB","00+",2022-11-17,2022-10-30,"-18 day ahead inc hosp","mean",NA,32,"COVID-19"
"DE-HE","00+",2022-11-17,2022-10-30,"-18 day ahead inc hosp","mean",NA,776,"COVID-19"
"DE-HH","00+",2022-11-17,2022-10-30,"-18 day ahead inc hosp","mean",NA,180,"COVID-19"
"DE-MV","00+",2022-11-17,2022-10-30,"-18 day ahead inc hosp","mean",NA,329,"COVID-19"
"DE-NI","00+",2022-11-17,2022-10-30,"-18 day ahead inc hosp","mean",NA,724,"COVID-19"
"DE-NW","00+",2022-11-17,2022-10-30,"-18 day ahead inc hosp","mean",NA,3143,"COVID-19"
"DE-RP","00+",2022-11-17,2022-10-30,"-18 day ahead inc hosp","mean",NA,526,"COVID-19"
"DE-SH","00+",2022-11-17,2022-10-30,"-18 day ahead inc hosp","mean",NA,441,"COVID-19"
"DE-SL","00+",2022-11-17,2022-10-30,"-18 day ahead inc hosp","mean",NA,216,"COVID-19"
"DE-SN","00+",2022-11-17,2022-10-30,"-18 day ahead inc hosp","mean",NA,631,"COVID-19"
"DE-ST","00+",2022-11-17,2022-10-30,"-18 day ahead inc hosp","mean",NA,446,"COVID-19"
"DE-TH","00+",2022-11-17,2022-10-30,"-18 day ahead inc hosp","mean",NA,422,"COVID-19"
"DE","00-04",2022-11-17,2022-10-30,"-18 day ahead inc hosp","quantile",0.025,204,"COVID-19"
"DE","00+",2022-11-17,2022-10-30,"-18 day ahead inc hosp","quantile",0.025,11899,"COVID-19"
"DE","05-14",2022-11-17,2022-10-30,"-18 day ahead inc hosp","quantile",0.025,85,"COVID-19"
"DE","15-34",2022-11-17,2022-10-30,"-18 day ahead inc hosp","quantile",0.025,541,"COVID-19"
"DE","35-59",2022-11-17,2022-10-30,"-18 day ahead inc hosp","quantile",0.025,1624,"COVID-19"
"DE","60-79",2022-11-17,2022-10-30,"-18 day ahead inc hosp","quantile",0.025,4316,"COVID-19"
"DE","80+",2022-11-17,2022-10-30,"-18 day ahead inc hosp","quantile",0.025,5088,"COVID-19"
"DE-BB","00+",2022-11-17,2022-10-30,"-18 day ahead inc hosp","quantile",0.025,562,"COVID-19"
"DE-BE","00+",2022-11-17,2022-10-30,"-18 day ahead inc hosp","quantile",0.025,442,"COVID-19"
"DE-BW","00+",2022-11-17,2022-10-30,"-18 day ahead inc hosp","quantile",0.025,1148,"COVID-19"
"DE-BY","00+",2022-11-17,2022-10-30,"-18 day ahead inc hosp","quantile",0.025,1954,"COVID-19"
"DE-HB","00+",2022-11-17,2022-10-30,"-18 day ahead inc hosp","quantile",0.025,31,"COVID-19"
"DE-HE","00+",2022-11-17,2022-10-30,"-18 day ahead inc hosp","quantile",0.025,762,"COVID-19"
"DE-HH","00+",2022-11-17,2022-10-30,"-18 day ahead inc hosp","quantile",0.025,170,"COVID-19"
"DE-MV","00+",2022-11-17,2022-10-30,"-18 day ahead inc hosp","quantile",0.025,325,"COVID-19"
"DE-NI","00+",2022-11-17,2022-10-30,"-18 day ahead inc hosp","quantile",0.025,696,"COVID-19"
"DE-NW","00+",2022-11-17,2022-10-30,"-18 day ahead inc hosp","quantile",0.025,3066,"COVID-19"
"DE-RP","00+",2022-11-17,2022-10-30,"-18 day ahead inc hosp","quantile",0.025,515,"COVID-19"
"DE-SH","00+",2022-11-17,2022-10-30,"-18 day ahead inc hosp","quantile",0.025,432,"COVID-19"
"DE-SL","00+",2022-11-17,2022-10-30,"-18 day ahead inc hosp","quantile",0.025,210,"COVID-19"
"DE-SN","00+",2022-11-17,2022-10-30,"-18 day ahead inc hosp","quantile",0.025,623,"COVID-19"
"DE-ST","00+",2022-11-17,2022-10-30,"-18 day ahead inc hosp","quantile",0.025,435,"COVID-19"
"DE-TH","00+",2022-11-17,2022-10-30,"-18 day ahead inc hosp","quantile",0.025,417,"COVID-19"
"DE","00-04",2022-11-17,2022-10-30,"-18 day ahead inc hosp","quantile",0.1,205,"COVID-19"
"DE","00+",2022-11-17,2022-10-30,"-18 day ahead inc hosp","quantile",0.1,11943,"COVID-19"
"DE","05-14",2022-11-17,2022-10-30,"-18 day ahead inc hosp","quantile",0.1,85,"COVID-19"
"DE","15-34",2022-11-17,2022-10-30,"-18 day ahead inc hosp","quantile",0.1,544,"COVID-19"
"DE","35-59",2022-11-17,2022-10-30,"-18 day ahead inc hosp","quantile",0.1,1633,"COVID-19"
"DE","60-79",2022-11-17,2022-10-30,"-18 day ahead inc hosp","quantile",0.1,4331,"COVID-19"
"DE","80+",2022-11-17,2022-10-30,"-18 day ahead inc hosp","quantile",0.1,5110,"COVID-19"
"DE-BB","00+",2022-11-17,2022-10-30,"-18 day ahead inc hosp","quantile",0.1,567,"COVID-19"
"DE-BE","00+",2022-11-17,2022-10-30,"-18 day ahead inc hosp","quantile",0.1,446,"COVID-19"
"DE-BW","00+",2022-11-17,2022-10-30,"-18 day ahead inc hosp","quantile",0.1,1154,"COVID-19"
"DE-BY","00+",2022-11-17,2022-10-30,"-18 day ahead inc hosp","quantile",0.1,1963,"COVID-19"
"DE-HB","00+",2022-11-17,2022-10-30,"-18 day ahead inc hosp","quantile",0.1,31,"COVID-19"
"DE-HE","00+",2022-11-17,2022-10-30,"-18 day ahead inc hosp","quantile",0.1,766,"COVID-19"
"DE-HH","00+",2022-11-17,2022-10-30,"-18 day ahead inc hosp","quantile",0.1,172,"COVID-19"
"DE-MV","00+",2022-11-17,2022-10-30,"-18 day ahead inc hosp","quantile",0.1,326,"COVID-19"
"DE-NI","00+",2022-11-17,2022-10-30,"-18 day ahead inc hosp","quantile",0.1,703,"COVID-19"
"DE-NW","00+",2022-11-17,2022-10-30,"-18 day ahead inc hosp","quantile",0.1,3085,"COVID-19"
"DE-RP","00+",2022-11-17,2022-10-30,"-18 day ahead inc hosp","quantile",0.1,518,"COVID-19"
"DE-SH","00+",2022-11-17,2022-10-30,"-18 day ahead inc hosp","quantile",0.1,435,"COVID-19"
"DE-SL","00+",2022-11-17,2022-10-30,"-18 day ahead inc hosp","quantile",0.1,212,"COVID-19"
"DE-SN","00+",2022-11-17,2022-10-30,"-18 day ahead inc hosp","quantile",0.1,625,"COVID-19"
"DE-ST","00+",2022-11-17,2022-10-30,"-18 day ahead inc hosp","quantile",0.1,437,"COVID-19"
"DE-TH","00+",2022-11-17,2022-10-30,"-18 day ahead inc hosp","quantile",0.1,418,"COVID-19"
"DE","00-04",2022-11-17,2022-10-30,"-18 day ahead inc hosp","quantile",0.25,206,"COVID-19"
"DE","00+",2022-11-17,2022-10-30,"-18 day ahead inc hosp","quantile",0.25,11991,"COVID-19"
"DE","05-14",2022-11-17,2022-10-30,"-18 day ahead inc hosp","quantile",0.25,87,"COVID-19"
"DE","15-34",2022-11-17,2022-10-30,"-18 day ahead inc hosp","quantile",0.25,549,"COVID-19"
"DE","35-59",2022-11-17,2022-10-30,"-18 day ahead inc hosp","quantile",0.25,1642,"COVID-19"
"DE","60-79",2022-11-17,2022-10-30,"-18 day ahead inc hosp","quantile",0.25,4348,"COVID-19"
"DE","80+",2022-11-17,2022-10-30,"-18 day ahead inc hosp","quantile",0.25,5130,"COVID-19"
"DE-BB","00+",2022-11-17,2022-10-30,"-18 day ahead inc hosp","quantile",0.25,572,"COVID-19"
"DE-BE","00+",2022-11-17,2022-10-30,"-18 day ahead inc hosp","quantile",0.25,450,"COVID-19"
"DE-BW","00+",2022-11-17,2022-10-30,"-18 day ahead inc hosp","quantile",0.25,1160,"COVID-19"
"DE-BY","00+",2022-11-17,2022-10-30,"-18 day ahead inc hosp","quantile",0.25,1971,"COVID-19"
"DE-HB","00+",2022-11-17,2022-10-30,"-18 day ahead inc hosp","quantile",0.25,31,"COVID-19"
"DE-HE","00+",2022-11-17,2022-10-30,"-18 day ahead inc hosp","quantile",0.25,770,"COVID-19"
"DE-HH","00+",2022-11-17,2022-10-30,"-18 day ahead inc hosp","quantile",0.25,176,"COVID-19"
"DE-MV","00+",2022-11-17,2022-10-30,"-18 day ahead inc hosp","quantile",0.25,327,"COVID-19"
"DE-NI","00+",2022-11-17,2022-10-30,"-18 day ahead inc hosp","quantile",0.25,711,"COVID-19"
"DE-NW","00+",2022-11-17,2022-10-30,"-18 day ahead inc hosp","quantile",0.25,3111,"COVID-19"
"DE-RP","00+",2022-11-17,2022-10-30,"-18 day ahead inc hosp","quantile",0.25,521,"COVID-19"
"DE-SH","00+",2022-11-17,2022-10-30,"-18 day ahead inc hosp","quantile",0.25,437,"COVID-19"
"DE-SL","00+",2022-11-17,2022-10-30,"-18 day ahead inc hosp","quantile",0.25,213,"COVID-19"
"DE-SN","00+",2022-11-17,2022-10-30,"-18 day ahead inc hosp","quantile",0.25,628,"COVID-19"
"DE-ST","00+",2022-11-17,2022-10-30,"-18 day ahead inc hosp","quantile",0.25,441,"COVID-19"
"DE-TH","00+",2022-11-17,2022-10-30,"-18 day ahead inc hosp","quantile",0.25,419,"COVID-19"
"DE","00-04",2022-11-17,2022-10-30,"-18 day ahead inc hosp","quantile",0.5,209,"COVID-19"
"DE","00+",2022-11-17,2022-10-30,"-18 day ahead inc hosp","quantile",0.5,12052,"COVID-19"
"DE","05-14",2022-11-17,2022-10-30,"-18 day ahead inc hosp","quantile",0.5,88,"COVID-19"
"DE","15-34",2022-11-17,2022-10-30,"-18 day ahead inc hosp","quantile",0.5,556,"COVID-19"
"DE","35-59",2022-11-17,2022-10-30,"-18 day ahead inc hosp","quantile",0.5,1651,"COVID-19"
"DE","60-79",2022-11-17,2022-10-30,"-18 day ahead inc hosp","quantile",0.5,4368,"COVID-19"
"DE","80+",2022-11-17,2022-10-30,"-18 day ahead inc hosp","quantile",0.5,5156,"COVID-19"
"DE-BB","00+",2022-11-17,2022-10-30,"-18 day ahead inc hosp","quantile",0.5,578,"COVID-19"
"DE-BE","00+",2022-11-17,2022-10-30,"-18 day ahead inc hosp","quantile",0.5,457,"COVID-19"
"DE-BW","00+",2022-11-17,2022-10-30,"-18 day ahead inc hosp","quantile",0.5,1170,"COVID-19"
"DE-BY","00+",2022-11-17,2022-10-30,"-18 day ahead inc hosp","quantile",0.5,1981,"COVID-19"
"DE-HB","00+",2022-11-17,2022-10-30,"-18 day ahead inc hosp","quantile",0.5,31,"COVID-19"
"DE-HE","00+",2022-11-17,2022-10-30,"-18 day ahead inc hosp","quantile",0.5,777,"COVID-19"
"DE-HH","00+",2022-11-17,2022-10-30,"-18 day ahead inc hosp","quantile",0.5,180,"COVID-19"
"DE-MV","00+",2022-11-17,2022-10-30,"-18 day ahead inc hosp","quantile",0.5,329,"COVID-19"
"DE-NI","00+",2022-11-17,2022-10-30,"-18 day ahead inc hosp","quantile",0.5,724,"COVID-19"
"DE-NW","00+",2022-11-17,2022-10-30,"-18 day ahead inc hosp","quantile",0.5,3141,"COVID-19"
"DE-RP","00+",2022-11-17,2022-10-30,"-18 day ahead inc hosp","quantile",0.5,526,"COVID-19"
"DE-SH","00+",2022-11-17,2022-10-30,"-18 day ahead inc hosp","quantile",0.5,441,"COVID-19"
"DE-SL","00+",2022-11-17,2022-10-30,"-18 day ahead inc hosp","quantile",0.5,216,"COVID-19"
"DE-SN","00+",2022-11-17,2022-10-30,"-18 day ahead inc hosp","quantile",0.5,631,"COVID-19"
"DE-ST","00+",2022-11-17,2022-10-30,"-18 day ahead inc hosp","quantile",0.5,446,"COVID-19"
"DE-TH","00+",2022-11-17,2022-10-30,"-18 day ahead inc hosp","quantile",0.5,421,"COVID-19"
"DE","00-04",2022-11-17,2022-10-30,"-18 day ahead inc hosp","quantile",0.75,212,"COVID-19"
"DE","00+",2022-11-17,2022-10-30,"-18 day ahead inc hosp","quantile",0.75,12126,"COVID-19"
"DE","05-14",2022-11-17,2022-10-30,"-18 day ahead inc hosp","quantile",0.75,92,"COVID-19"
"DE","15-34",2022-11-17,2022-10-30,"-18 day ahead inc hosp","quantile",0.75,564,"COVID-19"
"DE","35-59",2022-11-17,2022-10-30,"-18 day ahead inc hosp","quantile",0.75,1664,"COVID-19"
"DE","60-79",2022-11-17,2022-10-30,"-18 day ahead inc hosp","quantile",0.75,4390,"COVID-19"
"DE","80+",2022-11-17,2022-10-30,"-18 day ahead inc hosp","quantile",0.75,5186,"COVID-19"
"DE-BB","00+",2022-11-17,2022-10-30,"-18 day ahead inc hosp","quantile",0.75,585,"COVID-19"
"DE-BE","00+",2022-11-17,2022-10-30,"-18 day ahead inc hosp","quantile",0.75,468,"COVID-19"
"DE-BW","00+",2022-11-17,2022-10-30,"-18 day ahead inc hosp","quantile",0.75,1186,"COVID-19"
"DE-BY","00+",2022-11-17,2022-10-30,"-18 day ahead inc hosp","quantile",0.75,1995,"COVID-19"
"DE-HB","00+",2022-11-17,2022-10-30,"-18 day ahead inc hosp","quantile",0.75,32,"COVID-19"
"DE-HE","00+",2022-11-17,2022-10-30,"-18 day ahead inc hosp","quantile",0.75,784,"COVID-19"
"DE-HH","00+",2022-11-17,2022-10-30,"-18 day ahead inc hosp","quantile",0.75,184,"COVID-19"
"DE-MV","00+",2022-11-17,2022-10-30,"-18 day ahead inc hosp","quantile",0.75,332,"COVID-19"
"DE-NI","00+",2022-11-17,2022-10-30,"-18 day ahead inc hosp","quantile",0.75,741,"COVID-19"
"DE-NW","00+",2022-11-17,2022-10-30,"-18 day ahead inc hosp","quantile",0.75,3177,"COVID-19"
"DE-RP","00+",2022-11-17,2022-10-30,"-18 day ahead inc hosp","quantile",0.75,533,"COVID-19"
"DE-SH","00+",2022-11-17,2022-10-30,"-18 day ahead inc hosp","quantile",0.75,446,"COVID-19"
"DE-SL","00+",2022-11-17,2022-10-30,"-18 day ahead inc hosp","quantile",0.75,219,"COVID-19"
"DE-SN","00+",2022-11-17,2022-10-30,"-18 day ahead inc hosp","quantile",0.75,634,"COVID-19"
"DE-ST","00+",2022-11-17,2022-10-30,"-18 day ahead inc hosp","quantile",0.75,456,"COVID-19"
"DE-TH","00+",2022-11-17,2022-10-30,"-18 day ahead inc hosp","quantile",0.75,423,"COVID-19"
"DE","00-04",2022-11-17,2022-10-30,"-18 day ahead inc hosp","quantile",0.9,217,"COVID-19"
"DE","00+",2022-11-17,2022-10-30,"-18 day ahead inc hosp","quantile",0.9,12192,"COVID-19"
"DE","05-14",2022-11-17,2022-10-30,"-18 day ahead inc hosp","quantile",0.9,99,"COVID-19"
"DE","15-34",2022-11-17,2022-10-30,"-18 day ahead inc hosp","quantile",0.9,575,"COVID-19"
"DE","35-59",2022-11-17,2022-10-30,"-18 day ahead inc hosp","quantile",0.9,1677,"COVID-19"
"DE","60-79",2022-11-17,2022-10-30,"-18 day ahead inc hosp","quantile",0.9,4411,"COVID-19"
"DE","80+",2022-11-17,2022-10-30,"-18 day ahead inc hosp","quantile",0.9,5214,"COVID-19"
"DE-BB","00+",2022-11-17,2022-10-30,"-18 day ahead inc hosp","quantile",0.9,601,"COVID-19"
"DE-BE","00+",2022-11-17,2022-10-30,"-18 day ahead inc hosp","quantile",0.9,480,"COVID-19"
"DE-BW","00+",2022-11-17,2022-10-30,"-18 day ahead inc hosp","quantile",0.9,1206,"COVID-19"
"DE-BY","00+",2022-11-17,2022-10-30,"-18 day ahead inc hosp","quantile",0.9,2008,"COVID-19"
"DE-HB","00+",2022-11-17,2022-10-30,"-18 day ahead inc hosp","quantile",0.9,33,"COVID-19"
"DE-HE","00+",2022-11-17,2022-10-30,"-18 day ahead inc hosp","quantile",0.9,794,"COVID-19"
"DE-HH","00+",2022-11-17,2022-10-30,"-18 day ahead inc hosp","quantile",0.9,191,"COVID-19"
"DE-MV","00+",2022-11-17,2022-10-30,"-18 day ahead inc hosp","quantile",0.9,334,"COVID-19"
"DE-NI","00+",2022-11-17,2022-10-30,"-18 day ahead inc hosp","quantile",0.9,760,"COVID-19"
"DE-NW","00+",2022-11-17,2022-10-30,"-18 day ahead inc hosp","quantile",0.9,3236,"COVID-19"
"DE-RP","00+",2022-11-17,2022-10-30,"-18 day ahead inc hosp","quantile",0.9,542,"COVID-19"
"DE-SH","00+",2022-11-17,2022-10-30,"-18 day ahead inc hosp","quantile",0.9,449,"COVID-19"
"DE-SL","00+",2022-11-17,2022-10-30,"-18 day ahead inc hosp","quantile",0.9,222,"COVID-19"
"DE-SN","00+",2022-11-17,2022-10-30,"-18 day ahead inc hosp","quantile",0.9,638,"COVID-19"
"DE-ST","00+",2022-11-17,2022-10-30,"-18 day ahead inc hosp","quantile",0.9,470,"COVID-19"
"DE-TH","00+",2022-11-17,2022-10-30,"-18 day ahead inc hosp","quantile",0.9,426,"COVID-19"
"DE","00-04",2022-11-17,2022-10-30,"-18 day ahead inc hosp","quantile",0.975,229,"COVID-19"
"DE","00+",2022-11-17,2022-10-30,"-18 day ahead inc hosp","quantile",0.975,12292,"COVID-19"
"DE","05-14",2022-11-17,2022-10-30,"-18 day ahead inc hosp","quantile",0.975,111,"COVID-19"
"DE","15-34",2022-11-17,2022-10-30,"-18 day ahead inc hosp","quantile",0.975,592,"COVID-19"
"DE","35-59",2022-11-17,2022-10-30,"-18 day ahead inc hosp","quantile",0.975,1691,"COVID-19"
"DE","60-79",2022-11-17,2022-10-30,"-18 day ahead inc hosp","quantile",0.975,4436,"COVID-19"
"DE","80+",2022-11-17,2022-10-30,"-18 day ahead inc hosp","quantile",0.975,5250,"COVID-19"
"DE-BB","00+",2022-11-17,2022-10-30,"-18 day ahead inc hosp","quantile",0.975,621,"COVID-19"
"DE-BE","00+",2022-11-17,2022-10-30,"-18 day ahead inc hosp","quantile",0.975,508,"COVID-19"
"DE-BW","00+",2022-11-17,2022-10-30,"-18 day ahead inc hosp","quantile",0.975,1236,"COVID-19"
"DE-BY","00+",2022-11-17,2022-10-30,"-18 day ahead inc hosp","quantile",0.975,2025,"COVID-19"
"DE-HB","00+",2022-11-17,2022-10-30,"-18 day ahead inc hosp","quantile",0.975,38,"COVID-19"
"DE-HE","00+",2022-11-17,2022-10-30,"-18 day ahead inc hosp","quantile",0.975,811,"COVID-19"
"DE-HH","00+",2022-11-17,2022-10-30,"-18 day ahead inc hosp","quantile",0.975,201,"COVID-19"
"DE-MV","00+",2022-11-17,2022-10-30,"-18 day ahead inc hosp","quantile",0.975,338,"COVID-19"
"DE-NI","00+",2022-11-17,2022-10-30,"-18 day ahead inc hosp","quantile",0.975,789,"COVID-19"
"DE-NW","00+",2022-11-17,2022-10-30,"-18 day ahead inc hosp","quantile",0.975,3304,"COVID-19"
"DE-RP","00+",2022-11-17,2022-10-30,"-18 day ahead inc hosp","quantile",0.975,557,"COVID-19"
"DE-SH","00+",2022-11-17,2022-10-30,"-18 day ahead inc hosp","quantile",0.975,453,"COVID-19"
"DE-SL","00+",2022-11-17,2022-10-30,"-18 day ahead inc hosp","quantile",0.975,228,"COVID-19"
"DE-SN","00+",2022-11-17,2022-10-30,"-18 day ahead inc hosp","quantile",0.975,642,"COVID-19"
"DE-ST","00+",2022-11-17,2022-10-30,"-18 day ahead inc hosp","quantile",0.975,507,"COVID-19"
"DE-TH","00+",2022-11-17,2022-10-30,"-18 day ahead inc hosp","quantile",0.975,429,"COVID-19"
"DE","00-04",2022-11-17,2022-10-31,"-17 day ahead inc hosp","mean",NA,206,"COVID-19"
"DE","00+",2022-11-17,2022-10-31,"-17 day ahead inc hosp","mean",NA,11906,"COVID-19"
"DE","05-14",2022-11-17,2022-10-31,"-17 day ahead inc hosp","mean",NA,83,"COVID-19"
"DE","15-34",2022-11-17,2022-10-31,"-17 day ahead inc hosp","mean",NA,555,"COVID-19"
"DE","35-59",2022-11-17,2022-10-31,"-17 day ahead inc hosp","mean",NA,1644,"COVID-19"
"DE","60-79",2022-11-17,2022-10-31,"-17 day ahead inc hosp","mean",NA,4316,"COVID-19"
"DE","80+",2022-11-17,2022-10-31,"-17 day ahead inc hosp","mean",NA,5093,"COVID-19"
"DE-BB","00+",2022-11-17,2022-10-31,"-17 day ahead inc hosp","mean",NA,572,"COVID-19"
"DE-BE","00+",2022-11-17,2022-10-31,"-17 day ahead inc hosp","mean",NA,448,"COVID-19"
"DE-BW","00+",2022-11-17,2022-10-31,"-17 day ahead inc hosp","mean",NA,1151,"COVID-19"
"DE-BY","00+",2022-11-17,2022-10-31,"-17 day ahead inc hosp","mean",NA,1975,"COVID-19"
"DE-HB","00+",2022-11-17,2022-10-31,"-17 day ahead inc hosp","mean",NA,32,"COVID-19"
"DE-HE","00+",2022-11-17,2022-10-31,"-17 day ahead inc hosp","mean",NA,768,"COVID-19"
"DE-HH","00+",2022-11-17,2022-10-31,"-17 day ahead inc hosp","mean",NA,179,"COVID-19"
"DE-MV","00+",2022-11-17,2022-10-31,"-17 day ahead inc hosp","mean",NA,324,"COVID-19"
"DE-NI","00+",2022-11-17,2022-10-31,"-17 day ahead inc hosp","mean",NA,729,"COVID-19"
"DE-NW","00+",2022-11-17,2022-10-31,"-17 day ahead inc hosp","mean",NA,3099,"COVID-19"
"DE-RP","00+",2022-11-17,2022-10-31,"-17 day ahead inc hosp","mean",NA,521,"COVID-19"
"DE-SH","00+",2022-11-17,2022-10-31,"-17 day ahead inc hosp","mean",NA,430,"COVID-19"
"DE-SL","00+",2022-11-17,2022-10-31,"-17 day ahead inc hosp","mean",NA,216,"COVID-19"
"DE-SN","00+",2022-11-17,2022-10-31,"-17 day ahead inc hosp","mean",NA,615,"COVID-19"
"DE-ST","00+",2022-11-17,2022-10-31,"-17 day ahead inc hosp","mean",NA,444,"COVID-19"
"DE-TH","00+",2022-11-17,2022-10-31,"-17 day ahead inc hosp","mean",NA,411,"COVID-19"
"DE","00-04",2022-11-17,2022-10-31,"-17 day ahead inc hosp","quantile",0.025,201,"COVID-19"
"DE","00+",2022-11-17,2022-10-31,"-17 day ahead inc hosp","quantile",0.025,11747,"COVID-19"
"DE","05-14",2022-11-17,2022-10-31,"-17 day ahead inc hosp","quantile",0.025,80,"COVID-19"
"DE","15-34",2022-11-17,2022-10-31,"-17 day ahead inc hosp","quantile",0.025,538,"COVID-19"
"DE","35-59",2022-11-17,2022-10-31,"-17 day ahead inc hosp","quantile",0.025,1615,"COVID-19"
"DE","60-79",2022-11-17,2022-10-31,"-17 day ahead inc hosp","quantile",0.025,4261,"COVID-19"
"DE","80+",2022-11-17,2022-10-31,"-17 day ahead inc hosp","quantile",0.025,5021,"COVID-19"
"DE-BB","00+",2022-11-17,2022-10-31,"-17 day ahead inc hosp","quantile",0.025,557,"COVID-19"
"DE-BE","00+",2022-11-17,2022-10-31,"-17 day ahead inc hosp","quantile",0.025,433,"COVID-19"
"DE-BW","00+",2022-11-17,2022-10-31,"-17 day ahead inc hosp","quantile",0.025,1124,"COVID-19"
"DE-BY","00+",2022-11-17,2022-10-31,"-17 day ahead inc hosp","quantile",0.025,1949,"COVID-19"
"DE-HB","00+",2022-11-17,2022-10-31,"-17 day ahead inc hosp","quantile",0.025,31,"COVID-19"
"DE-HE","00+",2022-11-17,2022-10-31,"-17 day ahead inc hosp","quantile",0.025,754,"COVID-19"
"DE-HH","00+",2022-11-17,2022-10-31,"-17 day ahead inc hosp","quantile",0.025,168,"COVID-19"
"DE-MV","00+",2022-11-17,2022-10-31,"-17 day ahead inc hosp","quantile",0.025,320,"COVID-19"
"DE-NI","00+",2022-11-17,2022-10-31,"-17 day ahead inc hosp","quantile",0.025,700,"COVID-19"
"DE-NW","00+",2022-11-17,2022-10-31,"-17 day ahead inc hosp","quantile",0.025,3020,"COVID-19"
"DE-RP","00+",2022-11-17,2022-10-31,"-17 day ahead inc hosp","quantile",0.025,510,"COVID-19"
"DE-SH","00+",2022-11-17,2022-10-31,"-17 day ahead inc hosp","quantile",0.025,420,"COVID-19"
"DE-SL","00+",2022-11-17,2022-10-31,"-17 day ahead inc hosp","quantile",0.025,210,"COVID-19"
"DE-SN","00+",2022-11-17,2022-10-31,"-17 day ahead inc hosp","quantile",0.025,607,"COVID-19"
"DE-ST","00+",2022-11-17,2022-10-31,"-17 day ahead inc hosp","quantile",0.025,433,"COVID-19"
"DE-TH","00+",2022-11-17,2022-10-31,"-17 day ahead inc hosp","quantile",0.025,405,"COVID-19"
"DE","00-04",2022-11-17,2022-10-31,"-17 day ahead inc hosp","quantile",0.1,202,"COVID-19"
"DE","00+",2022-11-17,2022-10-31,"-17 day ahead inc hosp","quantile",0.1,11789,"COVID-19"
"DE","05-14",2022-11-17,2022-10-31,"-17 day ahead inc hosp","quantile",0.1,80,"COVID-19"
"DE","15-34",2022-11-17,2022-10-31,"-17 day ahead inc hosp","quantile",0.1,542,"COVID-19"
"DE","35-59",2022-11-17,2022-10-31,"-17 day ahead inc hosp","quantile",0.1,1623,"COVID-19"
"DE","60-79",2022-11-17,2022-10-31,"-17 day ahead inc hosp","quantile",0.1,4277,"COVID-19"
"DE","80+",2022-11-17,2022-10-31,"-17 day ahead inc hosp","quantile",0.1,5042,"COVID-19"
"DE-BB","00+",2022-11-17,2022-10-31,"-17 day ahead inc hosp","quantile",0.1,561,"COVID-19"
"DE-BE","00+",2022-11-17,2022-10-31,"-17 day ahead inc hosp","quantile",0.1,437,"COVID-19"
"DE-BW","00+",2022-11-17,2022-10-31,"-17 day ahead inc hosp","quantile",0.1,1130,"COVID-19"
"DE-BY","00+",2022-11-17,2022-10-31,"-17 day ahead inc hosp","quantile",0.1,1958,"COVID-19"
"DE-HB","00+",2022-11-17,2022-10-31,"-17 day ahead inc hosp","quantile",0.1,31,"COVID-19"
"DE-HE","00+",2022-11-17,2022-10-31,"-17 day ahead inc hosp","quantile",0.1,757,"COVID-19"
"DE-HH","00+",2022-11-17,2022-10-31,"-17 day ahead inc hosp","quantile",0.1,170,"COVID-19"
"DE-MV","00+",2022-11-17,2022-10-31,"-17 day ahead inc hosp","quantile",0.1,321,"COVID-19"
"DE-NI","00+",2022-11-17,2022-10-31,"-17 day ahead inc hosp","quantile",0.1,708,"COVID-19"
"DE-NW","00+",2022-11-17,2022-10-31,"-17 day ahead inc hosp","quantile",0.1,3041,"COVID-19"
"DE-RP","00+",2022-11-17,2022-10-31,"-17 day ahead inc hosp","quantile",0.1,513,"COVID-19"
"DE-SH","00+",2022-11-17,2022-10-31,"-17 day ahead inc hosp","quantile",0.1,423,"COVID-19"
"DE-SL","00+",2022-11-17,2022-10-31,"-17 day ahead inc hosp","quantile",0.1,212,"COVID-19"
"DE-SN","00+",2022-11-17,2022-10-31,"-17 day ahead inc hosp","quantile",0.1,609,"COVID-19"
"DE-ST","00+",2022-11-17,2022-10-31,"-17 day ahead inc hosp","quantile",0.1,435,"COVID-19"
"DE-TH","00+",2022-11-17,2022-10-31,"-17 day ahead inc hosp","quantile",0.1,407,"COVID-19"
"DE","00-04",2022-11-17,2022-10-31,"-17 day ahead inc hosp","quantile",0.25,203,"COVID-19"
"DE","00+",2022-11-17,2022-10-31,"-17 day ahead inc hosp","quantile",0.25,11840,"COVID-19"
"DE","05-14",2022-11-17,2022-10-31,"-17 day ahead inc hosp","quantile",0.25,81,"COVID-19"
"DE","15-34",2022-11-17,2022-10-31,"-17 day ahead inc hosp","quantile",0.25,546,"COVID-19"
"DE","35-59",2022-11-17,2022-10-31,"-17 day ahead inc hosp","quantile",0.25,1633,"COVID-19"
"DE","60-79",2022-11-17,2022-10-31,"-17 day ahead inc hosp","quantile",0.25,4293,"COVID-19"
"DE","80+",2022-11-17,2022-10-31,"-17 day ahead inc hosp","quantile",0.25,5064,"COVID-19"
"DE-BB","00+",2022-11-17,2022-10-31,"-17 day ahead inc hosp","quantile",0.25,567,"COVID-19"
"DE-BE","00+",2022-11-17,2022-10-31,"-17 day ahead inc hosp","quantile",0.25,442,"COVID-19"
"DE-BW","00+",2022-11-17,2022-10-31,"-17 day ahead inc hosp","quantile",0.25,1137,"COVID-19"
"DE-BY","00+",2022-11-17,2022-10-31,"-17 day ahead inc hosp","quantile",0.25,1966,"COVID-19"
"DE-HB","00+",2022-11-17,2022-10-31,"-17 day ahead inc hosp","quantile",0.25,31,"COVID-19"
"DE-HE","00+",2022-11-17,2022-10-31,"-17 day ahead inc hosp","quantile",0.25,762,"COVID-19"
"DE-HH","00+",2022-11-17,2022-10-31,"-17 day ahead inc hosp","quantile",0.25,173,"COVID-19"
"DE-MV","00+",2022-11-17,2022-10-31,"-17 day ahead inc hosp","quantile",0.25,322,"COVID-19"
"DE-NI","00+",2022-11-17,2022-10-31,"-17 day ahead inc hosp","quantile",0.25,716,"COVID-19"
"DE-NW","00+",2022-11-17,2022-10-31,"-17 day ahead inc hosp","quantile",0.25,3067,"COVID-19"
"DE-RP","00+",2022-11-17,2022-10-31,"-17 day ahead inc hosp","quantile",0.25,517,"COVID-19"
"DE-SH","00+",2022-11-17,2022-10-31,"-17 day ahead inc hosp","quantile",0.25,425,"COVID-19"
"DE-SL","00+",2022-11-17,2022-10-31,"-17 day ahead inc hosp","quantile",0.25,213,"COVID-19"
"DE-SN","00+",2022-11-17,2022-10-31,"-17 day ahead inc hosp","quantile",0.25,612,"COVID-19"
"DE-ST","00+",2022-11-17,2022-10-31,"-17 day ahead inc hosp","quantile",0.25,439,"COVID-19"
"DE-TH","00+",2022-11-17,2022-10-31,"-17 day ahead inc hosp","quantile",0.25,408,"COVID-19"
"DE","00-04",2022-11-17,2022-10-31,"-17 day ahead inc hosp","quantile",0.5,206,"COVID-19"
"DE","00+",2022-11-17,2022-10-31,"-17 day ahead inc hosp","quantile",0.5,11906,"COVID-19"
"DE","05-14",2022-11-17,2022-10-31,"-17 day ahead inc hosp","quantile",0.5,83,"COVID-19"
"DE","15-34",2022-11-17,2022-10-31,"-17 day ahead inc hosp","quantile",0.5,553,"COVID-19"
"DE","35-59",2022-11-17,2022-10-31,"-17 day ahead inc hosp","quantile",0.5,1643,"COVID-19"
"DE","60-79",2022-11-17,2022-10-31,"-17 day ahead inc hosp","quantile",0.5,4316,"COVID-19"
"DE","80+",2022-11-17,2022-10-31,"-17 day ahead inc hosp","quantile",0.5,5091,"COVID-19"
"DE-BB","00+",2022-11-17,2022-10-31,"-17 day ahead inc hosp","quantile",0.5,573,"COVID-19"
"DE-BE","00+",2022-11-17,2022-10-31,"-17 day ahead inc hosp","quantile",0.5,448,"COVID-19"
"DE-BW","00+",2022-11-17,2022-10-31,"-17 day ahead inc hosp","quantile",0.5,1148,"COVID-19"
"DE-BY","00+",2022-11-17,2022-10-31,"-17 day ahead inc hosp","quantile",0.5,1976,"COVID-19"
"DE-HB","00+",2022-11-17,2022-10-31,"-17 day ahead inc hosp","quantile",0.5,31,"COVID-19"
"DE-HE","00+",2022-11-17,2022-10-31,"-17 day ahead inc hosp","quantile",0.5,768,"COVID-19"
"DE-HH","00+",2022-11-17,2022-10-31,"-17 day ahead inc hosp","quantile",0.5,178,"COVID-19"
"DE-MV","00+",2022-11-17,2022-10-31,"-17 day ahead inc hosp","quantile",0.5,324,"COVID-19"
"DE-NI","00+",2022-11-17,2022-10-31,"-17 day ahead inc hosp","quantile",0.5,729,"COVID-19"
"DE-NW","00+",2022-11-17,2022-10-31,"-17 day ahead inc hosp","quantile",0.5,3098,"COVID-19"
"DE-RP","00+",2022-11-17,2022-10-31,"-17 day ahead inc hosp","quantile",0.5,521,"COVID-19"
"DE-SH","00+",2022-11-17,2022-10-31,"-17 day ahead inc hosp","quantile",0.5,429,"COVID-19"
"DE-SL","00+",2022-11-17,2022-10-31,"-17 day ahead inc hosp","quantile",0.5,216,"COVID-19"
"DE-SN","00+",2022-11-17,2022-10-31,"-17 day ahead inc hosp","quantile",0.5,615,"COVID-19"
"DE-ST","00+",2022-11-17,2022-10-31,"-17 day ahead inc hosp","quantile",0.5,444,"COVID-19"
"DE-TH","00+",2022-11-17,2022-10-31,"-17 day ahead inc hosp","quantile",0.5,410,"COVID-19"
"DE","00-04",2022-11-17,2022-10-31,"-17 day ahead inc hosp","quantile",0.75,210,"COVID-19"
"DE","00+",2022-11-17,2022-10-31,"-17 day ahead inc hosp","quantile",0.75,11980,"COVID-19"
"DE","05-14",2022-11-17,2022-10-31,"-17 day ahead inc hosp","quantile",0.75,87,"COVID-19"
"DE","15-34",2022-11-17,2022-10-31,"-17 day ahead inc hosp","quantile",0.75,562,"COVID-19"
"DE","35-59",2022-11-17,2022-10-31,"-17 day ahead inc hosp","quantile",0.75,1656,"COVID-19"
"DE","60-79",2022-11-17,2022-10-31,"-17 day ahead inc hosp","quantile",0.75,4339,"COVID-19"
"DE","80+",2022-11-17,2022-10-31,"-17 day ahead inc hosp","quantile",0.75,5121,"COVID-19"
"DE-BB","00+",2022-11-17,2022-10-31,"-17 day ahead inc hosp","quantile",0.75,580,"COVID-19"
"DE-BE","00+",2022-11-17,2022-10-31,"-17 day ahead inc hosp","quantile",0.75,459,"COVID-19"
"DE-BW","00+",2022-11-17,2022-10-31,"-17 day ahead inc hosp","quantile",0.75,1166,"COVID-19"
"DE-BY","00+",2022-11-17,2022-10-31,"-17 day ahead inc hosp","quantile",0.75,1990,"COVID-19"
"DE-HB","00+",2022-11-17,2022-10-31,"-17 day ahead inc hosp","quantile",0.75,32,"COVID-19"
"DE-HE","00+",2022-11-17,2022-10-31,"-17 day ahead inc hosp","quantile",0.75,777,"COVID-19"
"DE-HH","00+",2022-11-17,2022-10-31,"-17 day ahead inc hosp","quantile",0.75,184,"COVID-19"
"DE-MV","00+",2022-11-17,2022-10-31,"-17 day ahead inc hosp","quantile",0.75,327,"COVID-19"
"DE-NI","00+",2022-11-17,2022-10-31,"-17 day ahead inc hosp","quantile",0.75,747,"COVID-19"
"DE-NW","00+",2022-11-17,2022-10-31,"-17 day ahead inc hosp","quantile",0.75,3134,"COVID-19"
"DE-RP","00+",2022-11-17,2022-10-31,"-17 day ahead inc hosp","quantile",0.75,529,"COVID-19"
"DE-SH","00+",2022-11-17,2022-10-31,"-17 day ahead inc hosp","quantile",0.75,435,"COVID-19"
"DE-SL","00+",2022-11-17,2022-10-31,"-17 day ahead inc hosp","quantile",0.75,219,"COVID-19"
"DE-SN","00+",2022-11-17,2022-10-31,"-17 day ahead inc hosp","quantile",0.75,618,"COVID-19"
"DE-ST","00+",2022-11-17,2022-10-31,"-17 day ahead inc hosp","quantile",0.75,455,"COVID-19"
"DE-TH","00+",2022-11-17,2022-10-31,"-17 day ahead inc hosp","quantile",0.75,412,"COVID-19"
"DE","00-04",2022-11-17,2022-10-31,"-17 day ahead inc hosp","quantile",0.9,214,"COVID-19"
"DE","00+",2022-11-17,2022-10-31,"-17 day ahead inc hosp","quantile",0.9,12050,"COVID-19"
"DE","05-14",2022-11-17,2022-10-31,"-17 day ahead inc hosp","quantile",0.9,93,"COVID-19"
"DE","15-34",2022-11-17,2022-10-31,"-17 day ahead inc hosp","quantile",0.9,573,"COVID-19"
"DE","35-59",2022-11-17,2022-10-31,"-17 day ahead inc hosp","quantile",0.9,1670,"COVID-19"
"DE","60-79",2022-11-17,2022-10-31,"-17 day ahead inc hosp","quantile",0.9,4359,"COVID-19"
"DE","80+",2022-11-17,2022-10-31,"-17 day ahead inc hosp","quantile",0.9,5150,"COVID-19"
"DE-BB","00+",2022-11-17,2022-10-31,"-17 day ahead inc hosp","quantile",0.9,596,"COVID-19"
"DE-BE","00+",2022-11-17,2022-10-31,"-17 day ahead inc hosp","quantile",0.9,470,"COVID-19"
"DE-BW","00+",2022-11-17,2022-10-31,"-17 day ahead inc hosp","quantile",0.9,1183,"COVID-19"
"DE-BY","00+",2022-11-17,2022-10-31,"-17 day ahead inc hosp","quantile",0.9,2004,"COVID-19"
"DE-HB","00+",2022-11-17,2022-10-31,"-17 day ahead inc hosp","quantile",0.9,33,"COVID-19"
"DE-HE","00+",2022-11-17,2022-10-31,"-17 day ahead inc hosp","quantile",0.9,787,"COVID-19"
"DE-HH","00+",2022-11-17,2022-10-31,"-17 day ahead inc hosp","quantile",0.9,190,"COVID-19"
"DE-MV","00+",2022-11-17,2022-10-31,"-17 day ahead inc hosp","quantile",0.9,329,"COVID-19"
"DE-NI","00+",2022-11-17,2022-10-31,"-17 day ahead inc hosp","quantile",0.9,765,"COVID-19"
"DE-NW","00+",2022-11-17,2022-10-31,"-17 day ahead inc hosp","quantile",0.9,3194,"COVID-19"
"DE-RP","00+",2022-11-17,2022-10-31,"-17 day ahead inc hosp","quantile",0.9,537,"COVID-19"
"DE-SH","00+",2022-11-17,2022-10-31,"-17 day ahead inc hosp","quantile",0.9,438,"COVID-19"
"DE-SL","00+",2022-11-17,2022-10-31,"-17 day ahead inc hosp","quantile",0.9,222,"COVID-19"
"DE-SN","00+",2022-11-17,2022-10-31,"-17 day ahead inc hosp","quantile",0.9,622,"COVID-19"
"DE-ST","00+",2022-11-17,2022-10-31,"-17 day ahead inc hosp","quantile",0.9,469,"COVID-19"
"DE-TH","00+",2022-11-17,2022-10-31,"-17 day ahead inc hosp","quantile",0.9,415,"COVID-19"
"DE","00-04",2022-11-17,2022-10-31,"-17 day ahead inc hosp","quantile",0.975,226,"COVID-19"
"DE","00+",2022-11-17,2022-10-31,"-17 day ahead inc hosp","quantile",0.975,12149,"COVID-19"
"DE","05-14",2022-11-17,2022-10-31,"-17 day ahead inc hosp","quantile",0.975,104,"COVID-19"
"DE","15-34",2022-11-17,2022-10-31,"-17 day ahead inc hosp","quantile",0.975,589,"COVID-19"
"DE","35-59",2022-11-17,2022-10-31,"-17 day ahead inc hosp","quantile",0.975,1685,"COVID-19"
"DE","60-79",2022-11-17,2022-10-31,"-17 day ahead inc hosp","quantile",0.975,4385,"COVID-19"
"DE","80+",2022-11-17,2022-10-31,"-17 day ahead inc hosp","quantile",0.975,5186,"COVID-19"
"DE-BB","00+",2022-11-17,2022-10-31,"-17 day ahead inc hosp","quantile",0.975,615,"COVID-19"
"DE-BE","00+",2022-11-17,2022-10-31,"-17 day ahead inc hosp","quantile",0.975,495,"COVID-19"
"DE-BW","00+",2022-11-17,2022-10-31,"-17 day ahead inc hosp","quantile",0.975,1212,"COVID-19"
"DE-BY","00+",2022-11-17,2022-10-31,"-17 day ahead inc hosp","quantile",0.975,2021,"COVID-19"
"DE-HB","00+",2022-11-17,2022-10-31,"-17 day ahead inc hosp","quantile",0.975,38,"COVID-19"
"DE-HE","00+",2022-11-17,2022-10-31,"-17 day ahead inc hosp","quantile",0.975,804,"COVID-19"
"DE-HH","00+",2022-11-17,2022-10-31,"-17 day ahead inc hosp","quantile",0.975,198,"COVID-19"
"DE-MV","00+",2022-11-17,2022-10-31,"-17 day ahead inc hosp","quantile",0.975,334,"COVID-19"
"DE-NI","00+",2022-11-17,2022-10-31,"-17 day ahead inc hosp","quantile",0.975,794,"COVID-19"
"DE-NW","00+",2022-11-17,2022-10-31,"-17 day ahead inc hosp","quantile",0.975,3260,"COVID-19"
"DE-RP","00+",2022-11-17,2022-10-31,"-17 day ahead inc hosp","quantile",0.975,552,"COVID-19"
"DE-SH","00+",2022-11-17,2022-10-31,"-17 day ahead inc hosp","quantile",0.975,441,"COVID-19"
"DE-SL","00+",2022-11-17,2022-10-31,"-17 day ahead inc hosp","quantile",0.975,228,"COVID-19"
"DE-SN","00+",2022-11-17,2022-10-31,"-17 day ahead inc hosp","quantile",0.975,627,"COVID-19"
"DE-ST","00+",2022-11-17,2022-10-31,"-17 day ahead inc hosp","quantile",0.975,508,"COVID-19"
"DE-TH","00+",2022-11-17,2022-10-31,"-17 day ahead inc hosp","quantile",0.975,418,"COVID-19"
"DE","00-04",2022-11-17,2022-11-01,"-16 day ahead inc hosp","mean",NA,178,"COVID-19"
"DE","00+",2022-11-17,2022-11-01,"-16 day ahead inc hosp","mean",NA,10284,"COVID-19"
"DE","05-14",2022-11-17,2022-11-01,"-16 day ahead inc hosp","mean",NA,65,"COVID-19"
"DE","15-34",2022-11-17,2022-11-01,"-16 day ahead inc hosp","mean",NA,501,"COVID-19"
"DE","35-59",2022-11-17,2022-11-01,"-16 day ahead inc hosp","mean",NA,1431,"COVID-19"
"DE","60-79",2022-11-17,2022-11-01,"-16 day ahead inc hosp","mean",NA,3698,"COVID-19"
"DE","80+",2022-11-17,2022-11-01,"-16 day ahead inc hosp","mean",NA,4319,"COVID-19"
"DE-BB","00+",2022-11-17,2022-11-01,"-16 day ahead inc hosp","mean",NA,388,"COVID-19"
"DE-BE","00+",2022-11-17,2022-11-01,"-16 day ahead inc hosp","mean",NA,449,"COVID-19"
"DE-BW","00+",2022-11-17,2022-11-01,"-16 day ahead inc hosp","mean",NA,1003,"COVID-19"
"DE-BY","00+",2022-11-17,2022-11-01,"-16 day ahead inc hosp","mean",NA,1787,"COVID-19"
"DE-HB","00+",2022-11-17,2022-11-01,"-16 day ahead inc hosp","mean",NA,24,"COVID-19"
"DE-HE","00+",2022-11-17,2022-11-01,"-16 day ahead inc hosp","mean",NA,699,"COVID-19"
"DE-HH","00+",2022-11-17,2022-11-01,"-16 day ahead inc hosp","mean",NA,146,"COVID-19"
"DE-MV","00+",2022-11-17,2022-11-01,"-16 day ahead inc hosp","mean",NA,237,"COVID-19"
"DE-NI","00+",2022-11-17,2022-11-01,"-16 day ahead inc hosp","mean",NA,501,"COVID-19"
"DE-NW","00+",2022-11-17,2022-11-01,"-16 day ahead inc hosp","mean",NA,2863,"COVID-19"
"DE-RP","00+",2022-11-17,2022-11-01,"-16 day ahead inc hosp","mean",NA,453,"COVID-19"
"DE-SH","00+",2022-11-17,2022-11-01,"-16 day ahead inc hosp","mean",NA,338,"COVID-19"
"DE-SL","00+",2022-11-17,2022-11-01,"-16 day ahead inc hosp","mean",NA,186,"COVID-19"
"DE-SN","00+",2022-11-17,2022-11-01,"-16 day ahead inc hosp","mean",NA,507,"COVID-19"
"DE-ST","00+",2022-11-17,2022-11-01,"-16 day ahead inc hosp","mean",NA,308,"COVID-19"
"DE-TH","00+",2022-11-17,2022-11-01,"-16 day ahead inc hosp","mean",NA,293,"COVID-19"
"DE","00-04",2022-11-17,2022-11-01,"-16 day ahead inc hosp","quantile",0.025,173,"COVID-19"
"DE","00+",2022-11-17,2022-11-01,"-16 day ahead inc hosp","quantile",0.025,10123,"COVID-19"
"DE","05-14",2022-11-17,2022-11-01,"-16 day ahead inc hosp","quantile",0.025,62,"COVID-19"
"DE","15-34",2022-11-17,2022-11-01,"-16 day ahead inc hosp","quantile",0.025,485,"COVID-19"
"DE","35-59",2022-11-17,2022-11-01,"-16 day ahead inc hosp","quantile",0.025,1403,"COVID-19"
"DE","60-79",2022-11-17,2022-11-01,"-16 day ahead inc hosp","quantile",0.025,3644,"COVID-19"
"DE","80+",2022-11-17,2022-11-01,"-16 day ahead inc hosp","quantile",0.025,4249,"COVID-19"
"DE-BB","00+",2022-11-17,2022-11-01,"-16 day ahead inc hosp","quantile",0.025,375,"COVID-19"
"DE-BE","00+",2022-11-17,2022-11-01,"-16 day ahead inc hosp","quantile",0.025,432,"COVID-19"
"DE-BW","00+",2022-11-17,2022-11-01,"-16 day ahead inc hosp","quantile",0.025,975,"COVID-19"
"DE-BY","00+",2022-11-17,2022-11-01,"-16 day ahead inc hosp","quantile",0.025,1760,"COVID-19"
"DE-HB","00+",2022-11-17,2022-11-01,"-16 day ahead inc hosp","quantile",0.025,23,"COVID-19"
"DE-HE","00+",2022-11-17,2022-11-01,"-16 day ahead inc hosp","quantile",0.025,683,"COVID-19"
"DE-HH","00+",2022-11-17,2022-11-01,"-16 day ahead inc hosp","quantile",0.025,136,"COVID-19"
"DE-MV","00+",2022-11-17,2022-11-01,"-16 day ahead inc hosp","quantile",0.025,233,"COVID-19"
"DE-NI","00+",2022-11-17,2022-11-01,"-16 day ahead inc hosp","quantile",0.025,477,"COVID-19"
"DE-NW","00+",2022-11-17,2022-11-01,"-16 day ahead inc hosp","quantile",0.025,2783,"COVID-19"
"DE-RP","00+",2022-11-17,2022-11-01,"-16 day ahead inc hosp","quantile",0.025,442,"COVID-19"
"DE-SH","00+",2022-11-17,2022-11-01,"-16 day ahead inc hosp","quantile",0.025,330,"COVID-19"
"DE-SL","00+",2022-11-17,2022-11-01,"-16 day ahead inc hosp","quantile",0.025,180,"COVID-19"
"DE-SN","00+",2022-11-17,2022-11-01,"-16 day ahead inc hosp","quantile",0.025,499,"COVID-19"
"DE-ST","00+",2022-11-17,2022-11-01,"-16 day ahead inc hosp","quantile",0.025,298,"COVID-19"
"DE-TH","00+",2022-11-17,2022-11-01,"-16 day ahead inc hosp","quantile",0.025,288,"COVID-19"
"DE","00-04",2022-11-17,2022-11-01,"-16 day ahead inc hosp","quantile",0.1,174,"COVID-19"
"DE","00+",2022-11-17,2022-11-01,"-16 day ahead inc hosp","quantile",0.1,10169,"COVID-19"
"DE","05-14",2022-11-17,2022-11-01,"-16 day ahead inc hosp","quantile",0.1,62,"COVID-19"
"DE","15-34",2022-11-17,2022-11-01,"-16 day ahead inc hosp","quantile",0.1,488,"COVID-19"
"DE","35-59",2022-11-17,2022-11-01,"-16 day ahead inc hosp","quantile",0.1,1410,"COVID-19"
"DE","60-79",2022-11-17,2022-11-01,"-16 day ahead inc hosp","quantile",0.1,3659,"COVID-19"
"DE","80+",2022-11-17,2022-11-01,"-16 day ahead inc hosp","quantile",0.1,4269,"COVID-19"
"DE-BB","00+",2022-11-17,2022-11-01,"-16 day ahead inc hosp","quantile",0.1,379,"COVID-19"
"DE-BE","00+",2022-11-17,2022-11-01,"-16 day ahead inc hosp","quantile",0.1,437,"COVID-19"
"DE-BW","00+",2022-11-17,2022-11-01,"-16 day ahead inc hosp","quantile",0.1,981,"COVID-19"
"DE-BY","00+",2022-11-17,2022-11-01,"-16 day ahead inc hosp","quantile",0.1,1768,"COVID-19"
"DE-HB","00+",2022-11-17,2022-11-01,"-16 day ahead inc hosp","quantile",0.1,23,"COVID-19"
"DE-HE","00+",2022-11-17,2022-11-01,"-16 day ahead inc hosp","quantile",0.1,687,"COVID-19"
"DE-HH","00+",2022-11-17,2022-11-01,"-16 day ahead inc hosp","quantile",0.1,138,"COVID-19"
"DE-MV","00+",2022-11-17,2022-11-01,"-16 day ahead inc hosp","quantile",0.1,234,"COVID-19"
"DE-NI","00+",2022-11-17,2022-11-01,"-16 day ahead inc hosp","quantile",0.1,483,"COVID-19"
"DE-NW","00+",2022-11-17,2022-11-01,"-16 day ahead inc hosp","quantile",0.1,2802,"COVID-19"
"DE-RP","00+",2022-11-17,2022-11-01,"-16 day ahead inc hosp","quantile",0.1,445,"COVID-19"
"DE-SH","00+",2022-11-17,2022-11-01,"-16 day ahead inc hosp","quantile",0.1,332,"COVID-19"
"DE-SL","00+",2022-11-17,2022-11-01,"-16 day ahead inc hosp","quantile",0.1,182,"COVID-19"
"DE-SN","00+",2022-11-17,2022-11-01,"-16 day ahead inc hosp","quantile",0.1,501,"COVID-19"
"DE-ST","00+",2022-11-17,2022-11-01,"-16 day ahead inc hosp","quantile",0.1,300,"COVID-19"
"DE-TH","00+",2022-11-17,2022-11-01,"-16 day ahead inc hosp","quantile",0.1,290,"COVID-19"
"DE","00-04",2022-11-17,2022-11-01,"-16 day ahead inc hosp","quantile",0.25,175,"COVID-19"
"DE","00+",2022-11-17,2022-11-01,"-16 day ahead inc hosp","quantile",0.25,10217,"COVID-19"
"DE","05-14",2022-11-17,2022-11-01,"-16 day ahead inc hosp","quantile",0.25,63,"COVID-19"
"DE","15-34",2022-11-17,2022-11-01,"-16 day ahead inc hosp","quantile",0.25,493,"COVID-19"
"DE","35-59",2022-11-17,2022-11-01,"-16 day ahead inc hosp","quantile",0.25,1420,"COVID-19"
"DE","60-79",2022-11-17,2022-11-01,"-16 day ahead inc hosp","quantile",0.25,3675,"COVID-19"
"DE","80+",2022-11-17,2022-11-01,"-16 day ahead inc hosp","quantile",0.25,4291,"COVID-19"
"DE-BB","00+",2022-11-17,2022-11-01,"-16 day ahead inc hosp","quantile",0.25,384,"COVID-19"
"DE-BE","00+",2022-11-17,2022-11-01,"-16 day ahead inc hosp","quantile",0.25,442,"COVID-19"
"DE-BW","00+",2022-11-17,2022-11-01,"-16 day ahead inc hosp","quantile",0.25,988,"COVID-19"
"DE-BY","00+",2022-11-17,2022-11-01,"-16 day ahead inc hosp","quantile",0.25,1777,"COVID-19"
"DE-HB","00+",2022-11-17,2022-11-01,"-16 day ahead inc hosp","quantile",0.25,23,"COVID-19"
"DE-HE","00+",2022-11-17,2022-11-01,"-16 day ahead inc hosp","quantile",0.25,692,"COVID-19"
"DE-HH","00+",2022-11-17,2022-11-01,"-16 day ahead inc hosp","quantile",0.25,141,"COVID-19"
"DE-MV","00+",2022-11-17,2022-11-01,"-16 day ahead inc hosp","quantile",0.25,235,"COVID-19"
"DE-NI","00+",2022-11-17,2022-11-01,"-16 day ahead inc hosp","quantile",0.25,491,"COVID-19"
"DE-NW","00+",2022-11-17,2022-11-01,"-16 day ahead inc hosp","quantile",0.25,2830,"COVID-19"
"DE-RP","00+",2022-11-17,2022-11-01,"-16 day ahead inc hosp","quantile",0.25,448,"COVID-19"
"DE-SH","00+",2022-11-17,2022-11-01,"-16 day ahead inc hosp","quantile",0.25,334,"COVID-19"
"DE-SL","00+",2022-11-17,2022-11-01,"-16 day ahead inc hosp","quantile",0.25,184,"COVID-19"
"DE-SN","00+",2022-11-17,2022-11-01,"-16 day ahead inc hosp","quantile",0.25,503,"COVID-19"
"DE-ST","00+",2022-11-17,2022-11-01,"-16 day ahead inc hosp","quantile",0.25,303,"COVID-19"
"DE-TH","00+",2022-11-17,2022-11-01,"-16 day ahead inc hosp","quantile",0.25,291,"COVID-19"
"DE","00-04",2022-11-17,2022-11-01,"-16 day ahead inc hosp","quantile",0.5,179,"COVID-19"
"DE","00+",2022-11-17,2022-11-01,"-16 day ahead inc hosp","quantile",0.5,10285,"COVID-19"
"DE","05-14",2022-11-17,2022-11-01,"-16 day ahead inc hosp","quantile",0.5,65,"COVID-19"
"DE","15-34",2022-11-17,2022-11-01,"-16 day ahead inc hosp","quantile",0.5,499,"COVID-19"
"DE","35-59",2022-11-17,2022-11-01,"-16 day ahead inc hosp","quantile",0.5,1430,"COVID-19"
"DE","60-79",2022-11-17,2022-11-01,"-16 day ahead inc hosp","quantile",0.5,3697,"COVID-19"
"DE","80+",2022-11-17,2022-11-01,"-16 day ahead inc hosp","quantile",0.5,4317,"COVID-19"
"DE-BB","00+",2022-11-17,2022-11-01,"-16 day ahead inc hosp","quantile",0.5,389,"COVID-19"
"DE-BE","00+",2022-11-17,2022-11-01,"-16 day ahead inc hosp","quantile",0.5,450,"COVID-19"
"DE-BW","00+",2022-11-17,2022-11-01,"-16 day ahead inc hosp","quantile",0.5,1000,"COVID-19"
"DE-BY","00+",2022-11-17,2022-11-01,"-16 day ahead inc hosp","quantile",0.5,1786,"COVID-19"
"DE-HB","00+",2022-11-17,2022-11-01,"-16 day ahead inc hosp","quantile",0.5,24,"COVID-19"
"DE-HE","00+",2022-11-17,2022-11-01,"-16 day ahead inc hosp","quantile",0.5,699,"COVID-19"
"DE-HH","00+",2022-11-17,2022-11-01,"-16 day ahead inc hosp","quantile",0.5,145,"COVID-19"
"DE-MV","00+",2022-11-17,2022-11-01,"-16 day ahead inc hosp","quantile",0.5,237,"COVID-19"
"DE-NI","00+",2022-11-17,2022-11-01,"-16 day ahead inc hosp","quantile",0.5,501,"COVID-19"
"DE-NW","00+",2022-11-17,2022-11-01,"-16 day ahead inc hosp","quantile",0.5,2861,"COVID-19"
"DE-RP","00+",2022-11-17,2022-11-01,"-16 day ahead inc hosp","quantile",0.5,453,"COVID-19"
"DE-SH","00+",2022-11-17,2022-11-01,"-16 day ahead inc hosp","quantile",0.5,338,"COVID-19"
"DE-SL","00+",2022-11-17,2022-11-01,"-16 day ahead inc hosp","quantile",0.5,186,"COVID-19"
"DE-SN","00+",2022-11-17,2022-11-01,"-16 day ahead inc hosp","quantile",0.5,506,"COVID-19"
"DE-ST","00+",2022-11-17,2022-11-01,"-16 day ahead inc hosp","quantile",0.5,308,"COVID-19"
"DE-TH","00+",2022-11-17,2022-11-01,"-16 day ahead inc hosp","quantile",0.5,293,"COVID-19"
"DE","00-04",2022-11-17,2022-11-01,"-16 day ahead inc hosp","quantile",0.75,182,"COVID-19"
"DE","00+",2022-11-17,2022-11-01,"-16 day ahead inc hosp","quantile",0.75,10356,"COVID-19"
"DE","05-14",2022-11-17,2022-11-01,"-16 day ahead inc hosp","quantile",0.75,68,"COVID-19"
"DE","15-34",2022-11-17,2022-11-01,"-16 day ahead inc hosp","quantile",0.75,508,"COVID-19"
"DE","35-59",2022-11-17,2022-11-01,"-16 day ahead inc hosp","quantile",0.75,1443,"COVID-19"
"DE","60-79",2022-11-17,2022-11-01,"-16 day ahead inc hosp","quantile",0.75,3721,"COVID-19"
"DE","80+",2022-11-17,2022-11-01,"-16 day ahead inc hosp","quantile",0.75,4346,"COVID-19"
"DE-BB","00+",2022-11-17,2022-11-01,"-16 day ahead inc hosp","quantile",0.75,395,"COVID-19"
"DE-BE","00+",2022-11-17,2022-11-01,"-16 day ahead inc hosp","quantile",0.75,461,"COVID-19"
"DE-BW","00+",2022-11-17,2022-11-01,"-16 day ahead inc hosp","quantile",0.75,1018,"COVID-19"
"DE-BY","00+",2022-11-17,2022-11-01,"-16 day ahead inc hosp","quantile",0.75,1801,"COVID-19"
"DE-HB","00+",2022-11-17,2022-11-01,"-16 day ahead inc hosp","quantile",0.75,24,"COVID-19"
"DE-HE","00+",2022-11-17,2022-11-01,"-16 day ahead inc hosp","quantile",0.75,708,"COVID-19"
"DE-HH","00+",2022-11-17,2022-11-01,"-16 day ahead inc hosp","quantile",0.75,151,"COVID-19"
"DE-MV","00+",2022-11-17,2022-11-01,"-16 day ahead inc hosp","quantile",0.75,239,"COVID-19"
"DE-NI","00+",2022-11-17,2022-11-01,"-16 day ahead inc hosp","quantile",0.75,516,"COVID-19"
"DE-NW","00+",2022-11-17,2022-11-01,"-16 day ahead inc hosp","quantile",0.75,2909,"COVID-19"
"DE-RP","00+",2022-11-17,2022-11-01,"-16 day ahead inc hosp","quantile",0.75,461,"COVID-19"
"DE-SH","00+",2022-11-17,2022-11-01,"-16 day ahead inc hosp","quantile",0.75,343,"COVID-19"
"DE-SL","00+",2022-11-17,2022-11-01,"-16 day ahead inc hosp","quantile",0.75,189,"COVID-19"
"DE-SN","00+",2022-11-17,2022-11-01,"-16 day ahead inc hosp","quantile",0.75,510,"COVID-19"
"DE-ST","00+",2022-11-17,2022-11-01,"-16 day ahead inc hosp","quantile",0.75,318,"COVID-19"
"DE-TH","00+",2022-11-17,2022-11-01,"-16 day ahead inc hosp","quantile",0.75,295,"COVID-19"
"DE","00-04",2022-11-17,2022-11-01,"-16 day ahead inc hosp","quantile",0.9,186,"COVID-19"
"DE","00+",2022-11-17,2022-11-01,"-16 day ahead inc hosp","quantile",0.9,10425,"COVID-19"
"DE","05-14",2022-11-17,2022-11-01,"-16 day ahead inc hosp","quantile",0.9,74,"COVID-19"
"DE","15-34",2022-11-17,2022-11-01,"-16 day ahead inc hosp","quantile",0.9,518,"COVID-19"
"DE","35-59",2022-11-17,2022-11-01,"-16 day ahead inc hosp","quantile",0.9,1459,"COVID-19"
"DE","60-79",2022-11-17,2022-11-01,"-16 day ahead inc hosp","quantile",0.9,3740,"COVID-19"
"DE","80+",2022-11-17,2022-11-01,"-16 day ahead inc hosp","quantile",0.9,4375,"COVID-19"
"DE-BB","00+",2022-11-17,2022-11-01,"-16 day ahead inc hosp","quantile",0.9,408,"COVID-19"
"DE-BE","00+",2022-11-17,2022-11-01,"-16 day ahead inc hosp","quantile",0.9,472,"COVID-19"
"DE-BW","00+",2022-11-17,2022-11-01,"-16 day ahead inc hosp","quantile",0.9,1040,"COVID-19"
"DE-BY","00+",2022-11-17,2022-11-01,"-16 day ahead inc hosp","quantile",0.9,1815,"COVID-19"
"DE-HB","00+",2022-11-17,2022-11-01,"-16 day ahead inc hosp","quantile",0.9,25,"COVID-19"
"DE-HE","00+",2022-11-17,2022-11-01,"-16 day ahead inc hosp","quantile",0.9,718,"COVID-19"
"DE-HH","00+",2022-11-17,2022-11-01,"-16 day ahead inc hosp","quantile",0.9,157,"COVID-19"
"DE-MV","00+",2022-11-17,2022-11-01,"-16 day ahead inc hosp","quantile",0.9,242,"COVID-19"
"DE-NI","00+",2022-11-17,2022-11-01,"-16 day ahead inc hosp","quantile",0.9,531,"COVID-19"
"DE-NW","00+",2022-11-17,2022-11-01,"-16 day ahead inc hosp","quantile",0.9,2958,"COVID-19"
"DE-RP","00+",2022-11-17,2022-11-01,"-16 day ahead inc hosp","quantile",0.9,469,"COVID-19"
"DE-SH","00+",2022-11-17,2022-11-01,"-16 day ahead inc hosp","quantile",0.9,346,"COVID-19"
"DE-SL","00+",2022-11-17,2022-11-01,"-16 day ahead inc hosp","quantile",0.9,193,"COVID-19"
"DE-SN","00+",2022-11-17,2022-11-01,"-16 day ahead inc hosp","quantile",0.9,514,"COVID-19"
"DE-ST","00+",2022-11-17,2022-11-01,"-16 day ahead inc hosp","quantile",0.9,330,"COVID-19"
"DE-TH","00+",2022-11-17,2022-11-01,"-16 day ahead inc hosp","quantile",0.9,297,"COVID-19"
"DE","00-04",2022-11-17,2022-11-01,"-16 day ahead inc hosp","quantile",0.975,197,"COVID-19"
"DE","00+",2022-11-17,2022-11-01,"-16 day ahead inc hosp","quantile",0.975,10519,"COVID-19"
"DE","05-14",2022-11-17,2022-11-01,"-16 day ahead inc hosp","quantile",0.975,83,"COVID-19"
"DE","15-34",2022-11-17,2022-11-01,"-16 day ahead inc hosp","quantile",0.975,533,"COVID-19"
"DE","35-59",2022-11-17,2022-11-01,"-16 day ahead inc hosp","quantile",0.975,1473,"COVID-19"
"DE","60-79",2022-11-17,2022-11-01,"-16 day ahead inc hosp","quantile",0.975,3765,"COVID-19"
"DE","80+",2022-11-17,2022-11-01,"-16 day ahead inc hosp","quantile",0.975,4409,"COVID-19"
"DE-BB","00+",2022-11-17,2022-11-01,"-16 day ahead inc hosp","quantile",0.975,425,"COVID-19"
"DE-BE","00+",2022-11-17,2022-11-01,"-16 day ahead inc hosp","quantile",0.975,498,"COVID-19"
"DE-BW","00+",2022-11-17,2022-11-01,"-16 day ahead inc hosp","quantile",0.975,1063,"COVID-19"
"DE-BY","00+",2022-11-17,2022-11-01,"-16 day ahead inc hosp","quantile",0.975,1831,"COVID-19"
"DE-HB","00+",2022-11-17,2022-11-01,"-16 day ahead inc hosp","quantile",0.975,29,"COVID-19"
"DE-HE","00+",2022-11-17,2022-11-01,"-16 day ahead inc hosp","quantile",0.975,735,"COVID-19"
"DE-HH","00+",2022-11-17,2022-11-01,"-16 day ahead inc hosp","quantile",0.975,164,"COVID-19"
"DE-MV","00+",2022-11-17,2022-11-01,"-16 day ahead inc hosp","quantile",0.975,246,"COVID-19"
"DE-NI","00+",2022-11-17,2022-11-01,"-16 day ahead inc hosp","quantile",0.975,555,"COVID-19"
"DE-NW","00+",2022-11-17,2022-11-01,"-16 day ahead inc hosp","quantile",0.975,3023,"COVID-19"
"DE-RP","00+",2022-11-17,2022-11-01,"-16 day ahead inc hosp","quantile",0.975,483,"COVID-19"
"DE-SH","00+",2022-11-17,2022-11-01,"-16 day ahead inc hosp","quantile",0.975,350,"COVID-19"
"DE-SL","00+",2022-11-17,2022-11-01,"-16 day ahead inc hosp","quantile",0.975,198,"COVID-19"
"DE-SN","00+",2022-11-17,2022-11-01,"-16 day ahead inc hosp","quantile",0.975,518,"COVID-19"
"DE-ST","00+",2022-11-17,2022-11-01,"-16 day ahead inc hosp","quantile",0.975,362,"COVID-19"
"DE-TH","00+",2022-11-17,2022-11-01,"-16 day ahead inc hosp","quantile",0.975,300,"COVID-19"
"DE","00-04",2022-11-17,2022-11-02,"-15 day ahead inc hosp","mean",NA,174,"COVID-19"
"DE","00+",2022-11-17,2022-11-02,"-15 day ahead inc hosp","mean",NA,9371,"COVID-19"
"DE","05-14",2022-11-17,2022-11-02,"-15 day ahead inc hosp","mean",NA,64,"COVID-19"
"DE","15-34",2022-11-17,2022-11-02,"-15 day ahead inc hosp","mean",NA,463,"COVID-19"
"DE","35-59",2022-11-17,2022-11-02,"-15 day ahead inc hosp","mean",NA,1262,"COVID-19"
"DE","60-79",2022-11-17,2022-11-02,"-15 day ahead inc hosp","mean",NA,3362,"COVID-19"
"DE","80+",2022-11-17,2022-11-02,"-15 day ahead inc hosp","mean",NA,3968,"COVID-19"
"DE-BB","00+",2022-11-17,2022-11-02,"-15 day ahead inc hosp","mean",NA,454,"COVID-19"
"DE-BE","00+",2022-11-17,2022-11-02,"-15 day ahead inc hosp","mean",NA,427,"COVID-19"
"DE-BW","00+",2022-11-17,2022-11-02,"-15 day ahead inc hosp","mean",NA,836,"COVID-19"
"DE-BY","00+",2022-11-17,2022-11-02,"-15 day ahead inc hosp","mean",NA,1473,"COVID-19"
"DE-HB","00+",2022-11-17,2022-11-02,"-15 day ahead inc hosp","mean",NA,27,"COVID-19"
"DE-HE","00+",2022-11-17,2022-11-02,"-15 day ahead inc hosp","mean",NA,663,"COVID-19"
"DE-HH","00+",2022-11-17,2022-11-02,"-15 day ahead inc hosp","mean",NA,130,"COVID-19"
"DE-MV","00+",2022-11-17,2022-11-02,"-15 day ahead inc hosp","mean",NA,269,"COVID-19"
"DE-NI","00+",2022-11-17,2022-11-02,"-15 day ahead inc hosp","mean",NA,592,"COVID-19"
"DE-NW","00+",2022-11-17,2022-11-02,"-15 day ahead inc hosp","mean",NA,2413,"COVID-19"
"DE-RP","00+",2022-11-17,2022-11-02,"-15 day ahead inc hosp","mean",NA,365,"COVID-19"
"DE-SH","00+",2022-11-17,2022-11-02,"-15 day ahead inc hosp","mean",NA,329,"COVID-19"
"DE-SL","00+",2022-11-17,2022-11-02,"-15 day ahead inc hosp","mean",NA,142,"COVID-19"
"DE-SN","00+",2022-11-17,2022-11-02,"-15 day ahead inc hosp","mean",NA,544,"COVID-19"
"DE-ST","00+",2022-11-17,2022-11-02,"-15 day ahead inc hosp","mean",NA,353,"COVID-19"
"DE-TH","00+",2022-11-17,2022-11-02,"-15 day ahead inc hosp","mean",NA,299,"COVID-19"
"DE","00-04",2022-11-17,2022-11-02,"-15 day ahead inc hosp","quantile",0.025,168,"COVID-19"
"DE","00+",2022-11-17,2022-11-02,"-15 day ahead inc hosp","quantile",0.025,9215,"COVID-19"
"DE","05-14",2022-11-17,2022-11-02,"-15 day ahead inc hosp","quantile",0.025,61,"COVID-19"
"DE","15-34",2022-11-17,2022-11-02,"-15 day ahead inc hosp","quantile",0.025,447,"COVID-19"
"DE","35-59",2022-11-17,2022-11-02,"-15 day ahead inc hosp","quantile",0.025,1234,"COVID-19"
"DE","60-79",2022-11-17,2022-11-02,"-15 day ahead inc hosp","quantile",0.025,3310,"COVID-19"
"DE","80+",2022-11-17,2022-11-02,"-15 day ahead inc hosp","quantile",0.025,3898,"COVID-19"
"DE-BB","00+",2022-11-17,2022-11-02,"-15 day ahead inc hosp","quantile",0.025,439,"COVID-19"
"DE-BE","00+",2022-11-17,2022-11-02,"-15 day ahead inc hosp","quantile",0.025,410,"COVID-19"
"DE-BW","00+",2022-11-17,2022-11-02,"-15 day ahead inc hosp","quantile",0.025,810,"COVID-19"
"DE-BY","00+",2022-11-17,2022-11-02,"-15 day ahead inc hosp","quantile",0.025,1448,"COVID-19"
"DE-HB","00+",2022-11-17,2022-11-02,"-15 day ahead inc hosp","quantile",0.025,26,"COVID-19"
"DE-HE","00+",2022-11-17,2022-11-02,"-15 day ahead inc hosp","quantile",0.025,646,"COVID-19"
"DE-HH","00+",2022-11-17,2022-11-02,"-15 day ahead inc hosp","quantile",0.025,120,"COVID-19"
"DE-MV","00+",2022-11-17,2022-11-02,"-15 day ahead inc hosp","quantile",0.025,264,"COVID-19"
"DE-NI","00+",2022-11-17,2022-11-02,"-15 day ahead inc hosp","quantile",0.025,562,"COVID-19"
"DE-NW","00+",2022-11-17,2022-11-02,"-15 day ahead inc hosp","quantile",0.025,2335,"COVID-19"
"DE-RP","00+",2022-11-17,2022-11-02,"-15 day ahead inc hosp","quantile",0.025,354,"COVID-19"
"DE-SH","00+",2022-11-17,2022-11-02,"-15 day ahead inc hosp","quantile",0.025,320,"COVID-19"
"DE-SL","00+",2022-11-17,2022-11-02,"-15 day ahead inc hosp","quantile",0.025,136,"COVID-19"
"DE-SN","00+",2022-11-17,2022-11-02,"-15 day ahead inc hosp","quantile",0.025,534,"COVID-19"
"DE-ST","00+",2022-11-17,2022-11-02,"-15 day ahead inc hosp","quantile",0.025,340,"COVID-19"
"DE-TH","00+",2022-11-17,2022-11-02,"-15 day ahead inc hosp","quantile",0.025,294,"COVID-19"
"DE","00-04",2022-11-17,2022-11-02,"-15 day ahead inc hosp","quantile",0.1,169,"COVID-19"
"DE","00+",2022-11-17,2022-11-02,"-15 day ahead inc hosp","quantile",0.1,9256,"COVID-19"
"DE","05-14",2022-11-17,2022-11-02,"-15 day ahead inc hosp","quantile",0.1,61,"COVID-19"
"DE","15-34",2022-11-17,2022-11-02,"-15 day ahead inc hosp","quantile",0.1,450,"COVID-19"
"DE","35-59",2022-11-17,2022-11-02,"-15 day ahead inc hosp","quantile",0.1,1240,"COVID-19"
"DE","60-79",2022-11-17,2022-11-02,"-15 day ahead inc hosp","quantile",0.1,3324,"COVID-19"
"DE","80+",2022-11-17,2022-11-02,"-15 day ahead inc hosp","quantile",0.1,3919,"COVID-19"
"DE-BB","00+",2022-11-17,2022-11-02,"-15 day ahead inc hosp","quantile",0.1,444,"COVID-19"
"DE-BE","00+",2022-11-17,2022-11-02,"-15 day ahead inc hosp","quantile",0.1,415,"COVID-19"
"DE-BW","00+",2022-11-17,2022-11-02,"-15 day ahead inc hosp","quantile",0.1,816,"COVID-19"
"DE-BY","00+",2022-11-17,2022-11-02,"-15 day ahead inc hosp","quantile",0.1,1456,"COVID-19"
"DE-HB","00+",2022-11-17,2022-11-02,"-15 day ahead inc hosp","quantile",0.1,26,"COVID-19"
"DE-HE","00+",2022-11-17,2022-11-02,"-15 day ahead inc hosp","quantile",0.1,652,"COVID-19"
"DE-HH","00+",2022-11-17,2022-11-02,"-15 day ahead inc hosp","quantile",0.1,122,"COVID-19"
"DE-MV","00+",2022-11-17,2022-11-02,"-15 day ahead inc hosp","quantile",0.1,266,"COVID-19"
"DE-NI","00+",2022-11-17,2022-11-02,"-15 day ahead inc hosp","quantile",0.1,570,"COVID-19"
"DE-NW","00+",2022-11-17,2022-11-02,"-15 day ahead inc hosp","quantile",0.1,2358,"COVID-19"
"DE-RP","00+",2022-11-17,2022-11-02,"-15 day ahead inc hosp","quantile",0.1,357,"COVID-19"
"DE-SH","00+",2022-11-17,2022-11-02,"-15 day ahead inc hosp","quantile",0.1,322,"COVID-19"
"DE-SL","00+",2022-11-17,2022-11-02,"-15 day ahead inc hosp","quantile",0.1,138,"COVID-19"
"DE-SN","00+",2022-11-17,2022-11-02,"-15 day ahead inc hosp","quantile",0.1,537,"COVID-19"
"DE-ST","00+",2022-11-17,2022-11-02,"-15 day ahead inc hosp","quantile",0.1,342,"COVID-19"
"DE-TH","00+",2022-11-17,2022-11-02,"-15 day ahead inc hosp","quantile",0.1,295,"COVID-19"
"DE","00-04",2022-11-17,2022-11-02,"-15 day ahead inc hosp","quantile",0.25,171,"COVID-19"
"DE","00+",2022-11-17,2022-11-02,"-15 day ahead inc hosp","quantile",0.25,9306,"COVID-19"
"DE","05-14",2022-11-17,2022-11-02,"-15 day ahead inc hosp","quantile",0.25,62,"COVID-19"
"DE","15-34",2022-11-17,2022-11-02,"-15 day ahead inc hosp","quantile",0.25,455,"COVID-19"
"DE","35-59",2022-11-17,2022-11-02,"-15 day ahead inc hosp","quantile",0.25,1250,"COVID-19"
"DE","60-79",2022-11-17,2022-11-02,"-15 day ahead inc hosp","quantile",0.25,3340,"COVID-19"
"DE","80+",2022-11-17,2022-11-02,"-15 day ahead inc hosp","quantile",0.25,3939,"COVID-19"
"DE-BB","00+",2022-11-17,2022-11-02,"-15 day ahead inc hosp","quantile",0.25,448,"COVID-19"
"DE-BE","00+",2022-11-17,2022-11-02,"-15 day ahead inc hosp","quantile",0.25,420,"COVID-19"
"DE-BW","00+",2022-11-17,2022-11-02,"-15 day ahead inc hosp","quantile",0.25,823,"COVID-19"
"DE-BY","00+",2022-11-17,2022-11-02,"-15 day ahead inc hosp","quantile",0.25,1464,"COVID-19"
"DE-HB","00+",2022-11-17,2022-11-02,"-15 day ahead inc hosp","quantile",0.25,26,"COVID-19"
"DE-HE","00+",2022-11-17,2022-11-02,"-15 day ahead inc hosp","quantile",0.25,656,"COVID-19"
"DE-HH","00+",2022-11-17,2022-11-02,"-15 day ahead inc hosp","quantile",0.25,126,"COVID-19"
"DE-MV","00+",2022-11-17,2022-11-02,"-15 day ahead inc hosp","quantile",0.25,267,"COVID-19"
"DE-NI","00+",2022-11-17,2022-11-02,"-15 day ahead inc hosp","quantile",0.25,578,"COVID-19"
"DE-NW","00+",2022-11-17,2022-11-02,"-15 day ahead inc hosp","quantile",0.25,2380,"COVID-19"
"DE-RP","00+",2022-11-17,2022-11-02,"-15 day ahead inc hosp","quantile",0.25,361,"COVID-19"
"DE-SH","00+",2022-11-17,2022-11-02,"-15 day ahead inc hosp","quantile",0.25,325,"COVID-19"
"DE-SL","00+",2022-11-17,2022-11-02,"-15 day ahead inc hosp","quantile",0.25,139,"COVID-19"
"DE-SN","00+",2022-11-17,2022-11-02,"-15 day ahead inc hosp","quantile",0.25,540,"COVID-19"
"DE-ST","00+",2022-11-17,2022-11-02,"-15 day ahead inc hosp","quantile",0.25,347,"COVID-19"
"DE-TH","00+",2022-11-17,2022-11-02,"-15 day ahead inc hosp","quantile",0.25,297,"COVID-19"
"DE","00-04",2022-11-17,2022-11-02,"-15 day ahead inc hosp","quantile",0.5,174,"COVID-19"
"DE","00+",2022-11-17,2022-11-02,"-15 day ahead inc hosp","quantile",0.5,9372,"COVID-19"
"DE","05-14",2022-11-17,2022-11-02,"-15 day ahead inc hosp","quantile",0.5,64,"COVID-19"
"DE","15-34",2022-11-17,2022-11-02,"-15 day ahead inc hosp","quantile",0.5,461,"COVID-19"
"DE","35-59",2022-11-17,2022-11-02,"-15 day ahead inc hosp","quantile",0.5,1260,"COVID-19"
"DE","60-79",2022-11-17,2022-11-02,"-15 day ahead inc hosp","quantile",0.5,3361,"COVID-19"
"DE","80+",2022-11-17,2022-11-02,"-15 day ahead inc hosp","quantile",0.5,3966,"COVID-19"
"DE-BB","00+",2022-11-17,2022-11-02,"-15 day ahead inc hosp","quantile",0.5,455,"COVID-19"
"DE-BE","00+",2022-11-17,2022-11-02,"-15 day ahead inc hosp","quantile",0.5,428,"COVID-19"
"DE-BW","00+",2022-11-17,2022-11-02,"-15 day ahead inc hosp","quantile",0.5,835,"COVID-19"
"DE-BY","00+",2022-11-17,2022-11-02,"-15 day ahead inc hosp","quantile",0.5,1473,"COVID-19"
"DE-HB","00+",2022-11-17,2022-11-02,"-15 day ahead inc hosp","quantile",0.5,27,"COVID-19"
"DE-HE","00+",2022-11-17,2022-11-02,"-15 day ahead inc hosp","quantile",0.5,663,"COVID-19"
"DE-HH","00+",2022-11-17,2022-11-02,"-15 day ahead inc hosp","quantile",0.5,130,"COVID-19"
"DE-MV","00+",2022-11-17,2022-11-02,"-15 day ahead inc hosp","quantile",0.5,269,"COVID-19"
"DE-NI","00+",2022-11-17,2022-11-02,"-15 day ahead inc hosp","quantile",0.5,592,"COVID-19"
"DE-NW","00+",2022-11-17,2022-11-02,"-15 day ahead inc hosp","quantile",0.5,2412,"COVID-19"
"DE-RP","00+",2022-11-17,2022-11-02,"-15 day ahead inc hosp","quantile",0.5,365,"COVID-19"
"DE-SH","00+",2022-11-17,2022-11-02,"-15 day ahead inc hosp","quantile",0.5,329,"COVID-19"
"DE-SL","00+",2022-11-17,2022-11-02,"-15 day ahead inc hosp","quantile",0.5,141,"COVID-19"
"DE-SN","00+",2022-11-17,2022-11-02,"-15 day ahead inc hosp","quantile",0.5,543,"COVID-19"
"DE-ST","00+",2022-11-17,2022-11-02,"-15 day ahead inc hosp","quantile",0.5,353,"COVID-19"
"DE-TH","00+",2022-11-17,2022-11-02,"-15 day ahead inc hosp","quantile",0.5,299,"COVID-19"
"DE","00-04",2022-11-17,2022-11-02,"-15 day ahead inc hosp","quantile",0.75,177,"COVID-19"
"DE","00+",2022-11-17,2022-11-02,"-15 day ahead inc hosp","quantile",0.75,9441,"COVID-19"
"DE","05-14",2022-11-17,2022-11-02,"-15 day ahead inc hosp","quantile",0.75,67,"COVID-19"
"DE","15-34",2022-11-17,2022-11-02,"-15 day ahead inc hosp","quantile",0.75,470,"COVID-19"
"DE","35-59",2022-11-17,2022-11-02,"-15 day ahead inc hosp","quantile",0.75,1273,"COVID-19"
"DE","60-79",2022-11-17,2022-11-02,"-15 day ahead inc hosp","quantile",0.75,3385,"COVID-19"
"DE","80+",2022-11-17,2022-11-02,"-15 day ahead inc hosp","quantile",0.75,3995,"COVID-19"
"DE-BB","00+",2022-11-17,2022-11-02,"-15 day ahead inc hosp","quantile",0.75,462,"COVID-19"
"DE-BE","00+",2022-11-17,2022-11-02,"-15 day ahead inc hosp","quantile",0.75,440,"COVID-19"
"DE-BW","00+",2022-11-17,2022-11-02,"-15 day ahead inc hosp","quantile",0.75,850,"COVID-19"
"DE-BY","00+",2022-11-17,2022-11-02,"-15 day ahead inc hosp","quantile",0.75,1487,"COVID-19"
"DE-HB","00+",2022-11-17,2022-11-02,"-15 day ahead inc hosp","quantile",0.75,28,"COVID-19"
"DE-HE","00+",2022-11-17,2022-11-02,"-15 day ahead inc hosp","quantile",0.75,673,"COVID-19"
"DE-HH","00+",2022-11-17,2022-11-02,"-15 day ahead inc hosp","quantile",0.75,135,"COVID-19"
"DE-MV","00+",2022-11-17,2022-11-02,"-15 day ahead inc hosp","quantile",0.75,272,"COVID-19"
"DE-NI","00+",2022-11-17,2022-11-02,"-15 day ahead inc hosp","quantile",0.75,610,"COVID-19"
"DE-NW","00+",2022-11-17,2022-11-02,"-15 day ahead inc hosp","quantile",0.75,2455,"COVID-19"
"DE-RP","00+",2022-11-17,2022-11-02,"-15 day ahead inc hosp","quantile",0.75,372,"COVID-19"
"DE-SH","00+",2022-11-17,2022-11-02,"-15 day ahead inc hosp","quantile",0.75,334,"COVID-19"
"DE-SL","00+",2022-11-17,2022-11-02,"-15 day ahead inc hosp","quantile",0.75,144,"COVID-19"
"DE-SN","00+",2022-11-17,2022-11-02,"-15 day ahead inc hosp","quantile",0.75,548,"COVID-19"
"DE-ST","00+",2022-11-17,2022-11-02,"-15 day ahead inc hosp","quantile",0.75,365,"COVID-19"
"DE-TH","00+",2022-11-17,2022-11-02,"-15 day ahead inc hosp","quantile",0.75,301,"COVID-19"
"DE","00-04",2022-11-17,2022-11-02,"-15 day ahead inc hosp","quantile",0.9,182,"COVID-19"
"DE","00+",2022-11-17,2022-11-02,"-15 day ahead inc hosp","quantile",0.9,9507,"COVID-19"
"DE","05-14",2022-11-17,2022-11-02,"-15 day ahead inc hosp","quantile",0.9,73,"COVID-19"
"DE","15-34",2022-11-17,2022-11-02,"-15 day ahead inc hosp","quantile",0.9,479,"COVID-19"
"DE","35-59",2022-11-17,2022-11-02,"-15 day ahead inc hosp","quantile",0.9,1289,"COVID-19"
"DE","60-79",2022-11-17,2022-11-02,"-15 day ahead inc hosp","quantile",0.9,3404,"COVID-19"
"DE","80+",2022-11-17,2022-11-02,"-15 day ahead inc hosp","quantile",0.9,4023,"COVID-19"
"DE-BB","00+",2022-11-17,2022-11-02,"-15 day ahead inc hosp","quantile",0.9,477,"COVID-19"
"DE-BE","00+",2022-11-17,2022-11-02,"-15 day ahead inc hosp","quantile",0.9,452,"COVID-19"
"DE-BW","00+",2022-11-17,2022-11-02,"-15 day ahead inc hosp","quantile",0.9,870,"COVID-19"
"DE-BY","00+",2022-11-17,2022-11-02,"-15 day ahead inc hosp","quantile",0.9,1499,"COVID-19"
"DE-HB","00+",2022-11-17,2022-11-02,"-15 day ahead inc hosp","quantile",0.9,29,"COVID-19"
"DE-HE","00+",2022-11-17,2022-11-02,"-15 day ahead inc hosp","quantile",0.9,683,"COVID-19"
"DE-HH","00+",2022-11-17,2022-11-02,"-15 day ahead inc hosp","quantile",0.9,141,"COVID-19"
"DE-MV","00+",2022-11-17,2022-11-02,"-15 day ahead inc hosp","quantile",0.9,275,"COVID-19"
"DE-NI","00+",2022-11-17,2022-11-02,"-15 day ahead inc hosp","quantile",0.9,628,"COVID-19"
"DE-NW","00+",2022-11-17,2022-11-02,"-15 day ahead inc hosp","quantile",0.9,2500,"COVID-19"
"DE-RP","00+",2022-11-17,2022-11-02,"-15 day ahead inc hosp","quantile",0.9,379,"COVID-19"
"DE-SH","00+",2022-11-17,2022-11-02,"-15 day ahead inc hosp","quantile",0.9,337,"COVID-19"
"DE-SL","00+",2022-11-17,2022-11-02,"-15 day ahead inc hosp","quantile",0.9,147,"COVID-19"
"DE-SN","00+",2022-11-17,2022-11-02,"-15 day ahead inc hosp","quantile",0.9,552,"COVID-19"
"DE-ST","00+",2022-11-17,2022-11-02,"-15 day ahead inc hosp","quantile",0.9,380,"COVID-19"
"DE-TH","00+",2022-11-17,2022-11-02,"-15 day ahead inc hosp","quantile",0.9,304,"COVID-19"
"DE","00-04",2022-11-17,2022-11-02,"-15 day ahead inc hosp","quantile",0.975,193,"COVID-19"
"DE","00+",2022-11-17,2022-11-02,"-15 day ahead inc hosp","quantile",0.975,9596,"COVID-19"
"DE","05-14",2022-11-17,2022-11-02,"-15 day ahead inc hosp","quantile",0.975,82,"COVID-19"
"DE","15-34",2022-11-17,2022-11-02,"-15 day ahead inc hosp","quantile",0.975,493,"COVID-19"
"DE","35-59",2022-11-17,2022-11-02,"-15 day ahead inc hosp","quantile",0.975,1303,"COVID-19"
"DE","60-79",2022-11-17,2022-11-02,"-15 day ahead inc hosp","quantile",0.975,3427,"COVID-19"
"DE","80+",2022-11-17,2022-11-02,"-15 day ahead inc hosp","quantile",0.975,4056,"COVID-19"
"DE-BB","00+",2022-11-17,2022-11-02,"-15 day ahead inc hosp","quantile",0.975,495,"COVID-19"
"DE-BE","00+",2022-11-17,2022-11-02,"-15 day ahead inc hosp","quantile",0.975,476,"COVID-19"
"DE-BW","00+",2022-11-17,2022-11-02,"-15 day ahead inc hosp","quantile",0.975,890,"COVID-19"
"DE-BY","00+",2022-11-17,2022-11-02,"-15 day ahead inc hosp","quantile",0.975,1515,"COVID-19"
"DE-HB","00+",2022-11-17,2022-11-02,"-15 day ahead inc hosp","quantile",0.975,33,"COVID-19"
"DE-HE","00+",2022-11-17,2022-11-02,"-15 day ahead inc hosp","quantile",0.975,699,"COVID-19"
"DE-HH","00+",2022-11-17,2022-11-02,"-15 day ahead inc hosp","quantile",0.975,148,"COVID-19"
"DE-MV","00+",2022-11-17,2022-11-02,"-15 day ahead inc hosp","quantile",0.975,279,"COVID-19"
"DE-NI","00+",2022-11-17,2022-11-02,"-15 day ahead inc hosp","quantile",0.975,654,"COVID-19"
"DE-NW","00+",2022-11-17,2022-11-02,"-15 day ahead inc hosp","quantile",0.975,2558,"COVID-19"
"DE-RP","00+",2022-11-17,2022-11-02,"-15 day ahead inc hosp","quantile",0.975,393,"COVID-19"
"DE-SH","00+",2022-11-17,2022-11-02,"-15 day ahead inc hosp","quantile",0.975,341,"COVID-19"
"DE-SL","00+",2022-11-17,2022-11-02,"-15 day ahead inc hosp","quantile",0.975,152,"COVID-19"
"DE-SN","00+",2022-11-17,2022-11-02,"-15 day ahead inc hosp","quantile",0.975,558,"COVID-19"
"DE-ST","00+",2022-11-17,2022-11-02,"-15 day ahead inc hosp","quantile",0.975,416,"COVID-19"
"DE-TH","00+",2022-11-17,2022-11-02,"-15 day ahead inc hosp","quantile",0.975,307,"COVID-19"
"DE","00-04",2022-11-17,2022-11-03,"-14 day ahead inc hosp","mean",NA,176,"COVID-19"
"DE","00+",2022-11-17,2022-11-03,"-14 day ahead inc hosp","mean",NA,9297,"COVID-19"
"DE","05-14",2022-11-17,2022-11-03,"-14 day ahead inc hosp","mean",NA,58,"COVID-19"
"DE","15-34",2022-11-17,2022-11-03,"-14 day ahead inc hosp","mean",NA,466,"COVID-19"
"DE","35-59",2022-11-17,2022-11-03,"-14 day ahead inc hosp","mean",NA,1245,"COVID-19"
"DE","60-79",2022-11-17,2022-11-03,"-14 day ahead inc hosp","mean",NA,3326,"COVID-19"
"DE","80+",2022-11-17,2022-11-03,"-14 day ahead inc hosp","mean",NA,4021,"COVID-19"
"DE-BB","00+",2022-11-17,2022-11-03,"-14 day ahead inc hosp","mean",NA,438,"COVID-19"
"DE-BE","00+",2022-11-17,2022-11-03,"-14 day ahead inc hosp","mean",NA,430,"COVID-19"
"DE-BW","00+",2022-11-17,2022-11-03,"-14 day ahead inc hosp","mean",NA,839,"COVID-19"
"DE-BY","00+",2022-11-17,2022-11-03,"-14 day ahead inc hosp","mean",NA,1517,"COVID-19"
"DE-HB","00+",2022-11-17,2022-11-03,"-14 day ahead inc hosp","mean",NA,26,"COVID-19"
"DE-HE","00+",2022-11-17,2022-11-03,"-14 day ahead inc hosp","mean",NA,632,"COVID-19"
"DE-HH","00+",2022-11-17,2022-11-03,"-14 day ahead inc hosp","mean",NA,120,"COVID-19"
"DE-MV","00+",2022-11-17,2022-11-03,"-14 day ahead inc hosp","mean",NA,265,"COVID-19"
"DE-NI","00+",2022-11-17,2022-11-03,"-14 day ahead inc hosp","mean",NA,590,"COVID-19"
"DE-NW","00+",2022-11-17,2022-11-03,"-14 day ahead inc hosp","mean",NA,2423,"COVID-19"
"DE-RP","00+",2022-11-17,2022-11-03,"-14 day ahead inc hosp","mean",NA,388,"COVID-19"
"DE-SH","00+",2022-11-17,2022-11-03,"-14 day ahead inc hosp","mean",NA,324,"COVID-19"
"DE-SL","00+",2022-11-17,2022-11-03,"-14 day ahead inc hosp","mean",NA,129,"COVID-19"
"DE-SN","00+",2022-11-17,2022-11-03,"-14 day ahead inc hosp","mean",NA,521,"COVID-19"
"DE-ST","00+",2022-11-17,2022-11-03,"-14 day ahead inc hosp","mean",NA,379,"COVID-19"
"DE-TH","00+",2022-11-17,2022-11-03,"-14 day ahead inc hosp","mean",NA,306,"COVID-19"
"DE","00-04",2022-11-17,2022-11-03,"-14 day ahead inc hosp","quantile",0.025,170,"COVID-19"
"DE","00+",2022-11-17,2022-11-03,"-14 day ahead inc hosp","quantile",0.025,9130,"COVID-19"
"DE","05-14",2022-11-17,2022-11-03,"-14 day ahead inc hosp","quantile",0.025,55,"COVID-19"
"DE","15-34",2022-11-17,2022-11-03,"-14 day ahead inc hosp","quantile",0.025,450,"COVID-19"
"DE","35-59",2022-11-17,2022-11-03,"-14 day ahead inc hosp","quantile",0.025,1214,"COVID-19"
"DE","60-79",2022-11-17,2022-11-03,"-14 day ahead inc hosp","quantile",0.025,3269,"COVID-19"
"DE","80+",2022-11-17,2022-11-03,"-14 day ahead inc hosp","quantile",0.025,3946,"COVID-19"
"DE-BB","00+",2022-11-17,2022-11-03,"-14 day ahead inc hosp","quantile",0.025,422,"COVID-19"
"DE-BE","00+",2022-11-17,2022-11-03,"-14 day ahead inc hosp","quantile",0.025,410,"COVID-19"
"DE-BW","00+",2022-11-17,2022-11-03,"-14 day ahead inc hosp","quantile",0.025,810,"COVID-19"
"DE-BY","00+",2022-11-17,2022-11-03,"-14 day ahead inc hosp","quantile",0.025,1489,"COVID-19"
"DE-HB","00+",2022-11-17,2022-11-03,"-14 day ahead inc hosp","quantile",0.025,25,"COVID-19"
"DE-HE","00+",2022-11-17,2022-11-03,"-14 day ahead inc hosp","quantile",0.025,614,"COVID-19"
"DE-HH","00+",2022-11-17,2022-11-03,"-14 day ahead inc hosp","quantile",0.025,109,"COVID-19"
"DE-MV","00+",2022-11-17,2022-11-03,"-14 day ahead inc hosp","quantile",0.025,260,"COVID-19"
"DE-NI","00+",2022-11-17,2022-11-03,"-14 day ahead inc hosp","quantile",0.025,559,"COVID-19"
"DE-NW","00+",2022-11-17,2022-11-03,"-14 day ahead inc hosp","quantile",0.025,2341,"COVID-19"
"DE-RP","00+",2022-11-17,2022-11-03,"-14 day ahead inc hosp","quantile",0.025,377,"COVID-19"
"DE-SH","00+",2022-11-17,2022-11-03,"-14 day ahead inc hosp","quantile",0.025,314,"COVID-19"
"DE-SL","00+",2022-11-17,2022-11-03,"-14 day ahead inc hosp","quantile",0.025,123,"COVID-19"
"DE-SN","00+",2022-11-17,2022-11-03,"-14 day ahead inc hosp","quantile",0.025,511,"COVID-19"
"DE-ST","00+",2022-11-17,2022-11-03,"-14 day ahead inc hosp","quantile",0.025,363,"COVID-19"
"DE-TH","00+",2022-11-17,2022-11-03,"-14 day ahead inc hosp","quantile",0.025,300,"COVID-19"
"DE","00-04",2022-11-17,2022-11-03,"-14 day ahead inc hosp","quantile",0.1,171,"COVID-19"
"DE","00+",2022-11-17,2022-11-03,"-14 day ahead inc hosp","quantile",0.1,9175,"COVID-19"
"DE","05-14",2022-11-17,2022-11-03,"-14 day ahead inc hosp","quantile",0.1,55,"COVID-19"
"DE","15-34",2022-11-17,2022-11-03,"-14 day ahead inc hosp","quantile",0.1,454,"COVID-19"
"DE","35-59",2022-11-17,2022-11-03,"-14 day ahead inc hosp","quantile",0.1,1222,"COVID-19"
"DE","60-79",2022-11-17,2022-11-03,"-14 day ahead inc hosp","quantile",0.1,3285,"COVID-19"
"DE","80+",2022-11-17,2022-11-03,"-14 day ahead inc hosp","quantile",0.1,3967,"COVID-19"
"DE-BB","00+",2022-11-17,2022-11-03,"-14 day ahead inc hosp","quantile",0.1,428,"COVID-19"
"DE-BE","00+",2022-11-17,2022-11-03,"-14 day ahead inc hosp","quantile",0.1,416,"COVID-19"
"DE-BW","00+",2022-11-17,2022-11-03,"-14 day ahead inc hosp","quantile",0.1,817,"COVID-19"
"DE-BY","00+",2022-11-17,2022-11-03,"-14 day ahead inc hosp","quantile",0.1,1498,"COVID-19"
"DE-HB","00+",2022-11-17,2022-11-03,"-14 day ahead inc hosp","quantile",0.1,25,"COVID-19"
"DE-HE","00+",2022-11-17,2022-11-03,"-14 day ahead inc hosp","quantile",0.1,620,"COVID-19"
"DE-HH","00+",2022-11-17,2022-11-03,"-14 day ahead inc hosp","quantile",0.1,112,"COVID-19"
"DE-MV","00+",2022-11-17,2022-11-03,"-14 day ahead inc hosp","quantile",0.1,261,"COVID-19"
"DE-NI","00+",2022-11-17,2022-11-03,"-14 day ahead inc hosp","quantile",0.1,566,"COVID-19"
"DE-NW","00+",2022-11-17,2022-11-03,"-14 day ahead inc hosp","quantile",0.1,2364,"COVID-19"
"DE-RP","00+",2022-11-17,2022-11-03,"-14 day ahead inc hosp","quantile",0.1,380,"COVID-19"
"DE-SH","00+",2022-11-17,2022-11-03,"-14 day ahead inc hosp","quantile",0.1,317,"COVID-19"
"DE-SL","00+",2022-11-17,2022-11-03,"-14 day ahead inc hosp","quantile",0.1,124,"COVID-19"
"DE-SN","00+",2022-11-17,2022-11-03,"-14 day ahead inc hosp","quantile",0.1,514,"COVID-19"
"DE-ST","00+",2022-11-17,2022-11-03,"-14 day ahead inc hosp","quantile",0.1,367,"COVID-19"
"DE-TH","00+",2022-11-17,2022-11-03,"-14 day ahead inc hosp","quantile",0.1,302,"COVID-19"
"DE","00-04",2022-11-17,2022-11-03,"-14 day ahead inc hosp","quantile",0.25,173,"COVID-19"
"DE","00+",2022-11-17,2022-11-03,"-14 day ahead inc hosp","quantile",0.25,9229,"COVID-19"
"DE","05-14",2022-11-17,2022-11-03,"-14 day ahead inc hosp","quantile",0.25,56,"COVID-19"
"DE","15-34",2022-11-17,2022-11-03,"-14 day ahead inc hosp","quantile",0.25,458,"COVID-19"
"DE","35-59",2022-11-17,2022-11-03,"-14 day ahead inc hosp","quantile",0.25,1232,"COVID-19"
"DE","60-79",2022-11-17,2022-11-03,"-14 day ahead inc hosp","quantile",0.25,3302,"COVID-19"
"DE","80+",2022-11-17,2022-11-03,"-14 day ahead inc hosp","quantile",0.25,3991,"COVID-19"
"DE-BB","00+",2022-11-17,2022-11-03,"-14 day ahead inc hosp","quantile",0.25,432,"COVID-19"
"DE-BE","00+",2022-11-17,2022-11-03,"-14 day ahead inc hosp","quantile",0.25,423,"COVID-19"
"DE-BW","00+",2022-11-17,2022-11-03,"-14 day ahead inc hosp","quantile",0.25,825,"COVID-19"
"DE-BY","00+",2022-11-17,2022-11-03,"-14 day ahead inc hosp","quantile",0.25,1507,"COVID-19"
"DE-HB","00+",2022-11-17,2022-11-03,"-14 day ahead inc hosp","quantile",0.25,25,"COVID-19"
"DE-HE","00+",2022-11-17,2022-11-03,"-14 day ahead inc hosp","quantile",0.25,624,"COVID-19"
"DE-HH","00+",2022-11-17,2022-11-03,"-14 day ahead inc hosp","quantile",0.25,115,"COVID-19"
"DE-MV","00+",2022-11-17,2022-11-03,"-14 day ahead inc hosp","quantile",0.25,262,"COVID-19"
"DE-NI","00+",2022-11-17,2022-11-03,"-14 day ahead inc hosp","quantile",0.25,576,"COVID-19"
"DE-NW","00+",2022-11-17,2022-11-03,"-14 day ahead inc hosp","quantile",0.25,2390,"COVID-19"
"DE-RP","00+",2022-11-17,2022-11-03,"-14 day ahead inc hosp","quantile",0.25,384,"COVID-19"
"DE-SH","00+",2022-11-17,2022-11-03,"-14 day ahead inc hosp","quantile",0.25,319,"COVID-19"
"DE-SL","00+",2022-11-17,2022-11-03,"-14 day ahead inc hosp","quantile",0.25,126,"COVID-19"
"DE-SN","00+",2022-11-17,2022-11-03,"-14 day ahead inc hosp","quantile",0.25,517,"COVID-19"
"DE-ST","00+",2022-11-17,2022-11-03,"-14 day ahead inc hosp","quantile",0.25,372,"COVID-19"
"DE-TH","00+",2022-11-17,2022-11-03,"-14 day ahead inc hosp","quantile",0.25,304,"COVID-19"
"DE","00-04",2022-11-17,2022-11-03,"-14 day ahead inc hosp","quantile",0.5,176,"COVID-19"
"DE","00+",2022-11-17,2022-11-03,"-14 day ahead inc hosp","quantile",0.5,9297,"COVID-19"
"DE","05-14",2022-11-17,2022-11-03,"-14 day ahead inc hosp","quantile",0.5,58,"COVID-19"
"DE","15-34",2022-11-17,2022-11-03,"-14 day ahead inc hosp","quantile",0.5,465,"COVID-19"
"DE","35-59",2022-11-17,2022-11-03,"-14 day ahead inc hosp","quantile",0.5,1244,"COVID-19"
"DE","60-79",2022-11-17,2022-11-03,"-14 day ahead inc hosp","quantile",0.5,3325,"COVID-19"
"DE","80+",2022-11-17,2022-11-03,"-14 day ahead inc hosp","quantile",0.5,4019,"COVID-19"
"DE-BB","00+",2022-11-17,2022-11-03,"-14 day ahead inc hosp","quantile",0.5,439,"COVID-19"
"DE-BE","00+",2022-11-17,2022-11-03,"-14 day ahead inc hosp","quantile",0.5,430,"COVID-19"
"DE-BW","00+",2022-11-17,2022-11-03,"-14 day ahead inc hosp","quantile",0.5,838,"COVID-19"
"DE-BY","00+",2022-11-17,2022-11-03,"-14 day ahead inc hosp","quantile",0.5,1517,"COVID-19"
"DE-HB","00+",2022-11-17,2022-11-03,"-14 day ahead inc hosp","quantile",0.5,26,"COVID-19"
"DE-HE","00+",2022-11-17,2022-11-03,"-14 day ahead inc hosp","quantile",0.5,632,"COVID-19"
"DE-HH","00+",2022-11-17,2022-11-03,"-14 day ahead inc hosp","quantile",0.5,120,"COVID-19"
"DE-MV","00+",2022-11-17,2022-11-03,"-14 day ahead inc hosp","quantile",0.5,264,"COVID-19"
"DE-NI","00+",2022-11-17,2022-11-03,"-14 day ahead inc hosp","quantile",0.5,591,"COVID-19"
"DE-NW","00+",2022-11-17,2022-11-03,"-14 day ahead inc hosp","quantile",0.5,2422,"COVID-19"
"DE-RP","00+",2022-11-17,2022-11-03,"-14 day ahead inc hosp","quantile",0.5,388,"COVID-19"
"DE-SH","00+",2022-11-17,2022-11-03,"-14 day ahead inc hosp","quantile",0.5,324,"COVID-19"
"DE-SL","00+",2022-11-17,2022-11-03,"-14 day ahead inc hosp","quantile",0.5,128,"COVID-19"
"DE-SN","00+",2022-11-17,2022-11-03,"-14 day ahead inc hosp","quantile",0.5,520,"COVID-19"
"DE-ST","00+",2022-11-17,2022-11-03,"-14 day ahead inc hosp","quantile",0.5,379,"COVID-19"
"DE-TH","00+",2022-11-17,2022-11-03,"-14 day ahead inc hosp","quantile",0.5,306,"COVID-19"
"DE","00-04",2022-11-17,2022-11-03,"-14 day ahead inc hosp","quantile",0.75,180,"COVID-19"
"DE","00+",2022-11-17,2022-11-03,"-14 day ahead inc hosp","quantile",0.75,9371,"COVID-19"
"DE","05-14",2022-11-17,2022-11-03,"-14 day ahead inc hosp","quantile",0.75,61,"COVID-19"
"DE","15-34",2022-11-17,2022-11-03,"-14 day ahead inc hosp","quantile",0.75,474,"COVID-19"
"DE","35-59",2022-11-17,2022-11-03,"-14 day ahead inc hosp","quantile",0.75,1257,"COVID-19"
"DE","60-79",2022-11-17,2022-11-03,"-14 day ahead inc hosp","quantile",0.75,3350,"COVID-19"
"DE","80+",2022-11-17,2022-11-03,"-14 day ahead inc hosp","quantile",0.75,4051,"COVID-19"
"DE-BB","00+",2022-11-17,2022-11-03,"-14 day ahead inc hosp","quantile",0.75,446,"COVID-19"
"DE-BE","00+",2022-11-17,2022-11-03,"-14 day ahead inc hosp","quantile",0.75,443,"COVID-19"
"DE-BW","00+",2022-11-17,2022-11-03,"-14 day ahead inc hosp","quantile",0.75,855,"COVID-19"
"DE-BY","00+",2022-11-17,2022-11-03,"-14 day ahead inc hosp","quantile",0.75,1532,"COVID-19"
"DE-HB","00+",2022-11-17,2022-11-03,"-14 day ahead inc hosp","quantile",0.75,27,"COVID-19"
"DE-HE","00+",2022-11-17,2022-11-03,"-14 day ahead inc hosp","quantile",0.75,642,"COVID-19"
"DE-HH","00+",2022-11-17,2022-11-03,"-14 day ahead inc hosp","quantile",0.75,125,"COVID-19"
"DE-MV","00+",2022-11-17,2022-11-03,"-14 day ahead inc hosp","quantile",0.75,268,"COVID-19"
"DE-NI","00+",2022-11-17,2022-11-03,"-14 day ahead inc hosp","quantile",0.75,610,"COVID-19"
"DE-NW","00+",2022-11-17,2022-11-03,"-14 day ahead inc hosp","quantile",0.75,2467,"COVID-19"
"DE-RP","00+",2022-11-17,2022-11-03,"-14 day ahead inc hosp","quantile",0.75,396,"COVID-19"
"DE-SH","00+",2022-11-17,2022-11-03,"-14 day ahead inc hosp","quantile",0.75,329,"COVID-19"
"DE-SL","00+",2022-11-17,2022-11-03,"-14 day ahead inc hosp","quantile",0.75,131,"COVID-19"
"DE-SN","00+",2022-11-17,2022-11-03,"-14 day ahead inc hosp","quantile",0.75,525,"COVID-19"
"DE-ST","00+",2022-11-17,2022-11-03,"-14 day ahead inc hosp","quantile",0.75,393,"COVID-19"
"DE-TH","00+",2022-11-17,2022-11-03,"-14 day ahead inc hosp","quantile",0.75,309,"COVID-19"
"DE","00-04",2022-11-17,2022-11-03,"-14 day ahead inc hosp","quantile",0.9,184,"COVID-19"
"DE","00+",2022-11-17,2022-11-03,"-14 day ahead inc hosp","quantile",0.9,9438,"COVID-19"
"DE","05-14",2022-11-17,2022-11-03,"-14 day ahead inc hosp","quantile",0.9,66,"COVID-19"
"DE","15-34",2022-11-17,2022-11-03,"-14 day ahead inc hosp","quantile",0.9,483,"COVID-19"
"DE","35-59",2022-11-17,2022-11-03,"-14 day ahead inc hosp","quantile",0.9,1274,"COVID-19"
"DE","60-79",2022-11-17,2022-11-03,"-14 day ahead inc hosp","quantile",0.9,3372,"COVID-19"
"DE","80+",2022-11-17,2022-11-03,"-14 day ahead inc hosp","quantile",0.9,4080,"COVID-19"
"DE-BB","00+",2022-11-17,2022-11-03,"-14 day ahead inc hosp","quantile",0.9,454,"COVID-19"
"DE-BE","00+",2022-11-17,2022-11-03,"-14 day ahead inc hosp","quantile",0.9,456,"COVID-19"
"DE-BW","00+",2022-11-17,2022-11-03,"-14 day ahead inc hosp","quantile",0.9,875,"COVID-19"
"DE-BY","00+",2022-11-17,2022-11-03,"-14 day ahead inc hosp","quantile",0.9,1546,"COVID-19"
"DE-HB","00+",2022-11-17,2022-11-03,"-14 day ahead inc hosp","quantile",0.9,29,"COVID-19"
"DE-HE","00+",2022-11-17,2022-11-03,"-14 day ahead inc hosp","quantile",0.9,652,"COVID-19"
"DE-HH","00+",2022-11-17,2022-11-03,"-14 day ahead inc hosp","quantile",0.9,131,"COVID-19"
"DE-MV","00+",2022-11-17,2022-11-03,"-14 day ahead inc hosp","quantile",0.9,271,"COVID-19"
"DE-NI","00+",2022-11-17,2022-11-03,"-14 day ahead inc hosp","quantile",0.9,629,"COVID-19"
"DE-NW","00+",2022-11-17,2022-11-03,"-14 day ahead inc hosp","quantile",0.9,2513,"COVID-19"
"DE-RP","00+",2022-11-17,2022-11-03,"-14 day ahead inc hosp","quantile",0.9,404,"COVID-19"
"DE-SH","00+",2022-11-17,2022-11-03,"-14 day ahead inc hosp","quantile",0.9,333,"COVID-19"
"DE-SL","00+",2022-11-17,2022-11-03,"-14 day ahead inc hosp","quantile",0.9,134,"COVID-19"
"DE-SN","00+",2022-11-17,2022-11-03,"-14 day ahead inc hosp","quantile",0.9,529,"COVID-19"
"DE-ST","00+",2022-11-17,2022-11-03,"-14 day ahead inc hosp","quantile",0.9,409,"COVID-19"
"DE-TH","00+",2022-11-17,2022-11-03,"-14 day ahead inc hosp","quantile",0.9,311,"COVID-19"
"DE","00-04",2022-11-17,2022-11-03,"-14 day ahead inc hosp","quantile",0.975,195,"COVID-19"
"DE","00+",2022-11-17,2022-11-03,"-14 day ahead inc hosp","quantile",0.975,9529,"COVID-19"
"DE","05-14",2022-11-17,2022-11-03,"-14 day ahead inc hosp","quantile",0.975,74,"COVID-19"
"DE","15-34",2022-11-17,2022-11-03,"-14 day ahead inc hosp","quantile",0.975,497,"COVID-19"
"DE","35-59",2022-11-17,2022-11-03,"-14 day ahead inc hosp","quantile",0.975,1290,"COVID-19"
"DE","60-79",2022-11-17,2022-11-03,"-14 day ahead inc hosp","quantile",0.975,3396,"COVID-19"
"DE","80+",2022-11-17,2022-11-03,"-14 day ahead inc hosp","quantile",0.975,4115,"COVID-19"
"DE-BB","00+",2022-11-17,2022-11-03,"-14 day ahead inc hosp","quantile",0.975,480,"COVID-19"
"DE-BE","00+",2022-11-17,2022-11-03,"-14 day ahead inc hosp","quantile",0.975,479,"COVID-19"
"DE-BW","00+",2022-11-17,2022-11-03,"-14 day ahead inc hosp","quantile",0.975,897,"COVID-19"
"DE-BY","00+",2022-11-17,2022-11-03,"-14 day ahead inc hosp","quantile",0.975,1563,"COVID-19"
"DE-HB","00+",2022-11-17,2022-11-03,"-14 day ahead inc hosp","quantile",0.975,31,"COVID-19"
"DE-HE","00+",2022-11-17,2022-11-03,"-14 day ahead inc hosp","quantile",0.975,669,"COVID-19"
"DE-HH","00+",2022-11-17,2022-11-03,"-14 day ahead inc hosp","quantile",0.975,138,"COVID-19"
"DE-MV","00+",2022-11-17,2022-11-03,"-14 day ahead inc hosp","quantile",0.975,275,"COVID-19"
"DE-NI","00+",2022-11-17,2022-11-03,"-14 day ahead inc hosp","quantile",0.975,656,"COVID-19"
"DE-NW","00+",2022-11-17,2022-11-03,"-14 day ahead inc hosp","quantile",0.975,2575,"COVID-19"
"DE-RP","00+",2022-11-17,2022-11-03,"-14 day ahead inc hosp","quantile",0.975,418,"COVID-19"
"DE-SH","00+",2022-11-17,2022-11-03,"-14 day ahead inc hosp","quantile",0.975,337,"COVID-19"
"DE-SL","00+",2022-11-17,2022-11-03,"-14 day ahead inc hosp","quantile",0.975,139,"COVID-19"
"DE-SN","00+",2022-11-17,2022-11-03,"-14 day ahead inc hosp","quantile",0.975,536,"COVID-19"
"DE-ST","00+",2022-11-17,2022-11-03,"-14 day ahead inc hosp","quantile",0.975,449,"COVID-19"
"DE-TH","00+",2022-11-17,2022-11-03,"-14 day ahead inc hosp","quantile",0.975,314,"COVID-19"
"DE","00-04",2022-11-17,2022-11-04,"-13 day ahead inc hosp","mean",NA,172,"COVID-19"
"DE","00+",2022-11-17,2022-11-04,"-13 day ahead inc hosp","mean",NA,9058,"COVID-19"
"DE","05-14",2022-11-17,2022-11-04,"-13 day ahead inc hosp","mean",NA,64,"COVID-19"
"DE","15-34",2022-11-17,2022-11-04,"-13 day ahead inc hosp","mean",NA,474,"COVID-19"
"DE","35-59",2022-11-17,2022-11-04,"-13 day ahead inc hosp","mean",NA,1198,"COVID-19"
"DE","60-79",2022-11-17,2022-11-04,"-13 day ahead inc hosp","mean",NA,3219,"COVID-19"
"DE","80+",2022-11-17,2022-11-04,"-13 day ahead inc hosp","mean",NA,3933,"COVID-19"
"DE-BB","00+",2022-11-17,2022-11-04,"-13 day ahead inc hosp","mean",NA,420,"COVID-19"
"DE-BE","00+",2022-11-17,2022-11-04,"-13 day ahead inc hosp","mean",NA,394,"COVID-19"
"DE-BW","00+",2022-11-17,2022-11-04,"-13 day ahead inc hosp","mean",NA,811,"COVID-19"
"DE-BY","00+",2022-11-17,2022-11-04,"-13 day ahead inc hosp","mean",NA,1428,"COVID-19"
"DE-HB","00+",2022-11-17,2022-11-04,"-13 day ahead inc hosp","mean",NA,27,"COVID-19"
"DE-HE","00+",2022-11-17,2022-11-04,"-13 day ahead inc hosp","mean",NA,622,"COVID-19"
"DE-HH","00+",2022-11-17,2022-11-04,"-13 day ahead inc hosp","mean",NA,146,"COVID-19"
"DE-MV","00+",2022-11-17,2022-11-04,"-13 day ahead inc hosp","mean",NA,273,"COVID-19"
"DE-NI","00+",2022-11-17,2022-11-04,"-13 day ahead inc hosp","mean",NA,585,"COVID-19"
"DE-NW","00+",2022-11-17,2022-11-04,"-13 day ahead inc hosp","mean",NA,2337,"COVID-19"
"DE-RP","00+",2022-11-17,2022-11-04,"-13 day ahead inc hosp","mean",NA,409,"COVID-19"
"DE-SH","00+",2022-11-17,2022-11-04,"-13 day ahead inc hosp","mean",NA,342,"COVID-19"
"DE-SL","00+",2022-11-17,2022-11-04,"-13 day ahead inc hosp","mean",NA,111,"COVID-19"
"DE-SN","00+",2022-11-17,2022-11-04,"-13 day ahead inc hosp","mean",NA,538,"COVID-19"
"DE-ST","00+",2022-11-17,2022-11-04,"-13 day ahead inc hosp","mean",NA,360,"COVID-19"
"DE-TH","00+",2022-11-17,2022-11-04,"-13 day ahead inc hosp","mean",NA,298,"COVID-19"
"DE","00-04",2022-11-17,2022-11-04,"-13 day ahead inc hosp","quantile",0.025,165,"COVID-19"
"DE","00+",2022-11-17,2022-11-04,"-13 day ahead inc hosp","quantile",0.025,8879,"COVID-19"
"DE","05-14",2022-11-17,2022-11-04,"-13 day ahead inc hosp","quantile",0.025,61,"COVID-19"
"DE","15-34",2022-11-17,2022-11-04,"-13 day ahead inc hosp","quantile",0.025,457,"COVID-19"
"DE","35-59",2022-11-17,2022-11-04,"-13 day ahead inc hosp","quantile",0.025,1165,"COVID-19"
"DE","60-79",2022-11-17,2022-11-04,"-13 day ahead inc hosp","quantile",0.025,3158,"COVID-19"
"DE","80+",2022-11-17,2022-11-04,"-13 day ahead inc hosp","quantile",0.025,3853,"COVID-19"
"DE-BB","00+",2022-11-17,2022-11-04,"-13 day ahead inc hosp","quantile",0.025,404,"COVID-19"
"DE-BE","00+",2022-11-17,2022-11-04,"-13 day ahead inc hosp","quantile",0.025,374,"COVID-19"
"DE-BW","00+",2022-11-17,2022-11-04,"-13 day ahead inc hosp","quantile",0.025,780,"COVID-19"
"DE-BY","00+",2022-11-17,2022-11-04,"-13 day ahead inc hosp","quantile",0.025,1400,"COVID-19"
"DE-HB","00+",2022-11-17,2022-11-04,"-13 day ahead inc hosp","quantile",0.025,25,"COVID-19"
"DE-HE","00+",2022-11-17,2022-11-04,"-13 day ahead inc hosp","quantile",0.025,602,"COVID-19"
"DE-HH","00+",2022-11-17,2022-11-04,"-13 day ahead inc hosp","quantile",0.025,133,"COVID-19"
"DE-MV","00+",2022-11-17,2022-11-04,"-13 day ahead inc hosp","quantile",0.025,268,"COVID-19"
"DE-NI","00+",2022-11-17,2022-11-04,"-13 day ahead inc hosp","quantile",0.025,553,"COVID-19"
"DE-NW","00+",2022-11-17,2022-11-04,"-13 day ahead inc hosp","quantile",0.025,2251,"COVID-19"
"DE-RP","00+",2022-11-17,2022-11-04,"-13 day ahead inc hosp","quantile",0.025,396,"COVID-19"
"DE-SH","00+",2022-11-17,2022-11-04,"-13 day ahead inc hosp","quantile",0.025,331,"COVID-19"
"DE-SL","00+",2022-11-17,2022-11-04,"-13 day ahead inc hosp","quantile",0.025,105,"COVID-19"
"DE-SN","00+",2022-11-17,2022-11-04,"-13 day ahead inc hosp","quantile",0.025,526,"COVID-19"
"DE-ST","00+",2022-11-17,2022-11-04,"-13 day ahead inc hosp","quantile",0.025,343,"COVID-19"
"DE-TH","00+",2022-11-17,2022-11-04,"-13 day ahead inc hosp","quantile",0.025,291,"COVID-19"
"DE","00-04",2022-11-17,2022-11-04,"-13 day ahead inc hosp","quantile",0.1,166,"COVID-19"
"DE","00+",2022-11-17,2022-11-04,"-13 day ahead inc hosp","quantile",0.1,8927,"COVID-19"
"DE","05-14",2022-11-17,2022-11-04,"-13 day ahead inc hosp","quantile",0.1,62,"COVID-19"
"DE","15-34",2022-11-17,2022-11-04,"-13 day ahead inc hosp","quantile",0.1,461,"COVID-19"
"DE","35-59",2022-11-17,2022-11-04,"-13 day ahead inc hosp","quantile",0.1,1173,"COVID-19"
"DE","60-79",2022-11-17,2022-11-04,"-13 day ahead inc hosp","quantile",0.1,3177,"COVID-19"
"DE","80+",2022-11-17,2022-11-04,"-13 day ahead inc hosp","quantile",0.1,3877,"COVID-19"
"DE-BB","00+",2022-11-17,2022-11-04,"-13 day ahead inc hosp","quantile",0.1,410,"COVID-19"
"DE-BE","00+",2022-11-17,2022-11-04,"-13 day ahead inc hosp","quantile",0.1,380,"COVID-19"
"DE-BW","00+",2022-11-17,2022-11-04,"-13 day ahead inc hosp","quantile",0.1,788,"COVID-19"
"DE-BY","00+",2022-11-17,2022-11-04,"-13 day ahead inc hosp","quantile",0.1,1408,"COVID-19"
"DE-HB","00+",2022-11-17,2022-11-04,"-13 day ahead inc hosp","quantile",0.1,25,"COVID-19"
"DE-HE","00+",2022-11-17,2022-11-04,"-13 day ahead inc hosp","quantile",0.1,608,"COVID-19"
"DE-HH","00+",2022-11-17,2022-11-04,"-13 day ahead inc hosp","quantile",0.1,136,"COVID-19"
"DE-MV","00+",2022-11-17,2022-11-04,"-13 day ahead inc hosp","quantile",0.1,269,"COVID-19"
"DE-NI","00+",2022-11-17,2022-11-04,"-13 day ahead inc hosp","quantile",0.1,561,"COVID-19"
"DE-NW","00+",2022-11-17,2022-11-04,"-13 day ahead inc hosp","quantile",0.1,2276,"COVID-19"
"DE-RP","00+",2022-11-17,2022-11-04,"-13 day ahead inc hosp","quantile",0.1,400,"COVID-19"
"DE-SH","00+",2022-11-17,2022-11-04,"-13 day ahead inc hosp","quantile",0.1,333,"COVID-19"
"DE-SL","00+",2022-11-17,2022-11-04,"-13 day ahead inc hosp","quantile",0.1,106,"COVID-19"
"DE-SN","00+",2022-11-17,2022-11-04,"-13 day ahead inc hosp","quantile",0.1,530,"COVID-19"
"DE-ST","00+",2022-11-17,2022-11-04,"-13 day ahead inc hosp","quantile",0.1,346,"COVID-19"
"DE-TH","00+",2022-11-17,2022-11-04,"-13 day ahead inc hosp","quantile",0.1,293,"COVID-19"
"DE","00-04",2022-11-17,2022-11-04,"-13 day ahead inc hosp","quantile",0.25,169,"COVID-19"
"DE","00+",2022-11-17,2022-11-04,"-13 day ahead inc hosp","quantile",0.25,8984,"COVID-19"
"DE","05-14",2022-11-17,2022-11-04,"-13 day ahead inc hosp","quantile",0.25,62,"COVID-19"
"DE","15-34",2022-11-17,2022-11-04,"-13 day ahead inc hosp","quantile",0.25,465,"COVID-19"
"DE","35-59",2022-11-17,2022-11-04,"-13 day ahead inc hosp","quantile",0.25,1185,"COVID-19"
"DE","60-79",2022-11-17,2022-11-04,"-13 day ahead inc hosp","quantile",0.25,3195,"COVID-19"
"DE","80+",2022-11-17,2022-11-04,"-13 day ahead inc hosp","quantile",0.25,3901,"COVID-19"
"DE-BB","00+",2022-11-17,2022-11-04,"-13 day ahead inc hosp","quantile",0.25,415,"COVID-19"
"DE-BE","00+",2022-11-17,2022-11-04,"-13 day ahead inc hosp","quantile",0.25,387,"COVID-19"
"DE-BW","00+",2022-11-17,2022-11-04,"-13 day ahead inc hosp","quantile",0.25,798,"COVID-19"
"DE-BY","00+",2022-11-17,2022-11-04,"-13 day ahead inc hosp","quantile",0.25,1416,"COVID-19"
"DE-HB","00+",2022-11-17,2022-11-04,"-13 day ahead inc hosp","quantile",0.25,25,"COVID-19"
"DE-HE","00+",2022-11-17,2022-11-04,"-13 day ahead inc hosp","quantile",0.25,614,"COVID-19"
"DE-HH","00+",2022-11-17,2022-11-04,"-13 day ahead inc hosp","quantile",0.25,140,"COVID-19"
"DE-MV","00+",2022-11-17,2022-11-04,"-13 day ahead inc hosp","quantile",0.25,271,"COVID-19"
"DE-NI","00+",2022-11-17,2022-11-04,"-13 day ahead inc hosp","quantile",0.25,569,"COVID-19"
"DE-NW","00+",2022-11-17,2022-11-04,"-13 day ahead inc hosp","quantile",0.25,2302,"COVID-19"
"DE-RP","00+",2022-11-17,2022-11-04,"-13 day ahead inc hosp","quantile",0.25,404,"COVID-19"
"DE-SH","00+",2022-11-17,2022-11-04,"-13 day ahead inc hosp","quantile",0.25,337,"COVID-19"
"DE-SL","00+",2022-11-17,2022-11-04,"-13 day ahead inc hosp","quantile",0.25,108,"COVID-19"
"DE-SN","00+",2022-11-17,2022-11-04,"-13 day ahead inc hosp","quantile",0.25,533,"COVID-19"
"DE-ST","00+",2022-11-17,2022-11-04,"-13 day ahead inc hosp","quantile",0.25,352,"COVID-19"
"DE-TH","00+",2022-11-17,2022-11-04,"-13 day ahead inc hosp","quantile",0.25,295,"COVID-19"
"DE","00-04",2022-11-17,2022-11-04,"-13 day ahead inc hosp","quantile",0.5,172,"COVID-19"
"DE","00+",2022-11-17,2022-11-04,"-13 day ahead inc hosp","quantile",0.5,9058,"COVID-19"
"DE","05-14",2022-11-17,2022-11-04,"-13 day ahead inc hosp","quantile",0.5,65,"COVID-19"
"DE","15-34",2022-11-17,2022-11-04,"-13 day ahead inc hosp","quantile",0.5,473,"COVID-19"
"DE","35-59",2022-11-17,2022-11-04,"-13 day ahead inc hosp","quantile",0.5,1197,"COVID-19"
"DE","60-79",2022-11-17,2022-11-04,"-13 day ahead inc hosp","quantile",0.5,3217,"COVID-19"
"DE","80+",2022-11-17,2022-11-04,"-13 day ahead inc hosp","quantile",0.5,3931,"COVID-19"
"DE-BB","00+",2022-11-17,2022-11-04,"-13 day ahead inc hosp","quantile",0.5,422,"COVID-19"
"DE-BE","00+",2022-11-17,2022-11-04,"-13 day ahead inc hosp","quantile",0.5,395,"COVID-19"
"DE-BW","00+",2022-11-17,2022-11-04,"-13 day ahead inc hosp","quantile",0.5,810,"COVID-19"
"DE-BY","00+",2022-11-17,2022-11-04,"-13 day ahead inc hosp","quantile",0.5,1428,"COVID-19"
"DE-HB","00+",2022-11-17,2022-11-04,"-13 day ahead inc hosp","quantile",0.5,26,"COVID-19"
"DE-HE","00+",2022-11-17,2022-11-04,"-13 day ahead inc hosp","quantile",0.5,623,"COVID-19"
"DE-HH","00+",2022-11-17,2022-11-04,"-13 day ahead inc hosp","quantile",0.5,145,"COVID-19"
"DE-MV","00+",2022-11-17,2022-11-04,"-13 day ahead inc hosp","quantile",0.5,274,"COVID-19"
"DE-NI","00+",2022-11-17,2022-11-04,"-13 day ahead inc hosp","quantile",0.5,586,"COVID-19"
"DE-NW","00+",2022-11-17,2022-11-04,"-13 day ahead inc hosp","quantile",0.5,2336,"COVID-19"
"DE-RP","00+",2022-11-17,2022-11-04,"-13 day ahead inc hosp","quantile",0.5,410,"COVID-19"
"DE-SH","00+",2022-11-17,2022-11-04,"-13 day ahead inc hosp","quantile",0.5,342,"COVID-19"
"DE-SL","00+",2022-11-17,2022-11-04,"-13 day ahead inc hosp","quantile",0.5,110,"COVID-19"
"DE-SN","00+",2022-11-17,2022-11-04,"-13 day ahead inc hosp","quantile",0.5,537,"COVID-19"
"DE-ST","00+",2022-11-17,2022-11-04,"-13 day ahead inc hosp","quantile",0.5,359,"COVID-19"
"DE-TH","00+",2022-11-17,2022-11-04,"-13 day ahead inc hosp","quantile",0.5,297,"COVID-19"
"DE","00-04",2022-11-17,2022-11-04,"-13 day ahead inc hosp","quantile",0.75,176,"COVID-19"
"DE","00+",2022-11-17,2022-11-04,"-13 day ahead inc hosp","quantile",0.75,9133,"COVID-19"
"DE","05-14",2022-11-17,2022-11-04,"-13 day ahead inc hosp","quantile",0.75,68,"COVID-19"
"DE","15-34",2022-11-17,2022-11-04,"-13 day ahead inc hosp","quantile",0.75,482,"COVID-19"
"DE","35-59",2022-11-17,2022-11-04,"-13 day ahead inc hosp","quantile",0.75,1211,"COVID-19"
"DE","60-79",2022-11-17,2022-11-04,"-13 day ahead inc hosp","quantile",0.75,3243,"COVID-19"
"DE","80+",2022-11-17,2022-11-04,"-13 day ahead inc hosp","quantile",0.75,3965,"COVID-19"
"DE-BB","00+",2022-11-17,2022-11-04,"-13 day ahead inc hosp","quantile",0.75,429,"COVID-19"
"DE-BE","00+",2022-11-17,2022-11-04,"-13 day ahead inc hosp","quantile",0.75,408,"COVID-19"
"DE-BW","00+",2022-11-17,2022-11-04,"-13 day ahead inc hosp","quantile",0.75,829,"COVID-19"
"DE-BY","00+",2022-11-17,2022-11-04,"-13 day ahead inc hosp","quantile",0.75,1443,"COVID-19"
"DE-HB","00+",2022-11-17,2022-11-04,"-13 day ahead inc hosp","quantile",0.75,28,"COVID-19"
"DE-HE","00+",2022-11-17,2022-11-04,"-13 day ahead inc hosp","quantile",0.75,633,"COVID-19"
"DE-HH","00+",2022-11-17,2022-11-04,"-13 day ahead inc hosp","quantile",0.75,151,"COVID-19"
"DE-MV","00+",2022-11-17,2022-11-04,"-13 day ahead inc hosp","quantile",0.75,276,"COVID-19"
"DE-NI","00+",2022-11-17,2022-11-04,"-13 day ahead inc hosp","quantile",0.75,606,"COVID-19"
"DE-NW","00+",2022-11-17,2022-11-04,"-13 day ahead inc hosp","quantile",0.75,2382,"COVID-19"
"DE-RP","00+",2022-11-17,2022-11-04,"-13 day ahead inc hosp","quantile",0.75,418,"COVID-19"
"DE-SH","00+",2022-11-17,2022-11-04,"-13 day ahead inc hosp","quantile",0.75,348,"COVID-19"
"DE-SL","00+",2022-11-17,2022-11-04,"-13 day ahead inc hosp","quantile",0.75,113,"COVID-19"
"DE-SN","00+",2022-11-17,2022-11-04,"-13 day ahead inc hosp","quantile",0.75,542,"COVID-19"
"DE-ST","00+",2022-11-17,2022-11-04,"-13 day ahead inc hosp","quantile",0.75,372,"COVID-19"
"DE-TH","00+",2022-11-17,2022-11-04,"-13 day ahead inc hosp","quantile",0.75,301,"COVID-19"
"DE","00-04",2022-11-17,2022-11-04,"-13 day ahead inc hosp","quantile",0.9,180,"COVID-19"
"DE","00+",2022-11-17,2022-11-04,"-13 day ahead inc hosp","quantile",0.9,9204,"COVID-19"
"DE","05-14",2022-11-17,2022-11-04,"-13 day ahead inc hosp","quantile",0.9,73,"COVID-19"
"DE","15-34",2022-11-17,2022-11-04,"-13 day ahead inc hosp","quantile",0.9,491,"COVID-19"
"DE","35-59",2022-11-17,2022-11-04,"-13 day ahead inc hosp","quantile",0.9,1230,"COVID-19"
"DE","60-79",2022-11-17,2022-11-04,"-13 day ahead inc hosp","quantile",0.9,3267,"COVID-19"
"DE","80+",2022-11-17,2022-11-04,"-13 day ahead inc hosp","quantile",0.9,3995,"COVID-19"
"DE-BB","00+",2022-11-17,2022-11-04,"-13 day ahead inc hosp","quantile",0.9,437,"COVID-19"
"DE-BE","00+",2022-11-17,2022-11-04,"-13 day ahead inc hosp","quantile",0.9,419,"COVID-19"
"DE-BW","00+",2022-11-17,2022-11-04,"-13 day ahead inc hosp","quantile",0.9,848,"COVID-19"
"DE-BY","00+",2022-11-17,2022-11-04,"-13 day ahead inc hosp","quantile",0.9,1457,"COVID-19"
"DE-HB","00+",2022-11-17,2022-11-04,"-13 day ahead inc hosp","quantile",0.9,30,"COVID-19"
"DE-HE","00+",2022-11-17,2022-11-04,"-13 day ahead inc hosp","quantile",0.9,643,"COVID-19"
"DE-HH","00+",2022-11-17,2022-11-04,"-13 day ahead inc hosp","quantile",0.9,159,"COVID-19"
"DE-MV","00+",2022-11-17,2022-11-04,"-13 day ahead inc hosp","quantile",0.9,279,"COVID-19"
"DE-NI","00+",2022-11-17,2022-11-04,"-13 day ahead inc hosp","quantile",0.9,626,"COVID-19"
"DE-NW","00+",2022-11-17,2022-11-04,"-13 day ahead inc hosp","quantile",0.9,2428,"COVID-19"
"DE-RP","00+",2022-11-17,2022-11-04,"-13 day ahead inc hosp","quantile",0.9,426,"COVID-19"
"DE-SH","00+",2022-11-17,2022-11-04,"-13 day ahead inc hosp","quantile",0.9,352,"COVID-19"
"DE-SL","00+",2022-11-17,2022-11-04,"-13 day ahead inc hosp","quantile",0.9,116,"COVID-19"
"DE-SN","00+",2022-11-17,2022-11-04,"-13 day ahead inc hosp","quantile",0.9,547,"COVID-19"
"DE-ST","00+",2022-11-17,2022-11-04,"-13 day ahead inc hosp","quantile",0.9,389,"COVID-19"
"DE-TH","00+",2022-11-17,2022-11-04,"-13 day ahead inc hosp","quantile",0.9,303,"COVID-19"
"DE","00-04",2022-11-17,2022-11-04,"-13 day ahead inc hosp","quantile",0.975,191,"COVID-19"
"DE","00+",2022-11-17,2022-11-04,"-13 day ahead inc hosp","quantile",0.975,9301,"COVID-19"
"DE","05-14",2022-11-17,2022-11-04,"-13 day ahead inc hosp","quantile",0.975,82,"COVID-19"
"DE","15-34",2022-11-17,2022-11-04,"-13 day ahead inc hosp","quantile",0.975,506,"COVID-19"
"DE","35-59",2022-11-17,2022-11-04,"-13 day ahead inc hosp","quantile",0.975,1248,"COVID-19"
"DE","60-79",2022-11-17,2022-11-04,"-13 day ahead inc hosp","quantile",0.975,3291,"COVID-19"
"DE","80+",2022-11-17,2022-11-04,"-13 day ahead inc hosp","quantile",0.975,4033,"COVID-19"
"DE-BB","00+",2022-11-17,2022-11-04,"-13 day ahead inc hosp","quantile",0.975,463,"COVID-19"
"DE-BE","00+",2022-11-17,2022-11-04,"-13 day ahead inc hosp","quantile",0.975,441,"COVID-19"
"DE-BW","00+",2022-11-17,2022-11-04,"-13 day ahead inc hosp","quantile",0.975,872,"COVID-19"
"DE-BY","00+",2022-11-17,2022-11-04,"-13 day ahead inc hosp","quantile",0.975,1473,"COVID-19"
"DE-HB","00+",2022-11-17,2022-11-04,"-13 day ahead inc hosp","quantile",0.975,33,"COVID-19"
"DE-HE","00+",2022-11-17,2022-11-04,"-13 day ahead inc hosp","quantile",0.975,660,"COVID-19"
"DE-HH","00+",2022-11-17,2022-11-04,"-13 day ahead inc hosp","quantile",0.975,167,"COVID-19"
"DE-MV","00+",2022-11-17,2022-11-04,"-13 day ahead inc hosp","quantile",0.975,284,"COVID-19"
"DE-NI","00+",2022-11-17,2022-11-04,"-13 day ahead inc hosp","quantile",0.975,655,"COVID-19"
"DE-NW","00+",2022-11-17,2022-11-04,"-13 day ahead inc hosp","quantile",0.975,2489,"COVID-19"
"DE-RP","00+",2022-11-17,2022-11-04,"-13 day ahead inc hosp","quantile",0.975,441,"COVID-19"
"DE-SH","00+",2022-11-17,2022-11-04,"-13 day ahead inc hosp","quantile",0.975,357,"COVID-19"
"DE-SL","00+",2022-11-17,2022-11-04,"-13 day ahead inc hosp","quantile",0.975,121,"COVID-19"
"DE-SN","00+",2022-11-17,2022-11-04,"-13 day ahead inc hosp","quantile",0.975,554,"COVID-19"
"DE-ST","00+",2022-11-17,2022-11-04,"-13 day ahead inc hosp","quantile",0.975,425,"COVID-19"
"DE-TH","00+",2022-11-17,2022-11-04,"-13 day ahead inc hosp","quantile",0.975,307,"COVID-19"
"DE","00-04",2022-11-17,2022-11-05,"-12 day ahead inc hosp","mean",NA,177,"COVID-19"
"DE","00+",2022-11-17,2022-11-05,"-12 day ahead inc hosp","mean",NA,8896,"COVID-19"
"DE","05-14",2022-11-17,2022-11-05,"-12 day ahead inc hosp","mean",NA,68,"COVID-19"
"DE","15-34",2022-11-17,2022-11-05,"-12 day ahead inc hosp","mean",NA,486,"COVID-19"
"DE","35-59",2022-11-17,2022-11-05,"-12 day ahead inc hosp","mean",NA,1173,"COVID-19"
"DE","60-79",2022-11-17,2022-11-05,"-12 day ahead inc hosp","mean",NA,3154,"COVID-19"
"DE","80+",2022-11-17,2022-11-05,"-12 day ahead inc hosp","mean",NA,3834,"COVID-19"
"DE-BB","00+",2022-11-17,2022-11-05,"-12 day ahead inc hosp","mean",NA,415,"COVID-19"
"DE-BE","00+",2022-11-17,2022-11-05,"-12 day ahead inc hosp","mean",NA,393,"COVID-19"
"DE-BW","00+",2022-11-17,2022-11-05,"-12 day ahead inc hosp","mean",NA,798,"COVID-19"
"DE-BY","00+",2022-11-17,2022-11-05,"-12 day ahead inc hosp","mean",NA,1363,"COVID-19"
"DE-HB","00+",2022-11-17,2022-11-05,"-12 day ahead inc hosp","mean",NA,28,"COVID-19"
"DE-HE","00+",2022-11-17,2022-11-05,"-12 day ahead inc hosp","mean",NA,593,"COVID-19"
"DE-HH","00+",2022-11-17,2022-11-05,"-12 day ahead inc hosp","mean",NA,164,"COVID-19"
"DE-MV","00+",2022-11-17,2022-11-05,"-12 day ahead inc hosp","mean",NA,259,"COVID-19"
"DE-NI","00+",2022-11-17,2022-11-05,"-12 day ahead inc hosp","mean",NA,559,"COVID-19"
"DE-NW","00+",2022-11-17,2022-11-05,"-12 day ahead inc hosp","mean",NA,2346,"COVID-19"
"DE-RP","00+",2022-11-17,2022-11-05,"-12 day ahead inc hosp","mean",NA,391,"COVID-19"
"DE-SH","00+",2022-11-17,2022-11-05,"-12 day ahead inc hosp","mean",NA,355,"COVID-19"
"DE-SL","00+",2022-11-17,2022-11-05,"-12 day ahead inc hosp","mean",NA,108,"COVID-19"
"DE-SN","00+",2022-11-17,2022-11-05,"-12 day ahead inc hosp","mean",NA,525,"COVID-19"
"DE-ST","00+",2022-11-17,2022-11-05,"-12 day ahead inc hosp","mean",NA,368,"COVID-19"
"DE-TH","00+",2022-11-17,2022-11-05,"-12 day ahead inc hosp","mean",NA,291,"COVID-19"
"DE","00-04",2022-11-17,2022-11-05,"-12 day ahead inc hosp","quantile",0.025,170,"COVID-19"
"DE","00+",2022-11-17,2022-11-05,"-12 day ahead inc hosp","quantile",0.025,8705,"COVID-19"
"DE","05-14",2022-11-17,2022-11-05,"-12 day ahead inc hosp","quantile",0.025,64,"COVID-19"
"DE","15-34",2022-11-17,2022-11-05,"-12 day ahead inc hosp","quantile",0.025,467,"COVID-19"
"DE","35-59",2022-11-17,2022-11-05,"-12 day ahead inc hosp","quantile",0.025,1136,"COVID-19"
"DE","60-79",2022-11-17,2022-11-05,"-12 day ahead inc hosp","quantile",0.025,3089,"COVID-19"
"DE","80+",2022-11-17,2022-11-05,"-12 day ahead inc hosp","quantile",0.025,3751,"COVID-19"
"DE-BB","00+",2022-11-17,2022-11-05,"-12 day ahead inc hosp","quantile",0.025,397,"COVID-19"
"DE-BE","00+",2022-11-17,2022-11-05,"-12 day ahead inc hosp","quantile",0.025,372,"COVID-19"
"DE-BW","00+",2022-11-17,2022-11-05,"-12 day ahead inc hosp","quantile",0.025,764,"COVID-19"
"DE-BY","00+",2022-11-17,2022-11-05,"-12 day ahead inc hosp","quantile",0.025,1335,"COVID-19"
"DE-HB","00+",2022-11-17,2022-11-05,"-12 day ahead inc hosp","quantile",0.025,26,"COVID-19"
"DE-HE","00+",2022-11-17,2022-11-05,"-12 day ahead inc hosp","quantile",0.025,571,"COVID-19"
"DE-HH","00+",2022-11-17,2022-11-05,"-12 day ahead inc hosp","quantile",0.025,148,"COVID-19"
"DE-MV","00+",2022-11-17,2022-11-05,"-12 day ahead inc hosp","quantile",0.025,253,"COVID-19"
"DE-NI","00+",2022-11-17,2022-11-05,"-12 day ahead inc hosp","quantile",0.025,526,"COVID-19"
"DE-NW","00+",2022-11-17,2022-11-05,"-12 day ahead inc hosp","quantile",0.025,2252,"COVID-19"
"DE-RP","00+",2022-11-17,2022-11-05,"-12 day ahead inc hosp","quantile",0.025,377,"COVID-19"
"DE-SH","00+",2022-11-17,2022-11-05,"-12 day ahead inc hosp","quantile",0.025,342,"COVID-19"
"DE-SL","00+",2022-11-17,2022-11-05,"-12 day ahead inc hosp","quantile",0.025,102,"COVID-19"
"DE-SN","00+",2022-11-17,2022-11-05,"-12 day ahead inc hosp","quantile",0.025,513,"COVID-19"
"DE-ST","00+",2022-11-17,2022-11-05,"-12 day ahead inc hosp","quantile",0.025,349,"COVID-19"
"DE-TH","00+",2022-11-17,2022-11-05,"-12 day ahead inc hosp","quantile",0.025,284,"COVID-19"
"DE","00-04",2022-11-17,2022-11-05,"-12 day ahead inc hosp","quantile",0.1,171,"COVID-19"
"DE","00+",2022-11-17,2022-11-05,"-12 day ahead inc hosp","quantile",0.1,8758,"COVID-19"
"DE","05-14",2022-11-17,2022-11-05,"-12 day ahead inc hosp","quantile",0.1,65,"COVID-19"
"DE","15-34",2022-11-17,2022-11-05,"-12 day ahead inc hosp","quantile",0.1,472,"COVID-19"
"DE","35-59",2022-11-17,2022-11-05,"-12 day ahead inc hosp","quantile",0.1,1146,"COVID-19"
"DE","60-79",2022-11-17,2022-11-05,"-12 day ahead inc hosp","quantile",0.1,3110,"COVID-19"
"DE","80+",2022-11-17,2022-11-05,"-12 day ahead inc hosp","quantile",0.1,3775,"COVID-19"
"DE-BB","00+",2022-11-17,2022-11-05,"-12 day ahead inc hosp","quantile",0.1,404,"COVID-19"
"DE-BE","00+",2022-11-17,2022-11-05,"-12 day ahead inc hosp","quantile",0.1,378,"COVID-19"
"DE-BW","00+",2022-11-17,2022-11-05,"-12 day ahead inc hosp","quantile",0.1,773,"COVID-19"
"DE-BY","00+",2022-11-17,2022-11-05,"-12 day ahead inc hosp","quantile",0.1,1343,"COVID-19"
"DE-HB","00+",2022-11-17,2022-11-05,"-12 day ahead inc hosp","quantile",0.1,26,"COVID-19"
"DE-HE","00+",2022-11-17,2022-11-05,"-12 day ahead inc hosp","quantile",0.1,578,"COVID-19"
"DE-HH","00+",2022-11-17,2022-11-05,"-12 day ahead inc hosp","quantile",0.1,152,"COVID-19"
"DE-MV","00+",2022-11-17,2022-11-05,"-12 day ahead inc hosp","quantile",0.1,254,"COVID-19"
"DE-NI","00+",2022-11-17,2022-11-05,"-12 day ahead inc hosp","quantile",0.1,534,"COVID-19"
"DE-NW","00+",2022-11-17,2022-11-05,"-12 day ahead inc hosp","quantile",0.1,2282,"COVID-19"
"DE-RP","00+",2022-11-17,2022-11-05,"-12 day ahead inc hosp","quantile",0.1,381,"COVID-19"
"DE-SH","00+",2022-11-17,2022-11-05,"-12 day ahead inc hosp","quantile",0.1,345,"COVID-19"
"DE-SL","00+",2022-11-17,2022-11-05,"-12 day ahead inc hosp","quantile",0.1,104,"COVID-19"
"DE-SN","00+",2022-11-17,2022-11-05,"-12 day ahead inc hosp","quantile",0.1,517,"COVID-19"
"DE-ST","00+",2022-11-17,2022-11-05,"-12 day ahead inc hosp","quantile",0.1,353,"COVID-19"
"DE-TH","00+",2022-11-17,2022-11-05,"-12 day ahead inc hosp","quantile",0.1,286,"COVID-19"
"DE","00-04",2022-11-17,2022-11-05,"-12 day ahead inc hosp","quantile",0.25,174,"COVID-19"
"DE","00+",2022-11-17,2022-11-05,"-12 day ahead inc hosp","quantile",0.25,8820,"COVID-19"
"DE","05-14",2022-11-17,2022-11-05,"-12 day ahead inc hosp","quantile",0.25,66,"COVID-19"
"DE","15-34",2022-11-17,2022-11-05,"-12 day ahead inc hosp","quantile",0.25,477,"COVID-19"
"DE","35-59",2022-11-17,2022-11-05,"-12 day ahead inc hosp","quantile",0.25,1158,"COVID-19"
"DE","60-79",2022-11-17,2022-11-05,"-12 day ahead inc hosp","quantile",0.25,3129,"COVID-19"
"DE","80+",2022-11-17,2022-11-05,"-12 day ahead inc hosp","quantile",0.25,3800,"COVID-19"
"DE-BB","00+",2022-11-17,2022-11-05,"-12 day ahead inc hosp","quantile",0.25,409,"COVID-19"
"DE-BE","00+",2022-11-17,2022-11-05,"-12 day ahead inc hosp","quantile",0.25,385,"COVID-19"
"DE-BW","00+",2022-11-17,2022-11-05,"-12 day ahead inc hosp","quantile",0.25,784,"COVID-19"
"DE-BY","00+",2022-11-17,2022-11-05,"-12 day ahead inc hosp","quantile",0.25,1352,"COVID-19"
"DE-HB","00+",2022-11-17,2022-11-05,"-12 day ahead inc hosp","quantile",0.25,26,"COVID-19"
"DE-HE","00+",2022-11-17,2022-11-05,"-12 day ahead inc hosp","quantile",0.25,585,"COVID-19"
"DE-HH","00+",2022-11-17,2022-11-05,"-12 day ahead inc hosp","quantile",0.25,157,"COVID-19"
"DE-MV","00+",2022-11-17,2022-11-05,"-12 day ahead inc hosp","quantile",0.25,256,"COVID-19"
"DE-NI","00+",2022-11-17,2022-11-05,"-12 day ahead inc hosp","quantile",0.25,542,"COVID-19"
"DE-NW","00+",2022-11-17,2022-11-05,"-12 day ahead inc hosp","quantile",0.25,2309,"COVID-19"
"DE-RP","00+",2022-11-17,2022-11-05,"-12 day ahead inc hosp","quantile",0.25,385,"COVID-19"
"DE-SH","00+",2022-11-17,2022-11-05,"-12 day ahead inc hosp","quantile",0.25,349,"COVID-19"
"DE-SL","00+",2022-11-17,2022-11-05,"-12 day ahead inc hosp","quantile",0.25,105,"COVID-19"
"DE-SN","00+",2022-11-17,2022-11-05,"-12 day ahead inc hosp","quantile",0.25,520,"COVID-19"
"DE-ST","00+",2022-11-17,2022-11-05,"-12 day ahead inc hosp","quantile",0.25,360,"COVID-19"
"DE-TH","00+",2022-11-17,2022-11-05,"-12 day ahead inc hosp","quantile",0.25,288,"COVID-19"
"DE","00-04",2022-11-17,2022-11-05,"-12 day ahead inc hosp","quantile",0.5,177,"COVID-19"
"DE","00+",2022-11-17,2022-11-05,"-12 day ahead inc hosp","quantile",0.5,8896,"COVID-19"
"DE","05-14",2022-11-17,2022-11-05,"-12 day ahead inc hosp","quantile",0.5,68,"COVID-19"
"DE","15-34",2022-11-17,2022-11-05,"-12 day ahead inc hosp","quantile",0.5,485,"COVID-19"
"DE","35-59",2022-11-17,2022-11-05,"-12 day ahead inc hosp","quantile",0.5,1171,"COVID-19"
"DE","60-79",2022-11-17,2022-11-05,"-12 day ahead inc hosp","quantile",0.5,3153,"COVID-19"
"DE","80+",2022-11-17,2022-11-05,"-12 day ahead inc hosp","quantile",0.5,3832,"COVID-19"
"DE-BB","00+",2022-11-17,2022-11-05,"-12 day ahead inc hosp","quantile",0.5,416,"COVID-19"
"DE-BE","00+",2022-11-17,2022-11-05,"-12 day ahead inc hosp","quantile",0.5,394,"COVID-19"
"DE-BW","00+",2022-11-17,2022-11-05,"-12 day ahead inc hosp","quantile",0.5,796,"COVID-19"
"DE-BY","00+",2022-11-17,2022-11-05,"-12 day ahead inc hosp","quantile",0.5,1363,"COVID-19"
"DE-HB","00+",2022-11-17,2022-11-05,"-12 day ahead inc hosp","quantile",0.5,28,"COVID-19"
"DE-HE","00+",2022-11-17,2022-11-05,"-12 day ahead inc hosp","quantile",0.5,593,"COVID-19"
"DE-HH","00+",2022-11-17,2022-11-05,"-12 day ahead inc hosp","quantile",0.5,162,"COVID-19"
"DE-MV","00+",2022-11-17,2022-11-05,"-12 day ahead inc hosp","quantile",0.5,259,"COVID-19"
"DE-NI","00+",2022-11-17,2022-11-05,"-12 day ahead inc hosp","quantile",0.5,560,"COVID-19"
"DE-NW","00+",2022-11-17,2022-11-05,"-12 day ahead inc hosp","quantile",0.5,2345,"COVID-19"
"DE-RP","00+",2022-11-17,2022-11-05,"-12 day ahead inc hosp","quantile",0.5,391,"COVID-19"
"DE-SH","00+",2022-11-17,2022-11-05,"-12 day ahead inc hosp","quantile",0.5,355,"COVID-19"
"DE-SL","00+",2022-11-17,2022-11-05,"-12 day ahead inc hosp","quantile",0.5,107,"COVID-19"
"DE-SN","00+",2022-11-17,2022-11-05,"-12 day ahead inc hosp","quantile",0.5,524,"COVID-19"
"DE-ST","00+",2022-11-17,2022-11-05,"-12 day ahead inc hosp","quantile",0.5,367,"COVID-19"
"DE-TH","00+",2022-11-17,2022-11-05,"-12 day ahead inc hosp","quantile",0.5,290,"COVID-19"
"DE","00-04",2022-11-17,2022-11-05,"-12 day ahead inc hosp","quantile",0.75,181,"COVID-19"
"DE","00+",2022-11-17,2022-11-05,"-12 day ahead inc hosp","quantile",0.75,8975,"COVID-19"
"DE","05-14",2022-11-17,2022-11-05,"-12 day ahead inc hosp","quantile",0.75,72,"COVID-19"
"DE","15-34",2022-11-17,2022-11-05,"-12 day ahead inc hosp","quantile",0.75,494,"COVID-19"
"DE","35-59",2022-11-17,2022-11-05,"-12 day ahead inc hosp","quantile",0.75,1186,"COVID-19"
"DE","60-79",2022-11-17,2022-11-05,"-12 day ahead inc hosp","quantile",0.75,3179,"COVID-19"
"DE","80+",2022-11-17,2022-11-05,"-12 day ahead inc hosp","quantile",0.75,3869,"COVID-19"
"DE-BB","00+",2022-11-17,2022-11-05,"-12 day ahead inc hosp","quantile",0.75,424,"COVID-19"
"DE-BE","00+",2022-11-17,2022-11-05,"-12 day ahead inc hosp","quantile",0.75,407,"COVID-19"
"DE-BW","00+",2022-11-17,2022-11-05,"-12 day ahead inc hosp","quantile",0.75,819,"COVID-19"
"DE-BY","00+",2022-11-17,2022-11-05,"-12 day ahead inc hosp","quantile",0.75,1379,"COVID-19"
"DE-HB","00+",2022-11-17,2022-11-05,"-12 day ahead inc hosp","quantile",0.75,29,"COVID-19"
"DE-HE","00+",2022-11-17,2022-11-05,"-12 day ahead inc hosp","quantile",0.75,604,"COVID-19"
"DE-HH","00+",2022-11-17,2022-11-05,"-12 day ahead inc hosp","quantile",0.75,171,"COVID-19"
"DE-MV","00+",2022-11-17,2022-11-05,"-12 day ahead inc hosp","quantile",0.75,262,"COVID-19"
"DE-NI","00+",2022-11-17,2022-11-05,"-12 day ahead inc hosp","quantile",0.75,580,"COVID-19"
"DE-NW","00+",2022-11-17,2022-11-05,"-12 day ahead inc hosp","quantile",0.75,2393,"COVID-19"
"DE-RP","00+",2022-11-17,2022-11-05,"-12 day ahead inc hosp","quantile",0.75,399,"COVID-19"
"DE-SH","00+",2022-11-17,2022-11-05,"-12 day ahead inc hosp","quantile",0.75,362,"COVID-19"
"DE-SL","00+",2022-11-17,2022-11-05,"-12 day ahead inc hosp","quantile",0.75,110,"COVID-19"
"DE-SN","00+",2022-11-17,2022-11-05,"-12 day ahead inc hosp","quantile",0.75,530,"COVID-19"
"DE-ST","00+",2022-11-17,2022-11-05,"-12 day ahead inc hosp","quantile",0.75,382,"COVID-19"
"DE-TH","00+",2022-11-17,2022-11-05,"-12 day ahead inc hosp","quantile",0.75,293,"COVID-19"
"DE","00-04",2022-11-17,2022-11-05,"-12 day ahead inc hosp","quantile",0.9,185,"COVID-19"
"DE","00+",2022-11-17,2022-11-05,"-12 day ahead inc hosp","quantile",0.9,9049,"COVID-19"
"DE","05-14",2022-11-17,2022-11-05,"-12 day ahead inc hosp","quantile",0.9,77,"COVID-19"
"DE","15-34",2022-11-17,2022-11-05,"-12 day ahead inc hosp","quantile",0.9,504,"COVID-19"
"DE","35-59",2022-11-17,2022-11-05,"-12 day ahead inc hosp","quantile",0.9,1206,"COVID-19"
"DE","60-79",2022-11-17,2022-11-05,"-12 day ahead inc hosp","quantile",0.9,3203,"COVID-19"
"DE","80+",2022-11-17,2022-11-05,"-12 day ahead inc hosp","quantile",0.9,3901,"COVID-19"
"DE-BB","00+",2022-11-17,2022-11-05,"-12 day ahead inc hosp","quantile",0.9,432,"COVID-19"
"DE-BE","00+",2022-11-17,2022-11-05,"-12 day ahead inc hosp","quantile",0.9,420,"COVID-19"
"DE-BW","00+",2022-11-17,2022-11-05,"-12 day ahead inc hosp","quantile",0.9,837,"COVID-19"
"DE-BY","00+",2022-11-17,2022-11-05,"-12 day ahead inc hosp","quantile",0.9,1393,"COVID-19"
"DE-HB","00+",2022-11-17,2022-11-05,"-12 day ahead inc hosp","quantile",0.9,31,"COVID-19"
"DE-HE","00+",2022-11-17,2022-11-05,"-12 day ahead inc hosp","quantile",0.9,614,"COVID-19"
"DE-HH","00+",2022-11-17,2022-11-05,"-12 day ahead inc hosp","quantile",0.9,177,"COVID-19"
"DE-MV","00+",2022-11-17,2022-11-05,"-12 day ahead inc hosp","quantile",0.9,266,"COVID-19"
"DE-NI","00+",2022-11-17,2022-11-05,"-12 day ahead inc hosp","quantile",0.9,599,"COVID-19"
"DE-NW","00+",2022-11-17,2022-11-05,"-12 day ahead inc hosp","quantile",0.9,2440,"COVID-19"
"DE-RP","00+",2022-11-17,2022-11-05,"-12 day ahead inc hosp","quantile",0.9,408,"COVID-19"
"DE-SH","00+",2022-11-17,2022-11-05,"-12 day ahead inc hosp","quantile",0.9,366,"COVID-19"
"DE-SL","00+",2022-11-17,2022-11-05,"-12 day ahead inc hosp","quantile",0.9,114,"COVID-19"
"DE-SN","00+",2022-11-17,2022-11-05,"-12 day ahead inc hosp","quantile",0.9,536,"COVID-19"
"DE-ST","00+",2022-11-17,2022-11-05,"-12 day ahead inc hosp","quantile",0.9,399,"COVID-19"
"DE-TH","00+",2022-11-17,2022-11-05,"-12 day ahead inc hosp","quantile",0.9,296,"COVID-19"
"DE","00-04",2022-11-17,2022-11-05,"-12 day ahead inc hosp","quantile",0.975,196,"COVID-19"
"DE","00+",2022-11-17,2022-11-05,"-12 day ahead inc hosp","quantile",0.975,9151,"COVID-19"
"DE","05-14",2022-11-17,2022-11-05,"-12 day ahead inc hosp","quantile",0.975,87,"COVID-19"
"DE","15-34",2022-11-17,2022-11-05,"-12 day ahead inc hosp","quantile",0.975,518,"COVID-19"
"DE","35-59",2022-11-17,2022-11-05,"-12 day ahead inc hosp","quantile",0.975,1226,"COVID-19"
"DE","60-79",2022-11-17,2022-11-05,"-12 day ahead inc hosp","quantile",0.975,3231,"COVID-19"
"DE","80+",2022-11-17,2022-11-05,"-12 day ahead inc hosp","quantile",0.975,3940,"COVID-19"
"DE-BB","00+",2022-11-17,2022-11-05,"-12 day ahead inc hosp","quantile",0.975,459,"COVID-19"
"DE-BE","00+",2022-11-17,2022-11-05,"-12 day ahead inc hosp","quantile",0.975,442,"COVID-19"
"DE-BW","00+",2022-11-17,2022-11-05,"-12 day ahead inc hosp","quantile",0.975,862,"COVID-19"
"DE-BY","00+",2022-11-17,2022-11-05,"-12 day ahead inc hosp","quantile",0.975,1410,"COVID-19"
"DE-HB","00+",2022-11-17,2022-11-05,"-12 day ahead inc hosp","quantile",0.975,35,"COVID-19"
"DE-HE","00+",2022-11-17,2022-11-05,"-12 day ahead inc hosp","quantile",0.975,630,"COVID-19"
"DE-HH","00+",2022-11-17,2022-11-05,"-12 day ahead inc hosp","quantile",0.975,188,"COVID-19"
"DE-MV","00+",2022-11-17,2022-11-05,"-12 day ahead inc hosp","quantile",0.975,270,"COVID-19"
"DE-NI","00+",2022-11-17,2022-11-05,"-12 day ahead inc hosp","quantile",0.975,628,"COVID-19"
"DE-NW","00+",2022-11-17,2022-11-05,"-12 day ahead inc hosp","quantile",0.975,2505,"COVID-19"
"DE-RP","00+",2022-11-17,2022-11-05,"-12 day ahead inc hosp","quantile",0.975,421,"COVID-19"
"DE-SH","00+",2022-11-17,2022-11-05,"-12 day ahead inc hosp","quantile",0.975,372,"COVID-19"
"DE-SL","00+",2022-11-17,2022-11-05,"-12 day ahead inc hosp","quantile",0.975,118,"COVID-19"
"DE-SN","00+",2022-11-17,2022-11-05,"-12 day ahead inc hosp","quantile",0.975,543,"COVID-19"
"DE-ST","00+",2022-11-17,2022-11-05,"-12 day ahead inc hosp","quantile",0.975,439,"COVID-19"
"DE-TH","00+",2022-11-17,2022-11-05,"-12 day ahead inc hosp","quantile",0.975,300,"COVID-19"
"DE","00-04",2022-11-17,2022-11-06,"-11 day ahead inc hosp","mean",NA,176,"COVID-19"
"DE","00+",2022-11-17,2022-11-06,"-11 day ahead inc hosp","mean",NA,8866,"COVID-19"
"DE","05-14",2022-11-17,2022-11-06,"-11 day ahead inc hosp","mean",NA,64,"COVID-19"
"DE","15-34",2022-11-17,2022-11-06,"-11 day ahead inc hosp","mean",NA,497,"COVID-19"
"DE","35-59",2022-11-17,2022-11-06,"-11 day ahead inc hosp","mean",NA,1161,"COVID-19"
"DE","60-79",2022-11-17,2022-11-06,"-11 day ahead inc hosp","mean",NA,3147,"COVID-19"
"DE","80+",2022-11-17,2022-11-06,"-11 day ahead inc hosp","mean",NA,3823,"COVID-19"
"DE-BB","00+",2022-11-17,2022-11-06,"-11 day ahead inc hosp","mean",NA,410,"COVID-19"
"DE-BE","00+",2022-11-17,2022-11-06,"-11 day ahead inc hosp","mean",NA,395,"COVID-19"
"DE-BW","00+",2022-11-17,2022-11-06,"-11 day ahead inc hosp","mean",NA,804,"COVID-19"
"DE-BY","00+",2022-11-17,2022-11-06,"-11 day ahead inc hosp","mean",NA,1353,"COVID-19"
"DE-HB","00+",2022-11-17,2022-11-06,"-11 day ahead inc hosp","mean",NA,28,"COVID-19"
"DE-HE","00+",2022-11-17,2022-11-06,"-11 day ahead inc hosp","mean",NA,594,"COVID-19"
"DE-HH","00+",2022-11-17,2022-11-06,"-11 day ahead inc hosp","mean",NA,167,"COVID-19"
"DE-MV","00+",2022-11-17,2022-11-06,"-11 day ahead inc hosp","mean",NA,260,"COVID-19"
"DE-NI","00+",2022-11-17,2022-11-06,"-11 day ahead inc hosp","mean",NA,562,"COVID-19"
"DE-NW","00+",2022-11-17,2022-11-06,"-11 day ahead inc hosp","mean",NA,2340,"COVID-19"
"DE-RP","00+",2022-11-17,2022-11-06,"-11 day ahead inc hosp","mean",NA,382,"COVID-19"
"DE-SH","00+",2022-11-17,2022-11-06,"-11 day ahead inc hosp","mean",NA,348,"COVID-19"
"DE-SL","00+",2022-11-17,2022-11-06,"-11 day ahead inc hosp","mean",NA,108,"COVID-19"
"DE-SN","00+",2022-11-17,2022-11-06,"-11 day ahead inc hosp","mean",NA,521,"COVID-19"
"DE-ST","00+",2022-11-17,2022-11-06,"-11 day ahead inc hosp","mean",NA,369,"COVID-19"
"DE-TH","00+",2022-11-17,2022-11-06,"-11 day ahead inc hosp","mean",NA,291,"COVID-19"
"DE","00-04",2022-11-17,2022-11-06,"-11 day ahead inc hosp","quantile",0.025,168,"COVID-19"
"DE","00+",2022-11-17,2022-11-06,"-11 day ahead inc hosp","quantile",0.025,8667,"COVID-19"
"DE","05-14",2022-11-17,2022-11-06,"-11 day ahead inc hosp","quantile",0.025,59,"COVID-19"
"DE","15-34",2022-11-17,2022-11-06,"-11 day ahead inc hosp","quantile",0.025,477,"COVID-19"
"DE","35-59",2022-11-17,2022-11-06,"-11 day ahead inc hosp","quantile",0.025,1124,"COVID-19"
"DE","60-79",2022-11-17,2022-11-06,"-11 day ahead inc hosp","quantile",0.025,3079,"COVID-19"
"DE","80+",2022-11-17,2022-11-06,"-11 day ahead inc hosp","quantile",0.025,3740,"COVID-19"
"DE-BB","00+",2022-11-17,2022-11-06,"-11 day ahead inc hosp","quantile",0.025,392,"COVID-19"
"DE-BE","00+",2022-11-17,2022-11-06,"-11 day ahead inc hosp","quantile",0.025,373,"COVID-19"
"DE-BW","00+",2022-11-17,2022-11-06,"-11 day ahead inc hosp","quantile",0.025,769,"COVID-19"
"DE-BY","00+",2022-11-17,2022-11-06,"-11 day ahead inc hosp","quantile",0.025,1324,"COVID-19"
"DE-HB","00+",2022-11-17,2022-11-06,"-11 day ahead inc hosp","quantile",0.025,26,"COVID-19"
"DE-HE","00+",2022-11-17,2022-11-06,"-11 day ahead inc hosp","quantile",0.025,572,"COVID-19"
"DE-HH","00+",2022-11-17,2022-11-06,"-11 day ahead inc hosp","quantile",0.025,151,"COVID-19"
"DE-MV","00+",2022-11-17,2022-11-06,"-11 day ahead inc hosp","quantile",0.025,254,"COVID-19"
"DE-NI","00+",2022-11-17,2022-11-06,"-11 day ahead inc hosp","quantile",0.025,529,"COVID-19"
"DE-NW","00+",2022-11-17,2022-11-06,"-11 day ahead inc hosp","quantile",0.025,2248,"COVID-19"
"DE-RP","00+",2022-11-17,2022-11-06,"-11 day ahead inc hosp","quantile",0.025,369,"COVID-19"
"DE-SH","00+",2022-11-17,2022-11-06,"-11 day ahead inc hosp","quantile",0.025,335,"COVID-19"
"DE-SL","00+",2022-11-17,2022-11-06,"-11 day ahead inc hosp","quantile",0.025,102,"COVID-19"
"DE-SN","00+",2022-11-17,2022-11-06,"-11 day ahead inc hosp","quantile",0.025,509,"COVID-19"
"DE-ST","00+",2022-11-17,2022-11-06,"-11 day ahead inc hosp","quantile",0.025,351,"COVID-19"
"DE-TH","00+",2022-11-17,2022-11-06,"-11 day ahead inc hosp","quantile",0.025,284,"COVID-19"
"DE","00-04",2022-11-17,2022-11-06,"-11 day ahead inc hosp","quantile",0.1,170,"COVID-19"
"DE","00+",2022-11-17,2022-11-06,"-11 day ahead inc hosp","quantile",0.1,8724,"COVID-19"
"DE","05-14",2022-11-17,2022-11-06,"-11 day ahead inc hosp","quantile",0.1,60,"COVID-19"
"DE","15-34",2022-11-17,2022-11-06,"-11 day ahead inc hosp","quantile",0.1,482,"COVID-19"
"DE","35-59",2022-11-17,2022-11-06,"-11 day ahead inc hosp","quantile",0.1,1134,"COVID-19"
"DE","60-79",2022-11-17,2022-11-06,"-11 day ahead inc hosp","quantile",0.1,3100,"COVID-19"
"DE","80+",2022-11-17,2022-11-06,"-11 day ahead inc hosp","quantile",0.1,3763,"COVID-19"
"DE-BB","00+",2022-11-17,2022-11-06,"-11 day ahead inc hosp","quantile",0.1,399,"COVID-19"
"DE-BE","00+",2022-11-17,2022-11-06,"-11 day ahead inc hosp","quantile",0.1,379,"COVID-19"
"DE-BW","00+",2022-11-17,2022-11-06,"-11 day ahead inc hosp","quantile",0.1,778,"COVID-19"
"DE-BY","00+",2022-11-17,2022-11-06,"-11 day ahead inc hosp","quantile",0.1,1331,"COVID-19"
"DE-HB","00+",2022-11-17,2022-11-06,"-11 day ahead inc hosp","quantile",0.1,26,"COVID-19"
"DE-HE","00+",2022-11-17,2022-11-06,"-11 day ahead inc hosp","quantile",0.1,578,"COVID-19"
"DE-HH","00+",2022-11-17,2022-11-06,"-11 day ahead inc hosp","quantile",0.1,155,"COVID-19"
"DE-MV","00+",2022-11-17,2022-11-06,"-11 day ahead inc hosp","quantile",0.1,256,"COVID-19"
"DE-NI","00+",2022-11-17,2022-11-06,"-11 day ahead inc hosp","quantile",0.1,537,"COVID-19"
"DE-NW","00+",2022-11-17,2022-11-06,"-11 day ahead inc hosp","quantile",0.1,2276,"COVID-19"
"DE-RP","00+",2022-11-17,2022-11-06,"-11 day ahead inc hosp","quantile",0.1,373,"COVID-19"
"DE-SH","00+",2022-11-17,2022-11-06,"-11 day ahead inc hosp","quantile",0.1,338,"COVID-19"
"DE-SL","00+",2022-11-17,2022-11-06,"-11 day ahead inc hosp","quantile",0.1,104,"COVID-19"
"DE-SN","00+",2022-11-17,2022-11-06,"-11 day ahead inc hosp","quantile",0.1,512,"COVID-19"
"DE-ST","00+",2022-11-17,2022-11-06,"-11 day ahead inc hosp","quantile",0.1,354,"COVID-19"
"DE-TH","00+",2022-11-17,2022-11-06,"-11 day ahead inc hosp","quantile",0.1,286,"COVID-19"
"DE","00-04",2022-11-17,2022-11-06,"-11 day ahead inc hosp","quantile",0.25,173,"COVID-19"
"DE","00+",2022-11-17,2022-11-06,"-11 day ahead inc hosp","quantile",0.25,8787,"COVID-19"
"DE","05-14",2022-11-17,2022-11-06,"-11 day ahead inc hosp","quantile",0.25,62,"COVID-19"
"DE","15-34",2022-11-17,2022-11-06,"-11 day ahead inc hosp","quantile",0.25,488,"COVID-19"
"DE","35-59",2022-11-17,2022-11-06,"-11 day ahead inc hosp","quantile",0.25,1147,"COVID-19"
"DE","60-79",2022-11-17,2022-11-06,"-11 day ahead inc hosp","quantile",0.25,3122,"COVID-19"
"DE","80+",2022-11-17,2022-11-06,"-11 day ahead inc hosp","quantile",0.25,3787,"COVID-19"
"DE-BB","00+",2022-11-17,2022-11-06,"-11 day ahead inc hosp","quantile",0.25,404,"COVID-19"
"DE-BE","00+",2022-11-17,2022-11-06,"-11 day ahead inc hosp","quantile",0.25,386,"COVID-19"
"DE-BW","00+",2022-11-17,2022-11-06,"-11 day ahead inc hosp","quantile",0.25,789,"COVID-19"
"DE-BY","00+",2022-11-17,2022-11-06,"-11 day ahead inc hosp","quantile",0.25,1341,"COVID-19"
"DE-HB","00+",2022-11-17,2022-11-06,"-11 day ahead inc hosp","quantile",0.25,27,"COVID-19"
"DE-HE","00+",2022-11-17,2022-11-06,"-11 day ahead inc hosp","quantile",0.25,585,"COVID-19"
"DE-HH","00+",2022-11-17,2022-11-06,"-11 day ahead inc hosp","quantile",0.25,160,"COVID-19"
"DE-MV","00+",2022-11-17,2022-11-06,"-11 day ahead inc hosp","quantile",0.25,257,"COVID-19"
"DE-NI","00+",2022-11-17,2022-11-06,"-11 day ahead inc hosp","quantile",0.25,546,"COVID-19"
"DE-NW","00+",2022-11-17,2022-11-06,"-11 day ahead inc hosp","quantile",0.25,2302,"COVID-19"
"DE-RP","00+",2022-11-17,2022-11-06,"-11 day ahead inc hosp","quantile",0.25,377,"COVID-19"
"DE-SH","00+",2022-11-17,2022-11-06,"-11 day ahead inc hosp","quantile",0.25,343,"COVID-19"
"DE-SL","00+",2022-11-17,2022-11-06,"-11 day ahead inc hosp","quantile",0.25,105,"COVID-19"
"DE-SN","00+",2022-11-17,2022-11-06,"-11 day ahead inc hosp","quantile",0.25,516,"COVID-19"
"DE-ST","00+",2022-11-17,2022-11-06,"-11 day ahead inc hosp","quantile",0.25,361,"COVID-19"
"DE-TH","00+",2022-11-17,2022-11-06,"-11 day ahead inc hosp","quantile",0.25,289,"COVID-19"
"DE","00-04",2022-11-17,2022-11-06,"-11 day ahead inc hosp","quantile",0.5,176,"COVID-19"
"DE","00+",2022-11-17,2022-11-06,"-11 day ahead inc hosp","quantile",0.5,8867,"COVID-19"
"DE","05-14",2022-11-17,2022-11-06,"-11 day ahead inc hosp","quantile",0.5,64,"COVID-19"
"DE","15-34",2022-11-17,2022-11-06,"-11 day ahead inc hosp","quantile",0.5,496,"COVID-19"
"DE","35-59",2022-11-17,2022-11-06,"-11 day ahead inc hosp","quantile",0.5,1160,"COVID-19"
"DE","60-79",2022-11-17,2022-11-06,"-11 day ahead inc hosp","quantile",0.5,3146,"COVID-19"
"DE","80+",2022-11-17,2022-11-06,"-11 day ahead inc hosp","quantile",0.5,3821,"COVID-19"
"DE-BB","00+",2022-11-17,2022-11-06,"-11 day ahead inc hosp","quantile",0.5,411,"COVID-19"
"DE-BE","00+",2022-11-17,2022-11-06,"-11 day ahead inc hosp","quantile",0.5,396,"COVID-19"
"DE-BW","00+",2022-11-17,2022-11-06,"-11 day ahead inc hosp","quantile",0.5,803,"COVID-19"
"DE-BY","00+",2022-11-17,2022-11-06,"-11 day ahead inc hosp","quantile",0.5,1353,"COVID-19"
"DE-HB","00+",2022-11-17,2022-11-06,"-11 day ahead inc hosp","quantile",0.5,28,"COVID-19"
"DE-HE","00+",2022-11-17,2022-11-06,"-11 day ahead inc hosp","quantile",0.5,594,"COVID-19"
"DE-HH","00+",2022-11-17,2022-11-06,"-11 day ahead inc hosp","quantile",0.5,166,"COVID-19"
"DE-MV","00+",2022-11-17,2022-11-06,"-11 day ahead inc hosp","quantile",0.5,260,"COVID-19"
"DE-NI","00+",2022-11-17,2022-11-06,"-11 day ahead inc hosp","quantile",0.5,563,"COVID-19"
"DE-NW","00+",2022-11-17,2022-11-06,"-11 day ahead inc hosp","quantile",0.5,2339,"COVID-19"
"DE-RP","00+",2022-11-17,2022-11-06,"-11 day ahead inc hosp","quantile",0.5,383,"COVID-19"
"DE-SH","00+",2022-11-17,2022-11-06,"-11 day ahead inc hosp","quantile",0.5,348,"COVID-19"
"DE-SL","00+",2022-11-17,2022-11-06,"-11 day ahead inc hosp","quantile",0.5,108,"COVID-19"
"DE-SN","00+",2022-11-17,2022-11-06,"-11 day ahead inc hosp","quantile",0.5,521,"COVID-19"
"DE-ST","00+",2022-11-17,2022-11-06,"-11 day ahead inc hosp","quantile",0.5,369,"COVID-19"
"DE-TH","00+",2022-11-17,2022-11-06,"-11 day ahead inc hosp","quantile",0.5,291,"COVID-19"
"DE","00-04",2022-11-17,2022-11-06,"-11 day ahead inc hosp","quantile",0.75,180,"COVID-19"
"DE","00+",2022-11-17,2022-11-06,"-11 day ahead inc hosp","quantile",0.75,8947,"COVID-19"
"DE","05-14",2022-11-17,2022-11-06,"-11 day ahead inc hosp","quantile",0.75,67,"COVID-19"
"DE","15-34",2022-11-17,2022-11-06,"-11 day ahead inc hosp","quantile",0.75,506,"COVID-19"
"DE","35-59",2022-11-17,2022-11-06,"-11 day ahead inc hosp","quantile",0.75,1176,"COVID-19"
"DE","60-79",2022-11-17,2022-11-06,"-11 day ahead inc hosp","quantile",0.75,3173,"COVID-19"
"DE","80+",2022-11-17,2022-11-06,"-11 day ahead inc hosp","quantile",0.75,3859,"COVID-19"
"DE-BB","00+",2022-11-17,2022-11-06,"-11 day ahead inc hosp","quantile",0.75,419,"COVID-19"
"DE-BE","00+",2022-11-17,2022-11-06,"-11 day ahead inc hosp","quantile",0.75,409,"COVID-19"
"DE-BW","00+",2022-11-17,2022-11-06,"-11 day ahead inc hosp","quantile",0.75,825,"COVID-19"
"DE-BY","00+",2022-11-17,2022-11-06,"-11 day ahead inc hosp","quantile",0.75,1369,"COVID-19"
"DE-HB","00+",2022-11-17,2022-11-06,"-11 day ahead inc hosp","quantile",0.75,29,"COVID-19"
"DE-HE","00+",2022-11-17,2022-11-06,"-11 day ahead inc hosp","quantile",0.75,604,"COVID-19"
"DE-HH","00+",2022-11-17,2022-11-06,"-11 day ahead inc hosp","quantile",0.75,174,"COVID-19"
"DE-MV","00+",2022-11-17,2022-11-06,"-11 day ahead inc hosp","quantile",0.75,264,"COVID-19"
"DE-NI","00+",2022-11-17,2022-11-06,"-11 day ahead inc hosp","quantile",0.75,584,"COVID-19"
"DE-NW","00+",2022-11-17,2022-11-06,"-11 day ahead inc hosp","quantile",0.75,2388,"COVID-19"
"DE-RP","00+",2022-11-17,2022-11-06,"-11 day ahead inc hosp","quantile",0.75,391,"COVID-19"
"DE-SH","00+",2022-11-17,2022-11-06,"-11 day ahead inc hosp","quantile",0.75,355,"COVID-19"
"DE-SL","00+",2022-11-17,2022-11-06,"-11 day ahead inc hosp","quantile",0.75,110,"COVID-19"
"DE-SN","00+",2022-11-17,2022-11-06,"-11 day ahead inc hosp","quantile",0.75,526,"COVID-19"
"DE-ST","00+",2022-11-17,2022-11-06,"-11 day ahead inc hosp","quantile",0.75,384,"COVID-19"
"DE-TH","00+",2022-11-17,2022-11-06,"-11 day ahead inc hosp","quantile",0.75,294,"COVID-19"
"DE","00-04",2022-11-17,2022-11-06,"-11 day ahead inc hosp","quantile",0.9,184,"COVID-19"
"DE","00+",2022-11-17,2022-11-06,"-11 day ahead inc hosp","quantile",0.9,9023,"COVID-19"
"DE","05-14",2022-11-17,2022-11-06,"-11 day ahead inc hosp","quantile",0.9,72,"COVID-19"
"DE","15-34",2022-11-17,2022-11-06,"-11 day ahead inc hosp","quantile",0.9,515,"COVID-19"
"DE","35-59",2022-11-17,2022-11-06,"-11 day ahead inc hosp","quantile",0.9,1196,"COVID-19"
"DE","60-79",2022-11-17,2022-11-06,"-11 day ahead inc hosp","quantile",0.9,3197,"COVID-19"
"DE","80+",2022-11-17,2022-11-06,"-11 day ahead inc hosp","quantile",0.9,3891,"COVID-19"
"DE-BB","00+",2022-11-17,2022-11-06,"-11 day ahead inc hosp","quantile",0.9,435,"COVID-19"
"DE-BE","00+",2022-11-17,2022-11-06,"-11 day ahead inc hosp","quantile",0.9,422,"COVID-19"
"DE-BW","00+",2022-11-17,2022-11-06,"-11 day ahead inc hosp","quantile",0.9,844,"COVID-19"
"DE-BY","00+",2022-11-17,2022-11-06,"-11 day ahead inc hosp","quantile",0.9,1384,"COVID-19"
"DE-HB","00+",2022-11-17,2022-11-06,"-11 day ahead inc hosp","quantile",0.9,32,"COVID-19"
"DE-HE","00+",2022-11-17,2022-11-06,"-11 day ahead inc hosp","quantile",0.9,615,"COVID-19"
"DE-HH","00+",2022-11-17,2022-11-06,"-11 day ahead inc hosp","quantile",0.9,181,"COVID-19"
"DE-MV","00+",2022-11-17,2022-11-06,"-11 day ahead inc hosp","quantile",0.9,267,"COVID-19"
"DE-NI","00+",2022-11-17,2022-11-06,"-11 day ahead inc hosp","quantile",0.9,604,"COVID-19"
"DE-NW","00+",2022-11-17,2022-11-06,"-11 day ahead inc hosp","quantile",0.9,2435,"COVID-19"
"DE-RP","00+",2022-11-17,2022-11-06,"-11 day ahead inc hosp","quantile",0.9,399,"COVID-19"
"DE-SH","00+",2022-11-17,2022-11-06,"-11 day ahead inc hosp","quantile",0.9,360,"COVID-19"
"DE-SL","00+",2022-11-17,2022-11-06,"-11 day ahead inc hosp","quantile",0.9,114,"COVID-19"
"DE-SN","00+",2022-11-17,2022-11-06,"-11 day ahead inc hosp","quantile",0.9,532,"COVID-19"
"DE-ST","00+",2022-11-17,2022-11-06,"-11 day ahead inc hosp","quantile",0.9,403,"COVID-19"
"DE-TH","00+",2022-11-17,2022-11-06,"-11 day ahead inc hosp","quantile",0.9,297,"COVID-19"
"DE","00-04",2022-11-17,2022-11-06,"-11 day ahead inc hosp","quantile",0.975,194,"COVID-19"
"DE","00+",2022-11-17,2022-11-06,"-11 day ahead inc hosp","quantile",0.975,9127,"COVID-19"
"DE","05-14",2022-11-17,2022-11-06,"-11 day ahead inc hosp","quantile",0.975,82,"COVID-19"
"DE","15-34",2022-11-17,2022-11-06,"-11 day ahead inc hosp","quantile",0.975,529,"COVID-19"
"DE","35-59",2022-11-17,2022-11-06,"-11 day ahead inc hosp","quantile",0.975,1215,"COVID-19"
"DE","60-79",2022-11-17,2022-11-06,"-11 day ahead inc hosp","quantile",0.975,3227,"COVID-19"
"DE","80+",2022-11-17,2022-11-06,"-11 day ahead inc hosp","quantile",0.975,3929,"COVID-19"
"DE-BB","00+",2022-11-17,2022-11-06,"-11 day ahead inc hosp","quantile",0.975,453,"COVID-19"
"DE-BE","00+",2022-11-17,2022-11-06,"-11 day ahead inc hosp","quantile",0.975,446,"COVID-19"
"DE-BW","00+",2022-11-17,2022-11-06,"-11 day ahead inc hosp","quantile",0.975,870,"COVID-19"
"DE-BY","00+",2022-11-17,2022-11-06,"-11 day ahead inc hosp","quantile",0.975,1402,"COVID-19"
"DE-HB","00+",2022-11-17,2022-11-06,"-11 day ahead inc hosp","quantile",0.975,36,"COVID-19"
"DE-HE","00+",2022-11-17,2022-11-06,"-11 day ahead inc hosp","quantile",0.975,632,"COVID-19"
"DE-HH","00+",2022-11-17,2022-11-06,"-11 day ahead inc hosp","quantile",0.975,192,"COVID-19"
"DE-MV","00+",2022-11-17,2022-11-06,"-11 day ahead inc hosp","quantile",0.975,271,"COVID-19"
"DE-NI","00+",2022-11-17,2022-11-06,"-11 day ahead inc hosp","quantile",0.975,635,"COVID-19"
"DE-NW","00+",2022-11-17,2022-11-06,"-11 day ahead inc hosp","quantile",0.975,2500,"COVID-19"
"DE-RP","00+",2022-11-17,2022-11-06,"-11 day ahead inc hosp","quantile",0.975,412,"COVID-19"
"DE-SH","00+",2022-11-17,2022-11-06,"-11 day ahead inc hosp","quantile",0.975,367,"COVID-19"
"DE-SL","00+",2022-11-17,2022-11-06,"-11 day ahead inc hosp","quantile",0.975,118,"COVID-19"
"DE-SN","00+",2022-11-17,2022-11-06,"-11 day ahead inc hosp","quantile",0.975,539,"COVID-19"
"DE-ST","00+",2022-11-17,2022-11-06,"-11 day ahead inc hosp","quantile",0.975,446,"COVID-19"
"DE-TH","00+",2022-11-17,2022-11-06,"-11 day ahead inc hosp","quantile",0.975,300,"COVID-19"
"DE","00-04",2022-11-17,2022-11-07,"-10 day ahead inc hosp","mean",NA,173,"COVID-19"
"DE","00+",2022-11-17,2022-11-07,"-10 day ahead inc hosp","mean",NA,8773,"COVID-19"
"DE","05-14",2022-11-17,2022-11-07,"-10 day ahead inc hosp","mean",NA,64,"COVID-19"
"DE","15-34",2022-11-17,2022-11-07,"-10 day ahead inc hosp","mean",NA,492,"COVID-19"
"DE","35-59",2022-11-17,2022-11-07,"-10 day ahead inc hosp","mean",NA,1157,"COVID-19"
"DE","60-79",2022-11-17,2022-11-07,"-10 day ahead inc hosp","mean",NA,3118,"COVID-19"
"DE","80+",2022-11-17,2022-11-07,"-10 day ahead inc hosp","mean",NA,3769,"COVID-19"
"DE-BB","00+",2022-11-17,2022-11-07,"-10 day ahead inc hosp","mean",NA,411,"COVID-19"
"DE-BE","00+",2022-11-17,2022-11-07,"-10 day ahead inc hosp","mean",NA,396,"COVID-19"
"DE-BW","00+",2022-11-17,2022-11-07,"-10 day ahead inc hosp","mean",NA,814,"COVID-19"
"DE-BY","00+",2022-11-17,2022-11-07,"-10 day ahead inc hosp","mean",NA,1334,"COVID-19"
"DE-HB","00+",2022-11-17,2022-11-07,"-10 day ahead inc hosp","mean",NA,28,"COVID-19"
"DE-HE","00+",2022-11-17,2022-11-07,"-10 day ahead inc hosp","mean",NA,586,"COVID-19"
"DE-HH","00+",2022-11-17,2022-11-07,"-10 day ahead inc hosp","mean",NA,164,"COVID-19"
"DE-MV","00+",2022-11-17,2022-11-07,"-10 day ahead inc hosp","mean",NA,251,"COVID-19"
"DE-NI","00+",2022-11-17,2022-11-07,"-10 day ahead inc hosp","mean",NA,556,"COVID-19"
"DE-NW","00+",2022-11-17,2022-11-07,"-10 day ahead inc hosp","mean",NA,2280,"COVID-19"
"DE-RP","00+",2022-11-17,2022-11-07,"-10 day ahead inc hosp","mean",NA,384,"COVID-19"
"DE-SH","00+",2022-11-17,2022-11-07,"-10 day ahead inc hosp","mean",NA,349,"COVID-19"
"DE-SL","00+",2022-11-17,2022-11-07,"-10 day ahead inc hosp","mean",NA,109,"COVID-19"
"DE-SN","00+",2022-11-17,2022-11-07,"-10 day ahead inc hosp","mean",NA,516,"COVID-19"
"DE-ST","00+",2022-11-17,2022-11-07,"-10 day ahead inc hosp","mean",NA,362,"COVID-19"
"DE-TH","00+",2022-11-17,2022-11-07,"-10 day ahead inc hosp","mean",NA,293,"COVID-19"
"DE","00-04",2022-11-17,2022-11-07,"-10 day ahead inc hosp","quantile",0.025,166,"COVID-19"
"DE","00+",2022-11-17,2022-11-07,"-10 day ahead inc hosp","quantile",0.025,8573,"COVID-19"
"DE","05-14",2022-11-17,2022-11-07,"-10 day ahead inc hosp","quantile",0.025,60,"COVID-19"
"DE","15-34",2022-11-17,2022-11-07,"-10 day ahead inc hosp","quantile",0.025,472,"COVID-19"
"DE","35-59",2022-11-17,2022-11-07,"-10 day ahead inc hosp","quantile",0.025,1119,"COVID-19"
"DE","60-79",2022-11-17,2022-11-07,"-10 day ahead inc hosp","quantile",0.025,3049,"COVID-19"
"DE","80+",2022-11-17,2022-11-07,"-10 day ahead inc hosp","quantile",0.025,3684,"COVID-19"
"DE-BB","00+",2022-11-17,2022-11-07,"-10 day ahead inc hosp","quantile",0.025,391,"COVID-19"
"DE-BE","00+",2022-11-17,2022-11-07,"-10 day ahead inc hosp","quantile",0.025,374,"COVID-19"
"DE-BW","00+",2022-11-17,2022-11-07,"-10 day ahead inc hosp","quantile",0.025,778,"COVID-19"
"DE-BY","00+",2022-11-17,2022-11-07,"-10 day ahead inc hosp","quantile",0.025,1302,"COVID-19"
"DE-HB","00+",2022-11-17,2022-11-07,"-10 day ahead inc hosp","quantile",0.025,26,"COVID-19"
"DE-HE","00+",2022-11-17,2022-11-07,"-10 day ahead inc hosp","quantile",0.025,563,"COVID-19"
"DE-HH","00+",2022-11-17,2022-11-07,"-10 day ahead inc hosp","quantile",0.025,148,"COVID-19"
"DE-MV","00+",2022-11-17,2022-11-07,"-10 day ahead inc hosp","quantile",0.025,246,"COVID-19"
"DE-NI","00+",2022-11-17,2022-11-07,"-10 day ahead inc hosp","quantile",0.025,522,"COVID-19"
"DE-NW","00+",2022-11-17,2022-11-07,"-10 day ahead inc hosp","quantile",0.025,2194,"COVID-19"
"DE-RP","00+",2022-11-17,2022-11-07,"-10 day ahead inc hosp","quantile",0.025,370,"COVID-19"
"DE-SH","00+",2022-11-17,2022-11-07,"-10 day ahead inc hosp","quantile",0.025,335,"COVID-19"
"DE-SL","00+",2022-11-17,2022-11-07,"-10 day ahead inc hosp","quantile",0.025,103,"COVID-19"
"DE-SN","00+",2022-11-17,2022-11-07,"-10 day ahead inc hosp","quantile",0.025,503,"COVID-19"
"DE-ST","00+",2022-11-17,2022-11-07,"-10 day ahead inc hosp","quantile",0.025,343,"COVID-19"
"DE-TH","00+",2022-11-17,2022-11-07,"-10 day ahead inc hosp","quantile",0.025,286,"COVID-19"
"DE","00-04",2022-11-17,2022-11-07,"-10 day ahead inc hosp","quantile",0.1,167,"COVID-19"
"DE","00+",2022-11-17,2022-11-07,"-10 day ahead inc hosp","quantile",0.1,8627,"COVID-19"
"DE","05-14",2022-11-17,2022-11-07,"-10 day ahead inc hosp","quantile",0.1,60,"COVID-19"
"DE","15-34",2022-11-17,2022-11-07,"-10 day ahead inc hosp","quantile",0.1,477,"COVID-19"
"DE","35-59",2022-11-17,2022-11-07,"-10 day ahead inc hosp","quantile",0.1,1128,"COVID-19"
"DE","60-79",2022-11-17,2022-11-07,"-10 day ahead inc hosp","quantile",0.1,3070,"COVID-19"
"DE","80+",2022-11-17,2022-11-07,"-10 day ahead inc hosp","quantile",0.1,3707,"COVID-19"
"DE-BB","00+",2022-11-17,2022-11-07,"-10 day ahead inc hosp","quantile",0.1,400,"COVID-19"
"DE-BE","00+",2022-11-17,2022-11-07,"-10 day ahead inc hosp","quantile",0.1,381,"COVID-19"
"DE-BW","00+",2022-11-17,2022-11-07,"-10 day ahead inc hosp","quantile",0.1,788,"COVID-19"
"DE-BY","00+",2022-11-17,2022-11-07,"-10 day ahead inc hosp","quantile",0.1,1310,"COVID-19"
"DE-HB","00+",2022-11-17,2022-11-07,"-10 day ahead inc hosp","quantile",0.1,26,"COVID-19"
"DE-HE","00+",2022-11-17,2022-11-07,"-10 day ahead inc hosp","quantile",0.1,570,"COVID-19"
"DE-HH","00+",2022-11-17,2022-11-07,"-10 day ahead inc hosp","quantile",0.1,152,"COVID-19"
"DE-MV","00+",2022-11-17,2022-11-07,"-10 day ahead inc hosp","quantile",0.1,246,"COVID-19"
"DE-NI","00+",2022-11-17,2022-11-07,"-10 day ahead inc hosp","quantile",0.1,531,"COVID-19"
"DE-NW","00+",2022-11-17,2022-11-07,"-10 day ahead inc hosp","quantile",0.1,2218,"COVID-19"
"DE-RP","00+",2022-11-17,2022-11-07,"-10 day ahead inc hosp","quantile",0.1,374,"COVID-19"
"DE-SH","00+",2022-11-17,2022-11-07,"-10 day ahead inc hosp","quantile",0.1,339,"COVID-19"
"DE-SL","00+",2022-11-17,2022-11-07,"-10 day ahead inc hosp","quantile",0.1,104,"COVID-19"
"DE-SN","00+",2022-11-17,2022-11-07,"-10 day ahead inc hosp","quantile",0.1,506,"COVID-19"
"DE-ST","00+",2022-11-17,2022-11-07,"-10 day ahead inc hosp","quantile",0.1,347,"COVID-19"
"DE-TH","00+",2022-11-17,2022-11-07,"-10 day ahead inc hosp","quantile",0.1,288,"COVID-19"
"DE","00-04",2022-11-17,2022-11-07,"-10 day ahead inc hosp","quantile",0.25,170,"COVID-19"
"DE","00+",2022-11-17,2022-11-07,"-10 day ahead inc hosp","quantile",0.25,8694,"COVID-19"
"DE","05-14",2022-11-17,2022-11-07,"-10 day ahead inc hosp","quantile",0.25,62,"COVID-19"
"DE","15-34",2022-11-17,2022-11-07,"-10 day ahead inc hosp","quantile",0.25,483,"COVID-19"
"DE","35-59",2022-11-17,2022-11-07,"-10 day ahead inc hosp","quantile",0.25,1142,"COVID-19"
"DE","60-79",2022-11-17,2022-11-07,"-10 day ahead inc hosp","quantile",0.25,3093,"COVID-19"
"DE","80+",2022-11-17,2022-11-07,"-10 day ahead inc hosp","quantile",0.25,3733,"COVID-19"
"DE-BB","00+",2022-11-17,2022-11-07,"-10 day ahead inc hosp","quantile",0.25,405,"COVID-19"
"DE-BE","00+",2022-11-17,2022-11-07,"-10 day ahead inc hosp","quantile",0.25,389,"COVID-19"
"DE-BW","00+",2022-11-17,2022-11-07,"-10 day ahead inc hosp","quantile",0.25,798,"COVID-19"
"DE-BY","00+",2022-11-17,2022-11-07,"-10 day ahead inc hosp","quantile",0.25,1321,"COVID-19"
"DE-HB","00+",2022-11-17,2022-11-07,"-10 day ahead inc hosp","quantile",0.25,27,"COVID-19"
"DE-HE","00+",2022-11-17,2022-11-07,"-10 day ahead inc hosp","quantile",0.25,577,"COVID-19"
"DE-HH","00+",2022-11-17,2022-11-07,"-10 day ahead inc hosp","quantile",0.25,157,"COVID-19"
"DE-MV","00+",2022-11-17,2022-11-07,"-10 day ahead inc hosp","quantile",0.25,249,"COVID-19"
"DE-NI","00+",2022-11-17,2022-11-07,"-10 day ahead inc hosp","quantile",0.25,539,"COVID-19"
"DE-NW","00+",2022-11-17,2022-11-07,"-10 day ahead inc hosp","quantile",0.25,2245,"COVID-19"
"DE-RP","00+",2022-11-17,2022-11-07,"-10 day ahead inc hosp","quantile",0.25,379,"COVID-19"
"DE-SH","00+",2022-11-17,2022-11-07,"-10 day ahead inc hosp","quantile",0.25,344,"COVID-19"
"DE-SL","00+",2022-11-17,2022-11-07,"-10 day ahead inc hosp","quantile",0.25,106,"COVID-19"
"DE-SN","00+",2022-11-17,2022-11-07,"-10 day ahead inc hosp","quantile",0.25,510,"COVID-19"
"DE-ST","00+",2022-11-17,2022-11-07,"-10 day ahead inc hosp","quantile",0.25,354,"COVID-19"
"DE-TH","00+",2022-11-17,2022-11-07,"-10 day ahead inc hosp","quantile",0.25,290,"COVID-19"
"DE","00-04",2022-11-17,2022-11-07,"-10 day ahead inc hosp","quantile",0.5,173,"COVID-19"
"DE","00+",2022-11-17,2022-11-07,"-10 day ahead inc hosp","quantile",0.5,8773,"COVID-19"
"DE","05-14",2022-11-17,2022-11-07,"-10 day ahead inc hosp","quantile",0.5,64,"COVID-19"
"DE","15-34",2022-11-17,2022-11-07,"-10 day ahead inc hosp","quantile",0.5,491,"COVID-19"
"DE","35-59",2022-11-17,2022-11-07,"-10 day ahead inc hosp","quantile",0.5,1155,"COVID-19"
"DE","60-79",2022-11-17,2022-11-07,"-10 day ahead inc hosp","quantile",0.5,3116,"COVID-19"
"DE","80+",2022-11-17,2022-11-07,"-10 day ahead inc hosp","quantile",0.5,3766,"COVID-19"
"DE-BB","00+",2022-11-17,2022-11-07,"-10 day ahead inc hosp","quantile",0.5,412,"COVID-19"
"DE-BE","00+",2022-11-17,2022-11-07,"-10 day ahead inc hosp","quantile",0.5,397,"COVID-19"
"DE-BW","00+",2022-11-17,2022-11-07,"-10 day ahead inc hosp","quantile",0.5,813,"COVID-19"
"DE-BY","00+",2022-11-17,2022-11-07,"-10 day ahead inc hosp","quantile",0.5,1333,"COVID-19"
"DE-HB","00+",2022-11-17,2022-11-07,"-10 day ahead inc hosp","quantile",0.5,28,"COVID-19"
"DE-HE","00+",2022-11-17,2022-11-07,"-10 day ahead inc hosp","quantile",0.5,586,"COVID-19"
"DE-HH","00+",2022-11-17,2022-11-07,"-10 day ahead inc hosp","quantile",0.5,163,"COVID-19"
"DE-MV","00+",2022-11-17,2022-11-07,"-10 day ahead inc hosp","quantile",0.5,251,"COVID-19"
"DE-NI","00+",2022-11-17,2022-11-07,"-10 day ahead inc hosp","quantile",0.5,557,"COVID-19"
"DE-NW","00+",2022-11-17,2022-11-07,"-10 day ahead inc hosp","quantile",0.5,2280,"COVID-19"
"DE-RP","00+",2022-11-17,2022-11-07,"-10 day ahead inc hosp","quantile",0.5,385,"COVID-19"
"DE-SH","00+",2022-11-17,2022-11-07,"-10 day ahead inc hosp","quantile",0.5,349,"COVID-19"
"DE-SL","00+",2022-11-17,2022-11-07,"-10 day ahead inc hosp","quantile",0.5,109,"COVID-19"
"DE-SN","00+",2022-11-17,2022-11-07,"-10 day ahead inc hosp","quantile",0.5,515,"COVID-19"
"DE-ST","00+",2022-11-17,2022-11-07,"-10 day ahead inc hosp","quantile",0.5,362,"COVID-19"
"DE-TH","00+",2022-11-17,2022-11-07,"-10 day ahead inc hosp","quantile",0.5,292,"COVID-19"
"DE","00-04",2022-11-17,2022-11-07,"-10 day ahead inc hosp","quantile",0.75,177,"COVID-19"
"DE","00+",2022-11-17,2022-11-07,"-10 day ahead inc hosp","quantile",0.75,8858,"COVID-19"
"DE","05-14",2022-11-17,2022-11-07,"-10 day ahead inc hosp","quantile",0.75,68,"COVID-19"
"DE","15-34",2022-11-17,2022-11-07,"-10 day ahead inc hosp","quantile",0.75,500,"COVID-19"
"DE","35-59",2022-11-17,2022-11-07,"-10 day ahead inc hosp","quantile",0.75,1172,"COVID-19"
"DE","60-79",2022-11-17,2022-11-07,"-10 day ahead inc hosp","quantile",0.75,3143,"COVID-19"
"DE","80+",2022-11-17,2022-11-07,"-10 day ahead inc hosp","quantile",0.75,3804,"COVID-19"
"DE-BB","00+",2022-11-17,2022-11-07,"-10 day ahead inc hosp","quantile",0.75,420,"COVID-19"
"DE-BE","00+",2022-11-17,2022-11-07,"-10 day ahead inc hosp","quantile",0.75,411,"COVID-19"
"DE-BW","00+",2022-11-17,2022-11-07,"-10 day ahead inc hosp","quantile",0.75,831,"COVID-19"
"DE-BY","00+",2022-11-17,2022-11-07,"-10 day ahead inc hosp","quantile",0.75,1350,"COVID-19"
"DE-HB","00+",2022-11-17,2022-11-07,"-10 day ahead inc hosp","quantile",0.75,29,"COVID-19"
"DE-HE","00+",2022-11-17,2022-11-07,"-10 day ahead inc hosp","quantile",0.75,597,"COVID-19"
"DE-HH","00+",2022-11-17,2022-11-07,"-10 day ahead inc hosp","quantile",0.75,172,"COVID-19"
"DE-MV","00+",2022-11-17,2022-11-07,"-10 day ahead inc hosp","quantile",0.75,254,"COVID-19"
"DE-NI","00+",2022-11-17,2022-11-07,"-10 day ahead inc hosp","quantile",0.75,578,"COVID-19"
"DE-NW","00+",2022-11-17,2022-11-07,"-10 day ahead inc hosp","quantile",0.75,2329,"COVID-19"
"DE-RP","00+",2022-11-17,2022-11-07,"-10 day ahead inc hosp","quantile",0.75,393,"COVID-19"
"DE-SH","00+",2022-11-17,2022-11-07,"-10 day ahead inc hosp","quantile",0.75,356,"COVID-19"
"DE-SL","00+",2022-11-17,2022-11-07,"-10 day ahead inc hosp","quantile",0.75,112,"COVID-19"
"DE-SN","00+",2022-11-17,2022-11-07,"-10 day ahead inc hosp","quantile",0.75,521,"COVID-19"
"DE-ST","00+",2022-11-17,2022-11-07,"-10 day ahead inc hosp","quantile",0.75,376,"COVID-19"
"DE-TH","00+",2022-11-17,2022-11-07,"-10 day ahead inc hosp","quantile",0.75,295,"COVID-19"
"DE","00-04",2022-11-17,2022-11-07,"-10 day ahead inc hosp","quantile",0.9,182,"COVID-19"
"DE","00+",2022-11-17,2022-11-07,"-10 day ahead inc hosp","quantile",0.9,8935,"COVID-19"
"DE","05-14",2022-11-17,2022-11-07,"-10 day ahead inc hosp","quantile",0.9,72,"COVID-19"
"DE","15-34",2022-11-17,2022-11-07,"-10 day ahead inc hosp","quantile",0.9,510,"COVID-19"
"DE","35-59",2022-11-17,2022-11-07,"-10 day ahead inc hosp","quantile",0.9,1193,"COVID-19"
"DE","60-79",2022-11-17,2022-11-07,"-10 day ahead inc hosp","quantile",0.9,3168,"COVID-19"
"DE","80+",2022-11-17,2022-11-07,"-10 day ahead inc hosp","quantile",0.9,3837,"COVID-19"
"DE-BB","00+",2022-11-17,2022-11-07,"-10 day ahead inc hosp","quantile",0.9,436,"COVID-19"
"DE-BE","00+",2022-11-17,2022-11-07,"-10 day ahead inc hosp","quantile",0.9,425,"COVID-19"
"DE-BW","00+",2022-11-17,2022-11-07,"-10 day ahead inc hosp","quantile",0.9,855,"COVID-19"
"DE-BY","00+",2022-11-17,2022-11-07,"-10 day ahead inc hosp","quantile",0.9,1366,"COVID-19"
"DE-HB","00+",2022-11-17,2022-11-07,"-10 day ahead inc hosp","quantile",0.9,32,"COVID-19"
"DE-HE","00+",2022-11-17,2022-11-07,"-10 day ahead inc hosp","quantile",0.9,608,"COVID-19"
"DE-HH","00+",2022-11-17,2022-11-07,"-10 day ahead inc hosp","quantile",0.9,179,"COVID-19"
"DE-MV","00+",2022-11-17,2022-11-07,"-10 day ahead inc hosp","quantile",0.9,257,"COVID-19"
"DE-NI","00+",2022-11-17,2022-11-07,"-10 day ahead inc hosp","quantile",0.9,599,"COVID-19"
"DE-NW","00+",2022-11-17,2022-11-07,"-10 day ahead inc hosp","quantile",0.9,2375,"COVID-19"
"DE-RP","00+",2022-11-17,2022-11-07,"-10 day ahead inc hosp","quantile",0.9,401,"COVID-19"
"DE-SH","00+",2022-11-17,2022-11-07,"-10 day ahead inc hosp","quantile",0.9,362,"COVID-19"
"DE-SL","00+",2022-11-17,2022-11-07,"-10 day ahead inc hosp","quantile",0.9,120,"COVID-19"
"DE-SN","00+",2022-11-17,2022-11-07,"-10 day ahead inc hosp","quantile",0.9,527,"COVID-19"
"DE-ST","00+",2022-11-17,2022-11-07,"-10 day ahead inc hosp","quantile",0.9,394,"COVID-19"
"DE-TH","00+",2022-11-17,2022-11-07,"-10 day ahead inc hosp","quantile",0.9,298,"COVID-19"
"DE","00-04",2022-11-17,2022-11-07,"-10 day ahead inc hosp","quantile",0.975,191,"COVID-19"
"DE","00+",2022-11-17,2022-11-07,"-10 day ahead inc hosp","quantile",0.975,9041,"COVID-19"
"DE","05-14",2022-11-17,2022-11-07,"-10 day ahead inc hosp","quantile",0.975,82,"COVID-19"
"DE","15-34",2022-11-17,2022-11-07,"-10 day ahead inc hosp","quantile",0.975,523,"COVID-19"
"DE","35-59",2022-11-17,2022-11-07,"-10 day ahead inc hosp","quantile",0.975,1213,"COVID-19"
"DE","60-79",2022-11-17,2022-11-07,"-10 day ahead inc hosp","quantile",0.975,3201,"COVID-19"
"DE","80+",2022-11-17,2022-11-07,"-10 day ahead inc hosp","quantile",0.975,3876,"COVID-19"
"DE-BB","00+",2022-11-17,2022-11-07,"-10 day ahead inc hosp","quantile",0.975,455,"COVID-19"
"DE-BE","00+",2022-11-17,2022-11-07,"-10 day ahead inc hosp","quantile",0.975,451,"COVID-19"
"DE-BW","00+",2022-11-17,2022-11-07,"-10 day ahead inc hosp","quantile",0.975,882,"COVID-19"
"DE-BY","00+",2022-11-17,2022-11-07,"-10 day ahead inc hosp","quantile",0.975,1385,"COVID-19"
"DE-HB","00+",2022-11-17,2022-11-07,"-10 day ahead inc hosp","quantile",0.975,36,"COVID-19"
"DE-HE","00+",2022-11-17,2022-11-07,"-10 day ahead inc hosp","quantile",0.975,625,"COVID-19"
"DE-HH","00+",2022-11-17,2022-11-07,"-10 day ahead inc hosp","quantile",0.975,190,"COVID-19"
"DE-MV","00+",2022-11-17,2022-11-07,"-10 day ahead inc hosp","quantile",0.975,262,"COVID-19"
"DE-NI","00+",2022-11-17,2022-11-07,"-10 day ahead inc hosp","quantile",0.975,630,"COVID-19"
"DE-NW","00+",2022-11-17,2022-11-07,"-10 day ahead inc hosp","quantile",0.975,2439,"COVID-19"
"DE-RP","00+",2022-11-17,2022-11-07,"-10 day ahead inc hosp","quantile",0.975,413,"COVID-19"
"DE-SH","00+",2022-11-17,2022-11-07,"-10 day ahead inc hosp","quantile",0.975,369,"COVID-19"
"DE-SL","00+",2022-11-17,2022-11-07,"-10 day ahead inc hosp","quantile",0.975,146,"COVID-19"
"DE-SN","00+",2022-11-17,2022-11-07,"-10 day ahead inc hosp","quantile",0.975,534,"COVID-19"
"DE-ST","00+",2022-11-17,2022-11-07,"-10 day ahead inc hosp","quantile",0.975,433,"COVID-19"
"DE-TH","00+",2022-11-17,2022-11-07,"-10 day ahead inc hosp","quantile",0.975,302,"COVID-19"
"DE","00-04",2022-11-17,2022-11-08,"-9 day ahead inc hosp","mean",NA,176,"COVID-19"
"DE","00+",2022-11-17,2022-11-08,"-9 day ahead inc hosp","mean",NA,9089,"COVID-19"
"DE","05-14",2022-11-17,2022-11-08,"-9 day ahead inc hosp","mean",NA,64,"COVID-19"
"DE","15-34",2022-11-17,2022-11-08,"-9 day ahead inc hosp","mean",NA,519,"COVID-19"
"DE","35-59",2022-11-17,2022-11-08,"-9 day ahead inc hosp","mean",NA,1181,"COVID-19"
"DE","60-79",2022-11-17,2022-11-08,"-9 day ahead inc hosp","mean",NA,3252,"COVID-19"
"DE","80+",2022-11-17,2022-11-08,"-9 day ahead inc hosp","mean",NA,3912,"COVID-19"
"DE-BB","00+",2022-11-17,2022-11-08,"-9 day ahead inc hosp","mean",NA,495,"COVID-19"
"DE-BE","00+",2022-11-17,2022-11-08,"-9 day ahead inc hosp","mean",NA,373,"COVID-19"
"DE-BW","00+",2022-11-17,2022-11-08,"-9 day ahead inc hosp","mean",NA,806,"COVID-19"
"DE-BY","00+",2022-11-17,2022-11-08,"-9 day ahead inc hosp","mean",NA,1292,"COVID-19"
"DE-HB","00+",2022-11-17,2022-11-08,"-9 day ahead inc hosp","mean",NA,34,"COVID-19"
"DE-HE","00+",2022-11-17,2022-11-08,"-9 day ahead inc hosp","mean",NA,573,"COVID-19"
"DE-HH","00+",2022-11-17,2022-11-08,"-9 day ahead inc hosp","mean",NA,181,"COVID-19"
"DE-MV","00+",2022-11-17,2022-11-08,"-9 day ahead inc hosp","mean",NA,275,"COVID-19"
"DE-NI","00+",2022-11-17,2022-11-08,"-9 day ahead inc hosp","mean",NA,728,"COVID-19"
"DE-NW","00+",2022-11-17,2022-11-08,"-9 day ahead inc hosp","mean",NA,2254,"COVID-19"
"DE-RP","00+",2022-11-17,2022-11-08,"-9 day ahead inc hosp","mean",NA,374,"COVID-19"
"DE-SH","00+",2022-11-17,2022-11-08,"-9 day ahead inc hosp","mean",NA,418,"COVID-19"
"DE-SL","00+",2022-11-17,2022-11-08,"-9 day ahead inc hosp","mean",NA,90,"COVID-19"
"DE-SN","00+",2022-11-17,2022-11-08,"-9 day ahead inc hosp","mean",NA,540,"COVID-19"
"DE-ST","00+",2022-11-17,2022-11-08,"-9 day ahead inc hosp","mean",NA,433,"COVID-19"
"DE-TH","00+",2022-11-17,2022-11-08,"-9 day ahead inc hosp","mean",NA,336,"COVID-19"
"DE","00-04",2022-11-17,2022-11-08,"-9 day ahead inc hosp","quantile",0.025,169,"COVID-19"
"DE","00+",2022-11-17,2022-11-08,"-9 day ahead inc hosp","quantile",0.025,8862,"COVID-19"
"DE","05-14",2022-11-17,2022-11-08,"-9 day ahead inc hosp","quantile",0.025,60,"COVID-19"
"DE","15-34",2022-11-17,2022-11-08,"-9 day ahead inc hosp","quantile",0.025,497,"COVID-19"
"DE","35-59",2022-11-17,2022-11-08,"-9 day ahead inc hosp","quantile",0.025,1139,"COVID-19"
"DE","60-79",2022-11-17,2022-11-08,"-9 day ahead inc hosp","quantile",0.025,3174,"COVID-19"
"DE","80+",2022-11-17,2022-11-08,"-9 day ahead inc hosp","quantile",0.025,3814,"COVID-19"
"DE-BB","00+",2022-11-17,2022-11-08,"-9 day ahead inc hosp","quantile",0.025,472,"COVID-19"
"DE-BE","00+",2022-11-17,2022-11-08,"-9 day ahead inc hosp","quantile",0.025,350,"COVID-19"
"DE-BW","00+",2022-11-17,2022-11-08,"-9 day ahead inc hosp","quantile",0.025,766,"COVID-19"
"DE-BY","00+",2022-11-17,2022-11-08,"-9 day ahead inc hosp","quantile",0.025,1258,"COVID-19"
"DE-HB","00+",2022-11-17,2022-11-08,"-9 day ahead inc hosp","quantile",0.025,31,"COVID-19"
"DE-HE","00+",2022-11-17,2022-11-08,"-9 day ahead inc hosp","quantile",0.025,548,"COVID-19"
"DE-HH","00+",2022-11-17,2022-11-08,"-9 day ahead inc hosp","quantile",0.025,163,"COVID-19"
"DE-MV","00+",2022-11-17,2022-11-08,"-9 day ahead inc hosp","quantile",0.025,269,"COVID-19"
"DE-NI","00+",2022-11-17,2022-11-08,"-9 day ahead inc hosp","quantile",0.025,684,"COVID-19"
"DE-NW","00+",2022-11-17,2022-11-08,"-9 day ahead inc hosp","quantile",0.025,2163,"COVID-19"
"DE-RP","00+",2022-11-17,2022-11-08,"-9 day ahead inc hosp","quantile",0.025,358,"COVID-19"
"DE-SH","00+",2022-11-17,2022-11-08,"-9 day ahead inc hosp","quantile",0.025,401,"COVID-19"
"DE-SL","00+",2022-11-17,2022-11-08,"-9 day ahead inc hosp","quantile",0.025,84,"COVID-19"
"DE-SN","00+",2022-11-17,2022-11-08,"-9 day ahead inc hosp","quantile",0.025,525,"COVID-19"
"DE-ST","00+",2022-11-17,2022-11-08,"-9 day ahead inc hosp","quantile",0.025,411,"COVID-19"
"DE-TH","00+",2022-11-17,2022-11-08,"-9 day ahead inc hosp","quantile",0.025,327,"COVID-19"
"DE","00-04",2022-11-17,2022-11-08,"-9 day ahead inc hosp","quantile",0.1,171,"COVID-19"
"DE","00+",2022-11-17,2022-11-08,"-9 day ahead inc hosp","quantile",0.1,8922,"COVID-19"
"DE","05-14",2022-11-17,2022-11-08,"-9 day ahead inc hosp","quantile",0.1,61,"COVID-19"
"DE","15-34",2022-11-17,2022-11-08,"-9 day ahead inc hosp","quantile",0.1,502,"COVID-19"
"DE","35-59",2022-11-17,2022-11-08,"-9 day ahead inc hosp","quantile",0.1,1150,"COVID-19"
"DE","60-79",2022-11-17,2022-11-08,"-9 day ahead inc hosp","quantile",0.1,3199,"COVID-19"
"DE","80+",2022-11-17,2022-11-08,"-9 day ahead inc hosp","quantile",0.1,3840,"COVID-19"
"DE-BB","00+",2022-11-17,2022-11-08,"-9 day ahead inc hosp","quantile",0.1,481,"COVID-19"
"DE-BE","00+",2022-11-17,2022-11-08,"-9 day ahead inc hosp","quantile",0.1,357,"COVID-19"
"DE-BW","00+",2022-11-17,2022-11-08,"-9 day ahead inc hosp","quantile",0.1,777,"COVID-19"
"DE-BY","00+",2022-11-17,2022-11-08,"-9 day ahead inc hosp","quantile",0.1,1266,"COVID-19"
"DE-HB","00+",2022-11-17,2022-11-08,"-9 day ahead inc hosp","quantile",0.1,31,"COVID-19"
"DE-HE","00+",2022-11-17,2022-11-08,"-9 day ahead inc hosp","quantile",0.1,554,"COVID-19"
"DE-HH","00+",2022-11-17,2022-11-08,"-9 day ahead inc hosp","quantile",0.1,168,"COVID-19"
"DE-MV","00+",2022-11-17,2022-11-08,"-9 day ahead inc hosp","quantile",0.1,270,"COVID-19"
"DE-NI","00+",2022-11-17,2022-11-08,"-9 day ahead inc hosp","quantile",0.1,695,"COVID-19"
"DE-NW","00+",2022-11-17,2022-11-08,"-9 day ahead inc hosp","quantile",0.1,2188,"COVID-19"
"DE-RP","00+",2022-11-17,2022-11-08,"-9 day ahead inc hosp","quantile",0.1,362,"COVID-19"
"DE-SH","00+",2022-11-17,2022-11-08,"-9 day ahead inc hosp","quantile",0.1,406,"COVID-19"
"DE-SL","00+",2022-11-17,2022-11-08,"-9 day ahead inc hosp","quantile",0.1,86,"COVID-19"
"DE-SN","00+",2022-11-17,2022-11-08,"-9 day ahead inc hosp","quantile",0.1,530,"COVID-19"
"DE-ST","00+",2022-11-17,2022-11-08,"-9 day ahead inc hosp","quantile",0.1,416,"COVID-19"
"DE-TH","00+",2022-11-17,2022-11-08,"-9 day ahead inc hosp","quantile",0.1,330,"COVID-19"
"DE","00-04",2022-11-17,2022-11-08,"-9 day ahead inc hosp","quantile",0.25,173,"COVID-19"
"DE","00+",2022-11-17,2022-11-08,"-9 day ahead inc hosp","quantile",0.25,9002,"COVID-19"
"DE","05-14",2022-11-17,2022-11-08,"-9 day ahead inc hosp","quantile",0.25,62,"COVID-19"
"DE","15-34",2022-11-17,2022-11-08,"-9 day ahead inc hosp","quantile",0.25,509,"COVID-19"
"DE","35-59",2022-11-17,2022-11-08,"-9 day ahead inc hosp","quantile",0.25,1164,"COVID-19"
"DE","60-79",2022-11-17,2022-11-08,"-9 day ahead inc hosp","quantile",0.25,3223,"COVID-19"
"DE","80+",2022-11-17,2022-11-08,"-9 day ahead inc hosp","quantile",0.25,3870,"COVID-19"
"DE-BB","00+",2022-11-17,2022-11-08,"-9 day ahead inc hosp","quantile",0.25,488,"COVID-19"
"DE-BE","00+",2022-11-17,2022-11-08,"-9 day ahead inc hosp","quantile",0.25,365,"COVID-19"
"DE-BW","00+",2022-11-17,2022-11-08,"-9 day ahead inc hosp","quantile",0.25,789,"COVID-19"
"DE-BY","00+",2022-11-17,2022-11-08,"-9 day ahead inc hosp","quantile",0.25,1278,"COVID-19"
"DE-HB","00+",2022-11-17,2022-11-08,"-9 day ahead inc hosp","quantile",0.25,32,"COVID-19"
"DE-HE","00+",2022-11-17,2022-11-08,"-9 day ahead inc hosp","quantile",0.25,563,"COVID-19"
"DE-HH","00+",2022-11-17,2022-11-08,"-9 day ahead inc hosp","quantile",0.25,173,"COVID-19"
"DE-MV","00+",2022-11-17,2022-11-08,"-9 day ahead inc hosp","quantile",0.25,273,"COVID-19"
"DE-NI","00+",2022-11-17,2022-11-08,"-9 day ahead inc hosp","quantile",0.25,707,"COVID-19"
"DE-NW","00+",2022-11-17,2022-11-08,"-9 day ahead inc hosp","quantile",0.25,2217,"COVID-19"
"DE-RP","00+",2022-11-17,2022-11-08,"-9 day ahead inc hosp","quantile",0.25,368,"COVID-19"
"DE-SH","00+",2022-11-17,2022-11-08,"-9 day ahead inc hosp","quantile",0.25,411,"COVID-19"
"DE-SL","00+",2022-11-17,2022-11-08,"-9 day ahead inc hosp","quantile",0.25,88,"COVID-19"
"DE-SN","00+",2022-11-17,2022-11-08,"-9 day ahead inc hosp","quantile",0.25,534,"COVID-19"
"DE-ST","00+",2022-11-17,2022-11-08,"-9 day ahead inc hosp","quantile",0.25,423,"COVID-19"
"DE-TH","00+",2022-11-17,2022-11-08,"-9 day ahead inc hosp","quantile",0.25,332,"COVID-19"
"DE","00-04",2022-11-17,2022-11-08,"-9 day ahead inc hosp","quantile",0.5,176,"COVID-19"
"DE","00+",2022-11-17,2022-11-08,"-9 day ahead inc hosp","quantile",0.5,9086,"COVID-19"
"DE","05-14",2022-11-17,2022-11-08,"-9 day ahead inc hosp","quantile",0.5,65,"COVID-19"
"DE","15-34",2022-11-17,2022-11-08,"-9 day ahead inc hosp","quantile",0.5,518,"COVID-19"
"DE","35-59",2022-11-17,2022-11-08,"-9 day ahead inc hosp","quantile",0.5,1179,"COVID-19"
"DE","60-79",2022-11-17,2022-11-08,"-9 day ahead inc hosp","quantile",0.5,3250,"COVID-19"
"DE","80+",2022-11-17,2022-11-08,"-9 day ahead inc hosp","quantile",0.5,3908,"COVID-19"
"DE-BB","00+",2022-11-17,2022-11-08,"-9 day ahead inc hosp","quantile",0.5,497,"COVID-19"
"DE-BE","00+",2022-11-17,2022-11-08,"-9 day ahead inc hosp","quantile",0.5,374,"COVID-19"
"DE-BW","00+",2022-11-17,2022-11-08,"-9 day ahead inc hosp","quantile",0.5,805,"COVID-19"
"DE-BY","00+",2022-11-17,2022-11-08,"-9 day ahead inc hosp","quantile",0.5,1293,"COVID-19"
"DE-HB","00+",2022-11-17,2022-11-08,"-9 day ahead inc hosp","quantile",0.5,33,"COVID-19"
"DE-HE","00+",2022-11-17,2022-11-08,"-9 day ahead inc hosp","quantile",0.5,573,"COVID-19"
"DE-HH","00+",2022-11-17,2022-11-08,"-9 day ahead inc hosp","quantile",0.5,180,"COVID-19"
"DE-MV","00+",2022-11-17,2022-11-08,"-9 day ahead inc hosp","quantile",0.5,276,"COVID-19"
"DE-NI","00+",2022-11-17,2022-11-08,"-9 day ahead inc hosp","quantile",0.5,728,"COVID-19"
"DE-NW","00+",2022-11-17,2022-11-08,"-9 day ahead inc hosp","quantile",0.5,2253,"COVID-19"
"DE-RP","00+",2022-11-17,2022-11-08,"-9 day ahead inc hosp","quantile",0.5,374,"COVID-19"
"DE-SH","00+",2022-11-17,2022-11-08,"-9 day ahead inc hosp","quantile",0.5,418,"COVID-19"
"DE-SL","00+",2022-11-17,2022-11-08,"-9 day ahead inc hosp","quantile",0.5,90,"COVID-19"
"DE-SN","00+",2022-11-17,2022-11-08,"-9 day ahead inc hosp","quantile",0.5,540,"COVID-19"
"DE-ST","00+",2022-11-17,2022-11-08,"-9 day ahead inc hosp","quantile",0.5,432,"COVID-19"
"DE-TH","00+",2022-11-17,2022-11-08,"-9 day ahead inc hosp","quantile",0.5,335,"COVID-19"
"DE","00-04",2022-11-17,2022-11-08,"-9 day ahead inc hosp","quantile",0.75,181,"COVID-19"
"DE","00+",2022-11-17,2022-11-08,"-9 day ahead inc hosp","quantile",0.75,9183,"COVID-19"
"DE","05-14",2022-11-17,2022-11-08,"-9 day ahead inc hosp","quantile",0.75,68,"COVID-19"
"DE","15-34",2022-11-17,2022-11-08,"-9 day ahead inc hosp","quantile",0.75,529,"COVID-19"
"DE","35-59",2022-11-17,2022-11-08,"-9 day ahead inc hosp","quantile",0.75,1197,"COVID-19"
"DE","60-79",2022-11-17,2022-11-08,"-9 day ahead inc hosp","quantile",0.75,3280,"COVID-19"
"DE","80+",2022-11-17,2022-11-08,"-9 day ahead inc hosp","quantile",0.75,3952,"COVID-19"
"DE-BB","00+",2022-11-17,2022-11-08,"-9 day ahead inc hosp","quantile",0.75,511,"COVID-19"
"DE-BE","00+",2022-11-17,2022-11-08,"-9 day ahead inc hosp","quantile",0.75,389,"COVID-19"
"DE-BW","00+",2022-11-17,2022-11-08,"-9 day ahead inc hosp","quantile",0.75,829,"COVID-19"
"DE-BY","00+",2022-11-17,2022-11-08,"-9 day ahead inc hosp","quantile",0.75,1310,"COVID-19"
"DE-HB","00+",2022-11-17,2022-11-08,"-9 day ahead inc hosp","quantile",0.75,35,"COVID-19"
"DE-HE","00+",2022-11-17,2022-11-08,"-9 day ahead inc hosp","quantile",0.75,585,"COVID-19"
"DE-HH","00+",2022-11-17,2022-11-08,"-9 day ahead inc hosp","quantile",0.75,190,"COVID-19"
"DE-MV","00+",2022-11-17,2022-11-08,"-9 day ahead inc hosp","quantile",0.75,279,"COVID-19"
"DE-NI","00+",2022-11-17,2022-11-08,"-9 day ahead inc hosp","quantile",0.75,756,"COVID-19"
"DE-NW","00+",2022-11-17,2022-11-08,"-9 day ahead inc hosp","quantile",0.75,2304,"COVID-19"
"DE-RP","00+",2022-11-17,2022-11-08,"-9 day ahead inc hosp","quantile",0.75,384,"COVID-19"
"DE-SH","00+",2022-11-17,2022-11-08,"-9 day ahead inc hosp","quantile",0.75,425,"COVID-19"
"DE-SL","00+",2022-11-17,2022-11-08,"-9 day ahead inc hosp","quantile",0.75,93,"COVID-19"
"DE-SN","00+",2022-11-17,2022-11-08,"-9 day ahead inc hosp","quantile",0.75,546,"COVID-19"
"DE-ST","00+",2022-11-17,2022-11-08,"-9 day ahead inc hosp","quantile",0.75,450,"COVID-19"
"DE-TH","00+",2022-11-17,2022-11-08,"-9 day ahead inc hosp","quantile",0.75,339,"COVID-19"
"DE","00-04",2022-11-17,2022-11-08,"-9 day ahead inc hosp","quantile",0.9,185,"COVID-19"
"DE","00+",2022-11-17,2022-11-08,"-9 day ahead inc hosp","quantile",0.9,9275,"COVID-19"
"DE","05-14",2022-11-17,2022-11-08,"-9 day ahead inc hosp","quantile",0.9,73,"COVID-19"
"DE","15-34",2022-11-17,2022-11-08,"-9 day ahead inc hosp","quantile",0.9,539,"COVID-19"
"DE","35-59",2022-11-17,2022-11-08,"-9 day ahead inc hosp","quantile",0.9,1219,"COVID-19"
"DE","60-79",2022-11-17,2022-11-08,"-9 day ahead inc hosp","quantile",0.9,3308,"COVID-19"
"DE","80+",2022-11-17,2022-11-08,"-9 day ahead inc hosp","quantile",0.9,3992,"COVID-19"
"DE-BB","00+",2022-11-17,2022-11-08,"-9 day ahead inc hosp","quantile",0.9,525,"COVID-19"
"DE-BE","00+",2022-11-17,2022-11-08,"-9 day ahead inc hosp","quantile",0.9,404,"COVID-19"
"DE-BW","00+",2022-11-17,2022-11-08,"-9 day ahead inc hosp","quantile",0.9,852,"COVID-19"
"DE-BY","00+",2022-11-17,2022-11-08,"-9 day ahead inc hosp","quantile",0.9,1327,"COVID-19"
"DE-HB","00+",2022-11-17,2022-11-08,"-9 day ahead inc hosp","quantile",0.9,38,"COVID-19"
"DE-HE","00+",2022-11-17,2022-11-08,"-9 day ahead inc hosp","quantile",0.9,597,"COVID-19"
"DE-HH","00+",2022-11-17,2022-11-08,"-9 day ahead inc hosp","quantile",0.9,199,"COVID-19"
"DE-MV","00+",2022-11-17,2022-11-08,"-9 day ahead inc hosp","quantile",0.9,282,"COVID-19"
"DE-NI","00+",2022-11-17,2022-11-08,"-9 day ahead inc hosp","quantile",0.9,783,"COVID-19"
"DE-NW","00+",2022-11-17,2022-11-08,"-9 day ahead inc hosp","quantile",0.9,2353,"COVID-19"
"DE-RP","00+",2022-11-17,2022-11-08,"-9 day ahead inc hosp","quantile",0.9,393,"COVID-19"
"DE-SH","00+",2022-11-17,2022-11-08,"-9 day ahead inc hosp","quantile",0.9,432,"COVID-19"
"DE-SL","00+",2022-11-17,2022-11-08,"-9 day ahead inc hosp","quantile",0.9,100,"COVID-19"
"DE-SN","00+",2022-11-17,2022-11-08,"-9 day ahead inc hosp","quantile",0.9,553,"COVID-19"
"DE-ST","00+",2022-11-17,2022-11-08,"-9 day ahead inc hosp","quantile",0.9,469,"COVID-19"
"DE-TH","00+",2022-11-17,2022-11-08,"-9 day ahead inc hosp","quantile",0.9,343,"COVID-19"
"DE","00-04",2022-11-17,2022-11-08,"-9 day ahead inc hosp","quantile",0.975,195,"COVID-19"
"DE","00+",2022-11-17,2022-11-08,"-9 day ahead inc hosp","quantile",0.975,9395,"COVID-19"
"DE","05-14",2022-11-17,2022-11-08,"-9 day ahead inc hosp","quantile",0.975,83,"COVID-19"
"DE","15-34",2022-11-17,2022-11-08,"-9 day ahead inc hosp","quantile",0.975,554,"COVID-19"
"DE","35-59",2022-11-17,2022-11-08,"-9 day ahead inc hosp","quantile",0.975,1242,"COVID-19"
"DE","60-79",2022-11-17,2022-11-08,"-9 day ahead inc hosp","quantile",0.975,3346,"COVID-19"
"DE","80+",2022-11-17,2022-11-08,"-9 day ahead inc hosp","quantile",0.975,4039,"COVID-19"
"DE-BB","00+",2022-11-17,2022-11-08,"-9 day ahead inc hosp","quantile",0.975,546,"COVID-19"
"DE-BE","00+",2022-11-17,2022-11-08,"-9 day ahead inc hosp","quantile",0.975,431,"COVID-19"
"DE-BW","00+",2022-11-17,2022-11-08,"-9 day ahead inc hosp","quantile",0.975,882,"COVID-19"
"DE-BY","00+",2022-11-17,2022-11-08,"-9 day ahead inc hosp","quantile",0.975,1349,"COVID-19"
"DE-HB","00+",2022-11-17,2022-11-08,"-9 day ahead inc hosp","quantile",0.975,42,"COVID-19"
"DE-HE","00+",2022-11-17,2022-11-08,"-9 day ahead inc hosp","quantile",0.975,617,"COVID-19"
"DE-HH","00+",2022-11-17,2022-11-08,"-9 day ahead inc hosp","quantile",0.975,211,"COVID-19"
"DE-MV","00+",2022-11-17,2022-11-08,"-9 day ahead inc hosp","quantile",0.975,287,"COVID-19"
"DE-NI","00+",2022-11-17,2022-11-08,"-9 day ahead inc hosp","quantile",0.975,822,"COVID-19"
"DE-NW","00+",2022-11-17,2022-11-08,"-9 day ahead inc hosp","quantile",0.975,2417,"COVID-19"
"DE-RP","00+",2022-11-17,2022-11-08,"-9 day ahead inc hosp","quantile",0.975,406,"COVID-19"
"DE-SH","00+",2022-11-17,2022-11-08,"-9 day ahead inc hosp","quantile",0.975,441,"COVID-19"
"DE-SL","00+",2022-11-17,2022-11-08,"-9 day ahead inc hosp","quantile",0.975,123,"COVID-19"
"DE-SN","00+",2022-11-17,2022-11-08,"-9 day ahead inc hosp","quantile",0.975,562,"COVID-19"
"DE-ST","00+",2022-11-17,2022-11-08,"-9 day ahead inc hosp","quantile",0.975,514,"COVID-19"
"DE-TH","00+",2022-11-17,2022-11-08,"-9 day ahead inc hosp","quantile",0.975,347,"COVID-19"
"DE","00-04",2022-11-17,2022-11-09,"-8 day ahead inc hosp","mean",NA,173,"COVID-19"
"DE","00+",2022-11-17,2022-11-09,"-8 day ahead inc hosp","mean",NA,9047,"COVID-19"
"DE","05-14",2022-11-17,2022-11-09,"-8 day ahead inc hosp","mean",NA,59,"COVID-19"
"DE","15-34",2022-11-17,2022-11-09,"-8 day ahead inc hosp","mean",NA,510,"COVID-19"
"DE","35-59",2022-11-17,2022-11-09,"-8 day ahead inc hosp","mean",NA,1192,"COVID-19"
"DE","60-79",2022-11-17,2022-11-09,"-8 day ahead inc hosp","mean",NA,3237,"COVID-19"
"DE","80+",2022-11-17,2022-11-09,"-8 day ahead inc hosp","mean",NA,3877,"COVID-19"
"DE-BB","00+",2022-11-17,2022-11-09,"-8 day ahead inc hosp","mean",NA,405,"COVID-19"
"DE-BE","00+",2022-11-17,2022-11-09,"-8 day ahead inc hosp","mean",NA,358,"COVID-19"
"DE-BW","00+",2022-11-17,2022-11-09,"-8 day ahead inc hosp","mean",NA,884,"COVID-19"
"DE-BY","00+",2022-11-17,2022-11-09,"-8 day ahead inc hosp","mean",NA,1417,"COVID-19"
"DE-HB","00+",2022-11-17,2022-11-09,"-8 day ahead inc hosp","mean",NA,30,"COVID-19"
"DE-HE","00+",2022-11-17,2022-11-09,"-8 day ahead inc hosp","mean",NA,554,"COVID-19"
"DE-HH","00+",2022-11-17,2022-11-09,"-8 day ahead inc hosp","mean",NA,176,"COVID-19"
"DE-MV","00+",2022-11-17,2022-11-09,"-8 day ahead inc hosp","mean",NA,213,"COVID-19"
"DE-NI","00+",2022-11-17,2022-11-09,"-8 day ahead inc hosp","mean",NA,595,"COVID-19"
"DE-NW","00+",2022-11-17,2022-11-09,"-8 day ahead inc hosp","mean",NA,2510,"COVID-19"
"DE-RP","00+",2022-11-17,2022-11-09,"-8 day ahead inc hosp","mean",NA,403,"COVID-19"
"DE-SH","00+",2022-11-17,2022-11-09,"-8 day ahead inc hosp","mean",NA,402,"COVID-19"
"DE-SL","00+",2022-11-17,2022-11-09,"-8 day ahead inc hosp","mean",NA,106,"COVID-19"
"DE-SN","00+",2022-11-17,2022-11-09,"-8 day ahead inc hosp","mean",NA,464,"COVID-19"
"DE-ST","00+",2022-11-17,2022-11-09,"-8 day ahead inc hosp","mean",NA,326,"COVID-19"
"DE-TH","00+",2022-11-17,2022-11-09,"-8 day ahead inc hosp","mean",NA,272,"COVID-19"
"DE","00-04",2022-11-17,2022-11-09,"-8 day ahead inc hosp","quantile",0.025,165,"COVID-19"
"DE","00+",2022-11-17,2022-11-09,"-8 day ahead inc hosp","quantile",0.025,8800,"COVID-19"
"DE","05-14",2022-11-17,2022-11-09,"-8 day ahead inc hosp","quantile",0.025,54,"COVID-19"
"DE","15-34",2022-11-17,2022-11-09,"-8 day ahead inc hosp","quantile",0.025,488,"COVID-19"
"DE","35-59",2022-11-17,2022-11-09,"-8 day ahead inc hosp","quantile",0.025,1147,"COVID-19"
"DE","60-79",2022-11-17,2022-11-09,"-8 day ahead inc hosp","quantile",0.025,3153,"COVID-19"
"DE","80+",2022-11-17,2022-11-09,"-8 day ahead inc hosp","quantile",0.025,3764,"COVID-19"
"DE-BB","00+",2022-11-17,2022-11-09,"-8 day ahead inc hosp","quantile",0.025,384,"COVID-19"
"DE-BE","00+",2022-11-17,2022-11-09,"-8 day ahead inc hosp","quantile",0.025,335,"COVID-19"
"DE-BW","00+",2022-11-17,2022-11-09,"-8 day ahead inc hosp","quantile",0.025,837,"COVID-19"
"DE-BY","00+",2022-11-17,2022-11-09,"-8 day ahead inc hosp","quantile",0.025,1380,"COVID-19"
"DE-HB","00+",2022-11-17,2022-11-09,"-8 day ahead inc hosp","quantile",0.025,27,"COVID-19"
"DE-HE","00+",2022-11-17,2022-11-09,"-8 day ahead inc hosp","quantile",0.025,527,"COVID-19"
"DE-HH","00+",2022-11-17,2022-11-09,"-8 day ahead inc hosp","quantile",0.025,157,"COVID-19"
"DE-MV","00+",2022-11-17,2022-11-09,"-8 day ahead inc hosp","quantile",0.025,206,"COVID-19"
"DE-NI","00+",2022-11-17,2022-11-09,"-8 day ahead inc hosp","quantile",0.025,554,"COVID-19"
"DE-NW","00+",2022-11-17,2022-11-09,"-8 day ahead inc hosp","quantile",0.025,2407,"COVID-19"
"DE-RP","00+",2022-11-17,2022-11-09,"-8 day ahead inc hosp","quantile",0.025,386,"COVID-19"
"DE-SH","00+",2022-11-17,2022-11-09,"-8 day ahead inc hosp","quantile",0.025,384,"COVID-19"
"DE-SL","00+",2022-11-17,2022-11-09,"-8 day ahead inc hosp","quantile",0.025,99,"COVID-19"
"DE-SN","00+",2022-11-17,2022-11-09,"-8 day ahead inc hosp","quantile",0.025,447,"COVID-19"
"DE-ST","00+",2022-11-17,2022-11-09,"-8 day ahead inc hosp","quantile",0.025,305,"COVID-19"
"DE-TH","00+",2022-11-17,2022-11-09,"-8 day ahead inc hosp","quantile",0.025,264,"COVID-19"
"DE","00-04",2022-11-17,2022-11-09,"-8 day ahead inc hosp","quantile",0.1,167,"COVID-19"
"DE","00+",2022-11-17,2022-11-09,"-8 day ahead inc hosp","quantile",0.1,8865,"COVID-19"
"DE","05-14",2022-11-17,2022-11-09,"-8 day ahead inc hosp","quantile",0.1,55,"COVID-19"
"DE","15-34",2022-11-17,2022-11-09,"-8 day ahead inc hosp","quantile",0.1,493,"COVID-19"
"DE","35-59",2022-11-17,2022-11-09,"-8 day ahead inc hosp","quantile",0.1,1159,"COVID-19"
"DE","60-79",2022-11-17,2022-11-09,"-8 day ahead inc hosp","quantile",0.1,3179,"COVID-19"
"DE","80+",2022-11-17,2022-11-09,"-8 day ahead inc hosp","quantile",0.1,3797,"COVID-19"
"DE-BB","00+",2022-11-17,2022-11-09,"-8 day ahead inc hosp","quantile",0.1,391,"COVID-19"
"DE-BE","00+",2022-11-17,2022-11-09,"-8 day ahead inc hosp","quantile",0.1,342,"COVID-19"
"DE-BW","00+",2022-11-17,2022-11-09,"-8 day ahead inc hosp","quantile",0.1,851,"COVID-19"
"DE-BY","00+",2022-11-17,2022-11-09,"-8 day ahead inc hosp","quantile",0.1,1389,"COVID-19"
"DE-HB","00+",2022-11-17,2022-11-09,"-8 day ahead inc hosp","quantile",0.1,28,"COVID-19"
"DE-HE","00+",2022-11-17,2022-11-09,"-8 day ahead inc hosp","quantile",0.1,534,"COVID-19"
"DE-HH","00+",2022-11-17,2022-11-09,"-8 day ahead inc hosp","quantile",0.1,162,"COVID-19"
"DE-MV","00+",2022-11-17,2022-11-09,"-8 day ahead inc hosp","quantile",0.1,208,"COVID-19"
"DE-NI","00+",2022-11-17,2022-11-09,"-8 day ahead inc hosp","quantile",0.1,564,"COVID-19"
"DE-NW","00+",2022-11-17,2022-11-09,"-8 day ahead inc hosp","quantile",0.1,2437,"COVID-19"
"DE-RP","00+",2022-11-17,2022-11-09,"-8 day ahead inc hosp","quantile",0.1,390,"COVID-19"
"DE-SH","00+",2022-11-17,2022-11-09,"-8 day ahead inc hosp","quantile",0.1,390,"COVID-19"
"DE-SL","00+",2022-11-17,2022-11-09,"-8 day ahead inc hosp","quantile",0.1,100,"COVID-19"
"DE-SN","00+",2022-11-17,2022-11-09,"-8 day ahead inc hosp","quantile",0.1,452,"COVID-19"
"DE-ST","00+",2022-11-17,2022-11-09,"-8 day ahead inc hosp","quantile",0.1,311,"COVID-19"
"DE-TH","00+",2022-11-17,2022-11-09,"-8 day ahead inc hosp","quantile",0.1,266,"COVID-19"
"DE","00-04",2022-11-17,2022-11-09,"-8 day ahead inc hosp","quantile",0.25,170,"COVID-19"
"DE","00+",2022-11-17,2022-11-09,"-8 day ahead inc hosp","quantile",0.25,8953,"COVID-19"
"DE","05-14",2022-11-17,2022-11-09,"-8 day ahead inc hosp","quantile",0.25,57,"COVID-19"
"DE","15-34",2022-11-17,2022-11-09,"-8 day ahead inc hosp","quantile",0.25,499,"COVID-19"
"DE","35-59",2022-11-17,2022-11-09,"-8 day ahead inc hosp","quantile",0.25,1173,"COVID-19"
"DE","60-79",2022-11-17,2022-11-09,"-8 day ahead inc hosp","quantile",0.25,3205,"COVID-19"
"DE","80+",2022-11-17,2022-11-09,"-8 day ahead inc hosp","quantile",0.25,3830,"COVID-19"
"DE-BB","00+",2022-11-17,2022-11-09,"-8 day ahead inc hosp","quantile",0.25,398,"COVID-19"
"DE-BE","00+",2022-11-17,2022-11-09,"-8 day ahead inc hosp","quantile",0.25,350,"COVID-19"
"DE-BW","00+",2022-11-17,2022-11-09,"-8 day ahead inc hosp","quantile",0.25,864,"COVID-19"
"DE-BY","00+",2022-11-17,2022-11-09,"-8 day ahead inc hosp","quantile",0.25,1401,"COVID-19"
"DE-HB","00+",2022-11-17,2022-11-09,"-8 day ahead inc hosp","quantile",0.25,28,"COVID-19"
"DE-HE","00+",2022-11-17,2022-11-09,"-8 day ahead inc hosp","quantile",0.25,543,"COVID-19"
"DE-HH","00+",2022-11-17,2022-11-09,"-8 day ahead inc hosp","quantile",0.25,168,"COVID-19"
"DE-MV","00+",2022-11-17,2022-11-09,"-8 day ahead inc hosp","quantile",0.25,210,"COVID-19"
"DE-NI","00+",2022-11-17,2022-11-09,"-8 day ahead inc hosp","quantile",0.25,575,"COVID-19"
"DE-NW","00+",2022-11-17,2022-11-09,"-8 day ahead inc hosp","quantile",0.25,2468,"COVID-19"
"DE-RP","00+",2022-11-17,2022-11-09,"-8 day ahead inc hosp","quantile",0.25,396,"COVID-19"
"DE-SH","00+",2022-11-17,2022-11-09,"-8 day ahead inc hosp","quantile",0.25,395,"COVID-19"
"DE-SL","00+",2022-11-17,2022-11-09,"-8 day ahead inc hosp","quantile",0.25,102,"COVID-19"
"DE-SN","00+",2022-11-17,2022-11-09,"-8 day ahead inc hosp","quantile",0.25,457,"COVID-19"
"DE-ST","00+",2022-11-17,2022-11-09,"-8 day ahead inc hosp","quantile",0.25,318,"COVID-19"
"DE-TH","00+",2022-11-17,2022-11-09,"-8 day ahead inc hosp","quantile",0.25,269,"COVID-19"
"DE","00-04",2022-11-17,2022-11-09,"-8 day ahead inc hosp","quantile",0.5,174,"COVID-19"
"DE","00+",2022-11-17,2022-11-09,"-8 day ahead inc hosp","quantile",0.5,9044,"COVID-19"
"DE","05-14",2022-11-17,2022-11-09,"-8 day ahead inc hosp","quantile",0.5,59,"COVID-19"
"DE","15-34",2022-11-17,2022-11-09,"-8 day ahead inc hosp","quantile",0.5,510,"COVID-19"
"DE","35-59",2022-11-17,2022-11-09,"-8 day ahead inc hosp","quantile",0.5,1190,"COVID-19"
"DE","60-79",2022-11-17,2022-11-09,"-8 day ahead inc hosp","quantile",0.5,3236,"COVID-19"
"DE","80+",2022-11-17,2022-11-09,"-8 day ahead inc hosp","quantile",0.5,3873,"COVID-19"
"DE-BB","00+",2022-11-17,2022-11-09,"-8 day ahead inc hosp","quantile",0.5,406,"COVID-19"
"DE-BE","00+",2022-11-17,2022-11-09,"-8 day ahead inc hosp","quantile",0.5,360,"COVID-19"
"DE-BW","00+",2022-11-17,2022-11-09,"-8 day ahead inc hosp","quantile",0.5,882,"COVID-19"
"DE-BY","00+",2022-11-17,2022-11-09,"-8 day ahead inc hosp","quantile",0.5,1418,"COVID-19"
"DE-HB","00+",2022-11-17,2022-11-09,"-8 day ahead inc hosp","quantile",0.5,30,"COVID-19"
"DE-HE","00+",2022-11-17,2022-11-09,"-8 day ahead inc hosp","quantile",0.5,553,"COVID-19"
"DE-HH","00+",2022-11-17,2022-11-09,"-8 day ahead inc hosp","quantile",0.5,176,"COVID-19"
"DE-MV","00+",2022-11-17,2022-11-09,"-8 day ahead inc hosp","quantile",0.5,213,"COVID-19"
"DE-NI","00+",2022-11-17,2022-11-09,"-8 day ahead inc hosp","quantile",0.5,594,"COVID-19"
"DE-NW","00+",2022-11-17,2022-11-09,"-8 day ahead inc hosp","quantile",0.5,2509,"COVID-19"
"DE-RP","00+",2022-11-17,2022-11-09,"-8 day ahead inc hosp","quantile",0.5,404,"COVID-19"
"DE-SH","00+",2022-11-17,2022-11-09,"-8 day ahead inc hosp","quantile",0.5,402,"COVID-19"
"DE-SL","00+",2022-11-17,2022-11-09,"-8 day ahead inc hosp","quantile",0.5,105,"COVID-19"
"DE-SN","00+",2022-11-17,2022-11-09,"-8 day ahead inc hosp","quantile",0.5,463,"COVID-19"
"DE-ST","00+",2022-11-17,2022-11-09,"-8 day ahead inc hosp","quantile",0.5,326,"COVID-19"
"DE-TH","00+",2022-11-17,2022-11-09,"-8 day ahead inc hosp","quantile",0.5,272,"COVID-19"
"DE","00-04",2022-11-17,2022-11-09,"-8 day ahead inc hosp","quantile",0.75,178,"COVID-19"
"DE","00+",2022-11-17,2022-11-09,"-8 day ahead inc hosp","quantile",0.75,9152,"COVID-19"
"DE","05-14",2022-11-17,2022-11-09,"-8 day ahead inc hosp","quantile",0.75,62,"COVID-19"
"DE","15-34",2022-11-17,2022-11-09,"-8 day ahead inc hosp","quantile",0.75,520,"COVID-19"
"DE","35-59",2022-11-17,2022-11-09,"-8 day ahead inc hosp","quantile",0.75,1210,"COVID-19"
"DE","60-79",2022-11-17,2022-11-09,"-8 day ahead inc hosp","quantile",0.75,3269,"COVID-19"
"DE","80+",2022-11-17,2022-11-09,"-8 day ahead inc hosp","quantile",0.75,3923,"COVID-19"
"DE-BB","00+",2022-11-17,2022-11-09,"-8 day ahead inc hosp","quantile",0.75,420,"COVID-19"
"DE-BE","00+",2022-11-17,2022-11-09,"-8 day ahead inc hosp","quantile",0.75,376,"COVID-19"
"DE-BW","00+",2022-11-17,2022-11-09,"-8 day ahead inc hosp","quantile",0.75,910,"COVID-19"
"DE-BY","00+",2022-11-17,2022-11-09,"-8 day ahead inc hosp","quantile",0.75,1438,"COVID-19"
"DE-HB","00+",2022-11-17,2022-11-09,"-8 day ahead inc hosp","quantile",0.75,32,"COVID-19"
"DE-HE","00+",2022-11-17,2022-11-09,"-8 day ahead inc hosp","quantile",0.75,567,"COVID-19"
"DE-HH","00+",2022-11-17,2022-11-09,"-8 day ahead inc hosp","quantile",0.75,184,"COVID-19"
"DE-MV","00+",2022-11-17,2022-11-09,"-8 day ahead inc hosp","quantile",0.75,216,"COVID-19"
"DE-NI","00+",2022-11-17,2022-11-09,"-8 day ahead inc hosp","quantile",0.75,620,"COVID-19"
"DE-NW","00+",2022-11-17,2022-11-09,"-8 day ahead inc hosp","quantile",0.75,2566,"COVID-19"
"DE-RP","00+",2022-11-17,2022-11-09,"-8 day ahead inc hosp","quantile",0.75,414,"COVID-19"
"DE-SH","00+",2022-11-17,2022-11-09,"-8 day ahead inc hosp","quantile",0.75,410,"COVID-19"
"DE-SL","00+",2022-11-17,2022-11-09,"-8 day ahead inc hosp","quantile",0.75,109,"COVID-19"
"DE-SN","00+",2022-11-17,2022-11-09,"-8 day ahead inc hosp","quantile",0.75,469,"COVID-19"
"DE-ST","00+",2022-11-17,2022-11-09,"-8 day ahead inc hosp","quantile",0.75,341,"COVID-19"
"DE-TH","00+",2022-11-17,2022-11-09,"-8 day ahead inc hosp","quantile",0.75,276,"COVID-19"
"DE","00-04",2022-11-17,2022-11-09,"-8 day ahead inc hosp","quantile",0.9,182,"COVID-19"
"DE","00+",2022-11-17,2022-11-09,"-8 day ahead inc hosp","quantile",0.9,9253,"COVID-19"
"DE","05-14",2022-11-17,2022-11-09,"-8 day ahead inc hosp","quantile",0.9,67,"COVID-19"
"DE","15-34",2022-11-17,2022-11-09,"-8 day ahead inc hosp","quantile",0.9,531,"COVID-19"
"DE","35-59",2022-11-17,2022-11-09,"-8 day ahead inc hosp","quantile",0.9,1232,"COVID-19"
"DE","60-79",2022-11-17,2022-11-09,"-8 day ahead inc hosp","quantile",0.9,3300,"COVID-19"
"DE","80+",2022-11-17,2022-11-09,"-8 day ahead inc hosp","quantile",0.9,3967,"COVID-19"
"DE-BB","00+",2022-11-17,2022-11-09,"-8 day ahead inc hosp","quantile",0.9,434,"COVID-19"
"DE-BE","00+",2022-11-17,2022-11-09,"-8 day ahead inc hosp","quantile",0.9,392,"COVID-19"
"DE-BW","00+",2022-11-17,2022-11-09,"-8 day ahead inc hosp","quantile",0.9,936,"COVID-19"
"DE-BY","00+",2022-11-17,2022-11-09,"-8 day ahead inc hosp","quantile",0.9,1456,"COVID-19"
"DE-HB","00+",2022-11-17,2022-11-09,"-8 day ahead inc hosp","quantile",0.9,34,"COVID-19"
"DE-HE","00+",2022-11-17,2022-11-09,"-8 day ahead inc hosp","quantile",0.9,581,"COVID-19"
"DE-HH","00+",2022-11-17,2022-11-09,"-8 day ahead inc hosp","quantile",0.9,194,"COVID-19"
"DE-MV","00+",2022-11-17,2022-11-09,"-8 day ahead inc hosp","quantile",0.9,220,"COVID-19"
"DE-NI","00+",2022-11-17,2022-11-09,"-8 day ahead inc hosp","quantile",0.9,646,"COVID-19"
"DE-NW","00+",2022-11-17,2022-11-09,"-8 day ahead inc hosp","quantile",0.9,2621,"COVID-19"
"DE-RP","00+",2022-11-17,2022-11-09,"-8 day ahead inc hosp","quantile",0.9,424,"COVID-19"
"DE-SH","00+",2022-11-17,2022-11-09,"-8 day ahead inc hosp","quantile",0.9,417,"COVID-19"
"DE-SL","00+",2022-11-17,2022-11-09,"-8 day ahead inc hosp","quantile",0.9,124,"COVID-19"
"DE-SN","00+",2022-11-17,2022-11-09,"-8 day ahead inc hosp","quantile",0.9,477,"COVID-19"
"DE-ST","00+",2022-11-17,2022-11-09,"-8 day ahead inc hosp","quantile",0.9,359,"COVID-19"
"DE-TH","00+",2022-11-17,2022-11-09,"-8 day ahead inc hosp","quantile",0.9,279,"COVID-19"
"DE","00-04",2022-11-17,2022-11-09,"-8 day ahead inc hosp","quantile",0.975,192,"COVID-19"
"DE","00+",2022-11-17,2022-11-09,"-8 day ahead inc hosp","quantile",0.975,9384,"COVID-19"
"DE","05-14",2022-11-17,2022-11-09,"-8 day ahead inc hosp","quantile",0.975,76,"COVID-19"
"DE","15-34",2022-11-17,2022-11-09,"-8 day ahead inc hosp","quantile",0.975,545,"COVID-19"
"DE","35-59",2022-11-17,2022-11-09,"-8 day ahead inc hosp","quantile",0.975,1260,"COVID-19"
"DE","60-79",2022-11-17,2022-11-09,"-8 day ahead inc hosp","quantile",0.975,3339,"COVID-19"
"DE","80+",2022-11-17,2022-11-09,"-8 day ahead inc hosp","quantile",0.975,4024,"COVID-19"
"DE-BB","00+",2022-11-17,2022-11-09,"-8 day ahead inc hosp","quantile",0.975,454,"COVID-19"
"DE-BE","00+",2022-11-17,2022-11-09,"-8 day ahead inc hosp","quantile",0.975,420,"COVID-19"
"DE-BW","00+",2022-11-17,2022-11-09,"-8 day ahead inc hosp","quantile",0.975,970,"COVID-19"
"DE-BY","00+",2022-11-17,2022-11-09,"-8 day ahead inc hosp","quantile",0.975,1481,"COVID-19"
"DE-HB","00+",2022-11-17,2022-11-09,"-8 day ahead inc hosp","quantile",0.975,39,"COVID-19"
"DE-HE","00+",2022-11-17,2022-11-09,"-8 day ahead inc hosp","quantile",0.975,602,"COVID-19"
"DE-HH","00+",2022-11-17,2022-11-09,"-8 day ahead inc hosp","quantile",0.975,207,"COVID-19"
"DE-MV","00+",2022-11-17,2022-11-09,"-8 day ahead inc hosp","quantile",0.975,224,"COVID-19"
"DE-NI","00+",2022-11-17,2022-11-09,"-8 day ahead inc hosp","quantile",0.975,683,"COVID-19"
"DE-NW","00+",2022-11-17,2022-11-09,"-8 day ahead inc hosp","quantile",0.975,2693,"COVID-19"
"DE-RP","00+",2022-11-17,2022-11-09,"-8 day ahead inc hosp","quantile",0.975,438,"COVID-19"
"DE-SH","00+",2022-11-17,2022-11-09,"-8 day ahead inc hosp","quantile",0.975,426,"COVID-19"
"DE-SL","00+",2022-11-17,2022-11-09,"-8 day ahead inc hosp","quantile",0.975,129,"COVID-19"
"DE-SN","00+",2022-11-17,2022-11-09,"-8 day ahead inc hosp","quantile",0.975,486,"COVID-19"
"DE-ST","00+",2022-11-17,2022-11-09,"-8 day ahead inc hosp","quantile",0.975,398,"COVID-19"
"DE-TH","00+",2022-11-17,2022-11-09,"-8 day ahead inc hosp","quantile",0.975,285,"COVID-19"
"DE","00-04",2022-11-17,2022-11-10,"-7 day ahead inc hosp","mean",NA,169,"COVID-19"
"DE","00+",2022-11-17,2022-11-10,"-7 day ahead inc hosp","mean",NA,8430,"COVID-19"
"DE","05-14",2022-11-17,2022-11-10,"-7 day ahead inc hosp","mean",NA,53,"COVID-19"
"DE","15-34",2022-11-17,2022-11-10,"-7 day ahead inc hosp","mean",NA,479,"COVID-19"
"DE","35-59",2022-11-17,2022-11-10,"-7 day ahead inc hosp","mean",NA,1078,"COVID-19"
"DE","60-79",2022-11-17,2022-11-10,"-7 day ahead inc hosp","mean",NA,3012,"COVID-19"
"DE","80+",2022-11-17,2022-11-10,"-7 day ahead inc hosp","mean",NA,3601,"COVID-19"
"DE-BB","00+",2022-11-17,2022-11-10,"-7 day ahead inc hosp","mean",NA,394,"COVID-19"
"DE-BE","00+",2022-11-17,2022-11-10,"-7 day ahead inc hosp","mean",NA,344,"COVID-19"
"DE-BW","00+",2022-11-17,2022-11-10,"-7 day ahead inc hosp","mean",NA,815,"COVID-19"
"DE-BY","00+",2022-11-17,2022-11-10,"-7 day ahead inc hosp","mean",NA,1265,"COVID-19"
"DE-HB","00+",2022-11-17,2022-11-10,"-7 day ahead inc hosp","mean",NA,27,"COVID-19"
"DE-HE","00+",2022-11-17,2022-11-10,"-7 day ahead inc hosp","mean",NA,537,"COVID-19"
"DE-HH","00+",2022-11-17,2022-11-10,"-7 day ahead inc hosp","mean",NA,175,"COVID-19"
"DE-MV","00+",2022-11-17,2022-11-10,"-7 day ahead inc hosp","mean",NA,206,"COVID-19"
"DE-NI","00+",2022-11-17,2022-11-10,"-7 day ahead inc hosp","mean",NA,576,"COVID-19"
"DE-NW","00+",2022-11-17,2022-11-10,"-7 day ahead inc hosp","mean",NA,2344,"COVID-19"
"DE-RP","00+",2022-11-17,2022-11-10,"-7 day ahead inc hosp","mean",NA,359,"COVID-19"
"DE-SH","00+",2022-11-17,2022-11-10,"-7 day ahead inc hosp","mean",NA,380,"COVID-19"
"DE-SL","00+",2022-11-17,2022-11-10,"-7 day ahead inc hosp","mean",NA,102,"COVID-19"
"DE-SN","00+",2022-11-17,2022-11-10,"-7 day ahead inc hosp","mean",NA,423,"COVID-19"
"DE-ST","00+",2022-11-17,2022-11-10,"-7 day ahead inc hosp","mean",NA,278,"COVID-19"
"DE-TH","00+",2022-11-17,2022-11-10,"-7 day ahead inc hosp","mean",NA,242,"COVID-19"
"DE","00-04",2022-11-17,2022-11-10,"-7 day ahead inc hosp","quantile",0.025,161,"COVID-19"
"DE","00+",2022-11-17,2022-11-10,"-7 day ahead inc hosp","quantile",0.025,8175,"COVID-19"
"DE","05-14",2022-11-17,2022-11-10,"-7 day ahead inc hosp","quantile",0.025,49,"COVID-19"
"DE","15-34",2022-11-17,2022-11-10,"-7 day ahead inc hosp","quantile",0.025,456,"COVID-19"
"DE","35-59",2022-11-17,2022-11-10,"-7 day ahead inc hosp","quantile",0.025,1035,"COVID-19"
"DE","60-79",2022-11-17,2022-11-10,"-7 day ahead inc hosp","quantile",0.025,2923,"COVID-19"
"DE","80+",2022-11-17,2022-11-10,"-7 day ahead inc hosp","quantile",0.025,3481,"COVID-19"
"DE-BB","00+",2022-11-17,2022-11-10,"-7 day ahead inc hosp","quantile",0.025,372,"COVID-19"
"DE-BE","00+",2022-11-17,2022-11-10,"-7 day ahead inc hosp","quantile",0.025,318,"COVID-19"
"DE-BW","00+",2022-11-17,2022-11-10,"-7 day ahead inc hosp","quantile",0.025,765,"COVID-19"
"DE-BY","00+",2022-11-17,2022-11-10,"-7 day ahead inc hosp","quantile",0.025,1227,"COVID-19"
"DE-HB","00+",2022-11-17,2022-11-10,"-7 day ahead inc hosp","quantile",0.025,24,"COVID-19"
"DE-HE","00+",2022-11-17,2022-11-10,"-7 day ahead inc hosp","quantile",0.025,509,"COVID-19"
"DE-HH","00+",2022-11-17,2022-11-10,"-7 day ahead inc hosp","quantile",0.025,154,"COVID-19"
"DE-MV","00+",2022-11-17,2022-11-10,"-7 day ahead inc hosp","quantile",0.025,198,"COVID-19"
"DE-NI","00+",2022-11-17,2022-11-10,"-7 day ahead inc hosp","quantile",0.025,534,"COVID-19"
"DE-NW","00+",2022-11-17,2022-11-10,"-7 day ahead inc hosp","quantile",0.025,2231,"COVID-19"
"DE-RP","00+",2022-11-17,2022-11-10,"-7 day ahead inc hosp","quantile",0.025,339,"COVID-19"
"DE-SH","00+",2022-11-17,2022-11-10,"-7 day ahead inc hosp","quantile",0.025,360,"COVID-19"
"DE-SL","00+",2022-11-17,2022-11-10,"-7 day ahead inc hosp","quantile",0.025,94,"COVID-19"
"DE-SN","00+",2022-11-17,2022-11-10,"-7 day ahead inc hosp","quantile",0.025,406,"COVID-19"
"DE-ST","00+",2022-11-17,2022-11-10,"-7 day ahead inc hosp","quantile",0.025,258,"COVID-19"
"DE-TH","00+",2022-11-17,2022-11-10,"-7 day ahead inc hosp","quantile",0.025,232,"COVID-19"
"DE","00-04",2022-11-17,2022-11-10,"-7 day ahead inc hosp","quantile",0.1,163,"COVID-19"
"DE","00+",2022-11-17,2022-11-10,"-7 day ahead inc hosp","quantile",0.1,8242,"COVID-19"
"DE","05-14",2022-11-17,2022-11-10,"-7 day ahead inc hosp","quantile",0.1,50,"COVID-19"
"DE","15-34",2022-11-17,2022-11-10,"-7 day ahead inc hosp","quantile",0.1,462,"COVID-19"
"DE","35-59",2022-11-17,2022-11-10,"-7 day ahead inc hosp","quantile",0.1,1047,"COVID-19"
"DE","60-79",2022-11-17,2022-11-10,"-7 day ahead inc hosp","quantile",0.1,2951,"COVID-19"
"DE","80+",2022-11-17,2022-11-10,"-7 day ahead inc hosp","quantile",0.1,3515,"COVID-19"
"DE-BB","00+",2022-11-17,2022-11-10,"-7 day ahead inc hosp","quantile",0.1,379,"COVID-19"
"DE-BE","00+",2022-11-17,2022-11-10,"-7 day ahead inc hosp","quantile",0.1,326,"COVID-19"
"DE-BW","00+",2022-11-17,2022-11-10,"-7 day ahead inc hosp","quantile",0.1,779,"COVID-19"
"DE-BY","00+",2022-11-17,2022-11-10,"-7 day ahead inc hosp","quantile",0.1,1237,"COVID-19"
"DE-HB","00+",2022-11-17,2022-11-10,"-7 day ahead inc hosp","quantile",0.1,25,"COVID-19"
"DE-HE","00+",2022-11-17,2022-11-10,"-7 day ahead inc hosp","quantile",0.1,516,"COVID-19"
"DE-HH","00+",2022-11-17,2022-11-10,"-7 day ahead inc hosp","quantile",0.1,160,"COVID-19"
"DE-MV","00+",2022-11-17,2022-11-10,"-7 day ahead inc hosp","quantile",0.1,200,"COVID-19"
"DE-NI","00+",2022-11-17,2022-11-10,"-7 day ahead inc hosp","quantile",0.1,544,"COVID-19"
"DE-NW","00+",2022-11-17,2022-11-10,"-7 day ahead inc hosp","quantile",0.1,2265,"COVID-19"
"DE-RP","00+",2022-11-17,2022-11-10,"-7 day ahead inc hosp","quantile",0.1,344,"COVID-19"
"DE-SH","00+",2022-11-17,2022-11-10,"-7 day ahead inc hosp","quantile",0.1,366,"COVID-19"
"DE-SL","00+",2022-11-17,2022-11-10,"-7 day ahead inc hosp","quantile",0.1,96,"COVID-19"
"DE-SN","00+",2022-11-17,2022-11-10,"-7 day ahead inc hosp","quantile",0.1,411,"COVID-19"
"DE-ST","00+",2022-11-17,2022-11-10,"-7 day ahead inc hosp","quantile",0.1,263,"COVID-19"
"DE-TH","00+",2022-11-17,2022-11-10,"-7 day ahead inc hosp","quantile",0.1,235,"COVID-19"
"DE","00-04",2022-11-17,2022-11-10,"-7 day ahead inc hosp","quantile",0.25,166,"COVID-19"
"DE","00+",2022-11-17,2022-11-10,"-7 day ahead inc hosp","quantile",0.25,8329,"COVID-19"
"DE","05-14",2022-11-17,2022-11-10,"-7 day ahead inc hosp","quantile",0.25,52,"COVID-19"
"DE","15-34",2022-11-17,2022-11-10,"-7 day ahead inc hosp","quantile",0.25,468,"COVID-19"
"DE","35-59",2022-11-17,2022-11-10,"-7 day ahead inc hosp","quantile",0.25,1060,"COVID-19"
"DE","60-79",2022-11-17,2022-11-10,"-7 day ahead inc hosp","quantile",0.25,2978,"COVID-19"
"DE","80+",2022-11-17,2022-11-10,"-7 day ahead inc hosp","quantile",0.25,3551,"COVID-19"
"DE-BB","00+",2022-11-17,2022-11-10,"-7 day ahead inc hosp","quantile",0.25,386,"COVID-19"
"DE-BE","00+",2022-11-17,2022-11-10,"-7 day ahead inc hosp","quantile",0.25,335,"COVID-19"
"DE-BW","00+",2022-11-17,2022-11-10,"-7 day ahead inc hosp","quantile",0.25,793,"COVID-19"
"DE-BY","00+",2022-11-17,2022-11-10,"-7 day ahead inc hosp","quantile",0.25,1248,"COVID-19"
"DE-HB","00+",2022-11-17,2022-11-10,"-7 day ahead inc hosp","quantile",0.25,26,"COVID-19"
"DE-HE","00+",2022-11-17,2022-11-10,"-7 day ahead inc hosp","quantile",0.25,526,"COVID-19"
"DE-HH","00+",2022-11-17,2022-11-10,"-7 day ahead inc hosp","quantile",0.25,166,"COVID-19"
"DE-MV","00+",2022-11-17,2022-11-10,"-7 day ahead inc hosp","quantile",0.25,202,"COVID-19"
"DE-NI","00+",2022-11-17,2022-11-10,"-7 day ahead inc hosp","quantile",0.25,557,"COVID-19"
"DE-NW","00+",2022-11-17,2022-11-10,"-7 day ahead inc hosp","quantile",0.25,2300,"COVID-19"
"DE-RP","00+",2022-11-17,2022-11-10,"-7 day ahead inc hosp","quantile",0.25,351,"COVID-19"
"DE-SH","00+",2022-11-17,2022-11-10,"-7 day ahead inc hosp","quantile",0.25,372,"COVID-19"
"DE-SL","00+",2022-11-17,2022-11-10,"-7 day ahead inc hosp","quantile",0.25,98,"COVID-19"
"DE-SN","00+",2022-11-17,2022-11-10,"-7 day ahead inc hosp","quantile",0.25,416,"COVID-19"
"DE-ST","00+",2022-11-17,2022-11-10,"-7 day ahead inc hosp","quantile",0.25,270,"COVID-19"
"DE-TH","00+",2022-11-17,2022-11-10,"-7 day ahead inc hosp","quantile",0.25,237,"COVID-19"
"DE","00-04",2022-11-17,2022-11-10,"-7 day ahead inc hosp","quantile",0.5,169,"COVID-19"
"DE","00+",2022-11-17,2022-11-10,"-7 day ahead inc hosp","quantile",0.5,8430,"COVID-19"
"DE","05-14",2022-11-17,2022-11-10,"-7 day ahead inc hosp","quantile",0.5,53,"COVID-19"
"DE","15-34",2022-11-17,2022-11-10,"-7 day ahead inc hosp","quantile",0.5,479,"COVID-19"
"DE","35-59",2022-11-17,2022-11-10,"-7 day ahead inc hosp","quantile",0.5,1076,"COVID-19"
"DE","60-79",2022-11-17,2022-11-10,"-7 day ahead inc hosp","quantile",0.5,3011,"COVID-19"
"DE","80+",2022-11-17,2022-11-10,"-7 day ahead inc hosp","quantile",0.5,3597,"COVID-19"
"DE-BB","00+",2022-11-17,2022-11-10,"-7 day ahead inc hosp","quantile",0.5,396,"COVID-19"
"DE-BE","00+",2022-11-17,2022-11-10,"-7 day ahead inc hosp","quantile",0.5,346,"COVID-19"
"DE-BW","00+",2022-11-17,2022-11-10,"-7 day ahead inc hosp","quantile",0.5,813,"COVID-19"
"DE-BY","00+",2022-11-17,2022-11-10,"-7 day ahead inc hosp","quantile",0.5,1265,"COVID-19"
"DE-HB","00+",2022-11-17,2022-11-10,"-7 day ahead inc hosp","quantile",0.5,27,"COVID-19"
"DE-HE","00+",2022-11-17,2022-11-10,"-7 day ahead inc hosp","quantile",0.5,536,"COVID-19"
"DE-HH","00+",2022-11-17,2022-11-10,"-7 day ahead inc hosp","quantile",0.5,174,"COVID-19"
"DE-MV","00+",2022-11-17,2022-11-10,"-7 day ahead inc hosp","quantile",0.5,206,"COVID-19"
"DE-NI","00+",2022-11-17,2022-11-10,"-7 day ahead inc hosp","quantile",0.5,576,"COVID-19"
"DE-NW","00+",2022-11-17,2022-11-10,"-7 day ahead inc hosp","quantile",0.5,2342,"COVID-19"
"DE-RP","00+",2022-11-17,2022-11-10,"-7 day ahead inc hosp","quantile",0.5,359,"COVID-19"
"DE-SH","00+",2022-11-17,2022-11-10,"-7 day ahead inc hosp","quantile",0.5,379,"COVID-19"
"DE-SL","00+",2022-11-17,2022-11-10,"-7 day ahead inc hosp","quantile",0.5,101,"COVID-19"
"DE-SN","00+",2022-11-17,2022-11-10,"-7 day ahead inc hosp","quantile",0.5,423,"COVID-19"
"DE-ST","00+",2022-11-17,2022-11-10,"-7 day ahead inc hosp","quantile",0.5,278,"COVID-19"
"DE-TH","00+",2022-11-17,2022-11-10,"-7 day ahead inc hosp","quantile",0.5,241,"COVID-19"
"DE","00-04",2022-11-17,2022-11-10,"-7 day ahead inc hosp","quantile",0.75,174,"COVID-19"
"DE","00+",2022-11-17,2022-11-10,"-7 day ahead inc hosp","quantile",0.75,8537,"COVID-19"
"DE","05-14",2022-11-17,2022-11-10,"-7 day ahead inc hosp","quantile",0.75,57,"COVID-19"
"DE","15-34",2022-11-17,2022-11-10,"-7 day ahead inc hosp","quantile",0.75,490,"COVID-19"
"DE","35-59",2022-11-17,2022-11-10,"-7 day ahead inc hosp","quantile",0.75,1096,"COVID-19"
"DE","60-79",2022-11-17,2022-11-10,"-7 day ahead inc hosp","quantile",0.75,3044,"COVID-19"
"DE","80+",2022-11-17,2022-11-10,"-7 day ahead inc hosp","quantile",0.75,3649,"COVID-19"
"DE-BB","00+",2022-11-17,2022-11-10,"-7 day ahead inc hosp","quantile",0.75,410,"COVID-19"
"DE-BE","00+",2022-11-17,2022-11-10,"-7 day ahead inc hosp","quantile",0.75,362,"COVID-19"
"DE-BW","00+",2022-11-17,2022-11-10,"-7 day ahead inc hosp","quantile",0.75,842,"COVID-19"
"DE-BY","00+",2022-11-17,2022-11-10,"-7 day ahead inc hosp","quantile",0.75,1286,"COVID-19"
"DE-HB","00+",2022-11-17,2022-11-10,"-7 day ahead inc hosp","quantile",0.75,28,"COVID-19"
"DE-HE","00+",2022-11-17,2022-11-10,"-7 day ahead inc hosp","quantile",0.75,551,"COVID-19"
"DE-HH","00+",2022-11-17,2022-11-10,"-7 day ahead inc hosp","quantile",0.75,184,"COVID-19"
"DE-MV","00+",2022-11-17,2022-11-10,"-7 day ahead inc hosp","quantile",0.75,209,"COVID-19"
"DE-NI","00+",2022-11-17,2022-11-10,"-7 day ahead inc hosp","quantile",0.75,603,"COVID-19"
"DE-NW","00+",2022-11-17,2022-11-10,"-7 day ahead inc hosp","quantile",0.75,2401,"COVID-19"
"DE-RP","00+",2022-11-17,2022-11-10,"-7 day ahead inc hosp","quantile",0.75,370,"COVID-19"
"DE-SH","00+",2022-11-17,2022-11-10,"-7 day ahead inc hosp","quantile",0.75,388,"COVID-19"
"DE-SL","00+",2022-11-17,2022-11-10,"-7 day ahead inc hosp","quantile",0.75,106,"COVID-19"
"DE-SN","00+",2022-11-17,2022-11-10,"-7 day ahead inc hosp","quantile",0.75,429,"COVID-19"
"DE-ST","00+",2022-11-17,2022-11-10,"-7 day ahead inc hosp","quantile",0.75,293,"COVID-19"
"DE-TH","00+",2022-11-17,2022-11-10,"-7 day ahead inc hosp","quantile",0.75,245,"COVID-19"
"DE","00-04",2022-11-17,2022-11-10,"-7 day ahead inc hosp","quantile",0.9,179,"COVID-19"
"DE","00+",2022-11-17,2022-11-10,"-7 day ahead inc hosp","quantile",0.9,8641,"COVID-19"
"DE","05-14",2022-11-17,2022-11-10,"-7 day ahead inc hosp","quantile",0.9,62,"COVID-19"
"DE","15-34",2022-11-17,2022-11-10,"-7 day ahead inc hosp","quantile",0.9,500,"COVID-19"
"DE","35-59",2022-11-17,2022-11-10,"-7 day ahead inc hosp","quantile",0.9,1116,"COVID-19"
"DE","60-79",2022-11-17,2022-11-10,"-7 day ahead inc hosp","quantile",0.9,3077,"COVID-19"
"DE","80+",2022-11-17,2022-11-10,"-7 day ahead inc hosp","quantile",0.9,3697,"COVID-19"
"DE-BB","00+",2022-11-17,2022-11-10,"-7 day ahead inc hosp","quantile",0.9,425,"COVID-19"
"DE-BE","00+",2022-11-17,2022-11-10,"-7 day ahead inc hosp","quantile",0.9,380,"COVID-19"
"DE-BW","00+",2022-11-17,2022-11-10,"-7 day ahead inc hosp","quantile",0.9,868,"COVID-19"
"DE-BY","00+",2022-11-17,2022-11-10,"-7 day ahead inc hosp","quantile",0.9,1298,"COVID-19"
"DE-HB","00+",2022-11-17,2022-11-10,"-7 day ahead inc hosp","quantile",0.9,32,"COVID-19"
"DE-HE","00+",2022-11-17,2022-11-10,"-7 day ahead inc hosp","quantile",0.9,565,"COVID-19"
"DE-HH","00+",2022-11-17,2022-11-10,"-7 day ahead inc hosp","quantile",0.9,193,"COVID-19"
"DE-MV","00+",2022-11-17,2022-11-10,"-7 day ahead inc hosp","quantile",0.9,213,"COVID-19"
"DE-NI","00+",2022-11-17,2022-11-10,"-7 day ahead inc hosp","quantile",0.9,630,"COVID-19"
"DE-NW","00+",2022-11-17,2022-11-10,"-7 day ahead inc hosp","quantile",0.9,2458,"COVID-19"
"DE-RP","00+",2022-11-17,2022-11-10,"-7 day ahead inc hosp","quantile",0.9,380,"COVID-19"
"DE-SH","00+",2022-11-17,2022-11-10,"-7 day ahead inc hosp","quantile",0.9,395,"COVID-19"
"DE-SL","00+",2022-11-17,2022-11-10,"-7 day ahead inc hosp","quantile",0.9,121,"COVID-19"
"DE-SN","00+",2022-11-17,2022-11-10,"-7 day ahead inc hosp","quantile",0.9,438,"COVID-19"
"DE-ST","00+",2022-11-17,2022-11-10,"-7 day ahead inc hosp","quantile",0.9,310,"COVID-19"
"DE-TH","00+",2022-11-17,2022-11-10,"-7 day ahead inc hosp","quantile",0.9,249,"COVID-19"
"DE","00-04",2022-11-17,2022-11-10,"-7 day ahead inc hosp","quantile",0.975,188,"COVID-19"
"DE","00+",2022-11-17,2022-11-10,"-7 day ahead inc hosp","quantile",0.975,8772,"COVID-19"
"DE","05-14",2022-11-17,2022-11-10,"-7 day ahead inc hosp","quantile",0.975,70,"COVID-19"
"DE","15-34",2022-11-17,2022-11-10,"-7 day ahead inc hosp","quantile",0.975,514,"COVID-19"
"DE","35-59",2022-11-17,2022-11-10,"-7 day ahead inc hosp","quantile",0.975,1142,"COVID-19"
"DE","60-79",2022-11-17,2022-11-10,"-7 day ahead inc hosp","quantile",0.975,3119,"COVID-19"
"DE","80+",2022-11-17,2022-11-10,"-7 day ahead inc hosp","quantile",0.975,3756,"COVID-19"
"DE-BB","00+",2022-11-17,2022-11-10,"-7 day ahead inc hosp","quantile",0.975,447,"COVID-19"
"DE-BE","00+",2022-11-17,2022-11-10,"-7 day ahead inc hosp","quantile",0.975,409,"COVID-19"
"DE-BW","00+",2022-11-17,2022-11-10,"-7 day ahead inc hosp","quantile",0.975,906,"COVID-19"
"DE-BY","00+",2022-11-17,2022-11-10,"-7 day ahead inc hosp","quantile",0.975,1329,"COVID-19"
"DE-HB","00+",2022-11-17,2022-11-10,"-7 day ahead inc hosp","quantile",0.975,36,"COVID-19"
"DE-HE","00+",2022-11-17,2022-11-10,"-7 day ahead inc hosp","quantile",0.975,586,"COVID-19"
"DE-HH","00+",2022-11-17,2022-11-10,"-7 day ahead inc hosp","quantile",0.975,207,"COVID-19"
"DE-MV","00+",2022-11-17,2022-11-10,"-7 day ahead inc hosp","quantile",0.975,218,"COVID-19"
"DE-NI","00+",2022-11-17,2022-11-10,"-7 day ahead inc hosp","quantile",0.975,668,"COVID-19"
"DE-NW","00+",2022-11-17,2022-11-10,"-7 day ahead inc hosp","quantile",0.975,2532,"COVID-19"
"DE-RP","00+",2022-11-17,2022-11-10,"-7 day ahead inc hosp","quantile",0.975,395,"COVID-19"
"DE-SH","00+",2022-11-17,2022-11-10,"-7 day ahead inc hosp","quantile",0.975,404,"COVID-19"
"DE-SL","00+",2022-11-17,2022-11-10,"-7 day ahead inc hosp","quantile",0.975,141,"COVID-19"
"DE-SN","00+",2022-11-17,2022-11-10,"-7 day ahead inc hosp","quantile",0.975,447,"COVID-19"
"DE-ST","00+",2022-11-17,2022-11-10,"-7 day ahead inc hosp","quantile",0.975,344,"COVID-19"
"DE-TH","00+",2022-11-17,2022-11-10,"-7 day ahead inc hosp","quantile",0.975,254,"COVID-19"
"DE","00-04",2022-11-17,2022-11-11,"-6 day ahead inc hosp","mean",NA,161,"COVID-19"
"DE","00+",2022-11-17,2022-11-11,"-6 day ahead inc hosp","mean",NA,8012,"COVID-19"
"DE","05-14",2022-11-17,2022-11-11,"-6 day ahead inc hosp","mean",NA,50,"COVID-19"
"DE","15-34",2022-11-17,2022-11-11,"-6 day ahead inc hosp","mean",NA,442,"COVID-19"
"DE","35-59",2022-11-17,2022-11-11,"-6 day ahead inc hosp","mean",NA,1037,"COVID-19"
"DE","60-79",2022-11-17,2022-11-11,"-6 day ahead inc hosp","mean",NA,2873,"COVID-19"
"DE","80+",2022-11-17,2022-11-11,"-6 day ahead inc hosp","mean",NA,3408,"COVID-19"
"DE-BB","00+",2022-11-17,2022-11-11,"-6 day ahead inc hosp","mean",NA,387,"COVID-19"
"DE-BE","00+",2022-11-17,2022-11-11,"-6 day ahead inc hosp","mean",NA,361,"COVID-19"
"DE-BW","00+",2022-11-17,2022-11-11,"-6 day ahead inc hosp","mean",NA,797,"COVID-19"
"DE-BY","00+",2022-11-17,2022-11-11,"-6 day ahead inc hosp","mean",NA,1251,"COVID-19"
"DE-HB","00+",2022-11-17,2022-11-11,"-6 day ahead inc hosp","mean",NA,26,"COVID-19"
"DE-HE","00+",2022-11-17,2022-11-11,"-6 day ahead inc hosp","mean",NA,505,"COVID-19"
"DE-HH","00+",2022-11-17,2022-11-11,"-6 day ahead inc hosp","mean",NA,152,"COVID-19"
"DE-MV","00+",2022-11-17,2022-11-11,"-6 day ahead inc hosp","mean",NA,190,"COVID-19"
"DE-NI","00+",2022-11-17,2022-11-11,"-6 day ahead inc hosp","mean",NA,539,"COVID-19"
"DE-NW","00+",2022-11-17,2022-11-11,"-6 day ahead inc hosp","mean",NA,2227,"COVID-19"
"DE-RP","00+",2022-11-17,2022-11-11,"-6 day ahead inc hosp","mean",NA,322,"COVID-19"
"DE-SH","00+",2022-11-17,2022-11-11,"-6 day ahead inc hosp","mean",NA,358,"COVID-19"
"DE-SL","00+",2022-11-17,2022-11-11,"-6 day ahead inc hosp","mean",NA,95,"COVID-19"
"DE-SN","00+",2022-11-17,2022-11-11,"-6 day ahead inc hosp","mean",NA,353,"COVID-19"
"DE-ST","00+",2022-11-17,2022-11-11,"-6 day ahead inc hosp","mean",NA,282,"COVID-19"
"DE-TH","00+",2022-11-17,2022-11-11,"-6 day ahead inc hosp","mean",NA,220,"COVID-19"
"DE","00-04",2022-11-17,2022-11-11,"-6 day ahead inc hosp","quantile",0.025,151,"COVID-19"
"DE","00+",2022-11-17,2022-11-11,"-6 day ahead inc hosp","quantile",0.025,7733,"COVID-19"
"DE","05-14",2022-11-17,2022-11-11,"-6 day ahead inc hosp","quantile",0.025,45,"COVID-19"
"DE","15-34",2022-11-17,2022-11-11,"-6 day ahead inc hosp","quantile",0.025,418,"COVID-19"
"DE","35-59",2022-11-17,2022-11-11,"-6 day ahead inc hosp","quantile",0.025,990,"COVID-19"
"DE","60-79",2022-11-17,2022-11-11,"-6 day ahead inc hosp","quantile",0.025,2778,"COVID-19"
"DE","80+",2022-11-17,2022-11-11,"-6 day ahead inc hosp","quantile",0.025,3278,"COVID-19"
"DE-BB","00+",2022-11-17,2022-11-11,"-6 day ahead inc hosp","quantile",0.025,362,"COVID-19"
"DE-BE","00+",2022-11-17,2022-11-11,"-6 day ahead inc hosp","quantile",0.025,331,"COVID-19"
"DE-BW","00+",2022-11-17,2022-11-11,"-6 day ahead inc hosp","quantile",0.025,740,"COVID-19"
"DE-BY","00+",2022-11-17,2022-11-11,"-6 day ahead inc hosp","quantile",0.025,1206,"COVID-19"
"DE-HB","00+",2022-11-17,2022-11-11,"-6 day ahead inc hosp","quantile",0.025,22,"COVID-19"
"DE-HE","00+",2022-11-17,2022-11-11,"-6 day ahead inc hosp","quantile",0.025,475,"COVID-19"
"DE-HH","00+",2022-11-17,2022-11-11,"-6 day ahead inc hosp","quantile",0.025,132,"COVID-19"
"DE-MV","00+",2022-11-17,2022-11-11,"-6 day ahead inc hosp","quantile",0.025,181,"COVID-19"
"DE-NI","00+",2022-11-17,2022-11-11,"-6 day ahead inc hosp","quantile",0.025,496,"COVID-19"
"DE-NW","00+",2022-11-17,2022-11-11,"-6 day ahead inc hosp","quantile",0.025,2105,"COVID-19"
"DE-RP","00+",2022-11-17,2022-11-11,"-6 day ahead inc hosp","quantile",0.025,302,"COVID-19"
"DE-SH","00+",2022-11-17,2022-11-11,"-6 day ahead inc hosp","quantile",0.025,337,"COVID-19"
"DE-SL","00+",2022-11-17,2022-11-11,"-6 day ahead inc hosp","quantile",0.025,87,"COVID-19"
"DE-SN","00+",2022-11-17,2022-11-11,"-6 day ahead inc hosp","quantile",0.025,334,"COVID-19"
"DE-ST","00+",2022-11-17,2022-11-11,"-6 day ahead inc hosp","quantile",0.025,259,"COVID-19"
"DE-TH","00+",2022-11-17,2022-11-11,"-6 day ahead inc hosp","quantile",0.025,210,"COVID-19"
"DE","00-04",2022-11-17,2022-11-11,"-6 day ahead inc hosp","quantile",0.1,154,"COVID-19"
"DE","00+",2022-11-17,2022-11-11,"-6 day ahead inc hosp","quantile",0.1,7814,"COVID-19"
"DE","05-14",2022-11-17,2022-11-11,"-6 day ahead inc hosp","quantile",0.1,46,"COVID-19"
"DE","15-34",2022-11-17,2022-11-11,"-6 day ahead inc hosp","quantile",0.1,424,"COVID-19"
"DE","35-59",2022-11-17,2022-11-11,"-6 day ahead inc hosp","quantile",0.1,1004,"COVID-19"
"DE","60-79",2022-11-17,2022-11-11,"-6 day ahead inc hosp","quantile",0.1,2808,"COVID-19"
"DE","80+",2022-11-17,2022-11-11,"-6 day ahead inc hosp","quantile",0.1,3315,"COVID-19"
"DE-BB","00+",2022-11-17,2022-11-11,"-6 day ahead inc hosp","quantile",0.1,369,"COVID-19"
"DE-BE","00+",2022-11-17,2022-11-11,"-6 day ahead inc hosp","quantile",0.1,340,"COVID-19"
"DE-BW","00+",2022-11-17,2022-11-11,"-6 day ahead inc hosp","quantile",0.1,756,"COVID-19"
"DE-BY","00+",2022-11-17,2022-11-11,"-6 day ahead inc hosp","quantile",0.1,1220,"COVID-19"
"DE-HB","00+",2022-11-17,2022-11-11,"-6 day ahead inc hosp","quantile",0.1,23,"COVID-19"
"DE-HE","00+",2022-11-17,2022-11-11,"-6 day ahead inc hosp","quantile",0.1,483,"COVID-19"
"DE-HH","00+",2022-11-17,2022-11-11,"-6 day ahead inc hosp","quantile",0.1,137,"COVID-19"
"DE-MV","00+",2022-11-17,2022-11-11,"-6 day ahead inc hosp","quantile",0.1,184,"COVID-19"
"DE-NI","00+",2022-11-17,2022-11-11,"-6 day ahead inc hosp","quantile",0.1,507,"COVID-19"
"DE-NW","00+",2022-11-17,2022-11-11,"-6 day ahead inc hosp","quantile",0.1,2146,"COVID-19"
"DE-RP","00+",2022-11-17,2022-11-11,"-6 day ahead inc hosp","quantile",0.1,307,"COVID-19"
"DE-SH","00+",2022-11-17,2022-11-11,"-6 day ahead inc hosp","quantile",0.1,343,"COVID-19"
"DE-SL","00+",2022-11-17,2022-11-11,"-6 day ahead inc hosp","quantile",0.1,89,"COVID-19"
"DE-SN","00+",2022-11-17,2022-11-11,"-6 day ahead inc hosp","quantile",0.1,340,"COVID-19"
"DE-ST","00+",2022-11-17,2022-11-11,"-6 day ahead inc hosp","quantile",0.1,265,"COVID-19"
"DE-TH","00+",2022-11-17,2022-11-11,"-6 day ahead inc hosp","quantile",0.1,212,"COVID-19"
"DE","00-04",2022-11-17,2022-11-11,"-6 day ahead inc hosp","quantile",0.25,157,"COVID-19"
"DE","00+",2022-11-17,2022-11-11,"-6 day ahead inc hosp","quantile",0.25,7903,"COVID-19"
"DE","05-14",2022-11-17,2022-11-11,"-6 day ahead inc hosp","quantile",0.25,47,"COVID-19"
"DE","15-34",2022-11-17,2022-11-11,"-6 day ahead inc hosp","quantile",0.25,432,"COVID-19"
"DE","35-59",2022-11-17,2022-11-11,"-6 day ahead inc hosp","quantile",0.25,1018,"COVID-19"
"DE","60-79",2022-11-17,2022-11-11,"-6 day ahead inc hosp","quantile",0.25,2837,"COVID-19"
"DE","80+",2022-11-17,2022-11-11,"-6 day ahead inc hosp","quantile",0.25,3355,"COVID-19"
"DE-BB","00+",2022-11-17,2022-11-11,"-6 day ahead inc hosp","quantile",0.25,378,"COVID-19"
"DE-BE","00+",2022-11-17,2022-11-11,"-6 day ahead inc hosp","quantile",0.25,349,"COVID-19"
"DE-BW","00+",2022-11-17,2022-11-11,"-6 day ahead inc hosp","quantile",0.25,772,"COVID-19"
"DE-BY","00+",2022-11-17,2022-11-11,"-6 day ahead inc hosp","quantile",0.25,1233,"COVID-19"
"DE-HB","00+",2022-11-17,2022-11-11,"-6 day ahead inc hosp","quantile",0.25,24,"COVID-19"
"DE-HE","00+",2022-11-17,2022-11-11,"-6 day ahead inc hosp","quantile",0.25,492,"COVID-19"
"DE-HH","00+",2022-11-17,2022-11-11,"-6 day ahead inc hosp","quantile",0.25,143,"COVID-19"
"DE-MV","00+",2022-11-17,2022-11-11,"-6 day ahead inc hosp","quantile",0.25,187,"COVID-19"
"DE-NI","00+",2022-11-17,2022-11-11,"-6 day ahead inc hosp","quantile",0.25,519,"COVID-19"
"DE-NW","00+",2022-11-17,2022-11-11,"-6 day ahead inc hosp","quantile",0.25,2181,"COVID-19"
"DE-RP","00+",2022-11-17,2022-11-11,"-6 day ahead inc hosp","quantile",0.25,314,"COVID-19"
"DE-SH","00+",2022-11-17,2022-11-11,"-6 day ahead inc hosp","quantile",0.25,350,"COVID-19"
"DE-SL","00+",2022-11-17,2022-11-11,"-6 day ahead inc hosp","quantile",0.25,90,"COVID-19"
"DE-SN","00+",2022-11-17,2022-11-11,"-6 day ahead inc hosp","quantile",0.25,345,"COVID-19"
"DE-ST","00+",2022-11-17,2022-11-11,"-6 day ahead inc hosp","quantile",0.25,272,"COVID-19"
"DE-TH","00+",2022-11-17,2022-11-11,"-6 day ahead inc hosp","quantile",0.25,215,"COVID-19"
"DE","00-04",2022-11-17,2022-11-11,"-6 day ahead inc hosp","quantile",0.5,161,"COVID-19"
"DE","00+",2022-11-17,2022-11-11,"-6 day ahead inc hosp","quantile",0.5,8011,"COVID-19"
"DE","05-14",2022-11-17,2022-11-11,"-6 day ahead inc hosp","quantile",0.5,50,"COVID-19"
"DE","15-34",2022-11-17,2022-11-11,"-6 day ahead inc hosp","quantile",0.5,442,"COVID-19"
"DE","35-59",2022-11-17,2022-11-11,"-6 day ahead inc hosp","quantile",0.5,1035,"COVID-19"
"DE","60-79",2022-11-17,2022-11-11,"-6 day ahead inc hosp","quantile",0.5,2872,"COVID-19"
"DE","80+",2022-11-17,2022-11-11,"-6 day ahead inc hosp","quantile",0.5,3403,"COVID-19"
"DE-BB","00+",2022-11-17,2022-11-11,"-6 day ahead inc hosp","quantile",0.5,388,"COVID-19"
"DE-BE","00+",2022-11-17,2022-11-11,"-6 day ahead inc hosp","quantile",0.5,363,"COVID-19"
"DE-BW","00+",2022-11-17,2022-11-11,"-6 day ahead inc hosp","quantile",0.5,795,"COVID-19"
"DE-BY","00+",2022-11-17,2022-11-11,"-6 day ahead inc hosp","quantile",0.5,1250,"COVID-19"
"DE-HB","00+",2022-11-17,2022-11-11,"-6 day ahead inc hosp","quantile",0.5,25,"COVID-19"
"DE-HE","00+",2022-11-17,2022-11-11,"-6 day ahead inc hosp","quantile",0.5,504,"COVID-19"
"DE-HH","00+",2022-11-17,2022-11-11,"-6 day ahead inc hosp","quantile",0.5,150,"COVID-19"
"DE-MV","00+",2022-11-17,2022-11-11,"-6 day ahead inc hosp","quantile",0.5,190,"COVID-19"
"DE-NI","00+",2022-11-17,2022-11-11,"-6 day ahead inc hosp","quantile",0.5,539,"COVID-19"
"DE-NW","00+",2022-11-17,2022-11-11,"-6 day ahead inc hosp","quantile",0.5,2225,"COVID-19"
"DE-RP","00+",2022-11-17,2022-11-11,"-6 day ahead inc hosp","quantile",0.5,322,"COVID-19"
"DE-SH","00+",2022-11-17,2022-11-11,"-6 day ahead inc hosp","quantile",0.5,357,"COVID-19"
"DE-SL","00+",2022-11-17,2022-11-11,"-6 day ahead inc hosp","quantile",0.5,94,"COVID-19"
"DE-SN","00+",2022-11-17,2022-11-11,"-6 day ahead inc hosp","quantile",0.5,352,"COVID-19"
"DE-ST","00+",2022-11-17,2022-11-11,"-6 day ahead inc hosp","quantile",0.5,282,"COVID-19"
"DE-TH","00+",2022-11-17,2022-11-11,"-6 day ahead inc hosp","quantile",0.5,219,"COVID-19"
"DE","00-04",2022-11-17,2022-11-11,"-6 day ahead inc hosp","quantile",0.75,166,"COVID-19"
"DE","00+",2022-11-17,2022-11-11,"-6 day ahead inc hosp","quantile",0.75,8128,"COVID-19"
"DE","05-14",2022-11-17,2022-11-11,"-6 day ahead inc hosp","quantile",0.75,53,"COVID-19"
"DE","15-34",2022-11-17,2022-11-11,"-6 day ahead inc hosp","quantile",0.75,452,"COVID-19"
"DE","35-59",2022-11-17,2022-11-11,"-6 day ahead inc hosp","quantile",0.75,1055,"COVID-19"
"DE","60-79",2022-11-17,2022-11-11,"-6 day ahead inc hosp","quantile",0.75,2908,"COVID-19"
"DE","80+",2022-11-17,2022-11-11,"-6 day ahead inc hosp","quantile",0.75,3459,"COVID-19"
"DE-BB","00+",2022-11-17,2022-11-11,"-6 day ahead inc hosp","quantile",0.75,404,"COVID-19"
"DE-BE","00+",2022-11-17,2022-11-11,"-6 day ahead inc hosp","quantile",0.75,383,"COVID-19"
"DE-BW","00+",2022-11-17,2022-11-11,"-6 day ahead inc hosp","quantile",0.75,827,"COVID-19"
"DE-BY","00+",2022-11-17,2022-11-11,"-6 day ahead inc hosp","quantile",0.75,1274,"COVID-19"
"DE-HB","00+",2022-11-17,2022-11-11,"-6 day ahead inc hosp","quantile",0.75,28,"COVID-19"
"DE-HE","00+",2022-11-17,2022-11-11,"-6 day ahead inc hosp","quantile",0.75,520,"COVID-19"
"DE-HH","00+",2022-11-17,2022-11-11,"-6 day ahead inc hosp","quantile",0.75,160,"COVID-19"
"DE-MV","00+",2022-11-17,2022-11-11,"-6 day ahead inc hosp","quantile",0.75,194,"COVID-19"
"DE-NI","00+",2022-11-17,2022-11-11,"-6 day ahead inc hosp","quantile",0.75,567,"COVID-19"
"DE-NW","00+",2022-11-17,2022-11-11,"-6 day ahead inc hosp","quantile",0.75,2286,"COVID-19"
"DE-RP","00+",2022-11-17,2022-11-11,"-6 day ahead inc hosp","quantile",0.75,333,"COVID-19"
"DE-SH","00+",2022-11-17,2022-11-11,"-6 day ahead inc hosp","quantile",0.75,366,"COVID-19"
"DE-SL","00+",2022-11-17,2022-11-11,"-6 day ahead inc hosp","quantile",0.75,100,"COVID-19"
"DE-SN","00+",2022-11-17,2022-11-11,"-6 day ahead inc hosp","quantile",0.75,360,"COVID-19"
"DE-ST","00+",2022-11-17,2022-11-11,"-6 day ahead inc hosp","quantile",0.75,299,"COVID-19"
"DE-TH","00+",2022-11-17,2022-11-11,"-6 day ahead inc hosp","quantile",0.75,224,"COVID-19"
"DE","00-04",2022-11-17,2022-11-11,"-6 day ahead inc hosp","quantile",0.9,170,"COVID-19"
"DE","00+",2022-11-17,2022-11-11,"-6 day ahead inc hosp","quantile",0.9,8238,"COVID-19"
"DE","05-14",2022-11-17,2022-11-11,"-6 day ahead inc hosp","quantile",0.9,58,"COVID-19"
"DE","15-34",2022-11-17,2022-11-11,"-6 day ahead inc hosp","quantile",0.9,464,"COVID-19"
"DE","35-59",2022-11-17,2022-11-11,"-6 day ahead inc hosp","quantile",0.9,1075,"COVID-19"
"DE","60-79",2022-11-17,2022-11-11,"-6 day ahead inc hosp","quantile",0.9,2943,"COVID-19"
"DE","80+",2022-11-17,2022-11-11,"-6 day ahead inc hosp","quantile",0.9,3511,"COVID-19"
"DE-BB","00+",2022-11-17,2022-11-11,"-6 day ahead inc hosp","quantile",0.9,420,"COVID-19"
"DE-BE","00+",2022-11-17,2022-11-11,"-6 day ahead inc hosp","quantile",0.9,403,"COVID-19"
"DE-BW","00+",2022-11-17,2022-11-11,"-6 day ahead inc hosp","quantile",0.9,857,"COVID-19"
"DE-BY","00+",2022-11-17,2022-11-11,"-6 day ahead inc hosp","quantile",0.9,1288,"COVID-19"
"DE-HB","00+",2022-11-17,2022-11-11,"-6 day ahead inc hosp","quantile",0.9,31,"COVID-19"
"DE-HE","00+",2022-11-17,2022-11-11,"-6 day ahead inc hosp","quantile",0.9,534,"COVID-19"
"DE-HH","00+",2022-11-17,2022-11-11,"-6 day ahead inc hosp","quantile",0.9,170,"COVID-19"
"DE-MV","00+",2022-11-17,2022-11-11,"-6 day ahead inc hosp","quantile",0.9,198,"COVID-19"
"DE-NI","00+",2022-11-17,2022-11-11,"-6 day ahead inc hosp","quantile",0.9,593,"COVID-19"
"DE-NW","00+",2022-11-17,2022-11-11,"-6 day ahead inc hosp","quantile",0.9,2346,"COVID-19"
"DE-RP","00+",2022-11-17,2022-11-11,"-6 day ahead inc hosp","quantile",0.9,345,"COVID-19"
"DE-SH","00+",2022-11-17,2022-11-11,"-6 day ahead inc hosp","quantile",0.9,374,"COVID-19"
"DE-SL","00+",2022-11-17,2022-11-11,"-6 day ahead inc hosp","quantile",0.9,115,"COVID-19"
"DE-SN","00+",2022-11-17,2022-11-11,"-6 day ahead inc hosp","quantile",0.9,370,"COVID-19"
"DE-ST","00+",2022-11-17,2022-11-11,"-6 day ahead inc hosp","quantile",0.9,318,"COVID-19"
"DE-TH","00+",2022-11-17,2022-11-11,"-6 day ahead inc hosp","quantile",0.9,229,"COVID-19"
"DE","00-04",2022-11-17,2022-11-11,"-6 day ahead inc hosp","quantile",0.975,179,"COVID-19"
"DE","00+",2022-11-17,2022-11-11,"-6 day ahead inc hosp","quantile",0.975,8366,"COVID-19"
"DE","05-14",2022-11-17,2022-11-11,"-6 day ahead inc hosp","quantile",0.975,66,"COVID-19"
"DE","15-34",2022-11-17,2022-11-11,"-6 day ahead inc hosp","quantile",0.975,476,"COVID-19"
"DE","35-59",2022-11-17,2022-11-11,"-6 day ahead inc hosp","quantile",0.975,1101,"COVID-19"
"DE","60-79",2022-11-17,2022-11-11,"-6 day ahead inc hosp","quantile",0.975,2984,"COVID-19"
"DE","80+",2022-11-17,2022-11-11,"-6 day ahead inc hosp","quantile",0.975,3574,"COVID-19"
"DE-BB","00+",2022-11-17,2022-11-11,"-6 day ahead inc hosp","quantile",0.975,442,"COVID-19"
"DE-BE","00+",2022-11-17,2022-11-11,"-6 day ahead inc hosp","quantile",0.975,437,"COVID-19"
"DE-BW","00+",2022-11-17,2022-11-11,"-6 day ahead inc hosp","quantile",0.975,900,"COVID-19"
"DE-BY","00+",2022-11-17,2022-11-11,"-6 day ahead inc hosp","quantile",0.975,1311,"COVID-19"
"DE-HB","00+",2022-11-17,2022-11-11,"-6 day ahead inc hosp","quantile",0.975,35,"COVID-19"
"DE-HE","00+",2022-11-17,2022-11-11,"-6 day ahead inc hosp","quantile",0.975,554,"COVID-19"
"DE-HH","00+",2022-11-17,2022-11-11,"-6 day ahead inc hosp","quantile",0.975,183,"COVID-19"
"DE-MV","00+",2022-11-17,2022-11-11,"-6 day ahead inc hosp","quantile",0.975,203,"COVID-19"
"DE-NI","00+",2022-11-17,2022-11-11,"-6 day ahead inc hosp","quantile",0.975,632,"COVID-19"
"DE-NW","00+",2022-11-17,2022-11-11,"-6 day ahead inc hosp","quantile",0.975,2421,"COVID-19"
"DE-RP","00+",2022-11-17,2022-11-11,"-6 day ahead inc hosp","quantile",0.975,359,"COVID-19"
"DE-SH","00+",2022-11-17,2022-11-11,"-6 day ahead inc hosp","quantile",0.975,384,"COVID-19"
"DE-SL","00+",2022-11-17,2022-11-11,"-6 day ahead inc hosp","quantile",0.975,135,"COVID-19"
"DE-SN","00+",2022-11-17,2022-11-11,"-6 day ahead inc hosp","quantile",0.975,380,"COVID-19"
"DE-ST","00+",2022-11-17,2022-11-11,"-6 day ahead inc hosp","quantile",0.975,354,"COVID-19"
"DE-TH","00+",2022-11-17,2022-11-11,"-6 day ahead inc hosp","quantile",0.975,235,"COVID-19"
"DE","00-04",2022-11-17,2022-11-12,"-5 day ahead inc hosp","mean",NA,145,"COVID-19"
"DE","00+",2022-11-17,2022-11-12,"-5 day ahead inc hosp","mean",NA,7830,"COVID-19"
"DE","05-14",2022-11-17,2022-11-12,"-5 day ahead inc hosp","mean",NA,42,"COVID-19"
"DE","15-34",2022-11-17,2022-11-12,"-5 day ahead inc hosp","mean",NA,418,"COVID-19"
"DE","35-59",2022-11-17,2022-11-12,"-5 day ahead inc hosp","mean",NA,1021,"COVID-19"
"DE","60-79",2022-11-17,2022-11-12,"-5 day ahead inc hosp","mean",NA,2826,"COVID-19"
"DE","80+",2022-11-17,2022-11-12,"-5 day ahead inc hosp","mean",NA,3359,"COVID-19"
"DE-BB","00+",2022-11-17,2022-11-12,"-5 day ahead inc hosp","mean",NA,392,"COVID-19"
"DE-BE","00+",2022-11-17,2022-11-12,"-5 day ahead inc hosp","mean",NA,389,"COVID-19"
"DE-BW","00+",2022-11-17,2022-11-12,"-5 day ahead inc hosp","mean",NA,774,"COVID-19"
"DE-BY","00+",2022-11-17,2022-11-12,"-5 day ahead inc hosp","mean",NA,1241,"COVID-19"
"DE-HB","00+",2022-11-17,2022-11-12,"-5 day ahead inc hosp","mean",NA,25,"COVID-19"
"DE-HE","00+",2022-11-17,2022-11-12,"-5 day ahead inc hosp","mean",NA,507,"COVID-19"
"DE-HH","00+",2022-11-17,2022-11-12,"-5 day ahead inc hosp","mean",NA,144,"COVID-19"
"DE-MV","00+",2022-11-17,2022-11-12,"-5 day ahead inc hosp","mean",NA,187,"COVID-19"
"DE-NI","00+",2022-11-17,2022-11-12,"-5 day ahead inc hosp","mean",NA,521,"COVID-19"
"DE-NW","00+",2022-11-17,2022-11-12,"-5 day ahead inc hosp","mean",NA,2143,"COVID-19"
"DE-RP","00+",2022-11-17,2022-11-12,"-5 day ahead inc hosp","mean",NA,326,"COVID-19"
"DE-SH","00+",2022-11-17,2022-11-12,"-5 day ahead inc hosp","mean",NA,356,"COVID-19"
"DE-SL","00+",2022-11-17,2022-11-12,"-5 day ahead inc hosp","mean",NA,91,"COVID-19"
"DE-SN","00+",2022-11-17,2022-11-12,"-5 day ahead inc hosp","mean",NA,349,"COVID-19"
"DE-ST","00+",2022-11-17,2022-11-12,"-5 day ahead inc hosp","mean",NA,255,"COVID-19"
"DE-TH","00+",2022-11-17,2022-11-12,"-5 day ahead inc hosp","mean",NA,218,"COVID-19"
"DE","00-04",2022-11-17,2022-11-12,"-5 day ahead inc hosp","quantile",0.025,135,"COVID-19"
"DE","00+",2022-11-17,2022-11-12,"-5 day ahead inc hosp","quantile",0.025,7509,"COVID-19"
"DE","05-14",2022-11-17,2022-11-12,"-5 day ahead inc hosp","quantile",0.025,37,"COVID-19"
"DE","15-34",2022-11-17,2022-11-12,"-5 day ahead inc hosp","quantile",0.025,392,"COVID-19"
"DE","35-59",2022-11-17,2022-11-12,"-5 day ahead inc hosp","quantile",0.025,969,"COVID-19"
"DE","60-79",2022-11-17,2022-11-12,"-5 day ahead inc hosp","quantile",0.025,2714,"COVID-19"
"DE","80+",2022-11-17,2022-11-12,"-5 day ahead inc hosp","quantile",0.025,3212,"COVID-19"
"DE-BB","00+",2022-11-17,2022-11-12,"-5 day ahead inc hosp","quantile",0.025,363,"COVID-19"
"DE-BE","00+",2022-11-17,2022-11-12,"-5 day ahead inc hosp","quantile",0.025,351,"COVID-19"
"DE-BW","00+",2022-11-17,2022-11-12,"-5 day ahead inc hosp","quantile",0.025,708,"COVID-19"
"DE-BY","00+",2022-11-17,2022-11-12,"-5 day ahead inc hosp","quantile",0.025,1188,"COVID-19"
"DE-HB","00+",2022-11-17,2022-11-12,"-5 day ahead inc hosp","quantile",0.025,20,"COVID-19"
"DE-HE","00+",2022-11-17,2022-11-12,"-5 day ahead inc hosp","quantile",0.025,474,"COVID-19"
"DE-HH","00+",2022-11-17,2022-11-12,"-5 day ahead inc hosp","quantile",0.025,122,"COVID-19"
"DE-MV","00+",2022-11-17,2022-11-12,"-5 day ahead inc hosp","quantile",0.025,177,"COVID-19"
"DE-NI","00+",2022-11-17,2022-11-12,"-5 day ahead inc hosp","quantile",0.025,476,"COVID-19"
"DE-NW","00+",2022-11-17,2022-11-12,"-5 day ahead inc hosp","quantile",0.025,2000,"COVID-19"
"DE-RP","00+",2022-11-17,2022-11-12,"-5 day ahead inc hosp","quantile",0.025,301,"COVID-19"
"DE-SH","00+",2022-11-17,2022-11-12,"-5 day ahead inc hosp","quantile",0.025,334,"COVID-19"
"DE-SL","00+",2022-11-17,2022-11-12,"-5 day ahead inc hosp","quantile",0.025,82,"COVID-19"
"DE-SN","00+",2022-11-17,2022-11-12,"-5 day ahead inc hosp","quantile",0.025,326,"COVID-19"
"DE-ST","00+",2022-11-17,2022-11-12,"-5 day ahead inc hosp","quantile",0.025,232,"COVID-19"
"DE-TH","00+",2022-11-17,2022-11-12,"-5 day ahead inc hosp","quantile",0.025,206,"COVID-19"
"DE","00-04",2022-11-17,2022-11-12,"-5 day ahead inc hosp","quantile",0.1,138,"COVID-19"
"DE","00+",2022-11-17,2022-11-12,"-5 day ahead inc hosp","quantile",0.1,7606,"COVID-19"
"DE","05-14",2022-11-17,2022-11-12,"-5 day ahead inc hosp","quantile",0.1,38,"COVID-19"
"DE","15-34",2022-11-17,2022-11-12,"-5 day ahead inc hosp","quantile",0.1,399,"COVID-19"
"DE","35-59",2022-11-17,2022-11-12,"-5 day ahead inc hosp","quantile",0.1,984,"COVID-19"
"DE","60-79",2022-11-17,2022-11-12,"-5 day ahead inc hosp","quantile",0.1,2749,"COVID-19"
"DE","80+",2022-11-17,2022-11-12,"-5 day ahead inc hosp","quantile",0.1,3254,"COVID-19"
"DE-BB","00+",2022-11-17,2022-11-12,"-5 day ahead inc hosp","quantile",0.1,372,"COVID-19"
"DE-BE","00+",2022-11-17,2022-11-12,"-5 day ahead inc hosp","quantile",0.1,363,"COVID-19"
"DE-BW","00+",2022-11-17,2022-11-12,"-5 day ahead inc hosp","quantile",0.1,725,"COVID-19"
"DE-BY","00+",2022-11-17,2022-11-12,"-5 day ahead inc hosp","quantile",0.1,1204,"COVID-19"
"DE-HB","00+",2022-11-17,2022-11-12,"-5 day ahead inc hosp","quantile",0.1,21,"COVID-19"
"DE-HE","00+",2022-11-17,2022-11-12,"-5 day ahead inc hosp","quantile",0.1,483,"COVID-19"
"DE-HH","00+",2022-11-17,2022-11-12,"-5 day ahead inc hosp","quantile",0.1,127,"COVID-19"
"DE-MV","00+",2022-11-17,2022-11-12,"-5 day ahead inc hosp","quantile",0.1,180,"COVID-19"
"DE-NI","00+",2022-11-17,2022-11-12,"-5 day ahead inc hosp","quantile",0.1,487,"COVID-19"
"DE-NW","00+",2022-11-17,2022-11-12,"-5 day ahead inc hosp","quantile",0.1,2055,"COVID-19"
"DE-RP","00+",2022-11-17,2022-11-12,"-5 day ahead inc hosp","quantile",0.1,308,"COVID-19"
"DE-SH","00+",2022-11-17,2022-11-12,"-5 day ahead inc hosp","quantile",0.1,340,"COVID-19"
"DE-SL","00+",2022-11-17,2022-11-12,"-5 day ahead inc hosp","quantile",0.1,84,"COVID-19"
"DE-SN","00+",2022-11-17,2022-11-12,"-5 day ahead inc hosp","quantile",0.1,332,"COVID-19"
"DE-ST","00+",2022-11-17,2022-11-12,"-5 day ahead inc hosp","quantile",0.1,237,"COVID-19"
"DE-TH","00+",2022-11-17,2022-11-12,"-5 day ahead inc hosp","quantile",0.1,209,"COVID-19"
"DE","00-04",2022-11-17,2022-11-12,"-5 day ahead inc hosp","quantile",0.25,141,"COVID-19"
"DE","00+",2022-11-17,2022-11-12,"-5 day ahead inc hosp","quantile",0.25,7702,"COVID-19"
"DE","05-14",2022-11-17,2022-11-12,"-5 day ahead inc hosp","quantile",0.25,40,"COVID-19"
"DE","15-34",2022-11-17,2022-11-12,"-5 day ahead inc hosp","quantile",0.25,408,"COVID-19"
"DE","35-59",2022-11-17,2022-11-12,"-5 day ahead inc hosp","quantile",0.25,1000,"COVID-19"
"DE","60-79",2022-11-17,2022-11-12,"-5 day ahead inc hosp","quantile",0.25,2783,"COVID-19"
"DE","80+",2022-11-17,2022-11-12,"-5 day ahead inc hosp","quantile",0.25,3299,"COVID-19"
"DE-BB","00+",2022-11-17,2022-11-12,"-5 day ahead inc hosp","quantile",0.25,381,"COVID-19"
"DE-BE","00+",2022-11-17,2022-11-12,"-5 day ahead inc hosp","quantile",0.25,374,"COVID-19"
"DE-BW","00+",2022-11-17,2022-11-12,"-5 day ahead inc hosp","quantile",0.25,746,"COVID-19"
"DE-BY","00+",2022-11-17,2022-11-12,"-5 day ahead inc hosp","quantile",0.25,1221,"COVID-19"
"DE-HB","00+",2022-11-17,2022-11-12,"-5 day ahead inc hosp","quantile",0.25,22,"COVID-19"
"DE-HE","00+",2022-11-17,2022-11-12,"-5 day ahead inc hosp","quantile",0.25,493,"COVID-19"
"DE-HH","00+",2022-11-17,2022-11-12,"-5 day ahead inc hosp","quantile",0.25,135,"COVID-19"
"DE-MV","00+",2022-11-17,2022-11-12,"-5 day ahead inc hosp","quantile",0.25,183,"COVID-19"
"DE-NI","00+",2022-11-17,2022-11-12,"-5 day ahead inc hosp","quantile",0.25,499,"COVID-19"
"DE-NW","00+",2022-11-17,2022-11-12,"-5 day ahead inc hosp","quantile",0.25,2093,"COVID-19"
"DE-RP","00+",2022-11-17,2022-11-12,"-5 day ahead inc hosp","quantile",0.25,316,"COVID-19"
"DE-SH","00+",2022-11-17,2022-11-12,"-5 day ahead inc hosp","quantile",0.25,347,"COVID-19"
"DE-SL","00+",2022-11-17,2022-11-12,"-5 day ahead inc hosp","quantile",0.25,86,"COVID-19"
"DE-SN","00+",2022-11-17,2022-11-12,"-5 day ahead inc hosp","quantile",0.25,339,"COVID-19"
"DE-ST","00+",2022-11-17,2022-11-12,"-5 day ahead inc hosp","quantile",0.25,245,"COVID-19"
"DE-TH","00+",2022-11-17,2022-11-12,"-5 day ahead inc hosp","quantile",0.25,213,"COVID-19"
"DE","00-04",2022-11-17,2022-11-12,"-5 day ahead inc hosp","quantile",0.5,146,"COVID-19"
"DE","00+",2022-11-17,2022-11-12,"-5 day ahead inc hosp","quantile",0.5,7826,"COVID-19"
"DE","05-14",2022-11-17,2022-11-12,"-5 day ahead inc hosp","quantile",0.5,42,"COVID-19"
"DE","15-34",2022-11-17,2022-11-12,"-5 day ahead inc hosp","quantile",0.5,418,"COVID-19"
"DE","35-59",2022-11-17,2022-11-12,"-5 day ahead inc hosp","quantile",0.5,1019,"COVID-19"
"DE","60-79",2022-11-17,2022-11-12,"-5 day ahead inc hosp","quantile",0.5,2824,"COVID-19"
"DE","80+",2022-11-17,2022-11-12,"-5 day ahead inc hosp","quantile",0.5,3353,"COVID-19"
"DE-BB","00+",2022-11-17,2022-11-12,"-5 day ahead inc hosp","quantile",0.5,393,"COVID-19"
"DE-BE","00+",2022-11-17,2022-11-12,"-5 day ahead inc hosp","quantile",0.5,390,"COVID-19"
"DE-BW","00+",2022-11-17,2022-11-12,"-5 day ahead inc hosp","quantile",0.5,771,"COVID-19"
"DE-BY","00+",2022-11-17,2022-11-12,"-5 day ahead inc hosp","quantile",0.5,1240,"COVID-19"
"DE-HB","00+",2022-11-17,2022-11-12,"-5 day ahead inc hosp","quantile",0.5,24,"COVID-19"
"DE-HE","00+",2022-11-17,2022-11-12,"-5 day ahead inc hosp","quantile",0.5,507,"COVID-19"
"DE-HH","00+",2022-11-17,2022-11-12,"-5 day ahead inc hosp","quantile",0.5,142,"COVID-19"
"DE-MV","00+",2022-11-17,2022-11-12,"-5 day ahead inc hosp","quantile",0.5,187,"COVID-19"
"DE-NI","00+",2022-11-17,2022-11-12,"-5 day ahead inc hosp","quantile",0.5,520,"COVID-19"
"DE-NW","00+",2022-11-17,2022-11-12,"-5 day ahead inc hosp","quantile",0.5,2141,"COVID-19"
"DE-RP","00+",2022-11-17,2022-11-12,"-5 day ahead inc hosp","quantile",0.5,326,"COVID-19"
"DE-SH","00+",2022-11-17,2022-11-12,"-5 day ahead inc hosp","quantile",0.5,356,"COVID-19"
"DE-SL","00+",2022-11-17,2022-11-12,"-5 day ahead inc hosp","quantile",0.5,90,"COVID-19"
"DE-SN","00+",2022-11-17,2022-11-12,"-5 day ahead inc hosp","quantile",0.5,347,"COVID-19"
"DE-ST","00+",2022-11-17,2022-11-12,"-5 day ahead inc hosp","quantile",0.5,255,"COVID-19"
"DE-TH","00+",2022-11-17,2022-11-12,"-5 day ahead inc hosp","quantile",0.5,217,"COVID-19"
"DE","00-04",2022-11-17,2022-11-12,"-5 day ahead inc hosp","quantile",0.75,150,"COVID-19"
"DE","00+",2022-11-17,2022-11-12,"-5 day ahead inc hosp","quantile",0.75,7965,"COVID-19"
"DE","05-14",2022-11-17,2022-11-12,"-5 day ahead inc hosp","quantile",0.75,45,"COVID-19"
"DE","15-34",2022-11-17,2022-11-12,"-5 day ahead inc hosp","quantile",0.75,429,"COVID-19"
"DE","35-59",2022-11-17,2022-11-12,"-5 day ahead inc hosp","quantile",0.75,1042,"COVID-19"
"DE","60-79",2022-11-17,2022-11-12,"-5 day ahead inc hosp","quantile",0.75,2868,"COVID-19"
"DE","80+",2022-11-17,2022-11-12,"-5 day ahead inc hosp","quantile",0.75,3415,"COVID-19"
"DE-BB","00+",2022-11-17,2022-11-12,"-5 day ahead inc hosp","quantile",0.75,412,"COVID-19"
"DE-BE","00+",2022-11-17,2022-11-12,"-5 day ahead inc hosp","quantile",0.75,416,"COVID-19"
"DE-BW","00+",2022-11-17,2022-11-12,"-5 day ahead inc hosp","quantile",0.75,807,"COVID-19"
"DE-BY","00+",2022-11-17,2022-11-12,"-5 day ahead inc hosp","quantile",0.75,1268,"COVID-19"
"DE-HB","00+",2022-11-17,2022-11-12,"-5 day ahead inc hosp","quantile",0.75,26,"COVID-19"
"DE-HE","00+",2022-11-17,2022-11-12,"-5 day ahead inc hosp","quantile",0.75,524,"COVID-19"
"DE-HH","00+",2022-11-17,2022-11-12,"-5 day ahead inc hosp","quantile",0.75,152,"COVID-19"
"DE-MV","00+",2022-11-17,2022-11-12,"-5 day ahead inc hosp","quantile",0.75,192,"COVID-19"
"DE-NI","00+",2022-11-17,2022-11-12,"-5 day ahead inc hosp","quantile",0.75,548,"COVID-19"
"DE-NW","00+",2022-11-17,2022-11-12,"-5 day ahead inc hosp","quantile",0.75,2207,"COVID-19"
"DE-RP","00+",2022-11-17,2022-11-12,"-5 day ahead inc hosp","quantile",0.75,338,"COVID-19"
"DE-SH","00+",2022-11-17,2022-11-12,"-5 day ahead inc hosp","quantile",0.75,365,"COVID-19"
"DE-SL","00+",2022-11-17,2022-11-12,"-5 day ahead inc hosp","quantile",0.75,98,"COVID-19"
"DE-SN","00+",2022-11-17,2022-11-12,"-5 day ahead inc hosp","quantile",0.75,357,"COVID-19"
"DE-ST","00+",2022-11-17,2022-11-12,"-5 day ahead inc hosp","quantile",0.75,271,"COVID-19"
"DE-TH","00+",2022-11-17,2022-11-12,"-5 day ahead inc hosp","quantile",0.75,222,"COVID-19"
"DE","00-04",2022-11-17,2022-11-12,"-5 day ahead inc hosp","quantile",0.9,155,"COVID-19"
"DE","00+",2022-11-17,2022-11-12,"-5 day ahead inc hosp","quantile",0.9,8081,"COVID-19"
"DE","05-14",2022-11-17,2022-11-12,"-5 day ahead inc hosp","quantile",0.9,49,"COVID-19"
"DE","15-34",2022-11-17,2022-11-12,"-5 day ahead inc hosp","quantile",0.9,441,"COVID-19"
"DE","35-59",2022-11-17,2022-11-12,"-5 day ahead inc hosp","quantile",0.9,1064,"COVID-19"
"DE","60-79",2022-11-17,2022-11-12,"-5 day ahead inc hosp","quantile",0.9,2911,"COVID-19"
"DE","80+",2022-11-17,2022-11-12,"-5 day ahead inc hosp","quantile",0.9,3475,"COVID-19"
"DE-BB","00+",2022-11-17,2022-11-12,"-5 day ahead inc hosp","quantile",0.9,431,"COVID-19"
"DE-BE","00+",2022-11-17,2022-11-12,"-5 day ahead inc hosp","quantile",0.9,442,"COVID-19"
"DE-BW","00+",2022-11-17,2022-11-12,"-5 day ahead inc hosp","quantile",0.9,841,"COVID-19"
"DE-BY","00+",2022-11-17,2022-11-12,"-5 day ahead inc hosp","quantile",0.9,1285,"COVID-19"
"DE-HB","00+",2022-11-17,2022-11-12,"-5 day ahead inc hosp","quantile",0.9,30,"COVID-19"
"DE-HE","00+",2022-11-17,2022-11-12,"-5 day ahead inc hosp","quantile",0.9,540,"COVID-19"
"DE-HH","00+",2022-11-17,2022-11-12,"-5 day ahead inc hosp","quantile",0.9,164,"COVID-19"
"DE-MV","00+",2022-11-17,2022-11-12,"-5 day ahead inc hosp","quantile",0.9,196,"COVID-19"
"DE-NI","00+",2022-11-17,2022-11-12,"-5 day ahead inc hosp","quantile",0.9,577,"COVID-19"
"DE-NW","00+",2022-11-17,2022-11-12,"-5 day ahead inc hosp","quantile",0.9,2255,"COVID-19"
"DE-RP","00+",2022-11-17,2022-11-12,"-5 day ahead inc hosp","quantile",0.9,351,"COVID-19"
"DE-SH","00+",2022-11-17,2022-11-12,"-5 day ahead inc hosp","quantile",0.9,374,"COVID-19"
"DE-SL","00+",2022-11-17,2022-11-12,"-5 day ahead inc hosp","quantile",0.9,111,"COVID-19"
"DE-SN","00+",2022-11-17,2022-11-12,"-5 day ahead inc hosp","quantile",0.9,370,"COVID-19"
"DE-ST","00+",2022-11-17,2022-11-12,"-5 day ahead inc hosp","quantile",0.9,289,"COVID-19"
"DE-TH","00+",2022-11-17,2022-11-12,"-5 day ahead inc hosp","quantile",0.9,228,"COVID-19"
"DE","00-04",2022-11-17,2022-11-12,"-5 day ahead inc hosp","quantile",0.975,163,"COVID-19"
"DE","00+",2022-11-17,2022-11-12,"-5 day ahead inc hosp","quantile",0.975,8228,"COVID-19"
"DE","05-14",2022-11-17,2022-11-12,"-5 day ahead inc hosp","quantile",0.975,56,"COVID-19"
"DE","15-34",2022-11-17,2022-11-12,"-5 day ahead inc hosp","quantile",0.975,453,"COVID-19"
"DE","35-59",2022-11-17,2022-11-12,"-5 day ahead inc hosp","quantile",0.975,1090,"COVID-19"
"DE","60-79",2022-11-17,2022-11-12,"-5 day ahead inc hosp","quantile",0.975,2957,"COVID-19"
"DE","80+",2022-11-17,2022-11-12,"-5 day ahead inc hosp","quantile",0.975,3546,"COVID-19"
"DE-BB","00+",2022-11-17,2022-11-12,"-5 day ahead inc hosp","quantile",0.975,457,"COVID-19"
"DE-BE","00+",2022-11-17,2022-11-12,"-5 day ahead inc hosp","quantile",0.975,485,"COVID-19"
"DE-BW","00+",2022-11-17,2022-11-12,"-5 day ahead inc hosp","quantile",0.975,894,"COVID-19"
"DE-BY","00+",2022-11-17,2022-11-12,"-5 day ahead inc hosp","quantile",0.975,1313,"COVID-19"
"DE-HB","00+",2022-11-17,2022-11-12,"-5 day ahead inc hosp","quantile",0.975,34,"COVID-19"
"DE-HE","00+",2022-11-17,2022-11-12,"-5 day ahead inc hosp","quantile",0.975,563,"COVID-19"
"DE-HH","00+",2022-11-17,2022-11-12,"-5 day ahead inc hosp","quantile",0.975,177,"COVID-19"
"DE-MV","00+",2022-11-17,2022-11-12,"-5 day ahead inc hosp","quantile",0.975,202,"COVID-19"
"DE-NI","00+",2022-11-17,2022-11-12,"-5 day ahead inc hosp","quantile",0.975,615,"COVID-19"
"DE-NW","00+",2022-11-17,2022-11-12,"-5 day ahead inc hosp","quantile",0.975,2361,"COVID-19"
"DE-RP","00+",2022-11-17,2022-11-12,"-5 day ahead inc hosp","quantile",0.975,368,"COVID-19"
"DE-SH","00+",2022-11-17,2022-11-12,"-5 day ahead inc hosp","quantile",0.975,385,"COVID-19"
"DE-SL","00+",2022-11-17,2022-11-12,"-5 day ahead inc hosp","quantile",0.975,118,"COVID-19"
"DE-SN","00+",2022-11-17,2022-11-12,"-5 day ahead inc hosp","quantile",0.975,383,"COVID-19"
"DE-ST","00+",2022-11-17,2022-11-12,"-5 day ahead inc hosp","quantile",0.975,322,"COVID-19"
"DE-TH","00+",2022-11-17,2022-11-12,"-5 day ahead inc hosp","quantile",0.975,235,"COVID-19"
"DE","00-04",2022-11-17,2022-11-13,"-4 day ahead inc hosp","mean",NA,145,"COVID-19"
"DE","00+",2022-11-17,2022-11-13,"-4 day ahead inc hosp","mean",NA,7742,"COVID-19"
"DE","05-14",2022-11-17,2022-11-13,"-4 day ahead inc hosp","mean",NA,41,"COVID-19"
"DE","15-34",2022-11-17,2022-11-13,"-4 day ahead inc hosp","mean",NA,403,"COVID-19"
"DE","35-59",2022-11-17,2022-11-13,"-4 day ahead inc hosp","mean",NA,1012,"COVID-19"
"DE","60-79",2022-11-17,2022-11-13,"-4 day ahead inc hosp","mean",NA,2791,"COVID-19"
"DE","80+",2022-11-17,2022-11-13,"-4 day ahead inc hosp","mean",NA,3341,"COVID-19"
"DE-BB","00+",2022-11-17,2022-11-13,"-4 day ahead inc hosp","mean",NA,387,"COVID-19"
"DE-BE","00+",2022-11-17,2022-11-13,"-4 day ahead inc hosp","mean",NA,386,"COVID-19"
"DE-BW","00+",2022-11-17,2022-11-13,"-4 day ahead inc hosp","mean",NA,771,"COVID-19"
"DE-BY","00+",2022-11-17,2022-11-13,"-4 day ahead inc hosp","mean",NA,1225,"COVID-19"
"DE-HB","00+",2022-11-17,2022-11-13,"-4 day ahead inc hosp","mean",NA,25,"COVID-19"
"DE-HE","00+",2022-11-17,2022-11-13,"-4 day ahead inc hosp","mean",NA,502,"COVID-19"
"DE-HH","00+",2022-11-17,2022-11-13,"-4 day ahead inc hosp","mean",NA,138,"COVID-19"
"DE-MV","00+",2022-11-17,2022-11-13,"-4 day ahead inc hosp","mean",NA,187,"COVID-19"
"DE-NI","00+",2022-11-17,2022-11-13,"-4 day ahead inc hosp","mean",NA,523,"COVID-19"
"DE-NW","00+",2022-11-17,2022-11-13,"-4 day ahead inc hosp","mean",NA,2136,"COVID-19"
"DE-RP","00+",2022-11-17,2022-11-13,"-4 day ahead inc hosp","mean",NA,325,"COVID-19"
"DE-SH","00+",2022-11-17,2022-11-13,"-4 day ahead inc hosp","mean",NA,358,"COVID-19"
"DE-SL","00+",2022-11-17,2022-11-13,"-4 day ahead inc hosp","mean",NA,91,"COVID-19"
"DE-SN","00+",2022-11-17,2022-11-13,"-4 day ahead inc hosp","mean",NA,335,"COVID-19"
"DE-ST","00+",2022-11-17,2022-11-13,"-4 day ahead inc hosp","mean",NA,255,"COVID-19"
"DE-TH","00+",2022-11-17,2022-11-13,"-4 day ahead inc hosp","mean",NA,212,"COVID-19"
"DE","00-04",2022-11-17,2022-11-13,"-4 day ahead inc hosp","quantile",0.025,134,"COVID-19"
"DE","00+",2022-11-17,2022-11-13,"-4 day ahead inc hosp","quantile",0.025,7396,"COVID-19"
"DE","05-14",2022-11-17,2022-11-13,"-4 day ahead inc hosp","quantile",0.025,36,"COVID-19"
"DE","15-34",2022-11-17,2022-11-13,"-4 day ahead inc hosp","quantile",0.025,377,"COVID-19"
"DE","35-59",2022-11-17,2022-11-13,"-4 day ahead inc hosp","quantile",0.025,956,"COVID-19"
"DE","60-79",2022-11-17,2022-11-13,"-4 day ahead inc hosp","quantile",0.025,2667,"COVID-19"
"DE","80+",2022-11-17,2022-11-13,"-4 day ahead inc hosp","quantile",0.025,3185,"COVID-19"
"DE-BB","00+",2022-11-17,2022-11-13,"-4 day ahead inc hosp","quantile",0.025,358,"COVID-19"
"DE-BE","00+",2022-11-17,2022-11-13,"-4 day ahead inc hosp","quantile",0.025,348,"COVID-19"
"DE-BW","00+",2022-11-17,2022-11-13,"-4 day ahead inc hosp","quantile",0.025,701,"COVID-19"
"DE-BY","00+",2022-11-17,2022-11-13,"-4 day ahead inc hosp","quantile",0.025,1166,"COVID-19"
"DE-HB","00+",2022-11-17,2022-11-13,"-4 day ahead inc hosp","quantile",0.025,21,"COVID-19"
"DE-HE","00+",2022-11-17,2022-11-13,"-4 day ahead inc hosp","quantile",0.025,466,"COVID-19"
"DE-HH","00+",2022-11-17,2022-11-13,"-4 day ahead inc hosp","quantile",0.025,116,"COVID-19"
"DE-MV","00+",2022-11-17,2022-11-13,"-4 day ahead inc hosp","quantile",0.025,177,"COVID-19"
"DE-NI","00+",2022-11-17,2022-11-13,"-4 day ahead inc hosp","quantile",0.025,478,"COVID-19"
"DE-NW","00+",2022-11-17,2022-11-13,"-4 day ahead inc hosp","quantile",0.025,1975,"COVID-19"
"DE-RP","00+",2022-11-17,2022-11-13,"-4 day ahead inc hosp","quantile",0.025,300,"COVID-19"
"DE-SH","00+",2022-11-17,2022-11-13,"-4 day ahead inc hosp","quantile",0.025,334,"COVID-19"
"DE-SL","00+",2022-11-17,2022-11-13,"-4 day ahead inc hosp","quantile",0.025,82,"COVID-19"
"DE-SN","00+",2022-11-17,2022-11-13,"-4 day ahead inc hosp","quantile",0.025,309,"COVID-19"
"DE-ST","00+",2022-11-17,2022-11-13,"-4 day ahead inc hosp","quantile",0.025,232,"COVID-19"
"DE-TH","00+",2022-11-17,2022-11-13,"-4 day ahead inc hosp","quantile",0.025,198,"COVID-19"
"DE","00-04",2022-11-17,2022-11-13,"-4 day ahead inc hosp","quantile",0.1,137,"COVID-19"
"DE","00+",2022-11-17,2022-11-13,"-4 day ahead inc hosp","quantile",0.1,7497,"COVID-19"
"DE","05-14",2022-11-17,2022-11-13,"-4 day ahead inc hosp","quantile",0.1,37,"COVID-19"
"DE","15-34",2022-11-17,2022-11-13,"-4 day ahead inc hosp","quantile",0.1,383,"COVID-19"
"DE","35-59",2022-11-17,2022-11-13,"-4 day ahead inc hosp","quantile",0.1,974,"COVID-19"
"DE","60-79",2022-11-17,2022-11-13,"-4 day ahead inc hosp","quantile",0.1,2707,"COVID-19"
"DE","80+",2022-11-17,2022-11-13,"-4 day ahead inc hosp","quantile",0.1,3231,"COVID-19"
"DE-BB","00+",2022-11-17,2022-11-13,"-4 day ahead inc hosp","quantile",0.1,366,"COVID-19"
"DE-BE","00+",2022-11-17,2022-11-13,"-4 day ahead inc hosp","quantile",0.1,358,"COVID-19"
"DE-BW","00+",2022-11-17,2022-11-13,"-4 day ahead inc hosp","quantile",0.1,717,"COVID-19"
"DE-BY","00+",2022-11-17,2022-11-13,"-4 day ahead inc hosp","quantile",0.1,1185,"COVID-19"
"DE-HB","00+",2022-11-17,2022-11-13,"-4 day ahead inc hosp","quantile",0.1,21,"COVID-19"
"DE-HE","00+",2022-11-17,2022-11-13,"-4 day ahead inc hosp","quantile",0.1,477,"COVID-19"
"DE-HH","00+",2022-11-17,2022-11-13,"-4 day ahead inc hosp","quantile",0.1,122,"COVID-19"
"DE-MV","00+",2022-11-17,2022-11-13,"-4 day ahead inc hosp","quantile",0.1,180,"COVID-19"
"DE-NI","00+",2022-11-17,2022-11-13,"-4 day ahead inc hosp","quantile",0.1,489,"COVID-19"
"DE-NW","00+",2022-11-17,2022-11-13,"-4 day ahead inc hosp","quantile",0.1,2038,"COVID-19"
"DE-RP","00+",2022-11-17,2022-11-13,"-4 day ahead inc hosp","quantile",0.1,307,"COVID-19"
"DE-SH","00+",2022-11-17,2022-11-13,"-4 day ahead inc hosp","quantile",0.1,341,"COVID-19"
"DE-SL","00+",2022-11-17,2022-11-13,"-4 day ahead inc hosp","quantile",0.1,84,"COVID-19"
"DE-SN","00+",2022-11-17,2022-11-13,"-4 day ahead inc hosp","quantile",0.1,315,"COVID-19"
"DE-ST","00+",2022-11-17,2022-11-13,"-4 day ahead inc hosp","quantile",0.1,238,"COVID-19"
"DE-TH","00+",2022-11-17,2022-11-13,"-4 day ahead inc hosp","quantile",0.1,202,"COVID-19"
"DE","00-04",2022-11-17,2022-11-13,"-4 day ahead inc hosp","quantile",0.25,140,"COVID-19"
"DE","00+",2022-11-17,2022-11-13,"-4 day ahead inc hosp","quantile",0.25,7602,"COVID-19"
"DE","05-14",2022-11-17,2022-11-13,"-4 day ahead inc hosp","quantile",0.25,39,"COVID-19"
"DE","15-34",2022-11-17,2022-11-13,"-4 day ahead inc hosp","quantile",0.25,392,"COVID-19"
"DE","35-59",2022-11-17,2022-11-13,"-4 day ahead inc hosp","quantile",0.25,990,"COVID-19"
"DE","60-79",2022-11-17,2022-11-13,"-4 day ahead inc hosp","quantile",0.25,2743,"COVID-19"
"DE","80+",2022-11-17,2022-11-13,"-4 day ahead inc hosp","quantile",0.25,3279,"COVID-19"
"DE-BB","00+",2022-11-17,2022-11-13,"-4 day ahead inc hosp","quantile",0.25,376,"COVID-19"
"DE-BE","00+",2022-11-17,2022-11-13,"-4 day ahead inc hosp","quantile",0.25,372,"COVID-19"
"DE-BW","00+",2022-11-17,2022-11-13,"-4 day ahead inc hosp","quantile",0.25,741,"COVID-19"
"DE-BY","00+",2022-11-17,2022-11-13,"-4 day ahead inc hosp","quantile",0.25,1202,"COVID-19"
"DE-HB","00+",2022-11-17,2022-11-13,"-4 day ahead inc hosp","quantile",0.25,22,"COVID-19"
"DE-HE","00+",2022-11-17,2022-11-13,"-4 day ahead inc hosp","quantile",0.25,486,"COVID-19"
"DE-HH","00+",2022-11-17,2022-11-13,"-4 day ahead inc hosp","quantile",0.25,128,"COVID-19"
"DE-MV","00+",2022-11-17,2022-11-13,"-4 day ahead inc hosp","quantile",0.25,183,"COVID-19"
"DE-NI","00+",2022-11-17,2022-11-13,"-4 day ahead inc hosp","quantile",0.25,502,"COVID-19"
"DE-NW","00+",2022-11-17,2022-11-13,"-4 day ahead inc hosp","quantile",0.25,2080,"COVID-19"
"DE-RP","00+",2022-11-17,2022-11-13,"-4 day ahead inc hosp","quantile",0.25,315,"COVID-19"
"DE-SH","00+",2022-11-17,2022-11-13,"-4 day ahead inc hosp","quantile",0.25,349,"COVID-19"
"DE-SL","00+",2022-11-17,2022-11-13,"-4 day ahead inc hosp","quantile",0.25,86,"COVID-19"
"DE-SN","00+",2022-11-17,2022-11-13,"-4 day ahead inc hosp","quantile",0.25,323,"COVID-19"
"DE-ST","00+",2022-11-17,2022-11-13,"-4 day ahead inc hosp","quantile",0.25,246,"COVID-19"
"DE-TH","00+",2022-11-17,2022-11-13,"-4 day ahead inc hosp","quantile",0.25,206,"COVID-19"
"DE","00-04",2022-11-17,2022-11-13,"-4 day ahead inc hosp","quantile",0.5,145,"COVID-19"
"DE","00+",2022-11-17,2022-11-13,"-4 day ahead inc hosp","quantile",0.5,7734,"COVID-19"
"DE","05-14",2022-11-17,2022-11-13,"-4 day ahead inc hosp","quantile",0.5,41,"COVID-19"
"DE","15-34",2022-11-17,2022-11-13,"-4 day ahead inc hosp","quantile",0.5,402,"COVID-19"
"DE","35-59",2022-11-17,2022-11-13,"-4 day ahead inc hosp","quantile",0.5,1010,"COVID-19"
"DE","60-79",2022-11-17,2022-11-13,"-4 day ahead inc hosp","quantile",0.5,2787,"COVID-19"
"DE","80+",2022-11-17,2022-11-13,"-4 day ahead inc hosp","quantile",0.5,3335,"COVID-19"
"DE-BB","00+",2022-11-17,2022-11-13,"-4 day ahead inc hosp","quantile",0.5,388,"COVID-19"
"DE-BE","00+",2022-11-17,2022-11-13,"-4 day ahead inc hosp","quantile",0.5,387,"COVID-19"
"DE-BW","00+",2022-11-17,2022-11-13,"-4 day ahead inc hosp","quantile",0.5,768,"COVID-19"
"DE-BY","00+",2022-11-17,2022-11-13,"-4 day ahead inc hosp","quantile",0.5,1224,"COVID-19"
"DE-HB","00+",2022-11-17,2022-11-13,"-4 day ahead inc hosp","quantile",0.5,24,"COVID-19"
"DE-HE","00+",2022-11-17,2022-11-13,"-4 day ahead inc hosp","quantile",0.5,502,"COVID-19"
"DE-HH","00+",2022-11-17,2022-11-13,"-4 day ahead inc hosp","quantile",0.5,137,"COVID-19"
"DE-MV","00+",2022-11-17,2022-11-13,"-4 day ahead inc hosp","quantile",0.5,187,"COVID-19"
"DE-NI","00+",2022-11-17,2022-11-13,"-4 day ahead inc hosp","quantile",0.5,523,"COVID-19"
"DE-NW","00+",2022-11-17,2022-11-13,"-4 day ahead inc hosp","quantile",0.5,2133,"COVID-19"
"DE-RP","00+",2022-11-17,2022-11-13,"-4 day ahead inc hosp","quantile",0.5,325,"COVID-19"
"DE-SH","00+",2022-11-17,2022-11-13,"-4 day ahead inc hosp","quantile",0.5,358,"COVID-19"
"DE-SL","00+",2022-11-17,2022-11-13,"-4 day ahead inc hosp","quantile",0.5,90,"COVID-19"
"DE-SN","00+",2022-11-17,2022-11-13,"-4 day ahead inc hosp","quantile",0.5,332,"COVID-19"
"DE-ST","00+",2022-11-17,2022-11-13,"-4 day ahead inc hosp","quantile",0.5,255,"COVID-19"
"DE-TH","00+",2022-11-17,2022-11-13,"-4 day ahead inc hosp","quantile",0.5,211,"COVID-19"
"DE","00-04",2022-11-17,2022-11-13,"-4 day ahead inc hosp","quantile",0.75,150,"COVID-19"
"DE","00+",2022-11-17,2022-11-13,"-4 day ahead inc hosp","quantile",0.75,7889,"COVID-19"
"DE","05-14",2022-11-17,2022-11-13,"-4 day ahead inc hosp","quantile",0.75,44,"COVID-19"
"DE","15-34",2022-11-17,2022-11-13,"-4 day ahead inc hosp","quantile",0.75,414,"COVID-19"
"DE","35-59",2022-11-17,2022-11-13,"-4 day ahead inc hosp","quantile",0.75,1035,"COVID-19"
"DE","60-79",2022-11-17,2022-11-13,"-4 day ahead inc hosp","quantile",0.75,2836,"COVID-19"
"DE","80+",2022-11-17,2022-11-13,"-4 day ahead inc hosp","quantile",0.75,3398,"COVID-19"
"DE-BB","00+",2022-11-17,2022-11-13,"-4 day ahead inc hosp","quantile",0.75,407,"COVID-19"
"DE-BE","00+",2022-11-17,2022-11-13,"-4 day ahead inc hosp","quantile",0.75,413,"COVID-19"
"DE-BW","00+",2022-11-17,2022-11-13,"-4 day ahead inc hosp","quantile",0.75,807,"COVID-19"
"DE-BY","00+",2022-11-17,2022-11-13,"-4 day ahead inc hosp","quantile",0.75,1254,"COVID-19"
"DE-HB","00+",2022-11-17,2022-11-13,"-4 day ahead inc hosp","quantile",0.75,27,"COVID-19"
"DE-HE","00+",2022-11-17,2022-11-13,"-4 day ahead inc hosp","quantile",0.75,520,"COVID-19"
"DE-HH","00+",2022-11-17,2022-11-13,"-4 day ahead inc hosp","quantile",0.75,147,"COVID-19"
"DE-MV","00+",2022-11-17,2022-11-13,"-4 day ahead inc hosp","quantile",0.75,192,"COVID-19"
"DE-NI","00+",2022-11-17,2022-11-13,"-4 day ahead inc hosp","quantile",0.75,552,"COVID-19"
"DE-NW","00+",2022-11-17,2022-11-13,"-4 day ahead inc hosp","quantile",0.75,2205,"COVID-19"
"DE-RP","00+",2022-11-17,2022-11-13,"-4 day ahead inc hosp","quantile",0.75,338,"COVID-19"
"DE-SH","00+",2022-11-17,2022-11-13,"-4 day ahead inc hosp","quantile",0.75,368,"COVID-19"
"DE-SL","00+",2022-11-17,2022-11-13,"-4 day ahead inc hosp","quantile",0.75,98,"COVID-19"
"DE-SN","00+",2022-11-17,2022-11-13,"-4 day ahead inc hosp","quantile",0.75,344,"COVID-19"
"DE-ST","00+",2022-11-17,2022-11-13,"-4 day ahead inc hosp","quantile",0.75,272,"COVID-19"
"DE-TH","00+",2022-11-17,2022-11-13,"-4 day ahead inc hosp","quantile",0.75,216,"COVID-19"
"DE","00-04",2022-11-17,2022-11-13,"-4 day ahead inc hosp","quantile",0.9,156,"COVID-19"
"DE","00+",2022-11-17,2022-11-13,"-4 day ahead inc hosp","quantile",0.9,8024,"COVID-19"
"DE","05-14",2022-11-17,2022-11-13,"-4 day ahead inc hosp","quantile",0.9,48,"COVID-19"
"DE","15-34",2022-11-17,2022-11-13,"-4 day ahead inc hosp","quantile",0.9,425,"COVID-19"
"DE","35-59",2022-11-17,2022-11-13,"-4 day ahead inc hosp","quantile",0.9,1057,"COVID-19"
"DE","60-79",2022-11-17,2022-11-13,"-4 day ahead inc hosp","quantile",0.9,2885,"COVID-19"
"DE","80+",2022-11-17,2022-11-13,"-4 day ahead inc hosp","quantile",0.9,3463,"COVID-19"
"DE-BB","00+",2022-11-17,2022-11-13,"-4 day ahead inc hosp","quantile",0.9,426,"COVID-19"
"DE-BE","00+",2022-11-17,2022-11-13,"-4 day ahead inc hosp","quantile",0.9,439,"COVID-19"
"DE-BW","00+",2022-11-17,2022-11-13,"-4 day ahead inc hosp","quantile",0.9,844,"COVID-19"
"DE-BY","00+",2022-11-17,2022-11-13,"-4 day ahead inc hosp","quantile",0.9,1273,"COVID-19"
"DE-HB","00+",2022-11-17,2022-11-13,"-4 day ahead inc hosp","quantile",0.9,30,"COVID-19"
"DE-HE","00+",2022-11-17,2022-11-13,"-4 day ahead inc hosp","quantile",0.9,537,"COVID-19"
"DE-HH","00+",2022-11-17,2022-11-13,"-4 day ahead inc hosp","quantile",0.9,158,"COVID-19"
"DE-MV","00+",2022-11-17,2022-11-13,"-4 day ahead inc hosp","quantile",0.9,196,"COVID-19"
"DE-NI","00+",2022-11-17,2022-11-13,"-4 day ahead inc hosp","quantile",0.9,581,"COVID-19"
"DE-NW","00+",2022-11-17,2022-11-13,"-4 day ahead inc hosp","quantile",0.9,2262,"COVID-19"
"DE-RP","00+",2022-11-17,2022-11-13,"-4 day ahead inc hosp","quantile",0.9,351,"COVID-19"
"DE-SH","00+",2022-11-17,2022-11-13,"-4 day ahead inc hosp","quantile",0.9,377,"COVID-19"
"DE-SL","00+",2022-11-17,2022-11-13,"-4 day ahead inc hosp","quantile",0.9,112,"COVID-19"
"DE-SN","00+",2022-11-17,2022-11-13,"-4 day ahead inc hosp","quantile",0.9,357,"COVID-19"
"DE-ST","00+",2022-11-17,2022-11-13,"-4 day ahead inc hosp","quantile",0.9,291,"COVID-19"
"DE-TH","00+",2022-11-17,2022-11-13,"-4 day ahead inc hosp","quantile",0.9,222,"COVID-19"
"DE","00-04",2022-11-17,2022-11-13,"-4 day ahead inc hosp","quantile",0.975,163,"COVID-19"
"DE","00+",2022-11-17,2022-11-13,"-4 day ahead inc hosp","quantile",0.975,8174,"COVID-19"
"DE","05-14",2022-11-17,2022-11-13,"-4 day ahead inc hosp","quantile",0.975,54,"COVID-19"
"DE","15-34",2022-11-17,2022-11-13,"-4 day ahead inc hosp","quantile",0.975,438,"COVID-19"
"DE","35-59",2022-11-17,2022-11-13,"-4 day ahead inc hosp","quantile",0.975,1084,"COVID-19"
"DE","60-79",2022-11-17,2022-11-13,"-4 day ahead inc hosp","quantile",0.975,2939,"COVID-19"
"DE","80+",2022-11-17,2022-11-13,"-4 day ahead inc hosp","quantile",0.975,3538,"COVID-19"
"DE-BB","00+",2022-11-17,2022-11-13,"-4 day ahead inc hosp","quantile",0.975,453,"COVID-19"
"DE-BE","00+",2022-11-17,2022-11-13,"-4 day ahead inc hosp","quantile",0.975,484,"COVID-19"
"DE-BW","00+",2022-11-17,2022-11-13,"-4 day ahead inc hosp","quantile",0.975,908,"COVID-19"
"DE-BY","00+",2022-11-17,2022-11-13,"-4 day ahead inc hosp","quantile",0.975,1305,"COVID-19"
"DE-HB","00+",2022-11-17,2022-11-13,"-4 day ahead inc hosp","quantile",0.975,34,"COVID-19"
"DE-HE","00+",2022-11-17,2022-11-13,"-4 day ahead inc hosp","quantile",0.975,559,"COVID-19"
"DE-HH","00+",2022-11-17,2022-11-13,"-4 day ahead inc hosp","quantile",0.975,171,"COVID-19"
"DE-MV","00+",2022-11-17,2022-11-13,"-4 day ahead inc hosp","quantile",0.975,202,"COVID-19"
"DE-NI","00+",2022-11-17,2022-11-13,"-4 day ahead inc hosp","quantile",0.975,623,"COVID-19"
"DE-NW","00+",2022-11-17,2022-11-13,"-4 day ahead inc hosp","quantile",0.975,2384,"COVID-19"
"DE-RP","00+",2022-11-17,2022-11-13,"-4 day ahead inc hosp","quantile",0.975,369,"COVID-19"
"DE-SH","00+",2022-11-17,2022-11-13,"-4 day ahead inc hosp","quantile",0.975,389,"COVID-19"
"DE-SL","00+",2022-11-17,2022-11-13,"-4 day ahead inc hosp","quantile",0.975,132,"COVID-19"
"DE-SN","00+",2022-11-17,2022-11-13,"-4 day ahead inc hosp","quantile",0.975,372,"COVID-19"
"DE-ST","00+",2022-11-17,2022-11-13,"-4 day ahead inc hosp","quantile",0.975,326,"COVID-19"
"DE-TH","00+",2022-11-17,2022-11-13,"-4 day ahead inc hosp","quantile",0.975,229,"COVID-19"
"DE","00-04",2022-11-17,2022-11-14,"-3 day ahead inc hosp","mean",NA,147,"COVID-19"
"DE","00+",2022-11-17,2022-11-14,"-3 day ahead inc hosp","mean",NA,7758,"COVID-19"
"DE","05-14",2022-11-17,2022-11-14,"-3 day ahead inc hosp","mean",NA,41,"COVID-19"
"DE","15-34",2022-11-17,2022-11-14,"-3 day ahead inc hosp","mean",NA,402,"COVID-19"
"DE","35-59",2022-11-17,2022-11-14,"-3 day ahead inc hosp","mean",NA,1010,"COVID-19"
"DE","60-79",2022-11-17,2022-11-14,"-3 day ahead inc hosp","mean",NA,2796,"COVID-19"
"DE","80+",2022-11-17,2022-11-14,"-3 day ahead inc hosp","mean",NA,3346,"COVID-19"
"DE-BB","00+",2022-11-17,2022-11-14,"-3 day ahead inc hosp","mean",NA,391,"COVID-19"
"DE-BE","00+",2022-11-17,2022-11-14,"-3 day ahead inc hosp","mean",NA,387,"COVID-19"
"DE-BW","00+",2022-11-17,2022-11-14,"-3 day ahead inc hosp","mean",NA,772,"COVID-19"
"DE-BY","00+",2022-11-17,2022-11-14,"-3 day ahead inc hosp","mean",NA,1235,"COVID-19"
"DE-HB","00+",2022-11-17,2022-11-14,"-3 day ahead inc hosp","mean",NA,25,"COVID-19"
"DE-HE","00+",2022-11-17,2022-11-14,"-3 day ahead inc hosp","mean",NA,510,"COVID-19"
"DE-HH","00+",2022-11-17,2022-11-14,"-3 day ahead inc hosp","mean",NA,144,"COVID-19"
"DE-MV","00+",2022-11-17,2022-11-14,"-3 day ahead inc hosp","mean",NA,198,"COVID-19"
"DE-NI","00+",2022-11-17,2022-11-14,"-3 day ahead inc hosp","mean",NA,520,"COVID-19"
"DE-NW","00+",2022-11-17,2022-11-14,"-3 day ahead inc hosp","mean",NA,2130,"COVID-19"
"DE-RP","00+",2022-11-17,2022-11-14,"-3 day ahead inc hosp","mean",NA,320,"COVID-19"
"DE-SH","00+",2022-11-17,2022-11-14,"-3 day ahead inc hosp","mean",NA,352,"COVID-19"
"DE-SL","00+",2022-11-17,2022-11-14,"-3 day ahead inc hosp","mean",NA,90,"COVID-19"
"DE-SN","00+",2022-11-17,2022-11-14,"-3 day ahead inc hosp","mean",NA,338,"COVID-19"
"DE-ST","00+",2022-11-17,2022-11-14,"-3 day ahead inc hosp","mean",NA,262,"COVID-19"
"DE-TH","00+",2022-11-17,2022-11-14,"-3 day ahead inc hosp","mean",NA,208,"COVID-19"
"DE","00-04",2022-11-17,2022-11-14,"-3 day ahead inc hosp","quantile",0.025,135,"COVID-19"
"DE","00+",2022-11-17,2022-11-14,"-3 day ahead inc hosp","quantile",0.025,7369,"COVID-19"
"DE","05-14",2022-11-17,2022-11-14,"-3 day ahead inc hosp","quantile",0.025,36,"COVID-19"
"DE","15-34",2022-11-17,2022-11-14,"-3 day ahead inc hosp","quantile",0.025,374,"COVID-19"
"DE","35-59",2022-11-17,2022-11-14,"-3 day ahead inc hosp","quantile",0.025,950,"COVID-19"
"DE","60-79",2022-11-17,2022-11-14,"-3 day ahead inc hosp","quantile",0.025,2658,"COVID-19"
"DE","80+",2022-11-17,2022-11-14,"-3 day ahead inc hosp","quantile",0.025,3177,"COVID-19"
"DE-BB","00+",2022-11-17,2022-11-14,"-3 day ahead inc hosp","quantile",0.025,358,"COVID-19"
"DE-BE","00+",2022-11-17,2022-11-14,"-3 day ahead inc hosp","quantile",0.025,348,"COVID-19"
"DE-BW","00+",2022-11-17,2022-11-14,"-3 day ahead inc hosp","quantile",0.025,691,"COVID-19"
"DE-BY","00+",2022-11-17,2022-11-14,"-3 day ahead inc hosp","quantile",0.025,1167,"COVID-19"
"DE-HB","00+",2022-11-17,2022-11-14,"-3 day ahead inc hosp","quantile",0.025,21,"COVID-19"
"DE-HE","00+",2022-11-17,2022-11-14,"-3 day ahead inc hosp","quantile",0.025,473,"COVID-19"
"DE-HH","00+",2022-11-17,2022-11-14,"-3 day ahead inc hosp","quantile",0.025,119,"COVID-19"
"DE-MV","00+",2022-11-17,2022-11-14,"-3 day ahead inc hosp","quantile",0.025,186,"COVID-19"
"DE-NI","00+",2022-11-17,2022-11-14,"-3 day ahead inc hosp","quantile",0.025,473,"COVID-19"
"DE-NW","00+",2022-11-17,2022-11-14,"-3 day ahead inc hosp","quantile",0.025,1952,"COVID-19"
"DE-RP","00+",2022-11-17,2022-11-14,"-3 day ahead inc hosp","quantile",0.025,295,"COVID-19"
"DE-SH","00+",2022-11-17,2022-11-14,"-3 day ahead inc hosp","quantile",0.025,327,"COVID-19"
"DE-SL","00+",2022-11-17,2022-11-14,"-3 day ahead inc hosp","quantile",0.025,81,"COVID-19"
"DE-SN","00+",2022-11-17,2022-11-14,"-3 day ahead inc hosp","quantile",0.025,308,"COVID-19"
"DE-ST","00+",2022-11-17,2022-11-14,"-3 day ahead inc hosp","quantile",0.025,238,"COVID-19"
"DE-TH","00+",2022-11-17,2022-11-14,"-3 day ahead inc hosp","quantile",0.025,194,"COVID-19"
"DE","00-04",2022-11-17,2022-11-14,"-3 day ahead inc hosp","quantile",0.1,138,"COVID-19"
"DE","00+",2022-11-17,2022-11-14,"-3 day ahead inc hosp","quantile",0.1,7479,"COVID-19"
"DE","05-14",2022-11-17,2022-11-14,"-3 day ahead inc hosp","quantile",0.1,37,"COVID-19"
"DE","15-34",2022-11-17,2022-11-14,"-3 day ahead inc hosp","quantile",0.1,381,"COVID-19"
"DE","35-59",2022-11-17,2022-11-14,"-3 day ahead inc hosp","quantile",0.1,968,"COVID-19"
"DE","60-79",2022-11-17,2022-11-14,"-3 day ahead inc hosp","quantile",0.1,2699,"COVID-19"
"DE","80+",2022-11-17,2022-11-14,"-3 day ahead inc hosp","quantile",0.1,3227,"COVID-19"
"DE-BB","00+",2022-11-17,2022-11-14,"-3 day ahead inc hosp","quantile",0.1,369,"COVID-19"
"DE-BE","00+",2022-11-17,2022-11-14,"-3 day ahead inc hosp","quantile",0.1,359,"COVID-19"
"DE-BW","00+",2022-11-17,2022-11-14,"-3 day ahead inc hosp","quantile",0.1,713,"COVID-19"
"DE-BY","00+",2022-11-17,2022-11-14,"-3 day ahead inc hosp","quantile",0.1,1189,"COVID-19"
"DE-HB","00+",2022-11-17,2022-11-14,"-3 day ahead inc hosp","quantile",0.1,22,"COVID-19"
"DE-HE","00+",2022-11-17,2022-11-14,"-3 day ahead inc hosp","quantile",0.1,483,"COVID-19"
"DE-HH","00+",2022-11-17,2022-11-14,"-3 day ahead inc hosp","quantile",0.1,125,"COVID-19"
"DE-MV","00+",2022-11-17,2022-11-14,"-3 day ahead inc hosp","quantile",0.1,190,"COVID-19"
"DE-NI","00+",2022-11-17,2022-11-14,"-3 day ahead inc hosp","quantile",0.1,484,"COVID-19"
"DE-NW","00+",2022-11-17,2022-11-14,"-3 day ahead inc hosp","quantile",0.1,2021,"COVID-19"
"DE-RP","00+",2022-11-17,2022-11-14,"-3 day ahead inc hosp","quantile",0.1,301,"COVID-19"
"DE-SH","00+",2022-11-17,2022-11-14,"-3 day ahead inc hosp","quantile",0.1,335,"COVID-19"
"DE-SL","00+",2022-11-17,2022-11-14,"-3 day ahead inc hosp","quantile",0.1,83,"COVID-19"
"DE-SN","00+",2022-11-17,2022-11-14,"-3 day ahead inc hosp","quantile",0.1,315,"COVID-19"
"DE-ST","00+",2022-11-17,2022-11-14,"-3 day ahead inc hosp","quantile",0.1,245,"COVID-19"
"DE-TH","00+",2022-11-17,2022-11-14,"-3 day ahead inc hosp","quantile",0.1,198,"COVID-19"
"DE","00-04",2022-11-17,2022-11-14,"-3 day ahead inc hosp","quantile",0.25,143,"COVID-19"
"DE","00+",2022-11-17,2022-11-14,"-3 day ahead inc hosp","quantile",0.25,7595,"COVID-19"
"DE","05-14",2022-11-17,2022-11-14,"-3 day ahead inc hosp","quantile",0.25,39,"COVID-19"
"DE","15-34",2022-11-17,2022-11-14,"-3 day ahead inc hosp","quantile",0.25,390,"COVID-19"
"DE","35-59",2022-11-17,2022-11-14,"-3 day ahead inc hosp","quantile",0.25,985,"COVID-19"
"DE","60-79",2022-11-17,2022-11-14,"-3 day ahead inc hosp","quantile",0.25,2739,"COVID-19"
"DE","80+",2022-11-17,2022-11-14,"-3 day ahead inc hosp","quantile",0.25,3278,"COVID-19"
"DE-BB","00+",2022-11-17,2022-11-14,"-3 day ahead inc hosp","quantile",0.25,380,"COVID-19"
"DE-BE","00+",2022-11-17,2022-11-14,"-3 day ahead inc hosp","quantile",0.25,374,"COVID-19"
"DE-BW","00+",2022-11-17,2022-11-14,"-3 day ahead inc hosp","quantile",0.25,738,"COVID-19"
"DE-BY","00+",2022-11-17,2022-11-14,"-3 day ahead inc hosp","quantile",0.25,1209,"COVID-19"
"DE-HB","00+",2022-11-17,2022-11-14,"-3 day ahead inc hosp","quantile",0.25,23,"COVID-19"
"DE-HE","00+",2022-11-17,2022-11-14,"-3 day ahead inc hosp","quantile",0.25,493,"COVID-19"
"DE-HH","00+",2022-11-17,2022-11-14,"-3 day ahead inc hosp","quantile",0.25,133,"COVID-19"
"DE-MV","00+",2022-11-17,2022-11-14,"-3 day ahead inc hosp","quantile",0.25,193,"COVID-19"
"DE-NI","00+",2022-11-17,2022-11-14,"-3 day ahead inc hosp","quantile",0.25,497,"COVID-19"
"DE-NW","00+",2022-11-17,2022-11-14,"-3 day ahead inc hosp","quantile",0.25,2066,"COVID-19"
"DE-RP","00+",2022-11-17,2022-11-14,"-3 day ahead inc hosp","quantile",0.25,310,"COVID-19"
"DE-SH","00+",2022-11-17,2022-11-14,"-3 day ahead inc hosp","quantile",0.25,342,"COVID-19"
"DE-SL","00+",2022-11-17,2022-11-14,"-3 day ahead inc hosp","quantile",0.25,85,"COVID-19"
"DE-SN","00+",2022-11-17,2022-11-14,"-3 day ahead inc hosp","quantile",0.25,324,"COVID-19"
"DE-ST","00+",2022-11-17,2022-11-14,"-3 day ahead inc hosp","quantile",0.25,254,"COVID-19"
"DE-TH","00+",2022-11-17,2022-11-14,"-3 day ahead inc hosp","quantile",0.25,202,"COVID-19"
"DE","00-04",2022-11-17,2022-11-14,"-3 day ahead inc hosp","quantile",0.5,147,"COVID-19"
"DE","00+",2022-11-17,2022-11-14,"-3 day ahead inc hosp","quantile",0.5,7735,"COVID-19"
"DE","05-14",2022-11-17,2022-11-14,"-3 day ahead inc hosp","quantile",0.5,42,"COVID-19"
"DE","15-34",2022-11-17,2022-11-14,"-3 day ahead inc hosp","quantile",0.5,401,"COVID-19"
"DE","35-59",2022-11-17,2022-11-14,"-3 day ahead inc hosp","quantile",0.5,1007,"COVID-19"
"DE","60-79",2022-11-17,2022-11-14,"-3 day ahead inc hosp","quantile",0.5,2787,"COVID-19"
"DE","80+",2022-11-17,2022-11-14,"-3 day ahead inc hosp","quantile",0.5,3339,"COVID-19"
"DE-BB","00+",2022-11-17,2022-11-14,"-3 day ahead inc hosp","quantile",0.5,392,"COVID-19"
"DE-BE","00+",2022-11-17,2022-11-14,"-3 day ahead inc hosp","quantile",0.5,391,"COVID-19"
"DE-BW","00+",2022-11-17,2022-11-14,"-3 day ahead inc hosp","quantile",0.5,766,"COVID-19"
"DE-BY","00+",2022-11-17,2022-11-14,"-3 day ahead inc hosp","quantile",0.5,1232,"COVID-19"
"DE-HB","00+",2022-11-17,2022-11-14,"-3 day ahead inc hosp","quantile",0.5,25,"COVID-19"
"DE-HE","00+",2022-11-17,2022-11-14,"-3 day ahead inc hosp","quantile",0.5,510,"COVID-19"
"DE-HH","00+",2022-11-17,2022-11-14,"-3 day ahead inc hosp","quantile",0.5,142,"COVID-19"
"DE-MV","00+",2022-11-17,2022-11-14,"-3 day ahead inc hosp","quantile",0.5,198,"COVID-19"
"DE-NI","00+",2022-11-17,2022-11-14,"-3 day ahead inc hosp","quantile",0.5,520,"COVID-19"
"DE-NW","00+",2022-11-17,2022-11-14,"-3 day ahead inc hosp","quantile",0.5,2126,"COVID-19"
"DE-RP","00+",2022-11-17,2022-11-14,"-3 day ahead inc hosp","quantile",0.5,320,"COVID-19"
"DE-SH","00+",2022-11-17,2022-11-14,"-3 day ahead inc hosp","quantile",0.5,352,"COVID-19"
"DE-SL","00+",2022-11-17,2022-11-14,"-3 day ahead inc hosp","quantile",0.5,89,"COVID-19"
"DE-SN","00+",2022-11-17,2022-11-14,"-3 day ahead inc hosp","quantile",0.5,335,"COVID-19"
"DE-ST","00+",2022-11-17,2022-11-14,"-3 day ahead inc hosp","quantile",0.5,264,"COVID-19"
"DE-TH","00+",2022-11-17,2022-11-14,"-3 day ahead inc hosp","quantile",0.5,207,"COVID-19"
"DE","00-04",2022-11-17,2022-11-14,"-3 day ahead inc hosp","quantile",0.75,153,"COVID-19"
"DE","00+",2022-11-17,2022-11-14,"-3 day ahead inc hosp","quantile",0.75,7923,"COVID-19"
"DE","05-14",2022-11-17,2022-11-14,"-3 day ahead inc hosp","quantile",0.75,45,"COVID-19"
"DE","15-34",2022-11-17,2022-11-14,"-3 day ahead inc hosp","quantile",0.75,413,"COVID-19"
"DE","35-59",2022-11-17,2022-11-14,"-3 day ahead inc hosp","quantile",0.75,1034,"COVID-19"
"DE","60-79",2022-11-17,2022-11-14,"-3 day ahead inc hosp","quantile",0.75,2849,"COVID-19"
"DE","80+",2022-11-17,2022-11-14,"-3 day ahead inc hosp","quantile",0.75,3409,"COVID-19"
"DE-BB","00+",2022-11-17,2022-11-14,"-3 day ahead inc hosp","quantile",0.75,414,"COVID-19"
"DE-BE","00+",2022-11-17,2022-11-14,"-3 day ahead inc hosp","quantile",0.75,424,"COVID-19"
"DE-BW","00+",2022-11-17,2022-11-14,"-3 day ahead inc hosp","quantile",0.75,805,"COVID-19"
"DE-BY","00+",2022-11-17,2022-11-14,"-3 day ahead inc hosp","quantile",0.75,1267,"COVID-19"
"DE-HB","00+",2022-11-17,2022-11-14,"-3 day ahead inc hosp","quantile",0.75,27,"COVID-19"
"DE-HE","00+",2022-11-17,2022-11-14,"-3 day ahead inc hosp","quantile",0.75,530,"COVID-19"
"DE-HH","00+",2022-11-17,2022-11-14,"-3 day ahead inc hosp","quantile",0.75,155,"COVID-19"
"DE-MV","00+",2022-11-17,2022-11-14,"-3 day ahead inc hosp","quantile",0.75,204,"COVID-19"
"DE-NI","00+",2022-11-17,2022-11-14,"-3 day ahead inc hosp","quantile",0.75,550,"COVID-19"
"DE-NW","00+",2022-11-17,2022-11-14,"-3 day ahead inc hosp","quantile",0.75,2207,"COVID-19"
"DE-RP","00+",2022-11-17,2022-11-14,"-3 day ahead inc hosp","quantile",0.75,334,"COVID-19"
"DE-SH","00+",2022-11-17,2022-11-14,"-3 day ahead inc hosp","quantile",0.75,362,"COVID-19"
"DE-SL","00+",2022-11-17,2022-11-14,"-3 day ahead inc hosp","quantile",0.75,96,"COVID-19"
"DE-SN","00+",2022-11-17,2022-11-14,"-3 day ahead inc hosp","quantile",0.75,348,"COVID-19"
"DE-ST","00+",2022-11-17,2022-11-14,"-3 day ahead inc hosp","quantile",0.75,286,"COVID-19"
"DE-TH","00+",2022-11-17,2022-11-14,"-3 day ahead inc hosp","quantile",0.75,213,"COVID-19"
"DE","00-04",2022-11-17,2022-11-14,"-3 day ahead inc hosp","quantile",0.9,158,"COVID-19"
"DE","00+",2022-11-17,2022-11-14,"-3 day ahead inc hosp","quantile",0.9,8084,"COVID-19"
"DE","05-14",2022-11-17,2022-11-14,"-3 day ahead inc hosp","quantile",0.9,49,"COVID-19"
"DE","15-34",2022-11-17,2022-11-14,"-3 day ahead inc hosp","quantile",0.9,426,"COVID-19"
"DE","35-59",2022-11-17,2022-11-14,"-3 day ahead inc hosp","quantile",0.9,1059,"COVID-19"
"DE","60-79",2022-11-17,2022-11-14,"-3 day ahead inc hosp","quantile",0.9,2909,"COVID-19"
"DE","80+",2022-11-17,2022-11-14,"-3 day ahead inc hosp","quantile",0.9,3478,"COVID-19"
"DE-BB","00+",2022-11-17,2022-11-14,"-3 day ahead inc hosp","quantile",0.9,437,"COVID-19"
"DE-BE","00+",2022-11-17,2022-11-14,"-3 day ahead inc hosp","quantile",0.9,472,"COVID-19"
"DE-BW","00+",2022-11-17,2022-11-14,"-3 day ahead inc hosp","quantile",0.9,854,"COVID-19"
"DE-BY","00+",2022-11-17,2022-11-14,"-3 day ahead inc hosp","quantile",0.9,1290,"COVID-19"
"DE-HB","00+",2022-11-17,2022-11-14,"-3 day ahead inc hosp","quantile",0.9,31,"COVID-19"
"DE-HE","00+",2022-11-17,2022-11-14,"-3 day ahead inc hosp","quantile",0.9,551,"COVID-19"
"DE-HH","00+",2022-11-17,2022-11-14,"-3 day ahead inc hosp","quantile",0.9,169,"COVID-19"
"DE-MV","00+",2022-11-17,2022-11-14,"-3 day ahead inc hosp","quantile",0.9,208,"COVID-19"
"DE-NI","00+",2022-11-17,2022-11-14,"-3 day ahead inc hosp","quantile",0.9,581,"COVID-19"
"DE-NW","00+",2022-11-17,2022-11-14,"-3 day ahead inc hosp","quantile",0.9,2269,"COVID-19"
"DE-RP","00+",2022-11-17,2022-11-14,"-3 day ahead inc hosp","quantile",0.9,347,"COVID-19"
"DE-SH","00+",2022-11-17,2022-11-14,"-3 day ahead inc hosp","quantile",0.9,373,"COVID-19"
"DE-SL","00+",2022-11-17,2022-11-14,"-3 day ahead inc hosp","quantile",0.9,103,"COVID-19"
"DE-SN","00+",2022-11-17,2022-11-14,"-3 day ahead inc hosp","quantile",0.9,366,"COVID-19"
"DE-ST","00+",2022-11-17,2022-11-14,"-3 day ahead inc hosp","quantile",0.9,318,"COVID-19"
"DE-TH","00+",2022-11-17,2022-11-14,"-3 day ahead inc hosp","quantile",0.9,220,"COVID-19"
"DE","00-04",2022-11-17,2022-11-14,"-3 day ahead inc hosp","quantile",0.975,167,"COVID-19"
"DE","00+",2022-11-17,2022-11-14,"-3 day ahead inc hosp","quantile",0.975,8283,"COVID-19"
"DE","05-14",2022-11-17,2022-11-14,"-3 day ahead inc hosp","quantile",0.975,56,"COVID-19"
"DE","15-34",2022-11-17,2022-11-14,"-3 day ahead inc hosp","quantile",0.975,440,"COVID-19"
"DE","35-59",2022-11-17,2022-11-14,"-3 day ahead inc hosp","quantile",0.975,1087,"COVID-19"
"DE","60-79",2022-11-17,2022-11-14,"-3 day ahead inc hosp","quantile",0.975,2974,"COVID-19"
"DE","80+",2022-11-17,2022-11-14,"-3 day ahead inc hosp","quantile",0.975,3564,"COVID-19"
"DE-BB","00+",2022-11-17,2022-11-14,"-3 day ahead inc hosp","quantile",0.975,473,"COVID-19"
"DE-BE","00+",2022-11-17,2022-11-14,"-3 day ahead inc hosp","quantile",0.975,548,"COVID-19"
"DE-BW","00+",2022-11-17,2022-11-14,"-3 day ahead inc hosp","quantile",0.975,929,"COVID-19"
"DE-BY","00+",2022-11-17,2022-11-14,"-3 day ahead inc hosp","quantile",0.975,1331,"COVID-19"
"DE-HB","00+",2022-11-17,2022-11-14,"-3 day ahead inc hosp","quantile",0.975,35,"COVID-19"
"DE-HE","00+",2022-11-17,2022-11-14,"-3 day ahead inc hosp","quantile",0.975,575,"COVID-19"
"DE-HH","00+",2022-11-17,2022-11-14,"-3 day ahead inc hosp","quantile",0.975,183,"COVID-19"
"DE-MV","00+",2022-11-17,2022-11-14,"-3 day ahead inc hosp","quantile",0.975,214,"COVID-19"
"DE-NI","00+",2022-11-17,2022-11-14,"-3 day ahead inc hosp","quantile",0.975,626,"COVID-19"
"DE-NW","00+",2022-11-17,2022-11-14,"-3 day ahead inc hosp","quantile",0.975,2410,"COVID-19"
"DE-RP","00+",2022-11-17,2022-11-14,"-3 day ahead inc hosp","quantile",0.975,366,"COVID-19"
"DE-SH","00+",2022-11-17,2022-11-14,"-3 day ahead inc hosp","quantile",0.975,385,"COVID-19"
"DE-SL","00+",2022-11-17,2022-11-14,"-3 day ahead inc hosp","quantile",0.975,113,"COVID-19"
"DE-SN","00+",2022-11-17,2022-11-14,"-3 day ahead inc hosp","quantile",0.975,384,"COVID-19"
"DE-ST","00+",2022-11-17,2022-11-14,"-3 day ahead inc hosp","quantile",0.975,369,"COVID-19"
"DE-TH","00+",2022-11-17,2022-11-14,"-3 day ahead inc hosp","quantile",0.975,228,"COVID-19"
"DE","00-04",2022-11-17,2022-11-15,"-2 day ahead inc hosp","mean",NA,140,"COVID-19"
"DE","00+",2022-11-17,2022-11-15,"-2 day ahead inc hosp","mean",NA,7665,"COVID-19"
"DE","05-14",2022-11-17,2022-11-15,"-2 day ahead inc hosp","mean",NA,37,"COVID-19"
"DE","15-34",2022-11-17,2022-11-15,"-2 day ahead inc hosp","mean",NA,389,"COVID-19"
"DE","35-59",2022-11-17,2022-11-15,"-2 day ahead inc hosp","mean",NA,1000,"COVID-19"
"DE","60-79",2022-11-17,2022-11-15,"-2 day ahead inc hosp","mean",NA,2750,"COVID-19"
"DE","80+",2022-11-17,2022-11-15,"-2 day ahead inc hosp","mean",NA,3324,"COVID-19"
"DE-BB","00+",2022-11-17,2022-11-15,"-2 day ahead inc hosp","mean",NA,390,"COVID-19"
"DE-BE","00+",2022-11-17,2022-11-15,"-2 day ahead inc hosp","mean",NA,438,"COVID-19"
"DE-BW","00+",2022-11-17,2022-11-15,"-2 day ahead inc hosp","mean",NA,767,"COVID-19"
"DE-BY","00+",2022-11-17,2022-11-15,"-2 day ahead inc hosp","mean",NA,1232,"COVID-19"
"DE-HB","00+",2022-11-17,2022-11-15,"-2 day ahead inc hosp","mean",NA,34,"COVID-19"
"DE-HE","00+",2022-11-17,2022-11-15,"-2 day ahead inc hosp","mean",NA,495,"COVID-19"
"DE-HH","00+",2022-11-17,2022-11-15,"-2 day ahead inc hosp","mean",NA,149,"COVID-19"
"DE-MV","00+",2022-11-17,2022-11-15,"-2 day ahead inc hosp","mean",NA,213,"COVID-19"
"DE-NI","00+",2022-11-17,2022-11-15,"-2 day ahead inc hosp","mean",NA,498,"COVID-19"
"DE-NW","00+",2022-11-17,2022-11-15,"-2 day ahead inc hosp","mean",NA,2076,"COVID-19"
"DE-RP","00+",2022-11-17,2022-11-15,"-2 day ahead inc hosp","mean",NA,299,"COVID-19"
"DE-SH","00+",2022-11-17,2022-11-15,"-2 day ahead inc hosp","mean",NA,349,"COVID-19"
"DE-SL","00+",2022-11-17,2022-11-15,"-2 day ahead inc hosp","mean",NA,94,"COVID-19"
"DE-SN","00+",2022-11-17,2022-11-15,"-2 day ahead inc hosp","mean",NA,331,"COVID-19"
"DE-ST","00+",2022-11-17,2022-11-15,"-2 day ahead inc hosp","mean",NA,271,"COVID-19"
"DE-TH","00+",2022-11-17,2022-11-15,"-2 day ahead inc hosp","mean",NA,206,"COVID-19"
"DE","00-04",2022-11-17,2022-11-15,"-2 day ahead inc hosp","quantile",0.025,123,"COVID-19"
"DE","00+",2022-11-17,2022-11-15,"-2 day ahead inc hosp","quantile",0.025,7103,"COVID-19"
"DE","05-14",2022-11-17,2022-11-15,"-2 day ahead inc hosp","quantile",0.025,31,"COVID-19"
"DE","15-34",2022-11-17,2022-11-15,"-2 day ahead inc hosp","quantile",0.025,354,"COVID-19"
"DE","35-59",2022-11-17,2022-11-15,"-2 day ahead inc hosp","quantile",0.025,920,"COVID-19"
"DE","60-79",2022-11-17,2022-11-15,"-2 day ahead inc hosp","quantile",0.025,2549,"COVID-19"
"DE","80+",2022-11-17,2022-11-15,"-2 day ahead inc hosp","quantile",0.025,3065,"COVID-19"
"DE-BB","00+",2022-11-17,2022-11-15,"-2 day ahead inc hosp","quantile",0.025,345,"COVID-19"
"DE-BE","00+",2022-11-17,2022-11-15,"-2 day ahead inc hosp","quantile",0.025,371,"COVID-19"
"DE-BW","00+",2022-11-17,2022-11-15,"-2 day ahead inc hosp","quantile",0.025,656,"COVID-19"
"DE-BY","00+",2022-11-17,2022-11-15,"-2 day ahead inc hosp","quantile",0.025,1132,"COVID-19"
"DE-HB","00+",2022-11-17,2022-11-15,"-2 day ahead inc hosp","quantile",0.025,26,"COVID-19"
"DE-HE","00+",2022-11-17,2022-11-15,"-2 day ahead inc hosp","quantile",0.025,446,"COVID-19"
"DE-HH","00+",2022-11-17,2022-11-15,"-2 day ahead inc hosp","quantile",0.025,115,"COVID-19"
"DE-MV","00+",2022-11-17,2022-11-15,"-2 day ahead inc hosp","quantile",0.025,196,"COVID-19"
"DE-NI","00+",2022-11-17,2022-11-15,"-2 day ahead inc hosp","quantile",0.025,434,"COVID-19"
"DE-NW","00+",2022-11-17,2022-11-15,"-2 day ahead inc hosp","quantile",0.025,1830,"COVID-19"
"DE-RP","00+",2022-11-17,2022-11-15,"-2 day ahead inc hosp","quantile",0.025,263,"COVID-19"
"DE-SH","00+",2022-11-17,2022-11-15,"-2 day ahead inc hosp","quantile",0.025,315,"COVID-19"
"DE-SL","00+",2022-11-17,2022-11-15,"-2 day ahead inc hosp","quantile",0.025,82,"COVID-19"
"DE-SN","00+",2022-11-17,2022-11-15,"-2 day ahead inc hosp","quantile",0.025,289,"COVID-19"
"DE-ST","00+",2022-11-17,2022-11-15,"-2 day ahead inc hosp","quantile",0.025,236,"COVID-19"
"DE-TH","00+",2022-11-17,2022-11-15,"-2 day ahead inc hosp","quantile",0.025,185,"COVID-19"
"DE","00-04",2022-11-17,2022-11-15,"-2 day ahead inc hosp","quantile",0.1,127,"COVID-19"
"DE","00+",2022-11-17,2022-11-15,"-2 day ahead inc hosp","quantile",0.1,7257,"COVID-19"
"DE","05-14",2022-11-17,2022-11-15,"-2 day ahead inc hosp","quantile",0.1,32,"COVID-19"
"DE","15-34",2022-11-17,2022-11-15,"-2 day ahead inc hosp","quantile",0.1,362,"COVID-19"
"DE","35-59",2022-11-17,2022-11-15,"-2 day ahead inc hosp","quantile",0.1,944,"COVID-19"
"DE","60-79",2022-11-17,2022-11-15,"-2 day ahead inc hosp","quantile",0.1,2609,"COVID-19"
"DE","80+",2022-11-17,2022-11-15,"-2 day ahead inc hosp","quantile",0.1,3147,"COVID-19"
"DE-BB","00+",2022-11-17,2022-11-15,"-2 day ahead inc hosp","quantile",0.1,360,"COVID-19"
"DE-BE","00+",2022-11-17,2022-11-15,"-2 day ahead inc hosp","quantile",0.1,392,"COVID-19"
"DE-BW","00+",2022-11-17,2022-11-15,"-2 day ahead inc hosp","quantile",0.1,688,"COVID-19"
"DE-BY","00+",2022-11-17,2022-11-15,"-2 day ahead inc hosp","quantile",0.1,1162,"COVID-19"
"DE-HB","00+",2022-11-17,2022-11-15,"-2 day ahead inc hosp","quantile",0.1,27,"COVID-19"
"DE-HE","00+",2022-11-17,2022-11-15,"-2 day ahead inc hosp","quantile",0.1,459,"COVID-19"
"DE-HH","00+",2022-11-17,2022-11-15,"-2 day ahead inc hosp","quantile",0.1,122,"COVID-19"
"DE-MV","00+",2022-11-17,2022-11-15,"-2 day ahead inc hosp","quantile",0.1,202,"COVID-19"
"DE-NI","00+",2022-11-17,2022-11-15,"-2 day ahead inc hosp","quantile",0.1,449,"COVID-19"
"DE-NW","00+",2022-11-17,2022-11-15,"-2 day ahead inc hosp","quantile",0.1,1918,"COVID-19"
"DE-RP","00+",2022-11-17,2022-11-15,"-2 day ahead inc hosp","quantile",0.1,272,"COVID-19"
"DE-SH","00+",2022-11-17,2022-11-15,"-2 day ahead inc hosp","quantile",0.1,325,"COVID-19"
"DE-SL","00+",2022-11-17,2022-11-15,"-2 day ahead inc hosp","quantile",0.1,84,"COVID-19"
"DE-SN","00+",2022-11-17,2022-11-15,"-2 day ahead inc hosp","quantile",0.1,297,"COVID-19"
"DE-ST","00+",2022-11-17,2022-11-15,"-2 day ahead inc hosp","quantile",0.1,245,"COVID-19"
"DE-TH","00+",2022-11-17,2022-11-15,"-2 day ahead inc hosp","quantile",0.1,190,"COVID-19"
"DE","00-04",2022-11-17,2022-11-15,"-2 day ahead inc hosp","quantile",0.25,132,"COVID-19"
"DE","00+",2022-11-17,2022-11-15,"-2 day ahead inc hosp","quantile",0.25,7421,"COVID-19"
"DE","05-14",2022-11-17,2022-11-15,"-2 day ahead inc hosp","quantile",0.25,34,"COVID-19"
"DE","15-34",2022-11-17,2022-11-15,"-2 day ahead inc hosp","quantile",0.25,373,"COVID-19"
"DE","35-59",2022-11-17,2022-11-15,"-2 day ahead inc hosp","quantile",0.25,966,"COVID-19"
"DE","60-79",2022-11-17,2022-11-15,"-2 day ahead inc hosp","quantile",0.25,2665,"COVID-19"
"DE","80+",2022-11-17,2022-11-15,"-2 day ahead inc hosp","quantile",0.25,3216,"COVID-19"
"DE-BB","00+",2022-11-17,2022-11-15,"-2 day ahead inc hosp","quantile",0.25,375,"COVID-19"
"DE-BE","00+",2022-11-17,2022-11-15,"-2 day ahead inc hosp","quantile",0.25,414,"COVID-19"
"DE-BW","00+",2022-11-17,2022-11-15,"-2 day ahead inc hosp","quantile",0.25,717,"COVID-19"
"DE-BY","00+",2022-11-17,2022-11-15,"-2 day ahead inc hosp","quantile",0.25,1191,"COVID-19"
"DE-HB","00+",2022-11-17,2022-11-15,"-2 day ahead inc hosp","quantile",0.25,30,"COVID-19"
"DE-HE","00+",2022-11-17,2022-11-15,"-2 day ahead inc hosp","quantile",0.25,472,"COVID-19"
"DE-HH","00+",2022-11-17,2022-11-15,"-2 day ahead inc hosp","quantile",0.25,133,"COVID-19"
"DE-MV","00+",2022-11-17,2022-11-15,"-2 day ahead inc hosp","quantile",0.25,206,"COVID-19"
"DE-NI","00+",2022-11-17,2022-11-15,"-2 day ahead inc hosp","quantile",0.25,467,"COVID-19"
"DE-NW","00+",2022-11-17,2022-11-15,"-2 day ahead inc hosp","quantile",0.25,1983,"COVID-19"
"DE-RP","00+",2022-11-17,2022-11-15,"-2 day ahead inc hosp","quantile",0.25,284,"COVID-19"
"DE-SH","00+",2022-11-17,2022-11-15,"-2 day ahead inc hosp","quantile",0.25,335,"COVID-19"
"DE-SL","00+",2022-11-17,2022-11-15,"-2 day ahead inc hosp","quantile",0.25,88,"COVID-19"
"DE-SN","00+",2022-11-17,2022-11-15,"-2 day ahead inc hosp","quantile",0.25,310,"COVID-19"
"DE-ST","00+",2022-11-17,2022-11-15,"-2 day ahead inc hosp","quantile",0.25,257,"COVID-19"
"DE-TH","00+",2022-11-17,2022-11-15,"-2 day ahead inc hosp","quantile",0.25,196,"COVID-19"
"DE","00-04",2022-11-17,2022-11-15,"-2 day ahead inc hosp","quantile",0.5,139,"COVID-19"
"DE","00+",2022-11-17,2022-11-15,"-2 day ahead inc hosp","quantile",0.5,7618,"COVID-19"
"DE","05-14",2022-11-17,2022-11-15,"-2 day ahead inc hosp","quantile",0.5,37,"COVID-19"
"DE","15-34",2022-11-17,2022-11-15,"-2 day ahead inc hosp","quantile",0.5,387,"COVID-19"
"DE","35-59",2022-11-17,2022-11-15,"-2 day ahead inc hosp","quantile",0.5,995,"COVID-19"
"DE","60-79",2022-11-17,2022-11-15,"-2 day ahead inc hosp","quantile",0.5,2734,"COVID-19"
"DE","80+",2022-11-17,2022-11-15,"-2 day ahead inc hosp","quantile",0.5,3310,"COVID-19"
"DE-BB","00+",2022-11-17,2022-11-15,"-2 day ahead inc hosp","quantile",0.5,391,"COVID-19"
"DE-BE","00+",2022-11-17,2022-11-15,"-2 day ahead inc hosp","quantile",0.5,441,"COVID-19"
"DE-BW","00+",2022-11-17,2022-11-15,"-2 day ahead inc hosp","quantile",0.5,755,"COVID-19"
"DE-BY","00+",2022-11-17,2022-11-15,"-2 day ahead inc hosp","quantile",0.5,1226,"COVID-19"
"DE-HB","00+",2022-11-17,2022-11-15,"-2 day ahead inc hosp","quantile",0.5,33,"COVID-19"
"DE-HE","00+",2022-11-17,2022-11-15,"-2 day ahead inc hosp","quantile",0.5,494,"COVID-19"
"DE-HH","00+",2022-11-17,2022-11-15,"-2 day ahead inc hosp","quantile",0.5,146,"COVID-19"
"DE-MV","00+",2022-11-17,2022-11-15,"-2 day ahead inc hosp","quantile",0.5,213,"COVID-19"
"DE-NI","00+",2022-11-17,2022-11-15,"-2 day ahead inc hosp","quantile",0.5,496,"COVID-19"
"DE-NW","00+",2022-11-17,2022-11-15,"-2 day ahead inc hosp","quantile",0.5,2064,"COVID-19"
"DE-RP","00+",2022-11-17,2022-11-15,"-2 day ahead inc hosp","quantile",0.5,298,"COVID-19"
"DE-SH","00+",2022-11-17,2022-11-15,"-2 day ahead inc hosp","quantile",0.5,348,"COVID-19"
"DE-SL","00+",2022-11-17,2022-11-15,"-2 day ahead inc hosp","quantile",0.5,93,"COVID-19"
"DE-SN","00+",2022-11-17,2022-11-15,"-2 day ahead inc hosp","quantile",0.5,326,"COVID-19"
"DE-ST","00+",2022-11-17,2022-11-15,"-2 day ahead inc hosp","quantile",0.5,272,"COVID-19"
"DE-TH","00+",2022-11-17,2022-11-15,"-2 day ahead inc hosp","quantile",0.5,205,"COVID-19"
"DE","00-04",2022-11-17,2022-11-15,"-2 day ahead inc hosp","quantile",0.75,147,"COVID-19"
"DE","00+",2022-11-17,2022-11-15,"-2 day ahead inc hosp","quantile",0.75,7883,"COVID-19"
"DE","05-14",2022-11-17,2022-11-15,"-2 day ahead inc hosp","quantile",0.75,41,"COVID-19"
"DE","15-34",2022-11-17,2022-11-15,"-2 day ahead inc hosp","quantile",0.75,403,"COVID-19"
"DE","35-59",2022-11-17,2022-11-15,"-2 day ahead inc hosp","quantile",0.75,1031,"COVID-19"
"DE","60-79",2022-11-17,2022-11-15,"-2 day ahead inc hosp","quantile",0.75,2823,"COVID-19"
"DE","80+",2022-11-17,2022-11-15,"-2 day ahead inc hosp","quantile",0.75,3420,"COVID-19"
"DE-BB","00+",2022-11-17,2022-11-15,"-2 day ahead inc hosp","quantile",0.75,419,"COVID-19"
"DE-BE","00+",2022-11-17,2022-11-15,"-2 day ahead inc hosp","quantile",0.75,492,"COVID-19"
"DE-BW","00+",2022-11-17,2022-11-15,"-2 day ahead inc hosp","quantile",0.75,819,"COVID-19"
"DE-BY","00+",2022-11-17,2022-11-15,"-2 day ahead inc hosp","quantile",0.75,1267,"COVID-19"
"DE-HB","00+",2022-11-17,2022-11-15,"-2 day ahead inc hosp","quantile",0.75,37,"COVID-19"
"DE-HE","00+",2022-11-17,2022-11-15,"-2 day ahead inc hosp","quantile",0.75,520,"COVID-19"
"DE-HH","00+",2022-11-17,2022-11-15,"-2 day ahead inc hosp","quantile",0.75,163,"COVID-19"
"DE-MV","00+",2022-11-17,2022-11-15,"-2 day ahead inc hosp","quantile",0.75,221,"COVID-19"
"DE-NI","00+",2022-11-17,2022-11-15,"-2 day ahead inc hosp","quantile",0.75,536,"COVID-19"
"DE-NW","00+",2022-11-17,2022-11-15,"-2 day ahead inc hosp","quantile",0.75,2178,"COVID-19"
"DE-RP","00+",2022-11-17,2022-11-15,"-2 day ahead inc hosp","quantile",0.75,318,"COVID-19"
"DE-SH","00+",2022-11-17,2022-11-15,"-2 day ahead inc hosp","quantile",0.75,362,"COVID-19"
"DE-SL","00+",2022-11-17,2022-11-15,"-2 day ahead inc hosp","quantile",0.75,101,"COVID-19"
"DE-SN","00+",2022-11-17,2022-11-15,"-2 day ahead inc hosp","quantile",0.75,347,"COVID-19"
"DE-ST","00+",2022-11-17,2022-11-15,"-2 day ahead inc hosp","quantile",0.75,301,"COVID-19"
"DE-TH","00+",2022-11-17,2022-11-15,"-2 day ahead inc hosp","quantile",0.75,215,"COVID-19"
"DE","00-04",2022-11-17,2022-11-15,"-2 day ahead inc hosp","quantile",0.9,155,"COVID-19"
"DE","00+",2022-11-17,2022-11-15,"-2 day ahead inc hosp","quantile",0.9,8157,"COVID-19"
"DE","05-14",2022-11-17,2022-11-15,"-2 day ahead inc hosp","quantile",0.9,45,"COVID-19"
"DE","15-34",2022-11-17,2022-11-15,"-2 day ahead inc hosp","quantile",0.9,420,"COVID-19"
"DE","35-59",2022-11-17,2022-11-15,"-2 day ahead inc hosp","quantile",0.9,1068,"COVID-19"
"DE","60-79",2022-11-17,2022-11-15,"-2 day ahead inc hosp","quantile",0.9,2917,"COVID-19"
"DE","80+",2022-11-17,2022-11-15,"-2 day ahead inc hosp","quantile",0.9,3526,"COVID-19"
"DE-BB","00+",2022-11-17,2022-11-15,"-2 day ahead inc hosp","quantile",0.9,447,"COVID-19"
"DE-BE","00+",2022-11-17,2022-11-15,"-2 day ahead inc hosp","quantile",0.9,559,"COVID-19"
"DE-BW","00+",2022-11-17,2022-11-15,"-2 day ahead inc hosp","quantile",0.9,887,"COVID-19"
"DE-BY","00+",2022-11-17,2022-11-15,"-2 day ahead inc hosp","quantile",0.9,1317,"COVID-19"
"DE-HB","00+",2022-11-17,2022-11-15,"-2 day ahead inc hosp","quantile",0.9,42,"COVID-19"
"DE-HE","00+",2022-11-17,2022-11-15,"-2 day ahead inc hosp","quantile",0.9,549,"COVID-19"
"DE-HH","00+",2022-11-17,2022-11-15,"-2 day ahead inc hosp","quantile",0.9,184,"COVID-19"
"DE-MV","00+",2022-11-17,2022-11-15,"-2 day ahead inc hosp","quantile",0.9,227,"COVID-19"
"DE-NI","00+",2022-11-17,2022-11-15,"-2 day ahead inc hosp","quantile",0.9,578,"COVID-19"
"DE-NW","00+",2022-11-17,2022-11-15,"-2 day ahead inc hosp","quantile",0.9,2276,"COVID-19"
"DE-RP","00+",2022-11-17,2022-11-15,"-2 day ahead inc hosp","quantile",0.9,338,"COVID-19"
"DE-SH","00+",2022-11-17,2022-11-15,"-2 day ahead inc hosp","quantile",0.9,377,"COVID-19"
"DE-SL","00+",2022-11-17,2022-11-15,"-2 day ahead inc hosp","quantile",0.9,110,"COVID-19"
"DE-SN","00+",2022-11-17,2022-11-15,"-2 day ahead inc hosp","quantile",0.9,373,"COVID-19"
"DE-ST","00+",2022-11-17,2022-11-15,"-2 day ahead inc hosp","quantile",0.9,338,"COVID-19"
"DE-TH","00+",2022-11-17,2022-11-15,"-2 day ahead inc hosp","quantile",0.9,224,"COVID-19"
"DE","00-04",2022-11-17,2022-11-15,"-2 day ahead inc hosp","quantile",0.975,166,"COVID-19"
"DE","00+",2022-11-17,2022-11-15,"-2 day ahead inc hosp","quantile",0.975,8497,"COVID-19"
"DE","05-14",2022-11-17,2022-11-15,"-2 day ahead inc hosp","quantile",0.975,51,"COVID-19"
"DE","15-34",2022-11-17,2022-11-15,"-2 day ahead inc hosp","quantile",0.975,440,"COVID-19"
"DE","35-59",2022-11-17,2022-11-15,"-2 day ahead inc hosp","quantile",0.975,1110,"COVID-19"
"DE","60-79",2022-11-17,2022-11-15,"-2 day ahead inc hosp","quantile",0.975,3038,"COVID-19"
"DE","80+",2022-11-17,2022-11-15,"-2 day ahead inc hosp","quantile",0.975,3675,"COVID-19"
"DE-BB","00+",2022-11-17,2022-11-15,"-2 day ahead inc hosp","quantile",0.975,491,"COVID-19"
"DE-BE","00+",2022-11-17,2022-11-15,"-2 day ahead inc hosp","quantile",0.975,658,"COVID-19"
"DE-BW","00+",2022-11-17,2022-11-15,"-2 day ahead inc hosp","quantile",0.975,983,"COVID-19"
"DE-BY","00+",2022-11-17,2022-11-15,"-2 day ahead inc hosp","quantile",0.975,1387,"COVID-19"
"DE-HB","00+",2022-11-17,2022-11-15,"-2 day ahead inc hosp","quantile",0.975,48,"COVID-19"
"DE-HE","00+",2022-11-17,2022-11-15,"-2 day ahead inc hosp","quantile",0.975,583,"COVID-19"
"DE-HH","00+",2022-11-17,2022-11-15,"-2 day ahead inc hosp","quantile",0.975,206,"COVID-19"
"DE-MV","00+",2022-11-17,2022-11-15,"-2 day ahead inc hosp","quantile",0.975,239,"COVID-19"
"DE-NI","00+",2022-11-17,2022-11-15,"-2 day ahead inc hosp","quantile",0.975,635,"COVID-19"
"DE-NW","00+",2022-11-17,2022-11-15,"-2 day ahead inc hosp","quantile",0.975,2475,"COVID-19"
"DE-RP","00+",2022-11-17,2022-11-15,"-2 day ahead inc hosp","quantile",0.975,365,"COVID-19"
"DE-SH","00+",2022-11-17,2022-11-15,"-2 day ahead inc hosp","quantile",0.975,395,"COVID-19"
"DE-SL","00+",2022-11-17,2022-11-15,"-2 day ahead inc hosp","quantile",0.975,125,"COVID-19"
"DE-SN","00+",2022-11-17,2022-11-15,"-2 day ahead inc hosp","quantile",0.975,401,"COVID-19"
"DE-ST","00+",2022-11-17,2022-11-15,"-2 day ahead inc hosp","quantile",0.975,396,"COVID-19"
"DE-TH","00+",2022-11-17,2022-11-15,"-2 day ahead inc hosp","quantile",0.975,238,"COVID-19"
"DE","00-04",2022-11-17,2022-11-16,"-1 day ahead inc hosp","mean",NA,144,"COVID-19"
"DE","00+",2022-11-17,2022-11-16,"-1 day ahead inc hosp","mean",NA,7691,"COVID-19"
"DE","05-14",2022-11-17,2022-11-16,"-1 day ahead inc hosp","mean",NA,42,"COVID-19"
"DE","15-34",2022-11-17,2022-11-16,"-1 day ahead inc hosp","mean",NA,408,"COVID-19"
"DE","35-59",2022-11-17,2022-11-16,"-1 day ahead inc hosp","mean",NA,1026,"COVID-19"
"DE","60-79",2022-11-17,2022-11-16,"-1 day ahead inc hosp","mean",NA,2732,"COVID-19"
"DE","80+",2022-11-17,2022-11-16,"-1 day ahead inc hosp","mean",NA,3316,"COVID-19"
"DE-BB","00+",2022-11-17,2022-11-16,"-1 day ahead inc hosp","mean",NA,371,"COVID-19"
"DE-BE","00+",2022-11-17,2022-11-16,"-1 day ahead inc hosp","mean",NA,466,"COVID-19"
"DE-BW","00+",2022-11-17,2022-11-16,"-1 day ahead inc hosp","mean",NA,782,"COVID-19"
"DE-BY","00+",2022-11-17,2022-11-16,"-1 day ahead inc hosp","mean",NA,1248,"COVID-19"
"DE-HB","00+",2022-11-17,2022-11-16,"-1 day ahead inc hosp","mean",NA,34,"COVID-19"
"DE-HE","00+",2022-11-17,2022-11-16,"-1 day ahead inc hosp","mean",NA,502,"COVID-19"
"DE-HH","00+",2022-11-17,2022-11-16,"-1 day ahead inc hosp","mean",NA,181,"COVID-19"
"DE-MV","00+",2022-11-17,2022-11-16,"-1 day ahead inc hosp","mean",NA,225,"COVID-19"
"DE-NI","00+",2022-11-17,2022-11-16,"-1 day ahead inc hosp","mean",NA,506,"COVID-19"
"DE-NW","00+",2022-11-17,2022-11-16,"-1 day ahead inc hosp","mean",NA,2037,"COVID-19"
"DE-RP","00+",2022-11-17,2022-11-16,"-1 day ahead inc hosp","mean",NA,336,"COVID-19"
"DE-SH","00+",2022-11-17,2022-11-16,"-1 day ahead inc hosp","mean",NA,366,"COVID-19"
"DE-SL","00+",2022-11-17,2022-11-16,"-1 day ahead inc hosp","mean",NA,99,"COVID-19"
"DE-SN","00+",2022-11-17,2022-11-16,"-1 day ahead inc hosp","mean",NA,314,"COVID-19"
"DE-ST","00+",2022-11-17,2022-11-16,"-1 day ahead inc hosp","mean",NA,268,"COVID-19"
"DE-TH","00+",2022-11-17,2022-11-16,"-1 day ahead inc hosp","mean",NA,231,"COVID-19"
"DE","00-04",2022-11-17,2022-11-16,"-1 day ahead inc hosp","quantile",0.025,121,"COVID-19"
"DE","00+",2022-11-17,2022-11-16,"-1 day ahead inc hosp","quantile",0.025,6896,"COVID-19"
"DE","05-14",2022-11-17,2022-11-16,"-1 day ahead inc hosp","quantile",0.025,34,"COVID-19"
"DE","15-34",2022-11-17,2022-11-16,"-1 day ahead inc hosp","quantile",0.025,361,"COVID-19"
"DE","35-59",2022-11-17,2022-11-16,"-1 day ahead inc hosp","quantile",0.025,916,"COVID-19"
"DE","60-79",2022-11-17,2022-11-16,"-1 day ahead inc hosp","quantile",0.025,2453,"COVID-19"
"DE","80+",2022-11-17,2022-11-16,"-1 day ahead inc hosp","quantile",0.025,2944,"COVID-19"
"DE-BB","00+",2022-11-17,2022-11-16,"-1 day ahead inc hosp","quantile",0.025,316,"COVID-19"
"DE-BE","00+",2022-11-17,2022-11-16,"-1 day ahead inc hosp","quantile",0.025,375,"COVID-19"
"DE-BW","00+",2022-11-17,2022-11-16,"-1 day ahead inc hosp","quantile",0.025,623,"COVID-19"
"DE-BY","00+",2022-11-17,2022-11-16,"-1 day ahead inc hosp","quantile",0.025,1112,"COVID-19"
"DE-HB","00+",2022-11-17,2022-11-16,"-1 day ahead inc hosp","quantile",0.025,26,"COVID-19"
"DE-HE","00+",2022-11-17,2022-11-16,"-1 day ahead inc hosp","quantile",0.025,435,"COVID-19"
"DE-HH","00+",2022-11-17,2022-11-16,"-1 day ahead inc hosp","quantile",0.025,125,"COVID-19"
"DE-MV","00+",2022-11-17,2022-11-16,"-1 day ahead inc hosp","quantile",0.025,199,"COVID-19"
"DE-NI","00+",2022-11-17,2022-11-16,"-1 day ahead inc hosp","quantile",0.025,426,"COVID-19"
"DE-NW","00+",2022-11-17,2022-11-16,"-1 day ahead inc hosp","quantile",0.025,1692,"COVID-19"
"DE-RP","00+",2022-11-17,2022-11-16,"-1 day ahead inc hosp","quantile",0.025,283,"COVID-19"
"DE-SH","00+",2022-11-17,2022-11-16,"-1 day ahead inc hosp","quantile",0.025,315,"COVID-19"
"DE-SL","00+",2022-11-17,2022-11-16,"-1 day ahead inc hosp","quantile",0.025,84,"COVID-19"
"DE-SN","00+",2022-11-17,2022-11-16,"-1 day ahead inc hosp","quantile",0.025,260,"COVID-19"
"DE-ST","00+",2022-11-17,2022-11-16,"-1 day ahead inc hosp","quantile",0.025,226,"COVID-19"
"DE-TH","00+",2022-11-17,2022-11-16,"-1 day ahead inc hosp","quantile",0.025,197,"COVID-19"
"DE","00-04",2022-11-17,2022-11-16,"-1 day ahead inc hosp","quantile",0.1,128,"COVID-19"
"DE","00+",2022-11-17,2022-11-16,"-1 day ahead inc hosp","quantile",0.1,7134,"COVID-19"
"DE","05-14",2022-11-17,2022-11-16,"-1 day ahead inc hosp","quantile",0.1,36,"COVID-19"
"DE","15-34",2022-11-17,2022-11-16,"-1 day ahead inc hosp","quantile",0.1,373,"COVID-19"
"DE","35-59",2022-11-17,2022-11-16,"-1 day ahead inc hosp","quantile",0.1,947,"COVID-19"
"DE","60-79",2022-11-17,2022-11-16,"-1 day ahead inc hosp","quantile",0.1,2541,"COVID-19"
"DE","80+",2022-11-17,2022-11-16,"-1 day ahead inc hosp","quantile",0.1,3062,"COVID-19"
"DE-BB","00+",2022-11-17,2022-11-16,"-1 day ahead inc hosp","quantile",0.1,330,"COVID-19"
"DE-BE","00+",2022-11-17,2022-11-16,"-1 day ahead inc hosp","quantile",0.1,400,"COVID-19"
"DE-BW","00+",2022-11-17,2022-11-16,"-1 day ahead inc hosp","quantile",0.1,671,"COVID-19"
"DE-BY","00+",2022-11-17,2022-11-16,"-1 day ahead inc hosp","quantile",0.1,1150,"COVID-19"
"DE-HB","00+",2022-11-17,2022-11-16,"-1 day ahead inc hosp","quantile",0.1,27,"COVID-19"
"DE-HE","00+",2022-11-17,2022-11-16,"-1 day ahead inc hosp","quantile",0.1,451,"COVID-19"
"DE-HH","00+",2022-11-17,2022-11-16,"-1 day ahead inc hosp","quantile",0.1,136,"COVID-19"
"DE-MV","00+",2022-11-17,2022-11-16,"-1 day ahead inc hosp","quantile",0.1,207,"COVID-19"
"DE-NI","00+",2022-11-17,2022-11-16,"-1 day ahead inc hosp","quantile",0.1,447,"COVID-19"
"DE-NW","00+",2022-11-17,2022-11-16,"-1 day ahead inc hosp","quantile",0.1,1809,"COVID-19"
"DE-RP","00+",2022-11-17,2022-11-16,"-1 day ahead inc hosp","quantile",0.1,296,"COVID-19"
"DE-SH","00+",2022-11-17,2022-11-16,"-1 day ahead inc hosp","quantile",0.1,330,"COVID-19"
"DE-SL","00+",2022-11-17,2022-11-16,"-1 day ahead inc hosp","quantile",0.1,87,"COVID-19"
"DE-SN","00+",2022-11-17,2022-11-16,"-1 day ahead inc hosp","quantile",0.1,273,"COVID-19"
"DE-ST","00+",2022-11-17,2022-11-16,"-1 day ahead inc hosp","quantile",0.1,236,"COVID-19"
"DE-TH","00+",2022-11-17,2022-11-16,"-1 day ahead inc hosp","quantile",0.1,205,"COVID-19"
"DE","00-04",2022-11-17,2022-11-16,"-1 day ahead inc hosp","quantile",0.25,135,"COVID-19"
"DE","00+",2022-11-17,2022-11-16,"-1 day ahead inc hosp","quantile",0.25,7349,"COVID-19"
"DE","05-14",2022-11-17,2022-11-16,"-1 day ahead inc hosp","quantile",0.25,39,"COVID-19"
"DE","15-34",2022-11-17,2022-11-16,"-1 day ahead inc hosp","quantile",0.25,387,"COVID-19"
"DE","35-59",2022-11-17,2022-11-16,"-1 day ahead inc hosp","quantile",0.25,979,"COVID-19"
"DE","60-79",2022-11-17,2022-11-16,"-1 day ahead inc hosp","quantile",0.25,2613,"COVID-19"
"DE","80+",2022-11-17,2022-11-16,"-1 day ahead inc hosp","quantile",0.25,3160,"COVID-19"
"DE-BB","00+",2022-11-17,2022-11-16,"-1 day ahead inc hosp","quantile",0.25,351,"COVID-19"
"DE-BE","00+",2022-11-17,2022-11-16,"-1 day ahead inc hosp","quantile",0.25,430,"COVID-19"
"DE-BW","00+",2022-11-17,2022-11-16,"-1 day ahead inc hosp","quantile",0.25,709,"COVID-19"
"DE-BY","00+",2022-11-17,2022-11-16,"-1 day ahead inc hosp","quantile",0.25,1190,"COVID-19"
"DE-HB","00+",2022-11-17,2022-11-16,"-1 day ahead inc hosp","quantile",0.25,30,"COVID-19"
"DE-HE","00+",2022-11-17,2022-11-16,"-1 day ahead inc hosp","quantile",0.25,470,"COVID-19"
"DE-HH","00+",2022-11-17,2022-11-16,"-1 day ahead inc hosp","quantile",0.25,153,"COVID-19"
"DE-MV","00+",2022-11-17,2022-11-16,"-1 day ahead inc hosp","quantile",0.25,213,"COVID-19"
"DE-NI","00+",2022-11-17,2022-11-16,"-1 day ahead inc hosp","quantile",0.25,469,"COVID-19"
"DE-NW","00+",2022-11-17,2022-11-16,"-1 day ahead inc hosp","quantile",0.25,1897,"COVID-19"
"DE-RP","00+",2022-11-17,2022-11-16,"-1 day ahead inc hosp","quantile",0.25,312,"COVID-19"
"DE-SH","00+",2022-11-17,2022-11-16,"-1 day ahead inc hosp","quantile",0.25,345,"COVID-19"
"DE-SL","00+",2022-11-17,2022-11-16,"-1 day ahead inc hosp","quantile",0.25,91,"COVID-19"
"DE-SN","00+",2022-11-17,2022-11-16,"-1 day ahead inc hosp","quantile",0.25,287,"COVID-19"
"DE-ST","00+",2022-11-17,2022-11-16,"-1 day ahead inc hosp","quantile",0.25,251,"COVID-19"
"DE-TH","00+",2022-11-17,2022-11-16,"-1 day ahead inc hosp","quantile",0.25,215,"COVID-19"
"DE","00-04",2022-11-17,2022-11-16,"-1 day ahead inc hosp","quantile",0.5,144,"COVID-19"
"DE","00+",2022-11-17,2022-11-16,"-1 day ahead inc hosp","quantile",0.5,7617,"COVID-19"
"DE","05-14",2022-11-17,2022-11-16,"-1 day ahead inc hosp","quantile",0.5,42,"COVID-19"
"DE","15-34",2022-11-17,2022-11-16,"-1 day ahead inc hosp","quantile",0.5,404,"COVID-19"
"DE","35-59",2022-11-17,2022-11-16,"-1 day ahead inc hosp","quantile",0.5,1017,"COVID-19"
"DE","60-79",2022-11-17,2022-11-16,"-1 day ahead inc hosp","quantile",0.5,2705,"COVID-19"
"DE","80+",2022-11-17,2022-11-16,"-1 day ahead inc hosp","quantile",0.5,3295,"COVID-19"
"DE-BB","00+",2022-11-17,2022-11-16,"-1 day ahead inc hosp","quantile",0.5,372,"COVID-19"
"DE-BE","00+",2022-11-17,2022-11-16,"-1 day ahead inc hosp","quantile",0.5,469,"COVID-19"
"DE-BW","00+",2022-11-17,2022-11-16,"-1 day ahead inc hosp","quantile",0.5,760,"COVID-19"
"DE-BY","00+",2022-11-17,2022-11-16,"-1 day ahead inc hosp","quantile",0.5,1237,"COVID-19"
"DE-HB","00+",2022-11-17,2022-11-16,"-1 day ahead inc hosp","quantile",0.5,34,"COVID-19"
"DE-HE","00+",2022-11-17,2022-11-16,"-1 day ahead inc hosp","quantile",0.5,498,"COVID-19"
"DE-HH","00+",2022-11-17,2022-11-16,"-1 day ahead inc hosp","quantile",0.5,175,"COVID-19"
"DE-MV","00+",2022-11-17,2022-11-16,"-1 day ahead inc hosp","quantile",0.5,223,"COVID-19"
"DE-NI","00+",2022-11-17,2022-11-16,"-1 day ahead inc hosp","quantile",0.5,503,"COVID-19"
"DE-NW","00+",2022-11-17,2022-11-16,"-1 day ahead inc hosp","quantile",0.5,2013,"COVID-19"
"DE-RP","00+",2022-11-17,2022-11-16,"-1 day ahead inc hosp","quantile",0.5,332,"COVID-19"
"DE-SH","00+",2022-11-17,2022-11-16,"-1 day ahead inc hosp","quantile",0.5,363,"COVID-19"
"DE-SL","00+",2022-11-17,2022-11-16,"-1 day ahead inc hosp","quantile",0.5,97,"COVID-19"
"DE-SN","00+",2022-11-17,2022-11-16,"-1 day ahead inc hosp","quantile",0.5,307,"COVID-19"
"DE-ST","00+",2022-11-17,2022-11-16,"-1 day ahead inc hosp","quantile",0.5,269,"COVID-19"
"DE-TH","00+",2022-11-17,2022-11-16,"-1 day ahead inc hosp","quantile",0.5,227,"COVID-19"
"DE","00-04",2022-11-17,2022-11-16,"-1 day ahead inc hosp","quantile",0.75,154,"COVID-19"
"DE","00+",2022-11-17,2022-11-16,"-1 day ahead inc hosp","quantile",0.75,7996,"COVID-19"
"DE","05-14",2022-11-17,2022-11-16,"-1 day ahead inc hosp","quantile",0.75,47,"COVID-19"
"DE","15-34",2022-11-17,2022-11-16,"-1 day ahead inc hosp","quantile",0.75,427,"COVID-19"
"DE","35-59",2022-11-17,2022-11-16,"-1 day ahead inc hosp","quantile",0.75,1066,"COVID-19"
"DE","60-79",2022-11-17,2022-11-16,"-1 day ahead inc hosp","quantile",0.75,2836,"COVID-19"
"DE","80+",2022-11-17,2022-11-16,"-1 day ahead inc hosp","quantile",0.75,3451,"COVID-19"
"DE-BB","00+",2022-11-17,2022-11-16,"-1 day ahead inc hosp","quantile",0.75,404,"COVID-19"
"DE-BE","00+",2022-11-17,2022-11-16,"-1 day ahead inc hosp","quantile",0.75,538,"COVID-19"
"DE-BW","00+",2022-11-17,2022-11-16,"-1 day ahead inc hosp","quantile",0.75,851,"COVID-19"
"DE-BY","00+",2022-11-17,2022-11-16,"-1 day ahead inc hosp","quantile",0.75,1298,"COVID-19"
"DE-HB","00+",2022-11-17,2022-11-16,"-1 day ahead inc hosp","quantile",0.75,38,"COVID-19"
"DE-HE","00+",2022-11-17,2022-11-16,"-1 day ahead inc hosp","quantile",0.75,534,"COVID-19"
"DE-HH","00+",2022-11-17,2022-11-16,"-1 day ahead inc hosp","quantile",0.75,203,"COVID-19"
"DE-MV","00+",2022-11-17,2022-11-16,"-1 day ahead inc hosp","quantile",0.75,237,"COVID-19"
"DE-NI","00+",2022-11-17,2022-11-16,"-1 day ahead inc hosp","quantile",0.75,551,"COVID-19"
"DE-NW","00+",2022-11-17,2022-11-16,"-1 day ahead inc hosp","quantile",0.75,2164,"COVID-19"
"DE-RP","00+",2022-11-17,2022-11-16,"-1 day ahead inc hosp","quantile",0.75,361,"COVID-19"
"DE-SH","00+",2022-11-17,2022-11-16,"-1 day ahead inc hosp","quantile",0.75,385,"COVID-19"
"DE-SL","00+",2022-11-17,2022-11-16,"-1 day ahead inc hosp","quantile",0.75,108,"COVID-19"
"DE-SN","00+",2022-11-17,2022-11-16,"-1 day ahead inc hosp","quantile",0.75,335,"COVID-19"
"DE-ST","00+",2022-11-17,2022-11-16,"-1 day ahead inc hosp","quantile",0.75,302,"COVID-19"
"DE-TH","00+",2022-11-17,2022-11-16,"-1 day ahead inc hosp","quantile",0.75,243,"COVID-19"
"DE","00-04",2022-11-17,2022-11-16,"-1 day ahead inc hosp","quantile",0.9,165,"COVID-19"
"DE","00+",2022-11-17,2022-11-16,"-1 day ahead inc hosp","quantile",0.9,8354,"COVID-19"
"DE","05-14",2022-11-17,2022-11-16,"-1 day ahead inc hosp","quantile",0.9,52,"COVID-19"
"DE","15-34",2022-11-17,2022-11-16,"-1 day ahead inc hosp","quantile",0.9,451,"COVID-19"
"DE","35-59",2022-11-17,2022-11-16,"-1 day ahead inc hosp","quantile",0.9,1119,"COVID-19"
"DE","60-79",2022-11-17,2022-11-16,"-1 day ahead inc hosp","quantile",0.9,2957,"COVID-19"
"DE","80+",2022-11-17,2022-11-16,"-1 day ahead inc hosp","quantile",0.9,3607,"COVID-19"
"DE-BB","00+",2022-11-17,2022-11-16,"-1 day ahead inc hosp","quantile",0.9,439,"COVID-19"
"DE-BE","00+",2022-11-17,2022-11-16,"-1 day ahead inc hosp","quantile",0.9,623,"COVID-19"
"DE-BW","00+",2022-11-17,2022-11-16,"-1 day ahead inc hosp","quantile",0.9,933,"COVID-19"
"DE-BY","00+",2022-11-17,2022-11-16,"-1 day ahead inc hosp","quantile",0.9,1368,"COVID-19"
"DE-HB","00+",2022-11-17,2022-11-16,"-1 day ahead inc hosp","quantile",0.9,43,"COVID-19"
"DE-HE","00+",2022-11-17,2022-11-16,"-1 day ahead inc hosp","quantile",0.9,575,"COVID-19"
"DE-HH","00+",2022-11-17,2022-11-16,"-1 day ahead inc hosp","quantile",0.9,240,"COVID-19"
"DE-MV","00+",2022-11-17,2022-11-16,"-1 day ahead inc hosp","quantile",0.9,248,"COVID-19"
"DE-NI","00+",2022-11-17,2022-11-16,"-1 day ahead inc hosp","quantile",0.9,603,"COVID-19"
"DE-NW","00+",2022-11-17,2022-11-16,"-1 day ahead inc hosp","quantile",0.9,2328,"COVID-19"
"DE-RP","00+",2022-11-17,2022-11-16,"-1 day ahead inc hosp","quantile",0.9,393,"COVID-19"
"DE-SH","00+",2022-11-17,2022-11-16,"-1 day ahead inc hosp","quantile",0.9,408,"COVID-19"
"DE-SL","00+",2022-11-17,2022-11-16,"-1 day ahead inc hosp","quantile",0.9,119,"COVID-19"
"DE-SN","00+",2022-11-17,2022-11-16,"-1 day ahead inc hosp","quantile",0.9,367,"COVID-19"
"DE-ST","00+",2022-11-17,2022-11-16,"-1 day ahead inc hosp","quantile",0.9,344,"COVID-19"
"DE-TH","00+",2022-11-17,2022-11-16,"-1 day ahead inc hosp","quantile",0.9,262,"COVID-19"
"DE","00-04",2022-11-17,2022-11-16,"-1 day ahead inc hosp","quantile",0.975,179,"COVID-19"
"DE","00+",2022-11-17,2022-11-16,"-1 day ahead inc hosp","quantile",0.975,8903,"COVID-19"
"DE","05-14",2022-11-17,2022-11-16,"-1 day ahead inc hosp","quantile",0.975,60,"COVID-19"
"DE","15-34",2022-11-17,2022-11-16,"-1 day ahead inc hosp","quantile",0.975,479,"COVID-19"
"DE","35-59",2022-11-17,2022-11-16,"-1 day ahead inc hosp","quantile",0.975,1182,"COVID-19"
"DE","60-79",2022-11-17,2022-11-16,"-1 day ahead inc hosp","quantile",0.975,3140,"COVID-19"
"DE","80+",2022-11-17,2022-11-16,"-1 day ahead inc hosp","quantile",0.975,3836,"COVID-19"
"DE-BB","00+",2022-11-17,2022-11-16,"-1 day ahead inc hosp","quantile",0.975,490,"COVID-19"
"DE-BE","00+",2022-11-17,2022-11-16,"-1 day ahead inc hosp","quantile",0.975,745,"COVID-19"
"DE-BW","00+",2022-11-17,2022-11-16,"-1 day ahead inc hosp","quantile",0.975,1102,"COVID-19"
"DE-BY","00+",2022-11-17,2022-11-16,"-1 day ahead inc hosp","quantile",0.975,1465,"COVID-19"
"DE-HB","00+",2022-11-17,2022-11-16,"-1 day ahead inc hosp","quantile",0.975,50,"COVID-19"
"DE-HE","00+",2022-11-17,2022-11-16,"-1 day ahead inc hosp","quantile",0.975,625,"COVID-19"
"DE-HH","00+",2022-11-17,2022-11-16,"-1 day ahead inc hosp","quantile",0.975,279,"COVID-19"
"DE-MV","00+",2022-11-17,2022-11-16,"-1 day ahead inc hosp","quantile",0.975,267,"COVID-19"
"DE-NI","00+",2022-11-17,2022-11-16,"-1 day ahead inc hosp","quantile",0.975,674,"COVID-19"
"DE-NW","00+",2022-11-17,2022-11-16,"-1 day ahead inc hosp","quantile",0.975,2620,"COVID-19"
"DE-RP","00+",2022-11-17,2022-11-16,"-1 day ahead inc hosp","quantile",0.975,436,"COVID-19"
"DE-SH","00+",2022-11-17,2022-11-16,"-1 day ahead inc hosp","quantile",0.975,441,"COVID-19"
"DE-SL","00+",2022-11-17,2022-11-16,"-1 day ahead inc hosp","quantile",0.975,137,"COVID-19"
"DE-SN","00+",2022-11-17,2022-11-16,"-1 day ahead inc hosp","quantile",0.975,405,"COVID-19"
"DE-ST","00+",2022-11-17,2022-11-16,"-1 day ahead inc hosp","quantile",0.975,407,"COVID-19"
"DE-TH","00+",2022-11-17,2022-11-16,"-1 day ahead inc hosp","quantile",0.975,284,"COVID-19"
"DE","00-04",2022-11-17,2022-11-17,"0 day ahead inc hosp","mean",NA,149,"COVID-19"
"DE","00+",2022-11-17,2022-11-17,"0 day ahead inc hosp","mean",NA,7637,"COVID-19"
"DE","05-14",2022-11-17,2022-11-17,"0 day ahead inc hosp","mean",NA,47,"COVID-19"
"DE","15-34",2022-11-17,2022-11-17,"0 day ahead inc hosp","mean",NA,413,"COVID-19"
"DE","35-59",2022-11-17,2022-11-17,"0 day ahead inc hosp","mean",NA,1050,"COVID-19"
"DE","60-79",2022-11-17,2022-11-17,"0 day ahead inc hosp","mean",NA,2728,"COVID-19"
"DE","80+",2022-11-17,2022-11-17,"0 day ahead inc hosp","mean",NA,3228,"COVID-19"
"DE-BB","00+",2022-11-17,2022-11-17,"0 day ahead inc hosp","mean",NA,384,"COVID-19"
"DE-BE","00+",2022-11-17,2022-11-17,"0 day ahead inc hosp","mean",NA,507,"COVID-19"
"DE-BW","00+",2022-11-17,2022-11-17,"0 day ahead inc hosp","mean",NA,800,"COVID-19"
"DE-BY","00+",2022-11-17,2022-11-17,"0 day ahead inc hosp","mean",NA,1223,"COVID-19"
"DE-HB","00+",2022-11-17,2022-11-17,"0 day ahead inc hosp","mean",NA,35,"COVID-19"
"DE-HE","00+",2022-11-17,2022-11-17,"0 day ahead inc hosp","mean",NA,514,"COVID-19"
"DE-HH","00+",2022-11-17,2022-11-17,"0 day ahead inc hosp","mean",NA,204,"COVID-19"
"DE-MV","00+",2022-11-17,2022-11-17,"0 day ahead inc hosp","mean",NA,237,"COVID-19"
"DE-NI","00+",2022-11-17,2022-11-17,"0 day ahead inc hosp","mean",NA,496,"COVID-19"
"DE-NW","00+",2022-11-17,2022-11-17,"0 day ahead inc hosp","mean",NA,2041,"COVID-19"
"DE-RP","00+",2022-11-17,2022-11-17,"0 day ahead inc hosp","mean",NA,328,"COVID-19"
"DE-SH","00+",2022-11-17,2022-11-17,"0 day ahead inc hosp","mean",NA,355,"COVID-19"
"DE-SL","00+",2022-11-17,2022-11-17,"0 day ahead inc hosp","mean",NA,83,"COVID-19"
"DE-SN","00+",2022-11-17,2022-11-17,"0 day ahead inc hosp","mean",NA,303,"COVID-19"
"DE-ST","00+",2022-11-17,2022-11-17,"0 day ahead inc hosp","mean",NA,281,"COVID-19"
"DE-TH","00+",2022-11-17,2022-11-17,"0 day ahead inc hosp","mean",NA,245,"COVID-19"
"DE","00-04",2022-11-17,2022-11-17,"0 day ahead inc hosp","quantile",0.025,118,"COVID-19"
"DE","00+",2022-11-17,2022-11-17,"0 day ahead inc hosp","quantile",0.025,6587,"COVID-19"
"DE","05-14",2022-11-17,2022-11-17,"0 day ahead inc hosp","quantile",0.025,36,"COVID-19"
"DE","15-34",2022-11-17,2022-11-17,"0 day ahead inc hosp","quantile",0.025,341,"COVID-19"
"DE","35-59",2022-11-17,2022-11-17,"0 day ahead inc hosp","quantile",0.025,900,"COVID-19"
"DE","60-79",2022-11-17,2022-11-17,"0 day ahead inc hosp","quantile",0.025,2341,"COVID-19"
"DE","80+",2022-11-17,2022-11-17,"0 day ahead inc hosp","quantile",0.025,2722,"COVID-19"
"DE-BB","00+",2022-11-17,2022-11-17,"0 day ahead inc hosp","quantile",0.025,297,"COVID-19"
"DE-BE","00+",2022-11-17,2022-11-17,"0 day ahead inc hosp","quantile",0.025,373,"COVID-19"
"DE-BW","00+",2022-11-17,2022-11-17,"0 day ahead inc hosp","quantile",0.025,568,"COVID-19"
"DE-BY","00+",2022-11-17,2022-11-17,"0 day ahead inc hosp","quantile",0.025,1033,"COVID-19"
"DE-HB","00+",2022-11-17,2022-11-17,"0 day ahead inc hosp","quantile",0.025,26,"COVID-19"
"DE-HE","00+",2022-11-17,2022-11-17,"0 day ahead inc hosp","quantile",0.025,421,"COVID-19"
"DE-HH","00+",2022-11-17,2022-11-17,"0 day ahead inc hosp","quantile",0.025,117,"COVID-19"
"DE-MV","00+",2022-11-17,2022-11-17,"0 day ahead inc hosp","quantile",0.025,194,"COVID-19"
"DE-NI","00+",2022-11-17,2022-11-17,"0 day ahead inc hosp","quantile",0.025,383,"COVID-19"
"DE-NW","00+",2022-11-17,2022-11-17,"0 day ahead inc hosp","quantile",0.025,1519,"COVID-19"
"DE-RP","00+",2022-11-17,2022-11-17,"0 day ahead inc hosp","quantile",0.025,261,"COVID-19"
"DE-SH","00+",2022-11-17,2022-11-17,"0 day ahead inc hosp","quantile",0.025,286,"COVID-19"
"DE-SL","00+",2022-11-17,2022-11-17,"0 day ahead inc hosp","quantile",0.025,68,"COVID-19"
"DE-SN","00+",2022-11-17,2022-11-17,"0 day ahead inc hosp","quantile",0.025,241,"COVID-19"
"DE-ST","00+",2022-11-17,2022-11-17,"0 day ahead inc hosp","quantile",0.025,219,"COVID-19"
"DE-TH","00+",2022-11-17,2022-11-17,"0 day ahead inc hosp","quantile",0.025,191,"COVID-19"
"DE","00-04",2022-11-17,2022-11-17,"0 day ahead inc hosp","quantile",0.1,127,"COVID-19"
"DE","00+",2022-11-17,2022-11-17,"0 day ahead inc hosp","quantile",0.1,6849,"COVID-19"
"DE","05-14",2022-11-17,2022-11-17,"0 day ahead inc hosp","quantile",0.1,39,"COVID-19"
"DE","15-34",2022-11-17,2022-11-17,"0 day ahead inc hosp","quantile",0.1,365,"COVID-19"
"DE","35-59",2022-11-17,2022-11-17,"0 day ahead inc hosp","quantile",0.1,941,"COVID-19"
"DE","60-79",2022-11-17,2022-11-17,"0 day ahead inc hosp","quantile",0.1,2446,"COVID-19"
"DE","80+",2022-11-17,2022-11-17,"0 day ahead inc hosp","quantile",0.1,2865,"COVID-19"
"DE-BB","00+",2022-11-17,2022-11-17,"0 day ahead inc hosp","quantile",0.1,317,"COVID-19"
"DE-BE","00+",2022-11-17,2022-11-17,"0 day ahead inc hosp","quantile",0.1,411,"COVID-19"
"DE-BW","00+",2022-11-17,2022-11-17,"0 day ahead inc hosp","quantile",0.1,628,"COVID-19"
"DE-BY","00+",2022-11-17,2022-11-17,"0 day ahead inc hosp","quantile",0.1,1089,"COVID-19"
"DE-HB","00+",2022-11-17,2022-11-17,"0 day ahead inc hosp","quantile",0.1,27,"COVID-19"
"DE-HE","00+",2022-11-17,2022-11-17,"0 day ahead inc hosp","quantile",0.1,444,"COVID-19"
"DE-HH","00+",2022-11-17,2022-11-17,"0 day ahead inc hosp","quantile",0.1,128,"COVID-19"
"DE-MV","00+",2022-11-17,2022-11-17,"0 day ahead inc hosp","quantile",0.1,206,"COVID-19"
"DE-NI","00+",2022-11-17,2022-11-17,"0 day ahead inc hosp","quantile",0.1,419,"COVID-19"
"DE-NW","00+",2022-11-17,2022-11-17,"0 day ahead inc hosp","quantile",0.1,1677,"COVID-19"
"DE-RP","00+",2022-11-17,2022-11-17,"0 day ahead inc hosp","quantile",0.1,278,"COVID-19"
"DE-SH","00+",2022-11-17,2022-11-17,"0 day ahead inc hosp","quantile",0.1,304,"COVID-19"
"DE-SL","00+",2022-11-17,2022-11-17,"0 day ahead inc hosp","quantile",0.1,70,"COVID-19"
"DE-SN","00+",2022-11-17,2022-11-17,"0 day ahead inc hosp","quantile",0.1,254,"COVID-19"
"DE-ST","00+",2022-11-17,2022-11-17,"0 day ahead inc hosp","quantile",0.1,235,"COVID-19"
"DE-TH","00+",2022-11-17,2022-11-17,"0 day ahead inc hosp","quantile",0.1,203,"COVID-19"
"DE","00-04",2022-11-17,2022-11-17,"0 day ahead inc hosp","quantile",0.25,135,"COVID-19"
"DE","00+",2022-11-17,2022-11-17,"0 day ahead inc hosp","quantile",0.25,7145,"COVID-19"
"DE","05-14",2022-11-17,2022-11-17,"0 day ahead inc hosp","quantile",0.25,43,"COVID-19"
"DE","15-34",2022-11-17,2022-11-17,"0 day ahead inc hosp","quantile",0.25,383,"COVID-19"
"DE","35-59",2022-11-17,2022-11-17,"0 day ahead inc hosp","quantile",0.25,984,"COVID-19"
"DE","60-79",2022-11-17,2022-11-17,"0 day ahead inc hosp","quantile",0.25,2554,"COVID-19"
"DE","80+",2022-11-17,2022-11-17,"0 day ahead inc hosp","quantile",0.25,3004,"COVID-19"
"DE-BB","00+",2022-11-17,2022-11-17,"0 day ahead inc hosp","quantile",0.25,352,"COVID-19"
"DE-BE","00+",2022-11-17,2022-11-17,"0 day ahead inc hosp","quantile",0.25,454,"COVID-19"
"DE-BW","00+",2022-11-17,2022-11-17,"0 day ahead inc hosp","quantile",0.25,683,"COVID-19"
"DE-BY","00+",2022-11-17,2022-11-17,"0 day ahead inc hosp","quantile",0.25,1136,"COVID-19"
"DE-HB","00+",2022-11-17,2022-11-17,"0 day ahead inc hosp","quantile",0.25,30,"COVID-19"
"DE-HE","00+",2022-11-17,2022-11-17,"0 day ahead inc hosp","quantile",0.25,470,"COVID-19"
"DE-HH","00+",2022-11-17,2022-11-17,"0 day ahead inc hosp","quantile",0.25,152,"COVID-19"
"DE-MV","00+",2022-11-17,2022-11-17,"0 day ahead inc hosp","quantile",0.25,216,"COVID-19"
"DE-NI","00+",2022-11-17,2022-11-17,"0 day ahead inc hosp","quantile",0.25,446,"COVID-19"
"DE-NW","00+",2022-11-17,2022-11-17,"0 day ahead inc hosp","quantile",0.25,1806,"COVID-19"
"DE-RP","00+",2022-11-17,2022-11-17,"0 day ahead inc hosp","quantile",0.25,296,"COVID-19"
"DE-SH","00+",2022-11-17,2022-11-17,"0 day ahead inc hosp","quantile",0.25,324,"COVID-19"
"DE-SL","00+",2022-11-17,2022-11-17,"0 day ahead inc hosp","quantile",0.25,74,"COVID-19"
"DE-SN","00+",2022-11-17,2022-11-17,"0 day ahead inc hosp","quantile",0.25,270,"COVID-19"
"DE-ST","00+",2022-11-17,2022-11-17,"0 day ahead inc hosp","quantile",0.25,256,"COVID-19"
"DE-TH","00+",2022-11-17,2022-11-17,"0 day ahead inc hosp","quantile",0.25,217,"COVID-19"
"DE","00-04",2022-11-17,2022-11-17,"0 day ahead inc hosp","quantile",0.5,147,"COVID-19"
"DE","00+",2022-11-17,2022-11-17,"0 day ahead inc hosp","quantile",0.5,7539,"COVID-19"
"DE","05-14",2022-11-17,2022-11-17,"0 day ahead inc hosp","quantile",0.5,47,"COVID-19"
"DE","15-34",2022-11-17,2022-11-17,"0 day ahead inc hosp","quantile",0.5,407,"COVID-19"
"DE","35-59",2022-11-17,2022-11-17,"0 day ahead inc hosp","quantile",0.5,1038,"COVID-19"
"DE","60-79",2022-11-17,2022-11-17,"0 day ahead inc hosp","quantile",0.5,2694,"COVID-19"
"DE","80+",2022-11-17,2022-11-17,"0 day ahead inc hosp","quantile",0.5,3192,"COVID-19"
"DE-BB","00+",2022-11-17,2022-11-17,"0 day ahead inc hosp","quantile",0.5,383,"COVID-19"
"DE-BE","00+",2022-11-17,2022-11-17,"0 day ahead inc hosp","quantile",0.5,510,"COVID-19"
"DE-BW","00+",2022-11-17,2022-11-17,"0 day ahead inc hosp","quantile",0.5,759,"COVID-19"
"DE-BY","00+",2022-11-17,2022-11-17,"0 day ahead inc hosp","quantile",0.5,1205,"COVID-19"
"DE-HB","00+",2022-11-17,2022-11-17,"0 day ahead inc hosp","quantile",0.5,34,"COVID-19"
"DE-HE","00+",2022-11-17,2022-11-17,"0 day ahead inc hosp","quantile",0.5,507,"COVID-19"
"DE-HH","00+",2022-11-17,2022-11-17,"0 day ahead inc hosp","quantile",0.5,186,"COVID-19"
"DE-MV","00+",2022-11-17,2022-11-17,"0 day ahead inc hosp","quantile",0.5,233,"COVID-19"
"DE-NI","00+",2022-11-17,2022-11-17,"0 day ahead inc hosp","quantile",0.5,490,"COVID-19"
"DE-NW","00+",2022-11-17,2022-11-17,"0 day ahead inc hosp","quantile",0.5,1990,"COVID-19"
"DE-RP","00+",2022-11-17,2022-11-17,"0 day ahead inc hosp","quantile",0.5,324,"COVID-19"
"DE-SH","00+",2022-11-17,2022-11-17,"0 day ahead inc hosp","quantile",0.5,349,"COVID-19"
"DE-SL","00+",2022-11-17,2022-11-17,"0 day ahead inc hosp","quantile",0.5,80,"COVID-19"
"DE-SN","00+",2022-11-17,2022-11-17,"0 day ahead inc hosp","quantile",0.5,293,"COVID-19"
"DE-ST","00+",2022-11-17,2022-11-17,"0 day ahead inc hosp","quantile",0.5,280,"COVID-19"
"DE-TH","00+",2022-11-17,2022-11-17,"0 day ahead inc hosp","quantile",0.5,238,"COVID-19"
"DE","00-04",2022-11-17,2022-11-17,"0 day ahead inc hosp","quantile",0.75,161,"COVID-19"
"DE","00+",2022-11-17,2022-11-17,"0 day ahead inc hosp","quantile",0.75,8049,"COVID-19"
"DE","05-14",2022-11-17,2022-11-17,"0 day ahead inc hosp","quantile",0.75,54,"COVID-19"
"DE","15-34",2022-11-17,2022-11-17,"0 day ahead inc hosp","quantile",0.75,438,"COVID-19"
"DE","35-59",2022-11-17,2022-11-17,"0 day ahead inc hosp","quantile",0.75,1106,"COVID-19"
"DE","60-79",2022-11-17,2022-11-17,"0 day ahead inc hosp","quantile",0.75,2869,"COVID-19"
"DE","80+",2022-11-17,2022-11-17,"0 day ahead inc hosp","quantile",0.75,3415,"COVID-19"
"DE-BB","00+",2022-11-17,2022-11-17,"0 day ahead inc hosp","quantile",0.75,435,"COVID-19"
"DE-BE","00+",2022-11-17,2022-11-17,"0 day ahead inc hosp","quantile",0.75,615,"COVID-19"
"DE-BW","00+",2022-11-17,2022-11-17,"0 day ahead inc hosp","quantile",0.75,874,"COVID-19"
"DE-BY","00+",2022-11-17,2022-11-17,"0 day ahead inc hosp","quantile",0.75,1291,"COVID-19"
"DE-HB","00+",2022-11-17,2022-11-17,"0 day ahead inc hosp","quantile",0.75,39,"COVID-19"
"DE-HE","00+",2022-11-17,2022-11-17,"0 day ahead inc hosp","quantile",0.75,560,"COVID-19"
"DE-HH","00+",2022-11-17,2022-11-17,"0 day ahead inc hosp","quantile",0.75,238,"COVID-19"
"DE-MV","00+",2022-11-17,2022-11-17,"0 day ahead inc hosp","quantile",0.75,254,"COVID-19"
"DE-NI","00+",2022-11-17,2022-11-17,"0 day ahead inc hosp","quantile",0.75,556,"COVID-19"
"DE-NW","00+",2022-11-17,2022-11-17,"0 day ahead inc hosp","quantile",0.75,2244,"COVID-19"
"DE-RP","00+",2022-11-17,2022-11-17,"0 day ahead inc hosp","quantile",0.75,361,"COVID-19"
"DE-SH","00+",2022-11-17,2022-11-17,"0 day ahead inc hosp","quantile",0.75,381,"COVID-19"
"DE-SL","00+",2022-11-17,2022-11-17,"0 day ahead inc hosp","quantile",0.75,91,"COVID-19"
"DE-SN","00+",2022-11-17,2022-11-17,"0 day ahead inc hosp","quantile",0.75,327,"COVID-19"
"DE-ST","00+",2022-11-17,2022-11-17,"0 day ahead inc hosp","quantile",0.75,328,"COVID-19"
"DE-TH","00+",2022-11-17,2022-11-17,"0 day ahead inc hosp","quantile",0.75,264,"COVID-19"
"DE","00-04",2022-11-17,2022-11-17,"0 day ahead inc hosp","quantile",0.9,177,"COVID-19"
"DE","00+",2022-11-17,2022-11-17,"0 day ahead inc hosp","quantile",0.9,8567,"COVID-19"
"DE","05-14",2022-11-17,2022-11-17,"0 day ahead inc hosp","quantile",0.9,61,"COVID-19"
"DE","15-34",2022-11-17,2022-11-17,"0 day ahead inc hosp","quantile",0.9,472,"COVID-19"
"DE","35-59",2022-11-17,2022-11-17,"0 day ahead inc hosp","quantile",0.9,1178,"COVID-19"
"DE","60-79",2022-11-17,2022-11-17,"0 day ahead inc hosp","quantile",0.9,3059,"COVID-19"
"DE","80+",2022-11-17,2022-11-17,"0 day ahead inc hosp","quantile",0.9,3653,"COVID-19"
"DE-BB","00+",2022-11-17,2022-11-17,"0 day ahead inc hosp","quantile",0.9,491,"COVID-19"
"DE-BE","00+",2022-11-17,2022-11-17,"0 day ahead inc hosp","quantile",0.9,747,"COVID-19"
"DE-BW","00+",2022-11-17,2022-11-17,"0 day ahead inc hosp","quantile",0.9,1047,"COVID-19"
"DE-BY","00+",2022-11-17,2022-11-17,"0 day ahead inc hosp","quantile",0.9,1389,"COVID-19"
"DE-HB","00+",2022-11-17,2022-11-17,"0 day ahead inc hosp","quantile",0.9,45,"COVID-19"
"DE-HE","00+",2022-11-17,2022-11-17,"0 day ahead inc hosp","quantile",0.9,617,"COVID-19"
"DE-HH","00+",2022-11-17,2022-11-17,"0 day ahead inc hosp","quantile",0.9,303,"COVID-19"
"DE-MV","00+",2022-11-17,2022-11-17,"0 day ahead inc hosp","quantile",0.9,276,"COVID-19"
"DE-NI","00+",2022-11-17,2022-11-17,"0 day ahead inc hosp","quantile",0.9,627,"COVID-19"
"DE-NW","00+",2022-11-17,2022-11-17,"0 day ahead inc hosp","quantile",0.9,2516,"COVID-19"
"DE-RP","00+",2022-11-17,2022-11-17,"0 day ahead inc hosp","quantile",0.9,403,"COVID-19"
"DE-SH","00+",2022-11-17,2022-11-17,"0 day ahead inc hosp","quantile",0.9,417,"COVID-19"
"DE-SL","00+",2022-11-17,2022-11-17,"0 day ahead inc hosp","quantile",0.9,102,"COVID-19"
"DE-SN","00+",2022-11-17,2022-11-17,"0 day ahead inc hosp","quantile",0.9,363,"COVID-19"
"DE-ST","00+",2022-11-17,2022-11-17,"0 day ahead inc hosp","quantile",0.9,385,"COVID-19"
"DE-TH","00+",2022-11-17,2022-11-17,"0 day ahead inc hosp","quantile",0.9,296,"COVID-19"
"DE","00-04",2022-11-17,2022-11-17,"0 day ahead inc hosp","quantile",0.975,198,"COVID-19"
"DE","00+",2022-11-17,2022-11-17,"0 day ahead inc hosp","quantile",0.975,9324,"COVID-19"
"DE","05-14",2022-11-17,2022-11-17,"0 day ahead inc hosp","quantile",0.975,72,"COVID-19"
"DE","15-34",2022-11-17,2022-11-17,"0 day ahead inc hosp","quantile",0.975,525,"COVID-19"
"DE","35-59",2022-11-17,2022-11-17,"0 day ahead inc hosp","quantile",0.975,1279,"COVID-19"
"DE","60-79",2022-11-17,2022-11-17,"0 day ahead inc hosp","quantile",0.975,3319,"COVID-19"
"DE","80+",2022-11-17,2022-11-17,"0 day ahead inc hosp","quantile",0.975,3982,"COVID-19"
"DE-BB","00+",2022-11-17,2022-11-17,"0 day ahead inc hosp","quantile",0.975,573,"COVID-19"
"DE-BE","00+",2022-11-17,2022-11-17,"0 day ahead inc hosp","quantile",0.975,910,"COVID-19"
"DE-BW","00+",2022-11-17,2022-11-17,"0 day ahead inc hosp","quantile",0.975,1350,"COVID-19"
"DE-BY","00+",2022-11-17,2022-11-17,"0 day ahead inc hosp","quantile",0.975,1551,"COVID-19"
"DE-HB","00+",2022-11-17,2022-11-17,"0 day ahead inc hosp","quantile",0.975,52,"COVID-19"
"DE-HE","00+",2022-11-17,2022-11-17,"0 day ahead inc hosp","quantile",0.975,693,"COVID-19"
"DE-HH","00+",2022-11-17,2022-11-17,"0 day ahead inc hosp","quantile",0.975,396,"COVID-19"
"DE-MV","00+",2022-11-17,2022-11-17,"0 day ahead inc hosp","quantile",0.975,308,"COVID-19"
"DE-NI","00+",2022-11-17,2022-11-17,"0 day ahead inc hosp","quantile",0.975,730,"COVID-19"
"DE-NW","00+",2022-11-17,2022-11-17,"0 day ahead inc hosp","quantile",0.975,2985,"COVID-19"
"DE-RP","00+",2022-11-17,2022-11-17,"0 day ahead inc hosp","quantile",0.975,463,"COVID-19"
"DE-SH","00+",2022-11-17,2022-11-17,"0 day ahead inc hosp","quantile",0.975,465,"COVID-19"
"DE-SL","00+",2022-11-17,2022-11-17,"0 day ahead inc hosp","quantile",0.975,120,"COVID-19"
"DE-SN","00+",2022-11-17,2022-11-17,"0 day ahead inc hosp","quantile",0.975,410,"COVID-19"
"DE-ST","00+",2022-11-17,2022-11-17,"0 day ahead inc hosp","quantile",0.975,467,"COVID-19"
"DE-TH","00+",2022-11-17,2022-11-17,"0 day ahead inc hosp","quantile",0.975,340,"COVID-19"
