location,age_group,forecast_date,target_end_date,target,type,quantile,value,pathogen
DE,00+,2022-09-24,2022-08-27,-28 day ahead inc hosp,mean,,5183.644374874215,COVID-19
DE,00+,2022-09-24,2022-08-27,-28 day ahead inc hosp,quantile,0.025,5172.933942208039,COVID-19
DE,00+,2022-09-24,2022-08-27,-28 day ahead inc hosp,quantile,0.1,5174.058435394855,COVID-19
DE,00+,2022-09-24,2022-08-27,-28 day ahead inc hosp,quantile,0.25,5178.694667886875,COVID-19
DE,00+,2022-09-24,2022-08-27,-28 day ahead inc hosp,quantile,0.5,5183.890860202194,COVID-19
DE,00+,2022-09-24,2022-08-27,-28 day ahead inc hosp,quantile,0.75,5187.471233992887,COVID-19
DE,00+,2022-09-24,2022-08-27,-28 day ahead inc hosp,quantile,0.9,5191.349182601623,COVID-19
DE,00+,2022-09-24,2022-08-27,-28 day ahead inc hosp,quantile,0.975,5198.360007133784,COVID-19
DE,00-04,2022-09-24,2022-08-27,-28 day ahead inc hosp,mean,,199.2365736814861,COVID-19
DE,00-04,2022-09-24,2022-08-27,-28 day ahead inc hosp,quantile,0.025,198.93751852902565,COVID-19
DE,00-04,2022-09-24,2022-08-27,-28 day ahead inc hosp,quantile,0.1,199.04090166666666,COVID-19
DE,00-04,2022-09-24,2022-08-27,-28 day ahead inc hosp,quantile,0.25,199.04090166666666,COVID-19
DE,00-04,2022-09-24,2022-08-27,-28 day ahead inc hosp,quantile,0.5,199.04090166666666,COVID-19
DE,00-04,2022-09-24,2022-08-27,-28 day ahead inc hosp,quantile,0.75,199.42631230748856,COVID-19
DE,00-04,2022-09-24,2022-08-27,-28 day ahead inc hosp,quantile,0.9,199.82430842403522,COVID-19
DE,00-04,2022-09-24,2022-08-27,-28 day ahead inc hosp,quantile,0.975,200.0400581687227,COVID-19
DE,05-14,2022-09-24,2022-08-27,-28 day ahead inc hosp,mean,,70.73937746743775,COVID-19
DE,05-14,2022-09-24,2022-08-27,-28 day ahead inc hosp,quantile,0.025,69.51461469126018,COVID-19
DE,05-14,2022-09-24,2022-08-27,-28 day ahead inc hosp,quantile,0.1,70.1953803127964,COVID-19
DE,05-14,2022-09-24,2022-08-27,-28 day ahead inc hosp,quantile,0.25,70.78920493333334,COVID-19
DE,05-14,2022-09-24,2022-08-27,-28 day ahead inc hosp,quantile,0.5,70.78920493333334,COVID-19
DE,05-14,2022-09-24,2022-08-27,-28 day ahead inc hosp,quantile,0.75,70.78920493333334,COVID-19
DE,05-14,2022-09-24,2022-08-27,-28 day ahead inc hosp,quantile,0.9,71.2101774912159,COVID-19
DE,05-14,2022-09-24,2022-08-27,-28 day ahead inc hosp,quantile,0.975,71.62782474831009,COVID-19
DE,15-34,2022-09-24,2022-08-27,-28 day ahead inc hosp,mean,,390.8981728401471,COVID-19
DE,15-34,2022-09-24,2022-08-27,-28 day ahead inc hosp,quantile,0.025,389.29758489510505,COVID-19
DE,15-34,2022-09-24,2022-08-27,-28 day ahead inc hosp,quantile,0.1,390.2549436696235,COVID-19
DE,15-34,2022-09-24,2022-08-27,-28 day ahead inc hosp,quantile,0.25,390.2818522,COVID-19
DE,15-34,2022-09-24,2022-08-27,-28 day ahead inc hosp,quantile,0.5,390.7823099349351,COVID-19
DE,15-34,2022-09-24,2022-08-27,-28 day ahead inc hosp,quantile,0.75,391.3974862534414,COVID-19
DE,15-34,2022-09-24,2022-08-27,-28 day ahead inc hosp,quantile,0.9,391.88124280332073,COVID-19
DE,15-34,2022-09-24,2022-08-27,-28 day ahead inc hosp,quantile,0.975,393.0436182894127,COVID-19
DE,35-59,2022-09-24,2022-08-27,-28 day ahead inc hosp,mean,,840.0993319370561,COVID-19
DE,35-59,2022-09-24,2022-08-27,-28 day ahead inc hosp,quantile,0.025,838.0752195605913,COVID-19
DE,35-59,2022-09-24,2022-08-27,-28 day ahead inc hosp,quantile,0.1,838.3075493,COVID-19
DE,35-59,2022-09-24,2022-08-27,-28 day ahead inc hosp,quantile,0.25,838.5945210299423,COVID-19
DE,35-59,2022-09-24,2022-08-27,-28 day ahead inc hosp,quantile,0.5,839.8298169667504,COVID-19
DE,35-59,2022-09-24,2022-08-27,-28 day ahead inc hosp,quantile,0.75,841.0828497934617,COVID-19
DE,35-59,2022-09-24,2022-08-27,-28 day ahead inc hosp,quantile,0.9,842.2974491060429,COVID-19
DE,35-59,2022-09-24,2022-08-27,-28 day ahead inc hosp,quantile,0.975,844.2134719440644,COVID-19
DE,60-79,2022-09-24,2022-08-27,-28 day ahead inc hosp,mean,,1696.3143674442633,COVID-19
DE,60-79,2022-09-24,2022-08-27,-28 day ahead inc hosp,quantile,0.025,1692.2537232450352,COVID-19
DE,60-79,2022-09-24,2022-08-27,-28 day ahead inc hosp,quantile,0.1,1692.62519093662,COVID-19
DE,60-79,2022-09-24,2022-08-27,-28 day ahead inc hosp,quantile,0.25,1694.1890737790116,COVID-19
DE,60-79,2022-09-24,2022-08-27,-28 day ahead inc hosp,quantile,0.5,1696.2526152005191,COVID-19
DE,60-79,2022-09-24,2022-08-27,-28 day ahead inc hosp,quantile,0.75,1697.9047745844982,COVID-19
DE,60-79,2022-09-24,2022-08-27,-28 day ahead inc hosp,quantile,0.9,1699.9442222593336,COVID-19
DE,60-79,2022-09-24,2022-08-27,-28 day ahead inc hosp,quantile,0.975,1701.3673558760959,COVID-19
DE,80+,2022-09-24,2022-08-27,-28 day ahead inc hosp,mean,,1927.0099730917855,COVID-19
DE,80+,2022-09-24,2022-08-27,-28 day ahead inc hosp,quantile,0.025,1922.397042733749,COVID-19
DE,80+,2022-09-24,2022-08-27,-28 day ahead inc hosp,quantile,0.1,1923.1770433516936,COVID-19
DE,80+,2022-09-24,2022-08-27,-28 day ahead inc hosp,quantile,0.25,1924.1732126483755,COVID-19
DE,80+,2022-09-24,2022-08-27,-28 day ahead inc hosp,quantile,0.5,1926.8635361904112,COVID-19
DE,80+,2022-09-24,2022-08-27,-28 day ahead inc hosp,quantile,0.75,1929.409898874537,COVID-19
DE,80+,2022-09-24,2022-08-27,-28 day ahead inc hosp,quantile,0.9,1931.4501416090882,COVID-19
DE,80+,2022-09-24,2022-08-27,-28 day ahead inc hosp,quantile,0.975,1932.7371987130155,COVID-19
DE-BB,00+,2022-09-24,2022-08-27,-28 day ahead inc hosp,mean,,158.95935859401254,COVID-19
DE-BB,00+,2022-09-24,2022-08-27,-28 day ahead inc hosp,quantile,0.025,158.73529920000001,COVID-19
DE-BB,00+,2022-09-24,2022-08-27,-28 day ahead inc hosp,quantile,0.1,158.73529920000001,COVID-19
DE-BB,00+,2022-09-24,2022-08-27,-28 day ahead inc hosp,quantile,0.25,158.73529920000001,COVID-19
DE-BB,00+,2022-09-24,2022-08-27,-28 day ahead inc hosp,quantile,0.5,158.73529920000001,COVID-19
DE-BB,00+,2022-09-24,2022-08-27,-28 day ahead inc hosp,quantile,0.75,159.07849749750764,COVID-19
DE-BB,00+,2022-09-24,2022-08-27,-28 day ahead inc hosp,quantile,0.9,159.4797745722016,COVID-19
DE-BB,00+,2022-09-24,2022-08-27,-28 day ahead inc hosp,quantile,0.975,159.8799869280103,COVID-19
DE-BE,00+,2022-09-24,2022-08-27,-28 day ahead inc hosp,mean,,172.72081761342508,COVID-19
DE-BE,00+,2022-09-24,2022-08-27,-28 day ahead inc hosp,quantile,0.025,171.889730755125,COVID-19
DE-BE,00+,2022-09-24,2022-08-27,-28 day ahead inc hosp,quantile,0.1,172.07172970000002,COVID-19
DE-BE,00+,2022-09-24,2022-08-27,-28 day ahead inc hosp,quantile,0.25,172.28313253371212,COVID-19
DE-BE,00+,2022-09-24,2022-08-27,-28 day ahead inc hosp,quantile,0.5,172.51822234596267,COVID-19
DE-BE,00+,2022-09-24,2022-08-27,-28 day ahead inc hosp,quantile,0.75,173.0015170106353,COVID-19
DE-BE,00+,2022-09-24,2022-08-27,-28 day ahead inc hosp,quantile,0.9,173.6849363150311,COVID-19
DE-BE,00+,2022-09-24,2022-08-27,-28 day ahead inc hosp,quantile,0.975,174.20814931610587,COVID-19
DE-BW,00+,2022-09-24,2022-08-27,-28 day ahead inc hosp,mean,,415.09799706101876,COVID-19
DE-BW,00+,2022-09-24,2022-08-27,-28 day ahead inc hosp,quantile,0.025,413.56903206666664,COVID-19
DE-BW,00+,2022-09-24,2022-08-27,-28 day ahead inc hosp,quantile,0.1,413.56903206666664,COVID-19
DE-BW,00+,2022-09-24,2022-08-27,-28 day ahead inc hosp,quantile,0.25,413.77111325766384,COVID-19
DE-BW,00+,2022-09-24,2022-08-27,-28 day ahead inc hosp,quantile,0.5,414.3073547750421,COVID-19
DE-BW,00+,2022-09-24,2022-08-27,-28 day ahead inc hosp,quantile,0.75,415.59925256437805,COVID-19
DE-BW,00+,2022-09-24,2022-08-27,-28 day ahead inc hosp,quantile,0.9,417.3573493217601,COVID-19
DE-BW,00+,2022-09-24,2022-08-27,-28 day ahead inc hosp,quantile,0.975,420.2734856144492,COVID-19
DE-BY,00+,2022-09-24,2022-08-27,-28 day ahead inc hosp,mean,,947.9185794007316,COVID-19
DE-BY,00+,2022-09-24,2022-08-27,-28 day ahead inc hosp,quantile,0.025,945.4429963794013,COVID-19
DE-BY,00+,2022-09-24,2022-08-27,-28 day ahead inc hosp,quantile,0.1,946.2623619416247,COVID-19
DE-BY,00+,2022-09-24,2022-08-27,-28 day ahead inc hosp,quantile,0.25,946.7900644723566,COVID-19
DE-BY,00+,2022-09-24,2022-08-27,-28 day ahead inc hosp,quantile,0.5,947.7792521389996,COVID-19
DE-BY,00+,2022-09-24,2022-08-27,-28 day ahead inc hosp,quantile,0.75,948.8330770715736,COVID-19
DE-BY,00+,2022-09-24,2022-08-27,-28 day ahead inc hosp,quantile,0.9,949.8793335350866,COVID-19
DE-BY,00+,2022-09-24,2022-08-27,-28 day ahead inc hosp,quantile,0.975,951.1038436606478,COVID-19
DE-HB,00+,2022-09-24,2022-08-27,-28 day ahead inc hosp,mean,,12.4886648180698,COVID-19
DE-HB,00+,2022-09-24,2022-08-27,-28 day ahead inc hosp,quantile,0.025,11.72022484213675,COVID-19
DE-HB,00+,2022-09-24,2022-08-27,-28 day ahead inc hosp,quantile,0.1,12.202381443333334,COVID-19
DE-HB,00+,2022-09-24,2022-08-27,-28 day ahead inc hosp,quantile,0.25,12.3997242,COVID-19
DE-HB,00+,2022-09-24,2022-08-27,-28 day ahead inc hosp,quantile,0.5,12.3997242,COVID-19
DE-HB,00+,2022-09-24,2022-08-27,-28 day ahead inc hosp,quantile,0.75,12.3997242,COVID-19
DE-HB,00+,2022-09-24,2022-08-27,-28 day ahead inc hosp,quantile,0.9,12.965683580000004,COVID-19
DE-HB,00+,2022-09-24,2022-08-27,-28 day ahead inc hosp,quantile,0.975,13.824831391041666,COVID-19
DE-HE,00+,2022-09-24,2022-08-27,-28 day ahead inc hosp,mean,,330.89561535361145,COVID-19
DE-HE,00+,2022-09-24,2022-08-27,-28 day ahead inc hosp,quantile,0.025,329.5747256,COVID-19
DE-HE,00+,2022-09-24,2022-08-27,-28 day ahead inc hosp,quantile,0.1,329.5747256,COVID-19
DE-HE,00+,2022-09-24,2022-08-27,-28 day ahead inc hosp,quantile,0.25,329.75998488883033,COVID-19
DE-HE,00+,2022-09-24,2022-08-27,-28 day ahead inc hosp,quantile,0.5,330.2472551019932,COVID-19
DE-HE,00+,2022-09-24,2022-08-27,-28 day ahead inc hosp,quantile,0.75,331.34548806897317,COVID-19
DE-HE,00+,2022-09-24,2022-08-27,-28 day ahead inc hosp,quantile,0.9,332.6921205273305,COVID-19
DE-HE,00+,2022-09-24,2022-08-27,-28 day ahead inc hosp,quantile,0.975,335.37300018211505,COVID-19
DE-HH,00+,2022-09-24,2022-08-27,-28 day ahead inc hosp,mean,,77.44206120437981,COVID-19
DE-HH,00+,2022-09-24,2022-08-27,-28 day ahead inc hosp,quantile,0.025,77.36663549999999,COVID-19
DE-HH,00+,2022-09-24,2022-08-27,-28 day ahead inc hosp,quantile,0.1,77.36663549999999,COVID-19
DE-HH,00+,2022-09-24,2022-08-27,-28 day ahead inc hosp,quantile,0.25,77.36663549999999,COVID-19
DE-HH,00+,2022-09-24,2022-08-27,-28 day ahead inc hosp,quantile,0.5,77.36663549999999,COVID-19
DE-HH,00+,2022-09-24,2022-08-27,-28 day ahead inc hosp,quantile,0.75,77.36663549999999,COVID-19
DE-HH,00+,2022-09-24,2022-08-27,-28 day ahead inc hosp,quantile,0.9,77.73716249442019,COVID-19
DE-HH,00+,2022-09-24,2022-08-27,-28 day ahead inc hosp,quantile,0.975,78.0149860804711,COVID-19
DE-MV,00+,2022-09-24,2022-08-27,-28 day ahead inc hosp,mean,,175.43119754752934,COVID-19
DE-MV,00+,2022-09-24,2022-08-27,-28 day ahead inc hosp,quantile,0.025,174.54423484402471,COVID-19
DE-MV,00+,2022-09-24,2022-08-27,-28 day ahead inc hosp,quantile,0.1,174.81016668156107,COVID-19
DE-MV,00+,2022-09-24,2022-08-27,-28 day ahead inc hosp,quantile,0.25,175.283342,COVID-19
DE-MV,00+,2022-09-24,2022-08-27,-28 day ahead inc hosp,quantile,0.5,175.283342,COVID-19
DE-MV,00+,2022-09-24,2022-08-27,-28 day ahead inc hosp,quantile,0.75,175.72929476783568,COVID-19
DE-MV,00+,2022-09-24,2022-08-27,-28 day ahead inc hosp,quantile,0.9,176.20758590386365,COVID-19
DE-MV,00+,2022-09-24,2022-08-27,-28 day ahead inc hosp,quantile,0.975,176.27745458877396,COVID-19
DE-NI,00+,2022-09-24,2022-08-27,-28 day ahead inc hosp,mean,,293.6886623107662,COVID-19
DE-NI,00+,2022-09-24,2022-08-27,-28 day ahead inc hosp,quantile,0.025,291.7664779186262,COVID-19
DE-NI,00+,2022-09-24,2022-08-27,-28 day ahead inc hosp,quantile,0.1,291.9362992,COVID-19
DE-NI,00+,2022-09-24,2022-08-27,-28 day ahead inc hosp,quantile,0.25,292.27717194577195,COVID-19
DE-NI,00+,2022-09-24,2022-08-27,-28 day ahead inc hosp,quantile,0.5,293.1920656960765,COVID-19
DE-NI,00+,2022-09-24,2022-08-27,-28 day ahead inc hosp,quantile,0.75,294.62573567289405,COVID-19
DE-NI,00+,2022-09-24,2022-08-27,-28 day ahead inc hosp,quantile,0.9,295.9595461453713,COVID-19
DE-NI,00+,2022-09-24,2022-08-27,-28 day ahead inc hosp,quantile,0.975,297.23203108648175,COVID-19
DE-NW,00+,2022-09-24,2022-08-27,-28 day ahead inc hosp,mean,,1493.2178811684455,COVID-19
DE-NW,00+,2022-09-24,2022-08-27,-28 day ahead inc hosp,quantile,0.025,1490.2590529219083,COVID-19
DE-NW,00+,2022-09-24,2022-08-27,-28 day ahead inc hosp,quantile,0.1,1491.3025740876928,COVID-19
DE-NW,00+,2022-09-24,2022-08-27,-28 day ahead inc hosp,quantile,0.25,1491.8560348335025,COVID-19
DE-NW,00+,2022-09-24,2022-08-27,-28 day ahead inc hosp,quantile,0.5,1493.1701236622687,COVID-19
DE-NW,00+,2022-09-24,2022-08-27,-28 day ahead inc hosp,quantile,0.75,1494.5332919326024,COVID-19
DE-NW,00+,2022-09-24,2022-08-27,-28 day ahead inc hosp,quantile,0.9,1495.688151245341,COVID-19
DE-NW,00+,2022-09-24,2022-08-27,-28 day ahead inc hosp,quantile,0.975,1496.323467889348,COVID-19
DE-RP,00+,2022-09-24,2022-08-27,-28 day ahead inc hosp,mean,,242.85945420644703,COVID-19
DE-RP,00+,2022-09-24,2022-08-27,-28 day ahead inc hosp,quantile,0.025,241.963764,COVID-19
DE-RP,00+,2022-09-24,2022-08-27,-28 day ahead inc hosp,quantile,0.1,241.963764,COVID-19
DE-RP,00+,2022-09-24,2022-08-27,-28 day ahead inc hosp,quantile,0.25,242.2296216186157,COVID-19
DE-RP,00+,2022-09-24,2022-08-27,-28 day ahead inc hosp,quantile,0.5,242.56654779736783,COVID-19
DE-RP,00+,2022-09-24,2022-08-27,-28 day ahead inc hosp,quantile,0.75,243.37568090838772,COVID-19
DE-RP,00+,2022-09-24,2022-08-27,-28 day ahead inc hosp,quantile,0.9,244.0266255556981,COVID-19
DE-RP,00+,2022-09-24,2022-08-27,-28 day ahead inc hosp,quantile,0.975,244.45981812359452,COVID-19
DE-SH,00+,2022-09-24,2022-08-27,-28 day ahead inc hosp,mean,,204.71531390543151,COVID-19
DE-SH,00+,2022-09-24,2022-08-27,-28 day ahead inc hosp,quantile,0.025,204.1974414,COVID-19
DE-SH,00+,2022-09-24,2022-08-27,-28 day ahead inc hosp,quantile,0.1,204.1974414,COVID-19
DE-SH,00+,2022-09-24,2022-08-27,-28 day ahead inc hosp,quantile,0.25,204.1974414,COVID-19
DE-SH,00+,2022-09-24,2022-08-27,-28 day ahead inc hosp,quantile,0.5,204.42779092104186,COVID-19
DE-SH,00+,2022-09-24,2022-08-27,-28 day ahead inc hosp,quantile,0.75,204.85547014527148,COVID-19
DE-SH,00+,2022-09-24,2022-08-27,-28 day ahead inc hosp,quantile,0.9,205.85655525692448,COVID-19
DE-SH,00+,2022-09-24,2022-08-27,-28 day ahead inc hosp,quantile,0.975,206.64559753829806,COVID-19
DE-SL,00+,2022-09-24,2022-08-27,-28 day ahead inc hosp,mean,,79.30838733583124,COVID-19
DE-SL,00+,2022-09-24,2022-08-27,-28 day ahead inc hosp,quantile,0.025,79.2689804,COVID-19
DE-SL,00+,2022-09-24,2022-08-27,-28 day ahead inc hosp,quantile,0.1,79.2689804,COVID-19
DE-SL,00+,2022-09-24,2022-08-27,-28 day ahead inc hosp,quantile,0.25,79.2689804,COVID-19
DE-SL,00+,2022-09-24,2022-08-27,-28 day ahead inc hosp,quantile,0.5,79.2689804,COVID-19
DE-SL,00+,2022-09-24,2022-08-27,-28 day ahead inc hosp,quantile,0.75,79.2689804,COVID-19
DE-SL,00+,2022-09-24,2022-08-27,-28 day ahead inc hosp,quantile,0.9,79.29692290400001,COVID-19
DE-SL,00+,2022-09-24,2022-08-27,-28 day ahead inc hosp,quantile,0.975,79.6429870026076,COVID-19
DE-SN,00+,2022-09-24,2022-08-27,-28 day ahead inc hosp,mean,,198.33038327498525,COVID-19
DE-SN,00+,2022-09-24,2022-08-27,-28 day ahead inc hosp,quantile,0.025,197.6840652894884,COVID-19
DE-SN,00+,2022-09-24,2022-08-27,-28 day ahead inc hosp,quantile,0.1,197.8674764,COVID-19
DE-SN,00+,2022-09-24,2022-08-27,-28 day ahead inc hosp,quantile,0.25,197.8674764,COVID-19
DE-SN,00+,2022-09-24,2022-08-27,-28 day ahead inc hosp,quantile,0.5,198.1286832421418,COVID-19
DE-SN,00+,2022-09-24,2022-08-27,-28 day ahead inc hosp,quantile,0.75,198.59895586926714,COVID-19
DE-SN,00+,2022-09-24,2022-08-27,-28 day ahead inc hosp,quantile,0.9,199.05306782390534,COVID-19
DE-SN,00+,2022-09-24,2022-08-27,-28 day ahead inc hosp,quantile,0.975,199.4362632270237,COVID-19
DE-ST,00+,2022-09-24,2022-08-27,-28 day ahead inc hosp,mean,,170.62164146646674,COVID-19
DE-ST,00+,2022-09-24,2022-08-27,-28 day ahead inc hosp,quantile,0.025,170.18111773333334,COVID-19
DE-ST,00+,2022-09-24,2022-08-27,-28 day ahead inc hosp,quantile,0.1,170.18111773333334,COVID-19
DE-ST,00+,2022-09-24,2022-08-27,-28 day ahead inc hosp,quantile,0.25,170.18111773333334,COVID-19
DE-ST,00+,2022-09-24,2022-08-27,-28 day ahead inc hosp,quantile,0.5,170.3418580619127,COVID-19
DE-ST,00+,2022-09-24,2022-08-27,-28 day ahead inc hosp,quantile,0.75,170.7132700334907,COVID-19
DE-ST,00+,2022-09-24,2022-08-27,-28 day ahead inc hosp,quantile,0.9,171.31163137362094,COVID-19
DE-ST,00+,2022-09-24,2022-08-27,-28 day ahead inc hosp,quantile,0.975,172.758487358968,COVID-19
DE-TH,00+,2022-09-24,2022-08-27,-28 day ahead inc hosp,mean,,216.79904300667062,COVID-19
DE-TH,00+,2022-09-24,2022-08-27,-28 day ahead inc hosp,quantile,0.025,216.6155058666666,COVID-19
DE-TH,00+,2022-09-24,2022-08-27,-28 day ahead inc hosp,quantile,0.1,216.6155058666666,COVID-19
DE-TH,00+,2022-09-24,2022-08-27,-28 day ahead inc hosp,quantile,0.25,216.6155058666666,COVID-19
DE-TH,00+,2022-09-24,2022-08-27,-28 day ahead inc hosp,quantile,0.5,216.6155058666666,COVID-19
DE-TH,00+,2022-09-24,2022-08-27,-28 day ahead inc hosp,quantile,0.75,216.6155058666666,COVID-19
DE-TH,00+,2022-09-24,2022-08-27,-28 day ahead inc hosp,quantile,0.9,217.33177281730468,COVID-19
DE-TH,00+,2022-09-24,2022-08-27,-28 day ahead inc hosp,quantile,0.975,217.92871468421117,COVID-19
DE,00+,2022-09-24,2022-08-28,-27 day ahead inc hosp,mean,,5040.8696420366405,COVID-19
DE,00+,2022-09-24,2022-08-28,-27 day ahead inc hosp,quantile,0.025,5027.143621884334,COVID-19
DE,00+,2022-09-24,2022-08-28,-27 day ahead inc hosp,quantile,0.1,5029.511215604288,COVID-19
DE,00+,2022-09-24,2022-08-28,-27 day ahead inc hosp,quantile,0.25,5035.0155531060645,COVID-19
DE,00+,2022-09-24,2022-08-28,-27 day ahead inc hosp,quantile,0.5,5039.880770000029,COVID-19
DE,00+,2022-09-24,2022-08-28,-27 day ahead inc hosp,quantile,0.75,5045.504780263182,COVID-19
DE,00+,2022-09-24,2022-08-28,-27 day ahead inc hosp,quantile,0.9,5051.291268252389,COVID-19
DE,00+,2022-09-24,2022-08-28,-27 day ahead inc hosp,quantile,0.975,5063.93712853423,COVID-19
DE,00-04,2022-09-24,2022-08-28,-27 day ahead inc hosp,mean,,191.71239279110094,COVID-19
DE,00-04,2022-09-24,2022-08-28,-27 day ahead inc hosp,quantile,0.025,191.2406701014711,COVID-19
DE,00-04,2022-09-24,2022-08-28,-27 day ahead inc hosp,quantile,0.1,191.395622,COVID-19
DE,00-04,2022-09-24,2022-08-28,-27 day ahead inc hosp,quantile,0.25,191.395622,COVID-19
DE,00-04,2022-09-24,2022-08-28,-27 day ahead inc hosp,quantile,0.5,191.395622,COVID-19
DE,00-04,2022-09-24,2022-08-28,-27 day ahead inc hosp,quantile,0.75,192.06295027610173,COVID-19
DE,00-04,2022-09-24,2022-08-28,-27 day ahead inc hosp,quantile,0.9,192.3930276703688,COVID-19
DE,00-04,2022-09-24,2022-08-28,-27 day ahead inc hosp,quantile,0.975,192.82172408340367,COVID-19
DE,05-14,2022-09-24,2022-08-28,-27 day ahead inc hosp,mean,,68.47582506840364,COVID-19
DE,05-14,2022-09-24,2022-08-28,-27 day ahead inc hosp,quantile,0.025,67.28178365222499,COVID-19
DE,05-14,2022-09-24,2022-08-28,-27 day ahead inc hosp,quantile,0.1,67.6615594333825,COVID-19
DE,05-14,2022-09-24,2022-08-28,-27 day ahead inc hosp,quantile,0.25,68.53795813333333,COVID-19
DE,05-14,2022-09-24,2022-08-28,-27 day ahead inc hosp,quantile,0.5,68.53795813333333,COVID-19
DE,05-14,2022-09-24,2022-08-28,-27 day ahead inc hosp,quantile,0.75,68.53795813333333,COVID-19
DE,05-14,2022-09-24,2022-08-28,-27 day ahead inc hosp,quantile,0.9,69.14268848326684,COVID-19
DE,05-14,2022-09-24,2022-08-28,-27 day ahead inc hosp,quantile,0.975,69.35212454085793,COVID-19
DE,15-34,2022-09-24,2022-08-28,-27 day ahead inc hosp,mean,,386.2864866418808,COVID-19
DE,15-34,2022-09-24,2022-08-28,-27 day ahead inc hosp,quantile,0.025,384.16193238553046,COVID-19
DE,15-34,2022-09-24,2022-08-28,-27 day ahead inc hosp,quantile,0.1,384.93775345141097,COVID-19
DE,15-34,2022-09-24,2022-08-28,-27 day ahead inc hosp,quantile,0.25,385.2801016772135,COVID-19
DE,15-34,2022-09-24,2022-08-28,-27 day ahead inc hosp,quantile,0.5,386.1595150174929,COVID-19
DE,15-34,2022-09-24,2022-08-28,-27 day ahead inc hosp,quantile,0.75,386.93542059244504,COVID-19
DE,15-34,2022-09-24,2022-08-28,-27 day ahead inc hosp,quantile,0.9,387.80901869963293,COVID-19
DE,15-34,2022-09-24,2022-08-28,-27 day ahead inc hosp,quantile,0.975,389.57154559489925,COVID-19
DE,35-59,2022-09-24,2022-08-28,-27 day ahead inc hosp,mean,,811.4374794128346,COVID-19
DE,35-59,2022-09-24,2022-08-28,-27 day ahead inc hosp,quantile,0.025,808.5310077111046,COVID-19
DE,35-59,2022-09-24,2022-08-28,-27 day ahead inc hosp,quantile,0.1,808.9033758258678,COVID-19
DE,35-59,2022-09-24,2022-08-28,-27 day ahead inc hosp,quantile,0.25,809.2535405954802,COVID-19
DE,35-59,2022-09-24,2022-08-28,-27 day ahead inc hosp,quantile,0.5,810.9900901582992,COVID-19
DE,35-59,2022-09-24,2022-08-28,-27 day ahead inc hosp,quantile,0.75,812.886817782354,COVID-19
DE,35-59,2022-09-24,2022-08-28,-27 day ahead inc hosp,quantile,0.9,814.3299010971422,COVID-19
DE,35-59,2022-09-24,2022-08-28,-27 day ahead inc hosp,quantile,0.975,817.3676978316932,COVID-19
DE,60-79,2022-09-24,2022-08-28,-27 day ahead inc hosp,mean,,1655.9429470128068,COVID-19
DE,60-79,2022-09-24,2022-08-28,-27 day ahead inc hosp,quantile,0.025,1650.652327332936,COVID-19
DE,60-79,2022-09-24,2022-08-28,-27 day ahead inc hosp,quantile,0.1,1651.2167486460444,COVID-19
DE,60-79,2022-09-24,2022-08-28,-27 day ahead inc hosp,quantile,0.25,1653.4000778571212,COVID-19
DE,60-79,2022-09-24,2022-08-28,-27 day ahead inc hosp,quantile,0.5,1656.0251225100158,COVID-19
DE,60-79,2022-09-24,2022-08-28,-27 day ahead inc hosp,quantile,0.75,1657.7242268667273,COVID-19
DE,60-79,2022-09-24,2022-08-28,-27 day ahead inc hosp,quantile,0.9,1660.7624270765116,COVID-19
DE,60-79,2022-09-24,2022-08-28,-27 day ahead inc hosp,quantile,0.975,1662.2311878940122,COVID-19
DE,80+,2022-09-24,2022-08-28,-27 day ahead inc hosp,mean,,1870.5395095930373,COVID-19
DE,80+,2022-09-24,2022-08-28,-27 day ahead inc hosp,quantile,0.025,1864.20237238873,COVID-19
DE,80+,2022-09-24,2022-08-28,-27 day ahead inc hosp,quantile,0.1,1865.7957653490485,COVID-19
DE,80+,2022-09-24,2022-08-28,-27 day ahead inc hosp,quantile,0.25,1867.2478340804878,COVID-19
DE,80+,2022-09-24,2022-08-28,-27 day ahead inc hosp,quantile,0.5,1870.1505590923207,COVID-19
DE,80+,2022-09-24,2022-08-28,-27 day ahead inc hosp,quantile,0.75,1872.9761931417797,COVID-19
DE,80+,2022-09-24,2022-08-28,-27 day ahead inc hosp,quantile,0.9,1877.034005325694,COVID-19
DE,80+,2022-09-24,2022-08-28,-27 day ahead inc hosp,quantile,0.975,1878.7099386668376,COVID-19
DE-BB,00+,2022-09-24,2022-08-28,-27 day ahead inc hosp,mean,,151.46097310897886,COVID-19
DE-BB,00+,2022-09-24,2022-08-28,-27 day ahead inc hosp,quantile,0.025,151.08439230000002,COVID-19
DE-BB,00+,2022-09-24,2022-08-28,-27 day ahead inc hosp,quantile,0.1,151.08439230000002,COVID-19
DE-BB,00+,2022-09-24,2022-08-28,-27 day ahead inc hosp,quantile,0.25,151.08439230000002,COVID-19
DE-BB,00+,2022-09-24,2022-08-28,-27 day ahead inc hosp,quantile,0.5,151.27339849888256,COVID-19
DE-BB,00+,2022-09-24,2022-08-28,-27 day ahead inc hosp,quantile,0.75,151.68718577328085,COVID-19
DE-BB,00+,2022-09-24,2022-08-28,-27 day ahead inc hosp,quantile,0.9,152.01971508776484,COVID-19
DE-BB,00+,2022-09-24,2022-08-28,-27 day ahead inc hosp,quantile,0.975,152.50220792178982,COVID-19
DE-BE,00+,2022-09-24,2022-08-28,-27 day ahead inc hosp,mean,,168.41785025067193,COVID-19
DE-BE,00+,2022-09-24,2022-08-28,-27 day ahead inc hosp,quantile,0.025,167.31195059725,COVID-19
DE-BE,00+,2022-09-24,2022-08-28,-27 day ahead inc hosp,quantile,0.1,167.63280124989936,COVID-19
DE-BE,00+,2022-09-24,2022-08-28,-27 day ahead inc hosp,quantile,0.25,167.8541684972473,COVID-19
DE-BE,00+,2022-09-24,2022-08-28,-27 day ahead inc hosp,quantile,0.5,168.29692636054443,COVID-19
DE-BE,00+,2022-09-24,2022-08-28,-27 day ahead inc hosp,quantile,0.75,168.7668561701521,COVID-19
DE-BE,00+,2022-09-24,2022-08-28,-27 day ahead inc hosp,quantile,0.9,169.67388682628192,COVID-19
DE-BE,00+,2022-09-24,2022-08-28,-27 day ahead inc hosp,quantile,0.975,170.07309326982647,COVID-19
DE-BW,00+,2022-09-24,2022-08-28,-27 day ahead inc hosp,mean,,408.62736888319955,COVID-19
DE-BW,00+,2022-09-24,2022-08-28,-27 day ahead inc hosp,quantile,0.025,406.1706594,COVID-19
DE-BW,00+,2022-09-24,2022-08-28,-27 day ahead inc hosp,quantile,0.1,406.1706594,COVID-19
DE-BW,00+,2022-09-24,2022-08-28,-27 day ahead inc hosp,quantile,0.25,406.8005411479375,COVID-19
DE-BW,00+,2022-09-24,2022-08-28,-27 day ahead inc hosp,quantile,0.5,407.8371644532586,COVID-19
DE-BW,00+,2022-09-24,2022-08-28,-27 day ahead inc hosp,quantile,0.75,409.6633718314665,COVID-19
DE-BW,00+,2022-09-24,2022-08-28,-27 day ahead inc hosp,quantile,0.9,411.41824729476014,COVID-19
DE-BW,00+,2022-09-24,2022-08-28,-27 day ahead inc hosp,quantile,0.975,414.72462301002815,COVID-19
DE-BY,00+,2022-09-24,2022-08-28,-27 day ahead inc hosp,mean,,924.3062564074678,COVID-19
DE-BY,00+,2022-09-24,2022-08-28,-27 day ahead inc hosp,quantile,0.025,921.0478355384954,COVID-19
DE-BY,00+,2022-09-24,2022-08-28,-27 day ahead inc hosp,quantile,0.1,922.1544468231941,COVID-19
DE-BY,00+,2022-09-24,2022-08-28,-27 day ahead inc hosp,quantile,0.25,922.7756252383261,COVID-19
DE-BY,00+,2022-09-24,2022-08-28,-27 day ahead inc hosp,quantile,0.5,923.8947608724089,COVID-19
DE-BY,00+,2022-09-24,2022-08-28,-27 day ahead inc hosp,quantile,0.75,925.4398621006707,COVID-19
DE-BY,00+,2022-09-24,2022-08-28,-27 day ahead inc hosp,quantile,0.9,926.8423584858783,COVID-19
DE-BY,00+,2022-09-24,2022-08-28,-27 day ahead inc hosp,quantile,0.975,929.2145709507009,COVID-19
DE-HB,00+,2022-09-24,2022-08-28,-27 day ahead inc hosp,mean,,13.532131735174826,COVID-19
DE-HB,00+,2022-09-24,2022-08-28,-27 day ahead inc hosp,quantile,0.025,12.50835668429487,COVID-19
DE-HB,00+,2022-09-24,2022-08-28,-27 day ahead inc hosp,quantile,0.1,13.017317613333333,COVID-19
DE-HB,00+,2022-09-24,2022-08-28,-27 day ahead inc hosp,quantile,0.25,13.3971426,COVID-19
DE-HB,00+,2022-09-24,2022-08-28,-27 day ahead inc hosp,quantile,0.5,13.3971426,COVID-19
DE-HB,00+,2022-09-24,2022-08-28,-27 day ahead inc hosp,quantile,0.75,13.3971426,COVID-19
DE-HB,00+,2022-09-24,2022-08-28,-27 day ahead inc hosp,quantile,0.9,14.484479780000001,COVID-19
DE-HB,00+,2022-09-24,2022-08-28,-27 day ahead inc hosp,quantile,0.975,14.984133505,COVID-19
DE-HE,00+,2022-09-24,2022-08-28,-27 day ahead inc hosp,mean,,326.1255303271171,COVID-19
DE-HE,00+,2022-09-24,2022-08-28,-27 day ahead inc hosp,quantile,0.025,323.91409100000004,COVID-19
DE-HE,00+,2022-09-24,2022-08-28,-27 day ahead inc hosp,quantile,0.1,324.0472366006328,COVID-19
DE-HE,00+,2022-09-24,2022-08-28,-27 day ahead inc hosp,quantile,0.25,324.35034126238423,COVID-19
DE-HE,00+,2022-09-24,2022-08-28,-27 day ahead inc hosp,quantile,0.5,325.27740404023604,COVID-19
DE-HE,00+,2022-09-24,2022-08-28,-27 day ahead inc hosp,quantile,0.75,326.54454601513453,COVID-19
DE-HE,00+,2022-09-24,2022-08-28,-27 day ahead inc hosp,quantile,0.9,328.01705762228136,COVID-19
DE-HE,00+,2022-09-24,2022-08-28,-27 day ahead inc hosp,quantile,0.975,335.03363334996345,COVID-19
DE-HH,00+,2022-09-24,2022-08-28,-27 day ahead inc hosp,mean,,74.81016207310324,COVID-19
DE-HH,00+,2022-09-24,2022-08-28,-27 day ahead inc hosp,quantile,0.025,74.70735066666666,COVID-19
DE-HH,00+,2022-09-24,2022-08-28,-27 day ahead inc hosp,quantile,0.1,74.70735066666666,COVID-19
DE-HH,00+,2022-09-24,2022-08-28,-27 day ahead inc hosp,quantile,0.25,74.70735066666666,COVID-19
DE-HH,00+,2022-09-24,2022-08-28,-27 day ahead inc hosp,quantile,0.5,74.70735066666666,COVID-19
DE-HH,00+,2022-09-24,2022-08-28,-27 day ahead inc hosp,quantile,0.75,74.70735066666666,COVID-19
DE-HH,00+,2022-09-24,2022-08-28,-27 day ahead inc hosp,quantile,0.9,75.26483430250906,COVID-19
DE-HH,00+,2022-09-24,2022-08-28,-27 day ahead inc hosp,quantile,0.975,75.34657279436017,COVID-19
DE-MV,00+,2022-09-24,2022-08-28,-27 day ahead inc hosp,mean,,172.182963444018,COVID-19
DE-MV,00+,2022-09-24,2022-08-28,-27 day ahead inc hosp,quantile,0.025,171.14151175356452,COVID-19
DE-MV,00+,2022-09-24,2022-08-28,-27 day ahead inc hosp,quantile,0.1,171.23344529421547,COVID-19
DE-MV,00+,2022-09-24,2022-08-28,-27 day ahead inc hosp,quantile,0.25,171.94153166666672,COVID-19
DE-MV,00+,2022-09-24,2022-08-28,-27 day ahead inc hosp,quantile,0.5,172.14315667511255,COVID-19
DE-MV,00+,2022-09-24,2022-08-28,-27 day ahead inc hosp,quantile,0.75,172.69076914136323,COVID-19
DE-MV,00+,2022-09-24,2022-08-28,-27 day ahead inc hosp,quantile,0.9,172.88938927294296,COVID-19
DE-MV,00+,2022-09-24,2022-08-28,-27 day ahead inc hosp,quantile,0.975,173.04954557754942,COVID-19
DE-NI,00+,2022-09-24,2022-08-28,-27 day ahead inc hosp,mean,,296.8591102373131,COVID-19
DE-NI,00+,2022-09-24,2022-08-28,-27 day ahead inc hosp,quantile,0.025,294.25780928562307,COVID-19
DE-NI,00+,2022-09-24,2022-08-28,-27 day ahead inc hosp,quantile,0.1,294.60255871767447,COVID-19
DE-NI,00+,2022-09-24,2022-08-28,-27 day ahead inc hosp,quantile,0.25,295.27385493467904,COVID-19
DE-NI,00+,2022-09-24,2022-08-28,-27 day ahead inc hosp,quantile,0.5,296.45800378972433,COVID-19
DE-NI,00+,2022-09-24,2022-08-28,-27 day ahead inc hosp,quantile,0.75,298.1064214774107,COVID-19
DE-NI,00+,2022-09-24,2022-08-28,-27 day ahead inc hosp,quantile,0.9,299.38407745760185,COVID-19
DE-NI,00+,2022-09-24,2022-08-28,-27 day ahead inc hosp,quantile,0.975,300.96776985893183,COVID-19
DE-NW,00+,2022-09-24,2022-08-28,-27 day ahead inc hosp,mean,,1450.202564167197,COVID-19
DE-NW,00+,2022-09-24,2022-08-28,-27 day ahead inc hosp,quantile,0.025,1446.9085585418852,COVID-19
DE-NW,00+,2022-09-24,2022-08-28,-27 day ahead inc hosp,quantile,0.1,1447.9327843729022,COVID-19
DE-NW,00+,2022-09-24,2022-08-28,-27 day ahead inc hosp,quantile,0.25,1448.7405436340648,COVID-19
DE-NW,00+,2022-09-24,2022-08-28,-27 day ahead inc hosp,quantile,0.5,1450.2833396880555,COVID-19
DE-NW,00+,2022-09-24,2022-08-28,-27 day ahead inc hosp,quantile,0.75,1451.5123111401806,COVID-19
DE-NW,00+,2022-09-24,2022-08-28,-27 day ahead inc hosp,quantile,0.9,1452.9022014812178,COVID-19
DE-NW,00+,2022-09-24,2022-08-28,-27 day ahead inc hosp,quantile,0.975,1453.8254942809097,COVID-19
DE-RP,00+,2022-09-24,2022-08-28,-27 day ahead inc hosp,mean,,235.954469307589,COVID-19
DE-RP,00+,2022-09-24,2022-08-28,-27 day ahead inc hosp,quantile,0.025,234.55671,COVID-19
DE-RP,00+,2022-09-24,2022-08-28,-27 day ahead inc hosp,quantile,0.1,234.7067094806452,COVID-19
DE-RP,00+,2022-09-24,2022-08-28,-27 day ahead inc hosp,quantile,0.25,235.10311587121018,COVID-19
DE-RP,00+,2022-09-24,2022-08-28,-27 day ahead inc hosp,quantile,0.5,235.72732596980475,COVID-19
DE-RP,00+,2022-09-24,2022-08-28,-27 day ahead inc hosp,quantile,0.75,236.5505897088881,COVID-19
DE-RP,00+,2022-09-24,2022-08-28,-27 day ahead inc hosp,quantile,0.9,237.43381443575285,COVID-19
DE-RP,00+,2022-09-24,2022-08-28,-27 day ahead inc hosp,quantile,0.975,238.14819602390656,COVID-19
DE-SH,00+,2022-09-24,2022-08-28,-27 day ahead inc hosp,mean,,197.24885859084594,COVID-19
DE-SH,00+,2022-09-24,2022-08-28,-27 day ahead inc hosp,quantile,0.025,196.48266479999998,COVID-19
DE-SH,00+,2022-09-24,2022-08-28,-27 day ahead inc hosp,quantile,0.1,196.48266479999998,COVID-19
DE-SH,00+,2022-09-24,2022-08-28,-27 day ahead inc hosp,quantile,0.25,196.48266479999998,COVID-19
DE-SH,00+,2022-09-24,2022-08-28,-27 day ahead inc hosp,quantile,0.5,196.96510811453624,COVID-19
DE-SH,00+,2022-09-24,2022-08-28,-27 day ahead inc hosp,quantile,0.75,197.63275226162526,COVID-19
DE-SH,00+,2022-09-24,2022-08-28,-27 day ahead inc hosp,quantile,0.9,198.6029396045352,COVID-19
DE-SH,00+,2022-09-24,2022-08-28,-27 day ahead inc hosp,quantile,0.975,199.25615192677782,COVID-19
DE-SL,00+,2022-09-24,2022-08-28,-27 day ahead inc hosp,mean,,75.02651193142437,COVID-19
DE-SL,00+,2022-09-24,2022-08-28,-27 day ahead inc hosp,quantile,0.025,74.9326748,COVID-19
DE-SL,00+,2022-09-24,2022-08-28,-27 day ahead inc hosp,quantile,0.1,74.9326748,COVID-19
DE-SL,00+,2022-09-24,2022-08-28,-27 day ahead inc hosp,quantile,0.25,74.9326748,COVID-19
DE-SL,00+,2022-09-24,2022-08-28,-27 day ahead inc hosp,quantile,0.5,74.9326748,COVID-19
DE-SL,00+,2022-09-24,2022-08-28,-27 day ahead inc hosp,quantile,0.75,74.9326748,COVID-19
DE-SL,00+,2022-09-24,2022-08-28,-27 day ahead inc hosp,quantile,0.9,75.240042344,COVID-19
DE-SL,00+,2022-09-24,2022-08-28,-27 day ahead inc hosp,quantile,0.975,75.62070297643672,COVID-19
DE-SN,00+,2022-09-24,2022-08-28,-27 day ahead inc hosp,mean,,190.87303315758916,COVID-19
DE-SN,00+,2022-09-24,2022-08-28,-27 day ahead inc hosp,quantile,0.025,189.76988498997164,COVID-19
DE-SN,00+,2022-09-24,2022-08-28,-27 day ahead inc hosp,quantile,0.1,190.08581286593082,COVID-19
DE-SN,00+,2022-09-24,2022-08-28,-27 day ahead inc hosp,quantile,0.25,190.1501458670324,COVID-19
DE-SN,00+,2022-09-24,2022-08-28,-27 day ahead inc hosp,quantile,0.5,190.7422751617734,COVID-19
DE-SN,00+,2022-09-24,2022-08-28,-27 day ahead inc hosp,quantile,0.75,191.39020305318948,COVID-19
DE-SN,00+,2022-09-24,2022-08-28,-27 day ahead inc hosp,quantile,0.9,191.80035383205214,COVID-19
DE-SN,00+,2022-09-24,2022-08-28,-27 day ahead inc hosp,quantile,0.975,192.369581766719,COVID-19
DE-ST,00+,2022-09-24,2022-08-28,-27 day ahead inc hosp,mean,,159.42879412277586,COVID-19
DE-ST,00+,2022-09-24,2022-08-28,-27 day ahead inc hosp,quantile,0.025,158.77273366666665,COVID-19
DE-ST,00+,2022-09-24,2022-08-28,-27 day ahead inc hosp,quantile,0.1,158.77273366666665,COVID-19
DE-ST,00+,2022-09-24,2022-08-28,-27 day ahead inc hosp,quantile,0.25,158.77273366666665,COVID-19
DE-ST,00+,2022-09-24,2022-08-28,-27 day ahead inc hosp,quantile,0.5,159.12518627561374,COVID-19
DE-ST,00+,2022-09-24,2022-08-28,-27 day ahead inc hosp,quantile,0.75,159.70005773814117,COVID-19
DE-ST,00+,2022-09-24,2022-08-28,-27 day ahead inc hosp,quantile,0.9,160.34689186524523,COVID-19
DE-ST,00+,2022-09-24,2022-08-28,-27 day ahead inc hosp,quantile,0.975,162.02175443900543,COVID-19
DE-TH,00+,2022-09-24,2022-08-28,-27 day ahead inc hosp,mean,,203.10010589962386,COVID-19
DE-TH,00+,2022-09-24,2022-08-28,-27 day ahead inc hosp,quantile,0.025,202.82959736666666,COVID-19
DE-TH,00+,2022-09-24,2022-08-28,-27 day ahead inc hosp,quantile,0.1,202.82959736666666,COVID-19
DE-TH,00+,2022-09-24,2022-08-28,-27 day ahead inc hosp,quantile,0.25,202.82959736666666,COVID-19
DE-TH,00+,2022-09-24,2022-08-28,-27 day ahead inc hosp,quantile,0.5,202.82959736666666,COVID-19
DE-TH,00+,2022-09-24,2022-08-28,-27 day ahead inc hosp,quantile,0.75,203.07013693262653,COVID-19
DE-TH,00+,2022-09-24,2022-08-28,-27 day ahead inc hosp,quantile,0.9,203.92233514346034,COVID-19
DE-TH,00+,2022-09-24,2022-08-28,-27 day ahead inc hosp,quantile,0.975,204.29822295015552,COVID-19
DE,00+,2022-09-24,2022-08-29,-26 day ahead inc hosp,mean,,4979.181693502227,COVID-19
DE,00+,2022-09-24,2022-08-29,-26 day ahead inc hosp,quantile,0.025,4963.683900697007,COVID-19
DE,00+,2022-09-24,2022-08-29,-26 day ahead inc hosp,quantile,0.1,4967.160572713726,COVID-19
DE,00+,2022-09-24,2022-08-29,-26 day ahead inc hosp,quantile,0.25,4971.110775309094,COVID-19
DE,00+,2022-09-24,2022-08-29,-26 day ahead inc hosp,quantile,0.5,4976.676060176387,COVID-19
DE,00+,2022-09-24,2022-08-29,-26 day ahead inc hosp,quantile,0.75,4984.629991035714,COVID-19
DE,00+,2022-09-24,2022-08-29,-26 day ahead inc hosp,quantile,0.9,4993.6193114049565,COVID-19
DE,00+,2022-09-24,2022-08-29,-26 day ahead inc hosp,quantile,0.975,5008.5065290536895,COVID-19
DE,00-04,2022-09-24,2022-08-29,-26 day ahead inc hosp,mean,,189.10475778283563,COVID-19
DE,00-04,2022-09-24,2022-08-29,-26 day ahead inc hosp,quantile,0.025,188.4731208706473,COVID-19
DE,00-04,2022-09-24,2022-08-29,-26 day ahead inc hosp,quantile,0.1,188.62750350000002,COVID-19
DE,00-04,2022-09-24,2022-08-29,-26 day ahead inc hosp,quantile,0.25,188.62750350000002,COVID-19
DE,00-04,2022-09-24,2022-08-29,-26 day ahead inc hosp,quantile,0.5,188.79993671063968,COVID-19
DE,00-04,2022-09-24,2022-08-29,-26 day ahead inc hosp,quantile,0.75,189.52212629869064,COVID-19
DE,00-04,2022-09-24,2022-08-29,-26 day ahead inc hosp,quantile,0.9,189.89592094995427,COVID-19
DE,00-04,2022-09-24,2022-08-29,-26 day ahead inc hosp,quantile,0.975,190.6905617008889,COVID-19
DE,05-14,2022-09-24,2022-08-29,-26 day ahead inc hosp,mean,,66.49896599471259,COVID-19
DE,05-14,2022-09-24,2022-08-29,-26 day ahead inc hosp,quantile,0.025,65.31735201274397,COVID-19
DE,05-14,2022-09-24,2022-08-29,-26 day ahead inc hosp,quantile,0.1,65.68270549025641,COVID-19
DE,05-14,2022-09-24,2022-08-29,-26 day ahead inc hosp,quantile,0.25,66.53684986666667,COVID-19
DE,05-14,2022-09-24,2022-08-29,-26 day ahead inc hosp,quantile,0.5,66.53684986666667,COVID-19
DE,05-14,2022-09-24,2022-08-29,-26 day ahead inc hosp,quantile,0.75,66.70815424083243,COVID-19
DE,05-14,2022-09-24,2022-08-29,-26 day ahead inc hosp,quantile,0.9,67.22532786213019,COVID-19
DE,05-14,2022-09-24,2022-08-29,-26 day ahead inc hosp,quantile,0.975,67.37211474248598,COVID-19
DE,15-34,2022-09-24,2022-08-29,-26 day ahead inc hosp,mean,,389.30706736359167,COVID-19
DE,15-34,2022-09-24,2022-08-29,-26 day ahead inc hosp,quantile,0.025,386.6516490800217,COVID-19
DE,15-34,2022-09-24,2022-08-29,-26 day ahead inc hosp,quantile,0.1,387.1879348517336,COVID-19
DE,15-34,2022-09-24,2022-08-29,-26 day ahead inc hosp,quantile,0.25,388.05493713485515,COVID-19
DE,15-34,2022-09-24,2022-08-29,-26 day ahead inc hosp,quantile,0.5,389.09014454470815,COVID-19
DE,15-34,2022-09-24,2022-08-29,-26 day ahead inc hosp,quantile,0.75,390.05484389454637,COVID-19
DE,15-34,2022-09-24,2022-08-29,-26 day ahead inc hosp,quantile,0.9,391.66254510884164,COVID-19
DE,15-34,2022-09-24,2022-08-29,-26 day ahead inc hosp,quantile,0.975,393.78938993619016,COVID-19
DE,35-59,2022-09-24,2022-08-29,-26 day ahead inc hosp,mean,,800.1444337767385,COVID-19
DE,35-59,2022-09-24,2022-08-29,-26 day ahead inc hosp,quantile,0.025,796.3507947616274,COVID-19
DE,35-59,2022-09-24,2022-08-29,-26 day ahead inc hosp,quantile,0.1,796.7626329978748,COVID-19
DE,35-59,2022-09-24,2022-08-29,-26 day ahead inc hosp,quantile,0.25,797.641499009455,COVID-19
DE,35-59,2022-09-24,2022-08-29,-26 day ahead inc hosp,quantile,0.5,799.3573695479733,COVID-19
DE,35-59,2022-09-24,2022-08-29,-26 day ahead inc hosp,quantile,0.75,801.9649384143527,COVID-19
DE,35-59,2022-09-24,2022-08-29,-26 day ahead inc hosp,quantile,0.9,803.961227897366,COVID-19
DE,35-59,2022-09-24,2022-08-29,-26 day ahead inc hosp,quantile,0.975,807.8965285880595,COVID-19
DE,60-79,2022-09-24,2022-08-29,-26 day ahead inc hosp,mean,,1635.7538949563884,COVID-19
DE,60-79,2022-09-24,2022-08-29,-26 day ahead inc hosp,quantile,0.025,1629.4139423095514,COVID-19
DE,60-79,2022-09-24,2022-08-29,-26 day ahead inc hosp,quantile,0.1,1630.6008026972777,COVID-19
DE,60-79,2022-09-24,2022-08-29,-26 day ahead inc hosp,quantile,0.25,1632.9101267324606,COVID-19
DE,60-79,2022-09-24,2022-08-29,-26 day ahead inc hosp,quantile,0.5,1635.523805686115,COVID-19
DE,60-79,2022-09-24,2022-08-29,-26 day ahead inc hosp,quantile,0.75,1637.9866729372534,COVID-19
DE,60-79,2022-09-24,2022-08-29,-26 day ahead inc hosp,quantile,0.9,1641.3994411814547,COVID-19
DE,60-79,2022-09-24,2022-08-29,-26 day ahead inc hosp,quantile,0.975,1642.7275438390363,COVID-19
DE,80+,2022-09-24,2022-08-29,-26 day ahead inc hosp,mean,,1840.1707177982264,COVID-19
DE,80+,2022-09-24,2022-08-29,-26 day ahead inc hosp,quantile,0.025,1832.7235210300896,COVID-19
DE,80+,2022-09-24,2022-08-29,-26 day ahead inc hosp,quantile,0.1,1834.6147873254952,COVID-19
DE,80+,2022-09-24,2022-08-29,-26 day ahead inc hosp,quantile,0.25,1836.184694891469,COVID-19
DE,80+,2022-09-24,2022-08-29,-26 day ahead inc hosp,quantile,0.5,1839.349315551602,COVID-19
DE,80+,2022-09-24,2022-08-29,-26 day ahead inc hosp,quantile,0.75,1843.0502797493582,COVID-19
DE,80+,2022-09-24,2022-08-29,-26 day ahead inc hosp,quantile,0.9,1848.0263607267898,COVID-19
DE,80+,2022-09-24,2022-08-29,-26 day ahead inc hosp,quantile,0.975,1850.789756350615,COVID-19
DE-BB,00+,2022-09-24,2022-08-29,-26 day ahead inc hosp,mean,,152.6626949144127,COVID-19
DE-BB,00+,2022-09-24,2022-08-29,-26 day ahead inc hosp,quantile,0.025,152.0933031,COVID-19
DE-BB,00+,2022-09-24,2022-08-29,-26 day ahead inc hosp,quantile,0.1,152.0933031,COVID-19
DE-BB,00+,2022-09-24,2022-08-29,-26 day ahead inc hosp,quantile,0.25,152.2389369028647,COVID-19
DE-BB,00+,2022-09-24,2022-08-29,-26 day ahead inc hosp,quantile,0.5,152.52391612306778,COVID-19
DE-BB,00+,2022-09-24,2022-08-29,-26 day ahead inc hosp,quantile,0.75,152.95746362673455,COVID-19
DE-BB,00+,2022-09-24,2022-08-29,-26 day ahead inc hosp,quantile,0.9,153.30207688685715,COVID-19
DE-BB,00+,2022-09-24,2022-08-29,-26 day ahead inc hosp,quantile,0.975,153.75570652725511,COVID-19
DE-BE,00+,2022-09-24,2022-08-29,-26 day ahead inc hosp,mean,,165.86278894992614,COVID-19
DE-BE,00+,2022-09-24,2022-08-29,-26 day ahead inc hosp,quantile,0.025,164.58513563295338,COVID-19
DE-BE,00+,2022-09-24,2022-08-29,-26 day ahead inc hosp,quantile,0.1,164.91112767498007,COVID-19
DE-BE,00+,2022-09-24,2022-08-29,-26 day ahead inc hosp,quantile,0.25,165.31580196110028,COVID-19
DE-BE,00+,2022-09-24,2022-08-29,-26 day ahead inc hosp,quantile,0.5,165.58975376774822,COVID-19
DE-BE,00+,2022-09-24,2022-08-29,-26 day ahead inc hosp,quantile,0.75,166.2756712515692,COVID-19
DE-BE,00+,2022-09-24,2022-08-29,-26 day ahead inc hosp,quantile,0.9,167.25413995618376,COVID-19
DE-BE,00+,2022-09-24,2022-08-29,-26 day ahead inc hosp,quantile,0.975,168.00706062130087,COVID-19
DE-BW,00+,2022-09-24,2022-08-29,-26 day ahead inc hosp,mean,,404.50989094039517,COVID-19
DE-BW,00+,2022-09-24,2022-08-29,-26 day ahead inc hosp,quantile,0.025,400.9917985333333,COVID-19
DE-BW,00+,2022-09-24,2022-08-29,-26 day ahead inc hosp,quantile,0.1,401.1879300169977,COVID-19
DE-BW,00+,2022-09-24,2022-08-29,-26 day ahead inc hosp,quantile,0.25,402.404296732213,COVID-19
DE-BW,00+,2022-09-24,2022-08-29,-26 day ahead inc hosp,quantile,0.5,403.6622172205657,COVID-19
DE-BW,00+,2022-09-24,2022-08-29,-26 day ahead inc hosp,quantile,0.75,406.1938594437442,COVID-19
DE-BW,00+,2022-09-24,2022-08-29,-26 day ahead inc hosp,quantile,0.9,407.89392260439547,COVID-19
DE-BW,00+,2022-09-24,2022-08-29,-26 day ahead inc hosp,quantile,0.975,411.5459991645512,COVID-19
DE-BY,00+,2022-09-24,2022-08-29,-26 day ahead inc hosp,mean,,899.5217385251306,COVID-19
DE-BY,00+,2022-09-24,2022-08-29,-26 day ahead inc hosp,quantile,0.025,895.6902647131886,COVID-19
DE-BY,00+,2022-09-24,2022-08-29,-26 day ahead inc hosp,quantile,0.1,896.8089985664601,COVID-19
DE-BY,00+,2022-09-24,2022-08-29,-26 day ahead inc hosp,quantile,0.25,897.6833250239686,COVID-19
DE-BY,00+,2022-09-24,2022-08-29,-26 day ahead inc hosp,quantile,0.5,898.9841005851662,COVID-19
DE-BY,00+,2022-09-24,2022-08-29,-26 day ahead inc hosp,quantile,0.75,900.8777383475715,COVID-19
DE-BY,00+,2022-09-24,2022-08-29,-26 day ahead inc hosp,quantile,0.9,902.8666860438075,COVID-19
DE-BY,00+,2022-09-24,2022-08-29,-26 day ahead inc hosp,quantile,0.975,905.8347834453015,COVID-19
DE-HB,00+,2022-09-24,2022-08-29,-26 day ahead inc hosp,mean,,14.255496008272727,COVID-19
DE-HB,00+,2022-09-24,2022-08-29,-26 day ahead inc hosp,quantile,0.025,13.034444999999998,COVID-19
DE-HB,00+,2022-09-24,2022-08-29,-26 day ahead inc hosp,quantile,0.1,13.52975391,COVID-19
DE-HB,00+,2022-09-24,2022-08-29,-26 day ahead inc hosp,quantile,0.25,14.0772006,COVID-19
DE-HB,00+,2022-09-24,2022-08-29,-26 day ahead inc hosp,quantile,0.5,14.0772006,COVID-19
DE-HB,00+,2022-09-24,2022-08-29,-26 day ahead inc hosp,quantile,0.75,14.15718469431818,COVID-19
DE-HB,00+,2022-09-24,2022-08-29,-26 day ahead inc hosp,quantile,0.9,15.641333999999999,COVID-19
DE-HB,00+,2022-09-24,2022-08-29,-26 day ahead inc hosp,quantile,0.975,15.789600811874998,COVID-19
DE-HE,00+,2022-09-24,2022-08-29,-26 day ahead inc hosp,mean,,321.9065633501866,COVID-19
DE-HE,00+,2022-09-24,2022-08-29,-26 day ahead inc hosp,quantile,0.025,318.67276266666664,COVID-19
DE-HE,00+,2022-09-24,2022-08-29,-26 day ahead inc hosp,quantile,0.1,319.02568970547316,COVID-19
DE-HE,00+,2022-09-24,2022-08-29,-26 day ahead inc hosp,quantile,0.25,319.6377322797794,COVID-19
DE-HE,00+,2022-09-24,2022-08-29,-26 day ahead inc hosp,quantile,0.5,320.63680632321876,COVID-19
DE-HE,00+,2022-09-24,2022-08-29,-26 day ahead inc hosp,quantile,0.75,321.89530399166244,COVID-19
DE-HE,00+,2022-09-24,2022-08-29,-26 day ahead inc hosp,quantile,0.9,324.8504069452027,COVID-19
DE-HE,00+,2022-09-24,2022-08-29,-26 day ahead inc hosp,quantile,0.975,335.12669152564126,COVID-19
DE-HH,00+,2022-09-24,2022-08-29,-26 day ahead inc hosp,mean,,72.18095202047583,COVID-19
DE-HH,00+,2022-09-24,2022-08-29,-26 day ahead inc hosp,quantile,0.025,72.04806583333333,COVID-19
DE-HH,00+,2022-09-24,2022-08-29,-26 day ahead inc hosp,quantile,0.1,72.04806583333333,COVID-19
DE-HH,00+,2022-09-24,2022-08-29,-26 day ahead inc hosp,quantile,0.25,72.04806583333333,COVID-19
DE-HH,00+,2022-09-24,2022-08-29,-26 day ahead inc hosp,quantile,0.5,72.04806583333333,COVID-19
DE-HH,00+,2022-09-24,2022-08-29,-26 day ahead inc hosp,quantile,0.75,72.20117840324073,COVID-19
DE-HH,00+,2022-09-24,2022-08-29,-26 day ahead inc hosp,quantile,0.9,72.60537727874556,COVID-19
DE-HH,00+,2022-09-24,2022-08-29,-26 day ahead inc hosp,quantile,0.975,72.67469167312672,COVID-19
DE-MV,00+,2022-09-24,2022-08-29,-26 day ahead inc hosp,mean,,166.9443044708565,COVID-19
DE-MV,00+,2022-09-24,2022-08-29,-26 day ahead inc hosp,quantile,0.025,165.6065853322789,COVID-19
DE-MV,00+,2022-09-24,2022-08-29,-26 day ahead inc hosp,quantile,0.1,165.91717461617384,COVID-19
DE-MV,00+,2022-09-24,2022-08-29,-26 day ahead inc hosp,quantile,0.25,166.60541516666672,COVID-19
DE-MV,00+,2022-09-24,2022-08-29,-26 day ahead inc hosp,quantile,0.5,167.0740910008701,COVID-19
DE-MV,00+,2022-09-24,2022-08-29,-26 day ahead inc hosp,quantile,0.75,167.49005204011252,COVID-19
DE-MV,00+,2022-09-24,2022-08-29,-26 day ahead inc hosp,quantile,0.9,167.61925921327312,COVID-19
DE-MV,00+,2022-09-24,2022-08-29,-26 day ahead inc hosp,quantile,0.975,167.98448654954473,COVID-19
DE-NI,00+,2022-09-24,2022-08-29,-26 day ahead inc hosp,mean,,301.7735584568301,COVID-19
DE-NI,00+,2022-09-24,2022-08-29,-26 day ahead inc hosp,quantile,0.025,298.83167467992246,COVID-19
DE-NI,00+,2022-09-24,2022-08-29,-26 day ahead inc hosp,quantile,0.1,299.2981270333787,COVID-19
DE-NI,00+,2022-09-24,2022-08-29,-26 day ahead inc hosp,quantile,0.25,300.31233703697075,COVID-19
DE-NI,00+,2022-09-24,2022-08-29,-26 day ahead inc hosp,quantile,0.5,301.25443343688505,COVID-19
DE-NI,00+,2022-09-24,2022-08-29,-26 day ahead inc hosp,quantile,0.75,303.00713044891125,COVID-19
DE-NI,00+,2022-09-24,2022-08-29,-26 day ahead inc hosp,quantile,0.9,304.247975670997,COVID-19
DE-NI,00+,2022-09-24,2022-08-29,-26 day ahead inc hosp,quantile,0.975,306.5651394733792,COVID-19
DE-NW,00+,2022-09-24,2022-08-29,-26 day ahead inc hosp,mean,,1442.0658428446918,COVID-19
DE-NW,00+,2022-09-24,2022-08-29,-26 day ahead inc hosp,quantile,0.025,1438.4097444225254,COVID-19
DE-NW,00+,2022-09-24,2022-08-29,-26 day ahead inc hosp,quantile,0.1,1439.4873543169251,COVID-19
DE-NW,00+,2022-09-24,2022-08-29,-26 day ahead inc hosp,quantile,0.25,1440.7720479231682,COVID-19
DE-NW,00+,2022-09-24,2022-08-29,-26 day ahead inc hosp,quantile,0.5,1441.990557595412,COVID-19
DE-NW,00+,2022-09-24,2022-08-29,-26 day ahead inc hosp,quantile,0.75,1443.3376684381362,COVID-19
DE-NW,00+,2022-09-24,2022-08-29,-26 day ahead inc hosp,quantile,0.9,1444.792216614521,COVID-19
DE-NW,00+,2022-09-24,2022-08-29,-26 day ahead inc hosp,quantile,0.975,1445.9585371073358,COVID-19
DE-RP,00+,2022-09-24,2022-08-29,-26 day ahead inc hosp,mean,,233.85269270334342,COVID-19
DE-RP,00+,2022-09-24,2022-08-29,-26 day ahead inc hosp,quantile,0.025,232.1422654714897,COVID-19
DE-RP,00+,2022-09-24,2022-08-29,-26 day ahead inc hosp,quantile,0.1,232.3791160075752,COVID-19
DE-RP,00+,2022-09-24,2022-08-29,-26 day ahead inc hosp,quantile,0.25,232.8695426349329,COVID-19
DE-RP,00+,2022-09-24,2022-08-29,-26 day ahead inc hosp,quantile,0.5,233.51043221239743,COVID-19
DE-RP,00+,2022-09-24,2022-08-29,-26 day ahead inc hosp,quantile,0.75,234.6298260477679,COVID-19
DE-RP,00+,2022-09-24,2022-08-29,-26 day ahead inc hosp,quantile,0.9,235.67620800213956,COVID-19
DE-RP,00+,2022-09-24,2022-08-29,-26 day ahead inc hosp,quantile,0.975,236.72005812154939,COVID-19
DE-SH,00+,2022-09-24,2022-08-29,-26 day ahead inc hosp,mean,,199.45774331862845,COVID-19
DE-SH,00+,2022-09-24,2022-08-29,-26 day ahead inc hosp,quantile,0.025,198.4357728,COVID-19
DE-SH,00+,2022-09-24,2022-08-29,-26 day ahead inc hosp,quantile,0.1,198.4357728,COVID-19
DE-SH,00+,2022-09-24,2022-08-29,-26 day ahead inc hosp,quantile,0.25,198.67889003317586,COVID-19
DE-SH,00+,2022-09-24,2022-08-29,-26 day ahead inc hosp,quantile,0.5,199.2431483932683,COVID-19
DE-SH,00+,2022-09-24,2022-08-29,-26 day ahead inc hosp,quantile,0.75,199.85519272688154,COVID-19
DE-SH,00+,2022-09-24,2022-08-29,-26 day ahead inc hosp,quantile,0.9,200.72726159215532,COVID-19
DE-SH,00+,2022-09-24,2022-08-29,-26 day ahead inc hosp,quantile,0.975,201.87294569043158,COVID-19
DE-SL,00+,2022-09-24,2022-08-29,-26 day ahead inc hosp,mean,,71.41753223525967,COVID-19
DE-SL,00+,2022-09-24,2022-08-29,-26 day ahead inc hosp,quantile,0.025,71.25338520000001,COVID-19
DE-SL,00+,2022-09-24,2022-08-29,-26 day ahead inc hosp,quantile,0.1,71.25338520000001,COVID-19
DE-SL,00+,2022-09-24,2022-08-29,-26 day ahead inc hosp,quantile,0.25,71.25338520000001,COVID-19
DE-SL,00+,2022-09-24,2022-08-29,-26 day ahead inc hosp,quantile,0.5,71.25338520000001,COVID-19
DE-SL,00+,2022-09-24,2022-08-29,-26 day ahead inc hosp,quantile,0.75,71.41479289076132,COVID-19
DE-SL,00+,2022-09-24,2022-08-29,-26 day ahead inc hosp,quantile,0.9,71.84229999949368,COVID-19
DE-SL,00+,2022-09-24,2022-08-29,-26 day ahead inc hosp,quantile,0.975,72.20638239216748,COVID-19
DE-SN,00+,2022-09-24,2022-08-29,-26 day ahead inc hosp,mean,,191.53635616011496,COVID-19
DE-SN,00+,2022-09-24,2022-08-29,-26 day ahead inc hosp,quantile,0.025,189.94130332262378,COVID-19
DE-SN,00+,2022-09-24,2022-08-29,-26 day ahead inc hosp,quantile,0.1,190.35835759926417,COVID-19
DE-SN,00+,2022-09-24,2022-08-29,-26 day ahead inc hosp,quantile,0.25,190.71466990815892,COVID-19
DE-SN,00+,2022-09-24,2022-08-29,-26 day ahead inc hosp,quantile,0.5,191.5630468741177,COVID-19
DE-SN,00+,2022-09-24,2022-08-29,-26 day ahead inc hosp,quantile,0.75,192.1727092962179,COVID-19
DE-SN,00+,2022-09-24,2022-08-29,-26 day ahead inc hosp,quantile,0.9,192.6791498037734,COVID-19
DE-SN,00+,2022-09-24,2022-08-29,-26 day ahead inc hosp,quantile,0.975,193.26571901314736,COVID-19
DE-ST,00+,2022-09-24,2022-08-29,-26 day ahead inc hosp,mean,,148.22488320524118,COVID-19
DE-ST,00+,2022-09-24,2022-08-29,-26 day ahead inc hosp,quantile,0.025,147.3643496,COVID-19
DE-ST,00+,2022-09-24,2022-08-29,-26 day ahead inc hosp,quantile,0.1,147.3643496,COVID-19
DE-ST,00+,2022-09-24,2022-08-29,-26 day ahead inc hosp,quantile,0.25,147.52258995147574,COVID-19
DE-ST,00+,2022-09-24,2022-08-29,-26 day ahead inc hosp,quantile,0.5,147.97579049368133,COVID-19
DE-ST,00+,2022-09-24,2022-08-29,-26 day ahead inc hosp,quantile,0.75,148.4601016965372,COVID-19
DE-ST,00+,2022-09-24,2022-08-29,-26 day ahead inc hosp,quantile,0.9,149.22174390701838,COVID-19
DE-ST,00+,2022-09-24,2022-08-29,-26 day ahead inc hosp,quantile,0.975,150.86972229581252,COVID-19
DE-TH,00+,2022-09-24,2022-08-29,-26 day ahead inc hosp,mean,,197.8148981608075,COVID-19
DE-TH,00+,2022-09-24,2022-08-29,-26 day ahead inc hosp,quantile,0.025,197.4566279,COVID-19
DE-TH,00+,2022-09-24,2022-08-29,-26 day ahead inc hosp,quantile,0.1,197.4566279,COVID-19
DE-TH,00+,2022-09-24,2022-08-29,-26 day ahead inc hosp,quantile,0.25,197.4566279,COVID-19
DE-TH,00+,2022-09-24,2022-08-29,-26 day ahead inc hosp,quantile,0.5,197.4566279,COVID-19
DE-TH,00+,2022-09-24,2022-08-29,-26 day ahead inc hosp,quantile,0.75,198.06191720057524,COVID-19
DE-TH,00+,2022-09-24,2022-08-29,-26 day ahead inc hosp,quantile,0.9,198.66705533241986,COVID-19
DE-TH,00+,2022-09-24,2022-08-29,-26 day ahead inc hosp,quantile,0.975,198.96972484415738,COVID-19
DE,00+,2022-09-24,2022-08-30,-25 day ahead inc hosp,mean,,4897.901783243783,COVID-19
DE,00+,2022-09-24,2022-08-30,-25 day ahead inc hosp,quantile,0.025,4881.569928687824,COVID-19
DE,00+,2022-09-24,2022-08-30,-25 day ahead inc hosp,quantile,0.1,4885.319097682337,COVID-19
DE,00+,2022-09-24,2022-08-30,-25 day ahead inc hosp,quantile,0.25,4888.515706284609,COVID-19
DE,00+,2022-09-24,2022-08-30,-25 day ahead inc hosp,quantile,0.5,4894.384612453445,COVID-19
DE,00+,2022-09-24,2022-08-30,-25 day ahead inc hosp,quantile,0.75,4905.309088449556,COVID-19
DE,00+,2022-09-24,2022-08-30,-25 day ahead inc hosp,quantile,0.9,4915.096246032152,COVID-19
DE,00+,2022-09-24,2022-08-30,-25 day ahead inc hosp,quantile,0.975,4931.538214526476,COVID-19
DE,00-04,2022-09-24,2022-08-30,-25 day ahead inc hosp,mean,,184.25451330887287,COVID-19
DE,00-04,2022-09-24,2022-08-30,-25 day ahead inc hosp,quantile,0.025,183.46824414592012,COVID-19
DE,00-04,2022-09-24,2022-08-30,-25 day ahead inc hosp,quantile,0.1,183.61852716666667,COVID-19
DE,00-04,2022-09-24,2022-08-30,-25 day ahead inc hosp,quantile,0.25,183.61852716666667,COVID-19
DE,00-04,2022-09-24,2022-08-30,-25 day ahead inc hosp,quantile,0.5,183.97142161738572,COVID-19
DE,00-04,2022-09-24,2022-08-30,-25 day ahead inc hosp,quantile,0.75,184.63854763384404,COVID-19
DE,00-04,2022-09-24,2022-08-30,-25 day ahead inc hosp,quantile,0.9,185.3625229186196,COVID-19
DE,00-04,2022-09-24,2022-08-30,-25 day ahead inc hosp,quantile,0.975,186.3231139188786,COVID-19
DE,05-14,2022-09-24,2022-08-30,-25 day ahead inc hosp,mean,,62.54049324762845,COVID-19
DE,05-14,2022-09-24,2022-08-30,-25 day ahead inc hosp,quantile,0.025,61.38848873378192,COVID-19
DE,05-14,2022-09-24,2022-08-30,-25 day ahead inc hosp,quantile,0.1,61.73186606227107,COVID-19
DE,05-14,2022-09-24,2022-08-30,-25 day ahead inc hosp,quantile,0.25,62.53463333333334,COVID-19
DE,05-14,2022-09-24,2022-08-30,-25 day ahead inc hosp,quantile,0.5,62.53463333333334,COVID-19
DE,05-14,2022-09-24,2022-08-30,-25 day ahead inc hosp,quantile,0.75,62.89156561581636,COVID-19
DE,05-14,2022-09-24,2022-08-30,-25 day ahead inc hosp,quantile,0.9,63.237800886086895,COVID-19
DE,05-14,2022-09-24,2022-08-30,-25 day ahead inc hosp,quantile,0.975,63.42434162083116,COVID-19
DE,15-34,2022-09-24,2022-08-30,-25 day ahead inc hosp,mean,,386.0039235532956,COVID-19
DE,15-34,2022-09-24,2022-08-30,-25 day ahead inc hosp,quantile,0.025,382.86453178656393,COVID-19
DE,15-34,2022-09-24,2022-08-30,-25 day ahead inc hosp,quantile,0.1,383.16926891217776,COVID-19
DE,15-34,2022-09-24,2022-08-30,-25 day ahead inc hosp,quantile,0.25,384.5185777678047,COVID-19
DE,15-34,2022-09-24,2022-08-30,-25 day ahead inc hosp,quantile,0.5,385.59732045214116,COVID-19
DE,15-34,2022-09-24,2022-08-30,-25 day ahead inc hosp,quantile,0.75,386.8999700292084,COVID-19
DE,15-34,2022-09-24,2022-08-30,-25 day ahead inc hosp,quantile,0.9,389.409086659005,COVID-19
DE,15-34,2022-09-24,2022-08-30,-25 day ahead inc hosp,quantile,0.975,391.2167559987503,COVID-19
DE,35-59,2022-09-24,2022-08-30,-25 day ahead inc hosp,mean,,784.0512841207554,COVID-19
DE,35-59,2022-09-24,2022-08-30,-25 day ahead inc hosp,quantile,0.025,779.4605369167994,COVID-19
DE,35-59,2022-09-24,2022-08-30,-25 day ahead inc hosp,quantile,0.1,780.1071940454658,COVID-19
DE,35-59,2022-09-24,2022-08-30,-25 day ahead inc hosp,quantile,0.25,781.0796290210532,COVID-19
DE,35-59,2022-09-24,2022-08-30,-25 day ahead inc hosp,quantile,0.5,782.958296112003,COVID-19
DE,35-59,2022-09-24,2022-08-30,-25 day ahead inc hosp,quantile,0.75,786.1843324199265,COVID-19
DE,35-59,2022-09-24,2022-08-30,-25 day ahead inc hosp,quantile,0.9,789.0005917056089,COVID-19
DE,35-59,2022-09-24,2022-08-30,-25 day ahead inc hosp,quantile,0.975,792.6719055173401,COVID-19
DE,60-79,2022-09-24,2022-08-30,-25 day ahead inc hosp,mean,,1625.1899495428936,COVID-19
DE,60-79,2022-09-24,2022-08-30,-25 day ahead inc hosp,quantile,0.025,1617.9621889633127,COVID-19
DE,60-79,2022-09-24,2022-08-30,-25 day ahead inc hosp,quantile,0.1,1620.21122457108,COVID-19
DE,60-79,2022-09-24,2022-08-30,-25 day ahead inc hosp,quantile,0.25,1622.5921153628926,COVID-19
DE,60-79,2022-09-24,2022-08-30,-25 day ahead inc hosp,quantile,0.5,1625.0059531475458,COVID-19
DE,60-79,2022-09-24,2022-08-30,-25 day ahead inc hosp,quantile,0.75,1627.3655512665755,COVID-19
DE,60-79,2022-09-24,2022-08-30,-25 day ahead inc hosp,quantile,0.9,1630.5309532456758,COVID-19
DE,60-79,2022-09-24,2022-08-30,-25 day ahead inc hosp,quantile,0.975,1632.767916304074,COVID-19
DE,80+,2022-09-24,2022-08-30,-25 day ahead inc hosp,mean,,1800.6509571233455,COVID-19
DE,80+,2022-09-24,2022-08-30,-25 day ahead inc hosp,quantile,0.025,1792.6712962788465,COVID-19
DE,80+,2022-09-24,2022-08-30,-25 day ahead inc hosp,quantile,0.1,1794.3847709211593,COVID-19
DE,80+,2022-09-24,2022-08-30,-25 day ahead inc hosp,quantile,0.25,1796.330759604646,COVID-19
DE,80+,2022-09-24,2022-08-30,-25 day ahead inc hosp,quantile,0.5,1799.4058426777679,COVID-19
DE,80+,2022-09-24,2022-08-30,-25 day ahead inc hosp,quantile,0.75,1804.1075516824837,COVID-19
DE,80+,2022-09-24,2022-08-30,-25 day ahead inc hosp,quantile,0.9,1809.6557533748721,COVID-19
DE,80+,2022-09-24,2022-08-30,-25 day ahead inc hosp,quantile,0.975,1812.4587880302765,COVID-19
DE-BB,00+,2022-09-24,2022-08-30,-25 day ahead inc hosp,mean,,151.8500100154971,COVID-19
DE-BB,00+,2022-09-24,2022-08-30,-25 day ahead inc hosp,quantile,0.025,151.08439230000002,COVID-19
DE-BB,00+,2022-09-24,2022-08-30,-25 day ahead inc hosp,quantile,0.1,151.08439230000002,COVID-19
DE-BB,00+,2022-09-24,2022-08-30,-25 day ahead inc hosp,quantile,0.25,151.37444321697296,COVID-19
DE-BB,00+,2022-09-24,2022-08-30,-25 day ahead inc hosp,quantile,0.5,151.76316476582852,COVID-19
DE-BB,00+,2022-09-24,2022-08-30,-25 day ahead inc hosp,quantile,0.75,152.25471592282196,COVID-19
DE-BB,00+,2022-09-24,2022-08-30,-25 day ahead inc hosp,quantile,0.9,152.60817438355795,COVID-19
DE-BB,00+,2022-09-24,2022-08-30,-25 day ahead inc hosp,quantile,0.975,152.9486525735298,COVID-19
DE-BE,00+,2022-09-24,2022-08-30,-25 day ahead inc hosp,mean,,158.8932868072067,COVID-19
DE-BE,00+,2022-09-24,2022-08-30,-25 day ahead inc hosp,quantile,0.025,157.49615207377062,COVID-19
DE-BE,00+,2022-09-24,2022-08-30,-25 day ahead inc hosp,quantile,0.1,157.7791800387357,COVID-19
DE-BE,00+,2022-09-24,2022-08-30,-25 day ahead inc hosp,quantile,0.25,158.15285502172082,COVID-19
DE-BE,00+,2022-09-24,2022-08-30,-25 day ahead inc hosp,quantile,0.5,158.5910176478385,COVID-19
DE-BE,00+,2022-09-24,2022-08-30,-25 day ahead inc hosp,quantile,0.75,159.2336028960916,COVID-19
DE-BE,00+,2022-09-24,2022-08-30,-25 day ahead inc hosp,quantile,0.9,160.1719007561304,COVID-19
DE-BE,00+,2022-09-24,2022-08-30,-25 day ahead inc hosp,quantile,0.975,162.41202013919732,COVID-19
DE-BW,00+,2022-09-24,2022-08-30,-25 day ahead inc hosp,mean,,394.35343269034286,COVID-19
DE-BW,00+,2022-09-24,2022-08-30,-25 day ahead inc hosp,quantile,0.025,390.15807293378384,COVID-19
DE-BW,00+,2022-09-24,2022-08-30,-25 day ahead inc hosp,quantile,0.1,390.6881429740045,COVID-19
DE-BW,00+,2022-09-24,2022-08-30,-25 day ahead inc hosp,quantile,0.25,391.9636488728562,COVID-19
DE-BW,00+,2022-09-24,2022-08-30,-25 day ahead inc hosp,quantile,0.5,393.5527098205942,COVID-19
DE-BW,00+,2022-09-24,2022-08-30,-25 day ahead inc hosp,quantile,0.75,396.31227144842575,COVID-19
DE-BW,00+,2022-09-24,2022-08-30,-25 day ahead inc hosp,quantile,0.9,398.0252438283966,COVID-19
DE-BW,00+,2022-09-24,2022-08-30,-25 day ahead inc hosp,quantile,0.975,402.1377391126341,COVID-19
DE-BY,00+,2022-09-24,2022-08-30,-25 day ahead inc hosp,mean,,904.2470356408804,COVID-19
DE-BY,00+,2022-09-24,2022-08-30,-25 day ahead inc hosp,quantile,0.025,899.6726426718539,COVID-19
DE-BY,00+,2022-09-24,2022-08-30,-25 day ahead inc hosp,quantile,0.1,900.8827265977953,COVID-19
DE-BY,00+,2022-09-24,2022-08-30,-25 day ahead inc hosp,quantile,0.25,901.915835609086,COVID-19
DE-BY,00+,2022-09-24,2022-08-30,-25 day ahead inc hosp,quantile,0.5,903.725081180055,COVID-19
DE-BY,00+,2022-09-24,2022-08-30,-25 day ahead inc hosp,quantile,0.75,906.0503631312912,COVID-19
DE-BY,00+,2022-09-24,2022-08-30,-25 day ahead inc hosp,quantile,0.9,908.4022259885662,COVID-19
DE-BY,00+,2022-09-24,2022-08-30,-25 day ahead inc hosp,quantile,0.975,911.4895776313631,COVID-19
DE-HB,00+,2022-09-24,2022-08-30,-25 day ahead inc hosp,mean,,14.62759554369192,COVID-19
DE-HB,00+,2022-09-24,2022-08-30,-25 day ahead inc hosp,quantile,0.025,13.349286666666668,COVID-19
DE-HB,00+,2022-09-24,2022-08-30,-25 day ahead inc hosp,quantile,0.1,13.856559559999997,COVID-19
DE-HB,00+,2022-09-24,2022-08-30,-25 day ahead inc hosp,quantile,0.25,14.4172296,COVID-19
DE-HB,00+,2022-09-24,2022-08-30,-25 day ahead inc hosp,quantile,0.5,14.4172296,COVID-19
DE-HB,00+,2022-09-24,2022-08-30,-25 day ahead inc hosp,quantile,0.75,14.5829937375,COVID-19
DE-HB,00+,2022-09-24,2022-08-30,-25 day ahead inc hosp,quantile,0.9,16.019144000000004,COVID-19
DE-HB,00+,2022-09-24,2022-08-30,-25 day ahead inc hosp,quantile,0.975,16.219383299999997,COVID-19
DE-HE,00+,2022-09-24,2022-08-30,-25 day ahead inc hosp,mean,,314.93186378888834,COVID-19
DE-HE,00+,2022-09-24,2022-08-30,-25 day ahead inc hosp,quantile,0.025,310.8246924450521,COVID-19
DE-HE,00+,2022-09-24,2022-08-30,-25 day ahead inc hosp,quantile,0.1,311.5936286359343,COVID-19
DE-HE,00+,2022-09-24,2022-08-30,-25 day ahead inc hosp,quantile,0.25,312.1411351999181,COVID-19
DE-HE,00+,2022-09-24,2022-08-30,-25 day ahead inc hosp,quantile,0.5,313.03174678716016,COVID-19
DE-HE,00+,2022-09-24,2022-08-30,-25 day ahead inc hosp,quantile,0.75,314.38540094159055,COVID-19
DE-HE,00+,2022-09-24,2022-08-30,-25 day ahead inc hosp,quantile,0.9,321.61462313057893,COVID-19
DE-HE,00+,2022-09-24,2022-08-30,-25 day ahead inc hosp,quantile,0.975,331.4646206481958,COVID-19
DE-HH,00+,2022-09-24,2022-08-30,-25 day ahead inc hosp,mean,,68.60364686284836,COVID-19
DE-HH,00+,2022-09-24,2022-08-30,-25 day ahead inc hosp,quantile,0.025,68.39927966666666,COVID-19
DE-HH,00+,2022-09-24,2022-08-30,-25 day ahead inc hosp,quantile,0.1,68.39927966666666,COVID-19
DE-HH,00+,2022-09-24,2022-08-30,-25 day ahead inc hosp,quantile,0.25,68.39927966666666,COVID-19
DE-HH,00+,2022-09-24,2022-08-30,-25 day ahead inc hosp,quantile,0.5,68.39927966666666,COVID-19
DE-HH,00+,2022-09-24,2022-08-30,-25 day ahead inc hosp,quantile,0.75,68.72099245778773,COVID-19
DE-HH,00+,2022-09-24,2022-08-30,-25 day ahead inc hosp,quantile,0.9,68.97998882645902,COVID-19
DE-HH,00+,2022-09-24,2022-08-30,-25 day ahead inc hosp,quantile,0.975,69.36143165029384,COVID-19
DE-MV,00+,2022-09-24,2022-08-30,-25 day ahead inc hosp,mean,,159.01744359938863,COVID-19
DE-MV,00+,2022-09-24,2022-08-30,-25 day ahead inc hosp,quantile,0.025,157.40205040342278,COVID-19
DE-MV,00+,2022-09-24,2022-08-30,-25 day ahead inc hosp,quantile,0.1,157.89882251433468,COVID-19
DE-MV,00+,2022-09-24,2022-08-30,-25 day ahead inc hosp,quantile,0.25,158.57429033333335,COVID-19
DE-MV,00+,2022-09-24,2022-08-30,-25 day ahead inc hosp,quantile,0.5,159.3027264478752,COVID-19
DE-MV,00+,2022-09-24,2022-08-30,-25 day ahead inc hosp,quantile,0.75,159.49424474297012,COVID-19
DE-MV,00+,2022-09-24,2022-08-30,-25 day ahead inc hosp,quantile,0.9,159.8036391813147,COVID-19
DE-MV,00+,2022-09-24,2022-08-30,-25 day ahead inc hosp,quantile,0.975,160.23677068787808,COVID-19
DE-NI,00+,2022-09-24,2022-08-30,-25 day ahead inc hosp,mean,,299.36509310060075,COVID-19
DE-NI,00+,2022-09-24,2022-08-30,-25 day ahead inc hosp,quantile,0.025,296.2577629916197,COVID-19
DE-NI,00+,2022-09-24,2022-08-30,-25 day ahead inc hosp,quantile,0.1,296.97088993423347,COVID-19
DE-NI,00+,2022-09-24,2022-08-30,-25 day ahead inc hosp,quantile,0.25,297.88032842053485,COVID-19
DE-NI,00+,2022-09-24,2022-08-30,-25 day ahead inc hosp,quantile,0.5,299.1098884996094,COVID-19
DE-NI,00+,2022-09-24,2022-08-30,-25 day ahead inc hosp,quantile,0.75,300.7289102823906,COVID-19
DE-NI,00+,2022-09-24,2022-08-30,-25 day ahead inc hosp,quantile,0.9,301.8367807036191,COVID-19
DE-NI,00+,2022-09-24,2022-08-30,-25 day ahead inc hosp,quantile,0.975,303.95721725741095,COVID-19
DE-NW,00+,2022-09-24,2022-08-30,-25 day ahead inc hosp,mean,,1411.1892725802518,COVID-19
DE-NW,00+,2022-09-24,2022-08-30,-25 day ahead inc hosp,quantile,0.025,1407.3260960062387,COVID-19
DE-NW,00+,2022-09-24,2022-08-30,-25 day ahead inc hosp,quantile,0.1,1408.4772783154053,COVID-19
DE-NW,00+,2022-09-24,2022-08-30,-25 day ahead inc hosp,quantile,0.25,1409.8921291653535,COVID-19
DE-NW,00+,2022-09-24,2022-08-30,-25 day ahead inc hosp,quantile,0.5,1411.2171338246292,COVID-19
DE-NW,00+,2022-09-24,2022-08-30,-25 day ahead inc hosp,quantile,0.75,1412.400786492268,COVID-19
DE-NW,00+,2022-09-24,2022-08-30,-25 day ahead inc hosp,quantile,0.9,1413.95945844927,COVID-19
DE-NW,00+,2022-09-24,2022-08-30,-25 day ahead inc hosp,quantile,0.975,1415.2379456773253,COVID-19
DE-RP,00+,2022-09-24,2022-08-30,-25 day ahead inc hosp,mean,,238.3496930048947,COVID-19
DE-RP,00+,2022-09-24,2022-08-30,-25 day ahead inc hosp,quantile,0.025,236.3693593357623,COVID-19
DE-RP,00+,2022-09-24,2022-08-30,-25 day ahead inc hosp,quantile,0.1,236.65301962886164,COVID-19
DE-RP,00+,2022-09-24,2022-08-30,-25 day ahead inc hosp,quantile,0.25,237.11843281368135,COVID-19
DE-RP,00+,2022-09-24,2022-08-30,-25 day ahead inc hosp,quantile,0.5,238.06943693121826,COVID-19
DE-RP,00+,2022-09-24,2022-08-30,-25 day ahead inc hosp,quantile,0.75,239.33191641458373,COVID-19
DE-RP,00+,2022-09-24,2022-08-30,-25 day ahead inc hosp,quantile,0.9,240.41633963376825,COVID-19
DE-RP,00+,2022-09-24,2022-08-30,-25 day ahead inc hosp,quantile,0.975,241.69916101032524,COVID-19
DE-SH,00+,2022-09-24,2022-08-30,-25 day ahead inc hosp,mean,,195.96366486431523,COVID-19
DE-SH,00+,2022-09-24,2022-08-30,-25 day ahead inc hosp,quantile,0.025,194.7248676,COVID-19
DE-SH,00+,2022-09-24,2022-08-30,-25 day ahead inc hosp,quantile,0.1,194.7248676,COVID-19
DE-SH,00+,2022-09-24,2022-08-30,-25 day ahead inc hosp,quantile,0.25,195.19129965924066,COVID-19
DE-SH,00+,2022-09-24,2022-08-30,-25 day ahead inc hosp,quantile,0.5,195.72288698906667,COVID-19
DE-SH,00+,2022-09-24,2022-08-30,-25 day ahead inc hosp,quantile,0.75,196.33080735851425,COVID-19
DE-SH,00+,2022-09-24,2022-08-30,-25 day ahead inc hosp,quantile,0.9,197.47726809634204,COVID-19
DE-SH,00+,2022-09-24,2022-08-30,-25 day ahead inc hosp,quantile,0.975,198.71517099356447,COVID-19
DE-SL,00+,2022-09-24,2022-08-30,-25 day ahead inc hosp,mean,,68.12990292231842,COVID-19
DE-SL,00+,2022-09-24,2022-08-30,-25 day ahead inc hosp,quantile,0.025,67.9026036,COVID-19
DE-SL,00+,2022-09-24,2022-08-30,-25 day ahead inc hosp,quantile,0.1,67.9026036,COVID-19
DE-SL,00+,2022-09-24,2022-08-30,-25 day ahead inc hosp,quantile,0.25,67.9026036,COVID-19
DE-SL,00+,2022-09-24,2022-08-30,-25 day ahead inc hosp,quantile,0.5,67.9026036,COVID-19
DE-SL,00+,2022-09-24,2022-08-30,-25 day ahead inc hosp,quantile,0.75,68.29583341348858,COVID-19
DE-SL,00+,2022-09-24,2022-08-30,-25 day ahead inc hosp,quantile,0.9,68.7243187246709,COVID-19
DE-SL,00+,2022-09-24,2022-08-30,-25 day ahead inc hosp,quantile,0.975,68.87415251659834,COVID-19
DE-SN,00+,2022-09-24,2022-08-30,-25 day ahead inc hosp,mean,,188.9267135080571,COVID-19
DE-SN,00+,2022-09-24,2022-08-30,-25 day ahead inc hosp,quantile,0.025,186.95123427468667,COVID-19
DE-SN,00+,2022-09-24,2022-08-30,-25 day ahead inc hosp,quantile,0.1,187.56916707827187,COVID-19
DE-SN,00+,2022-09-24,2022-08-30,-25 day ahead inc hosp,quantile,0.25,188.16456737046357,COVID-19
DE-SN,00+,2022-09-24,2022-08-30,-25 day ahead inc hosp,quantile,0.5,188.92639205956246,COVID-19
DE-SN,00+,2022-09-24,2022-08-30,-25 day ahead inc hosp,quantile,0.75,189.61784288207923,COVID-19
DE-SN,00+,2022-09-24,2022-08-30,-25 day ahead inc hosp,quantile,0.9,190.2887579087382,COVID-19
DE-SN,00+,2022-09-24,2022-08-30,-25 day ahead inc hosp,quantile,0.975,190.93797908832636,COVID-19
DE-ST,00+,2022-09-24,2022-08-30,-25 day ahead inc hosp,mean,,147.42339653353622,COVID-19
DE-ST,00+,2022-09-24,2022-08-30,-25 day ahead inc hosp,quantile,0.025,146.34704146666667,COVID-19
DE-ST,00+,2022-09-24,2022-08-30,-25 day ahead inc hosp,quantile,0.1,146.50149145444334,COVID-19
DE-ST,00+,2022-09-24,2022-08-30,-25 day ahead inc hosp,quantile,0.25,146.67148632822384,COVID-19
DE-ST,00+,2022-09-24,2022-08-30,-25 day ahead inc hosp,quantile,0.5,147.168213553479,COVID-19
DE-ST,00+,2022-09-24,2022-08-30,-25 day ahead inc hosp,quantile,0.75,147.6450848782843,COVID-19
DE-ST,00+,2022-09-24,2022-08-30,-25 day ahead inc hosp,quantile,0.9,148.76145443901265,COVID-19
DE-ST,00+,2022-09-24,2022-08-30,-25 day ahead inc hosp,quantile,0.975,150.04401054859676,COVID-19
DE-TH,00+,2022-09-24,2022-08-30,-25 day ahead inc hosp,mean,,188.8337039263872,COVID-19
DE-TH,00+,2022-09-24,2022-08-30,-25 day ahead inc hosp,quantile,0.025,188.40741616666665,COVID-19
DE-TH,00+,2022-09-24,2022-08-30,-25 day ahead inc hosp,quantile,0.1,188.40741616666665,COVID-19
DE-TH,00+,2022-09-24,2022-08-30,-25 day ahead inc hosp,quantile,0.25,188.40741616666665,COVID-19
DE-TH,00+,2022-09-24,2022-08-30,-25 day ahead inc hosp,quantile,0.5,188.58678249237977,COVID-19
DE-TH,00+,2022-09-24,2022-08-30,-25 day ahead inc hosp,quantile,0.75,189.32035380570346,COVID-19
DE-TH,00+,2022-09-24,2022-08-30,-25 day ahead inc hosp,quantile,0.9,189.57767369770295,COVID-19
DE-TH,00+,2022-09-24,2022-08-30,-25 day ahead inc hosp,quantile,0.975,189.8511696060435,COVID-19
DE,00+,2022-09-24,2022-08-31,-24 day ahead inc hosp,mean,,4769.173544637728,COVID-19
DE,00+,2022-09-24,2022-08-31,-24 day ahead inc hosp,quantile,0.025,4752.551027516552,COVID-19
DE,00+,2022-09-24,2022-08-31,-24 day ahead inc hosp,quantile,0.1,4755.9158144174435,COVID-19
DE,00+,2022-09-24,2022-08-31,-24 day ahead inc hosp,quantile,0.25,4759.390225294727,COVID-19
DE,00+,2022-09-24,2022-08-31,-24 day ahead inc hosp,quantile,0.5,4765.609814325992,COVID-19
DE,00+,2022-09-24,2022-08-31,-24 day ahead inc hosp,quantile,0.75,4775.853817411923,COVID-19
DE,00+,2022-09-24,2022-08-31,-24 day ahead inc hosp,quantile,0.9,4789.997927986839,COVID-19
DE,00+,2022-09-24,2022-08-31,-24 day ahead inc hosp,quantile,0.975,4800.8149808981625,COVID-19
DE,00-04,2022-09-24,2022-08-31,-24 day ahead inc hosp,mean,,174.77403712069457,COVID-19
DE,00-04,2022-09-24,2022-08-31,-24 day ahead inc hosp,quantile,0.025,173.85361254315475,COVID-19
DE,00-04,2022-09-24,2022-08-31,-24 day ahead inc hosp,quantile,0.1,173.99602000000002,COVID-19
DE,00-04,2022-09-24,2022-08-31,-24 day ahead inc hosp,quantile,0.25,173.99602000000002,COVID-19
DE,00-04,2022-09-24,2022-08-31,-24 day ahead inc hosp,quantile,0.5,174.54736412259405,COVID-19
DE,00-04,2022-09-24,2022-08-31,-24 day ahead inc hosp,quantile,0.75,175.18694323703144,COVID-19
DE,00-04,2022-09-24,2022-08-31,-24 day ahead inc hosp,quantile,0.9,176.2978594381013,COVID-19
DE,00-04,2022-09-24,2022-08-31,-24 day ahead inc hosp,quantile,0.975,177.0249882229355,COVID-19
DE,05-14,2022-09-24,2022-08-31,-24 day ahead inc hosp,mean,,58.36630234026317,COVID-19
DE,05-14,2022-09-24,2022-08-31,-24 day ahead inc hosp,quantile,0.025,57.21407149988475,COVID-19
DE,05-14,2022-09-24,2022-08-31,-24 day ahead inc hosp,quantile,0.1,57.534099170036626,COVID-19
DE,05-14,2022-09-24,2022-08-31,-24 day ahead inc hosp,quantile,0.25,58.28227826666666,COVID-19
DE,05-14,2022-09-24,2022-08-31,-24 day ahead inc hosp,quantile,0.5,58.28227826666666,COVID-19
DE,05-14,2022-09-24,2022-08-31,-24 day ahead inc hosp,quantile,0.75,58.85244423171651,COVID-19
DE,05-14,2022-09-24,2022-08-31,-24 day ahead inc hosp,quantile,0.9,59.07161735091093,COVID-19
DE,05-14,2022-09-24,2022-08-31,-24 day ahead inc hosp,quantile,0.975,59.37317579556029,COVID-19
DE,15-34,2022-09-24,2022-08-31,-24 day ahead inc hosp,mean,,378.27553947629036,COVID-19
DE,15-34,2022-09-24,2022-08-31,-24 day ahead inc hosp,quantile,0.025,374.6917256893138,COVID-19
DE,15-34,2022-09-24,2022-08-31,-24 day ahead inc hosp,quantile,0.1,374.98995775313284,COVID-19
DE,15-34,2022-09-24,2022-08-31,-24 day ahead inc hosp,quantile,0.25,376.52784363547084,COVID-19
DE,15-34,2022-09-24,2022-08-31,-24 day ahead inc hosp,quantile,0.5,377.79818902021657,COVID-19
DE,15-34,2022-09-24,2022-08-31,-24 day ahead inc hosp,quantile,0.75,379.2468845234418,COVID-19
DE,15-34,2022-09-24,2022-08-31,-24 day ahead inc hosp,quantile,0.9,382.6738793577818,COVID-19
DE,15-34,2022-09-24,2022-08-31,-24 day ahead inc hosp,quantile,0.975,383.67081406604785,COVID-19
DE,35-59,2022-09-24,2022-08-31,-24 day ahead inc hosp,mean,,754.4687377515173,COVID-19
DE,35-59,2022-09-24,2022-08-31,-24 day ahead inc hosp,quantile,0.025,749.3838928345209,COVID-19
DE,35-59,2022-09-24,2022-08-31,-24 day ahead inc hosp,quantile,0.1,750.0294767839702,COVID-19
DE,35-59,2022-09-24,2022-08-31,-24 day ahead inc hosp,quantile,0.25,751.4815518218419,COVID-19
DE,35-59,2022-09-24,2022-08-31,-24 day ahead inc hosp,quantile,0.5,753.4262687902352,COVID-19
DE,35-59,2022-09-24,2022-08-31,-24 day ahead inc hosp,quantile,0.75,756.4757181589149,COVID-19
DE,35-59,2022-09-24,2022-08-31,-24 day ahead inc hosp,quantile,0.9,760.3881358699118,COVID-19
DE,35-59,2022-09-24,2022-08-31,-24 day ahead inc hosp,quantile,0.975,762.8742658420716,COVID-19
DE,60-79,2022-09-24,2022-08-31,-24 day ahead inc hosp,mean,,1603.5754081457483,COVID-19
DE,60-79,2022-09-24,2022-08-31,-24 day ahead inc hosp,quantile,0.025,1595.7340494958291,COVID-19
DE,60-79,2022-09-24,2022-08-31,-24 day ahead inc hosp,quantile,0.1,1599.0191931129546,COVID-19
DE,60-79,2022-09-24,2022-08-31,-24 day ahead inc hosp,quantile,0.25,1601.5816950746364,COVID-19
DE,60-79,2022-09-24,2022-08-31,-24 day ahead inc hosp,quantile,0.5,1603.4459794724921,COVID-19
DE,60-79,2022-09-24,2022-08-31,-24 day ahead inc hosp,quantile,0.75,1605.5929965598684,COVID-19
DE,60-79,2022-09-24,2022-08-31,-24 day ahead inc hosp,quantile,0.9,1608.1369973477697,COVID-19
DE,60-79,2022-09-24,2022-08-31,-24 day ahead inc hosp,quantile,0.975,1610.5943596449035,COVID-19
DE,80+,2022-09-24,2022-08-31,-24 day ahead inc hosp,mean,,1744.6445817076192,COVID-19
DE,80+,2022-09-24,2022-08-31,-24 day ahead inc hosp,quantile,0.025,1736.8105033952704,COVID-19
DE,80+,2022-09-24,2022-08-31,-24 day ahead inc hosp,quantile,0.1,1737.87566111959,COVID-19
DE,80+,2022-09-24,2022-08-31,-24 day ahead inc hosp,quantile,0.25,1739.6955491164463,COVID-19
DE,80+,2022-09-24,2022-08-31,-24 day ahead inc hosp,quantile,0.5,1744.0654535761826,COVID-19
DE,80+,2022-09-24,2022-08-31,-24 day ahead inc hosp,quantile,0.75,1749.0528772019215,COVID-19
DE,80+,2022-09-24,2022-08-31,-24 day ahead inc hosp,quantile,0.9,1753.1872694502454,COVID-19
DE,80+,2022-09-24,2022-08-31,-24 day ahead inc hosp,quantile,0.975,1756.7589490366136,COVID-19
DE-BB,00+,2022-09-24,2022-08-31,-24 day ahead inc hosp,mean,,146.71581172959372,COVID-19
DE-BB,00+,2022-09-24,2022-08-31,-24 day ahead inc hosp,quantile,0.025,145.78761060000002,COVID-19
DE-BB,00+,2022-09-24,2022-08-31,-24 day ahead inc hosp,quantile,0.1,145.78761060000002,COVID-19
DE-BB,00+,2022-09-24,2022-08-31,-24 day ahead inc hosp,quantile,0.25,146.2698264005532,COVID-19
DE-BB,00+,2022-09-24,2022-08-31,-24 day ahead inc hosp,quantile,0.5,146.68007494030442,COVID-19
DE-BB,00+,2022-09-24,2022-08-31,-24 day ahead inc hosp,quantile,0.75,147.20279444704875,COVID-19
DE-BB,00+,2022-09-24,2022-08-31,-24 day ahead inc hosp,quantile,0.9,147.47075272798006,COVID-19
DE-BB,00+,2022-09-24,2022-08-31,-24 day ahead inc hosp,quantile,0.975,147.79476933152534,COVID-19
DE-BE,00+,2022-09-24,2022-08-31,-24 day ahead inc hosp,mean,,149.61455385117412,COVID-19
DE-BE,00+,2022-09-24,2022-08-31,-24 day ahead inc hosp,quantile,0.025,148.01559570129865,COVID-19
DE-BE,00+,2022-09-24,2022-08-31,-24 day ahead inc hosp,quantile,0.1,148.24131682077027,COVID-19
DE-BE,00+,2022-09-24,2022-08-31,-24 day ahead inc hosp,quantile,0.25,148.65094590684149,COVID-19
DE-BE,00+,2022-09-24,2022-08-31,-24 day ahead inc hosp,quantile,0.5,149.08879606271447,COVID-19
DE-BE,00+,2022-09-24,2022-08-31,-24 day ahead inc hosp,quantile,0.75,149.84242879384337,COVID-19
DE-BE,00+,2022-09-24,2022-08-31,-24 day ahead inc hosp,quantile,0.9,151.00486919397642,COVID-19
DE-BE,00+,2022-09-24,2022-08-31,-24 day ahead inc hosp,quantile,0.975,154.91836112469738,COVID-19
DE-BW,00+,2022-09-24,2022-08-31,-24 day ahead inc hosp,mean,,378.5268453663633,COVID-19
DE-BW,00+,2022-09-24,2022-08-31,-24 day ahead inc hosp,quantile,0.025,374.0221453461221,COVID-19
DE-BW,00+,2022-09-24,2022-08-31,-24 day ahead inc hosp,quantile,0.1,374.80565599357135,COVID-19
DE-BW,00+,2022-09-24,2022-08-31,-24 day ahead inc hosp,quantile,0.25,376.09376808427385,COVID-19
DE-BW,00+,2022-09-24,2022-08-31,-24 day ahead inc hosp,quantile,0.5,377.671835841622,COVID-19
DE-BW,00+,2022-09-24,2022-08-31,-24 day ahead inc hosp,quantile,0.75,380.6532161856439,COVID-19
DE-BW,00+,2022-09-24,2022-08-31,-24 day ahead inc hosp,quantile,0.9,382.5940858968096,COVID-19
DE-BW,00+,2022-09-24,2022-08-31,-24 day ahead inc hosp,quantile,0.975,386.62320046679747,COVID-19
DE-BY,00+,2022-09-24,2022-08-31,-24 day ahead inc hosp,mean,,896.7468497450313,COVID-19
DE-BY,00+,2022-09-24,2022-08-31,-24 day ahead inc hosp,quantile,0.025,891.410781962122,COVID-19
DE-BY,00+,2022-09-24,2022-08-31,-24 day ahead inc hosp,quantile,0.1,892.7050747511041,COVID-19
DE-BY,00+,2022-09-24,2022-08-31,-24 day ahead inc hosp,quantile,0.25,894.3618947385727,COVID-19
DE-BY,00+,2022-09-24,2022-08-31,-24 day ahead inc hosp,quantile,0.5,896.5282756847397,COVID-19
DE-BY,00+,2022-09-24,2022-08-31,-24 day ahead inc hosp,quantile,0.75,898.5324469770801,COVID-19
DE-BY,00+,2022-09-24,2022-08-31,-24 day ahead inc hosp,quantile,0.9,901.7063405915609,COVID-19
DE-BY,00+,2022-09-24,2022-08-31,-24 day ahead inc hosp,quantile,0.975,903.6014042363021,COVID-19
DE-HB,00+,2022-09-24,2022-08-31,-24 day ahead inc hosp,mean,,15.988831107937713,COVID-19
DE-HB,00+,2022-09-24,2022-08-31,-24 day ahead inc hosp,quantile,0.025,14.587663888888889,COVID-19
DE-HB,00+,2022-09-24,2022-08-31,-24 day ahead inc hosp,quantile,0.1,15.141995116666665,COVID-19
DE-HB,00+,2022-09-24,2022-08-31,-24 day ahead inc hosp,quantile,0.25,15.754677000000001,COVID-19
DE-HB,00+,2022-09-24,2022-08-31,-24 day ahead inc hosp,quantile,0.5,15.754677000000001,COVID-19
DE-HB,00+,2022-09-24,2022-08-31,-24 day ahead inc hosp,quantile,0.75,16.023222630681822,COVID-19
DE-HB,00+,2022-09-24,2022-08-31,-24 day ahead inc hosp,quantile,0.9,17.505196666666667,COVID-19
DE-HB,00+,2022-09-24,2022-08-31,-24 day ahead inc hosp,quantile,0.975,17.724011625000003,COVID-19
DE-HE,00+,2022-09-24,2022-08-31,-24 day ahead inc hosp,mean,,308.9600359965548,COVID-19
DE-HE,00+,2022-09-24,2022-08-31,-24 day ahead inc hosp,quantile,0.025,304.3107734617842,COVID-19
DE-HE,00+,2022-09-24,2022-08-31,-24 day ahead inc hosp,quantile,0.1,305.0445989696382,COVID-19
DE-HE,00+,2022-09-24,2022-08-31,-24 day ahead inc hosp,quantile,0.25,305.65471936896995,COVID-19
DE-HE,00+,2022-09-24,2022-08-31,-24 day ahead inc hosp,quantile,0.5,306.4475418768661,COVID-19
DE-HE,00+,2022-09-24,2022-08-31,-24 day ahead inc hosp,quantile,0.75,307.73042945714604,COVID-19
DE-HE,00+,2022-09-24,2022-08-31,-24 day ahead inc hosp,quantile,0.9,319.9537972882669,COVID-19
DE-HE,00+,2022-09-24,2022-08-31,-24 day ahead inc hosp,quantile,0.975,326.0117391436347,COVID-19
DE-HH,00+,2022-09-24,2022-08-31,-24 day ahead inc hosp,mean,,71.77947310590606,COVID-19
DE-HH,00+,2022-09-24,2022-08-31,-24 day ahead inc hosp,quantile,0.025,71.4296275,COVID-19
DE-HH,00+,2022-09-24,2022-08-31,-24 day ahead inc hosp,quantile,0.1,71.4296275,COVID-19
DE-HH,00+,2022-09-24,2022-08-31,-24 day ahead inc hosp,quantile,0.25,71.4296275,COVID-19
DE-HH,00+,2022-09-24,2022-08-31,-24 day ahead inc hosp,quantile,0.5,71.59172344210526,COVID-19
DE-HH,00+,2022-09-24,2022-08-31,-24 day ahead inc hosp,quantile,0.75,71.9821813998904,COVID-19
DE-HH,00+,2022-09-24,2022-08-31,-24 day ahead inc hosp,quantile,0.9,72.46046385605683,COVID-19
DE-HH,00+,2022-09-24,2022-08-31,-24 day ahead inc hosp,quantile,0.975,72.91492521669763,COVID-19
DE-MV,00+,2022-09-24,2022-08-31,-24 day ahead inc hosp,mean,,149.6999236981685,COVID-19
DE-MV,00+,2022-09-24,2022-08-31,-24 day ahead inc hosp,quantile,0.025,147.8022658869248,COVID-19
DE-MV,00+,2022-09-24,2022-08-31,-24 day ahead inc hosp,quantile,0.1,148.35705541230442,COVID-19
DE-MV,00+,2022-09-24,2022-08-31,-24 day ahead inc hosp,quantile,0.25,149.19566133333336,COVID-19
DE-MV,00+,2022-09-24,2022-08-31,-24 day ahead inc hosp,quantile,0.5,149.9770911426211,COVID-19
DE-MV,00+,2022-09-24,2022-08-31,-24 day ahead inc hosp,quantile,0.75,150.16213971545676,COVID-19
DE-MV,00+,2022-09-24,2022-08-31,-24 day ahead inc hosp,quantile,0.9,150.66083819675518,COVID-19
DE-MV,00+,2022-09-24,2022-08-31,-24 day ahead inc hosp,quantile,0.975,151.13412119021456,COVID-19
DE-NI,00+,2022-09-24,2022-08-31,-24 day ahead inc hosp,mean,,290.18263585551927,COVID-19
DE-NI,00+,2022-09-24,2022-08-31,-24 day ahead inc hosp,quantile,0.025,287.1871126259157,COVID-19
DE-NI,00+,2022-09-24,2022-08-31,-24 day ahead inc hosp,quantile,0.1,287.66557987769386,COVID-19
DE-NI,00+,2022-09-24,2022-08-31,-24 day ahead inc hosp,quantile,0.25,288.7233423703894,COVID-19
DE-NI,00+,2022-09-24,2022-08-31,-24 day ahead inc hosp,quantile,0.5,290.14815282351157,COVID-19
DE-NI,00+,2022-09-24,2022-08-31,-24 day ahead inc hosp,quantile,0.75,291.3488980840471,COVID-19
DE-NI,00+,2022-09-24,2022-08-31,-24 day ahead inc hosp,quantile,0.9,292.30529565271866,COVID-19
DE-NI,00+,2022-09-24,2022-08-31,-24 day ahead inc hosp,quantile,0.975,294.47250578161476,COVID-19
DE-NW,00+,2022-09-24,2022-08-31,-24 day ahead inc hosp,mean,,1369.5652342636415,COVID-19
DE-NW,00+,2022-09-24,2022-08-31,-24 day ahead inc hosp,quantile,0.025,1365.8081787318492,COVID-19
DE-NW,00+,2022-09-24,2022-08-31,-24 day ahead inc hosp,quantile,0.1,1366.639158040663,COVID-19
DE-NW,00+,2022-09-24,2022-08-31,-24 day ahead inc hosp,quantile,0.25,1368.2643737746544,COVID-19
DE-NW,00+,2022-09-24,2022-08-31,-24 day ahead inc hosp,quantile,0.5,1369.4439154173128,COVID-19
DE-NW,00+,2022-09-24,2022-08-31,-24 day ahead inc hosp,quantile,0.75,1370.7716514143244,COVID-19
DE-NW,00+,2022-09-24,2022-08-31,-24 day ahead inc hosp,quantile,0.9,1372.8755671764438,COVID-19
DE-NW,00+,2022-09-24,2022-08-31,-24 day ahead inc hosp,quantile,0.975,1373.688275718118,COVID-19
DE-RP,00+,2022-09-24,2022-08-31,-24 day ahead inc hosp,mean,,238.75243609783368,COVID-19
DE-RP,00+,2022-09-24,2022-08-31,-24 day ahead inc hosp,quantile,0.025,236.66878808854298,COVID-19
DE-RP,00+,2022-09-24,2022-08-31,-24 day ahead inc hosp,quantile,0.1,236.95886550075465,COVID-19
DE-RP,00+,2022-09-24,2022-08-31,-24 day ahead inc hosp,quantile,0.25,237.37776577862135,COVID-19
DE-RP,00+,2022-09-24,2022-08-31,-24 day ahead inc hosp,quantile,0.5,238.39693557005398,COVID-19
DE-RP,00+,2022-09-24,2022-08-31,-24 day ahead inc hosp,quantile,0.75,239.94684675318567,COVID-19
DE-RP,00+,2022-09-24,2022-08-31,-24 day ahead inc hosp,quantile,0.9,241.12865229449974,COVID-19
DE-RP,00+,2022-09-24,2022-08-31,-24 day ahead inc hosp,quantile,0.975,242.15295256528628,COVID-19
DE-SH,00+,2022-09-24,2022-08-31,-24 day ahead inc hosp,mean,,188.84861659111527,COVID-19
DE-SH,00+,2022-09-24,2022-08-31,-24 day ahead inc hosp,quantile,0.025,187.4007126,COVID-19
DE-SH,00+,2022-09-24,2022-08-31,-24 day ahead inc hosp,quantile,0.1,187.5960590406569,COVID-19
DE-SH,00+,2022-09-24,2022-08-31,-24 day ahead inc hosp,quantile,0.25,188.09459428756543,COVID-19
DE-SH,00+,2022-09-24,2022-08-31,-24 day ahead inc hosp,quantile,0.5,188.62058748400892,COVID-19
DE-SH,00+,2022-09-24,2022-08-31,-24 day ahead inc hosp,quantile,0.75,189.19694098136088,COVID-19
DE-SH,00+,2022-09-24,2022-08-31,-24 day ahead inc hosp,quantile,0.9,190.54517024360075,COVID-19
DE-SH,00+,2022-09-24,2022-08-31,-24 day ahead inc hosp,quantile,0.975,191.60876494036214,COVID-19
DE-SL,00+,2022-09-24,2022-08-31,-24 day ahead inc hosp,mean,,66.19052572870851,COVID-19
DE-SL,00+,2022-09-24,2022-08-31,-24 day ahead inc hosp,quantile,0.025,65.8987048,COVID-19
DE-SL,00+,2022-09-24,2022-08-31,-24 day ahead inc hosp,quantile,0.1,65.8987048,COVID-19
DE-SL,00+,2022-09-24,2022-08-31,-24 day ahead inc hosp,quantile,0.25,65.8987048,COVID-19
DE-SL,00+,2022-09-24,2022-08-31,-24 day ahead inc hosp,quantile,0.5,65.96931268831169,COVID-19
DE-SL,00+,2022-09-24,2022-08-31,-24 day ahead inc hosp,quantile,0.75,66.5390622225795,COVID-19
DE-SL,00+,2022-09-24,2022-08-31,-24 day ahead inc hosp,quantile,0.9,66.71895261883404,COVID-19
DE-SL,00+,2022-09-24,2022-08-31,-24 day ahead inc hosp,quantile,0.975,66.88010349761538,COVID-19
DE-SN,00+,2022-09-24,2022-08-31,-24 day ahead inc hosp,mean,,182.92151888190773,COVID-19
DE-SN,00+,2022-09-24,2022-08-31,-24 day ahead inc hosp,quantile,0.025,180.56212063612736,COVID-19
DE-SN,00+,2022-09-24,2022-08-31,-24 day ahead inc hosp,quantile,0.1,181.5416507129049,COVID-19
DE-SN,00+,2022-09-24,2022-08-31,-24 day ahead inc hosp,quantile,0.25,182.21636567235277,COVID-19
DE-SN,00+,2022-09-24,2022-08-31,-24 day ahead inc hosp,quantile,0.5,182.85510807863648,COVID-19
DE-SN,00+,2022-09-24,2022-08-31,-24 day ahead inc hosp,quantile,0.75,183.75035816026394,COVID-19
DE-SN,00+,2022-09-24,2022-08-31,-24 day ahead inc hosp,quantile,0.9,184.35377840706647,COVID-19
DE-SN,00+,2022-09-24,2022-08-31,-24 day ahead inc hosp,quantile,0.975,184.8876961280809,COVID-19
DE-ST,00+,2022-09-24,2022-08-31,-24 day ahead inc hosp,mean,,144.65270930006648,COVID-19
DE-ST,00+,2022-09-24,2022-08-31,-24 day ahead inc hosp,quantile,0.025,143.51655129327173,COVID-19
DE-ST,00+,2022-09-24,2022-08-31,-24 day ahead inc hosp,quantile,0.1,143.67434935235906,COVID-19
DE-ST,00+,2022-09-24,2022-08-31,-24 day ahead inc hosp,quantile,0.25,143.88080242053152,COVID-19
DE-ST,00+,2022-09-24,2022-08-31,-24 day ahead inc hosp,quantile,0.5,144.36479251057014,COVID-19
DE-ST,00+,2022-09-24,2022-08-31,-24 day ahead inc hosp,quantile,0.75,144.97184891021155,COVID-19
DE-ST,00+,2022-09-24,2022-08-31,-24 day ahead inc hosp,quantile,0.9,146.16886448302336,COVID-19
DE-ST,00+,2022-09-24,2022-08-31,-24 day ahead inc hosp,quantile,0.975,147.14656117578434,COVID-19
DE-TH,00+,2022-09-24,2022-08-31,-24 day ahead inc hosp,mean,,176.50482800736066,COVID-19
DE-TH,00+,2022-09-24,2022-08-31,-24 day ahead inc hosp,quantile,0.025,176.035447,COVID-19
DE-TH,00+,2022-09-24,2022-08-31,-24 day ahead inc hosp,quantile,0.1,176.035447,COVID-19
DE-TH,00+,2022-09-24,2022-08-31,-24 day ahead inc hosp,quantile,0.25,176.035447,COVID-19
DE-TH,00+,2022-09-24,2022-08-31,-24 day ahead inc hosp,quantile,0.5,176.40476203568068,COVID-19
DE-TH,00+,2022-09-24,2022-08-31,-24 day ahead inc hosp,quantile,0.75,177.00267473076923,COVID-19
DE-TH,00+,2022-09-24,2022-08-31,-24 day ahead inc hosp,quantile,0.9,177.14174292080313,COVID-19
DE-TH,00+,2022-09-24,2022-08-31,-24 day ahead inc hosp,quantile,0.975,177.36188849569464,COVID-19
DE,00+,2022-09-24,2022-09-01,-23 day ahead inc hosp,mean,,4587.320207437829,COVID-19
DE,00+,2022-09-24,2022-09-01,-23 day ahead inc hosp,quantile,0.025,4570.656590543124,COVID-19
DE,00+,2022-09-24,2022-09-01,-23 day ahead inc hosp,quantile,0.1,4573.734183907079,COVID-19
DE,00+,2022-09-24,2022-09-01,-23 day ahead inc hosp,quantile,0.25,4577.100511787079,COVID-19
DE,00+,2022-09-24,2022-09-01,-23 day ahead inc hosp,quantile,0.5,4583.652280026738,COVID-19
DE,00+,2022-09-24,2022-09-01,-23 day ahead inc hosp,quantile,0.75,4594.509145516816,COVID-19
DE,00+,2022-09-24,2022-09-01,-23 day ahead inc hosp,quantile,0.9,4609.192274760976,COVID-19
DE,00+,2022-09-24,2022-09-01,-23 day ahead inc hosp,quantile,0.975,4618.529991259971,COVID-19
DE,00-04,2022-09-24,2022-09-01,-23 day ahead inc hosp,mean,,167.00732003296358,COVID-19
DE,00-04,2022-09-24,2022-09-01,-23 day ahead inc hosp,quantile,0.025,165.951175609375,COVID-19
DE,00-04,2022-09-24,2022-09-01,-23 day ahead inc hosp,quantile,0.1,166.08711,COVID-19
DE,00-04,2022-09-24,2022-09-01,-23 day ahead inc hosp,quantile,0.25,166.1229105851876,COVID-19
DE,00-04,2022-09-24,2022-09-01,-23 day ahead inc hosp,quantile,0.5,166.69929828024104,COVID-19
DE,00-04,2022-09-24,2022-09-01,-23 day ahead inc hosp,quantile,0.75,167.38637536246716,COVID-19
DE,00-04,2022-09-24,2022-09-01,-23 day ahead inc hosp,quantile,0.9,168.82346803059244,COVID-19
DE,00-04,2022-09-24,2022-09-01,-23 day ahead inc hosp,quantile,0.975,169.4141808489332,COVID-19
DE,05-14,2022-09-24,2022-09-01,-23 day ahead inc hosp,mean,,54.194565854840775,COVID-19
DE,05-14,2022-09-24,2022-09-01,-23 day ahead inc hosp,quantile,0.025,53.039654265987586,COVID-19
DE,05-14,2022-09-24,2022-09-01,-23 day ahead inc hosp,quantile,0.1,53.33633227780219,COVID-19
DE,05-14,2022-09-24,2022-09-01,-23 day ahead inc hosp,quantile,0.25,54.0299232,COVID-19
DE,05-14,2022-09-24,2022-09-01,-23 day ahead inc hosp,quantile,0.5,54.16448534693605,COVID-19
DE,05-14,2022-09-24,2022-09-01,-23 day ahead inc hosp,quantile,0.75,54.6763177144952,COVID-19
DE,05-14,2022-09-24,2022-09-01,-23 day ahead inc hosp,quantile,0.9,54.83975875792037,COVID-19
DE,05-14,2022-09-24,2022-09-01,-23 day ahead inc hosp,quantile,0.975,55.291035799057326,COVID-19
DE,15-34,2022-09-24,2022-09-01,-23 day ahead inc hosp,mean,,366.7046662225811,COVID-19
DE,15-34,2022-09-24,2022-09-01,-23 day ahead inc hosp,quantile,0.025,362.74685523948676,COVID-19
DE,15-34,2022-09-24,2022-09-01,-23 day ahead inc hosp,quantile,0.1,363.0355799052982,COVID-19
DE,15-34,2022-09-24,2022-09-01,-23 day ahead inc hosp,quantile,0.25,364.588817943595,COVID-19
DE,15-34,2022-09-24,2022-09-01,-23 day ahead inc hosp,quantile,0.5,366.20628150295136,COVID-19
DE,15-34,2022-09-24,2022-09-01,-23 day ahead inc hosp,quantile,0.75,367.73146078271185,COVID-19
DE,15-34,2022-09-24,2022-09-01,-23 day ahead inc hosp,quantile,0.9,371.4614569579787,COVID-19
DE,15-34,2022-09-24,2022-09-01,-23 day ahead inc hosp,quantile,0.975,372.3252811859393,COVID-19
DE,35-59,2022-09-24,2022-09-01,-23 day ahead inc hosp,mean,,717.0881986966989,COVID-19
DE,35-59,2022-09-24,2022-09-01,-23 day ahead inc hosp,quantile,0.025,711.4812249845132,COVID-19
DE,35-59,2022-09-24,2022-09-01,-23 day ahead inc hosp,quantile,0.1,712.4743459565783,COVID-19
DE,35-59,2022-09-24,2022-09-01,-23 day ahead inc hosp,quantile,0.25,713.7135129464359,COVID-19
DE,35-59,2022-09-24,2022-09-01,-23 day ahead inc hosp,quantile,0.5,716.2528859162229,COVID-19
DE,35-59,2022-09-24,2022-09-01,-23 day ahead inc hosp,quantile,0.75,719.0695344069483,COVID-19
DE,35-59,2022-09-24,2022-09-01,-23 day ahead inc hosp,quantile,0.9,723.556733179409,COVID-19
DE,35-59,2022-09-24,2022-09-01,-23 day ahead inc hosp,quantile,0.975,725.181108931511,COVID-19
DE,60-79,2022-09-24,2022-09-01,-23 day ahead inc hosp,mean,,1571.7380229011294,COVID-19
DE,60-79,2022-09-24,2022-09-01,-23 day ahead inc hosp,quantile,0.025,1564.4065419491785,COVID-19
DE,60-79,2022-09-24,2022-09-01,-23 day ahead inc hosp,quantile,0.1,1567.5474692276428,COVID-19
DE,60-79,2022-09-24,2022-09-01,-23 day ahead inc hosp,quantile,0.25,1569.7010786532314,COVID-19
DE,60-79,2022-09-24,2022-09-01,-23 day ahead inc hosp,quantile,0.5,1571.933517573075,COVID-19
DE,60-79,2022-09-24,2022-09-01,-23 day ahead inc hosp,quantile,0.75,1573.616470967721,COVID-19
DE,60-79,2022-09-24,2022-09-01,-23 day ahead inc hosp,quantile,0.9,1576.0349770369116,COVID-19
DE,60-79,2022-09-24,2022-09-01,-23 day ahead inc hosp,quantile,0.975,1578.821946351424,COVID-19
DE,80+,2022-09-24,2022-09-01,-23 day ahead inc hosp,mean,,1658.8424914474856,COVID-19
DE,80+,2022-09-24,2022-09-01,-23 day ahead inc hosp,quantile,0.025,1650.852334631671,COVID-19
DE,80+,2022-09-24,2022-09-01,-23 day ahead inc hosp,quantile,0.1,1652.291863978531,COVID-19
DE,80+,2022-09-24,2022-09-01,-23 day ahead inc hosp,quantile,0.25,1653.8000964783942,COVID-19
DE,80+,2022-09-24,2022-09-01,-23 day ahead inc hosp,quantile,0.5,1658.412739597396,COVID-19
DE,80+,2022-09-24,2022-09-01,-23 day ahead inc hosp,quantile,0.75,1663.4775094222625,COVID-19
DE,80+,2022-09-24,2022-09-01,-23 day ahead inc hosp,quantile,0.9,1667.1466926810037,COVID-19
DE,80+,2022-09-24,2022-09-01,-23 day ahead inc hosp,quantile,0.975,1670.8441903008854,COVID-19
DE-BB,00+,2022-09-24,2022-09-01,-23 day ahead inc hosp,mean,,140.2371697080328,COVID-19
DE-BB,00+,2022-09-24,2022-09-01,-23 day ahead inc hosp,quantile,0.025,139.23721923059324,COVID-19
DE-BB,00+,2022-09-24,2022-09-01,-23 day ahead inc hosp,quantile,0.1,139.3270880692802,COVID-19
DE-BB,00+,2022-09-24,2022-09-01,-23 day ahead inc hosp,quantile,0.25,139.7028060331784,COVID-19
DE-BB,00+,2022-09-24,2022-09-01,-23 day ahead inc hosp,quantile,0.5,140.25299099676334,COVID-19
DE-BB,00+,2022-09-24,2022-09-01,-23 day ahead inc hosp,quantile,0.75,140.69308394885095,COVID-19
DE-BB,00+,2022-09-24,2022-09-01,-23 day ahead inc hosp,quantile,0.9,140.97854604116696,COVID-19
DE-BB,00+,2022-09-24,2022-09-01,-23 day ahead inc hosp,quantile,0.975,141.46296293811005,COVID-19
DE-BE,00+,2022-09-24,2022-09-01,-23 day ahead inc hosp,mean,,133.48088537405923,COVID-19
DE-BE,00+,2022-09-24,2022-09-01,-23 day ahead inc hosp,quantile,0.025,131.6457105993651,COVID-19
DE-BE,00+,2022-09-24,2022-09-01,-23 day ahead inc hosp,quantile,0.1,131.92608134867257,COVID-19
DE-BE,00+,2022-09-24,2022-09-01,-23 day ahead inc hosp,quantile,0.25,132.32314597785057,COVID-19
DE-BE,00+,2022-09-24,2022-09-01,-23 day ahead inc hosp,quantile,0.5,132.81342718924017,COVID-19
DE-BE,00+,2022-09-24,2022-09-01,-23 day ahead inc hosp,quantile,0.75,133.66937890775156,COVID-19
DE-BE,00+,2022-09-24,2022-09-01,-23 day ahead inc hosp,quantile,0.9,135.52072066948156,COVID-19
DE-BE,00+,2022-09-24,2022-09-01,-23 day ahead inc hosp,quantile,0.975,139.92029848422428,COVID-19
DE-BW,00+,2022-09-24,2022-09-01,-23 day ahead inc hosp,mean,,354.0100266404934,COVID-19
DE-BW,00+,2022-09-24,2022-09-01,-23 day ahead inc hosp,quantile,0.025,349.7243285963209,COVID-19
DE-BW,00+,2022-09-24,2022-09-01,-23 day ahead inc hosp,quantile,0.1,350.4191174532313,COVID-19
DE-BW,00+,2022-09-24,2022-09-01,-23 day ahead inc hosp,quantile,0.25,351.51245092076516,COVID-19
DE-BW,00+,2022-09-24,2022-09-01,-23 day ahead inc hosp,quantile,0.5,353.28212274318133,COVID-19
DE-BW,00+,2022-09-24,2022-09-01,-23 day ahead inc hosp,quantile,0.75,356.16040675338394,COVID-19
DE-BW,00+,2022-09-24,2022-09-01,-23 day ahead inc hosp,quantile,0.9,357.97074554731716,COVID-19
DE-BW,00+,2022-09-24,2022-09-01,-23 day ahead inc hosp,quantile,0.975,361.28521626198045,COVID-19
DE-BY,00+,2022-09-24,2022-09-01,-23 day ahead inc hosp,mean,,882.23129515556,COVID-19
DE-BY,00+,2022-09-24,2022-09-01,-23 day ahead inc hosp,quantile,0.025,876.104726625128,COVID-19
DE-BY,00+,2022-09-24,2022-09-01,-23 day ahead inc hosp,quantile,0.1,877.7059929842206,COVID-19
DE-BY,00+,2022-09-24,2022-09-01,-23 day ahead inc hosp,quantile,0.25,879.8655331267996,COVID-19
DE-BY,00+,2022-09-24,2022-09-01,-23 day ahead inc hosp,quantile,0.5,882.0556966641471,COVID-19
DE-BY,00+,2022-09-24,2022-09-01,-23 day ahead inc hosp,quantile,0.75,884.1317051704596,COVID-19
DE-BY,00+,2022-09-24,2022-09-01,-23 day ahead inc hosp,quantile,0.9,887.5627439511212,COVID-19
DE-BY,00+,2022-09-24,2022-09-01,-23 day ahead inc hosp,quantile,0.975,888.8540587988721,COVID-19
DE-HB,00+,2022-09-24,2022-09-01,-23 day ahead inc hosp,mean,,16.333203750799903,COVID-19
DE-HB,00+,2022-09-24,2022-09-01,-23 day ahead inc hosp,quantile,0.025,14.902505555555559,COVID-19
DE-HB,00+,2022-09-24,2022-09-01,-23 day ahead inc hosp,quantile,0.1,15.376938963809524,COVID-19
DE-HB,00+,2022-09-24,2022-09-01,-23 day ahead inc hosp,quantile,0.25,16.094706,COVID-19
DE-HB,00+,2022-09-24,2022-09-01,-23 day ahead inc hosp,quantile,0.5,16.094706,COVID-19
DE-HB,00+,2022-09-24,2022-09-01,-23 day ahead inc hosp,quantile,0.75,16.369047579545455,COVID-19
DE-HB,00+,2022-09-24,2022-09-01,-23 day ahead inc hosp,quantile,0.9,17.883006666666667,COVID-19
DE-HB,00+,2022-09-24,2022-09-01,-23 day ahead inc hosp,quantile,0.975,18.106544250000002,COVID-19
DE-HE,00+,2022-09-24,2022-09-01,-23 day ahead inc hosp,mean,,303.5673373349344,COVID-19
DE-HE,00+,2022-09-24,2022-09-01,-23 day ahead inc hosp,quantile,0.025,298.50189051436837,COVID-19
DE-HE,00+,2022-09-24,2022-09-01,-23 day ahead inc hosp,quantile,0.1,299.157342196913,COVID-19
DE-HE,00+,2022-09-24,2022-09-01,-23 day ahead inc hosp,quantile,0.25,299.61700150311486,COVID-19
DE-HE,00+,2022-09-24,2022-09-01,-23 day ahead inc hosp,quantile,0.5,300.34127745564183,COVID-19
DE-HE,00+,2022-09-24,2022-09-01,-23 day ahead inc hosp,quantile,0.75,302.7043869061945,COVID-19
DE-HE,00+,2022-09-24,2022-09-01,-23 day ahead inc hosp,quantile,0.9,317.89197880780756,COVID-19
DE-HE,00+,2022-09-24,2022-09-01,-23 day ahead inc hosp,quantile,0.975,320.3909346577181,COVID-19
DE-HH,00+,2022-09-24,2022-09-01,-23 day ahead inc hosp,mean,,72.64264326959686,COVID-19
DE-HH,00+,2022-09-24,2022-09-01,-23 day ahead inc hosp,quantile,0.025,72.10990966666665,COVID-19
DE-HH,00+,2022-09-24,2022-09-01,-23 day ahead inc hosp,quantile,0.1,72.10990966666665,COVID-19
DE-HH,00+,2022-09-24,2022-09-01,-23 day ahead inc hosp,quantile,0.25,72.10990966666665,COVID-19
DE-HH,00+,2022-09-24,2022-09-01,-23 day ahead inc hosp,quantile,0.5,72.4553572049518,COVID-19
DE-HH,00+,2022-09-24,2022-09-01,-23 day ahead inc hosp,quantile,0.75,72.76700038616579,COVID-19
DE-HH,00+,2022-09-24,2022-09-01,-23 day ahead inc hosp,quantile,0.9,73.5791983714572,COVID-19
DE-HH,00+,2022-09-24,2022-09-01,-23 day ahead inc hosp,quantile,0.975,74.26124530837338,COVID-19
DE-MV,00+,2022-09-24,2022-09-01,-23 day ahead inc hosp,mean,,141.34907183061952,COVID-19
DE-MV,00+,2022-09-24,2022-09-01,-23 day ahead inc hosp,quantile,0.025,138.93803837884246,COVID-19
DE-MV,00+,2022-09-24,2022-09-01,-23 day ahead inc hosp,quantile,0.1,139.78835297745405,COVID-19
DE-MV,00+,2022-09-24,2022-09-01,-23 day ahead inc hosp,quantile,0.25,140.82825713914514,COVID-19
DE-MV,00+,2022-09-24,2022-09-01,-23 day ahead inc hosp,quantile,0.5,141.60411875198818,COVID-19
DE-MV,00+,2022-09-24,2022-09-01,-23 day ahead inc hosp,quantile,0.75,141.96407779977338,COVID-19
DE-MV,00+,2022-09-24,2022-09-01,-23 day ahead inc hosp,quantile,0.9,142.5651812601265,COVID-19
DE-MV,00+,2022-09-24,2022-09-01,-23 day ahead inc hosp,quantile,0.975,143.02572405153637,COVID-19
DE-NI,00+,2022-09-24,2022-09-01,-23 day ahead inc hosp,mean,,279.6950326598215,COVID-19
DE-NI,00+,2022-09-24,2022-09-01,-23 day ahead inc hosp,quantile,0.025,276.5662577587586,COVID-19
DE-NI,00+,2022-09-24,2022-09-01,-23 day ahead inc hosp,quantile,0.1,277.32413850785804,COVID-19
DE-NI,00+,2022-09-24,2022-09-01,-23 day ahead inc hosp,quantile,0.25,278.3041918604108,COVID-19
DE-NI,00+,2022-09-24,2022-09-01,-23 day ahead inc hosp,quantile,0.5,279.85407010463797,COVID-19
DE-NI,00+,2022-09-24,2022-09-01,-23 day ahead inc hosp,quantile,0.75,280.7334993443337,COVID-19
DE-NI,00+,2022-09-24,2022-09-01,-23 day ahead inc hosp,quantile,0.9,281.82521692305613,COVID-19
DE-NI,00+,2022-09-24,2022-09-01,-23 day ahead inc hosp,quantile,0.975,283.44315823860876,COVID-19
DE-NW,00+,2022-09-24,2022-09-01,-23 day ahead inc hosp,mean,,1311.1261341864124,COVID-19
DE-NW,00+,2022-09-24,2022-09-01,-23 day ahead inc hosp,quantile,0.025,1307.6010607586052,COVID-19
DE-NW,00+,2022-09-24,2022-09-01,-23 day ahead inc hosp,quantile,0.1,1308.2677481309022,COVID-19
DE-NW,00+,2022-09-24,2022-09-01,-23 day ahead inc hosp,quantile,0.25,1309.3705121018554,COVID-19
DE-NW,00+,2022-09-24,2022-09-01,-23 day ahead inc hosp,quantile,0.5,1310.9432386536498,COVID-19
DE-NW,00+,2022-09-24,2022-09-01,-23 day ahead inc hosp,quantile,0.75,1312.3904755292956,COVID-19
DE-NW,00+,2022-09-24,2022-09-01,-23 day ahead inc hosp,quantile,0.9,1314.7892847101798,COVID-19
DE-NW,00+,2022-09-24,2022-09-01,-23 day ahead inc hosp,quantile,0.975,1315.7640961920342,COVID-19
DE-RP,00+,2022-09-24,2022-09-01,-23 day ahead inc hosp,mean,,233.00402885212176,COVID-19
DE-RP,00+,2022-09-24,2022-09-01,-23 day ahead inc hosp,quantile,0.025,230.64527026310853,COVID-19
DE-RP,00+,2022-09-24,2022-09-01,-23 day ahead inc hosp,quantile,0.1,231.10956128922734,COVID-19
DE-RP,00+,2022-09-24,2022-09-01,-23 day ahead inc hosp,quantile,0.25,231.72653420614225,COVID-19
DE-RP,00+,2022-09-24,2022-09-01,-23 day ahead inc hosp,quantile,0.5,232.56564080225542,COVID-19
DE-RP,00+,2022-09-24,2022-09-01,-23 day ahead inc hosp,quantile,0.75,234.29160135388315,COVID-19
DE-RP,00+,2022-09-24,2022-09-01,-23 day ahead inc hosp,quantile,0.9,235.46786140334396,COVID-19
DE-RP,00+,2022-09-24,2022-09-01,-23 day ahead inc hosp,quantile,0.975,236.40097058579678,COVID-19
DE-SH,00+,2022-09-24,2022-09-01,-23 day ahead inc hosp,mean,,182.12548367358605,COVID-19
DE-SH,00+,2022-09-24,2022-09-01,-23 day ahead inc hosp,quantile,0.025,180.62273655177424,COVID-19
DE-SH,00+,2022-09-24,2022-09-01,-23 day ahead inc hosp,quantile,0.1,180.88100286766422,COVID-19
DE-SH,00+,2022-09-24,2022-09-01,-23 day ahead inc hosp,quantile,0.25,181.3601717173894,COVID-19
DE-SH,00+,2022-09-24,2022-09-01,-23 day ahead inc hosp,quantile,0.5,182.0035085217054,COVID-19
DE-SH,00+,2022-09-24,2022-09-01,-23 day ahead inc hosp,quantile,0.75,182.52802131707293,COVID-19
DE-SH,00+,2022-09-24,2022-09-01,-23 day ahead inc hosp,quantile,0.9,183.88457827047824,COVID-19
DE-SH,00+,2022-09-24,2022-09-01,-23 day ahead inc hosp,quantile,0.975,184.74040952670126,COVID-19
DE-SL,00+,2022-09-24,2022-09-01,-23 day ahead inc hosp,mean,,62.90010254065954,COVID-19
DE-SL,00+,2022-09-24,2022-09-01,-23 day ahead inc hosp,quantile,0.025,62.5479232,COVID-19
DE-SL,00+,2022-09-24,2022-09-01,-23 day ahead inc hosp,quantile,0.1,62.5479232,COVID-19
DE-SL,00+,2022-09-24,2022-09-01,-23 day ahead inc hosp,quantile,0.25,62.5479232,COVID-19
DE-SL,00+,2022-09-24,2022-09-01,-23 day ahead inc hosp,quantile,0.5,62.7779087976867,COVID-19
DE-SL,00+,2022-09-24,2022-09-01,-23 day ahead inc hosp,quantile,0.75,63.26687701181818,COVID-19
DE-SL,00+,2022-09-24,2022-09-01,-23 day ahead inc hosp,quantile,0.9,63.34736659251759,COVID-19
DE-SL,00+,2022-09-24,2022-09-01,-23 day ahead inc hosp,quantile,0.975,63.47942026892308,COVID-19
DE-SN,00+,2022-09-24,2022-09-01,-23 day ahead inc hosp,mean,,178.73134785584628,COVID-19
DE-SN,00+,2022-09-24,2022-09-01,-23 day ahead inc hosp,quantile,0.025,176.154078575075,COVID-19
DE-SN,00+,2022-09-24,2022-09-01,-23 day ahead inc hosp,quantile,0.1,177.4074731066387,COVID-19
DE-SN,00+,2022-09-24,2022-09-01,-23 day ahead inc hosp,quantile,0.25,177.98464076013488,COVID-19
DE-SN,00+,2022-09-24,2022-09-01,-23 day ahead inc hosp,quantile,0.5,178.7020904460484,COVID-19
DE-SN,00+,2022-09-24,2022-09-01,-23 day ahead inc hosp,quantile,0.75,179.5778841301502,COVID-19
DE-SN,00+,2022-09-24,2022-09-01,-23 day ahead inc hosp,quantile,0.9,180.21366605987896,COVID-19
DE-SN,00+,2022-09-24,2022-09-01,-23 day ahead inc hosp,quantile,0.975,181.04357683694147,COVID-19
DE-ST,00+,2022-09-24,2022-09-01,-23 day ahead inc hosp,mean,,140.8488202569978,COVID-19
DE-ST,00+,2022-09-24,2022-09-01,-23 day ahead inc hosp,quantile,0.025,139.66359872352558,COVID-19
DE-ST,00+,2022-09-24,2022-09-01,-23 day ahead inc hosp,quantile,0.1,139.84282604096254,COVID-19
DE-ST,00+,2022-09-24,2022-09-01,-23 day ahead inc hosp,quantile,0.25,140.01736743757934,COVID-19
DE-ST,00+,2022-09-24,2022-09-01,-23 day ahead inc hosp,quantile,0.5,140.4766826962637,COVID-19
DE-ST,00+,2022-09-24,2022-09-01,-23 day ahead inc hosp,quantile,0.75,141.49342962736216,COVID-19
DE-ST,00+,2022-09-24,2022-09-01,-23 day ahead inc hosp,quantile,0.9,142.4358371209931,COVID-19
DE-ST,00+,2022-09-24,2022-09-01,-23 day ahead inc hosp,quantile,0.975,143.2988916860477,COVID-19
DE-TH,00+,2022-09-24,2022-09-01,-23 day ahead inc hosp,mean,,162.74504551144415,COVID-19
DE-TH,00+,2022-09-24,2022-09-01,-23 day ahead inc hosp,quantile,0.025,162.2495385,COVID-19
DE-TH,00+,2022-09-24,2022-09-01,-23 day ahead inc hosp,quantile,0.1,162.2495385,COVID-19
DE-TH,00+,2022-09-24,2022-09-01,-23 day ahead inc hosp,quantile,0.25,162.2495385,COVID-19
DE-TH,00+,2022-09-24,2022-09-01,-23 day ahead inc hosp,quantile,0.5,162.8070421279029,COVID-19
DE-TH,00+,2022-09-24,2022-09-01,-23 day ahead inc hosp,quantile,0.75,163.15769272988166,COVID-19
DE-TH,00+,2022-09-24,2022-09-01,-23 day ahead inc hosp,quantile,0.9,163.30403583093488,COVID-19
DE-TH,00+,2022-09-24,2022-09-01,-23 day ahead inc hosp,quantile,0.975,163.45920783522973,COVID-19
DE,00+,2022-09-24,2022-09-02,-22 day ahead inc hosp,mean,,4425.35160913114,COVID-19
DE,00+,2022-09-24,2022-09-02,-22 day ahead inc hosp,quantile,0.025,4407.5017829461,COVID-19
DE,00+,2022-09-24,2022-09-02,-22 day ahead inc hosp,quantile,0.1,4411.133268733874,COVID-19
DE,00+,2022-09-24,2022-09-02,-22 day ahead inc hosp,quantile,0.25,4415.042018519484,COVID-19
DE,00+,2022-09-24,2022-09-02,-22 day ahead inc hosp,quantile,0.5,4421.236583887543,COVID-19
DE,00+,2022-09-24,2022-09-02,-22 day ahead inc hosp,quantile,0.75,4432.093978420706,COVID-19
DE,00+,2022-09-24,2022-09-02,-22 day ahead inc hosp,quantile,0.9,4449.345188508895,COVID-19
DE,00+,2022-09-24,2022-09-02,-22 day ahead inc hosp,quantile,0.975,4455.948721080606,COVID-19
DE,00-04,2022-09-24,2022-09-02,-22 day ahead inc hosp,mean,,163.2268304877595,COVID-19
DE,00-04,2022-09-24,2022-09-02,-22 day ahead inc hosp,quantile,0.025,161.99995714248513,COVID-19
DE,00-04,2022-09-24,2022-09-02,-22 day ahead inc hosp,quantile,0.1,162.132655,COVID-19
DE,00-04,2022-09-24,2022-09-02,-22 day ahead inc hosp,quantile,0.25,162.32581492927164,COVID-19
DE,00-04,2022-09-24,2022-09-02,-22 day ahead inc hosp,quantile,0.5,162.84462489844597,COVID-19
DE,00-04,2022-09-24,2022-09-02,-22 day ahead inc hosp,quantile,0.75,163.72797000885754,COVID-19
DE,00-04,2022-09-24,2022-09-02,-22 day ahead inc hosp,quantile,0.9,165.32528504499788,COVID-19
DE,00-04,2022-09-24,2022-09-02,-22 day ahead inc hosp,quantile,0.975,165.6431186626898,COVID-19
DE,05-14,2022-09-24,2022-09-02,-22 day ahead inc hosp,mean,,51.020581411584956,COVID-19
DE,05-14,2022-09-24,2022-09-02,-22 day ahead inc hosp,quantile,0.025,49.90933574953552,COVID-19
DE,05-14,2022-09-24,2022-09-02,-22 day ahead inc hosp,quantile,0.1,50.1262752425641,COVID-19
DE,05-14,2022-09-24,2022-09-02,-22 day ahead inc hosp,quantile,0.25,50.77812226666667,COVID-19
DE,05-14,2022-09-24,2022-09-02,-22 day ahead inc hosp,quantile,0.5,51.04080415018808,COVID-19
DE,05-14,2022-09-24,2022-09-02,-22 day ahead inc hosp,quantile,0.75,51.47506216197503,COVID-19
DE,05-14,2022-09-24,2022-09-02,-22 day ahead inc hosp,quantile,0.9,51.75584327996734,COVID-19
DE,05-14,2022-09-24,2022-09-02,-22 day ahead inc hosp,quantile,0.975,52.15121120853594,COVID-19
DE,15-34,2022-09-24,2022-09-02,-22 day ahead inc hosp,mean,,354.4755063464054,COVID-19
DE,15-34,2022-09-24,2022-09-02,-22 day ahead inc hosp,quantile,0.025,350.17330739756335,COVID-19
DE,15-34,2022-09-24,2022-09-02,-22 day ahead inc hosp,quantile,0.1,350.45202427599844,COVID-19
DE,15-34,2022-09-24,2022-09-02,-22 day ahead inc hosp,quantile,0.25,352.15236695063476,COVID-19
DE,15-34,2022-09-24,2022-09-02,-22 day ahead inc hosp,quantile,0.5,354.128922829509,COVID-19
DE,15-34,2022-09-24,2022-09-02,-22 day ahead inc hosp,quantile,0.75,356.19399247560494,COVID-19
DE,15-34,2022-09-24,2022-09-02,-22 day ahead inc hosp,quantile,0.9,359.3907869255324,COVID-19
DE,15-34,2022-09-24,2022-09-02,-22 day ahead inc hosp,quantile,0.975,359.88775774601316,COVID-19
DE,35-59,2022-09-24,2022-09-02,-22 day ahead inc hosp,mean,,691.2847791950848,COVID-19
DE,35-59,2022-09-24,2022-09-02,-22 day ahead inc hosp,quantile,0.025,685.2879593837292,COVID-19
DE,35-59,2022-09-24,2022-09-02,-22 day ahead inc hosp,quantile,0.1,686.2618985260028,COVID-19
DE,35-59,2022-09-24,2022-09-02,-22 day ahead inc hosp,quantile,0.25,687.5263464234816,COVID-19
DE,35-59,2022-09-24,2022-09-02,-22 day ahead inc hosp,quantile,0.5,690.6542734765148,COVID-19
DE,35-59,2022-09-24,2022-09-02,-22 day ahead inc hosp,quantile,0.75,694.0221129651909,COVID-19
DE,35-59,2022-09-24,2022-09-02,-22 day ahead inc hosp,quantile,0.9,698.304926780781,COVID-19
DE,35-59,2022-09-24,2022-09-02,-22 day ahead inc hosp,quantile,0.975,699.9402500027903,COVID-19
DE,60-79,2022-09-24,2022-09-02,-22 day ahead inc hosp,mean,,1530.9621136727271,COVID-19
DE,60-79,2022-09-24,2022-09-02,-22 day ahead inc hosp,quantile,0.025,1523.910036527752,COVID-19
DE,60-79,2022-09-24,2022-09-02,-22 day ahead inc hosp,quantile,0.1,1526.1742130617206,COVID-19
DE,60-79,2022-09-24,2022-09-02,-22 day ahead inc hosp,quantile,0.25,1528.4916774027868,COVID-19
DE,60-79,2022-09-24,2022-09-02,-22 day ahead inc hosp,quantile,0.5,1531.0422250955357,COVID-19
DE,60-79,2022-09-24,2022-09-02,-22 day ahead inc hosp,quantile,0.75,1533.0247540889875,COVID-19
DE,60-79,2022-09-24,2022-09-02,-22 day ahead inc hosp,quantile,0.9,1535.8387563131234,COVID-19
DE,60-79,2022-09-24,2022-09-02,-22 day ahead inc hosp,quantile,0.975,1538.8107284125847,COVID-19
DE,80+,2022-09-24,2022-09-02,-22 day ahead inc hosp,mean,,1583.0968568543026,COVID-19
DE,80+,2022-09-24,2022-09-02,-22 day ahead inc hosp,quantile,0.025,1574.949428417035,COVID-19
DE,80+,2022-09-24,2022-09-02,-22 day ahead inc hosp,quantile,0.1,1576.4373040941412,COVID-19
DE,80+,2022-09-24,2022-09-02,-22 day ahead inc hosp,quantile,0.25,1578.075655466446,COVID-19
DE,80+,2022-09-24,2022-09-02,-22 day ahead inc hosp,quantile,0.5,1582.581656614651,COVID-19
DE,80+,2022-09-24,2022-09-02,-22 day ahead inc hosp,quantile,0.75,1587.547807180221,COVID-19
DE,80+,2022-09-24,2022-09-02,-22 day ahead inc hosp,quantile,0.9,1591.4378505651375,COVID-19
DE,80+,2022-09-24,2022-09-02,-22 day ahead inc hosp,quantile,0.975,1595.270808314227,COVID-19
DE-BB,00+,2022-09-24,2022-09-02,-22 day ahead inc hosp,mean,,138.19084205209802,COVID-19
DE-BB,00+,2022-09-24,2022-09-02,-22 day ahead inc hosp,quantile,0.025,137.10326373436354,COVID-19
DE-BB,00+,2022-09-24,2022-09-02,-22 day ahead inc hosp,quantile,0.1,137.28495078051287,COVID-19
DE-BB,00+,2022-09-24,2022-09-02,-22 day ahead inc hosp,quantile,0.25,137.53875636218456,COVID-19
DE-BB,00+,2022-09-24,2022-09-02,-22 day ahead inc hosp,quantile,0.5,138.26889283506281,COVID-19
DE-BB,00+,2022-09-24,2022-09-02,-22 day ahead inc hosp,quantile,0.75,138.6209108615919,COVID-19
DE-BB,00+,2022-09-24,2022-09-02,-22 day ahead inc hosp,quantile,0.9,139.10055829269544,COVID-19
DE-BB,00+,2022-09-24,2022-09-02,-22 day ahead inc hosp,quantile,0.975,139.5389593515733,COVID-19
DE-BE,00+,2022-09-24,2022-09-02,-22 day ahead inc hosp,mean,,123.57008542644569,COVID-19
DE-BE,00+,2022-09-24,2022-09-02,-22 day ahead inc hosp,quantile,0.025,121.3493980385209,COVID-19
DE-BE,00+,2022-09-24,2022-09-02,-22 day ahead inc hosp,quantile,0.1,121.76749437616378,COVID-19
DE-BE,00+,2022-09-24,2022-09-02,-22 day ahead inc hosp,quantile,0.25,122.17330304875199,COVID-19
DE-BE,00+,2022-09-24,2022-09-02,-22 day ahead inc hosp,quantile,0.5,122.61585777793634,COVID-19
DE-BE,00+,2022-09-24,2022-09-02,-22 day ahead inc hosp,quantile,0.75,124.08217967189593,COVID-19
DE-BE,00+,2022-09-24,2022-09-02,-22 day ahead inc hosp,quantile,0.9,126.77494053921262,COVID-19
DE-BE,00+,2022-09-24,2022-09-02,-22 day ahead inc hosp,quantile,0.975,129.9609675709219,COVID-19
DE-BW,00+,2022-09-24,2022-09-02,-22 day ahead inc hosp,mean,,336.24845803826076,COVID-19
DE-BW,00+,2022-09-24,2022-09-02,-22 day ahead inc hosp,quantile,0.025,331.90387504206757,COVID-19
DE-BW,00+,2022-09-24,2022-09-02,-22 day ahead inc hosp,quantile,0.1,332.49748694024566,COVID-19
DE-BW,00+,2022-09-24,2022-09-02,-22 day ahead inc hosp,quantile,0.25,333.92674928311186,COVID-19
DE-BW,00+,2022-09-24,2022-09-02,-22 day ahead inc hosp,quantile,0.5,335.62665296757706,COVID-19
DE-BW,00+,2022-09-24,2022-09-02,-22 day ahead inc hosp,quantile,0.75,338.29237399620433,COVID-19
DE-BW,00+,2022-09-24,2022-09-02,-22 day ahead inc hosp,quantile,0.9,339.97783611100755,COVID-19
DE-BW,00+,2022-09-24,2022-09-02,-22 day ahead inc hosp,quantile,0.975,343.1498073893974,COVID-19
DE-BY,00+,2022-09-24,2022-09-02,-22 day ahead inc hosp,mean,,850.171090277664,COVID-19
DE-BY,00+,2022-09-24,2022-09-02,-22 day ahead inc hosp,quantile,0.025,843.783170455165,COVID-19
DE-BY,00+,2022-09-24,2022-09-02,-22 day ahead inc hosp,quantile,0.1,845.877814900498,COVID-19
DE-BY,00+,2022-09-24,2022-09-02,-22 day ahead inc hosp,quantile,0.25,847.791535779723,COVID-19
DE-BY,00+,2022-09-24,2022-09-02,-22 day ahead inc hosp,quantile,0.5,849.909621733107,COVID-19
DE-BY,00+,2022-09-24,2022-09-02,-22 day ahead inc hosp,quantile,0.75,852.316387776536,COVID-19
DE-BY,00+,2022-09-24,2022-09-02,-22 day ahead inc hosp,quantile,0.9,855.3376893329698,COVID-19
DE-BY,00+,2022-09-24,2022-09-02,-22 day ahead inc hosp,quantile,0.975,856.5318701282301,COVID-19
DE-HB,00+,2022-09-24,2022-09-02,-22 day ahead inc hosp,mean,,15.644692238420394,COVID-19
DE-HB,00+,2022-09-24,2022-09-02,-22 day ahead inc hosp,quantile,0.025,14.233242126984129,COVID-19
DE-HB,00+,2022-09-24,2022-09-02,-22 day ahead inc hosp,quantile,0.1,14.643879618095239,COVID-19
DE-HB,00+,2022-09-24,2022-09-02,-22 day ahead inc hosp,quantile,0.25,15.414648,COVID-19
DE-HB,00+,2022-09-24,2022-09-02,-22 day ahead inc hosp,quantile,0.5,15.414648,COVID-19
DE-HB,00+,2022-09-24,2022-09-02,-22 day ahead inc hosp,quantile,0.75,15.684816496363636,COVID-19
DE-HB,00+,2022-09-24,2022-09-02,-22 day ahead inc hosp,quantile,0.9,17.127386666666666,COVID-19
DE-HB,00+,2022-09-24,2022-09-02,-22 day ahead inc hosp,quantile,0.975,17.341479000000003,COVID-19
DE-HE,00+,2022-09-24,2022-09-02,-22 day ahead inc hosp,mean,,294.3394721437395,COVID-19
DE-HE,00+,2022-09-24,2022-09-02,-22 day ahead inc hosp,quantile,0.025,288.86679636301585,COVID-19
DE-HE,00+,2022-09-24,2022-09-02,-22 day ahead inc hosp,quantile,0.1,289.15427066763334,COVID-19
DE-HE,00+,2022-09-24,2022-09-02,-22 day ahead inc hosp,quantile,0.25,289.6348624216853,COVID-19
DE-HE,00+,2022-09-24,2022-09-02,-22 day ahead inc hosp,quantile,0.5,290.5962512618773,COVID-19
DE-HE,00+,2022-09-24,2022-09-02,-22 day ahead inc hosp,quantile,0.75,295.6146184256428,COVID-19
DE-HE,00+,2022-09-24,2022-09-02,-22 day ahead inc hosp,quantile,0.9,308.47686407594347,COVID-19
DE-HE,00+,2022-09-24,2022-09-02,-22 day ahead inc hosp,quantile,0.975,310.20657609991457,COVID-19
DE-HH,00+,2022-09-24,2022-09-02,-22 day ahead inc hosp,mean,,71.84550746634044,COVID-19
DE-HH,00+,2022-09-24,2022-09-02,-22 day ahead inc hosp,quantile,0.025,71.12040833333333,COVID-19
DE-HH,00+,2022-09-24,2022-09-02,-22 day ahead inc hosp,quantile,0.1,71.12040833333333,COVID-19
DE-HH,00+,2022-09-24,2022-09-02,-22 day ahead inc hosp,quantile,0.25,71.26170754276316,COVID-19
DE-HH,00+,2022-09-24,2022-09-02,-22 day ahead inc hosp,quantile,0.5,71.64481148089463,COVID-19
DE-HH,00+,2022-09-24,2022-09-02,-22 day ahead inc hosp,quantile,0.75,72.056324238135,COVID-19
DE-HH,00+,2022-09-24,2022-09-02,-22 day ahead inc hosp,quantile,0.9,73.11901657447717,COVID-19
DE-HH,00+,2022-09-24,2022-09-02,-22 day ahead inc hosp,quantile,0.975,73.75828535049943,COVID-19
DE-MV,00+,2022-09-24,2022-09-02,-22 day ahead inc hosp,mean,,133.670701504031,COVID-19
DE-MV,00+,2022-09-24,2022-09-02,-22 day ahead inc hosp,quantile,0.025,130.5253043629612,COVID-19
DE-MV,00+,2022-09-24,2022-09-02,-22 day ahead inc hosp,quantile,0.1,131.90845907606626,COVID-19
DE-MV,00+,2022-09-24,2022-09-02,-22 day ahead inc hosp,quantile,0.25,133.15847226076258,COVID-19
DE-MV,00+,2022-09-24,2022-09-02,-22 day ahead inc hosp,quantile,0.5,133.95030316350022,COVID-19
DE-MV,00+,2022-09-24,2022-09-02,-22 day ahead inc hosp,quantile,0.75,134.4103308301727,COVID-19
DE-MV,00+,2022-09-24,2022-09-02,-22 day ahead inc hosp,quantile,0.9,135.16337847701072,COVID-19
DE-MV,00+,2022-09-24,2022-09-02,-22 day ahead inc hosp,quantile,0.975,135.56843337235836,COVID-19
DE-NI,00+,2022-09-24,2022-09-02,-22 day ahead inc hosp,mean,,267.36802945401365,COVID-19
DE-NI,00+,2022-09-24,2022-09-02,-22 day ahead inc hosp,quantile,0.025,264.2006436754384,COVID-19
DE-NI,00+,2022-09-24,2022-09-02,-22 day ahead inc hosp,quantile,0.1,264.9948135499863,COVID-19
DE-NI,00+,2022-09-24,2022-09-02,-22 day ahead inc hosp,quantile,0.25,266.03815322997775,COVID-19
DE-NI,00+,2022-09-24,2022-09-02,-22 day ahead inc hosp,quantile,0.5,267.26379759851005,COVID-19
DE-NI,00+,2022-09-24,2022-09-02,-22 day ahead inc hosp,quantile,0.75,268.42378055011653,COVID-19
DE-NI,00+,2022-09-24,2022-09-02,-22 day ahead inc hosp,quantile,0.9,269.82281960038455,COVID-19
DE-NI,00+,2022-09-24,2022-09-02,-22 day ahead inc hosp,quantile,0.975,271.0479942713794,COVID-19
DE-NW,00+,2022-09-24,2022-09-02,-22 day ahead inc hosp,mean,,1271.3472056588128,COVID-19
DE-NW,00+,2022-09-24,2022-09-02,-22 day ahead inc hosp,quantile,0.025,1267.801449970235,COVID-19
DE-NW,00+,2022-09-24,2022-09-02,-22 day ahead inc hosp,quantile,0.1,1268.2569618193306,COVID-19
DE-NW,00+,2022-09-24,2022-09-02,-22 day ahead inc hosp,quantile,0.25,1269.3456790448765,COVID-19
DE-NW,00+,2022-09-24,2022-09-02,-22 day ahead inc hosp,quantile,0.5,1270.834900744505,COVID-19
DE-NW,00+,2022-09-24,2022-09-02,-22 day ahead inc hosp,quantile,0.75,1272.6707448999273,COVID-19
DE-NW,00+,2022-09-24,2022-09-02,-22 day ahead inc hosp,quantile,0.9,1275.3396094682475,COVID-19
DE-NW,00+,2022-09-24,2022-09-02,-22 day ahead inc hosp,quantile,0.975,1276.530656944592,COVID-19
DE-RP,00+,2022-09-24,2022-09-02,-22 day ahead inc hosp,mean,,217.81104171466976,COVID-19
DE-RP,00+,2022-09-24,2022-09-02,-22 day ahead inc hosp,quantile,0.025,215.3225591442905,COVID-19
DE-RP,00+,2022-09-24,2022-09-02,-22 day ahead inc hosp,quantile,0.1,215.88324750011856,COVID-19
DE-RP,00+,2022-09-24,2022-09-02,-22 day ahead inc hosp,quantile,0.25,216.51157589283184,COVID-19
DE-RP,00+,2022-09-24,2022-09-02,-22 day ahead inc hosp,quantile,0.5,217.12860729579359,COVID-19
DE-RP,00+,2022-09-24,2022-09-02,-22 day ahead inc hosp,quantile,0.75,219.36368016066817,COVID-19
DE-RP,00+,2022-09-24,2022-09-02,-22 day ahead inc hosp,quantile,0.9,220.52789025126194,COVID-19
DE-RP,00+,2022-09-24,2022-09-02,-22 day ahead inc hosp,quantile,0.975,221.21289470834577,COVID-19
DE-SH,00+,2022-09-24,2022-09-02,-22 day ahead inc hosp,mean,,177.64569106855552,COVID-19
DE-SH,00+,2022-09-24,2022-09-02,-22 day ahead inc hosp,quantile,0.025,176.07937064533053,COVID-19
DE-SH,00+,2022-09-24,2022-09-02,-22 day ahead inc hosp,quantile,0.1,176.4005407388739,COVID-19
DE-SH,00+,2022-09-24,2022-09-02,-22 day ahead inc hosp,quantile,0.25,176.87674721980952,COVID-19
DE-SH,00+,2022-09-24,2022-09-02,-22 day ahead inc hosp,quantile,0.5,177.5328528566995,COVID-19
DE-SH,00+,2022-09-24,2022-09-02,-22 day ahead inc hosp,quantile,0.75,178.06732318754248,COVID-19
DE-SH,00+,2022-09-24,2022-09-02,-22 day ahead inc hosp,quantile,0.9,179.4103820722311,COVID-19
DE-SH,00+,2022-09-24,2022-09-02,-22 day ahead inc hosp,quantile,0.975,180.08985002964587,COVID-19
DE-SL,00+,2022-09-24,2022-09-02,-22 day ahead inc hosp,mean,,60.64885157300706,COVID-19
DE-SL,00+,2022-09-24,2022-09-02,-22 day ahead inc hosp,quantile,0.025,60.215516400000006,COVID-19
DE-SL,00+,2022-09-24,2022-09-02,-22 day ahead inc hosp,quantile,0.1,60.215516400000006,COVID-19
DE-SL,00+,2022-09-24,2022-09-02,-22 day ahead inc hosp,quantile,0.25,60.3322729875576,COVID-19
DE-SL,00+,2022-09-24,2022-09-02,-22 day ahead inc hosp,quantile,0.5,60.62603979941083,COVID-19
DE-SL,00+,2022-09-24,2022-09-02,-22 day ahead inc hosp,quantile,0.75,60.92860067106438,COVID-19
DE-SL,00+,2022-09-24,2022-09-02,-22 day ahead inc hosp,quantile,0.9,61.04740734502535,COVID-19
DE-SL,00+,2022-09-24,2022-09-02,-22 day ahead inc hosp,quantile,0.975,61.32739789412724,COVID-19
DE-SN,00+,2022-09-24,2022-09-02,-22 day ahead inc hosp,mean,,178.85711106733805,COVID-19
DE-SN,00+,2022-09-24,2022-09-02,-22 day ahead inc hosp,quantile,0.025,176.28227126457423,COVID-19
DE-SN,00+,2022-09-24,2022-09-02,-22 day ahead inc hosp,quantile,0.1,177.46290609938956,COVID-19
DE-SN,00+,2022-09-24,2022-09-02,-22 day ahead inc hosp,quantile,0.25,178.02660353796819,COVID-19
DE-SN,00+,2022-09-24,2022-09-02,-22 day ahead inc hosp,quantile,0.5,178.80706953128438,COVID-19
DE-SN,00+,2022-09-24,2022-09-02,-22 day ahead inc hosp,quantile,0.75,179.73883433057776,COVID-19
DE-SN,00+,2022-09-24,2022-09-02,-22 day ahead inc hosp,quantile,0.9,180.38329321460773,COVID-19
DE-SN,00+,2022-09-24,2022-09-02,-22 day ahead inc hosp,quantile,0.975,181.36363729780723,COVID-19
DE-ST,00+,2022-09-24,2022-09-02,-22 day ahead inc hosp,mean,,133.96096959710582,COVID-19
DE-ST,00+,2022-09-24,2022-09-02,-22 day ahead inc hosp,quantile,0.025,132.74794476445098,COVID-19
DE-ST,00+,2022-09-24,2022-09-02,-22 day ahead inc hosp,quantile,0.1,132.79254328413444,COVID-19
DE-ST,00+,2022-09-24,2022-09-02,-22 day ahead inc hosp,quantile,0.25,133.0836274865471,COVID-19
DE-ST,00+,2022-09-24,2022-09-02,-22 day ahead inc hosp,quantile,0.5,133.52374455723347,COVID-19
DE-ST,00+,2022-09-24,2022-09-02,-22 day ahead inc hosp,quantile,0.75,134.779385782585,COVID-19
DE-ST,00+,2022-09-24,2022-09-02,-22 day ahead inc hosp,quantile,0.9,135.56423935863276,COVID-19
DE-ST,00+,2022-09-24,2022-09-02,-22 day ahead inc hosp,quantile,0.975,136.4428148953869,COVID-19
DE-TH,00+,2022-09-24,2022-09-02,-22 day ahead inc hosp,mean,,159.7674725844697,COVID-19
DE-TH,00+,2022-09-24,2022-09-02,-22 day ahead inc hosp,quantile,0.025,159.20956893333334,COVID-19
DE-TH,00+,2022-09-24,2022-09-02,-22 day ahead inc hosp,quantile,0.1,159.20956893333334,COVID-19
DE-TH,00+,2022-09-24,2022-09-02,-22 day ahead inc hosp,quantile,0.25,159.36658247578842,COVID-19
DE-TH,00+,2022-09-24,2022-09-02,-22 day ahead inc hosp,quantile,0.5,159.782041961302,COVID-19
DE-TH,00+,2022-09-24,2022-09-02,-22 day ahead inc hosp,quantile,0.75,160.13697610830198,COVID-19
DE-TH,00+,2022-09-24,2022-09-02,-22 day ahead inc hosp,quantile,0.9,160.29791518208287,COVID-19
DE-TH,00+,2022-09-24,2022-09-02,-22 day ahead inc hosp,quantile,0.975,160.46835383345436,COVID-19
DE,00+,2022-09-24,2022-09-03,-21 day ahead inc hosp,mean,,4289.073776302675,COVID-19
DE,00+,2022-09-24,2022-09-03,-21 day ahead inc hosp,quantile,0.025,4268.7489909052665,COVID-19
DE,00+,2022-09-24,2022-09-03,-21 day ahead inc hosp,quantile,0.1,4273.838913034965,COVID-19
DE,00+,2022-09-24,2022-09-03,-21 day ahead inc hosp,quantile,0.25,4278.348392366623,COVID-19
DE,00+,2022-09-24,2022-09-03,-21 day ahead inc hosp,quantile,0.5,4283.66874091189,COVID-19
DE,00+,2022-09-24,2022-09-03,-21 day ahead inc hosp,quantile,0.75,4299.097078397458,COVID-19
DE,00+,2022-09-24,2022-09-03,-21 day ahead inc hosp,quantile,0.9,4313.276275155438,COVID-19
DE,00+,2022-09-24,2022-09-03,-21 day ahead inc hosp,quantile,0.975,4322.171822871392,COVID-19
DE,00-04,2022-09-24,2022-09-03,-21 day ahead inc hosp,mean,,160.3650178882568,COVID-19
DE,00-04,2022-09-24,2022-09-03,-21 day ahead inc hosp,quantile,0.025,158.9706896512029,COVID-19
DE,00-04,2022-09-24,2022-09-03,-21 day ahead inc hosp,quantile,0.1,159.10090616666668,COVID-19
DE,00-04,2022-09-24,2022-09-03,-21 day ahead inc hosp,quantile,0.25,159.44733332503733,COVID-19
DE,00-04,2022-09-24,2022-09-03,-21 day ahead inc hosp,quantile,0.5,159.94603435558145,COVID-19
DE,00-04,2022-09-24,2022-09-03,-21 day ahead inc hosp,quantile,0.75,161.05676629651902,COVID-19
DE,00-04,2022-09-24,2022-09-03,-21 day ahead inc hosp,quantile,0.9,162.48435438281228,COVID-19
DE,00-04,2022-09-24,2022-09-03,-21 day ahead inc hosp,quantile,0.975,162.94175739606203,COVID-19
DE,05-14,2022-09-24,2022-09-03,-21 day ahead inc hosp,mean,,48.102736745044496,COVID-19
DE,05-14,2022-09-24,2022-09-03,-21 day ahead inc hosp,quantile,0.025,47.036319295754076,COVID-19
DE,05-14,2022-09-24,2022-09-03,-21 day ahead inc hosp,quantile,0.1,47.17579422816665,COVID-19
DE,05-14,2022-09-24,2022-09-03,-21 day ahead inc hosp,quantile,0.25,47.77645986666666,COVID-19
DE,05-14,2022-09-24,2022-09-03,-21 day ahead inc hosp,quantile,0.5,48.159126900323585,COVID-19
DE,05-14,2022-09-24,2022-09-03,-21 day ahead inc hosp,quantile,0.75,48.48134423907005,COVID-19
DE,05-14,2022-09-24,2022-09-03,-21 day ahead inc hosp,quantile,0.9,48.893561488609734,COVID-19
DE,05-14,2022-09-24,2022-09-03,-21 day ahead inc hosp,quantile,0.975,49.339211152539605,COVID-19
DE,15-34,2022-09-24,2022-09-03,-21 day ahead inc hosp,mean,,339.6410091135709,COVID-19
DE,15-34,2022-09-24,2022-09-03,-21 day ahead inc hosp,quantile,0.025,335.08504998725556,COVID-19
DE,15-34,2022-09-24,2022-09-03,-21 day ahead inc hosp,quantile,0.1,335.35175752083865,COVID-19
DE,15-34,2022-09-24,2022-09-03,-21 day ahead inc hosp,quantile,0.25,337.18580061577387,COVID-19
DE,15-34,2022-09-24,2022-09-03,-21 day ahead inc hosp,quantile,0.5,339.516420008162,COVID-19
DE,15-34,2022-09-24,2022-09-03,-21 day ahead inc hosp,quantile,0.75,342.157471390196,COVID-19
DE,15-34,2022-09-24,2022-09-03,-21 day ahead inc hosp,quantile,0.9,344.37299231030687,COVID-19
DE,15-34,2022-09-24,2022-09-03,-21 day ahead inc hosp,quantile,0.975,344.88306106721427,COVID-19
DE,35-59,2022-09-24,2022-09-03,-21 day ahead inc hosp,mean,,674.3373450274811,COVID-19
DE,35-59,2022-09-24,2022-09-03,-21 day ahead inc hosp,quantile,0.025,667.4781455950778,COVID-19
DE,35-59,2022-09-24,2022-09-03,-21 day ahead inc hosp,quantile,0.1,668.7853874476253,COVID-19
DE,35-59,2022-09-24,2022-09-03,-21 day ahead inc hosp,quantile,0.25,669.797237496467,COVID-19
DE,35-59,2022-09-24,2022-09-03,-21 day ahead inc hosp,quantile,0.5,673.672947569969,COVID-19
DE,35-59,2022-09-24,2022-09-03,-21 day ahead inc hosp,quantile,0.75,677.8368505642916,COVID-19
DE,35-59,2022-09-24,2022-09-03,-21 day ahead inc hosp,quantile,0.9,682.7985418995628,COVID-19
DE,35-59,2022-09-24,2022-09-03,-21 day ahead inc hosp,quantile,0.975,684.1318834372745,COVID-19
DE,60-79,2022-09-24,2022-09-03,-21 day ahead inc hosp,mean,,1496.437843368586,COVID-19
DE,60-79,2022-09-24,2022-09-03,-21 day ahead inc hosp,quantile,0.025,1489.7812265020336,COVID-19
DE,60-79,2022-09-24,2022-09-03,-21 day ahead inc hosp,quantile,0.1,1491.0581490134152,COVID-19
DE,60-79,2022-09-24,2022-09-03,-21 day ahead inc hosp,quantile,0.25,1493.5013722464016,COVID-19
DE,60-79,2022-09-24,2022-09-03,-21 day ahead inc hosp,quantile,0.5,1496.3150496487701,COVID-19
DE,60-79,2022-09-24,2022-09-03,-21 day ahead inc hosp,quantile,0.75,1498.8335809670377,COVID-19
DE,60-79,2022-09-24,2022-09-03,-21 day ahead inc hosp,quantile,0.9,1502.5046281082882,COVID-19
DE,60-79,2022-09-24,2022-09-03,-21 day ahead inc hosp,quantile,0.975,1505.4966818997702,COVID-19
DE,80+,2022-09-24,2022-09-03,-21 day ahead inc hosp,mean,,1521.8118923180368,COVID-19
DE,80+,2022-09-24,2022-09-03,-21 day ahead inc hosp,quantile,0.025,1513.0595081262604,COVID-19
DE,80+,2022-09-24,2022-09-03,-21 day ahead inc hosp,quantile,0.1,1514.883509222926,COVID-19
DE,80+,2022-09-24,2022-09-03,-21 day ahead inc hosp,quantile,0.25,1516.9378201633945,COVID-19
DE,80+,2022-09-24,2022-09-03,-21 day ahead inc hosp,quantile,0.5,1520.4096884540195,COVID-19
DE,80+,2022-09-24,2022-09-03,-21 day ahead inc hosp,quantile,0.75,1526.1460130715134,COVID-19
DE,80+,2022-09-24,2022-09-03,-21 day ahead inc hosp,quantile,0.9,1531.142158921406,COVID-19
DE,80+,2022-09-24,2022-09-03,-21 day ahead inc hosp,quantile,0.975,1534.0336905614365,COVID-19
DE-BB,00+,2022-09-24,2022-09-03,-21 day ahead inc hosp,mean,,143.7885347321958,COVID-19
DE-BB,00+,2022-09-24,2022-09-03,-21 day ahead inc hosp,quantile,0.025,142.54561719946787,COVID-19
DE-BB,00+,2022-09-24,2022-09-03,-21 day ahead inc hosp,quantile,0.1,142.8284819782195,COVID-19
DE-BB,00+,2022-09-24,2022-09-03,-21 day ahead inc hosp,quantile,0.25,142.93516872804284,COVID-19
DE-BB,00+,2022-09-24,2022-09-03,-21 day ahead inc hosp,quantile,0.5,143.90452286173146,COVID-19
DE-BB,00+,2022-09-24,2022-09-03,-21 day ahead inc hosp,quantile,0.75,144.345263204861,COVID-19
DE-BB,00+,2022-09-24,2022-09-03,-21 day ahead inc hosp,quantile,0.9,144.88405092700606,COVID-19
DE-BB,00+,2022-09-24,2022-09-03,-21 day ahead inc hosp,quantile,0.975,145.19815100351752,COVID-19
DE-BE,00+,2022-09-24,2022-09-03,-21 day ahead inc hosp,mean,,116.72441431005208,COVID-19
DE-BE,00+,2022-09-24,2022-09-03,-21 day ahead inc hosp,quantile,0.025,114.10697199021214,COVID-19
DE-BE,00+,2022-09-24,2022-09-03,-21 day ahead inc hosp,quantile,0.1,114.52752332299609,COVID-19
DE-BE,00+,2022-09-24,2022-09-03,-21 day ahead inc hosp,quantile,0.25,115.07991412725664,COVID-19
DE-BE,00+,2022-09-24,2022-09-03,-21 day ahead inc hosp,quantile,0.5,115.68632502304759,COVID-19
DE-BE,00+,2022-09-24,2022-09-03,-21 day ahead inc hosp,quantile,0.75,117.92871336997776,COVID-19
DE-BE,00+,2022-09-24,2022-09-03,-21 day ahead inc hosp,quantile,0.9,120.97930424687978,COVID-19
DE-BE,00+,2022-09-24,2022-09-03,-21 day ahead inc hosp,quantile,0.975,122.49064743279001,COVID-19
DE-BW,00+,2022-09-24,2022-09-03,-21 day ahead inc hosp,mean,,321.053475140084,COVID-19
DE-BW,00+,2022-09-24,2022-09-03,-21 day ahead inc hosp,quantile,0.025,316.6118057096247,COVID-19
DE-BW,00+,2022-09-24,2022-09-03,-21 day ahead inc hosp,quantile,0.1,317.19371389802643,COVID-19
DE-BW,00+,2022-09-24,2022-09-03,-21 day ahead inc hosp,quantile,0.25,319.0685073822342,COVID-19
DE-BW,00+,2022-09-24,2022-09-03,-21 day ahead inc hosp,quantile,0.5,320.5223486504869,COVID-19
DE-BW,00+,2022-09-24,2022-09-03,-21 day ahead inc hosp,quantile,0.75,322.72577339306616,COVID-19
DE-BW,00+,2022-09-24,2022-09-03,-21 day ahead inc hosp,quantile,0.9,324.26258576307663,COVID-19
DE-BW,00+,2022-09-24,2022-09-03,-21 day ahead inc hosp,quantile,0.975,328.20168268344503,COVID-19
DE-BY,00+,2022-09-24,2022-09-03,-21 day ahead inc hosp,mean,,829.5731946725505,COVID-19
DE-BY,00+,2022-09-24,2022-09-03,-21 day ahead inc hosp,quantile,0.025,823.0919473557782,COVID-19
DE-BY,00+,2022-09-24,2022-09-03,-21 day ahead inc hosp,quantile,0.1,825.3891248483488,COVID-19
DE-BY,00+,2022-09-24,2022-09-03,-21 day ahead inc hosp,quantile,0.25,826.9170636918491,COVID-19
DE-BY,00+,2022-09-24,2022-09-03,-21 day ahead inc hosp,quantile,0.5,829.185424155756,COVID-19
DE-BY,00+,2022-09-24,2022-09-03,-21 day ahead inc hosp,quantile,0.75,832.1289588491215,COVID-19
DE-BY,00+,2022-09-24,2022-09-03,-21 day ahead inc hosp,quantile,0.9,834.7421284868401,COVID-19
DE-BY,00+,2022-09-24,2022-09-03,-21 day ahead inc hosp,quantile,0.975,836.0961521591302,COVID-19
DE-HB,00+,2022-09-24,2022-09-03,-21 day ahead inc hosp,mean,,13.950421489054529,COVID-19
DE-HB,00+,2022-09-24,2022-09-03,-21 day ahead inc hosp,quantile,0.025,12.536095619047623,COVID-19
DE-HB,00+,2022-09-24,2022-09-03,-21 day ahead inc hosp,quantile,0.1,12.952190365714287,COVID-19
DE-HB,00+,2022-09-24,2022-09-03,-21 day ahead inc hosp,quantile,0.25,13.7371716,COVID-19
DE-HB,00+,2022-09-24,2022-09-03,-21 day ahead inc hosp,quantile,0.5,13.7371716,COVID-19
DE-HB,00+,2022-09-24,2022-09-03,-21 day ahead inc hosp,quantile,0.75,14.163628317467532,COVID-19
DE-HB,00+,2022-09-24,2022-09-03,-21 day ahead inc hosp,quantile,0.9,15.263524,COVID-19
DE-HB,00+,2022-09-24,2022-09-03,-21 day ahead inc hosp,quantile,0.975,15.45431805,COVID-19
DE-HE,00+,2022-09-24,2022-09-03,-21 day ahead inc hosp,mean,,283.34484744034603,COVID-19
DE-HE,00+,2022-09-24,2022-09-03,-21 day ahead inc hosp,quantile,0.025,277.09960204768925,COVID-19
DE-HE,00+,2022-09-24,2022-09-03,-21 day ahead inc hosp,quantile,0.1,277.36127160101927,COVID-19
DE-HE,00+,2022-09-24,2022-09-03,-21 day ahead inc hosp,quantile,0.25,277.89482835402873,COVID-19
DE-HE,00+,2022-09-24,2022-09-03,-21 day ahead inc hosp,quantile,0.5,279.0296780657814,COVID-19
DE-HE,00+,2022-09-24,2022-09-03,-21 day ahead inc hosp,quantile,0.75,288.8238950388649,COVID-19
DE-HE,00+,2022-09-24,2022-09-03,-21 day ahead inc hosp,quantile,0.9,297.01909077467667,COVID-19
DE-HE,00+,2022-09-24,2022-09-03,-21 day ahead inc hosp,quantile,0.975,298.54786329337037,COVID-19
DE-HH,00+,2022-09-24,2022-09-03,-21 day ahead inc hosp,mean,,64.65956389200585,COVID-19
DE-HH,00+,2022-09-24,2022-09-03,-21 day ahead inc hosp,quantile,0.025,63.76099216666666,COVID-19
DE-HH,00+,2022-09-24,2022-09-03,-21 day ahead inc hosp,quantile,0.1,63.76099216666666,COVID-19
DE-HH,00+,2022-09-24,2022-09-03,-21 day ahead inc hosp,quantile,0.25,64.0408051960755,COVID-19
DE-HH,00+,2022-09-24,2022-09-03,-21 day ahead inc hosp,quantile,0.5,64.35145401035676,COVID-19
DE-HH,00+,2022-09-24,2022-09-03,-21 day ahead inc hosp,quantile,0.75,64.9558420385797,COVID-19
DE-HH,00+,2022-09-24,2022-09-03,-21 day ahead inc hosp,quantile,0.9,65.83584548469429,COVID-19
DE-HH,00+,2022-09-24,2022-09-03,-21 day ahead inc hosp,quantile,0.975,67.00515074993127,COVID-19
DE-MV,00+,2022-09-24,2022-09-03,-21 day ahead inc hosp,mean,,125.01602238473676,COVID-19
DE-MV,00+,2022-09-24,2022-09-03,-21 day ahead inc hosp,quantile,0.025,121.23175015092245,COVID-19
DE-MV,00+,2022-09-24,2022-09-03,-21 day ahead inc hosp,quantile,0.1,122.90184906312449,COVID-19
DE-MV,00+,2022-09-24,2022-09-03,-21 day ahead inc hosp,quantile,0.25,124.62675609355472,COVID-19
DE-MV,00+,2022-09-24,2022-09-03,-21 day ahead inc hosp,quantile,0.5,125.36330106390474,COVID-19
DE-MV,00+,2022-09-24,2022-09-03,-21 day ahead inc hosp,quantile,0.75,125.98289917492612,COVID-19
DE-MV,00+,2022-09-24,2022-09-03,-21 day ahead inc hosp,quantile,0.9,126.75563847919152,COVID-19
DE-MV,00+,2022-09-24,2022-09-03,-21 day ahead inc hosp,quantile,0.975,127.09482565391934,COVID-19
DE-NI,00+,2022-09-24,2022-09-03,-21 day ahead inc hosp,mean,,255.6304283613213,COVID-19
DE-NI,00+,2022-09-24,2022-09-03,-21 day ahead inc hosp,quantile,0.025,252.25730880676005,COVID-19
DE-NI,00+,2022-09-24,2022-09-03,-21 day ahead inc hosp,quantile,0.1,253.2388361263253,COVID-19
DE-NI,00+,2022-09-24,2022-09-03,-21 day ahead inc hosp,quantile,0.25,254.19721078342397,COVID-19
DE-NI,00+,2022-09-24,2022-09-03,-21 day ahead inc hosp,quantile,0.5,255.3147386912177,COVID-19
DE-NI,00+,2022-09-24,2022-09-03,-21 day ahead inc hosp,quantile,0.75,256.718857788116,COVID-19
DE-NI,00+,2022-09-24,2022-09-03,-21 day ahead inc hosp,quantile,0.9,258.71761131838855,COVID-19
DE-NI,00+,2022-09-24,2022-09-03,-21 day ahead inc hosp,quantile,0.975,259.70896538761826,COVID-19
DE-NW,00+,2022-09-24,2022-09-03,-21 day ahead inc hosp,mean,,1237.0742310760656,COVID-19
DE-NW,00+,2022-09-24,2022-09-03,-21 day ahead inc hosp,quantile,0.025,1233.252232677904,COVID-19
DE-NW,00+,2022-09-24,2022-09-03,-21 day ahead inc hosp,quantile,0.1,1233.7333673754447,COVID-19
DE-NW,00+,2022-09-24,2022-09-03,-21 day ahead inc hosp,quantile,0.25,1234.9444912192184,COVID-19
DE-NW,00+,2022-09-24,2022-09-03,-21 day ahead inc hosp,quantile,0.5,1236.507898316967,COVID-19
DE-NW,00+,2022-09-24,2022-09-03,-21 day ahead inc hosp,quantile,0.75,1238.559110439022,COVID-19
DE-NW,00+,2022-09-24,2022-09-03,-21 day ahead inc hosp,quantile,0.9,1240.9898464576906,COVID-19
DE-NW,00+,2022-09-24,2022-09-03,-21 day ahead inc hosp,quantile,0.975,1242.9373189932483,COVID-19
DE-RP,00+,2022-09-24,2022-09-03,-21 day ahead inc hosp,mean,,206.39851703637493,COVID-19
DE-RP,00+,2022-09-24,2022-09-03,-21 day ahead inc hosp,quantile,0.025,203.67317255637658,COVID-19
DE-RP,00+,2022-09-24,2022-09-03,-21 day ahead inc hosp,quantile,0.1,204.20259815053328,COVID-19
DE-RP,00+,2022-09-24,2022-09-03,-21 day ahead inc hosp,quantile,0.25,205.0268132970455,COVID-19
DE-RP,00+,2022-09-24,2022-09-03,-21 day ahead inc hosp,quantile,0.5,205.48872531805478,COVID-19
DE-RP,00+,2022-09-24,2022-09-03,-21 day ahead inc hosp,quantile,0.75,208.3228982844548,COVID-19
DE-RP,00+,2022-09-24,2022-09-03,-21 day ahead inc hosp,quantile,0.9,209.11883944715296,COVID-19
DE-RP,00+,2022-09-24,2022-09-03,-21 day ahead inc hosp,quantile,0.975,210.09694792849555,COVID-19
DE-SH,00+,2022-09-24,2022-09-03,-21 day ahead inc hosp,mean,,175.24517161893908,COVID-19
DE-SH,00+,2022-09-24,2022-09-03,-21 day ahead inc hosp,quantile,0.025,173.64908119500677,COVID-19
DE-SH,00+,2022-09-24,2022-09-03,-21 day ahead inc hosp,quantile,0.1,173.95081485777587,COVID-19
DE-SH,00+,2022-09-24,2022-09-03,-21 day ahead inc hosp,quantile,0.25,174.49518891887786,COVID-19
DE-SH,00+,2022-09-24,2022-09-03,-21 day ahead inc hosp,quantile,0.5,175.1315447684393,COVID-19
DE-SH,00+,2022-09-24,2022-09-03,-21 day ahead inc hosp,quantile,0.75,175.66083706853232,COVID-19
DE-SH,00+,2022-09-24,2022-09-03,-21 day ahead inc hosp,quantile,0.9,177.08269548231078,COVID-19
DE-SH,00+,2022-09-24,2022-09-03,-21 day ahead inc hosp,quantile,0.975,177.76450408121272,COVID-19
DE-SL,00+,2022-09-24,2022-09-03,-21 day ahead inc hosp,mean,,57.73937390254852,COVID-19
DE-SL,00+,2022-09-24,2022-09-03,-21 day ahead inc hosp,quantile,0.025,57.19324280000001,COVID-19
DE-SL,00+,2022-09-24,2022-09-03,-21 day ahead inc hosp,quantile,0.1,57.19324280000001,COVID-19
DE-SL,00+,2022-09-24,2022-09-03,-21 day ahead inc hosp,quantile,0.25,57.456288106307596,COVID-19
DE-SL,00+,2022-09-24,2022-09-03,-21 day ahead inc hosp,quantile,0.5,57.745941902008234,COVID-19
DE-SL,00+,2022-09-24,2022-09-03,-21 day ahead inc hosp,quantile,0.75,57.90084158691182,COVID-19
DE-SL,00+,2022-09-24,2022-09-03,-21 day ahead inc hosp,quantile,0.9,58.19643777569736,COVID-19
DE-SL,00+,2022-09-24,2022-09-03,-21 day ahead inc hosp,quantile,0.975,58.6395521736561,COVID-19
DE-SN,00+,2022-09-24,2022-09-03,-21 day ahead inc hosp,mean,,179.43348168736102,COVID-19
DE-SN,00+,2022-09-24,2022-09-03,-21 day ahead inc hosp,quantile,0.025,177.20431263126014,COVID-19
DE-SN,00+,2022-09-24,2022-09-03,-21 day ahead inc hosp,quantile,0.1,178.00290662931042,COVID-19
DE-SN,00+,2022-09-24,2022-09-03,-21 day ahead inc hosp,quantile,0.25,178.5432240688216,COVID-19
DE-SN,00+,2022-09-24,2022-09-03,-21 day ahead inc hosp,quantile,0.5,179.40264363724077,COVID-19
DE-SN,00+,2022-09-24,2022-09-03,-21 day ahead inc hosp,quantile,0.75,180.20830976663095,COVID-19
DE-SN,00+,2022-09-24,2022-09-03,-21 day ahead inc hosp,quantile,0.9,181.1170021961982,COVID-19
DE-SN,00+,2022-09-24,2022-09-03,-21 day ahead inc hosp,quantile,0.975,182.04904647934146,COVID-19
DE-ST,00+,2022-09-24,2022-09-03,-21 day ahead inc hosp,mean,,129.8118454788201,COVID-19
DE-ST,00+,2022-09-24,2022-09-03,-21 day ahead inc hosp,quantile,0.025,128.3793470614928,COVID-19
DE-ST,00+,2022-09-24,2022-09-03,-21 day ahead inc hosp,quantile,0.1,128.45105273997976,COVID-19
DE-ST,00+,2022-09-24,2022-09-03,-21 day ahead inc hosp,quantile,0.25,128.87839797093318,COVID-19
DE-ST,00+,2022-09-24,2022-09-03,-21 day ahead inc hosp,quantile,0.5,129.3888134888063,COVID-19
DE-ST,00+,2022-09-24,2022-09-03,-21 day ahead inc hosp,quantile,0.75,130.77395273185476,COVID-19
DE-ST,00+,2022-09-24,2022-09-03,-21 day ahead inc hosp,quantile,0.9,131.44322548296034,COVID-19
DE-ST,00+,2022-09-24,2022-09-03,-21 day ahead inc hosp,quantile,0.975,132.25730727648866,COVID-19
DE-TH,00+,2022-09-24,2022-09-03,-21 day ahead inc hosp,mean,,155.81885738149973,COVID-19
DE-TH,00+,2022-09-24,2022-09-03,-21 day ahead inc hosp,quantile,0.025,155.1798418333333,COVID-19
DE-TH,00+,2022-09-24,2022-09-03,-21 day ahead inc hosp,quantile,0.1,155.1798418333333,COVID-19
DE-TH,00+,2022-09-24,2022-09-03,-21 day ahead inc hosp,quantile,0.25,155.5111464576769,COVID-19
DE-TH,00+,2022-09-24,2022-09-03,-21 day ahead inc hosp,quantile,0.5,155.76643111910042,COVID-19
DE-TH,00+,2022-09-24,2022-09-03,-21 day ahead inc hosp,quantile,0.75,156.15796771044197,COVID-19
DE-TH,00+,2022-09-24,2022-09-03,-21 day ahead inc hosp,quantile,0.9,156.35648178239882,COVID-19
DE-TH,00+,2022-09-24,2022-09-03,-21 day ahead inc hosp,quantile,0.975,156.61396997223338,COVID-19
DE,00+,2022-09-24,2022-09-04,-20 day ahead inc hosp,mean,,4201.531506104457,COVID-19
DE,00+,2022-09-24,2022-09-04,-20 day ahead inc hosp,quantile,0.025,4178.487750706661,COVID-19
DE,00+,2022-09-24,2022-09-04,-20 day ahead inc hosp,quantile,0.1,4183.7308799438215,COVID-19
DE,00+,2022-09-24,2022-09-04,-20 day ahead inc hosp,quantile,0.25,4188.177180759521,COVID-19
DE,00+,2022-09-24,2022-09-04,-20 day ahead inc hosp,quantile,0.5,4195.591553044162,COVID-19
DE,00+,2022-09-24,2022-09-04,-20 day ahead inc hosp,quantile,0.75,4214.1745689922955,COVID-19
DE,00+,2022-09-24,2022-09-04,-20 day ahead inc hosp,quantile,0.9,4230.285170240158,COVID-19
DE,00+,2022-09-24,2022-09-04,-20 day ahead inc hosp,quantile,0.975,4237.250930556235,COVID-19
DE,00-04,2022-09-24,2022-09-04,-20 day ahead inc hosp,mean,,154.18614011246177,COVID-19
DE,00-04,2022-09-24,2022-09-04,-20 day ahead inc hosp,quantile,0.025,152.64874010417907,COVID-19
DE,00-04,2022-09-24,2022-09-04,-20 day ahead inc hosp,quantile,0.1,152.77377816666663,COVID-19
DE,00-04,2022-09-24,2022-09-04,-20 day ahead inc hosp,quantile,0.25,153.25336561432886,COVID-19
DE,00-04,2022-09-24,2022-09-04,-20 day ahead inc hosp,quantile,0.5,153.73308900734418,COVID-19
DE,00-04,2022-09-24,2022-09-04,-20 day ahead inc hosp,quantile,0.75,155.08819484818878,COVID-19
DE,00-04,2022-09-24,2022-09-04,-20 day ahead inc hosp,quantile,0.9,156.2861684382822,COVID-19
DE,00-04,2022-09-24,2022-09-04,-20 day ahead inc hosp,quantile,0.975,157.0367638139653,COVID-19
DE,05-14,2022-09-24,2022-09-04,-20 day ahead inc hosp,mean,,45.69833048685252,COVID-19
DE,05-14,2022-09-24,2022-09-04,-20 day ahead inc hosp,quantile,0.025,44.6642089897214,COVID-19
DE,05-14,2022-09-24,2022-09-04,-20 day ahead inc hosp,quantile,0.1,44.895972661646496,COVID-19
DE,05-14,2022-09-24,2022-09-04,-20 day ahead inc hosp,quantile,0.25,45.27507453333333,COVID-19
DE,05-14,2022-09-24,2022-09-04,-20 day ahead inc hosp,quantile,0.5,45.643164570189704,COVID-19
DE,05-14,2022-09-24,2022-09-04,-20 day ahead inc hosp,quantile,0.75,45.95360414178744,COVID-19
DE,05-14,2022-09-24,2022-09-04,-20 day ahead inc hosp,quantile,0.9,46.59067993798654,COVID-19
DE,05-14,2022-09-24,2022-09-04,-20 day ahead inc hosp,quantile,0.975,47.19775353769307,COVID-19
DE,15-34,2022-09-24,2022-09-04,-20 day ahead inc hosp,mean,,328.017266003447,COVID-19
DE,15-34,2022-09-24,2022-09-04,-20 day ahead inc hosp,quantile,0.025,323.14017953742837,COVID-19
DE,15-34,2022-09-24,2022-09-04,-20 day ahead inc hosp,quantile,0.1,323.3973796730039,COVID-19
DE,15-34,2022-09-24,2022-09-04,-20 day ahead inc hosp,quantile,0.25,325.34537009012746,COVID-19
DE,15-34,2022-09-24,2022-09-04,-20 day ahead inc hosp,quantile,0.5,328.08040358856744,COVID-19
DE,15-34,2022-09-24,2022-09-04,-20 day ahead inc hosp,quantile,0.75,331.244060354867,COVID-19
DE,15-34,2022-09-24,2022-09-04,-20 day ahead inc hosp,quantile,0.9,332.69838364788836,COVID-19
DE,15-34,2022-09-24,2022-09-04,-20 day ahead inc hosp,quantile,0.975,333.11554214875014,COVID-19
DE,35-59,2022-09-24,2022-09-04,-20 day ahead inc hosp,mean,,664.422408830726,COVID-19
DE,35-59,2022-09-24,2022-09-04,-20 day ahead inc hosp,quantile,0.025,656.5821208802233,COVID-19
DE,35-59,2022-09-24,2022-09-04,-20 day ahead inc hosp,quantile,0.1,657.7478550804788,COVID-19
DE,35-59,2022-09-24,2022-09-04,-20 day ahead inc hosp,quantile,0.25,659.2493057855622,COVID-19
DE,35-59,2022-09-24,2022-09-04,-20 day ahead inc hosp,quantile,0.5,663.1186154487311,COVID-19
DE,35-59,2022-09-24,2022-09-04,-20 day ahead inc hosp,quantile,0.75,668.8333401949337,COVID-19
DE,35-59,2022-09-24,2022-09-04,-20 day ahead inc hosp,quantile,0.9,674.5996058026474,COVID-19
DE,35-59,2022-09-24,2022-09-04,-20 day ahead inc hosp,quantile,0.975,675.5296566512077,COVID-19
DE,60-79,2022-09-24,2022-09-04,-20 day ahead inc hosp,mean,,1468.357808814202,COVID-19
DE,60-79,2022-09-24,2022-09-04,-20 day ahead inc hosp,quantile,0.025,1461.2846483573187,COVID-19
DE,60-79,2022-09-24,2022-09-04,-20 day ahead inc hosp,quantile,0.1,1462.5555607883807,COVID-19
DE,60-79,2022-09-24,2022-09-04,-20 day ahead inc hosp,quantile,0.25,1464.785861345815,COVID-19
DE,60-79,2022-09-24,2022-09-04,-20 day ahead inc hosp,quantile,0.5,1467.9029369382029,COVID-19
DE,60-79,2022-09-24,2022-09-04,-20 day ahead inc hosp,quantile,0.75,1471.3493458921107,COVID-19
DE,60-79,2022-09-24,2022-09-04,-20 day ahead inc hosp,quantile,0.9,1475.0378525065637,COVID-19
DE,60-79,2022-09-24,2022-09-04,-20 day ahead inc hosp,quantile,0.975,1478.66835984818,COVID-19
DE,80+,2022-09-24,2022-09-04,-20 day ahead inc hosp,mean,,1492.8097405835388,COVID-19
DE,80+,2022-09-24,2022-09-04,-20 day ahead inc hosp,quantile,0.025,1482.8863567114001,COVID-19
DE,80+,2022-09-24,2022-09-04,-20 day ahead inc hosp,quantile,0.1,1485.0241379449199,COVID-19
DE,80+,2022-09-24,2022-09-04,-20 day ahead inc hosp,quantile,0.25,1487.214998212551,COVID-19
DE,80+,2022-09-24,2022-09-04,-20 day ahead inc hosp,quantile,0.5,1491.3861482186614,COVID-19
DE,80+,2022-09-24,2022-09-04,-20 day ahead inc hosp,quantile,0.75,1497.3368925159455,COVID-19
DE,80+,2022-09-24,2022-09-04,-20 day ahead inc hosp,quantile,0.9,1503.57801578022,COVID-19
DE,80+,2022-09-24,2022-09-04,-20 day ahead inc hosp,quantile,0.975,1506.098834278486,COVID-19
DE-BB,00+,2022-09-24,2022-09-04,-20 day ahead inc hosp,mean,,149.73297343315087,COVID-19
DE-BB,00+,2022-09-24,2022-09-04,-20 day ahead inc hosp,quantile,0.025,148.30558265294923,COVID-19
DE-BB,00+,2022-09-24,2022-09-04,-20 day ahead inc hosp,quantile,0.1,148.5292850727858,COVID-19
DE-BB,00+,2022-09-24,2022-09-04,-20 day ahead inc hosp,quantile,0.25,148.69834165394894,COVID-19
DE-BB,00+,2022-09-24,2022-09-04,-20 day ahead inc hosp,quantile,0.5,149.83698623736004,COVID-19
DE-BB,00+,2022-09-24,2022-09-04,-20 day ahead inc hosp,quantile,0.75,150.47414296885253,COVID-19
DE-BB,00+,2022-09-24,2022-09-04,-20 day ahead inc hosp,quantile,0.9,150.9177349490508,COVID-19
DE-BB,00+,2022-09-24,2022-09-04,-20 day ahead inc hosp,quantile,0.975,151.3370927494746,COVID-19
DE-BE,00+,2022-09-24,2022-09-04,-20 day ahead inc hosp,mean,,118.54292493732454,COVID-19
DE-BE,00+,2022-09-24,2022-09-04,-20 day ahead inc hosp,quantile,0.025,115.38223717026348,COVID-19
DE-BE,00+,2022-09-24,2022-09-04,-20 day ahead inc hosp,quantile,0.1,115.83454468042245,COVID-19
DE-BE,00+,2022-09-24,2022-09-04,-20 day ahead inc hosp,quantile,0.25,116.25887110871213,COVID-19
DE-BE,00+,2022-09-24,2022-09-04,-20 day ahead inc hosp,quantile,0.5,117.3829854743511,COVID-19
DE-BE,00+,2022-09-24,2022-09-04,-20 day ahead inc hosp,quantile,0.75,120.52470528173367,COVID-19
DE-BE,00+,2022-09-24,2022-09-04,-20 day ahead inc hosp,quantile,0.9,123.30247060562586,COVID-19
DE-BE,00+,2022-09-24,2022-09-04,-20 day ahead inc hosp,quantile,0.975,124.66704347872258,COVID-19
DE-BW,00+,2022-09-24,2022-09-04,-20 day ahead inc hosp,mean,,313.39120386704167,COVID-19
DE-BW,00+,2022-09-24,2022-09-04,-20 day ahead inc hosp,quantile,0.025,308.56203188091666,COVID-19
DE-BW,00+,2022-09-24,2022-09-04,-20 day ahead inc hosp,quantile,0.1,309.6098126826673,COVID-19
DE-BW,00+,2022-09-24,2022-09-04,-20 day ahead inc hosp,quantile,0.25,311.61080584652456,COVID-19
DE-BW,00+,2022-09-24,2022-09-04,-20 day ahead inc hosp,quantile,0.5,312.8523211857108,COVID-19
DE-BW,00+,2022-09-24,2022-09-04,-20 day ahead inc hosp,quantile,0.75,314.5866196960333,COVID-19
DE-BW,00+,2022-09-24,2022-09-04,-20 day ahead inc hosp,quantile,0.9,316.7246011601308,COVID-19
DE-BW,00+,2022-09-24,2022-09-04,-20 day ahead inc hosp,quantile,0.975,320.94130791180567,COVID-19
DE-BY,00+,2022-09-24,2022-09-04,-20 day ahead inc hosp,mean,,817.8688141177132,COVID-19
DE-BY,00+,2022-09-24,2022-09-04,-20 day ahead inc hosp,quantile,0.025,811.3061771040683,COVID-19
DE-BY,00+,2022-09-24,2022-09-04,-20 day ahead inc hosp,quantile,0.1,813.4354027789844,COVID-19
DE-BY,00+,2022-09-24,2022-09-04,-20 day ahead inc hosp,quantile,0.25,814.9253787763479,COVID-19
DE-BY,00+,2022-09-24,2022-09-04,-20 day ahead inc hosp,quantile,0.5,817.2726334656711,COVID-19
DE-BY,00+,2022-09-24,2022-09-04,-20 day ahead inc hosp,quantile,0.75,821.09106897813,COVID-19
DE-BY,00+,2022-09-24,2022-09-04,-20 day ahead inc hosp,quantile,0.9,822.9445280559391,COVID-19
DE-BY,00+,2022-09-24,2022-09-04,-20 day ahead inc hosp,quantile,0.975,824.7987507821259,COVID-19
DE-HB,00+,2022-09-24,2022-09-04,-20 day ahead inc hosp,mean,,13.281845438989894,COVID-19
DE-HB,00+,2022-09-24,2022-09-04,-20 day ahead inc hosp,quantile,0.025,11.762484666666667,COVID-19
DE-HB,00+,2022-09-24,2022-09-04,-20 day ahead inc hosp,quantile,0.1,12.368806274887218,COVID-19
DE-HB,00+,2022-09-24,2022-09-04,-20 day ahead inc hosp,quantile,0.25,13.0571136,COVID-19
DE-HB,00+,2022-09-24,2022-09-04,-20 day ahead inc hosp,quantile,0.5,13.0571136,COVID-19
DE-HB,00+,2022-09-24,2022-09-04,-20 day ahead inc hosp,quantile,0.75,13.733217378045111,COVID-19
DE-HB,00+,2022-09-24,2022-09-04,-20 day ahead inc hosp,quantile,0.9,14.507904,COVID-19
DE-HB,00+,2022-09-24,2022-09-04,-20 day ahead inc hosp,quantile,0.975,14.689252800000002,COVID-19
DE-HE,00+,2022-09-24,2022-09-04,-20 day ahead inc hosp,mean,,279.2309064219167,COVID-19
DE-HE,00+,2022-09-24,2022-09-04,-20 day ahead inc hosp,quantile,0.025,271.87722426409255,COVID-19
DE-HE,00+,2022-09-24,2022-09-04,-20 day ahead inc hosp,quantile,0.1,272.0864034344732,COVID-19
DE-HE,00+,2022-09-24,2022-09-04,-20 day ahead inc hosp,quantile,0.25,272.76300231874876,COVID-19
DE-HE,00+,2022-09-24,2022-09-04,-20 day ahead inc hosp,quantile,0.5,274.0846020992026,COVID-19
DE-HE,00+,2022-09-24,2022-09-04,-20 day ahead inc hosp,quantile,0.75,288.2288130408382,COVID-19
DE-HE,00+,2022-09-24,2022-09-04,-20 day ahead inc hosp,quantile,0.9,292.70191168108636,COVID-19
DE-HE,00+,2022-09-24,2022-09-04,-20 day ahead inc hosp,quantile,0.975,294.7768012276086,COVID-19
DE-HH,00+,2022-09-24,2022-09-04,-20 day ahead inc hosp,mean,,62.19509840152981,COVID-19
DE-HH,00+,2022-09-24,2022-09-04,-20 day ahead inc hosp,quantile,0.025,61.039863499999996,COVID-19
DE-HH,00+,2022-09-24,2022-09-04,-20 day ahead inc hosp,quantile,0.1,61.143142701666655,COVID-19
DE-HH,00+,2022-09-24,2022-09-04,-20 day ahead inc hosp,quantile,0.25,61.477382696726536,COVID-19
DE-HH,00+,2022-09-24,2022-09-04,-20 day ahead inc hosp,quantile,0.5,61.83542899187416,COVID-19
DE-HH,00+,2022-09-24,2022-09-04,-20 day ahead inc hosp,quantile,0.75,62.71652151922322,COVID-19
DE-HH,00+,2022-09-24,2022-09-04,-20 day ahead inc hosp,quantile,0.9,63.61204141208216,COVID-19
DE-HH,00+,2022-09-24,2022-09-04,-20 day ahead inc hosp,quantile,0.975,64.98122700217341,COVID-19
DE-MV,00+,2022-09-24,2022-09-04,-20 day ahead inc hosp,mean,,117.03471468557152,COVID-19
DE-MV,00+,2022-09-24,2022-09-04,-20 day ahead inc hosp,quantile,0.025,113.07648014879823,COVID-19
DE-MV,00+,2022-09-24,2022-09-04,-20 day ahead inc hosp,quantile,0.1,114.62039743075124,COVID-19
DE-MV,00+,2022-09-24,2022-09-04,-20 day ahead inc hosp,quantile,0.25,116.60850962107625,COVID-19
DE-MV,00+,2022-09-24,2022-09-04,-20 day ahead inc hosp,quantile,0.5,117.37864750614746,COVID-19
DE-MV,00+,2022-09-24,2022-09-04,-20 day ahead inc hosp,quantile,0.75,118.12400984188262,COVID-19
DE-MV,00+,2022-09-24,2022-09-04,-20 day ahead inc hosp,quantile,0.9,118.88749641628394,COVID-19
DE-MV,00+,2022-09-24,2022-09-04,-20 day ahead inc hosp,quantile,0.975,119.1717936379758,COVID-19
DE-NI,00+,2022-09-24,2022-09-04,-20 day ahead inc hosp,mean,,245.10456322750102,COVID-19
DE-NI,00+,2022-09-24,2022-09-04,-20 day ahead inc hosp,quantile,0.025,241.77298063078115,COVID-19
DE-NI,00+,2022-09-24,2022-09-04,-20 day ahead inc hosp,quantile,0.1,242.4585971950933,COVID-19
DE-NI,00+,2022-09-24,2022-09-04,-20 day ahead inc hosp,quantile,0.25,243.32499735957265,COVID-19
DE-NI,00+,2022-09-24,2022-09-04,-20 day ahead inc hosp,quantile,0.5,244.47211700633127,COVID-19
DE-NI,00+,2022-09-24,2022-09-04,-20 day ahead inc hosp,quantile,0.75,246.70439926559894,COVID-19
DE-NI,00+,2022-09-24,2022-09-04,-20 day ahead inc hosp,quantile,0.9,248.6386423059437,COVID-19
DE-NI,00+,2022-09-24,2022-09-04,-20 day ahead inc hosp,quantile,0.975,249.6314772298268,COVID-19
DE-NW,00+,2022-09-24,2022-09-04,-20 day ahead inc hosp,mean,,1212.0728946653173,COVID-19
DE-NW,00+,2022-09-24,2022-09-04,-20 day ahead inc hosp,quantile,0.025,1207.8073232092374,COVID-19
DE-NW,00+,2022-09-24,2022-09-04,-20 day ahead inc hosp,quantile,0.1,1208.326779241023,COVID-19
DE-NW,00+,2022-09-24,2022-09-04,-20 day ahead inc hosp,quantile,0.25,1209.8660626360752,COVID-19
DE-NW,00+,2022-09-24,2022-09-04,-20 day ahead inc hosp,quantile,0.5,1211.22138315238,COVID-19
DE-NW,00+,2022-09-24,2022-09-04,-20 day ahead inc hosp,quantile,0.75,1213.9442105022201,COVID-19
DE-NW,00+,2022-09-24,2022-09-04,-20 day ahead inc hosp,quantile,0.9,1216.164469112478,COVID-19
DE-NW,00+,2022-09-24,2022-09-04,-20 day ahead inc hosp,quantile,0.975,1218.5075240442684,COVID-19
DE-RP,00+,2022-09-24,2022-09-04,-20 day ahead inc hosp,mean,,199.78090394405578,COVID-19
DE-RP,00+,2022-09-24,2022-09-04,-20 day ahead inc hosp,quantile,0.025,196.894597020545,COVID-19
DE-RP,00+,2022-09-24,2022-09-04,-20 day ahead inc hosp,quantile,0.1,197.16864160532234,COVID-19
DE-RP,00+,2022-09-24,2022-09-04,-20 day ahead inc hosp,quantile,0.25,197.97673837640352,COVID-19
DE-RP,00+,2022-09-24,2022-09-04,-20 day ahead inc hosp,quantile,0.5,198.8527117130808,COVID-19
DE-RP,00+,2022-09-24,2022-09-04,-20 day ahead inc hosp,quantile,0.75,201.96751211869886,COVID-19
DE-RP,00+,2022-09-24,2022-09-04,-20 day ahead inc hosp,quantile,0.9,202.94383988776238,COVID-19
DE-RP,00+,2022-09-24,2022-09-04,-20 day ahead inc hosp,quantile,0.975,203.8689894152408,COVID-19
DE-SH,00+,2022-09-24,2022-09-04,-20 day ahead inc hosp,mean,,168.0320989062694,COVID-19
DE-SH,00+,2022-09-24,2022-09-04,-20 day ahead inc hosp,quantile,0.025,166.39843006589436,COVID-19
DE-SH,00+,2022-09-24,2022-09-04,-20 day ahead inc hosp,quantile,0.1,166.69529022998884,COVID-19
DE-SH,00+,2022-09-24,2022-09-04,-20 day ahead inc hosp,quantile,0.25,167.198659548531,COVID-19
DE-SH,00+,2022-09-24,2022-09-04,-20 day ahead inc hosp,quantile,0.5,167.84381721171556,COVID-19
DE-SH,00+,2022-09-24,2022-09-04,-20 day ahead inc hosp,quantile,0.75,168.503478425204,COVID-19
DE-SH,00+,2022-09-24,2022-09-04,-20 day ahead inc hosp,quantile,0.9,169.892589363819,COVID-19
DE-SH,00+,2022-09-24,2022-09-04,-20 day ahead inc hosp,quantile,0.975,170.55716253036195,COVID-19
DE-SL,00+,2022-09-24,2022-09-04,-20 day ahead inc hosp,mean,,56.20201028112391,COVID-19
DE-SL,00+,2022-09-24,2022-09-04,-20 day ahead inc hosp,quantile,0.025,55.517852000000005,COVID-19
DE-SL,00+,2022-09-24,2022-09-04,-20 day ahead inc hosp,quantile,0.1,55.517852000000005,COVID-19
DE-SL,00+,2022-09-24,2022-09-04,-20 day ahead inc hosp,quantile,0.25,55.9274739949764,COVID-19
DE-SL,00+,2022-09-24,2022-09-04,-20 day ahead inc hosp,quantile,0.5,56.136775272151304,COVID-19
DE-SL,00+,2022-09-24,2022-09-04,-20 day ahead inc hosp,quantile,0.75,56.40649858706614,COVID-19
DE-SL,00+,2022-09-24,2022-09-04,-20 day ahead inc hosp,quantile,0.9,56.80797571491232,COVID-19
DE-SL,00+,2022-09-24,2022-09-04,-20 day ahead inc hosp,quantile,0.975,57.52262868739686,COVID-19
DE-SN,00+,2022-09-24,2022-09-04,-20 day ahead inc hosp,mean,,176.3213858397756,COVID-19
DE-SN,00+,2022-09-24,2022-09-04,-20 day ahead inc hosp,quantile,0.025,174.35993202296297,COVID-19
DE-SN,00+,2022-09-24,2022-09-04,-20 day ahead inc hosp,quantile,0.1,174.8274490621613,COVID-19
DE-SN,00+,2022-09-24,2022-09-04,-20 day ahead inc hosp,quantile,0.25,175.45784599468305,COVID-19
DE-SN,00+,2022-09-24,2022-09-04,-20 day ahead inc hosp,quantile,0.5,176.1373019982219,COVID-19
DE-SN,00+,2022-09-24,2022-09-04,-20 day ahead inc hosp,quantile,0.75,177.21893718234833,COVID-19
DE-SN,00+,2022-09-24,2022-09-04,-20 day ahead inc hosp,quantile,0.9,177.98407861762408,COVID-19
DE-SN,00+,2022-09-24,2022-09-04,-20 day ahead inc hosp,quantile,0.975,178.56700095957686,COVID-19
DE-ST,00+,2022-09-24,2022-09-04,-20 day ahead inc hosp,mean,,128.09374743992294,COVID-19
DE-ST,00+,2022-09-24,2022-09-04,-20 day ahead inc hosp,quantile,0.025,126.4405013996738,COVID-19
DE-ST,00+,2022-09-24,2022-09-04,-20 day ahead inc hosp,quantile,0.1,126.59030791299696,COVID-19
DE-ST,00+,2022-09-24,2022-09-04,-20 day ahead inc hosp,quantile,0.25,127.02178682989783,COVID-19
DE-ST,00+,2022-09-24,2022-09-04,-20 day ahead inc hosp,quantile,0.5,127.84068872243705,COVID-19
DE-ST,00+,2022-09-24,2022-09-04,-20 day ahead inc hosp,quantile,0.75,129.05676347841606,COVID-19
DE-ST,00+,2022-09-24,2022-09-04,-20 day ahead inc hosp,quantile,0.9,129.86500741229898,COVID-19
DE-ST,00+,2022-09-24,2022-09-04,-20 day ahead inc hosp,quantile,0.975,130.53949917848294,COVID-19
DE-TH,00+,2022-09-24,2022-09-04,-20 day ahead inc hosp,mean,,150.25802736950868,COVID-19
DE-TH,00+,2022-09-24,2022-09-04,-20 day ahead inc hosp,quantile,0.025,149.5240845,COVID-19
DE-TH,00+,2022-09-24,2022-09-04,-20 day ahead inc hosp,quantile,0.1,149.66976900786207,COVID-19
DE-TH,00+,2022-09-24,2022-09-04,-20 day ahead inc hosp,quantile,0.25,150.02425466881013,COVID-19
DE-TH,00+,2022-09-24,2022-09-04,-20 day ahead inc hosp,quantile,0.5,150.20191643847275,COVID-19
DE-TH,00+,2022-09-24,2022-09-04,-20 day ahead inc hosp,quantile,0.75,150.53364895966382,COVID-19
DE-TH,00+,2022-09-24,2022-09-04,-20 day ahead inc hosp,quantile,0.9,150.76441881361293,COVID-19
DE-TH,00+,2022-09-24,2022-09-04,-20 day ahead inc hosp,quantile,0.975,151.24842710057996,COVID-19
DE,00+,2022-09-24,2022-09-05,-19 day ahead inc hosp,mean,,4170.984780025823,COVID-19
DE,00+,2022-09-24,2022-09-05,-19 day ahead inc hosp,quantile,0.025,4143.783871791826,COVID-19
DE,00+,2022-09-24,2022-09-05,-19 day ahead inc hosp,quantile,0.1,4148.762488376667,COVID-19
DE,00+,2022-09-24,2022-09-05,-19 day ahead inc hosp,quantile,0.25,4154.190974886233,COVID-19
DE,00+,2022-09-24,2022-09-05,-19 day ahead inc hosp,quantile,0.5,4164.176539401792,COVID-19
DE,00+,2022-09-24,2022-09-05,-19 day ahead inc hosp,quantile,0.75,4188.150223387371,COVID-19
DE,00+,2022-09-24,2022-09-05,-19 day ahead inc hosp,quantile,0.9,4204.113790507721,COVID-19
DE,00+,2022-09-24,2022-09-05,-19 day ahead inc hosp,quantile,0.975,4212.096903099287,COVID-19
DE,00-04,2022-09-24,2022-09-05,-19 day ahead inc hosp,mean,,148.6588503578299,COVID-19
DE,00-04,2022-09-24,2022-09-05,-19 day ahead inc hosp,quantile,0.025,147.02492055668404,COVID-19
DE,00-04,2022-09-24,2022-09-05,-19 day ahead inc hosp,quantile,0.1,147.105726,COVID-19
DE,00-04,2022-09-24,2022-09-05,-19 day ahead inc hosp,quantile,0.25,147.6340300614713,COVID-19
DE,00-04,2022-09-24,2022-09-05,-19 day ahead inc hosp,quantile,0.5,148.14189145685472,COVID-19
DE,00-04,2022-09-24,2022-09-05,-19 day ahead inc hosp,quantile,0.75,149.57533921306927,COVID-19
DE,00-04,2022-09-24,2022-09-05,-19 day ahead inc hosp,quantile,0.9,150.9257561036833,COVID-19
DE,00-04,2022-09-24,2022-09-05,-19 day ahead inc hosp,quantile,0.975,151.93928670856505,COVID-19
DE,05-14,2022-09-24,2022-09-05,-19 day ahead inc hosp,mean,,46.570385411628564,COVID-19
DE,05-14,2022-09-24,2022-09-05,-19 day ahead inc hosp,quantile,0.025,45.432315584941286,COVID-19
DE,05-14,2022-09-24,2022-09-05,-19 day ahead inc hosp,quantile,0.1,45.84868561395419,COVID-19
DE,05-14,2022-09-24,2022-09-05,-19 day ahead inc hosp,quantile,0.25,46.02549013333333,COVID-19
DE,05-14,2022-09-24,2022-09-05,-19 day ahead inc hosp,quantile,0.5,46.41766944810438,COVID-19
DE,05-14,2022-09-24,2022-09-05,-19 day ahead inc hosp,quantile,0.75,46.715266088888896,COVID-19
DE,05-14,2022-09-24,2022-09-05,-19 day ahead inc hosp,quantile,0.9,47.46215475599359,COVID-19
DE,05-14,2022-09-24,2022-09-05,-19 day ahead inc hosp,quantile,0.975,48.81107428906294,COVID-19
DE,15-34,2022-09-24,2022-09-05,-19 day ahead inc hosp,mean,,323.45081456016067,COVID-19
DE,15-34,2022-09-24,2022-09-05,-19 day ahead inc hosp,quantile,0.025,318.1233045180597,COVID-19
DE,15-34,2022-09-24,2022-09-05,-19 day ahead inc hosp,quantile,0.1,318.5669567969223,COVID-19
DE,15-34,2022-09-24,2022-09-05,-19 day ahead inc hosp,quantile,0.25,320.52095159295305,COVID-19
DE,15-34,2022-09-24,2022-09-05,-19 day ahead inc hosp,quantile,0.5,323.57838363439225,COVID-19
DE,15-34,2022-09-24,2022-09-05,-19 day ahead inc hosp,quantile,0.75,326.7244072042494,COVID-19
DE,15-34,2022-09-24,2022-09-05,-19 day ahead inc hosp,quantile,0.9,327.9807191200016,COVID-19
DE,15-34,2022-09-24,2022-09-05,-19 day ahead inc hosp,quantile,0.975,328.6275902712827,COVID-19
DE,35-59,2022-09-24,2022-09-05,-19 day ahead inc hosp,mean,,659.5201560867205,COVID-19
DE,35-59,2022-09-24,2022-09-05,-19 day ahead inc hosp,quantile,0.025,650.4602674368168,COVID-19
DE,35-59,2022-09-24,2022-09-05,-19 day ahead inc hosp,quantile,0.1,651.7603601560363,COVID-19
DE,35-59,2022-09-24,2022-09-05,-19 day ahead inc hosp,quantile,0.25,653.3779459358616,COVID-19
DE,35-59,2022-09-24,2022-09-05,-19 day ahead inc hosp,quantile,0.5,657.5000293933672,COVID-19
DE,35-59,2022-09-24,2022-09-05,-19 day ahead inc hosp,quantile,0.75,664.9280687645131,COVID-19
DE,35-59,2022-09-24,2022-09-05,-19 day ahead inc hosp,quantile,0.9,671.0522344863679,COVID-19
DE,35-59,2022-09-24,2022-09-05,-19 day ahead inc hosp,quantile,0.975,671.878497961087,COVID-19
DE,60-79,2022-09-24,2022-09-05,-19 day ahead inc hosp,mean,,1461.4128976334848,COVID-19
DE,60-79,2022-09-24,2022-09-05,-19 day ahead inc hosp,quantile,0.025,1453.6355734044107,COVID-19
DE,60-79,2022-09-24,2022-09-05,-19 day ahead inc hosp,quantile,0.1,1455.0444778112083,COVID-19
DE,60-79,2022-09-24,2022-09-05,-19 day ahead inc hosp,quantile,0.25,1457.0836070800535,COVID-19
DE,60-79,2022-09-24,2022-09-05,-19 day ahead inc hosp,quantile,0.5,1460.4449641928413,COVID-19
DE,60-79,2022-09-24,2022-09-05,-19 day ahead inc hosp,quantile,0.75,1465.2833177836699,COVID-19
DE,60-79,2022-09-24,2022-09-05,-19 day ahead inc hosp,quantile,0.9,1469.5823624457291,COVID-19
DE,60-79,2022-09-24,2022-09-05,-19 day ahead inc hosp,quantile,0.975,1472.7307234174934,COVID-19
DE,80+,2022-09-24,2022-09-05,-19 day ahead inc hosp,mean,,1486.044825696092,COVID-19
DE,80+,2022-09-24,2022-09-05,-19 day ahead inc hosp,quantile,0.025,1474.0898760211835,COVID-19
DE,80+,2022-09-24,2022-09-05,-19 day ahead inc hosp,quantile,0.1,1476.9861233504944,COVID-19
DE,80+,2022-09-24,2022-09-05,-19 day ahead inc hosp,quantile,0.25,1479.7287465025197,COVID-19
DE,80+,2022-09-24,2022-09-05,-19 day ahead inc hosp,quantile,0.5,1484.2403618226012,COVID-19
DE,80+,2022-09-24,2022-09-05,-19 day ahead inc hosp,quantile,0.75,1491.642755681906,COVID-19
DE,80+,2022-09-24,2022-09-05,-19 day ahead inc hosp,quantile,0.9,1497.2786219606191,COVID-19
DE,80+,2022-09-24,2022-09-05,-19 day ahead inc hosp,quantile,0.975,1501.9514924199455,COVID-19
DE-BB,00+,2022-09-24,2022-09-05,-19 day ahead inc hosp,mean,,151.93831228731455,COVID-19
DE-BB,00+,2022-09-24,2022-09-05,-19 day ahead inc hosp,quantile,0.025,150.3455605312409,COVID-19
DE-BB,00+,2022-09-24,2022-09-05,-19 day ahead inc hosp,quantile,0.1,150.51275277459436,COVID-19
DE-BB,00+,2022-09-24,2022-09-05,-19 day ahead inc hosp,quantile,0.25,150.88385530720583,COVID-19
DE-BB,00+,2022-09-24,2022-09-05,-19 day ahead inc hosp,quantile,0.5,152.1075546569992,COVID-19
DE-BB,00+,2022-09-24,2022-09-05,-19 day ahead inc hosp,quantile,0.75,152.72309383802119,COVID-19
DE-BB,00+,2022-09-24,2022-09-05,-19 day ahead inc hosp,quantile,0.9,153.1022929641053,COVID-19
DE-BB,00+,2022-09-24,2022-09-05,-19 day ahead inc hosp,quantile,0.975,153.81247142080986,COVID-19
DE-BE,00+,2022-09-24,2022-09-05,-19 day ahead inc hosp,mean,,120.1028293219334,COVID-19
DE-BE,00+,2022-09-24,2022-09-05,-19 day ahead inc hosp,quantile,0.025,116.3506907097968,COVID-19
DE-BE,00+,2022-09-24,2022-09-05,-19 day ahead inc hosp,quantile,0.1,116.76345442968531,COVID-19
DE-BE,00+,2022-09-24,2022-09-05,-19 day ahead inc hosp,quantile,0.25,117.34088029773274,COVID-19
DE-BE,00+,2022-09-24,2022-09-05,-19 day ahead inc hosp,quantile,0.5,118.8309657801037,COVID-19
DE-BE,00+,2022-09-24,2022-09-05,-19 day ahead inc hosp,quantile,0.75,122.26323425188072,COVID-19
DE-BE,00+,2022-09-24,2022-09-05,-19 day ahead inc hosp,quantile,0.9,125.61955420537983,COVID-19
DE-BE,00+,2022-09-24,2022-09-05,-19 day ahead inc hosp,quantile,0.975,127.22302145638977,COVID-19
DE-BW,00+,2022-09-24,2022-09-05,-19 day ahead inc hosp,mean,,310.6605955998958,COVID-19
DE-BW,00+,2022-09-24,2022-09-05,-19 day ahead inc hosp,quantile,0.025,305.7676936458026,COVID-19
DE-BW,00+,2022-09-24,2022-09-05,-19 day ahead inc hosp,quantile,0.1,307.00428431025136,COVID-19
DE-BW,00+,2022-09-24,2022-09-05,-19 day ahead inc hosp,quantile,0.25,308.9161129760677,COVID-19
DE-BW,00+,2022-09-24,2022-09-05,-19 day ahead inc hosp,quantile,0.5,310.0083072890387,COVID-19
DE-BW,00+,2022-09-24,2022-09-05,-19 day ahead inc hosp,quantile,0.75,311.90828259644286,COVID-19
DE-BW,00+,2022-09-24,2022-09-05,-19 day ahead inc hosp,quantile,0.9,314.1969681518898,COVID-19
DE-BW,00+,2022-09-24,2022-09-05,-19 day ahead inc hosp,quantile,0.975,318.2612800135385,COVID-19
DE-BY,00+,2022-09-24,2022-09-05,-19 day ahead inc hosp,mean,,818.1140886451082,COVID-19
DE-BY,00+,2022-09-24,2022-09-05,-19 day ahead inc hosp,quantile,0.025,811.0044241662125,COVID-19
DE-BY,00+,2022-09-24,2022-09-05,-19 day ahead inc hosp,quantile,0.1,812.7882524275884,COVID-19
DE-BY,00+,2022-09-24,2022-09-05,-19 day ahead inc hosp,quantile,0.25,815.1232339587159,COVID-19
DE-BY,00+,2022-09-24,2022-09-05,-19 day ahead inc hosp,quantile,0.5,817.4795645111454,COVID-19
DE-BY,00+,2022-09-24,2022-09-05,-19 day ahead inc hosp,quantile,0.75,821.7792452840803,COVID-19
DE-BY,00+,2022-09-24,2022-09-05,-19 day ahead inc hosp,quantile,0.9,823.5964843385144,COVID-19
DE-BY,00+,2022-09-24,2022-09-05,-19 day ahead inc hosp,quantile,0.975,825.1238423163633,COVID-19
DE-HB,00+,2022-09-24,2022-09-05,-19 day ahead inc hosp,mean,,13.310902049705623,COVID-19
DE-HB,00+,2022-09-24,2022-09-05,-19 day ahead inc hosp,quantile,0.025,11.664068475789474,COVID-19
DE-HB,00+,2022-09-24,2022-09-05,-19 day ahead inc hosp,quantile,0.1,12.414963236543535,COVID-19
DE-HB,00+,2022-09-24,2022-09-05,-19 day ahead inc hosp,quantile,0.25,13.0571136,COVID-19
DE-HB,00+,2022-09-24,2022-09-05,-19 day ahead inc hosp,quantile,0.5,13.0571136,COVID-19
DE-HB,00+,2022-09-24,2022-09-05,-19 day ahead inc hosp,quantile,0.75,13.993016053672642,COVID-19
DE-HB,00+,2022-09-24,2022-09-05,-19 day ahead inc hosp,quantile,0.9,14.507904,COVID-19
DE-HB,00+,2022-09-24,2022-09-05,-19 day ahead inc hosp,quantile,0.975,14.689252800000002,COVID-19
DE-HE,00+,2022-09-24,2022-09-05,-19 day ahead inc hosp,mean,,285.49489076350324,COVID-19
DE-HE,00+,2022-09-24,2022-09-05,-19 day ahead inc hosp,quantile,0.025,276.5395201004161,COVID-19
DE-HE,00+,2022-09-24,2022-09-05,-19 day ahead inc hosp,quantile,0.1,276.83602309591356,COVID-19
DE-HE,00+,2022-09-24,2022-09-05,-19 day ahead inc hosp,quantile,0.25,277.88352596697194,COVID-19
DE-HE,00+,2022-09-24,2022-09-05,-19 day ahead inc hosp,quantile,0.5,279.25460021219277,COVID-19
DE-HE,00+,2022-09-24,2022-09-05,-19 day ahead inc hosp,quantile,0.75,296.46552005507004,COVID-19
DE-HE,00+,2022-09-24,2022-09-05,-19 day ahead inc hosp,quantile,0.9,300.35000008651025,COVID-19
DE-HE,00+,2022-09-24,2022-09-05,-19 day ahead inc hosp,quantile,0.975,302.72333100476567,COVID-19
DE-HH,00+,2022-09-24,2022-09-05,-19 day ahead inc hosp,mean,,62.509351422243945,COVID-19
DE-HH,00+,2022-09-24,2022-09-05,-19 day ahead inc hosp,quantile,0.025,61.039863499999996,COVID-19
DE-HH,00+,2022-09-24,2022-09-05,-19 day ahead inc hosp,quantile,0.1,61.29820166085099,COVID-19
DE-HH,00+,2022-09-24,2022-09-05,-19 day ahead inc hosp,quantile,0.25,61.572640008793805,COVID-19
DE-HH,00+,2022-09-24,2022-09-05,-19 day ahead inc hosp,quantile,0.5,62.134419267483274,COVID-19
DE-HH,00+,2022-09-24,2022-09-05,-19 day ahead inc hosp,quantile,0.75,63.11056637731184,COVID-19
DE-HH,00+,2022-09-24,2022-09-05,-19 day ahead inc hosp,quantile,0.9,64.41762575879096,COVID-19
DE-HH,00+,2022-09-24,2022-09-05,-19 day ahead inc hosp,quantile,0.975,65.66373567932118,COVID-19
DE-MV,00+,2022-09-24,2022-09-05,-19 day ahead inc hosp,mean,,113.04142440669372,COVID-19
DE-MV,00+,2022-09-24,2022-09-05,-19 day ahead inc hosp,quantile,0.025,109.11295138399728,COVID-19
DE-MV,00+,2022-09-24,2022-09-05,-19 day ahead inc hosp,quantile,0.1,110.33024259421089,COVID-19
DE-MV,00+,2022-09-24,2022-09-05,-19 day ahead inc hosp,quantile,0.25,112.58195833279211,COVID-19
DE-MV,00+,2022-09-24,2022-09-05,-19 day ahead inc hosp,quantile,0.5,113.3760357202752,COVID-19
DE-MV,00+,2022-09-24,2022-09-05,-19 day ahead inc hosp,quantile,0.75,114.27210855636419,COVID-19
DE-MV,00+,2022-09-24,2022-09-05,-19 day ahead inc hosp,quantile,0.9,115.03233969065442,COVID-19
DE-MV,00+,2022-09-24,2022-09-05,-19 day ahead inc hosp,quantile,0.975,115.35802728616872,COVID-19
DE-NI,00+,2022-09-24,2022-09-05,-19 day ahead inc hosp,mean,,241.1328433936443,COVID-19
DE-NI,00+,2022-09-24,2022-09-05,-19 day ahead inc hosp,quantile,0.025,237.5799037761691,COVID-19
DE-NI,00+,2022-09-24,2022-09-05,-19 day ahead inc hosp,quantile,0.1,238.3621801613948,COVID-19
DE-NI,00+,2022-09-24,2022-09-05,-19 day ahead inc hosp,quantile,0.25,239.17862847568097,COVID-19
DE-NI,00+,2022-09-24,2022-09-05,-19 day ahead inc hosp,quantile,0.5,240.27004298031093,COVID-19
DE-NI,00+,2022-09-24,2022-09-05,-19 day ahead inc hosp,quantile,0.75,243.20411209050022,COVID-19
DE-NI,00+,2022-09-24,2022-09-05,-19 day ahead inc hosp,quantile,0.9,244.75782644826748,COVID-19
DE-NI,00+,2022-09-24,2022-09-05,-19 day ahead inc hosp,quantile,0.975,245.9268090180565,COVID-19
DE-NW,00+,2022-09-24,2022-09-05,-19 day ahead inc hosp,mean,,1193.2805568875378,COVID-19
DE-NW,00+,2022-09-24,2022-09-05,-19 day ahead inc hosp,quantile,0.025,1187.9373912482115,COVID-19
DE-NW,00+,2022-09-24,2022-09-05,-19 day ahead inc hosp,quantile,0.1,1189.0471993134422,COVID-19
DE-NW,00+,2022-09-24,2022-09-05,-19 day ahead inc hosp,quantile,0.25,1190.636954988891,COVID-19
DE-NW,00+,2022-09-24,2022-09-05,-19 day ahead inc hosp,quantile,0.5,1192.2718782079533,COVID-19
DE-NW,00+,2022-09-24,2022-09-05,-19 day ahead inc hosp,quantile,0.75,1195.437875840638,COVID-19
DE-NW,00+,2022-09-24,2022-09-05,-19 day ahead inc hosp,quantile,0.9,1198.2970054030804,COVID-19
DE-NW,00+,2022-09-24,2022-09-05,-19 day ahead inc hosp,quantile,0.975,1201.9107840177194,COVID-19
DE-RP,00+,2022-09-24,2022-09-05,-19 day ahead inc hosp,mean,,199.6586460011504,COVID-19
DE-RP,00+,2022-09-24,2022-09-05,-19 day ahead inc hosp,quantile,0.025,196.34913421195444,COVID-19
DE-RP,00+,2022-09-24,2022-09-05,-19 day ahead inc hosp,quantile,0.1,196.7002014082213,COVID-19
DE-RP,00+,2022-09-24,2022-09-05,-19 day ahead inc hosp,quantile,0.25,197.56797715790773,COVID-19
DE-RP,00+,2022-09-24,2022-09-05,-19 day ahead inc hosp,quantile,0.5,198.68420344887093,COVID-19
DE-RP,00+,2022-09-24,2022-09-05,-19 day ahead inc hosp,quantile,0.75,201.9340025052809,COVID-19
DE-RP,00+,2022-09-24,2022-09-05,-19 day ahead inc hosp,quantile,0.9,203.11679801542167,COVID-19
DE-RP,00+,2022-09-24,2022-09-05,-19 day ahead inc hosp,quantile,0.975,204.38611928569696,COVID-19
DE-SH,00+,2022-09-24,2022-09-05,-19 day ahead inc hosp,mean,,163.28638202810777,COVID-19
DE-SH,00+,2022-09-24,2022-09-05,-19 day ahead inc hosp,quantile,0.025,161.77193498974913,COVID-19
DE-SH,00+,2022-09-24,2022-09-05,-19 day ahead inc hosp,quantile,0.1,162.075753085655,COVID-19
DE-SH,00+,2022-09-24,2022-09-05,-19 day ahead inc hosp,quantile,0.25,162.51143227629606,COVID-19
DE-SH,00+,2022-09-24,2022-09-05,-19 day ahead inc hosp,quantile,0.5,162.99811165925604,COVID-19
DE-SH,00+,2022-09-24,2022-09-05,-19 day ahead inc hosp,quantile,0.75,163.70718979706112,COVID-19
DE-SH,00+,2022-09-24,2022-09-05,-19 day ahead inc hosp,quantile,0.9,164.93538363124492,COVID-19
DE-SH,00+,2022-09-24,2022-09-05,-19 day ahead inc hosp,quantile,0.975,166.04605699262655,COVID-19
DE-SL,00+,2022-09-24,2022-09-05,-19 day ahead inc hosp,mean,,57.02165811562569,COVID-19
DE-SL,00+,2022-09-24,2022-09-05,-19 day ahead inc hosp,quantile,0.025,56.174868000000004,COVID-19
DE-SL,00+,2022-09-24,2022-09-05,-19 day ahead inc hosp,quantile,0.1,56.174868000000004,COVID-19
DE-SL,00+,2022-09-24,2022-09-05,-19 day ahead inc hosp,quantile,0.25,56.61866936485839,COVID-19
DE-SL,00+,2022-09-24,2022-09-05,-19 day ahead inc hosp,quantile,0.5,56.84456678993305,COVID-19
DE-SL,00+,2022-09-24,2022-09-05,-19 day ahead inc hosp,quantile,0.75,57.309115384213555,COVID-19
DE-SL,00+,2022-09-24,2022-09-05,-19 day ahead inc hosp,quantile,0.9,57.908640510889676,COVID-19
DE-SL,00+,2022-09-24,2022-09-05,-19 day ahead inc hosp,quantile,0.975,58.658788090209164,COVID-19
DE-SN,00+,2022-09-24,2022-09-05,-19 day ahead inc hosp,mean,,174.95267670542913,COVID-19
DE-SN,00+,2022-09-24,2022-09-05,-19 day ahead inc hosp,quantile,0.025,173.03452040164058,COVID-19
DE-SN,00+,2022-09-24,2022-09-05,-19 day ahead inc hosp,quantile,0.1,173.48477925760432,COVID-19
DE-SN,00+,2022-09-24,2022-09-05,-19 day ahead inc hosp,quantile,0.25,173.99537415701647,COVID-19
DE-SN,00+,2022-09-24,2022-09-05,-19 day ahead inc hosp,quantile,0.5,174.70773042228845,COVID-19
DE-SN,00+,2022-09-24,2022-09-05,-19 day ahead inc hosp,quantile,0.75,175.90526084732016,COVID-19
DE-SN,00+,2022-09-24,2022-09-05,-19 day ahead inc hosp,quantile,0.9,176.69936859526996,COVID-19
DE-SN,00+,2022-09-24,2022-09-05,-19 day ahead inc hosp,quantile,0.975,177.07806247219364,COVID-19
DE-ST,00+,2022-09-24,2022-09-05,-19 day ahead inc hosp,mean,,130.2300664773108,COVID-19
DE-ST,00+,2022-09-24,2022-09-05,-19 day ahead inc hosp,quantile,0.025,128.25983222430898,COVID-19
DE-ST,00+,2022-09-24,2022-09-05,-19 day ahead inc hosp,quantile,0.1,128.52836460070793,COVID-19
DE-ST,00+,2022-09-24,2022-09-05,-19 day ahead inc hosp,quantile,0.25,128.93708872527037,COVID-19
DE-ST,00+,2022-09-24,2022-09-05,-19 day ahead inc hosp,quantile,0.5,130.0836093605901,COVID-19
DE-ST,00+,2022-09-24,2022-09-05,-19 day ahead inc hosp,quantile,0.75,131.2983087436038,COVID-19
DE-ST,00+,2022-09-24,2022-09-05,-19 day ahead inc hosp,quantile,0.9,132.11184259741907,COVID-19
DE-ST,00+,2022-09-24,2022-09-05,-19 day ahead inc hosp,quantile,0.975,132.77312228881513,COVID-19
DE-TH,00+,2022-09-24,2022-09-05,-19 day ahead inc hosp,mean,,143.65091413307067,COVID-19
DE-TH,00+,2022-09-24,2022-09-05,-19 day ahead inc hosp,quantile,0.025,142.80787266666667,COVID-19
DE-TH,00+,2022-09-24,2022-09-05,-19 day ahead inc hosp,quantile,0.1,143.11550840005685,COVID-19
DE-TH,00+,2022-09-24,2022-09-05,-19 day ahead inc hosp,quantile,0.25,143.3199379144931,COVID-19
DE-TH,00+,2022-09-24,2022-09-05,-19 day ahead inc hosp,quantile,0.5,143.5742228772914,COVID-19
DE-TH,00+,2022-09-24,2022-09-05,-19 day ahead inc hosp,quantile,0.75,144.0099887249636,COVID-19
DE-TH,00+,2022-09-24,2022-09-05,-19 day ahead inc hosp,quantile,0.9,144.26229435742093,COVID-19
DE-TH,00+,2022-09-24,2022-09-05,-19 day ahead inc hosp,quantile,0.975,144.72590546318048,COVID-19
DE,00+,2022-09-24,2022-09-06,-18 day ahead inc hosp,mean,,4135.26336435393,COVID-19
DE,00+,2022-09-24,2022-09-06,-18 day ahead inc hosp,quantile,0.025,4104.0698771338375,COVID-19
DE,00+,2022-09-24,2022-09-06,-18 day ahead inc hosp,quantile,0.1,4108.697360834983,COVID-19
DE,00+,2022-09-24,2022-09-06,-18 day ahead inc hosp,quantile,0.25,4113.90617333207,COVID-19
DE,00+,2022-09-24,2022-09-06,-18 day ahead inc hosp,quantile,0.5,4128.999791027944,COVID-19
DE,00+,2022-09-24,2022-09-06,-18 day ahead inc hosp,quantile,0.75,4154.653688819971,COVID-19
DE,00+,2022-09-24,2022-09-06,-18 day ahead inc hosp,quantile,0.9,4173.1324166846525,COVID-19
DE,00+,2022-09-24,2022-09-06,-18 day ahead inc hosp,quantile,0.975,4181.003776088682,COVID-19
DE,00-04,2022-09-24,2022-09-06,-18 day ahead inc hosp,mean,,145.90891791103832,COVID-19
DE,00-04,2022-09-24,2022-09-06,-18 day ahead inc hosp,quantile,0.025,144.16619874495288,COVID-19
DE,00-04,2022-09-24,2022-09-06,-18 day ahead inc hosp,quantile,0.1,144.34665444156315,COVID-19
DE,00-04,2022-09-24,2022-09-06,-18 day ahead inc hosp,quantile,0.25,144.7829745194972,COVID-19
DE,00-04,2022-09-24,2022-09-06,-18 day ahead inc hosp,quantile,0.5,145.26063617881462,COVID-19
DE,00-04,2022-09-24,2022-09-06,-18 day ahead inc hosp,quantile,0.75,146.69803974262476,COVID-19
DE,00-04,2022-09-24,2022-09-06,-18 day ahead inc hosp,quantile,0.9,148.43158428254947,COVID-19
DE,00-04,2022-09-24,2022-09-06,-18 day ahead inc hosp,quantile,0.975,149.5956453862529,COVID-19
DE,05-14,2022-09-24,2022-09-06,-18 day ahead inc hosp,mean,,50.21683088569381,COVID-19
DE,05-14,2022-09-24,2022-09-06,-18 day ahead inc hosp,quantile,0.025,48.89966596151261,COVID-19
DE,05-14,2022-09-24,2022-09-06,-18 day ahead inc hosp,quantile,0.1,49.527429600000005,COVID-19
DE,05-14,2022-09-24,2022-09-06,-18 day ahead inc hosp,quantile,0.25,49.527429600000005,COVID-19
DE,05-14,2022-09-24,2022-09-06,-18 day ahead inc hosp,quantile,0.5,49.99407834894882,COVID-19
DE,05-14,2022-09-24,2022-09-06,-18 day ahead inc hosp,quantile,0.75,50.26968850869566,COVID-19
DE,05-14,2022-09-24,2022-09-06,-18 day ahead inc hosp,quantile,0.9,51.378841377654965,COVID-19
DE,05-14,2022-09-24,2022-09-06,-18 day ahead inc hosp,quantile,0.975,53.12278422771193,COVID-19
DE,15-34,2022-09-24,2022-09-06,-18 day ahead inc hosp,mean,,324.07620360486794,COVID-19
DE,15-34,2022-09-24,2022-09-06,-18 day ahead inc hosp,quantile,0.025,318.13577484653445,COVID-19
DE,15-34,2022-09-24,2022-09-06,-18 day ahead inc hosp,quantile,0.1,318.9925237360199,COVID-19
DE,15-34,2022-09-24,2022-09-06,-18 day ahead inc hosp,quantile,0.25,321.0387880998268,COVID-19
DE,15-34,2022-09-24,2022-09-06,-18 day ahead inc hosp,quantile,0.5,324.3326750398127,COVID-19
DE,15-34,2022-09-24,2022-09-06,-18 day ahead inc hosp,quantile,0.75,327.32047042024806,COVID-19
DE,15-34,2022-09-24,2022-09-06,-18 day ahead inc hosp,quantile,0.9,328.62795170356327,COVID-19
DE,15-34,2022-09-24,2022-09-06,-18 day ahead inc hosp,quantile,0.975,329.35497975769937,COVID-19
DE,35-59,2022-09-24,2022-09-06,-18 day ahead inc hosp,mean,,660.5074143863043,COVID-19
DE,35-59,2022-09-24,2022-09-06,-18 day ahead inc hosp,quantile,0.025,650.6283832935725,COVID-19
DE,35-59,2022-09-24,2022-09-06,-18 day ahead inc hosp,quantile,0.1,651.5538861671207,COVID-19
DE,35-59,2022-09-24,2022-09-06,-18 day ahead inc hosp,quantile,0.25,653.3814683208464,COVID-19
DE,35-59,2022-09-24,2022-09-06,-18 day ahead inc hosp,quantile,0.5,657.9040868908028,COVID-19
DE,35-59,2022-09-24,2022-09-06,-18 day ahead inc hosp,quantile,0.75,667.3936695537114,COVID-19
DE,35-59,2022-09-24,2022-09-06,-18 day ahead inc hosp,quantile,0.9,672.813160956429,COVID-19
DE,35-59,2022-09-24,2022-09-06,-18 day ahead inc hosp,quantile,0.975,673.919560255255,COVID-19
DE,60-79,2022-09-24,2022-09-06,-18 day ahead inc hosp,mean,,1436.1747211228799,COVID-19
DE,60-79,2022-09-24,2022-09-06,-18 day ahead inc hosp,quantile,0.025,1427.4729131976712,COVID-19
DE,60-79,2022-09-24,2022-09-06,-18 day ahead inc hosp,quantile,0.1,1429.3367243331913,COVID-19
DE,60-79,2022-09-24,2022-09-06,-18 day ahead inc hosp,quantile,0.25,1431.4513805459835,COVID-19
DE,60-79,2022-09-24,2022-09-06,-18 day ahead inc hosp,quantile,0.5,1434.7280090114975,COVID-19
DE,60-79,2022-09-24,2022-09-06,-18 day ahead inc hosp,quantile,0.75,1441.507842352352,COVID-19
DE,60-79,2022-09-24,2022-09-06,-18 day ahead inc hosp,quantile,0.9,1444.4950900425001,COVID-19
DE,60-79,2022-09-24,2022-09-06,-18 day ahead inc hosp,quantile,0.975,1448.069641532632,COVID-19
DE,80+,2022-09-24,2022-09-06,-18 day ahead inc hosp,mean,,1472.7486575580083,COVID-19
DE,80+,2022-09-24,2022-09-06,-18 day ahead inc hosp,quantile,0.025,1458.9091707032278,COVID-19
DE,80+,2022-09-24,2022-09-06,-18 day ahead inc hosp,quantile,0.1,1462.6632223710535,COVID-19
DE,80+,2022-09-24,2022-09-06,-18 day ahead inc hosp,quantile,0.25,1465.4649385337427,COVID-19
DE,80+,2022-09-24,2022-09-06,-18 day ahead inc hosp,quantile,0.5,1470.935961898966,COVID-19
DE,80+,2022-09-24,2022-09-06,-18 day ahead inc hosp,quantile,0.75,1478.4573304850599,COVID-19
DE,80+,2022-09-24,2022-09-06,-18 day ahead inc hosp,quantile,0.9,1485.1310725782778,COVID-19
DE,80+,2022-09-24,2022-09-06,-18 day ahead inc hosp,quantile,0.975,1492.7107294341247,COVID-19
DE-BB,00+,2022-09-24,2022-09-06,-18 day ahead inc hosp,mean,,146.8295011865603,COVID-19
DE-BB,00+,2022-09-24,2022-09-06,-18 day ahead inc hosp,quantile,0.025,145.14914447602916,COVID-19
DE-BB,00+,2022-09-24,2022-09-06,-18 day ahead inc hosp,quantile,0.1,145.2278471596757,COVID-19
DE-BB,00+,2022-09-24,2022-09-06,-18 day ahead inc hosp,quantile,0.25,145.96414855110064,COVID-19
DE-BB,00+,2022-09-24,2022-09-06,-18 day ahead inc hosp,quantile,0.5,146.9163070532127,COVID-19
DE-BB,00+,2022-09-24,2022-09-06,-18 day ahead inc hosp,quantile,0.75,147.60761373830047,COVID-19
DE-BB,00+,2022-09-24,2022-09-06,-18 day ahead inc hosp,quantile,0.9,148.11535098937023,COVID-19
DE-BB,00+,2022-09-24,2022-09-06,-18 day ahead inc hosp,quantile,0.975,148.951630658144,COVID-19
DE-BE,00+,2022-09-24,2022-09-06,-18 day ahead inc hosp,mean,,123.50138644662056,COVID-19
DE-BE,00+,2022-09-24,2022-09-06,-18 day ahead inc hosp,quantile,0.025,119.13215379590608,COVID-19
DE-BE,00+,2022-09-24,2022-09-06,-18 day ahead inc hosp,quantile,0.1,119.61593309714256,COVID-19
DE-BE,00+,2022-09-24,2022-09-06,-18 day ahead inc hosp,quantile,0.25,120.24313781966518,COVID-19
DE-BE,00+,2022-09-24,2022-09-06,-18 day ahead inc hosp,quantile,0.5,121.85141037848855,COVID-19
DE-BE,00+,2022-09-24,2022-09-06,-18 day ahead inc hosp,quantile,0.75,125.37317132511285,COVID-19
DE-BE,00+,2022-09-24,2022-09-06,-18 day ahead inc hosp,quantile,0.9,130.23697766789476,COVID-19
DE-BE,00+,2022-09-24,2022-09-06,-18 day ahead inc hosp,quantile,0.975,132.0586117979803,COVID-19
DE-BW,00+,2022-09-24,2022-09-06,-18 day ahead inc hosp,mean,,303.6958549899118,COVID-19
DE-BW,00+,2022-09-24,2022-09-06,-18 day ahead inc hosp,quantile,0.025,299.16850035256147,COVID-19
DE-BW,00+,2022-09-24,2022-09-06,-18 day ahead inc hosp,quantile,0.1,300.368019899355,COVID-19
DE-BW,00+,2022-09-24,2022-09-06,-18 day ahead inc hosp,quantile,0.25,301.5491609901763,COVID-19
DE-BW,00+,2022-09-24,2022-09-06,-18 day ahead inc hosp,quantile,0.5,303.1494761455143,COVID-19
DE-BW,00+,2022-09-24,2022-09-06,-18 day ahead inc hosp,quantile,0.75,304.9798919940769,COVID-19
DE-BW,00+,2022-09-24,2022-09-06,-18 day ahead inc hosp,quantile,0.9,307.710223387489,COVID-19
DE-BW,00+,2022-09-24,2022-09-06,-18 day ahead inc hosp,quantile,0.975,310.83560743327183,COVID-19
DE-BY,00+,2022-09-24,2022-09-06,-18 day ahead inc hosp,mean,,806.3555543491418,COVID-19
DE-BY,00+,2022-09-24,2022-09-06,-18 day ahead inc hosp,quantile,0.025,798.378794707405,COVID-19
DE-BY,00+,2022-09-24,2022-09-06,-18 day ahead inc hosp,quantile,0.1,800.4423514953445,COVID-19
DE-BY,00+,2022-09-24,2022-09-06,-18 day ahead inc hosp,quantile,0.25,803.4265922529817,COVID-19
DE-BY,00+,2022-09-24,2022-09-06,-18 day ahead inc hosp,quantile,0.5,805.7212683777447,COVID-19
DE-BY,00+,2022-09-24,2022-09-06,-18 day ahead inc hosp,quantile,0.75,810.4672451685767,COVID-19
DE-BY,00+,2022-09-24,2022-09-06,-18 day ahead inc hosp,quantile,0.9,811.7032234990123,COVID-19
DE-BY,00+,2022-09-24,2022-09-06,-18 day ahead inc hosp,quantile,0.975,813.3529721007334,COVID-19
DE-HB,00+,2022-09-24,2022-09-06,-18 day ahead inc hosp,mean,,15.40826366667141,COVID-19
DE-HB,00+,2022-09-24,2022-09-06,-18 day ahead inc hosp,quantile,0.025,13.621422231211364,COVID-19
DE-HB,00+,2022-09-24,2022-09-06,-18 day ahead inc hosp,quantile,0.1,14.332260294304602,COVID-19
DE-HB,00+,2022-09-24,2022-09-06,-18 day ahead inc hosp,quantile,0.25,15.074619,COVID-19
DE-HB,00+,2022-09-24,2022-09-06,-18 day ahead inc hosp,quantile,0.5,15.074619,COVID-19
DE-HB,00+,2022-09-24,2022-09-06,-18 day ahead inc hosp,quantile,0.75,16.26453034888195,COVID-19
DE-HB,00+,2022-09-24,2022-09-06,-18 day ahead inc hosp,quantile,0.9,16.749576666666666,COVID-19
DE-HB,00+,2022-09-24,2022-09-06,-18 day ahead inc hosp,quantile,0.975,16.958946375,COVID-19
DE-HE,00+,2022-09-24,2022-09-06,-18 day ahead inc hosp,mean,,286.4507799628662,COVID-19
DE-HE,00+,2022-09-24,2022-09-06,-18 day ahead inc hosp,quantile,0.025,276.0250124272207,COVID-19
DE-HE,00+,2022-09-24,2022-09-06,-18 day ahead inc hosp,quantile,0.1,276.3288536904822,COVID-19
DE-HE,00+,2022-09-24,2022-09-06,-18 day ahead inc hosp,quantile,0.25,277.5856505883156,COVID-19
DE-HE,00+,2022-09-24,2022-09-06,-18 day ahead inc hosp,quantile,0.5,279.2839623891509,COVID-19
DE-HE,00+,2022-09-24,2022-09-06,-18 day ahead inc hosp,quantile,0.75,297.68381930687633,COVID-19
DE-HE,00+,2022-09-24,2022-09-06,-18 day ahead inc hosp,quantile,0.9,302.370813862357,COVID-19
DE-HE,00+,2022-09-24,2022-09-06,-18 day ahead inc hosp,quantile,0.975,306.33211167712886,COVID-19
DE-HH,00+,2022-09-24,2022-09-06,-18 day ahead inc hosp,mean,,64.52482530194786,COVID-19
DE-HH,00+,2022-09-24,2022-09-06,-18 day ahead inc hosp,quantile,0.025,62.86413307767499,COVID-19
DE-HH,00+,2022-09-24,2022-09-06,-18 day ahead inc hosp,quantile,0.1,63.13342198026127,COVID-19
DE-HH,00+,2022-09-24,2022-09-06,-18 day ahead inc hosp,quantile,0.25,63.42272556498946,COVID-19
DE-HH,00+,2022-09-24,2022-09-06,-18 day ahead inc hosp,quantile,0.5,64.09629699328666,COVID-19
DE-HH,00+,2022-09-24,2022-09-06,-18 day ahead inc hosp,quantile,0.75,65.24657592724637,COVID-19
DE-HH,00+,2022-09-24,2022-09-06,-18 day ahead inc hosp,quantile,0.9,66.94791219977607,COVID-19
DE-HH,00+,2022-09-24,2022-09-06,-18 day ahead inc hosp,quantile,0.975,67.73614909643982,COVID-19
DE-MV,00+,2022-09-24,2022-09-06,-18 day ahead inc hosp,mean,,115.04851856718993,COVID-19
DE-MV,00+,2022-09-24,2022-09-06,-18 day ahead inc hosp,quantile,0.025,111.04832012858401,COVID-19
DE-MV,00+,2022-09-24,2022-09-06,-18 day ahead inc hosp,quantile,0.1,112.28720279362884,COVID-19
DE-MV,00+,2022-09-24,2022-09-06,-18 day ahead inc hosp,quantile,0.25,114.43005383333332,COVID-19
DE-MV,00+,2022-09-24,2022-09-06,-18 day ahead inc hosp,quantile,0.5,115.3360003812889,COVID-19
DE-MV,00+,2022-09-24,2022-09-06,-18 day ahead inc hosp,quantile,0.75,116.36300626259808,COVID-19
DE-MV,00+,2022-09-24,2022-09-06,-18 day ahead inc hosp,quantile,0.9,117.10410298200043,COVID-19
DE-MV,00+,2022-09-24,2022-09-06,-18 day ahead inc hosp,quantile,0.975,117.55739090181095,COVID-19
DE-NI,00+,2022-09-24,2022-09-06,-18 day ahead inc hosp,mean,,241.5034299146203,COVID-19
DE-NI,00+,2022-09-24,2022-09-06,-18 day ahead inc hosp,quantile,0.025,238.05953027406989,COVID-19
DE-NI,00+,2022-09-24,2022-09-06,-18 day ahead inc hosp,quantile,0.1,238.78843461145712,COVID-19
DE-NI,00+,2022-09-24,2022-09-06,-18 day ahead inc hosp,quantile,0.25,239.40949394412698,COVID-19
DE-NI,00+,2022-09-24,2022-09-06,-18 day ahead inc hosp,quantile,0.5,240.59072817047112,COVID-19
DE-NI,00+,2022-09-24,2022-09-06,-18 day ahead inc hosp,quantile,0.75,243.95448405693028,COVID-19
DE-NI,00+,2022-09-24,2022-09-06,-18 day ahead inc hosp,quantile,0.9,244.85163160396118,COVID-19
DE-NI,00+,2022-09-24,2022-09-06,-18 day ahead inc hosp,quantile,0.975,246.23636333883138,COVID-19
DE-NW,00+,2022-09-24,2022-09-06,-18 day ahead inc hosp,mean,,1182.4213439492298,COVID-19
DE-NW,00+,2022-09-24,2022-09-06,-18 day ahead inc hosp,quantile,0.025,1175.9131297226006,COVID-19
DE-NW,00+,2022-09-24,2022-09-06,-18 day ahead inc hosp,quantile,0.1,1177.2786661460696,COVID-19
DE-NW,00+,2022-09-24,2022-09-06,-18 day ahead inc hosp,quantile,0.25,1179.0862907016638,COVID-19
DE-NW,00+,2022-09-24,2022-09-06,-18 day ahead inc hosp,quantile,0.5,1181.1062162718893,COVID-19
DE-NW,00+,2022-09-24,2022-09-06,-18 day ahead inc hosp,quantile,0.75,1184.8343620867,COVID-19
DE-NW,00+,2022-09-24,2022-09-06,-18 day ahead inc hosp,quantile,0.9,1189.2411973575186,COVID-19
DE-NW,00+,2022-09-24,2022-09-06,-18 day ahead inc hosp,quantile,0.975,1193.5232667770506,COVID-19
DE-RP,00+,2022-09-24,2022-09-06,-18 day ahead inc hosp,mean,,193.45904845690995,COVID-19
DE-RP,00+,2022-09-24,2022-09-06,-18 day ahead inc hosp,quantile,0.025,189.71037770737775,COVID-19
DE-RP,00+,2022-09-24,2022-09-06,-18 day ahead inc hosp,quantile,0.1,190.31277018939747,COVID-19
DE-RP,00+,2022-09-24,2022-09-06,-18 day ahead inc hosp,quantile,0.25,191.27479244598248,COVID-19
DE-RP,00+,2022-09-24,2022-09-06,-18 day ahead inc hosp,quantile,0.5,192.58411162534605,COVID-19
DE-RP,00+,2022-09-24,2022-09-06,-18 day ahead inc hosp,quantile,0.75,195.8601929277684,COVID-19
DE-RP,00+,2022-09-24,2022-09-06,-18 day ahead inc hosp,quantile,0.9,197.2547627974198,COVID-19
DE-RP,00+,2022-09-24,2022-09-06,-18 day ahead inc hosp,quantile,0.975,198.3590621810379,COVID-19
DE-SH,00+,2022-09-24,2022-09-06,-18 day ahead inc hosp,mean,,158.14446160659378,COVID-19
DE-SH,00+,2022-09-24,2022-09-06,-18 day ahead inc hosp,quantile,0.025,156.74624330746647,COVID-19
DE-SH,00+,2022-09-24,2022-09-06,-18 day ahead inc hosp,quantile,0.1,156.92406905934612,COVID-19
DE-SH,00+,2022-09-24,2022-09-06,-18 day ahead inc hosp,quantile,0.25,157.41742022713177,COVID-19
DE-SH,00+,2022-09-24,2022-09-06,-18 day ahead inc hosp,quantile,0.5,157.85530077272077,COVID-19
DE-SH,00+,2022-09-24,2022-09-06,-18 day ahead inc hosp,quantile,0.75,158.64875875459316,COVID-19
DE-SH,00+,2022-09-24,2022-09-06,-18 day ahead inc hosp,quantile,0.9,159.66636312456632,COVID-19
DE-SH,00+,2022-09-24,2022-09-06,-18 day ahead inc hosp,quantile,0.975,160.92995842658206,COVID-19
DE-SL,00+,2022-09-24,2022-09-06,-18 day ahead inc hosp,mean,,60.291185671882104,COVID-19
DE-SL,00+,2022-09-24,2022-09-06,-18 day ahead inc hosp,quantile,0.025,59.1971416,COVID-19
DE-SL,00+,2022-09-24,2022-09-06,-18 day ahead inc hosp,quantile,0.1,59.1971416,COVID-19
DE-SL,00+,2022-09-24,2022-09-06,-18 day ahead inc hosp,quantile,0.25,59.698815848651265,COVID-19
DE-SL,00+,2022-09-24,2022-09-06,-18 day ahead inc hosp,quantile,0.5,60.045240731969166,COVID-19
DE-SL,00+,2022-09-24,2022-09-06,-18 day ahead inc hosp,quantile,0.75,60.81186457977962,COVID-19
DE-SL,00+,2022-09-24,2022-09-06,-18 day ahead inc hosp,quantile,0.9,61.434933162355264,COVID-19
DE-SL,00+,2022-09-24,2022-09-06,-18 day ahead inc hosp,quantile,0.975,62.37886141327337,COVID-19
DE-SN,00+,2022-09-24,2022-09-06,-18 day ahead inc hosp,mean,,178.8537282224144,COVID-19
DE-SN,00+,2022-09-24,2022-09-06,-18 day ahead inc hosp,quantile,0.025,176.61321426300125,COVID-19
DE-SN,00+,2022-09-24,2022-09-06,-18 day ahead inc hosp,quantile,0.1,177.15615663818792,COVID-19
DE-SN,00+,2022-09-24,2022-09-06,-18 day ahead inc hosp,quantile,0.25,177.8460040036117,COVID-19
DE-SN,00+,2022-09-24,2022-09-06,-18 day ahead inc hosp,quantile,0.5,178.7278682789085,COVID-19
DE-SN,00+,2022-09-24,2022-09-06,-18 day ahead inc hosp,quantile,0.75,180.0168663700369,COVID-19
DE-SN,00+,2022-09-24,2022-09-06,-18 day ahead inc hosp,quantile,0.9,180.64964099385364,COVID-19
DE-SN,00+,2022-09-24,2022-09-06,-18 day ahead inc hosp,quantile,0.975,180.98051749439742,COVID-19
DE-ST,00+,2022-09-24,2022-09-06,-18 day ahead inc hosp,mean,,125.60815167213168,COVID-19
DE-ST,00+,2022-09-24,2022-09-06,-18 day ahead inc hosp,quantile,0.025,123.44181855564153,COVID-19
DE-ST,00+,2022-09-24,2022-09-06,-18 day ahead inc hosp,quantile,0.1,123.76810891403927,COVID-19
DE-ST,00+,2022-09-24,2022-09-06,-18 day ahead inc hosp,quantile,0.25,124.21978067436682,COVID-19
DE-ST,00+,2022-09-24,2022-09-06,-18 day ahead inc hosp,quantile,0.5,125.45809275715969,COVID-19
DE-ST,00+,2022-09-24,2022-09-06,-18 day ahead inc hosp,quantile,0.75,126.67770423288881,COVID-19
DE-ST,00+,2022-09-24,2022-09-06,-18 day ahead inc hosp,quantile,0.9,127.54159677068229,COVID-19
DE-ST,00+,2022-09-24,2022-09-06,-18 day ahead inc hosp,quantile,0.975,128.59159757764135,COVID-19
DE-TH,00+,2022-09-24,2022-09-06,-18 day ahead inc hosp,mean,,139.04716287583673,COVID-19
DE-TH,00+,2022-09-24,2022-09-06,-18 day ahead inc hosp,quantile,0.025,138.18340733458334,COVID-19
DE-TH,00+,2022-09-24,2022-09-06,-18 day ahead inc hosp,quantile,0.1,138.5368286124502,COVID-19
DE-TH,00+,2022-09-24,2022-09-06,-18 day ahead inc hosp,quantile,0.25,138.57521885791328,COVID-19
DE-TH,00+,2022-09-24,2022-09-06,-18 day ahead inc hosp,quantile,0.5,138.94575825322178,COVID-19
DE-TH,00+,2022-09-24,2022-09-06,-18 day ahead inc hosp,quantile,0.75,139.53436849245557,COVID-19
DE-TH,00+,2022-09-24,2022-09-06,-18 day ahead inc hosp,quantile,0.9,139.83614244207945,COVID-19
DE-TH,00+,2022-09-24,2022-09-06,-18 day ahead inc hosp,quantile,0.975,140.2847233327016,COVID-19
DE,00+,2022-09-24,2022-09-07,-17 day ahead inc hosp,mean,,4097.388296560021,COVID-19
DE,00+,2022-09-24,2022-09-07,-17 day ahead inc hosp,quantile,0.025,4061.419202360101,COVID-19
DE,00+,2022-09-24,2022-09-07,-17 day ahead inc hosp,quantile,0.1,4067.0893861052846,COVID-19
DE,00+,2022-09-24,2022-09-07,-17 day ahead inc hosp,quantile,0.25,4073.962901385477,COVID-19
DE,00+,2022-09-24,2022-09-07,-17 day ahead inc hosp,quantile,0.5,4090.5692294620167,COVID-19
DE,00+,2022-09-24,2022-09-07,-17 day ahead inc hosp,quantile,0.75,4119.102922632104,COVID-19
DE,00+,2022-09-24,2022-09-07,-17 day ahead inc hosp,quantile,0.9,4137.32293918415,COVID-19
DE,00+,2022-09-24,2022-09-07,-17 day ahead inc hosp,quantile,0.975,4149.294881466411,COVID-19
DE,00-04,2022-09-24,2022-09-07,-17 day ahead inc hosp,mean,,144.08373293832042,COVID-19
DE,00-04,2022-09-24,2022-09-07,-17 day ahead inc hosp,quantile,0.025,142.32606984937198,COVID-19
DE,00-04,2022-09-24,2022-09-07,-17 day ahead inc hosp,quantile,0.1,142.50830445125538,COVID-19
DE,00-04,2022-09-24,2022-09-07,-17 day ahead inc hosp,quantile,0.25,142.83528496098222,COVID-19
DE,00-04,2022-09-24,2022-09-07,-17 day ahead inc hosp,quantile,0.5,143.31950859783814,COVID-19
DE,00-04,2022-09-24,2022-09-07,-17 day ahead inc hosp,quantile,0.75,145.0539335709745,COVID-19
DE,00-04,2022-09-24,2022-09-07,-17 day ahead inc hosp,quantile,0.9,147.05466022314468,COVID-19
DE,00-04,2022-09-24,2022-09-07,-17 day ahead inc hosp,quantile,0.975,147.77262021281732,COVID-19
DE,05-14,2022-09-24,2022-09-07,-17 day ahead inc hosp,mean,,53.33686115226383,COVID-19
DE,05-14,2022-09-24,2022-09-07,-17 day ahead inc hosp,quantile,0.025,51.86328208039215,COVID-19
DE,05-14,2022-09-24,2022-09-07,-17 day ahead inc hosp,quantile,0.1,52.529092,COVID-19
DE,05-14,2022-09-24,2022-09-07,-17 day ahead inc hosp,quantile,0.25,52.529092,COVID-19
DE,05-14,2022-09-24,2022-09-07,-17 day ahead inc hosp,quantile,0.5,53.0648826602687,COVID-19
DE,05-14,2022-09-24,2022-09-07,-17 day ahead inc hosp,quantile,0.75,53.4983837966182,COVID-19
DE,05-14,2022-09-24,2022-09-07,-17 day ahead inc hosp,quantile,0.9,54.761293379484485,COVID-19
DE,05-14,2022-09-24,2022-09-07,-17 day ahead inc hosp,quantile,0.975,56.71655897939067,COVID-19
DE,15-34,2022-09-24,2022-09-07,-17 day ahead inc hosp,mean,,322.7969910272182,COVID-19
DE,15-34,2022-09-24,2022-09-07,-17 day ahead inc hosp,quantile,0.025,316.48663981894197,COVID-19
DE,15-34,2022-09-24,2022-09-07,-17 day ahead inc hosp,quantile,0.1,317.7142989508616,COVID-19
DE,15-34,2022-09-24,2022-09-07,-17 day ahead inc hosp,quantile,0.25,319.8257787647492,COVID-19
DE,15-34,2022-09-24,2022-09-07,-17 day ahead inc hosp,quantile,0.5,322.9984863086819,COVID-19
DE,15-34,2022-09-24,2022-09-07,-17 day ahead inc hosp,quantile,0.75,326.1308507050295,COVID-19
DE,15-34,2022-09-24,2022-09-07,-17 day ahead inc hosp,quantile,0.9,327.39895035312446,COVID-19
DE,15-34,2022-09-24,2022-09-07,-17 day ahead inc hosp,quantile,0.975,328.0066828848208,COVID-19
DE,35-59,2022-09-24,2022-09-07,-17 day ahead inc hosp,mean,,658.5580922102031,COVID-19
DE,35-59,2022-09-24,2022-09-07,-17 day ahead inc hosp,quantile,0.025,647.9690822994598,COVID-19
DE,35-59,2022-09-24,2022-09-07,-17 day ahead inc hosp,quantile,0.1,648.6705595183726,COVID-19
DE,35-59,2022-09-24,2022-09-07,-17 day ahead inc hosp,quantile,0.25,650.3172958410727,COVID-19
DE,35-59,2022-09-24,2022-09-07,-17 day ahead inc hosp,quantile,0.5,655.2514593681808,COVID-19
DE,35-59,2022-09-24,2022-09-07,-17 day ahead inc hosp,quantile,0.75,667.20474443345,COVID-19
DE,35-59,2022-09-24,2022-09-07,-17 day ahead inc hosp,quantile,0.9,670.8764137835109,COVID-19
DE,35-59,2022-09-24,2022-09-07,-17 day ahead inc hosp,quantile,0.975,672.7798266320957,COVID-19
DE,60-79,2022-09-24,2022-09-07,-17 day ahead inc hosp,mean,,1408.8911605807234,COVID-19
DE,60-79,2022-09-24,2022-09-07,-17 day ahead inc hosp,quantile,0.025,1398.377934197038,COVID-19
DE,60-79,2022-09-24,2022-09-07,-17 day ahead inc hosp,quantile,0.1,1401.5412599336228,COVID-19
DE,60-79,2022-09-24,2022-09-07,-17 day ahead inc hosp,quantile,0.25,1403.988726970221,COVID-19
DE,60-79,2022-09-24,2022-09-07,-17 day ahead inc hosp,quantile,0.5,1407.3090012669409,COVID-19
DE,60-79,2022-09-24,2022-09-07,-17 day ahead inc hosp,quantile,0.75,1414.0785991531693,COVID-19
DE,60-79,2022-09-24,2022-09-07,-17 day ahead inc hosp,quantile,0.9,1418.33309962446,COVID-19
DE,60-79,2022-09-24,2022-09-07,-17 day ahead inc hosp,quantile,0.975,1422.525007269371,COVID-19
DE,80+,2022-09-24,2022-09-07,-17 day ahead inc hosp,mean,,1464.9803798779253,COVID-19
DE,80+,2022-09-24,2022-09-07,-17 day ahead inc hosp,quantile,0.025,1450.4187043371082,COVID-19
DE,80+,2022-09-24,2022-09-07,-17 day ahead inc hosp,quantile,0.1,1454.017169510939,COVID-19
DE,80+,2022-09-24,2022-09-07,-17 day ahead inc hosp,quantile,0.25,1456.710867813602,COVID-19
DE,80+,2022-09-24,2022-09-07,-17 day ahead inc hosp,quantile,0.5,1463.009669382459,COVID-19
DE,80+,2022-09-24,2022-09-07,-17 day ahead inc hosp,quantile,0.75,1471.3136757781049,COVID-19
DE,80+,2022-09-24,2022-09-07,-17 day ahead inc hosp,quantile,0.9,1478.1633891371507,COVID-19
DE,80+,2022-09-24,2022-09-07,-17 day ahead inc hosp,quantile,0.975,1488.1569820715886,COVID-19
DE-BB,00+,2022-09-24,2022-09-07,-17 day ahead inc hosp,mean,,142.43481431187746,COVID-19
DE-BB,00+,2022-09-24,2022-09-07,-17 day ahead inc hosp,quantile,0.025,140.56541857195268,COVID-19
DE-BB,00+,2022-09-24,2022-09-07,-17 day ahead inc hosp,quantile,0.1,140.74876004024023,COVID-19
DE-BB,00+,2022-09-24,2022-09-07,-17 day ahead inc hosp,quantile,0.25,141.6849314692851,COVID-19
DE-BB,00+,2022-09-24,2022-09-07,-17 day ahead inc hosp,quantile,0.5,142.44201319293998,COVID-19
DE-BB,00+,2022-09-24,2022-09-07,-17 day ahead inc hosp,quantile,0.75,143.26197137002836,COVID-19
DE-BB,00+,2022-09-24,2022-09-07,-17 day ahead inc hosp,quantile,0.9,143.90304799127583,COVID-19
DE-BB,00+,2022-09-24,2022-09-07,-17 day ahead inc hosp,quantile,0.975,144.57163326314515,COVID-19
DE-BE,00+,2022-09-24,2022-09-07,-17 day ahead inc hosp,mean,,129.1299055564396,COVID-19
DE-BE,00+,2022-09-24,2022-09-07,-17 day ahead inc hosp,quantile,0.025,124.06652660416893,COVID-19
DE-BE,00+,2022-09-24,2022-09-07,-17 day ahead inc hosp,quantile,0.1,124.59781697568577,COVID-19
DE-BE,00+,2022-09-24,2022-09-07,-17 day ahead inc hosp,quantile,0.25,125.44645364940025,COVID-19
DE-BE,00+,2022-09-24,2022-09-07,-17 day ahead inc hosp,quantile,0.5,127.14119168808719,COVID-19
DE-BE,00+,2022-09-24,2022-09-07,-17 day ahead inc hosp,quantile,0.75,130.56975900117024,COVID-19
DE-BE,00+,2022-09-24,2022-09-07,-17 day ahead inc hosp,quantile,0.9,137.2109309275657,COVID-19
DE-BE,00+,2022-09-24,2022-09-07,-17 day ahead inc hosp,quantile,0.975,139.76640180977304,COVID-19
DE-BW,00+,2022-09-24,2022-09-07,-17 day ahead inc hosp,mean,,294.7871734737092,COVID-19
DE-BW,00+,2022-09-24,2022-09-07,-17 day ahead inc hosp,quantile,0.025,290.57141361567176,COVID-19
DE-BW,00+,2022-09-24,2022-09-07,-17 day ahead inc hosp,quantile,0.1,291.3539179949574,COVID-19
DE-BW,00+,2022-09-24,2022-09-07,-17 day ahead inc hosp,quantile,0.25,292.44184623743683,COVID-19
DE-BW,00+,2022-09-24,2022-09-07,-17 day ahead inc hosp,quantile,0.5,294.41182137020087,COVID-19
DE-BW,00+,2022-09-24,2022-09-07,-17 day ahead inc hosp,quantile,0.75,296.5503274619798,COVID-19
DE-BW,00+,2022-09-24,2022-09-07,-17 day ahead inc hosp,quantile,0.9,298.7557078547897,COVID-19
DE-BW,00+,2022-09-24,2022-09-07,-17 day ahead inc hosp,quantile,0.975,301.1686098067156,COVID-19
DE-BY,00+,2022-09-24,2022-09-07,-17 day ahead inc hosp,mean,,791.9552784849782,COVID-19
DE-BY,00+,2022-09-24,2022-09-07,-17 day ahead inc hosp,quantile,0.025,782.931363463843,COVID-19
DE-BY,00+,2022-09-24,2022-09-07,-17 day ahead inc hosp,quantile,0.1,786.1098417366652,COVID-19
DE-BY,00+,2022-09-24,2022-09-07,-17 day ahead inc hosp,quantile,0.25,789.122322171105,COVID-19
DE-BY,00+,2022-09-24,2022-09-07,-17 day ahead inc hosp,quantile,0.5,791.7319244520708,COVID-19
DE-BY,00+,2022-09-24,2022-09-07,-17 day ahead inc hosp,quantile,0.75,795.7014683543468,COVID-19
DE-BY,00+,2022-09-24,2022-09-07,-17 day ahead inc hosp,quantile,0.9,797.2868525130884,COVID-19
DE-BY,00+,2022-09-24,2022-09-07,-17 day ahead inc hosp,quantile,0.975,799.25179090185,COVID-19
DE-HB,00+,2022-09-24,2022-09-07,-17 day ahead inc hosp,mean,,17.858543273262864,COVID-19
DE-HB,00+,2022-09-24,2022-09-07,-17 day ahead inc hosp,quantile,0.025,15.948252072481203,COVID-19
DE-HB,00+,2022-09-24,2022-09-07,-17 day ahead inc hosp,quantile,0.1,16.52557328097127,COVID-19
DE-HB,00+,2022-09-24,2022-09-07,-17 day ahead inc hosp,quantile,0.25,17.432153399999997,COVID-19
DE-HB,00+,2022-09-24,2022-09-07,-17 day ahead inc hosp,quantile,0.5,17.432153399999997,COVID-19
DE-HB,00+,2022-09-24,2022-09-07,-17 day ahead inc hosp,quantile,0.75,18.83068404512255,COVID-19
DE-HB,00+,2022-09-24,2022-09-07,-17 day ahead inc hosp,quantile,0.9,19.369059333333333,COVID-19
DE-HB,00+,2022-09-24,2022-09-07,-17 day ahead inc hosp,quantile,0.975,19.611172575,COVID-19
DE-HE,00+,2022-09-24,2022-09-07,-17 day ahead inc hosp,mean,,285.2403008926768,COVID-19
DE-HE,00+,2022-09-24,2022-09-07,-17 day ahead inc hosp,quantile,0.025,273.4613492911632,COVID-19
DE-HE,00+,2022-09-24,2022-09-07,-17 day ahead inc hosp,quantile,0.1,273.8312040724542,COVID-19
DE-HE,00+,2022-09-24,2022-09-07,-17 day ahead inc hosp,quantile,0.25,274.97773866477775,COVID-19
DE-HE,00+,2022-09-24,2022-09-07,-17 day ahead inc hosp,quantile,0.5,277.46383749806984,COVID-19
DE-HE,00+,2022-09-24,2022-09-07,-17 day ahead inc hosp,quantile,0.75,296.70307602806406,COVID-19
DE-HE,00+,2022-09-24,2022-09-07,-17 day ahead inc hosp,quantile,0.9,301.81844317270503,COVID-19
DE-HE,00+,2022-09-24,2022-09-07,-17 day ahead inc hosp,quantile,0.975,307.85400172621706,COVID-19
DE-HH,00+,2022-09-24,2022-09-07,-17 day ahead inc hosp,mean,,56.87213681479644,COVID-19
DE-HH,00+,2022-09-24,2022-09-07,-17 day ahead inc hosp,quantile,0.025,55.29753949868622,COVID-19
DE-HH,00+,2022-09-24,2022-09-07,-17 day ahead inc hosp,quantile,0.1,55.549592397247515,COVID-19
DE-HH,00+,2022-09-24,2022-09-07,-17 day ahead inc hosp,quantile,0.25,55.86076645183844,COVID-19
DE-HH,00+,2022-09-24,2022-09-07,-17 day ahead inc hosp,quantile,0.5,56.47454189875911,COVID-19
DE-HH,00+,2022-09-24,2022-09-07,-17 day ahead inc hosp,quantile,0.75,57.59210105742216,COVID-19
DE-HH,00+,2022-09-24,2022-09-07,-17 day ahead inc hosp,quantile,0.9,59.131604042615244,COVID-19
DE-HH,00+,2022-09-24,2022-09-07,-17 day ahead inc hosp,quantile,0.975,59.57136016033607,COVID-19
DE-MV,00+,2022-09-24,2022-09-07,-17 day ahead inc hosp,mean,,119.07284754571889,COVID-19
DE-MV,00+,2022-09-24,2022-09-07,-17 day ahead inc hosp,quantile,0.025,114.91905761775746,COVID-19
DE-MV,00+,2022-09-24,2022-09-07,-17 day ahead inc hosp,quantile,0.1,116.30521211432183,COVID-19
DE-MV,00+,2022-09-24,2022-09-07,-17 day ahead inc hosp,quantile,0.25,118.41866616666667,COVID-19
DE-MV,00+,2022-09-24,2022-09-07,-17 day ahead inc hosp,quantile,0.5,119.42965451891672,COVID-19
DE-MV,00+,2022-09-24,2022-09-07,-17 day ahead inc hosp,quantile,0.75,120.44492157039657,COVID-19
DE-MV,00+,2022-09-24,2022-09-07,-17 day ahead inc hosp,quantile,0.9,121.18172124098591,COVID-19
DE-MV,00+,2022-09-24,2022-09-07,-17 day ahead inc hosp,quantile,0.975,121.72218914639652,COVID-19
DE-NI,00+,2022-09-24,2022-09-07,-17 day ahead inc hosp,mean,,241.6013329121747,COVID-19
DE-NI,00+,2022-09-24,2022-09-07,-17 day ahead inc hosp,quantile,0.025,238.10441097619463,COVID-19
DE-NI,00+,2022-09-24,2022-09-07,-17 day ahead inc hosp,quantile,0.1,238.75233716505943,COVID-19
DE-NI,00+,2022-09-24,2022-09-07,-17 day ahead inc hosp,quantile,0.25,239.68210159162604,COVID-19
DE-NI,00+,2022-09-24,2022-09-07,-17 day ahead inc hosp,quantile,0.5,240.8988339109255,COVID-19
DE-NI,00+,2022-09-24,2022-09-07,-17 day ahead inc hosp,quantile,0.75,243.76657080449507,COVID-19
DE-NI,00+,2022-09-24,2022-09-07,-17 day ahead inc hosp,quantile,0.9,244.87664378749864,COVID-19
DE-NI,00+,2022-09-24,2022-09-07,-17 day ahead inc hosp,quantile,0.975,246.05495283002642,COVID-19
DE-NW,00+,2022-09-24,2022-09-07,-17 day ahead inc hosp,mean,,1164.9774390807656,COVID-19
DE-NW,00+,2022-09-24,2022-09-07,-17 day ahead inc hosp,quantile,0.025,1157.3922308833687,COVID-19
DE-NW,00+,2022-09-24,2022-09-07,-17 day ahead inc hosp,quantile,0.1,1158.7325277527839,COVID-19
DE-NW,00+,2022-09-24,2022-09-07,-17 day ahead inc hosp,quantile,0.25,1161.1038492972793,COVID-19
DE-NW,00+,2022-09-24,2022-09-07,-17 day ahead inc hosp,quantile,0.5,1163.2988688632063,COVID-19
DE-NW,00+,2022-09-24,2022-09-07,-17 day ahead inc hosp,quantile,0.75,1167.9127243507205,COVID-19
DE-NW,00+,2022-09-24,2022-09-07,-17 day ahead inc hosp,quantile,0.9,1173.5065831284169,COVID-19
DE-NW,00+,2022-09-24,2022-09-07,-17 day ahead inc hosp,quantile,0.975,1178.4703719978688,COVID-19
DE-RP,00+,2022-09-24,2022-09-07,-17 day ahead inc hosp,mean,,191.1715992420493,COVID-19
DE-RP,00+,2022-09-24,2022-09-07,-17 day ahead inc hosp,quantile,0.025,186.84272358822275,COVID-19
DE-RP,00+,2022-09-24,2022-09-07,-17 day ahead inc hosp,quantile,0.1,187.9582590498876,COVID-19
DE-RP,00+,2022-09-24,2022-09-07,-17 day ahead inc hosp,quantile,0.25,188.94907463393073,COVID-19
DE-RP,00+,2022-09-24,2022-09-07,-17 day ahead inc hosp,quantile,0.5,190.27086272000997,COVID-19
DE-RP,00+,2022-09-24,2022-09-07,-17 day ahead inc hosp,quantile,0.75,193.75142571495383,COVID-19
DE-RP,00+,2022-09-24,2022-09-07,-17 day ahead inc hosp,quantile,0.9,195.09516655367622,COVID-19
DE-RP,00+,2022-09-24,2022-09-07,-17 day ahead inc hosp,quantile,0.975,196.37825961640118,COVID-19
DE-SH,00+,2022-09-24,2022-09-07,-17 day ahead inc hosp,mean,,157.14457599205213,COVID-19
DE-SH,00+,2022-09-24,2022-09-07,-17 day ahead inc hosp,quantile,0.025,155.74282582445178,COVID-19
DE-SH,00+,2022-09-24,2022-09-07,-17 day ahead inc hosp,quantile,0.1,156.0052793591258,COVID-19
DE-SH,00+,2022-09-24,2022-09-07,-17 day ahead inc hosp,quantile,0.25,156.38691839792614,COVID-19
DE-SH,00+,2022-09-24,2022-09-07,-17 day ahead inc hosp,quantile,0.5,156.78882166298087,COVID-19
DE-SH,00+,2022-09-24,2022-09-07,-17 day ahead inc hosp,quantile,0.75,157.69727448962448,COVID-19
DE-SH,00+,2022-09-24,2022-09-07,-17 day ahead inc hosp,quantile,0.9,158.71921777329248,COVID-19
DE-SH,00+,2022-09-24,2022-09-07,-17 day ahead inc hosp,quantile,0.975,159.91883679271476,COVID-19
DE-SL,00+,2022-09-24,2022-09-07,-17 day ahead inc hosp,mean,,61.54927924972638,COVID-19
DE-SL,00+,2022-09-24,2022-09-07,-17 day ahead inc hosp,quantile,0.025,60.215516400000006,COVID-19
DE-SL,00+,2022-09-24,2022-09-07,-17 day ahead inc hosp,quantile,0.1,60.215516400000006,COVID-19
DE-SL,00+,2022-09-24,2022-09-07,-17 day ahead inc hosp,quantile,0.25,60.79307935108308,COVID-19
DE-SL,00+,2022-09-24,2022-09-07,-17 day ahead inc hosp,quantile,0.5,61.31382563166132,COVID-19
DE-SL,00+,2022-09-24,2022-09-07,-17 day ahead inc hosp,quantile,0.75,62.14848117073702,COVID-19
DE-SL,00+,2022-09-24,2022-09-07,-17 day ahead inc hosp,quantile,0.9,63.05722063861862,COVID-19
DE-SL,00+,2022-09-24,2022-09-07,-17 day ahead inc hosp,quantile,0.975,63.82039548328985,COVID-19
DE-SN,00+,2022-09-24,2022-09-07,-17 day ahead inc hosp,mean,,188.41510576016478,COVID-19
DE-SN,00+,2022-09-24,2022-09-07,-17 day ahead inc hosp,quantile,0.025,185.70713213992673,COVID-19
DE-SN,00+,2022-09-24,2022-09-07,-17 day ahead inc hosp,quantile,0.1,186.41767546319676,COVID-19
DE-SN,00+,2022-09-24,2022-09-07,-17 day ahead inc hosp,quantile,0.25,187.00555607731846,COVID-19
DE-SN,00+,2022-09-24,2022-09-07,-17 day ahead inc hosp,quantile,0.5,188.32964136486316,COVID-19
DE-SN,00+,2022-09-24,2022-09-07,-17 day ahead inc hosp,quantile,0.75,189.44124493548725,COVID-19
DE-SN,00+,2022-09-24,2022-09-07,-17 day ahead inc hosp,quantile,0.9,190.4974974066449,COVID-19
DE-SN,00+,2022-09-24,2022-09-07,-17 day ahead inc hosp,quantile,0.975,192.58081154606592,COVID-19
DE-ST,00+,2022-09-24,2022-09-07,-17 day ahead inc hosp,mean,,123.55080526518418,COVID-19
DE-ST,00+,2022-09-24,2022-09-07,-17 day ahead inc hosp,quantile,0.025,121.02701186858681,COVID-19
DE-ST,00+,2022-09-24,2022-09-07,-17 day ahead inc hosp,quantile,0.1,121.448161246278,COVID-19
DE-ST,00+,2022-09-24,2022-09-07,-17 day ahead inc hosp,quantile,0.25,122.06911485285163,COVID-19
DE-ST,00+,2022-09-24,2022-09-07,-17 day ahead inc hosp,quantile,0.5,123.40253864254237,COVID-19
DE-ST,00+,2022-09-24,2022-09-07,-17 day ahead inc hosp,quantile,0.75,124.54696994031775,COVID-19
DE-ST,00+,2022-09-24,2022-09-07,-17 day ahead inc hosp,quantile,0.9,125.60784917069425,COVID-19
DE-ST,00+,2022-09-24,2022-09-07,-17 day ahead inc hosp,quantile,0.975,127.51108366556535,COVID-19
DE-TH,00+,2022-09-24,2022-09-07,-17 day ahead inc hosp,mean,,137.54547637166687,COVID-19
DE-TH,00+,2022-09-24,2022-09-07,-17 day ahead inc hosp,quantile,0.025,136.64468550279466,COVID-19
DE-TH,00+,2022-09-24,2022-09-07,-17 day ahead inc hosp,quantile,0.1,136.85578237538627,COVID-19
DE-TH,00+,2022-09-24,2022-09-07,-17 day ahead inc hosp,quantile,0.25,136.8793232854888,COVID-19
DE-TH,00+,2022-09-24,2022-09-07,-17 day ahead inc hosp,quantile,0.5,137.30309525903365,COVID-19
DE-TH,00+,2022-09-24,2022-09-07,-17 day ahead inc hosp,quantile,0.75,138.17291820757276,COVID-19
DE-TH,00+,2022-09-24,2022-09-07,-17 day ahead inc hosp,quantile,0.9,138.69285118371852,COVID-19
DE-TH,00+,2022-09-24,2022-09-07,-17 day ahead inc hosp,quantile,0.975,139.08036232911724,COVID-19
DE,00+,2022-09-24,2022-09-08,-16 day ahead inc hosp,mean,,4069.5701543382706,COVID-19
DE,00+,2022-09-24,2022-09-08,-16 day ahead inc hosp,quantile,0.025,4030.278390182236,COVID-19
DE,00+,2022-09-24,2022-09-08,-16 day ahead inc hosp,quantile,0.1,4036.2818707526353,COVID-19
DE,00+,2022-09-24,2022-09-08,-16 day ahead inc hosp,quantile,0.25,4044.2266895289854,COVID-19
DE,00+,2022-09-24,2022-09-08,-16 day ahead inc hosp,quantile,0.5,4062.8529737260574,COVID-19
DE,00+,2022-09-24,2022-09-08,-16 day ahead inc hosp,quantile,0.75,4091.8802881580486,COVID-19
DE,00+,2022-09-24,2022-09-08,-16 day ahead inc hosp,quantile,0.9,4111.066484370435,COVID-19
DE,00+,2022-09-24,2022-09-08,-16 day ahead inc hosp,quantile,0.975,4127.350040964011,COVID-19
DE,00-04,2022-09-24,2022-09-08,-16 day ahead inc hosp,mean,,144.00993674783393,COVID-19
DE,00-04,2022-09-24,2022-09-08,-16 day ahead inc hosp,quantile,0.025,142.16354556960144,COVID-19
DE,00-04,2022-09-24,2022-09-08,-16 day ahead inc hosp,quantile,0.1,142.39966764750415,COVID-19
DE,00-04,2022-09-24,2022-09-08,-16 day ahead inc hosp,quantile,0.25,142.5835871581358,COVID-19
DE,00-04,2022-09-24,2022-09-08,-16 day ahead inc hosp,quantile,0.5,143.23762403417885,COVID-19
DE,00-04,2022-09-24,2022-09-08,-16 day ahead inc hosp,quantile,0.75,145.26840857296347,COVID-19
DE,00-04,2022-09-24,2022-09-08,-16 day ahead inc hosp,quantile,0.9,147.04085265381536,COVID-19
DE,00-04,2022-09-24,2022-09-08,-16 day ahead inc hosp,quantile,0.975,147.57439145753636,COVID-19
DE,05-14,2022-09-24,2022-09-08,-16 day ahead inc hosp,mean,,55.9621649057611,COVID-19
DE,05-14,2022-09-24,2022-09-08,-16 day ahead inc hosp,quantile,0.025,54.51168511052288,COVID-19
DE,05-14,2022-09-24,2022-09-08,-16 day ahead inc hosp,quantile,0.1,55.03047733333334,COVID-19
DE,05-14,2022-09-24,2022-09-08,-16 day ahead inc hosp,quantile,0.25,55.03047733333334,COVID-19
DE,05-14,2022-09-24,2022-09-08,-16 day ahead inc hosp,quantile,0.5,55.65504610267923,COVID-19
DE,05-14,2022-09-24,2022-09-08,-16 day ahead inc hosp,quantile,0.75,56.25137586771965,COVID-19
DE,05-14,2022-09-24,2022-09-08,-16 day ahead inc hosp,quantile,0.9,57.646901312243656,COVID-19
DE,05-14,2022-09-24,2022-09-08,-16 day ahead inc hosp,quantile,0.975,59.417347502218796,COVID-19
DE,15-34,2022-09-24,2022-09-08,-16 day ahead inc hosp,mean,,328.01559144628806,COVID-19
DE,15-34,2022-09-24,2022-09-08,-16 day ahead inc hosp,quantile,0.025,321.3771147428372,COVID-19
DE,15-34,2022-09-24,2022-09-08,-16 day ahead inc hosp,quantile,0.1,323.04804604795834,COVID-19
DE,15-34,2022-09-24,2022-09-08,-16 day ahead inc hosp,quantile,0.25,324.9558536481435,COVID-19
DE,15-34,2022-09-24,2022-09-08,-16 day ahead inc hosp,quantile,0.5,328.2448647662079,COVID-19
DE,15-34,2022-09-24,2022-09-08,-16 day ahead inc hosp,quantile,0.75,331.3667637262451,COVID-19
DE,15-34,2022-09-24,2022-09-08,-16 day ahead inc hosp,quantile,0.9,332.63277956732423,COVID-19
DE,15-34,2022-09-24,2022-09-08,-16 day ahead inc hosp,quantile,0.975,333.659035532257,COVID-19
DE,35-59,2022-09-24,2022-09-08,-16 day ahead inc hosp,mean,,647.9407424260418,COVID-19
DE,35-59,2022-09-24,2022-09-08,-16 day ahead inc hosp,quantile,0.025,636.6503887430043,COVID-19
DE,35-59,2022-09-24,2022-09-08,-16 day ahead inc hosp,quantile,0.1,637.1486237851874,COVID-19
DE,35-59,2022-09-24,2022-09-08,-16 day ahead inc hosp,quantile,0.25,639.163609458513,COVID-19
DE,35-59,2022-09-24,2022-09-08,-16 day ahead inc hosp,quantile,0.5,645.0595344648985,COVID-19
DE,35-59,2022-09-24,2022-09-08,-16 day ahead inc hosp,quantile,0.75,656.9940764860143,COVID-19
DE,35-59,2022-09-24,2022-09-08,-16 day ahead inc hosp,quantile,0.9,659.9765726464153,COVID-19
DE,35-59,2022-09-24,2022-09-08,-16 day ahead inc hosp,quantile,0.975,662.4454327387933,COVID-19
DE,60-79,2022-09-24,2022-09-08,-16 day ahead inc hosp,mean,,1372.7933482633764,COVID-19
DE,60-79,2022-09-24,2022-09-08,-16 day ahead inc hosp,quantile,0.025,1361.3046935960404,COVID-19
DE,60-79,2022-09-24,2022-09-08,-16 day ahead inc hosp,quantile,0.1,1365.1093118650679,COVID-19
DE,60-79,2022-09-24,2022-09-08,-16 day ahead inc hosp,quantile,0.25,1367.4580848573123,COVID-19
DE,60-79,2022-09-24,2022-09-08,-16 day ahead inc hosp,quantile,0.5,1371.4341005981921,COVID-19
DE,60-79,2022-09-24,2022-09-08,-16 day ahead inc hosp,quantile,0.75,1377.8589382936148,COVID-19
DE,60-79,2022-09-24,2022-09-08,-16 day ahead inc hosp,quantile,0.9,1382.3054533019874,COVID-19
DE,60-79,2022-09-24,2022-09-08,-16 day ahead inc hosp,quantile,0.975,1388.1005857690698,COVID-19
DE,80+,2022-09-24,2022-09-08,-16 day ahead inc hosp,mean,,1475.005786904063,COVID-19
DE,80+,2022-09-24,2022-09-08,-16 day ahead inc hosp,quantile,0.025,1459.5284573975475,COVID-19
DE,80+,2022-09-24,2022-09-08,-16 day ahead inc hosp,quantile,0.1,1462.5658555029122,COVID-19
DE,80+,2022-09-24,2022-09-08,-16 day ahead inc hosp,quantile,0.25,1465.704826084664,COVID-19
DE,80+,2022-09-24,2022-09-08,-16 day ahead inc hosp,quantile,0.5,1472.8678495716763,COVID-19
DE,80+,2022-09-24,2022-09-08,-16 day ahead inc hosp,quantile,0.75,1481.462618904198,COVID-19
DE,80+,2022-09-24,2022-09-08,-16 day ahead inc hosp,quantile,0.9,1490.0769213490596,COVID-19
DE,80+,2022-09-24,2022-09-08,-16 day ahead inc hosp,quantile,0.975,1501.4534406192352,COVID-19
DE-BB,00+,2022-09-24,2022-09-08,-16 day ahead inc hosp,mean,,140.4576283971605,COVID-19
DE-BB,00+,2022-09-24,2022-09-08,-16 day ahead inc hosp,quantile,0.025,138.3238645222606,COVID-19
DE-BB,00+,2022-09-24,2022-09-08,-16 day ahead inc hosp,quantile,0.1,138.84383698269897,COVID-19
DE-BB,00+,2022-09-24,2022-09-08,-16 day ahead inc hosp,quantile,0.25,139.72660082829162,COVID-19
DE-BB,00+,2022-09-24,2022-09-08,-16 day ahead inc hosp,quantile,0.5,140.4115727790478,COVID-19
DE-BB,00+,2022-09-24,2022-09-08,-16 day ahead inc hosp,quantile,0.75,141.3869235630955,COVID-19
DE-BB,00+,2022-09-24,2022-09-08,-16 day ahead inc hosp,quantile,0.9,142.02045887668066,COVID-19
DE-BB,00+,2022-09-24,2022-09-08,-16 day ahead inc hosp,quantile,0.975,142.48283079027868,COVID-19
DE-BE,00+,2022-09-24,2022-09-08,-16 day ahead inc hosp,mean,,133.00184283975355,COVID-19
DE-BE,00+,2022-09-24,2022-09-08,-16 day ahead inc hosp,quantile,0.025,127.40486249182585,COVID-19
DE-BE,00+,2022-09-24,2022-09-08,-16 day ahead inc hosp,quantile,0.1,128.21360268166163,COVID-19
DE-BE,00+,2022-09-24,2022-09-08,-16 day ahead inc hosp,quantile,0.25,128.97604592760166,COVID-19
DE-BE,00+,2022-09-24,2022-09-08,-16 day ahead inc hosp,quantile,0.5,130.62218695509335,COVID-19
DE-BE,00+,2022-09-24,2022-09-08,-16 day ahead inc hosp,quantile,0.75,134.2470241725022,COVID-19
DE-BE,00+,2022-09-24,2022-09-08,-16 day ahead inc hosp,quantile,0.9,141.75782634451195,COVID-19
DE-BE,00+,2022-09-24,2022-09-08,-16 day ahead inc hosp,quantile,0.975,145.99607533208143,COVID-19
DE-BW,00+,2022-09-24,2022-09-08,-16 day ahead inc hosp,mean,,284.40319784721714,COVID-19
DE-BW,00+,2022-09-24,2022-09-08,-16 day ahead inc hosp,quantile,0.025,280.2108104058933,COVID-19
DE-BW,00+,2022-09-24,2022-09-08,-16 day ahead inc hosp,quantile,0.1,280.95288733095975,COVID-19
DE-BW,00+,2022-09-24,2022-09-08,-16 day ahead inc hosp,quantile,0.25,281.81393181316554,COVID-19
DE-BW,00+,2022-09-24,2022-09-08,-16 day ahead inc hosp,quantile,0.5,284.36829705108164,COVID-19
DE-BW,00+,2022-09-24,2022-09-08,-16 day ahead inc hosp,quantile,0.75,286.26738249255936,COVID-19
DE-BW,00+,2022-09-24,2022-09-08,-16 day ahead inc hosp,quantile,0.9,288.11238277776425,COVID-19
DE-BW,00+,2022-09-24,2022-09-08,-16 day ahead inc hosp,quantile,0.975,289.9559383630099,COVID-19
DE-BY,00+,2022-09-24,2022-09-08,-16 day ahead inc hosp,mean,,778.7021400780416,COVID-19
DE-BY,00+,2022-09-24,2022-09-08,-16 day ahead inc hosp,quantile,0.025,768.8841364837537,COVID-19
DE-BY,00+,2022-09-24,2022-09-08,-16 day ahead inc hosp,quantile,0.1,772.7454835410712,COVID-19
DE-BY,00+,2022-09-24,2022-09-08,-16 day ahead inc hosp,quantile,0.25,775.7116677112756,COVID-19
DE-BY,00+,2022-09-24,2022-09-08,-16 day ahead inc hosp,quantile,0.5,778.778926932758,COVID-19
DE-BY,00+,2022-09-24,2022-09-08,-16 day ahead inc hosp,quantile,0.75,782.2013027596356,COVID-19
DE-BY,00+,2022-09-24,2022-09-08,-16 day ahead inc hosp,quantile,0.9,784.2417816059469,COVID-19
DE-BY,00+,2022-09-24,2022-09-08,-16 day ahead inc hosp,quantile,0.975,787.1010814685991,COVID-19
DE-HB,00+,2022-09-24,2022-09-08,-16 day ahead inc hosp,mean,,21.709245097968033,COVID-19
DE-HB,00+,2022-09-24,2022-09-08,-16 day ahead inc hosp,quantile,0.025,19.507527803040936,COVID-19
DE-HB,00+,2022-09-24,2022-09-08,-16 day ahead inc hosp,quantile,0.1,19.997207123099415,COVID-19
DE-HB,00+,2022-09-24,2022-09-08,-16 day ahead inc hosp,quantile,0.25,21.127135199999998,COVID-19
DE-HB,00+,2022-09-24,2022-09-08,-16 day ahead inc hosp,quantile,0.5,21.127135199999998,COVID-19
DE-HB,00+,2022-09-24,2022-09-08,-16 day ahead inc hosp,quantile,0.75,22.836748290576107,COVID-19
DE-HB,00+,2022-09-24,2022-09-08,-16 day ahead inc hosp,quantile,0.9,23.47459466666667,COVID-19
DE-HB,00+,2022-09-24,2022-09-08,-16 day ahead inc hosp,quantile,0.975,23.7680271,COVID-19
DE-HE,00+,2022-09-24,2022-09-08,-16 day ahead inc hosp,mean,,283.31794178726005,COVID-19
DE-HE,00+,2022-09-24,2022-09-08,-16 day ahead inc hosp,quantile,0.025,270.339738757342,COVID-19
DE-HE,00+,2022-09-24,2022-09-08,-16 day ahead inc hosp,quantile,0.1,270.6857462291696,COVID-19
DE-HE,00+,2022-09-24,2022-09-08,-16 day ahead inc hosp,quantile,0.25,271.46916706551633,COVID-19
DE-HE,00+,2022-09-24,2022-09-08,-16 day ahead inc hosp,quantile,0.5,275.459592911431,COVID-19
DE-HE,00+,2022-09-24,2022-09-08,-16 day ahead inc hosp,quantile,0.75,294.45536642581686,COVID-19
DE-HE,00+,2022-09-24,2022-09-08,-16 day ahead inc hosp,quantile,0.9,300.6582937631507,COVID-19
DE-HE,00+,2022-09-24,2022-09-08,-16 day ahead inc hosp,quantile,0.975,308.23421165156407,COVID-19
DE-HH,00+,2022-09-24,2022-09-08,-16 day ahead inc hosp,mean,,52.685569332394934,COVID-19
DE-HH,00+,2022-09-24,2022-09-08,-16 day ahead inc hosp,quantile,0.025,51.17881394324474,COVID-19
DE-HH,00+,2022-09-24,2022-09-08,-16 day ahead inc hosp,quantile,0.1,51.33611946885505,COVID-19
DE-HH,00+,2022-09-24,2022-09-08,-16 day ahead inc hosp,quantile,0.25,51.70082356007265,COVID-19
DE-HH,00+,2022-09-24,2022-09-08,-16 day ahead inc hosp,quantile,0.5,52.328987810975285,COVID-19
DE-HH,00+,2022-09-24,2022-09-08,-16 day ahead inc hosp,quantile,0.75,53.511415527046324,COVID-19
DE-HH,00+,2022-09-24,2022-09-08,-16 day ahead inc hosp,quantile,0.9,54.62512975864834,COVID-19
DE-HH,00+,2022-09-24,2022-09-08,-16 day ahead inc hosp,quantile,0.975,54.900346265062936,COVID-19
DE-MV,00+,2022-09-24,2022-09-08,-16 day ahead inc hosp,mean,,121.82573824701238,COVID-19
DE-MV,00+,2022-09-24,2022-09-08,-16 day ahead inc hosp,quantile,0.025,117.53442078611789,COVID-19
DE-MV,00+,2022-09-24,2022-09-08,-16 day ahead inc hosp,quantile,0.1,119.06941185462311,COVID-19
DE-MV,00+,2022-09-24,2022-09-08,-16 day ahead inc hosp,quantile,0.25,121.1136745,COVID-19
DE-MV,00+,2022-09-24,2022-09-08,-16 day ahead inc hosp,quantile,0.5,122.30907160694682,COVID-19
DE-MV,00+,2022-09-24,2022-09-08,-16 day ahead inc hosp,quantile,0.75,123.21153409439727,COVID-19
DE-MV,00+,2022-09-24,2022-09-08,-16 day ahead inc hosp,quantile,0.9,123.78131955654405,COVID-19
DE-MV,00+,2022-09-24,2022-09-08,-16 day ahead inc hosp,quantile,0.975,124.35968019503991,COVID-19
DE-NI,00+,2022-09-24,2022-09-08,-16 day ahead inc hosp,mean,,239.29519284316248,COVID-19
DE-NI,00+,2022-09-24,2022-09-08,-16 day ahead inc hosp,quantile,0.025,235.63158677186013,COVID-19
DE-NI,00+,2022-09-24,2022-09-08,-16 day ahead inc hosp,quantile,0.1,236.26199977250508,COVID-19
DE-NI,00+,2022-09-24,2022-09-08,-16 day ahead inc hosp,quantile,0.25,237.4130817309579,COVID-19
DE-NI,00+,2022-09-24,2022-09-08,-16 day ahead inc hosp,quantile,0.5,238.82290786091087,COVID-19
DE-NI,00+,2022-09-24,2022-09-08,-16 day ahead inc hosp,quantile,0.75,241.14023929384206,COVID-19
DE-NI,00+,2022-09-24,2022-09-08,-16 day ahead inc hosp,quantile,0.9,242.3851906509377,COVID-19
DE-NI,00+,2022-09-24,2022-09-08,-16 day ahead inc hosp,quantile,0.975,243.79631546582232,COVID-19
DE-NW,00+,2022-09-24,2022-09-08,-16 day ahead inc hosp,mean,,1155.1838849817862,COVID-19
DE-NW,00+,2022-09-24,2022-09-08,-16 day ahead inc hosp,quantile,0.025,1146.7682704640752,COVID-19
DE-NW,00+,2022-09-24,2022-09-08,-16 day ahead inc hosp,quantile,0.1,1148.179244376027,COVID-19
DE-NW,00+,2022-09-24,2022-09-08,-16 day ahead inc hosp,quantile,0.25,1150.3340481316677,COVID-19
DE-NW,00+,2022-09-24,2022-09-08,-16 day ahead inc hosp,quantile,0.5,1153.5489709242806,COVID-19
DE-NW,00+,2022-09-24,2022-09-08,-16 day ahead inc hosp,quantile,0.75,1158.4237390218511,COVID-19
DE-NW,00+,2022-09-24,2022-09-08,-16 day ahead inc hosp,quantile,0.9,1165.0348364068245,COVID-19
DE-NW,00+,2022-09-24,2022-09-08,-16 day ahead inc hosp,quantile,0.975,1169.8743810671888,COVID-19
DE-RP,00+,2022-09-24,2022-09-08,-16 day ahead inc hosp,mean,,191.15248614914248,COVID-19
DE-RP,00+,2022-09-24,2022-09-08,-16 day ahead inc hosp,quantile,0.025,186.41638659368846,COVID-19
DE-RP,00+,2022-09-24,2022-09-08,-16 day ahead inc hosp,quantile,0.1,187.69938371309948,COVID-19
DE-RP,00+,2022-09-24,2022-09-08,-16 day ahead inc hosp,quantile,0.25,188.88080519534327,COVID-19
DE-RP,00+,2022-09-24,2022-09-08,-16 day ahead inc hosp,quantile,0.5,190.51411804369903,COVID-19
DE-RP,00+,2022-09-24,2022-09-08,-16 day ahead inc hosp,quantile,0.75,193.78302751327473,COVID-19
DE-RP,00+,2022-09-24,2022-09-08,-16 day ahead inc hosp,quantile,0.9,195.34520868050544,COVID-19
DE-RP,00+,2022-09-24,2022-09-08,-16 day ahead inc hosp,quantile,0.975,196.6341273683734,COVID-19
DE-SH,00+,2022-09-24,2022-09-08,-16 day ahead inc hosp,mean,,153.08196336936382,COVID-19
DE-SH,00+,2022-09-24,2022-09-08,-16 day ahead inc hosp,quantile,0.025,151.5961666856289,COVID-19
DE-SH,00+,2022-09-24,2022-09-08,-16 day ahead inc hosp,quantile,0.1,151.83882126442643,COVID-19
DE-SH,00+,2022-09-24,2022-09-08,-16 day ahead inc hosp,quantile,0.25,152.25716961517858,COVID-19
DE-SH,00+,2022-09-24,2022-09-08,-16 day ahead inc hosp,quantile,0.5,152.7581904611897,COVID-19
DE-SH,00+,2022-09-24,2022-09-08,-16 day ahead inc hosp,quantile,0.75,153.72268694242294,COVID-19
DE-SH,00+,2022-09-24,2022-09-08,-16 day ahead inc hosp,quantile,0.9,154.8306450978944,COVID-19
DE-SH,00+,2022-09-24,2022-09-08,-16 day ahead inc hosp,quantile,0.975,155.6698471669123,COVID-19
DE-SL,00+,2022-09-24,2022-09-08,-16 day ahead inc hosp,mean,,62.83105916201943,COVID-19
DE-SL,00+,2022-09-24,2022-09-08,-16 day ahead inc hosp,quantile,0.025,61.233891199999995,COVID-19
DE-SL,00+,2022-09-24,2022-09-08,-16 day ahead inc hosp,quantile,0.1,61.34852989496775,COVID-19
DE-SL,00+,2022-09-24,2022-09-08,-16 day ahead inc hosp,quantile,0.25,62.009444208989706,COVID-19
DE-SL,00+,2022-09-24,2022-09-08,-16 day ahead inc hosp,quantile,0.5,62.61973452067485,COVID-19
DE-SL,00+,2022-09-24,2022-09-08,-16 day ahead inc hosp,quantile,0.75,63.48468429803634,COVID-19
DE-SL,00+,2022-09-24,2022-09-08,-16 day ahead inc hosp,quantile,0.9,64.55960937146745,COVID-19
DE-SL,00+,2022-09-24,2022-09-08,-16 day ahead inc hosp,quantile,0.975,65.19165165156824,COVID-19
DE-SN,00+,2022-09-24,2022-09-08,-16 day ahead inc hosp,mean,,199.05243939288843,COVID-19
DE-SN,00+,2022-09-24,2022-09-08,-16 day ahead inc hosp,quantile,0.025,195.81072538832623,COVID-19
DE-SN,00+,2022-09-24,2022-09-08,-16 day ahead inc hosp,quantile,0.1,196.39670290728307,COVID-19
DE-SN,00+,2022-09-24,2022-09-08,-16 day ahead inc hosp,quantile,0.25,197.31293892805866,COVID-19
DE-SN,00+,2022-09-24,2022-09-08,-16 day ahead inc hosp,quantile,0.5,198.84527086675985,COVID-19
DE-SN,00+,2022-09-24,2022-09-08,-16 day ahead inc hosp,quantile,0.75,199.87223272420698,COVID-19
DE-SN,00+,2022-09-24,2022-09-08,-16 day ahead inc hosp,quantile,0.9,201.6263922202573,COVID-19
DE-SN,00+,2022-09-24,2022-09-08,-16 day ahead inc hosp,quantile,0.975,205.73774444139966,COVID-19
DE-ST,00+,2022-09-24,2022-09-08,-16 day ahead inc hosp,mean,,122.96633401081465,COVID-19
DE-ST,00+,2022-09-24,2022-09-08,-16 day ahead inc hosp,quantile,0.025,120.07317746561885,COVID-19
DE-ST,00+,2022-09-24,2022-09-08,-16 day ahead inc hosp,quantile,0.1,120.47491721114076,COVID-19
DE-ST,00+,2022-09-24,2022-09-08,-16 day ahead inc hosp,quantile,0.25,121.3619682907005,COVID-19
DE-ST,00+,2022-09-24,2022-09-08,-16 day ahead inc hosp,quantile,0.5,122.73917284111816,COVID-19
DE-ST,00+,2022-09-24,2022-09-08,-16 day ahead inc hosp,quantile,0.75,123.78230810319364,COVID-19
DE-ST,00+,2022-09-24,2022-09-08,-16 day ahead inc hosp,quantile,0.9,125.49751538000378,COVID-19
DE-ST,00+,2022-09-24,2022-09-08,-16 day ahead inc hosp,quantile,0.975,128.3481626736437,COVID-19
DE-TH,00+,2022-09-24,2022-09-08,-16 day ahead inc hosp,mean,,135.44788718062142,COVID-19
DE-TH,00+,2022-09-24,2022-09-08,-16 day ahead inc hosp,quantile,0.025,134.4650001866372,COVID-19
DE-TH,00+,2022-09-24,2022-09-08,-16 day ahead inc hosp,quantile,0.1,134.51740618324195,COVID-19
DE-TH,00+,2022-09-24,2022-09-08,-16 day ahead inc hosp,quantile,0.25,134.5762499827674,COVID-19
DE-TH,00+,2022-09-24,2022-09-08,-16 day ahead inc hosp,quantile,0.5,135.12103844166077,COVID-19
DE-TH,00+,2022-09-24,2022-09-08,-16 day ahead inc hosp,quantile,0.75,136.1096111439128,COVID-19
DE-TH,00+,2022-09-24,2022-09-08,-16 day ahead inc hosp,quantile,0.9,136.83834116265012,COVID-19
DE-TH,00+,2022-09-24,2022-09-08,-16 day ahead inc hosp,quantile,0.975,137.5046078389763,COVID-19
DE,00+,2022-09-24,2022-09-09,-15 day ahead inc hosp,mean,,4095.0245401628276,COVID-19
DE,00+,2022-09-24,2022-09-09,-15 day ahead inc hosp,quantile,0.025,4051.1924781531825,COVID-19
DE,00+,2022-09-24,2022-09-09,-15 day ahead inc hosp,quantile,0.1,4058.239005659738,COVID-19
DE,00+,2022-09-24,2022-09-09,-15 day ahead inc hosp,quantile,0.25,4067.8429870026825,COVID-19
DE,00+,2022-09-24,2022-09-09,-15 day ahead inc hosp,quantile,0.5,4090.460887421746,COVID-19
DE,00+,2022-09-24,2022-09-09,-15 day ahead inc hosp,quantile,0.75,4118.424388953019,COVID-19
DE,00+,2022-09-24,2022-09-09,-15 day ahead inc hosp,quantile,0.9,4135.790812150128,COVID-19
DE,00+,2022-09-24,2022-09-09,-15 day ahead inc hosp,quantile,0.975,4160.051026595484,COVID-19
DE,00-04,2022-09-24,2022-09-09,-15 day ahead inc hosp,mean,,141.81812055643007,COVID-19
DE,00-04,2022-09-24,2022-09-09,-15 day ahead inc hosp,quantile,0.025,139.92466153197518,COVID-19
DE,00-04,2022-09-24,2022-09-09,-15 day ahead inc hosp,quantile,0.1,140.07396915177432,COVID-19
DE,00-04,2022-09-24,2022-09-09,-15 day ahead inc hosp,quantile,0.25,140.2851303581039,COVID-19
DE,00-04,2022-09-24,2022-09-09,-15 day ahead inc hosp,quantile,0.5,141.09362214437195,COVID-19
DE,00-04,2022-09-24,2022-09-09,-15 day ahead inc hosp,quantile,0.75,143.45811873481932,COVID-19
DE,00-04,2022-09-24,2022-09-09,-15 day ahead inc hosp,quantile,0.9,144.7827049625505,COVID-19
DE,00-04,2022-09-24,2022-09-09,-15 day ahead inc hosp,quantile,0.975,145.02995680234247,COVID-19
DE,05-14,2022-09-24,2022-09-09,-15 day ahead inc hosp,mean,,57.82351922287331,COVID-19
DE,05-14,2022-09-24,2022-09-09,-15 day ahead inc hosp,quantile,0.025,56.42859058098973,COVID-19
DE,05-14,2022-09-24,2022-09-09,-15 day ahead inc hosp,quantile,0.1,56.78144706666667,COVID-19
DE,05-14,2022-09-24,2022-09-09,-15 day ahead inc hosp,quantile,0.25,56.78144706666667,COVID-19
DE,05-14,2022-09-24,2022-09-09,-15 day ahead inc hosp,quantile,0.5,57.46523190809638,COVID-19
DE,05-14,2022-09-24,2022-09-09,-15 day ahead inc hosp,quantile,0.75,58.31375601172956,COVID-19
DE,05-14,2022-09-24,2022-09-09,-15 day ahead inc hosp,quantile,0.9,59.54925172260588,COVID-19
DE,05-14,2022-09-24,2022-09-09,-15 day ahead inc hosp,quantile,0.975,61.30789946819849,COVID-19
DE,15-34,2022-09-24,2022-09-09,-15 day ahead inc hosp,mean,,333.3356583048002,COVID-19
DE,15-34,2022-09-24,2022-09-09,-15 day ahead inc hosp,quantile,0.025,326.75683887845037,COVID-19
DE,15-34,2022-09-24,2022-09-09,-15 day ahead inc hosp,quantile,0.1,328.35735861282734,COVID-19
DE,15-34,2022-09-24,2022-09-09,-15 day ahead inc hosp,quantile,0.25,329.8257833335708,COVID-19
DE,15-34,2022-09-24,2022-09-09,-15 day ahead inc hosp,quantile,0.5,333.74123488515727,COVID-19
DE,15-34,2022-09-24,2022-09-09,-15 day ahead inc hosp,quantile,0.75,336.6566564645001,COVID-19
DE,15-34,2022-09-24,2022-09-09,-15 day ahead inc hosp,quantile,0.9,338.1469021212565,COVID-19
DE,15-34,2022-09-24,2022-09-09,-15 day ahead inc hosp,quantile,0.975,339.4040426991241,COVID-19
DE,35-59,2022-09-24,2022-09-09,-15 day ahead inc hosp,mean,,640.6215616352328,COVID-19
DE,35-59,2022-09-24,2022-09-09,-15 day ahead inc hosp,quantile,0.025,628.2060390984101,COVID-19
DE,35-59,2022-09-24,2022-09-09,-15 day ahead inc hosp,quantile,0.1,628.8951743170462,COVID-19
DE,35-59,2022-09-24,2022-09-09,-15 day ahead inc hosp,quantile,0.25,631.3593837901662,COVID-19
DE,35-59,2022-09-24,2022-09-09,-15 day ahead inc hosp,quantile,0.5,639.563954027811,COVID-19
DE,35-59,2022-09-24,2022-09-09,-15 day ahead inc hosp,quantile,0.75,649.969949487486,COVID-19
DE,35-59,2022-09-24,2022-09-09,-15 day ahead inc hosp,quantile,0.9,652.1504378680506,COVID-19
DE,35-59,2022-09-24,2022-09-09,-15 day ahead inc hosp,quantile,0.975,654.6793873369123,COVID-19
DE,60-79,2022-09-24,2022-09-09,-15 day ahead inc hosp,mean,,1370.901084626508,COVID-19
DE,60-79,2022-09-24,2022-09-09,-15 day ahead inc hosp,quantile,0.025,1358.0358885156984,COVID-19
DE,60-79,2022-09-24,2022-09-09,-15 day ahead inc hosp,quantile,0.1,1361.7749688365648,COVID-19
DE,60-79,2022-09-24,2022-09-09,-15 day ahead inc hosp,quantile,0.25,1364.618122470825,COVID-19
DE,60-79,2022-09-24,2022-09-09,-15 day ahead inc hosp,quantile,0.5,1370.2419308631956,COVID-19
DE,60-79,2022-09-24,2022-09-09,-15 day ahead inc hosp,quantile,0.75,1375.422278071332,COVID-19
DE,60-79,2022-09-24,2022-09-09,-15 day ahead inc hosp,quantile,0.9,1380.1281362144005,COVID-19
DE,60-79,2022-09-24,2022-09-09,-15 day ahead inc hosp,quantile,0.975,1390.0369144632627,COVID-19
DE,80+,2022-09-24,2022-09-09,-15 day ahead inc hosp,mean,,1505.1223370048724,COVID-19
DE,80+,2022-09-24,2022-09-09,-15 day ahead inc hosp,quantile,0.025,1488.9564543699062,COVID-19
DE,80+,2022-09-24,2022-09-09,-15 day ahead inc hosp,quantile,0.1,1491.2230328732594,COVID-19
DE,80+,2022-09-24,2022-09-09,-15 day ahead inc hosp,quantile,0.25,1494.7728039482056,COVID-19
DE,80+,2022-09-24,2022-09-09,-15 day ahead inc hosp,quantile,0.5,1502.8737218850752,COVID-19
DE,80+,2022-09-24,2022-09-09,-15 day ahead inc hosp,quantile,0.75,1513.209880910345,COVID-19
DE,80+,2022-09-24,2022-09-09,-15 day ahead inc hosp,quantile,0.9,1520.9223453579677,COVID-19
DE,80+,2022-09-24,2022-09-09,-15 day ahead inc hosp,quantile,0.975,1532.7648064310265,COVID-19
DE-BB,00+,2022-09-24,2022-09-09,-15 day ahead inc hosp,mean,,142.17509206855667,COVID-19
DE-BB,00+,2022-09-24,2022-09-09,-15 day ahead inc hosp,quantile,0.025,139.7956684911967,COVID-19
DE-BB,00+,2022-09-24,2022-09-09,-15 day ahead inc hosp,quantile,0.1,140.59037215849926,COVID-19
DE-BB,00+,2022-09-24,2022-09-09,-15 day ahead inc hosp,quantile,0.25,141.33867727261799,COVID-19
DE-BB,00+,2022-09-24,2022-09-09,-15 day ahead inc hosp,quantile,0.5,142.2388924514483,COVID-19
DE-BB,00+,2022-09-24,2022-09-09,-15 day ahead inc hosp,quantile,0.75,143.17717505510495,COVID-19
DE-BB,00+,2022-09-24,2022-09-09,-15 day ahead inc hosp,quantile,0.9,143.63447663589602,COVID-19
DE-BB,00+,2022-09-24,2022-09-09,-15 day ahead inc hosp,quantile,0.975,143.98376861704492,COVID-19
DE-BE,00+,2022-09-24,2022-09-09,-15 day ahead inc hosp,mean,,135.9503975146695,COVID-19
DE-BE,00+,2022-09-24,2022-09-09,-15 day ahead inc hosp,quantile,0.025,129.57162435963676,COVID-19
DE-BE,00+,2022-09-24,2022-09-09,-15 day ahead inc hosp,quantile,0.1,130.73059882242086,COVID-19
DE-BE,00+,2022-09-24,2022-09-09,-15 day ahead inc hosp,quantile,0.25,131.6608918746283,COVID-19
DE-BE,00+,2022-09-24,2022-09-09,-15 day ahead inc hosp,quantile,0.5,133.23067532346332,COVID-19
DE-BE,00+,2022-09-24,2022-09-09,-15 day ahead inc hosp,quantile,0.75,137.72789102902948,COVID-19
DE-BE,00+,2022-09-24,2022-09-09,-15 day ahead inc hosp,quantile,0.9,145.7168934310753,COVID-19
DE-BE,00+,2022-09-24,2022-09-09,-15 day ahead inc hosp,quantile,0.975,151.0472447539661,COVID-19
DE-BW,00+,2022-09-24,2022-09-09,-15 day ahead inc hosp,mean,,279.4707975609277,COVID-19
DE-BW,00+,2022-09-24,2022-09-09,-15 day ahead inc hosp,quantile,0.025,274.94347053614086,COVID-19
DE-BW,00+,2022-09-24,2022-09-09,-15 day ahead inc hosp,quantile,0.1,275.65537057723583,COVID-19
DE-BW,00+,2022-09-24,2022-09-09,-15 day ahead inc hosp,quantile,0.25,276.92493124953455,COVID-19
DE-BW,00+,2022-09-24,2022-09-09,-15 day ahead inc hosp,quantile,0.5,279.7326711393655,COVID-19
DE-BW,00+,2022-09-24,2022-09-09,-15 day ahead inc hosp,quantile,0.75,281.3397928742306,COVID-19
DE-BW,00+,2022-09-24,2022-09-09,-15 day ahead inc hosp,quantile,0.9,282.8099172825407,COVID-19
DE-BW,00+,2022-09-24,2022-09-09,-15 day ahead inc hosp,quantile,0.975,284.3594076639696,COVID-19
DE-BY,00+,2022-09-24,2022-09-09,-15 day ahead inc hosp,mean,,780.6309790151685,COVID-19
DE-BY,00+,2022-09-24,2022-09-09,-15 day ahead inc hosp,quantile,0.025,770.6898609908432,COVID-19
DE-BY,00+,2022-09-24,2022-09-09,-15 day ahead inc hosp,quantile,0.1,774.4655058725741,COVID-19
DE-BY,00+,2022-09-24,2022-09-09,-15 day ahead inc hosp,quantile,0.25,776.9857612454897,COVID-19
DE-BY,00+,2022-09-24,2022-09-09,-15 day ahead inc hosp,quantile,0.5,780.8379073231835,COVID-19
DE-BY,00+,2022-09-24,2022-09-09,-15 day ahead inc hosp,quantile,0.75,784.0296702283212,COVID-19
DE-BY,00+,2022-09-24,2022-09-09,-15 day ahead inc hosp,quantile,0.9,787.0547104819334,COVID-19
DE-BY,00+,2022-09-24,2022-09-09,-15 day ahead inc hosp,quantile,0.975,790.3596822125016,COVID-19
DE-HB,00+,2022-09-24,2022-09-09,-15 day ahead inc hosp,mean,,24.19331596810263,COVID-19
DE-HB,00+,2022-09-24,2022-09-09,-15 day ahead inc hosp,quantile,0.025,21.724075,COVID-19
DE-HB,00+,2022-09-24,2022-09-09,-15 day ahead inc hosp,quantile,0.1,22.220298607894733,COVID-19
DE-HB,00+,2022-09-24,2022-09-09,-15 day ahead inc hosp,quantile,0.25,23.462001,COVID-19
DE-HB,00+,2022-09-24,2022-09-09,-15 day ahead inc hosp,quantile,0.5,23.629399892307692,COVID-19
DE-HB,00+,2022-09-24,2022-09-09,-15 day ahead inc hosp,quantile,0.75,25.364325405405406,COVID-19
DE-HB,00+,2022-09-24,2022-09-09,-15 day ahead inc hosp,quantile,0.9,26.06889,COVID-19
DE-HB,00+,2022-09-24,2022-09-09,-15 day ahead inc hosp,quantile,0.975,26.394751125000003,COVID-19
DE-HE,00+,2022-09-24,2022-09-09,-15 day ahead inc hosp,mean,,288.1179448901189,COVID-19
DE-HE,00+,2022-09-24,2022-09-09,-15 day ahead inc hosp,quantile,0.025,273.4400759671632,COVID-19
DE-HE,00+,2022-09-24,2022-09-09,-15 day ahead inc hosp,quantile,0.1,273.8442659379307,COVID-19
DE-HE,00+,2022-09-24,2022-09-09,-15 day ahead inc hosp,quantile,0.25,274.7217899874028,COVID-19
DE-HE,00+,2022-09-24,2022-09-09,-15 day ahead inc hosp,quantile,0.5,282.79776332346034,COVID-19
DE-HE,00+,2022-09-24,2022-09-09,-15 day ahead inc hosp,quantile,0.75,298.7668363564783,COVID-19
DE-HE,00+,2022-09-24,2022-09-09,-15 day ahead inc hosp,quantile,0.9,307.7947934285559,COVID-19
DE-HE,00+,2022-09-24,2022-09-09,-15 day ahead inc hosp,quantile,0.975,314.43991652138413,COVID-19
DE-HH,00+,2022-09-24,2022-09-09,-15 day ahead inc hosp,mean,,48.13763769955414,COVID-19
DE-HH,00+,2022-09-24,2022-09-09,-15 day ahead inc hosp,quantile,0.025,46.54595780546475,COVID-19
DE-HH,00+,2022-09-24,2022-09-09,-15 day ahead inc hosp,quantile,0.1,46.81197237285942,COVID-19
DE-HH,00+,2022-09-24,2022-09-09,-15 day ahead inc hosp,quantile,0.25,47.187439408678415,COVID-19
DE-HH,00+,2022-09-24,2022-09-09,-15 day ahead inc hosp,quantile,0.5,47.96800662734562,COVID-19
DE-HH,00+,2022-09-24,2022-09-09,-15 day ahead inc hosp,quantile,0.75,49.050854862393145,COVID-19
DE-HH,00+,2022-09-24,2022-09-09,-15 day ahead inc hosp,quantile,0.9,49.71504935268628,COVID-19
DE-HH,00+,2022-09-24,2022-09-09,-15 day ahead inc hosp,quantile,0.975,50.17384902593184,COVID-19
DE-MV,00+,2022-09-24,2022-09-09,-15 day ahead inc hosp,mean,,125.29855868759263,COVID-19
DE-MV,00+,2022-09-24,2022-09-09,-15 day ahead inc hosp,quantile,0.025,120.92976450850122,COVID-19
DE-MV,00+,2022-09-24,2022-09-09,-15 day ahead inc hosp,quantile,0.1,122.50052430435626,COVID-19
DE-MV,00+,2022-09-24,2022-09-09,-15 day ahead inc hosp,quantile,0.25,124.45548483333333,COVID-19
DE-MV,00+,2022-09-24,2022-09-09,-15 day ahead inc hosp,quantile,0.5,125.94022439096436,COVID-19
DE-MV,00+,2022-09-24,2022-09-09,-15 day ahead inc hosp,quantile,0.75,126.6406669506136,COVID-19
DE-MV,00+,2022-09-24,2022-09-09,-15 day ahead inc hosp,quantile,0.9,127.21700146752156,COVID-19
DE-MV,00+,2022-09-24,2022-09-09,-15 day ahead inc hosp,quantile,0.975,127.69816398574724,COVID-19
DE-NI,00+,2022-09-24,2022-09-09,-15 day ahead inc hosp,mean,,244.96185827371733,COVID-19
DE-NI,00+,2022-09-24,2022-09-09,-15 day ahead inc hosp,quantile,0.025,240.7367024159559,COVID-19
DE-NI,00+,2022-09-24,2022-09-09,-15 day ahead inc hosp,quantile,0.1,241.5741598264462,COVID-19
DE-NI,00+,2022-09-24,2022-09-09,-15 day ahead inc hosp,quantile,0.25,243.06073331897602,COVID-19
DE-NI,00+,2022-09-24,2022-09-09,-15 day ahead inc hosp,quantile,0.5,244.53868590325388,COVID-19
DE-NI,00+,2022-09-24,2022-09-09,-15 day ahead inc hosp,quantile,0.75,246.6382523102017,COVID-19
DE-NI,00+,2022-09-24,2022-09-09,-15 day ahead inc hosp,quantile,0.9,248.127272083106,COVID-19
DE-NI,00+,2022-09-24,2022-09-09,-15 day ahead inc hosp,quantile,0.975,250.74666594693983,COVID-19
DE-NW,00+,2022-09-24,2022-09-09,-15 day ahead inc hosp,mean,,1147.0336349771403,COVID-19
DE-NW,00+,2022-09-24,2022-09-09,-15 day ahead inc hosp,quantile,0.025,1137.6883599848898,COVID-19
DE-NW,00+,2022-09-24,2022-09-09,-15 day ahead inc hosp,quantile,0.1,1139.2006620260424,COVID-19
DE-NW,00+,2022-09-24,2022-09-09,-15 day ahead inc hosp,quantile,0.25,1141.1258879293287,COVID-19
DE-NW,00+,2022-09-24,2022-09-09,-15 day ahead inc hosp,quantile,0.5,1145.4122494986666,COVID-19
DE-NW,00+,2022-09-24,2022-09-09,-15 day ahead inc hosp,quantile,0.75,1150.8204755003126,COVID-19
DE-NW,00+,2022-09-24,2022-09-09,-15 day ahead inc hosp,quantile,0.9,1158.2995187327422,COVID-19
DE-NW,00+,2022-09-24,2022-09-09,-15 day ahead inc hosp,quantile,0.975,1163.0166985127428,COVID-19
DE-RP,00+,2022-09-24,2022-09-09,-15 day ahead inc hosp,mean,,205.09601186427938,COVID-19
DE-RP,00+,2022-09-24,2022-09-09,-15 day ahead inc hosp,quantile,0.025,199.83596183731416,COVID-19
DE-RP,00+,2022-09-24,2022-09-09,-15 day ahead inc hosp,quantile,0.1,200.9584712532447,COVID-19
DE-RP,00+,2022-09-24,2022-09-09,-15 day ahead inc hosp,quantile,0.25,202.23083112274094,COVID-19
DE-RP,00+,2022-09-24,2022-09-09,-15 day ahead inc hosp,quantile,0.5,204.74781341373065,COVID-19
DE-RP,00+,2022-09-24,2022-09-09,-15 day ahead inc hosp,quantile,0.75,208.0342748795758,COVID-19
DE-RP,00+,2022-09-24,2022-09-09,-15 day ahead inc hosp,quantile,0.9,209.9841271032962,COVID-19
DE-RP,00+,2022-09-24,2022-09-09,-15 day ahead inc hosp,quantile,0.975,211.2802561226874,COVID-19
DE-SH,00+,2022-09-24,2022-09-09,-15 day ahead inc hosp,mean,,149.6634038452089,COVID-19
DE-SH,00+,2022-09-24,2022-09-09,-15 day ahead inc hosp,quantile,0.025,147.76505154519086,COVID-19
DE-SH,00+,2022-09-24,2022-09-09,-15 day ahead inc hosp,quantile,0.1,148.38511246139228,COVID-19
DE-SH,00+,2022-09-24,2022-09-09,-15 day ahead inc hosp,quantile,0.25,148.83250885722885,COVID-19
DE-SH,00+,2022-09-24,2022-09-09,-15 day ahead inc hosp,quantile,0.5,149.38556876663253,COVID-19
DE-SH,00+,2022-09-24,2022-09-09,-15 day ahead inc hosp,quantile,0.75,150.26792435766828,COVID-19
DE-SH,00+,2022-09-24,2022-09-09,-15 day ahead inc hosp,quantile,0.9,151.5336612679835,COVID-19
DE-SH,00+,2022-09-24,2022-09-09,-15 day ahead inc hosp,quantile,0.975,152.1818107456749,COVID-19
DE-SL,00+,2022-09-24,2022-09-09,-15 day ahead inc hosp,mean,,60.99184641899334,COVID-19
DE-SL,00+,2022-09-24,2022-09-09,-15 day ahead inc hosp,quantile,0.025,59.2299924,COVID-19
DE-SL,00+,2022-09-24,2022-09-09,-15 day ahead inc hosp,quantile,0.1,59.45926978993549,COVID-19
DE-SL,00+,2022-09-24,2022-09-09,-15 day ahead inc hosp,quantile,0.25,60.25930588780971,COVID-19
DE-SL,00+,2022-09-24,2022-09-09,-15 day ahead inc hosp,quantile,0.5,60.91337262959009,COVID-19
DE-SL,00+,2022-09-24,2022-09-09,-15 day ahead inc hosp,quantile,0.75,61.55476982591901,COVID-19
DE-SL,00+,2022-09-24,2022-09-09,-15 day ahead inc hosp,quantile,0.9,62.88043891017743,COVID-19
DE-SL,00+,2022-09-24,2022-09-09,-15 day ahead inc hosp,quantile,0.975,63.14787594746237,COVID-19
DE-SN,00+,2022-09-24,2022-09-09,-15 day ahead inc hosp,mean,,207.53081779688327,COVID-19
DE-SN,00+,2022-09-24,2022-09-09,-15 day ahead inc hosp,quantile,0.025,203.63153994543185,COVID-19
DE-SN,00+,2022-09-24,2022-09-09,-15 day ahead inc hosp,quantile,0.1,204.2645383307036,COVID-19
DE-SN,00+,2022-09-24,2022-09-09,-15 day ahead inc hosp,quantile,0.25,205.33948185021808,COVID-19
DE-SN,00+,2022-09-24,2022-09-09,-15 day ahead inc hosp,quantile,0.5,206.92585696394914,COVID-19
DE-SN,00+,2022-09-24,2022-09-09,-15 day ahead inc hosp,quantile,0.75,207.903468503977,COVID-19
DE-SN,00+,2022-09-24,2022-09-09,-15 day ahead inc hosp,quantile,0.9,211.26396231894748,COVID-19
DE-SN,00+,2022-09-24,2022-09-09,-15 day ahead inc hosp,quantile,0.975,218.0856560674389,COVID-19
DE-ST,00+,2022-09-24,2022-09-09,-15 day ahead inc hosp,mean,,128.63328494011293,COVID-19
DE-ST,00+,2022-09-24,2022-09-09,-15 day ahead inc hosp,quantile,0.025,125.14886323908699,COVID-19
DE-ST,00+,2022-09-24,2022-09-09,-15 day ahead inc hosp,quantile,0.1,125.8302332122813,COVID-19
DE-ST,00+,2022-09-24,2022-09-09,-15 day ahead inc hosp,quantile,0.25,126.94884221958253,COVID-19
DE-ST,00+,2022-09-24,2022-09-09,-15 day ahead inc hosp,quantile,0.5,128.3433264979258,COVID-19
DE-ST,00+,2022-09-24,2022-09-09,-15 day ahead inc hosp,quantile,0.75,129.31958802683246,COVID-19
DE-ST,00+,2022-09-24,2022-09-09,-15 day ahead inc hosp,quantile,0.9,131.78296892482533,COVID-19
DE-ST,00+,2022-09-24,2022-09-09,-15 day ahead inc hosp,quantile,0.975,134.94572522464622,COVID-19
DE-TH,00+,2022-09-24,2022-09-09,-15 day ahead inc hosp,mean,,134.13180090943752,COVID-19
DE-TH,00+,2022-09-24,2022-09-09,-15 day ahead inc hosp,quantile,0.025,132.87893850175132,COVID-19
DE-TH,00+,2022-09-24,2022-09-09,-15 day ahead inc hosp,quantile,0.1,132.88838080333247,COVID-19
DE-TH,00+,2022-09-24,2022-09-09,-15 day ahead inc hosp,quantile,0.25,133.1133608892011,COVID-19
DE-TH,00+,2022-09-24,2022-09-09,-15 day ahead inc hosp,quantile,0.5,133.7789386629994,COVID-19
DE-TH,00+,2022-09-24,2022-09-09,-15 day ahead inc hosp,quantile,0.75,134.86365412328215,COVID-19
DE-TH,00+,2022-09-24,2022-09-09,-15 day ahead inc hosp,quantile,0.9,135.8173934343813,COVID-19
DE-TH,00+,2022-09-24,2022-09-09,-15 day ahead inc hosp,quantile,0.975,136.6342299048746,COVID-19
DE,00+,2022-09-24,2022-09-10,-14 day ahead inc hosp,mean,,4142.979844571775,COVID-19
DE,00+,2022-09-24,2022-09-10,-14 day ahead inc hosp,quantile,0.025,4096.348957355722,COVID-19
DE,00+,2022-09-24,2022-09-10,-14 day ahead inc hosp,quantile,0.1,4103.390709880339,COVID-19
DE,00+,2022-09-24,2022-09-10,-14 day ahead inc hosp,quantile,0.25,4112.616533725136,COVID-19
DE,00+,2022-09-24,2022-09-10,-14 day ahead inc hosp,quantile,0.5,4141.750148227603,COVID-19
DE,00+,2022-09-24,2022-09-10,-14 day ahead inc hosp,quantile,0.75,4171.231781246967,COVID-19
DE,00+,2022-09-24,2022-09-10,-14 day ahead inc hosp,quantile,0.9,4184.930384499802,COVID-19
DE,00+,2022-09-24,2022-09-10,-14 day ahead inc hosp,quantile,0.975,4208.287606166859,COVID-19
DE,00-04,2022-09-24,2022-09-10,-14 day ahead inc hosp,mean,,145.82246760791784,COVID-19
DE,00-04,2022-09-24,2022-09-10,-14 day ahead inc hosp,quantile,0.025,143.71053558094607,COVID-19
DE,00-04,2022-09-24,2022-09-10,-14 day ahead inc hosp,quantile,0.1,143.8408019630473,COVID-19
DE,00-04,2022-09-24,2022-09-10,-14 day ahead inc hosp,quantile,0.25,144.21851038700242,COVID-19
DE,00-04,2022-09-24,2022-09-10,-14 day ahead inc hosp,quantile,0.5,145.16884042799524,COVID-19
DE,00-04,2022-09-24,2022-09-10,-14 day ahead inc hosp,quantile,0.75,147.65880325832248,COVID-19
DE,00-04,2022-09-24,2022-09-10,-14 day ahead inc hosp,quantile,0.9,148.6014756846919,COVID-19
DE,00-04,2022-09-24,2022-09-10,-14 day ahead inc hosp,quantile,0.975,148.78288885110808,COVID-19
DE,05-14,2022-09-24,2022-09-10,-14 day ahead inc hosp,mean,,60.47397351870894,COVID-19
DE,05-14,2022-09-24,2022-09-10,-14 day ahead inc hosp,quantile,0.025,59.08875169869047,COVID-19
DE,05-14,2022-09-24,2022-09-10,-14 day ahead inc hosp,quantile,0.1,59.282832400000004,COVID-19
DE,05-14,2022-09-24,2022-09-10,-14 day ahead inc hosp,quantile,0.25,59.32401374390244,COVID-19
DE,05-14,2022-09-24,2022-09-10,-14 day ahead inc hosp,quantile,0.5,60.07113106693085,COVID-19
DE,05-14,2022-09-24,2022-09-10,-14 day ahead inc hosp,quantile,0.75,61.17780037668849,COVID-19
DE,05-14,2022-09-24,2022-09-10,-14 day ahead inc hosp,quantile,0.9,62.17256677646516,COVID-19
DE,05-14,2022-09-24,2022-09-10,-14 day ahead inc hosp,quantile,0.975,64.00868799102662,COVID-19
DE,15-34,2022-09-24,2022-09-10,-14 day ahead inc hosp,mean,,338.79969497213466,COVID-19
DE,15-34,2022-09-24,2022-09-10,-14 day ahead inc hosp,quantile,0.025,332.2393889366964,COVID-19
DE,15-34,2022-09-24,2022-09-10,-14 day ahead inc hosp,quantile,0.1,333.51741926777,COVID-19
DE,15-34,2022-09-24,2022-09-10,-14 day ahead inc hosp,quantile,0.25,334.82208434330425,COVID-19
DE,15-34,2022-09-24,2022-09-10,-14 day ahead inc hosp,quantile,0.5,339.92630670508686,COVID-19
DE,15-34,2022-09-24,2022-09-10,-14 day ahead inc hosp,quantile,0.75,342.1232484967706,COVID-19
DE,15-34,2022-09-24,2022-09-10,-14 day ahead inc hosp,quantile,0.9,343.82319415060516,COVID-19
DE,15-34,2022-09-24,2022-09-10,-14 day ahead inc hosp,quantile,0.975,345.2951872074478,COVID-19
DE,35-59,2022-09-24,2022-09-10,-14 day ahead inc hosp,mean,,635.5164272995094,COVID-19
DE,35-59,2022-09-24,2022-09-10,-14 day ahead inc hosp,quantile,0.025,622.4864454446388,COVID-19
DE,35-59,2022-09-24,2022-09-10,-14 day ahead inc hosp,quantile,0.1,623.5127466767699,COVID-19
DE,35-59,2022-09-24,2022-09-10,-14 day ahead inc hosp,quantile,0.25,626.0347802918607,COVID-19
DE,35-59,2022-09-24,2022-09-10,-14 day ahead inc hosp,quantile,0.5,637.6779685054022,COVID-19
DE,35-59,2022-09-24,2022-09-10,-14 day ahead inc hosp,quantile,0.75,644.593831649657,COVID-19
DE,35-59,2022-09-24,2022-09-10,-14 day ahead inc hosp,quantile,0.9,646.618211119077,COVID-19
DE,35-59,2022-09-24,2022-09-10,-14 day ahead inc hosp,quantile,0.975,648.7137582859815,COVID-19
DE,60-79,2022-09-24,2022-09-10,-14 day ahead inc hosp,mean,,1379.9115847092735,COVID-19
DE,60-79,2022-09-24,2022-09-10,-14 day ahead inc hosp,quantile,0.025,1366.3816753844633,COVID-19
DE,60-79,2022-09-24,2022-09-10,-14 day ahead inc hosp,quantile,0.1,1368.65978169531,COVID-19
DE,60-79,2022-09-24,2022-09-10,-14 day ahead inc hosp,quantile,0.25,1372.8666843616002,COVID-19
DE,60-79,2022-09-24,2022-09-10,-14 day ahead inc hosp,quantile,0.5,1379.1023820397422,COVID-19
DE,60-79,2022-09-24,2022-09-10,-14 day ahead inc hosp,quantile,0.75,1385.750806102518,COVID-19
DE,60-79,2022-09-24,2022-09-10,-14 day ahead inc hosp,quantile,0.9,1390.9137483174682,COVID-19
DE,60-79,2022-09-24,2022-09-10,-14 day ahead inc hosp,quantile,0.975,1400.5649114387322,COVID-19
DE,80+,2022-09-24,2022-09-10,-14 day ahead inc hosp,mean,,1535.1028367700408,COVID-19
DE,80+,2022-09-24,2022-09-10,-14 day ahead inc hosp,quantile,0.025,1517.281917115195,COVID-19
DE,80+,2022-09-24,2022-09-10,-14 day ahead inc hosp,quantile,0.1,1519.989816169545,COVID-19
DE,80+,2022-09-24,2022-09-10,-14 day ahead inc hosp,quantile,0.25,1524.055937686355,COVID-19
DE,80+,2022-09-24,2022-09-10,-14 day ahead inc hosp,quantile,0.5,1532.8056775502348,COVID-19
DE,80+,2022-09-24,2022-09-10,-14 day ahead inc hosp,quantile,0.75,1545.9012206008877,COVID-19
DE,80+,2022-09-24,2022-09-10,-14 day ahead inc hosp,quantile,0.9,1552.2857557985287,COVID-19
DE,80+,2022-09-24,2022-09-10,-14 day ahead inc hosp,quantile,0.975,1561.3848856620853,COVID-19
DE-BB,00+,2022-09-24,2022-09-10,-14 day ahead inc hosp,mean,,139.8054072642534,COVID-19
DE-BB,00+,2022-09-24,2022-09-10,-14 day ahead inc hosp,quantile,0.025,137.4331316233725,COVID-19
DE-BB,00+,2022-09-24,2022-09-10,-14 day ahead inc hosp,quantile,0.1,138.2801363620492,COVID-19
DE-BB,00+,2022-09-24,2022-09-10,-14 day ahead inc hosp,quantile,0.25,138.968680501229,COVID-19
DE-BB,00+,2022-09-24,2022-09-10,-14 day ahead inc hosp,quantile,0.5,139.9985766602102,COVID-19
DE-BB,00+,2022-09-24,2022-09-10,-14 day ahead inc hosp,quantile,0.75,140.68931853772852,COVID-19
DE-BB,00+,2022-09-24,2022-09-10,-14 day ahead inc hosp,quantile,0.9,141.06158426130247,COVID-19
DE-BB,00+,2022-09-24,2022-09-10,-14 day ahead inc hosp,quantile,0.975,141.52169348362992,COVID-19
DE-BE,00+,2022-09-24,2022-09-10,-14 day ahead inc hosp,mean,,134.66720831852544,COVID-19
DE-BE,00+,2022-09-24,2022-09-10,-14 day ahead inc hosp,quantile,0.025,127.63589354784042,COVID-19
DE-BE,00+,2022-09-24,2022-09-10,-14 day ahead inc hosp,quantile,0.1,129.10730050431533,COVID-19
DE-BE,00+,2022-09-24,2022-09-10,-14 day ahead inc hosp,quantile,0.25,130.26979080747205,COVID-19
DE-BE,00+,2022-09-24,2022-09-10,-14 day ahead inc hosp,quantile,0.5,131.66532828318356,COVID-19
DE-BE,00+,2022-09-24,2022-09-10,-14 day ahead inc hosp,quantile,0.75,137.7182759286807,COVID-19
DE-BE,00+,2022-09-24,2022-09-10,-14 day ahead inc hosp,quantile,0.9,145.72318777205334,COVID-19
DE-BE,00+,2022-09-24,2022-09-10,-14 day ahead inc hosp,quantile,0.975,150.2267090598618,COVID-19
DE-BW,00+,2022-09-24,2022-09-10,-14 day ahead inc hosp,mean,,281.72197025265893,COVID-19
DE-BW,00+,2022-09-24,2022-09-10,-14 day ahead inc hosp,quantile,0.025,276.91003909568826,COVID-19
DE-BW,00+,2022-09-24,2022-09-10,-14 day ahead inc hosp,quantile,0.1,277.9502175384226,COVID-19
DE-BW,00+,2022-09-24,2022-09-10,-14 day ahead inc hosp,quantile,0.25,279.40035903820626,COVID-19
DE-BW,00+,2022-09-24,2022-09-10,-14 day ahead inc hosp,quantile,0.5,281.9388774680964,COVID-19
DE-BW,00+,2022-09-24,2022-09-10,-14 day ahead inc hosp,quantile,0.75,283.3285437378652,COVID-19
DE-BW,00+,2022-09-24,2022-09-10,-14 day ahead inc hosp,quantile,0.9,285.01569709204904,COVID-19
DE-BW,00+,2022-09-24,2022-09-10,-14 day ahead inc hosp,quantile,0.975,286.9906395541479,COVID-19
DE-BY,00+,2022-09-24,2022-09-10,-14 day ahead inc hosp,mean,,784.9011053466471,COVID-19
DE-BY,00+,2022-09-24,2022-09-10,-14 day ahead inc hosp,quantile,0.025,775.2966782766038,COVID-19
DE-BY,00+,2022-09-24,2022-09-10,-14 day ahead inc hosp,quantile,0.1,778.1474255650064,COVID-19
DE-BY,00+,2022-09-24,2022-09-10,-14 day ahead inc hosp,quantile,0.25,780.2112671121,COVID-19
DE-BY,00+,2022-09-24,2022-09-10,-14 day ahead inc hosp,quantile,0.5,784.8416690489252,COVID-19
DE-BY,00+,2022-09-24,2022-09-10,-14 day ahead inc hosp,quantile,0.75,789.4410298973039,COVID-19
DE-BY,00+,2022-09-24,2022-09-10,-14 day ahead inc hosp,quantile,0.9,792.3310434238488,COVID-19
DE-BY,00+,2022-09-24,2022-09-10,-14 day ahead inc hosp,quantile,0.975,794.749214032184,COVID-19
DE-HB,00+,2022-09-24,2022-09-10,-14 day ahead inc hosp,mean,,27.051768358619103,COVID-19
DE-HB,00+,2022-09-24,2022-09-10,-14 day ahead inc hosp,quantile,0.025,24.20082944444444,COVID-19
DE-HB,00+,2022-09-24,2022-09-10,-14 day ahead inc hosp,quantile,0.1,24.885343834912277,COVID-19
DE-HB,00+,2022-09-24,2022-09-10,-14 day ahead inc hosp,quantile,0.25,26.136895799999998,COVID-19
DE-HB,00+,2022-09-24,2022-09-10,-14 day ahead inc hosp,quantile,0.5,26.522545864400712,COVID-19
DE-HB,00+,2022-09-24,2022-09-10,-14 day ahead inc hosp,quantile,0.75,28.256103567567568,COVID-19
DE-HB,00+,2022-09-24,2022-09-10,-14 day ahead inc hosp,quantile,0.9,29.054029778333334,COVID-19
DE-HB,00+,2022-09-24,2022-09-10,-14 day ahead inc hosp,quantile,0.975,29.418033971249997,COVID-19
DE-HE,00+,2022-09-24,2022-09-10,-14 day ahead inc hosp,mean,,292.47603036720596,COVID-19
DE-HE,00+,2022-09-24,2022-09-10,-14 day ahead inc hosp,quantile,0.025,275.69864002577816,COVID-19
DE-HE,00+,2022-09-24,2022-09-10,-14 day ahead inc hosp,quantile,0.1,276.278830577983,COVID-19
DE-HE,00+,2022-09-24,2022-09-10,-14 day ahead inc hosp,quantile,0.25,277.75739739638647,COVID-19
DE-HE,00+,2022-09-24,2022-09-10,-14 day ahead inc hosp,quantile,0.5,291.55694748456466,COVID-19
DE-HE,00+,2022-09-24,2022-09-10,-14 day ahead inc hosp,quantile,0.75,302.5962120997026,COVID-19
DE-HE,00+,2022-09-24,2022-09-10,-14 day ahead inc hosp,quantile,0.9,314.5610411254048,COVID-19
DE-HE,00+,2022-09-24,2022-09-10,-14 day ahead inc hosp,quantile,0.975,319.50425800128426,COVID-19
DE-HH,00+,2022-09-24,2022-09-10,-14 day ahead inc hosp,mean,,54.46912910572696,COVID-19
DE-HH,00+,2022-09-24,2022-09-10,-14 day ahead inc hosp,quantile,0.025,52.43460676301232,COVID-19
DE-HH,00+,2022-09-24,2022-09-10,-14 day ahead inc hosp,quantile,0.1,52.76105829531308,COVID-19
DE-HH,00+,2022-09-24,2022-09-10,-14 day ahead inc hosp,quantile,0.25,53.35212187415931,COVID-19
DE-HH,00+,2022-09-24,2022-09-10,-14 day ahead inc hosp,quantile,0.5,54.31444652625094,COVID-19
DE-HH,00+,2022-09-24,2022-09-10,-14 day ahead inc hosp,quantile,0.75,55.53970293564335,COVID-19
DE-HH,00+,2022-09-24,2022-09-10,-14 day ahead inc hosp,quantile,0.9,56.387398803434806,COVID-19
DE-HH,00+,2022-09-24,2022-09-10,-14 day ahead inc hosp,quantile,0.975,57.054409723377326,COVID-19
DE-MV,00+,2022-09-24,2022-09-10,-14 day ahead inc hosp,mean,,131.22745605903273,COVID-19
DE-MV,00+,2022-09-24,2022-09-10,-14 day ahead inc hosp,quantile,0.025,126.92031721096899,COVID-19
DE-MV,00+,2022-09-24,2022-09-10,-14 day ahead inc hosp,quantile,0.1,128.1931516546787,COVID-19
DE-MV,00+,2022-09-24,2022-09-10,-14 day ahead inc hosp,quantile,0.25,130.21662196573692,COVID-19
DE-MV,00+,2022-09-24,2022-09-10,-14 day ahead inc hosp,quantile,0.5,131.93786658312797,COVID-19
DE-MV,00+,2022-09-24,2022-09-10,-14 day ahead inc hosp,quantile,0.75,132.59721619055483,COVID-19
DE-MV,00+,2022-09-24,2022-09-10,-14 day ahead inc hosp,quantile,0.9,133.09564618029046,COVID-19
DE-MV,00+,2022-09-24,2022-09-10,-14 day ahead inc hosp,quantile,0.975,133.66683627824108,COVID-19
DE-NI,00+,2022-09-24,2022-09-10,-14 day ahead inc hosp,mean,,248.8038768081116,COVID-19
DE-NI,00+,2022-09-24,2022-09-10,-14 day ahead inc hosp,quantile,0.025,243.8847365071161,COVID-19
DE-NI,00+,2022-09-24,2022-09-10,-14 day ahead inc hosp,quantile,0.1,245.1968971223608,COVID-19
DE-NI,00+,2022-09-24,2022-09-10,-14 day ahead inc hosp,quantile,0.25,246.58001093913217,COVID-19
DE-NI,00+,2022-09-24,2022-09-10,-14 day ahead inc hosp,quantile,0.5,248.23855114891413,COVID-19
DE-NI,00+,2022-09-24,2022-09-10,-14 day ahead inc hosp,quantile,0.75,250.59018359680232,COVID-19
DE-NI,00+,2022-09-24,2022-09-10,-14 day ahead inc hosp,quantile,0.9,252.06925799292878,COVID-19
DE-NI,00+,2022-09-24,2022-09-10,-14 day ahead inc hosp,quantile,0.975,256.1025342246105,COVID-19
DE-NW,00+,2022-09-24,2022-09-10,-14 day ahead inc hosp,mean,,1143.6485526814054,COVID-19
DE-NW,00+,2022-09-24,2022-09-10,-14 day ahead inc hosp,quantile,0.025,1133.213270309242,COVID-19
DE-NW,00+,2022-09-24,2022-09-10,-14 day ahead inc hosp,quantile,0.1,1135.2284844435887,COVID-19
DE-NW,00+,2022-09-24,2022-09-10,-14 day ahead inc hosp,quantile,0.25,1136.900825337547,COVID-19
DE-NW,00+,2022-09-24,2022-09-10,-14 day ahead inc hosp,quantile,0.5,1142.2238898369521,COVID-19
DE-NW,00+,2022-09-24,2022-09-10,-14 day ahead inc hosp,quantile,0.75,1147.509678002754,COVID-19
DE-NW,00+,2022-09-24,2022-09-10,-14 day ahead inc hosp,quantile,0.9,1156.2558707287917,COVID-19
DE-NW,00+,2022-09-24,2022-09-10,-14 day ahead inc hosp,quantile,0.975,1161.0818207942539,COVID-19
DE-RP,00+,2022-09-24,2022-09-10,-14 day ahead inc hosp,mean,,220.07662590790568,COVID-19
DE-RP,00+,2022-09-24,2022-09-10,-14 day ahead inc hosp,quantile,0.025,214.1531663307191,COVID-19
DE-RP,00+,2022-09-24,2022-09-10,-14 day ahead inc hosp,quantile,0.1,215.0970924573994,COVID-19
DE-RP,00+,2022-09-24,2022-09-10,-14 day ahead inc hosp,quantile,0.25,216.15921589810043,COVID-19
DE-RP,00+,2022-09-24,2022-09-10,-14 day ahead inc hosp,quantile,0.5,220.12826677307396,COVID-19
DE-RP,00+,2022-09-24,2022-09-10,-14 day ahead inc hosp,quantile,0.75,223.39802404728664,COVID-19
DE-RP,00+,2022-09-24,2022-09-10,-14 day ahead inc hosp,quantile,0.9,225.74538117794856,COVID-19
DE-RP,00+,2022-09-24,2022-09-10,-14 day ahead inc hosp,quantile,0.975,227.95565366569517,COVID-19
DE-SH,00+,2022-09-24,2022-09-10,-14 day ahead inc hosp,mean,,143.95844274850424,COVID-19
DE-SH,00+,2022-09-24,2022-09-10,-14 day ahead inc hosp,quantile,0.025,141.38138511707606,COVID-19
DE-SH,00+,2022-09-24,2022-09-10,-14 day ahead inc hosp,quantile,0.1,142.5577586650382,COVID-19
DE-SH,00+,2022-09-24,2022-09-10,-14 day ahead inc hosp,quantile,0.25,143.15529559984296,COVID-19
DE-SH,00+,2022-09-24,2022-09-10,-14 day ahead inc hosp,quantile,0.5,143.74096103541763,COVID-19
DE-SH,00+,2022-09-24,2022-09-10,-14 day ahead inc hosp,quantile,0.75,144.62810649750824,COVID-19
DE-SH,00+,2022-09-24,2022-09-10,-14 day ahead inc hosp,quantile,0.9,145.95171663252495,COVID-19
DE-SH,00+,2022-09-24,2022-09-10,-14 day ahead inc hosp,quantile,0.975,146.86197865318485,COVID-19
DE-SL,00+,2022-09-24,2022-09-10,-14 day ahead inc hosp,mean,,61.85713538173743,COVID-19
DE-SL,00+,2022-09-24,2022-09-10,-14 day ahead inc hosp,quantile,0.025,59.98242937696774,COVID-19
DE-SL,00+,2022-09-24,2022-09-10,-14 day ahead inc hosp,quantile,0.1,60.336650636422895,COVID-19
DE-SL,00+,2022-09-24,2022-09-10,-14 day ahead inc hosp,quantile,0.25,61.11726595018654,COVID-19
DE-SL,00+,2022-09-24,2022-09-10,-14 day ahead inc hosp,quantile,0.5,61.80621665503104,COVID-19
DE-SL,00+,2022-09-24,2022-09-10,-14 day ahead inc hosp,quantile,0.75,62.58313392289034,COVID-19
DE-SL,00+,2022-09-24,2022-09-10,-14 day ahead inc hosp,quantile,0.9,63.706409243328366,COVID-19
DE-SL,00+,2022-09-24,2022-09-10,-14 day ahead inc hosp,quantile,0.975,63.87947562666666,COVID-19
DE-SN,00+,2022-09-24,2022-09-10,-14 day ahead inc hosp,mean,,218.50660504591778,COVID-19
DE-SN,00+,2022-09-24,2022-09-10,-14 day ahead inc hosp,quantile,0.025,213.60232114095908,COVID-19
DE-SN,00+,2022-09-24,2022-09-10,-14 day ahead inc hosp,quantile,0.1,214.1964140041772,COVID-19
DE-SN,00+,2022-09-24,2022-09-10,-14 day ahead inc hosp,quantile,0.25,216.03795735978574,COVID-19
DE-SN,00+,2022-09-24,2022-09-10,-14 day ahead inc hosp,quantile,0.5,217.61372997064703,COVID-19
DE-SN,00+,2022-09-24,2022-09-10,-14 day ahead inc hosp,quantile,0.75,218.97454541247848,COVID-19
DE-SN,00+,2022-09-24,2022-09-10,-14 day ahead inc hosp,quantile,0.9,223.57339176478695,COVID-19
DE-SN,00+,2022-09-24,2022-09-10,-14 day ahead inc hosp,quantile,0.975,230.93171582171362,COVID-19
DE-ST,00+,2022-09-24,2022-09-10,-14 day ahead inc hosp,mean,,133.78725544966795,COVID-19
DE-ST,00+,2022-09-24,2022-09-10,-14 day ahead inc hosp,quantile,0.025,129.75970295720245,COVID-19
DE-ST,00+,2022-09-24,2022-09-10,-14 day ahead inc hosp,quantile,0.1,130.79708017082982,COVID-19
DE-ST,00+,2022-09-24,2022-09-10,-14 day ahead inc hosp,quantile,0.25,131.8690197849918,COVID-19
DE-ST,00+,2022-09-24,2022-09-10,-14 day ahead inc hosp,quantile,0.5,133.2889506564674,COVID-19
DE-ST,00+,2022-09-24,2022-09-10,-14 day ahead inc hosp,quantile,0.75,134.72879291337995,COVID-19
DE-ST,00+,2022-09-24,2022-09-10,-14 day ahead inc hosp,quantile,0.9,138.0156716691406,COVID-19
DE-ST,00+,2022-09-24,2022-09-10,-14 day ahead inc hosp,quantile,0.975,140.24554991529348,COVID-19
DE-TH,00+,2022-09-24,2022-09-10,-14 day ahead inc hosp,mean,,133.54512650201713,COVID-19
DE-TH,00+,2022-09-24,2022-09-10,-14 day ahead inc hosp,quantile,0.025,131.88685728219562,COVID-19
DE-TH,00+,2022-09-24,2022-09-10,-14 day ahead inc hosp,quantile,0.1,131.91117849105882,COVID-19
DE-TH,00+,2022-09-24,2022-09-10,-14 day ahead inc hosp,quantile,0.25,132.52409427408514,COVID-19
DE-TH,00+,2022-09-24,2022-09-10,-14 day ahead inc hosp,quantile,0.5,133.23075462590006,COVID-19
DE-TH,00+,2022-09-24,2022-09-10,-14 day ahead inc hosp,quantile,0.75,134.33516655580945,COVID-19
DE-TH,00+,2022-09-24,2022-09-10,-14 day ahead inc hosp,quantile,0.9,135.47171697830484,COVID-19
DE-TH,00+,2022-09-24,2022-09-10,-14 day ahead inc hosp,quantile,0.975,136.26601398484124,COVID-19
DE,00+,2022-09-24,2022-09-11,-13 day ahead inc hosp,mean,,4176.635272076221,COVID-19
DE,00+,2022-09-24,2022-09-11,-13 day ahead inc hosp,quantile,0.025,4122.637247747168,COVID-19
DE,00+,2022-09-24,2022-09-11,-13 day ahead inc hosp,quantile,0.1,4129.900639008184,COVID-19
DE,00+,2022-09-24,2022-09-11,-13 day ahead inc hosp,quantile,0.25,4142.1192676392375,COVID-19
DE,00+,2022-09-24,2022-09-11,-13 day ahead inc hosp,quantile,0.5,4175.831680208121,COVID-19
DE,00+,2022-09-24,2022-09-11,-13 day ahead inc hosp,quantile,0.75,4211.49607768312,COVID-19
DE,00+,2022-09-24,2022-09-11,-13 day ahead inc hosp,quantile,0.9,4222.486277980548,COVID-19
DE,00+,2022-09-24,2022-09-11,-13 day ahead inc hosp,quantile,0.975,4241.035543633555,COVID-19
DE,00-04,2022-09-24,2022-09-11,-13 day ahead inc hosp,mean,,151.11095368314773,COVID-19
DE,00-04,2022-09-24,2022-09-11,-13 day ahead inc hosp,quantile,0.025,148.71374701500892,COVID-19
DE,00-04,2022-09-24,2022-09-11,-13 day ahead inc hosp,quantile,0.1,149.00639802691015,COVID-19
DE,00-04,2022-09-24,2022-09-11,-13 day ahead inc hosp,quantile,0.25,149.5284999165948,COVID-19
DE,00-04,2022-09-24,2022-09-11,-13 day ahead inc hosp,quantile,0.5,150.46626752636584,COVID-19
DE,00-04,2022-09-24,2022-09-11,-13 day ahead inc hosp,quantile,0.75,153.12985496759333,COVID-19
DE,00-04,2022-09-24,2022-09-11,-13 day ahead inc hosp,quantile,0.9,153.6602830154784,COVID-19
DE,00-04,2022-09-24,2022-09-11,-13 day ahead inc hosp,quantile,0.975,153.86924973449953,COVID-19
DE,05-14,2022-09-24,2022-09-11,-13 day ahead inc hosp,mean,,61.62380717249917,COVID-19
DE,05-14,2022-09-24,2022-09-11,-13 day ahead inc hosp,quantile,0.025,60.08603020837302,COVID-19
DE,05-14,2022-09-24,2022-09-11,-13 day ahead inc hosp,quantile,0.1,60.28338653333334,COVID-19
DE,05-14,2022-09-24,2022-09-11,-13 day ahead inc hosp,quantile,0.25,60.52045352486992,COVID-19
DE,05-14,2022-09-24,2022-09-11,-13 day ahead inc hosp,quantile,0.5,61.22212201111319,COVID-19
DE,05-14,2022-09-24,2022-09-11,-13 day ahead inc hosp,quantile,0.75,62.48018747351316,COVID-19
DE,05-14,2022-09-24,2022-09-11,-13 day ahead inc hosp,quantile,0.9,63.421731734965405,COVID-19
DE,05-14,2022-09-24,2022-09-11,-13 day ahead inc hosp,quantile,0.975,65.08900340015788,COVID-19
DE,15-34,2022-09-24,2022-09-11,-13 day ahead inc hosp,mean,,336.75911737932154,COVID-19
DE,15-34,2022-09-24,2022-09-11,-13 day ahead inc hosp,quantile,0.025,330.0006402701843,COVID-19
DE,15-34,2022-09-24,2022-09-11,-13 day ahead inc hosp,quantile,0.1,330.7584253863712,COVID-19
DE,15-34,2022-09-24,2022-09-11,-13 day ahead inc hosp,quantile,0.25,332.1291138989799,COVID-19
DE,15-34,2022-09-24,2022-09-11,-13 day ahead inc hosp,quantile,0.5,338.5667817354014,COVID-19
DE,15-34,2022-09-24,2022-09-11,-13 day ahead inc hosp,quantile,0.75,340.1044307769248,COVID-19
DE,15-34,2022-09-24,2022-09-11,-13 day ahead inc hosp,quantile,0.9,342.2118558048349,COVID-19
DE,15-34,2022-09-24,2022-09-11,-13 day ahead inc hosp,quantile,0.975,343.73125557591516,COVID-19
DE,35-59,2022-09-24,2022-09-11,-13 day ahead inc hosp,mean,,633.659032914141,COVID-19
DE,35-59,2022-09-24,2022-09-11,-13 day ahead inc hosp,quantile,0.025,619.9799701393856,COVID-19
DE,35-59,2022-09-24,2022-09-11,-13 day ahead inc hosp,quantile,0.1,621.2651368983514,COVID-19
DE,35-59,2022-09-24,2022-09-11,-13 day ahead inc hosp,quantile,0.25,623.4259322827846,COVID-19
DE,35-59,2022-09-24,2022-09-11,-13 day ahead inc hosp,quantile,0.5,638.167450030797,COVID-19
DE,35-59,2022-09-24,2022-09-11,-13 day ahead inc hosp,quantile,0.75,642.4528466260658,COVID-19
DE,35-59,2022-09-24,2022-09-11,-13 day ahead inc hosp,quantile,0.9,644.6392390223925,COVID-19
DE,35-59,2022-09-24,2022-09-11,-13 day ahead inc hosp,quantile,0.975,646.9116414902462,COVID-19
DE,60-79,2022-09-24,2022-09-11,-13 day ahead inc hosp,mean,,1393.487555890465,COVID-19
DE,60-79,2022-09-24,2022-09-11,-13 day ahead inc hosp,quantile,0.025,1376.9444694941967,COVID-19
DE,60-79,2022-09-24,2022-09-11,-13 day ahead inc hosp,quantile,0.1,1379.641689869546,COVID-19
DE,60-79,2022-09-24,2022-09-11,-13 day ahead inc hosp,quantile,0.25,1385.2510440905266,COVID-19
DE,60-79,2022-09-24,2022-09-11,-13 day ahead inc hosp,quantile,0.5,1392.036336515712,COVID-19
DE,60-79,2022-09-24,2022-09-11,-13 day ahead inc hosp,quantile,0.75,1401.6108302162002,COVID-19
DE,60-79,2022-09-24,2022-09-11,-13 day ahead inc hosp,quantile,0.9,1406.9366906363784,COVID-19
DE,60-79,2022-09-24,2022-09-11,-13 day ahead inc hosp,quantile,0.975,1415.538543030069,COVID-19
DE,80+,2022-09-24,2022-09-11,-13 day ahead inc hosp,mean,,1549.8509402622865,COVID-19
DE,80+,2022-09-24,2022-09-11,-13 day ahead inc hosp,quantile,0.025,1529.170099876816,COVID-19
DE,80+,2022-09-24,2022-09-11,-13 day ahead inc hosp,quantile,0.1,1532.425416014494,COVID-19
DE,80+,2022-09-24,2022-09-11,-13 day ahead inc hosp,quantile,0.25,1537.9058575348122,COVID-19
DE,80+,2022-09-24,2022-09-11,-13 day ahead inc hosp,quantile,0.5,1547.4336211604707,COVID-19
DE,80+,2022-09-24,2022-09-11,-13 day ahead inc hosp,quantile,0.75,1563.6332977221305,COVID-19
DE,80+,2022-09-24,2022-09-11,-13 day ahead inc hosp,quantile,0.9,1568.7142642905744,COVID-19
DE,80+,2022-09-24,2022-09-11,-13 day ahead inc hosp,quantile,0.975,1575.462796307268,COVID-19
DE-BB,00+,2022-09-24,2022-09-11,-13 day ahead inc hosp,mean,,136.79983651174354,COVID-19
DE-BB,00+,2022-09-24,2022-09-11,-13 day ahead inc hosp,quantile,0.025,134.69254234120325,COVID-19
DE-BB,00+,2022-09-24,2022-09-11,-13 day ahead inc hosp,quantile,0.1,135.25550088744586,COVID-19
DE-BB,00+,2022-09-24,2022-09-11,-13 day ahead inc hosp,quantile,0.25,136.05384727129874,COVID-19
DE-BB,00+,2022-09-24,2022-09-11,-13 day ahead inc hosp,quantile,0.5,136.9503153750742,COVID-19
DE-BB,00+,2022-09-24,2022-09-11,-13 day ahead inc hosp,quantile,0.75,137.5585854755238,COVID-19
DE-BB,00+,2022-09-24,2022-09-11,-13 day ahead inc hosp,quantile,0.9,138.10610357546463,COVID-19
DE-BB,00+,2022-09-24,2022-09-11,-13 day ahead inc hosp,quantile,0.975,138.58143206744575,COVID-19
DE-BE,00+,2022-09-24,2022-09-11,-13 day ahead inc hosp,mean,,133.46942424689607,COVID-19
DE-BE,00+,2022-09-24,2022-09-11,-13 day ahead inc hosp,quantile,0.025,125.52330200898207,COVID-19
DE-BE,00+,2022-09-24,2022-09-11,-13 day ahead inc hosp,quantile,0.1,127.407156582355,COVID-19
DE-BE,00+,2022-09-24,2022-09-11,-13 day ahead inc hosp,quantile,0.25,128.82453705036502,COVID-19
DE-BE,00+,2022-09-24,2022-09-11,-13 day ahead inc hosp,quantile,0.5,130.52153360270208,COVID-19
DE-BE,00+,2022-09-24,2022-09-11,-13 day ahead inc hosp,quantile,0.75,138.08201664434685,COVID-19
DE-BE,00+,2022-09-24,2022-09-11,-13 day ahead inc hosp,quantile,0.9,145.5523749387874,COVID-19
DE-BE,00+,2022-09-24,2022-09-11,-13 day ahead inc hosp,quantile,0.975,148.11450296271812,COVID-19
DE-BW,00+,2022-09-24,2022-09-11,-13 day ahead inc hosp,mean,,282.2556234060518,COVID-19
DE-BW,00+,2022-09-24,2022-09-11,-13 day ahead inc hosp,quantile,0.025,277.1490702394067,COVID-19
DE-BW,00+,2022-09-24,2022-09-11,-13 day ahead inc hosp,quantile,0.1,278.5751428950354,COVID-19
DE-BW,00+,2022-09-24,2022-09-11,-13 day ahead inc hosp,quantile,0.25,279.9286549058645,COVID-19
DE-BW,00+,2022-09-24,2022-09-11,-13 day ahead inc hosp,quantile,0.5,282.16131906164486,COVID-19
DE-BW,00+,2022-09-24,2022-09-11,-13 day ahead inc hosp,quantile,0.75,283.6081855462777,COVID-19
DE-BW,00+,2022-09-24,2022-09-11,-13 day ahead inc hosp,quantile,0.9,286.13597533471824,COVID-19
DE-BW,00+,2022-09-24,2022-09-11,-13 day ahead inc hosp,quantile,0.975,288.7926080079567,COVID-19
DE-BY,00+,2022-09-24,2022-09-11,-13 day ahead inc hosp,mean,,788.3667107059372,COVID-19
DE-BY,00+,2022-09-24,2022-09-11,-13 day ahead inc hosp,quantile,0.025,778.4555201209276,COVID-19
DE-BY,00+,2022-09-24,2022-09-11,-13 day ahead inc hosp,quantile,0.1,781.1251528598174,COVID-19
DE-BY,00+,2022-09-24,2022-09-11,-13 day ahead inc hosp,quantile,0.25,782.6723318846848,COVID-19
DE-BY,00+,2022-09-24,2022-09-11,-13 day ahead inc hosp,quantile,0.5,788.572840802769,COVID-19
DE-BY,00+,2022-09-24,2022-09-11,-13 day ahead inc hosp,quantile,0.75,793.9297874183519,COVID-19
DE-BY,00+,2022-09-24,2022-09-11,-13 day ahead inc hosp,quantile,0.9,796.7618798989192,COVID-19
DE-BY,00+,2022-09-24,2022-09-11,-13 day ahead inc hosp,quantile,0.975,798.4874712371719,COVID-19
DE-HB,00+,2022-09-24,2022-09-11,-13 day ahead inc hosp,mean,,28.858726772329103,COVID-19
DE-HB,00+,2022-09-24,2022-09-11,-13 day ahead inc hosp,quantile,0.025,25.754048333333333,COVID-19
DE-HB,00+,2022-09-24,2022-09-11,-13 day ahead inc hosp,quantile,0.1,26.610530346842104,COVID-19
DE-HB,00+,2022-09-24,2022-09-11,-13 day ahead inc hosp,quantile,0.25,27.814372199999998,COVID-19
DE-HB,00+,2022-09-24,2022-09-11,-13 day ahead inc hosp,quantile,0.5,28.426181087656527,COVID-19
DE-HB,00+,2022-09-24,2022-09-11,-13 day ahead inc hosp,quantile,0.75,30.226280606756756,COVID-19
DE-HB,00+,2022-09-24,2022-09-11,-13 day ahead inc hosp,quantile,0.9,31.052959519999998,COVID-19
DE-HB,00+,2022-09-24,2022-09-11,-13 day ahead inc hosp,quantile,0.975,31.319729313016303,COVID-19
DE-HE,00+,2022-09-24,2022-09-11,-13 day ahead inc hosp,mean,,290.40405662579633,COVID-19
DE-HE,00+,2022-09-24,2022-09-11,-13 day ahead inc hosp,quantile,0.025,271.9424313905244,COVID-19
DE-HE,00+,2022-09-24,2022-09-11,-13 day ahead inc hosp,quantile,0.1,272.85894019198975,COVID-19
DE-HE,00+,2022-09-24,2022-09-11,-13 day ahead inc hosp,quantile,0.25,274.6082469954187,COVID-19
DE-HE,00+,2022-09-24,2022-09-11,-13 day ahead inc hosp,quantile,0.5,293.3374248613282,COVID-19
DE-HE,00+,2022-09-24,2022-09-11,-13 day ahead inc hosp,quantile,0.75,300.74456130808693,COVID-19
DE-HE,00+,2022-09-24,2022-09-11,-13 day ahead inc hosp,quantile,0.9,313.7530904087215,COVID-19
DE-HE,00+,2022-09-24,2022-09-11,-13 day ahead inc hosp,quantile,0.975,316.6227453835406,COVID-19
DE-HH,00+,2022-09-24,2022-09-11,-13 day ahead inc hosp,mean,,57.00224733337455,COVID-19
DE-HH,00+,2022-09-24,2022-09-11,-13 day ahead inc hosp,quantile,0.025,54.604009822193945,COVID-19
DE-HH,00+,2022-09-24,2022-09-11,-13 day ahead inc hosp,quantile,0.1,55.06990551734543,COVID-19
DE-HH,00+,2022-09-24,2022-09-11,-13 day ahead inc hosp,quantile,0.25,55.81685354035974,COVID-19
DE-HH,00+,2022-09-24,2022-09-11,-13 day ahead inc hosp,quantile,0.5,56.92207139238936,COVID-19
DE-HH,00+,2022-09-24,2022-09-11,-13 day ahead inc hosp,quantile,0.75,58.01372646276261,COVID-19
DE-HH,00+,2022-09-24,2022-09-11,-13 day ahead inc hosp,quantile,0.9,59.084397508918066,COVID-19
DE-HH,00+,2022-09-24,2022-09-11,-13 day ahead inc hosp,quantile,0.975,60.076946902106926,COVID-19
DE-MV,00+,2022-09-24,2022-09-11,-13 day ahead inc hosp,mean,,137.52090176337674,COVID-19
DE-MV,00+,2022-09-24,2022-09-11,-13 day ahead inc hosp,quantile,0.025,133.3883182919768,COVID-19
DE-MV,00+,2022-09-24,2022-09-11,-13 day ahead inc hosp,quantile,0.1,134.17956645172774,COVID-19
DE-MV,00+,2022-09-24,2022-09-11,-13 day ahead inc hosp,quantile,0.25,136.2945926268711,COVID-19
DE-MV,00+,2022-09-24,2022-09-11,-13 day ahead inc hosp,quantile,0.5,138.1154594060216,COVID-19
DE-MV,00+,2022-09-24,2022-09-11,-13 day ahead inc hosp,quantile,0.75,138.90324680740022,COVID-19
DE-MV,00+,2022-09-24,2022-09-11,-13 day ahead inc hosp,quantile,0.9,139.36822294612287,COVID-19
DE-MV,00+,2022-09-24,2022-09-11,-13 day ahead inc hosp,quantile,0.975,140.6614003967855,COVID-19
DE-NI,00+,2022-09-24,2022-09-11,-13 day ahead inc hosp,mean,,255.34692689346946,COVID-19
DE-NI,00+,2022-09-24,2022-09-11,-13 day ahead inc hosp,quantile,0.025,250.04966588835882,COVID-19
DE-NI,00+,2022-09-24,2022-09-11,-13 day ahead inc hosp,quantile,0.1,251.2976806582023,COVID-19
DE-NI,00+,2022-09-24,2022-09-11,-13 day ahead inc hosp,quantile,0.25,252.8673529031439,COVID-19
DE-NI,00+,2022-09-24,2022-09-11,-13 day ahead inc hosp,quantile,0.5,254.46871381411705,COVID-19
DE-NI,00+,2022-09-24,2022-09-11,-13 day ahead inc hosp,quantile,0.75,257.37484398267054,COVID-19
DE-NI,00+,2022-09-24,2022-09-11,-13 day ahead inc hosp,quantile,0.9,258.9688765029073,COVID-19
DE-NI,00+,2022-09-24,2022-09-11,-13 day ahead inc hosp,quantile,0.975,264.86777629038033,COVID-19
DE-NW,00+,2022-09-24,2022-09-11,-13 day ahead inc hosp,mean,,1134.7432871590245,COVID-19
DE-NW,00+,2022-09-24,2022-09-11,-13 day ahead inc hosp,quantile,0.025,1123.4651127989314,COVID-19
DE-NW,00+,2022-09-24,2022-09-11,-13 day ahead inc hosp,quantile,0.1,1125.0644382462335,COVID-19
DE-NW,00+,2022-09-24,2022-09-11,-13 day ahead inc hosp,quantile,0.25,1127.2144068575672,COVID-19
DE-NW,00+,2022-09-24,2022-09-11,-13 day ahead inc hosp,quantile,0.5,1133.0224920149606,COVID-19
DE-NW,00+,2022-09-24,2022-09-11,-13 day ahead inc hosp,quantile,0.75,1139.7403021732177,COVID-19
DE-NW,00+,2022-09-24,2022-09-11,-13 day ahead inc hosp,quantile,0.9,1148.9127387899546,COVID-19
DE-NW,00+,2022-09-24,2022-09-11,-13 day ahead inc hosp,quantile,0.975,1153.8394822616938,COVID-19
DE-RP,00+,2022-09-24,2022-09-11,-13 day ahead inc hosp,mean,,232.53770213614723,COVID-19
DE-RP,00+,2022-09-24,2022-09-11,-13 day ahead inc hosp,quantile,0.025,225.57751413523985,COVID-19
DE-RP,00+,2022-09-24,2022-09-11,-13 day ahead inc hosp,quantile,0.1,226.285480806047,COVID-19
DE-RP,00+,2022-09-24,2022-09-11,-13 day ahead inc hosp,quantile,0.25,227.14112415858025,COVID-19
DE-RP,00+,2022-09-24,2022-09-11,-13 day ahead inc hosp,quantile,0.5,233.2632807823909,COVID-19
DE-RP,00+,2022-09-24,2022-09-11,-13 day ahead inc hosp,quantile,0.75,236.6081148467542,COVID-19
DE-RP,00+,2022-09-24,2022-09-11,-13 day ahead inc hosp,quantile,0.9,238.58241666635558,COVID-19
DE-RP,00+,2022-09-24,2022-09-11,-13 day ahead inc hosp,quantile,0.975,242.78330542324954,COVID-19
DE-SH,00+,2022-09-24,2022-09-11,-13 day ahead inc hosp,mean,,143.45620195585596,COVID-19
DE-SH,00+,2022-09-24,2022-09-11,-13 day ahead inc hosp,quantile,0.025,139.74424036581163,COVID-19
DE-SH,00+,2022-09-24,2022-09-11,-13 day ahead inc hosp,quantile,0.1,141.77830871509644,COVID-19
DE-SH,00+,2022-09-24,2022-09-11,-13 day ahead inc hosp,quantile,0.25,142.57065890145373,COVID-19
DE-SH,00+,2022-09-24,2022-09-11,-13 day ahead inc hosp,quantile,0.5,143.30584679190832,COVID-19
DE-SH,00+,2022-09-24,2022-09-11,-13 day ahead inc hosp,quantile,0.75,144.23934685636806,COVID-19
DE-SH,00+,2022-09-24,2022-09-11,-13 day ahead inc hosp,quantile,0.9,145.3170094192476,COVID-19
DE-SH,00+,2022-09-24,2022-09-11,-13 day ahead inc hosp,quantile,0.975,147.77849794353583,COVID-19
DE-SL,00+,2022-09-24,2022-09-11,-13 day ahead inc hosp,mean,,62.72171051665148,COVID-19
DE-SL,00+,2022-09-24,2022-09-11,-13 day ahead inc hosp,quantile,0.025,60.77764127464516,COVID-19
DE-SL,00+,2022-09-24,2022-09-11,-13 day ahead inc hosp,quantile,0.1,61.17395430343268,COVID-19
DE-SL,00+,2022-09-24,2022-09-11,-13 day ahead inc hosp,quantile,0.25,61.922925368986675,COVID-19
DE-SL,00+,2022-09-24,2022-09-11,-13 day ahead inc hosp,quantile,0.5,62.674134297732444,COVID-19
DE-SL,00+,2022-09-24,2022-09-11,-13 day ahead inc hosp,quantile,0.75,63.65535175904441,COVID-19
DE-SL,00+,2022-09-24,2022-09-11,-13 day ahead inc hosp,quantile,0.9,64.5025952528172,COVID-19
DE-SL,00+,2022-09-24,2022-09-11,-13 day ahead inc hosp,quantile,0.975,64.64457503611459,COVID-19
DE-SN,00+,2022-09-24,2022-09-11,-13 day ahead inc hosp,mean,,227.1871734254473,COVID-19
DE-SN,00+,2022-09-24,2022-09-11,-13 day ahead inc hosp,quantile,0.025,220.56370783829206,COVID-19
DE-SN,00+,2022-09-24,2022-09-11,-13 day ahead inc hosp,quantile,0.1,221.14487441863358,COVID-19
DE-SN,00+,2022-09-24,2022-09-11,-13 day ahead inc hosp,quantile,0.25,224.02975190096384,COVID-19
DE-SN,00+,2022-09-24,2022-09-11,-13 day ahead inc hosp,quantile,0.5,226.2452190069194,COVID-19
DE-SN,00+,2022-09-24,2022-09-11,-13 day ahead inc hosp,quantile,0.75,228.36151272821692,COVID-19
DE-SN,00+,2022-09-24,2022-09-11,-13 day ahead inc hosp,quantile,0.9,234.49203941379358,COVID-19
DE-SN,00+,2022-09-24,2022-09-11,-13 day ahead inc hosp,quantile,0.975,240.51139976097204,COVID-19
DE-ST,00+,2022-09-24,2022-09-11,-13 day ahead inc hosp,mean,,137.00059610963703,COVID-19
DE-ST,00+,2022-09-24,2022-09-11,-13 day ahead inc hosp,quantile,0.025,132.73801332671414,COVID-19
DE-ST,00+,2022-09-24,2022-09-11,-13 day ahead inc hosp,quantile,0.1,133.83371820327386,COVID-19
DE-ST,00+,2022-09-24,2022-09-11,-13 day ahead inc hosp,quantile,0.25,134.72755594642686,COVID-19
DE-ST,00+,2022-09-24,2022-09-11,-13 day ahead inc hosp,quantile,0.5,136.2364120371835,COVID-19
DE-ST,00+,2022-09-24,2022-09-11,-13 day ahead inc hosp,quantile,0.75,138.81298154757167,COVID-19
DE-ST,00+,2022-09-24,2022-09-11,-13 day ahead inc hosp,quantile,0.9,141.67118318023122,COVID-19
DE-ST,00+,2022-09-24,2022-09-11,-13 day ahead inc hosp,quantile,0.975,143.68583820280762,COVID-19
DE-TH,00+,2022-09-24,2022-09-11,-13 day ahead inc hosp,mean,,135.78500866176043,COVID-19
DE-TH,00+,2022-09-24,2022-09-11,-13 day ahead inc hosp,quantile,0.025,133.59276289528103,COVID-19
DE-TH,00+,2022-09-24,2022-09-11,-13 day ahead inc hosp,quantile,0.1,133.75945824677495,COVID-19
DE-TH,00+,2022-09-24,2022-09-11,-13 day ahead inc hosp,quantile,0.25,134.71571546591693,COVID-19
DE-TH,00+,2022-09-24,2022-09-11,-13 day ahead inc hosp,quantile,0.5,135.63911799312302,COVID-19
DE-TH,00+,2022-09-24,2022-09-11,-13 day ahead inc hosp,quantile,0.75,136.70395587149642,COVID-19
DE-TH,00+,2022-09-24,2022-09-11,-13 day ahead inc hosp,quantile,0.9,137.90591988950868,COVID-19
DE-TH,00+,2022-09-24,2022-09-11,-13 day ahead inc hosp,quantile,0.975,138.52950051443617,COVID-19
DE,00+,2022-09-24,2022-09-12,-12 day ahead inc hosp,mean,,4190.209960938398,COVID-19
DE,00+,2022-09-24,2022-09-12,-12 day ahead inc hosp,quantile,0.025,4123.985419219795,COVID-19
DE,00+,2022-09-24,2022-09-12,-12 day ahead inc hosp,quantile,0.1,4137.550488834893,COVID-19
DE,00+,2022-09-24,2022-09-12,-12 day ahead inc hosp,quantile,0.25,4151.795105427821,COVID-19
DE,00+,2022-09-24,2022-09-12,-12 day ahead inc hosp,quantile,0.5,4189.726851962887,COVID-19
DE,00+,2022-09-24,2022-09-12,-12 day ahead inc hosp,quantile,0.75,4231.63860406429,COVID-19
DE,00+,2022-09-24,2022-09-12,-12 day ahead inc hosp,quantile,0.9,4244.954121740187,COVID-19
DE,00+,2022-09-24,2022-09-12,-12 day ahead inc hosp,quantile,0.975,4256.390068429343,COVID-19
DE,00-04,2022-09-24,2022-09-12,-12 day ahead inc hosp,mean,,159.2601164843274,COVID-19
DE,00-04,2022-09-24,2022-09-12,-12 day ahead inc hosp,quantile,0.025,156.61559164634048,COVID-19
DE,00-04,2022-09-24,2022-09-12,-12 day ahead inc hosp,quantile,0.1,157.10063140566118,COVID-19
DE,00-04,2022-09-24,2022-09-12,-12 day ahead inc hosp,quantile,0.25,157.59004850002424,COVID-19
DE,00-04,2022-09-24,2022-09-12,-12 day ahead inc hosp,quantile,0.5,158.49124548944482,COVID-19
DE,00-04,2022-09-24,2022-09-12,-12 day ahead inc hosp,quantile,0.75,161.3090051474505,COVID-19
DE,00-04,2022-09-24,2022-09-12,-12 day ahead inc hosp,quantile,0.9,161.7149790835951,COVID-19
DE,00-04,2022-09-24,2022-09-12,-12 day ahead inc hosp,quantile,0.975,162.08209536390726,COVID-19
DE,05-14,2022-09-24,2022-09-12,-12 day ahead inc hosp,mean,,60.53953653855073,COVID-19
DE,05-14,2022-09-24,2022-09-12,-12 day ahead inc hosp,quantile,0.025,58.83943207126984,COVID-19
DE,05-14,2022-09-24,2022-09-12,-12 day ahead inc hosp,quantile,0.1,59.195043395512826,COVID-19
DE,05-14,2022-09-24,2022-09-12,-12 day ahead inc hosp,quantile,0.25,59.50306160034061,COVID-19
DE,05-14,2022-09-24,2022-09-12,-12 day ahead inc hosp,quantile,0.5,60.184830381231244,COVID-19
DE,05-14,2022-09-24,2022-09-12,-12 day ahead inc hosp,quantile,0.75,61.40497963471934,COVID-19
DE,05-14,2022-09-24,2022-09-12,-12 day ahead inc hosp,quantile,0.9,62.39064254062505,COVID-19
DE,05-14,2022-09-24,2022-09-12,-12 day ahead inc hosp,quantile,0.975,63.93199155948156,COVID-19
DE,15-34,2022-09-24,2022-09-12,-12 day ahead inc hosp,mean,,332.99128762629573,COVID-19
DE,15-34,2022-09-24,2022-09-12,-12 day ahead inc hosp,quantile,0.025,325.3539650373687,COVID-19
DE,15-34,2022-09-24,2022-09-12,-12 day ahead inc hosp,quantile,0.1,326.1103419642446,COVID-19
DE,15-34,2022-09-24,2022-09-12,-12 day ahead inc hosp,quantile,0.25,327.9717799891972,COVID-19
DE,15-34,2022-09-24,2022-09-12,-12 day ahead inc hosp,quantile,0.5,334.924658319146,COVID-19
DE,15-34,2022-09-24,2022-09-12,-12 day ahead inc hosp,quantile,0.75,336.2294344412699,COVID-19
DE,15-34,2022-09-24,2022-09-12,-12 day ahead inc hosp,quantile,0.9,339.0198935269244,COVID-19
DE,15-34,2022-09-24,2022-09-12,-12 day ahead inc hosp,quantile,0.975,340.9519686117826,COVID-19
DE,35-59,2022-09-24,2022-09-12,-12 day ahead inc hosp,mean,,629.1703445448057,COVID-19
DE,35-59,2022-09-24,2022-09-12,-12 day ahead inc hosp,quantile,0.025,614.4019014259005,COVID-19
DE,35-59,2022-09-24,2022-09-12,-12 day ahead inc hosp,quantile,0.1,615.8297360409425,COVID-19
DE,35-59,2022-09-24,2022-09-12,-12 day ahead inc hosp,quantile,0.25,618.286999837605,COVID-19
DE,35-59,2022-09-24,2022-09-12,-12 day ahead inc hosp,quantile,0.5,634.4404861896718,COVID-19
DE,35-59,2022-09-24,2022-09-12,-12 day ahead inc hosp,quantile,0.75,637.4949769604877,COVID-19
DE,35-59,2022-09-24,2022-09-12,-12 day ahead inc hosp,quantile,0.9,640.3476433476475,COVID-19
DE,35-59,2022-09-24,2022-09-12,-12 day ahead inc hosp,quantile,0.975,643.6981126458446,COVID-19
DE,60-79,2022-09-24,2022-09-12,-12 day ahead inc hosp,mean,,1399.2174520652532,COVID-19
DE,60-79,2022-09-24,2022-09-12,-12 day ahead inc hosp,quantile,0.025,1378.129661143227,COVID-19
DE,60-79,2022-09-24,2022-09-12,-12 day ahead inc hosp,quantile,0.1,1383.0323770817793,COVID-19
DE,60-79,2022-09-24,2022-09-12,-12 day ahead inc hosp,quantile,0.25,1389.2085926402508,COVID-19
DE,60-79,2022-09-24,2022-09-12,-12 day ahead inc hosp,quantile,0.5,1396.9429299674964,COVID-19
DE,60-79,2022-09-24,2022-09-12,-12 day ahead inc hosp,quantile,0.75,1409.7253833028926,COVID-19
DE,60-79,2022-09-24,2022-09-12,-12 day ahead inc hosp,quantile,0.9,1416.429761108291,COVID-19
DE,60-79,2022-09-24,2022-09-12,-12 day ahead inc hosp,quantile,0.975,1422.355599249979,COVID-19
DE,80+,2022-09-24,2022-09-12,-12 day ahead inc hosp,mean,,1557.046912333136,COVID-19
DE,80+,2022-09-24,2022-09-12,-12 day ahead inc hosp,quantile,0.025,1530.8009029088234,COVID-19
DE,80+,2022-09-24,2022-09-12,-12 day ahead inc hosp,quantile,0.1,1536.737749229501,COVID-19
DE,80+,2022-09-24,2022-09-12,-12 day ahead inc hosp,quantile,0.25,1543.3566168226585,COVID-19
DE,80+,2022-09-24,2022-09-12,-12 day ahead inc hosp,quantile,0.5,1554.5684454020522,COVID-19
DE,80+,2022-09-24,2022-09-12,-12 day ahead inc hosp,quantile,0.75,1572.9003638910463,COVID-19
DE,80+,2022-09-24,2022-09-12,-12 day ahead inc hosp,quantile,0.9,1580.017944602215,COVID-19
DE,80+,2022-09-24,2022-09-12,-12 day ahead inc hosp,quantile,0.975,1583.956423610965,COVID-19
DE-BB,00+,2022-09-24,2022-09-12,-12 day ahead inc hosp,mean,,134.89398926492558,COVID-19
DE-BB,00+,2022-09-24,2022-09-12,-12 day ahead inc hosp,quantile,0.025,132.89676130407912,COVID-19
DE-BB,00+,2022-09-24,2022-09-12,-12 day ahead inc hosp,quantile,0.1,133.52478112358853,COVID-19
DE-BB,00+,2022-09-24,2022-09-12,-12 day ahead inc hosp,quantile,0.25,134.11452536195438,COVID-19
DE-BB,00+,2022-09-24,2022-09-12,-12 day ahead inc hosp,quantile,0.5,134.85801367145606,COVID-19
DE-BB,00+,2022-09-24,2022-09-12,-12 day ahead inc hosp,quantile,0.75,135.68620845001445,COVID-19
DE-BB,00+,2022-09-24,2022-09-12,-12 day ahead inc hosp,quantile,0.9,136.3719269909911,COVID-19
DE-BB,00+,2022-09-24,2022-09-12,-12 day ahead inc hosp,quantile,0.975,136.90836723924772,COVID-19
DE-BE,00+,2022-09-24,2022-09-12,-12 day ahead inc hosp,mean,,131.19512056410284,COVID-19
DE-BE,00+,2022-09-24,2022-09-12,-12 day ahead inc hosp,quantile,0.025,122.4286018279469,COVID-19
DE-BE,00+,2022-09-24,2022-09-12,-12 day ahead inc hosp,quantile,0.1,124.4637614429813,COVID-19
DE-BE,00+,2022-09-24,2022-09-12,-12 day ahead inc hosp,quantile,0.25,126.11124086694312,COVID-19
DE-BE,00+,2022-09-24,2022-09-12,-12 day ahead inc hosp,quantile,0.5,128.7352367125411,COVID-19
DE-BE,00+,2022-09-24,2022-09-12,-12 day ahead inc hosp,quantile,0.75,136.96474165019472,COVID-19
DE-BE,00+,2022-09-24,2022-09-12,-12 day ahead inc hosp,quantile,0.9,143.16279521634075,COVID-19
DE-BE,00+,2022-09-24,2022-09-12,-12 day ahead inc hosp,quantile,0.975,144.80443964702096,COVID-19
DE-BW,00+,2022-09-24,2022-09-12,-12 day ahead inc hosp,mean,,284.1953922475127,COVID-19
DE-BW,00+,2022-09-24,2022-09-12,-12 day ahead inc hosp,quantile,0.025,278.88672946119084,COVID-19
DE-BW,00+,2022-09-24,2022-09-12,-12 day ahead inc hosp,quantile,0.1,280.59636466970926,COVID-19
DE-BW,00+,2022-09-24,2022-09-12,-12 day ahead inc hosp,quantile,0.25,281.7634943661894,COVID-19
DE-BW,00+,2022-09-24,2022-09-12,-12 day ahead inc hosp,quantile,0.5,283.5519596557199,COVID-19
DE-BW,00+,2022-09-24,2022-09-12,-12 day ahead inc hosp,quantile,0.75,285.7096169948522,COVID-19
DE-BW,00+,2022-09-24,2022-09-12,-12 day ahead inc hosp,quantile,0.9,288.7496697415831,COVID-19
DE-BW,00+,2022-09-24,2022-09-12,-12 day ahead inc hosp,quantile,0.975,292.16616949969074,COVID-19
DE-BY,00+,2022-09-24,2022-09-12,-12 day ahead inc hosp,mean,,790.4824739213517,COVID-19
DE-BY,00+,2022-09-24,2022-09-12,-12 day ahead inc hosp,quantile,0.025,779.6214504577513,COVID-19
DE-BY,00+,2022-09-24,2022-09-12,-12 day ahead inc hosp,quantile,0.1,781.8983878683755,COVID-19
DE-BY,00+,2022-09-24,2022-09-12,-12 day ahead inc hosp,quantile,0.25,783.7709495016348,COVID-19
DE-BY,00+,2022-09-24,2022-09-12,-12 day ahead inc hosp,quantile,0.5,790.5798736217669,COVID-19
DE-BY,00+,2022-09-24,2022-09-12,-12 day ahead inc hosp,quantile,0.75,797.0246048610435,COVID-19
DE-BY,00+,2022-09-24,2022-09-12,-12 day ahead inc hosp,quantile,0.9,799.9833327822619,COVID-19
DE-BY,00+,2022-09-24,2022-09-12,-12 day ahead inc hosp,quantile,0.975,801.9126488635626,COVID-19
DE-HB,00+,2022-09-24,2022-09-12,-12 day ahead inc hosp,mean,,29.962264333597442,COVID-19
DE-HB,00+,2022-09-24,2022-09-12,-12 day ahead inc hosp,quantile,0.025,26.698573333333336,COVID-19
DE-HB,00+,2022-09-24,2022-09-12,-12 day ahead inc hosp,quantile,0.1,27.713119119999995,COVID-19
DE-HB,00+,2022-09-24,2022-09-12,-12 day ahead inc hosp,quantile,0.25,28.8344592,COVID-19
DE-HB,00+,2022-09-24,2022-09-12,-12 day ahead inc hosp,quantile,0.5,29.72746949110706,COVID-19
DE-HB,00+,2022-09-24,2022-09-12,-12 day ahead inc hosp,quantile,0.75,31.329077363513512,COVID-19
DE-HB,00+,2022-09-24,2022-09-12,-12 day ahead inc hosp,quantile,0.9,32.321456595,COVID-19
DE-HB,00+,2022-09-24,2022-09-12,-12 day ahead inc hosp,quantile,0.975,32.48186157978261,COVID-19
DE-HE,00+,2022-09-24,2022-09-12,-12 day ahead inc hosp,mean,,286.12217533875145,COVID-19
DE-HE,00+,2022-09-24,2022-09-12,-12 day ahead inc hosp,quantile,0.025,266.5295463824067,COVID-19
DE-HE,00+,2022-09-24,2022-09-12,-12 day ahead inc hosp,quantile,0.1,267.550719496312,COVID-19
DE-HE,00+,2022-09-24,2022-09-12,-12 day ahead inc hosp,quantile,0.25,269.3213708585254,COVID-19
DE-HE,00+,2022-09-24,2022-09-12,-12 day ahead inc hosp,quantile,0.5,289.8338119729045,COVID-19
DE-HE,00+,2022-09-24,2022-09-12,-12 day ahead inc hosp,quantile,0.75,296.46619288693694,COVID-19
DE-HE,00+,2022-09-24,2022-09-12,-12 day ahead inc hosp,quantile,0.9,308.7254856281153,COVID-19
DE-HE,00+,2022-09-24,2022-09-12,-12 day ahead inc hosp,quantile,0.975,310.9583083573528,COVID-19
DE-HH,00+,2022-09-24,2022-09-12,-12 day ahead inc hosp,mean,,62.10702073414875,COVID-19
DE-HH,00+,2022-09-24,2022-09-12,-12 day ahead inc hosp,quantile,0.025,59.20205767087067,COVID-19
DE-HH,00+,2022-09-24,2022-09-12,-12 day ahead inc hosp,quantile,0.1,59.738738464214286,COVID-19
DE-HH,00+,2022-09-24,2022-09-12,-12 day ahead inc hosp,quantile,0.25,60.76633507435123,COVID-19
DE-HH,00+,2022-09-24,2022-09-12,-12 day ahead inc hosp,quantile,0.5,62.08338280824592,COVID-19
DE-HH,00+,2022-09-24,2022-09-12,-12 day ahead inc hosp,quantile,0.75,63.306064535091096,COVID-19
DE-HH,00+,2022-09-24,2022-09-12,-12 day ahead inc hosp,quantile,0.9,64.39479094329599,COVID-19
DE-HH,00+,2022-09-24,2022-09-12,-12 day ahead inc hosp,quantile,0.975,65.38045685912081,COVID-19
DE-MV,00+,2022-09-24,2022-09-12,-12 day ahead inc hosp,mean,,140.595841124227,COVID-19
DE-MV,00+,2022-09-24,2022-09-12,-12 day ahead inc hosp,quantile,0.025,136.6942349987539,COVID-19
DE-MV,00+,2022-09-24,2022-09-12,-12 day ahead inc hosp,quantile,0.1,137.28983909946325,COVID-19
DE-MV,00+,2022-09-24,2022-09-12,-12 day ahead inc hosp,quantile,0.25,139.3117667278152,COVID-19
DE-MV,00+,2022-09-24,2022-09-12,-12 day ahead inc hosp,quantile,0.5,140.92991056923586,COVID-19
DE-MV,00+,2022-09-24,2022-09-12,-12 day ahead inc hosp,quantile,0.75,141.85497046971017,COVID-19
DE-MV,00+,2022-09-24,2022-09-12,-12 day ahead inc hosp,quantile,0.9,142.56892947672245,COVID-19
DE-MV,00+,2022-09-24,2022-09-12,-12 day ahead inc hosp,quantile,0.975,144.6428852027966,COVID-19
DE-NI,00+,2022-09-24,2022-09-12,-12 day ahead inc hosp,mean,,254.30950559156489,COVID-19
DE-NI,00+,2022-09-24,2022-09-12,-12 day ahead inc hosp,quantile,0.025,248.65015596698936,COVID-19
DE-NI,00+,2022-09-24,2022-09-12,-12 day ahead inc hosp,quantile,0.1,249.83348563153098,COVID-19
DE-NI,00+,2022-09-24,2022-09-12,-12 day ahead inc hosp,quantile,0.25,251.34249969656452,COVID-19
DE-NI,00+,2022-09-24,2022-09-12,-12 day ahead inc hosp,quantile,0.5,253.3065399843507,COVID-19
DE-NI,00+,2022-09-24,2022-09-12,-12 day ahead inc hosp,quantile,0.75,256.7196708506379,COVID-19
DE-NI,00+,2022-09-24,2022-09-12,-12 day ahead inc hosp,quantile,0.9,258.8477898788823,COVID-19
DE-NI,00+,2022-09-24,2022-09-12,-12 day ahead inc hosp,quantile,0.975,265.3185875977897,COVID-19
DE-NW,00+,2022-09-24,2022-09-12,-12 day ahead inc hosp,mean,,1128.9442042064697,COVID-19
DE-NW,00+,2022-09-24,2022-09-12,-12 day ahead inc hosp,quantile,0.025,1116.3538946121873,COVID-19
DE-NW,00+,2022-09-24,2022-09-12,-12 day ahead inc hosp,quantile,0.1,1118.1545926249714,COVID-19
DE-NW,00+,2022-09-24,2022-09-12,-12 day ahead inc hosp,quantile,0.25,1120.64879811049,COVID-19
DE-NW,00+,2022-09-24,2022-09-12,-12 day ahead inc hosp,quantile,0.5,1127.4249949067123,COVID-19
DE-NW,00+,2022-09-24,2022-09-12,-12 day ahead inc hosp,quantile,0.75,1134.7614232805174,COVID-19
DE-NW,00+,2022-09-24,2022-09-12,-12 day ahead inc hosp,quantile,0.9,1145.424164844168,COVID-19
DE-NW,00+,2022-09-24,2022-09-12,-12 day ahead inc hosp,quantile,0.975,1150.4511178787998,COVID-19
DE-RP,00+,2022-09-24,2022-09-12,-12 day ahead inc hosp,mean,,238.78795410402182,COVID-19
DE-RP,00+,2022-09-24,2022-09-12,-12 day ahead inc hosp,quantile,0.025,230.36129522823765,COVID-19
DE-RP,00+,2022-09-24,2022-09-12,-12 day ahead inc hosp,quantile,0.1,231.06697400609676,COVID-19
DE-RP,00+,2022-09-24,2022-09-12,-12 day ahead inc hosp,quantile,0.25,231.92258759084282,COVID-19
DE-RP,00+,2022-09-24,2022-09-12,-12 day ahead inc hosp,quantile,0.5,240.07511221964702,COVID-19
DE-RP,00+,2022-09-24,2022-09-12,-12 day ahead inc hosp,quantile,0.75,243.01244969969326,COVID-19
DE-RP,00+,2022-09-24,2022-09-12,-12 day ahead inc hosp,quantile,0.9,246.2375861400966,COVID-19
DE-RP,00+,2022-09-24,2022-09-12,-12 day ahead inc hosp,quantile,0.975,251.39244402783544,COVID-19
DE-SH,00+,2022-09-24,2022-09-12,-12 day ahead inc hosp,mean,,141.13920116963925,COVID-19
DE-SH,00+,2022-09-24,2022-09-12,-12 day ahead inc hosp,quantile,0.025,136.50947518257203,COVID-19
DE-SH,00+,2022-09-24,2022-09-12,-12 day ahead inc hosp,quantile,0.1,139.10849625695843,COVID-19
DE-SH,00+,2022-09-24,2022-09-12,-12 day ahead inc hosp,quantile,0.25,139.95396686836568,COVID-19
DE-SH,00+,2022-09-24,2022-09-12,-12 day ahead inc hosp,quantile,0.5,140.98112341059607,COVID-19
DE-SH,00+,2022-09-24,2022-09-12,-12 day ahead inc hosp,quantile,0.75,142.05048219060424,COVID-19
DE-SH,00+,2022-09-24,2022-09-12,-12 day ahead inc hosp,quantile,0.9,143.16822081670233,COVID-19
DE-SH,00+,2022-09-24,2022-09-12,-12 day ahead inc hosp,quantile,0.975,147.37118736506142,COVID-19
DE-SL,00+,2022-09-24,2022-09-12,-12 day ahead inc hosp,mean,,63.63846272861588,COVID-19
DE-SL,00+,2022-09-24,2022-09-12,-12 day ahead inc hosp,quantile,0.025,61.57285317232259,COVID-19
DE-SL,00+,2022-09-24,2022-09-12,-12 day ahead inc hosp,quantile,0.1,62.01500335246494,COVID-19
DE-SL,00+,2022-09-24,2022-09-12,-12 day ahead inc hosp,quantile,0.25,62.62766614764913,COVID-19
DE-SL,00+,2022-09-24,2022-09-12,-12 day ahead inc hosp,quantile,0.5,63.434854850993936,COVID-19
DE-SL,00+,2022-09-24,2022-09-12,-12 day ahead inc hosp,quantile,0.75,64.7299709260392,COVID-19
DE-SL,00+,2022-09-24,2022-09-12,-12 day ahead inc hosp,quantile,0.9,65.24162521780646,COVID-19
DE-SL,00+,2022-09-24,2022-09-12,-12 day ahead inc hosp,quantile,0.975,65.93343488622386,COVID-19
DE-SN,00+,2022-09-24,2022-09-12,-12 day ahead inc hosp,mean,,230.46557479777184,COVID-19
DE-SN,00+,2022-09-24,2022-09-12,-12 day ahead inc hosp,quantile,0.025,221.73012516052574,COVID-19
DE-SN,00+,2022-09-24,2022-09-12,-12 day ahead inc hosp,quantile,0.1,222.91781510242055,COVID-19
DE-SN,00+,2022-09-24,2022-09-12,-12 day ahead inc hosp,quantile,0.25,226.5078176761449,COVID-19
DE-SN,00+,2022-09-24,2022-09-12,-12 day ahead inc hosp,quantile,0.5,229.57657693239238,COVID-19
DE-SN,00+,2022-09-24,2022-09-12,-12 day ahead inc hosp,quantile,0.75,233.33544585286094,COVID-19
DE-SN,00+,2022-09-24,2022-09-12,-12 day ahead inc hosp,quantile,0.9,238.93904187630955,COVID-19
DE-SN,00+,2022-09-24,2022-09-12,-12 day ahead inc hosp,quantile,0.975,243.45045860380796,COVID-19
DE-ST,00+,2022-09-24,2022-09-12,-12 day ahead inc hosp,mean,,140.46064129757707,COVID-19
DE-ST,00+,2022-09-24,2022-09-12,-12 day ahead inc hosp,quantile,0.025,135.98936672423298,COVID-19
DE-ST,00+,2022-09-24,2022-09-12,-12 day ahead inc hosp,quantile,0.1,136.7679409103911,COVID-19
DE-ST,00+,2022-09-24,2022-09-12,-12 day ahead inc hosp,quantile,0.25,137.6514226477474,COVID-19
DE-ST,00+,2022-09-24,2022-09-12,-12 day ahead inc hosp,quantile,0.5,139.43748441700487,COVID-19
DE-ST,00+,2022-09-24,2022-09-12,-12 day ahead inc hosp,quantile,0.75,142.94470302658158,COVID-19
DE-ST,00+,2022-09-24,2022-09-12,-12 day ahead inc hosp,quantile,0.9,145.92832801517952,COVID-19
DE-ST,00+,2022-09-24,2022-09-12,-12 day ahead inc hosp,quantile,0.975,147.699153329736,COVID-19
DE-TH,00+,2022-09-24,2022-09-12,-12 day ahead inc hosp,mean,,138.410521360995,COVID-19
DE-TH,00+,2022-09-24,2022-09-12,-12 day ahead inc hosp,quantile,0.025,135.59484754116303,COVID-19
DE-TH,00+,2022-09-24,2022-09-12,-12 day ahead inc hosp,quantile,0.1,135.92314662179928,COVID-19
DE-TH,00+,2022-09-24,2022-09-12,-12 day ahead inc hosp,quantile,0.25,137.41938681834722,COVID-19
DE-TH,00+,2022-09-24,2022-09-12,-12 day ahead inc hosp,quantile,0.5,138.43441778368748,COVID-19
DE-TH,00+,2022-09-24,2022-09-12,-12 day ahead inc hosp,quantile,0.75,139.4435912799933,COVID-19
DE-TH,00+,2022-09-24,2022-09-12,-12 day ahead inc hosp,quantile,0.9,140.49862467166415,COVID-19
DE-TH,00+,2022-09-24,2022-09-12,-12 day ahead inc hosp,quantile,0.975,141.28827326040255,COVID-19
DE,00+,2022-09-24,2022-09-13,-11 day ahead inc hosp,mean,,4227.189356704007,COVID-19
DE,00+,2022-09-24,2022-09-13,-11 day ahead inc hosp,quantile,0.025,4146.331623171356,COVID-19
DE,00+,2022-09-24,2022-09-13,-11 day ahead inc hosp,quantile,0.1,4161.490135890012,COVID-19
DE,00+,2022-09-24,2022-09-13,-11 day ahead inc hosp,quantile,0.25,4186.188082875009,COVID-19
DE,00+,2022-09-24,2022-09-13,-11 day ahead inc hosp,quantile,0.5,4226.407070971298,COVID-19
DE,00+,2022-09-24,2022-09-13,-11 day ahead inc hosp,quantile,0.75,4270.497201716365,COVID-19
DE,00+,2022-09-24,2022-09-13,-11 day ahead inc hosp,quantile,0.9,4292.159698990146,COVID-19
DE,00+,2022-09-24,2022-09-13,-11 day ahead inc hosp,quantile,0.975,4305.896911721684,COVID-19
DE,00-04,2022-09-24,2022-09-13,-11 day ahead inc hosp,mean,,162.36786455045956,COVID-19
DE,00-04,2022-09-24,2022-09-13,-11 day ahead inc hosp,quantile,0.025,159.66618307927837,COVID-19
DE,00-04,2022-09-24,2022-09-13,-11 day ahead inc hosp,quantile,0.1,160.21764634141834,COVID-19
DE,00-04,2022-09-24,2022-09-13,-11 day ahead inc hosp,quantile,0.25,160.71860099369064,COVID-19
DE,00-04,2022-09-24,2022-09-13,-11 day ahead inc hosp,quantile,0.5,161.76104476600946,COVID-19
DE,00-04,2022-09-24,2022-09-13,-11 day ahead inc hosp,quantile,0.75,164.1835299980721,COVID-19
DE,00-04,2022-09-24,2022-09-13,-11 day ahead inc hosp,quantile,0.9,164.7510676593057,COVID-19
DE,00-04,2022-09-24,2022-09-13,-11 day ahead inc hosp,quantile,0.975,165.3050396251043,COVID-19
DE,05-14,2022-09-24,2022-09-13,-11 day ahead inc hosp,mean,,55.35381962412857,COVID-19
DE,05-14,2022-09-24,2022-09-13,-11 day ahead inc hosp,quantile,0.025,53.60371989543651,COVID-19
DE,05-14,2022-09-24,2022-09-13,-11 day ahead inc hosp,quantile,0.1,54.10572796156898,COVID-19
DE,05-14,2022-09-24,2022-09-13,-11 day ahead inc hosp,quantile,0.25,54.42467551814938,COVID-19
DE,05-14,2022-09-24,2022-09-13,-11 day ahead inc hosp,quantile,0.5,55.06787826605962,COVID-19
DE,05-14,2022-09-24,2022-09-13,-11 day ahead inc hosp,quantile,0.75,55.962321375779624,COVID-19
DE,05-14,2022-09-24,2022-09-13,-11 day ahead inc hosp,quantile,0.9,57.106135593591965,COVID-19
DE,05-14,2022-09-24,2022-09-13,-11 day ahead inc hosp,quantile,0.975,58.794075552060065,COVID-19
DE,15-34,2022-09-24,2022-09-13,-11 day ahead inc hosp,mean,,332.0185590980005,COVID-19
DE,15-34,2022-09-24,2022-09-13,-11 day ahead inc hosp,quantile,0.025,322.9298883816863,COVID-19
DE,15-34,2022-09-24,2022-09-13,-11 day ahead inc hosp,quantile,0.1,324.13028097428924,COVID-19
DE,15-34,2022-09-24,2022-09-13,-11 day ahead inc hosp,quantile,0.25,326.7785813357236,COVID-19
DE,15-34,2022-09-24,2022-09-13,-11 day ahead inc hosp,quantile,0.5,333.47235646548444,COVID-19
DE,15-34,2022-09-24,2022-09-13,-11 day ahead inc hosp,quantile,0.75,335.2039490154643,COVID-19
DE,15-34,2022-09-24,2022-09-13,-11 day ahead inc hosp,quantile,0.9,338.6617023732608,COVID-19
DE,15-34,2022-09-24,2022-09-13,-11 day ahead inc hosp,quantile,0.975,341.361303260802,COVID-19
DE,35-59,2022-09-24,2022-09-13,-11 day ahead inc hosp,mean,,633.0883921823298,COVID-19
DE,35-59,2022-09-24,2022-09-13,-11 day ahead inc hosp,quantile,0.025,615.8711504971875,COVID-19
DE,35-59,2022-09-24,2022-09-13,-11 day ahead inc hosp,quantile,0.1,617.3166056693624,COVID-19
DE,35-59,2022-09-24,2022-09-13,-11 day ahead inc hosp,quantile,0.25,621.1086795370356,COVID-19
DE,35-59,2022-09-24,2022-09-13,-11 day ahead inc hosp,quantile,0.5,637.8384957449953,COVID-19
DE,35-59,2022-09-24,2022-09-13,-11 day ahead inc hosp,quantile,0.75,641.622570524664,COVID-19
DE,35-59,2022-09-24,2022-09-13,-11 day ahead inc hosp,quantile,0.9,645.0879129980731,COVID-19
DE,35-59,2022-09-24,2022-09-13,-11 day ahead inc hosp,quantile,0.975,649.6681500787521,COVID-19
DE,60-79,2022-09-24,2022-09-13,-11 day ahead inc hosp,mean,,1418.1725303540063,COVID-19
DE,60-79,2022-09-24,2022-09-13,-11 day ahead inc hosp,quantile,0.025,1392.422426658551,COVID-19
DE,60-79,2022-09-24,2022-09-13,-11 day ahead inc hosp,quantile,0.1,1398.821085233771,COVID-19
DE,60-79,2022-09-24,2022-09-13,-11 day ahead inc hosp,quantile,0.25,1405.7210178974997,COVID-19
DE,60-79,2022-09-24,2022-09-13,-11 day ahead inc hosp,quantile,0.5,1415.6795977309598,COVID-19
DE,60-79,2022-09-24,2022-09-13,-11 day ahead inc hosp,quantile,0.75,1429.8923317456452,COVID-19
DE,60-79,2022-09-24,2022-09-13,-11 day ahead inc hosp,quantile,0.9,1438.7816154807185,COVID-19
DE,60-79,2022-09-24,2022-09-13,-11 day ahead inc hosp,quantile,0.975,1444.9935494304489,COVID-19
DE,80+,2022-09-24,2022-09-13,-11 day ahead inc hosp,mean,,1573.8241192587025,COVID-19
DE,80+,2022-09-24,2022-09-13,-11 day ahead inc hosp,quantile,0.025,1541.9234375039257,COVID-19
DE,80+,2022-09-24,2022-09-13,-11 day ahead inc hosp,quantile,0.1,1548.7764852930982,COVID-19
DE,80+,2022-09-24,2022-09-13,-11 day ahead inc hosp,quantile,0.25,1558.4264887864124,COVID-19
DE,80+,2022-09-24,2022-09-13,-11 day ahead inc hosp,quantile,0.5,1571.8937611503504,COVID-19
DE,80+,2022-09-24,2022-09-13,-11 day ahead inc hosp,quantile,0.75,1591.083189034055,COVID-19
DE,80+,2022-09-24,2022-09-13,-11 day ahead inc hosp,quantile,0.9,1600.3281491051935,COVID-19
DE,80+,2022-09-24,2022-09-13,-11 day ahead inc hosp,quantile,0.975,1606.7636515371803,COVID-19
DE-BB,00+,2022-09-24,2022-09-13,-11 day ahead inc hosp,mean,,137.52041188241128,COVID-19
DE-BB,00+,2022-09-24,2022-09-13,-11 day ahead inc hosp,quantile,0.025,135.40913865110704,COVID-19
DE-BB,00+,2022-09-24,2022-09-13,-11 day ahead inc hosp,quantile,0.1,136.12971095188425,COVID-19
DE-BB,00+,2022-09-24,2022-09-13,-11 day ahead inc hosp,quantile,0.25,136.5796513813474,COVID-19
DE-BB,00+,2022-09-24,2022-09-13,-11 day ahead inc hosp,quantile,0.5,137.3152981897281,COVID-19
DE-BB,00+,2022-09-24,2022-09-13,-11 day ahead inc hosp,quantile,0.75,138.41295253436627,COVID-19
DE-BB,00+,2022-09-24,2022-09-13,-11 day ahead inc hosp,quantile,0.9,139.29177805594895,COVID-19
DE-BB,00+,2022-09-24,2022-09-13,-11 day ahead inc hosp,quantile,0.975,139.86958977693408,COVID-19
DE-BE,00+,2022-09-24,2022-09-13,-11 day ahead inc hosp,mean,,129.1469104513883,COVID-19
DE-BE,00+,2022-09-24,2022-09-13,-11 day ahead inc hosp,quantile,0.025,119.83304706766481,COVID-19
DE-BE,00+,2022-09-24,2022-09-13,-11 day ahead inc hosp,quantile,0.1,122.07891587720198,COVID-19
DE-BE,00+,2022-09-24,2022-09-13,-11 day ahead inc hosp,quantile,0.25,123.55125862648318,COVID-19
DE-BE,00+,2022-09-24,2022-09-13,-11 day ahead inc hosp,quantile,0.5,127.05735708891437,COVID-19
DE-BE,00+,2022-09-24,2022-09-13,-11 day ahead inc hosp,quantile,0.75,135.60921562499732,COVID-19
DE-BE,00+,2022-09-24,2022-09-13,-11 day ahead inc hosp,quantile,0.9,140.77798320059776,COVID-19
DE-BE,00+,2022-09-24,2022-09-13,-11 day ahead inc hosp,quantile,0.975,142.06016140123714,COVID-19
DE-BW,00+,2022-09-24,2022-09-13,-11 day ahead inc hosp,mean,,290.89843705367156,COVID-19
DE-BW,00+,2022-09-24,2022-09-13,-11 day ahead inc hosp,quantile,0.025,285.2406959266144,COVID-19
DE-BW,00+,2022-09-24,2022-09-13,-11 day ahead inc hosp,quantile,0.1,286.97539101534716,COVID-19
DE-BW,00+,2022-09-24,2022-09-13,-11 day ahead inc hosp,quantile,0.25,287.9272644285004,COVID-19
DE-BW,00+,2022-09-24,2022-09-13,-11 day ahead inc hosp,quantile,0.5,289.7963423724843,COVID-19
DE-BW,00+,2022-09-24,2022-09-13,-11 day ahead inc hosp,quantile,0.75,292.73785292361487,COVID-19
DE-BW,00+,2022-09-24,2022-09-13,-11 day ahead inc hosp,quantile,0.9,296.55238958149215,COVID-19
DE-BW,00+,2022-09-24,2022-09-13,-11 day ahead inc hosp,quantile,0.975,299.980951151421,COVID-19
DE-BY,00+,2022-09-24,2022-09-13,-11 day ahead inc hosp,mean,,792.495196997283,COVID-19
DE-BY,00+,2022-09-24,2022-09-13,-11 day ahead inc hosp,quantile,0.025,779.3081792404331,COVID-19
DE-BY,00+,2022-09-24,2022-09-13,-11 day ahead inc hosp,quantile,0.1,781.8651529051452,COVID-19
DE-BY,00+,2022-09-24,2022-09-13,-11 day ahead inc hosp,quantile,0.25,785.126082063629,COVID-19
DE-BY,00+,2022-09-24,2022-09-13,-11 day ahead inc hosp,quantile,0.5,793.070387154175,COVID-19
DE-BY,00+,2022-09-24,2022-09-13,-11 day ahead inc hosp,quantile,0.75,799.1699358413117,COVID-19
DE-BY,00+,2022-09-24,2022-09-13,-11 day ahead inc hosp,quantile,0.9,803.9313286881755,COVID-19
DE-BY,00+,2022-09-24,2022-09-13,-11 day ahead inc hosp,quantile,0.975,806.6012658971525,COVID-19
DE-HB,00+,2022-09-24,2022-09-13,-11 day ahead inc hosp,mean,,29.97606493086002,COVID-19
DE-HB,00+,2022-09-24,2022-09-13,-11 day ahead inc hosp,quantile,0.025,26.698573333333336,COVID-19
DE-HB,00+,2022-09-24,2022-09-13,-11 day ahead inc hosp,quantile,0.1,28.025945800000002,COVID-19
DE-HB,00+,2022-09-24,2022-09-13,-11 day ahead inc hosp,quantile,0.25,28.8344592,COVID-19
DE-HB,00+,2022-09-24,2022-09-13,-11 day ahead inc hosp,quantile,0.5,29.82768450437989,COVID-19
DE-HB,00+,2022-09-24,2022-09-13,-11 day ahead inc hosp,quantile,0.75,31.329077363513512,COVID-19
DE-HB,00+,2022-09-24,2022-09-13,-11 day ahead inc hosp,quantile,0.9,32.438766599999994,COVID-19
DE-HB,00+,2022-09-24,2022-09-13,-11 day ahead inc hosp,quantile,0.975,32.48186157978261,COVID-19
DE-HE,00+,2022-09-24,2022-09-13,-11 day ahead inc hosp,mean,,277.4935963289131,COVID-19
DE-HE,00+,2022-09-24,2022-09-13,-11 day ahead inc hosp,quantile,0.025,257.37434121214915,COVID-19
DE-HE,00+,2022-09-24,2022-09-13,-11 day ahead inc hosp,quantile,0.1,258.5635555174938,COVID-19
DE-HE,00+,2022-09-24,2022-09-13,-11 day ahead inc hosp,quantile,0.25,260.5285061721564,COVID-19
DE-HE,00+,2022-09-24,2022-09-13,-11 day ahead inc hosp,quantile,0.5,280.4042695748016,COVID-19
DE-HE,00+,2022-09-24,2022-09-13,-11 day ahead inc hosp,quantile,0.75,288.00268360003486,COVID-19
DE-HE,00+,2022-09-24,2022-09-13,-11 day ahead inc hosp,quantile,0.9,298.68871092712664,COVID-19
DE-HE,00+,2022-09-24,2022-09-13,-11 day ahead inc hosp,quantile,0.975,300.3927579538304,COVID-19
DE-HH,00+,2022-09-24,2022-09-13,-11 day ahead inc hosp,mean,,67.34714441940108,COVID-19
DE-HH,00+,2022-09-24,2022-09-13,-11 day ahead inc hosp,quantile,0.025,63.910202878423014,COVID-19
DE-HH,00+,2022-09-24,2022-09-13,-11 day ahead inc hosp,quantile,0.1,64.62425439986211,COVID-19
DE-HH,00+,2022-09-24,2022-09-13,-11 day ahead inc hosp,quantile,0.25,65.99942701308633,COVID-19
DE-HH,00+,2022-09-24,2022-09-13,-11 day ahead inc hosp,quantile,0.5,67.53955059924782,COVID-19
DE-HH,00+,2022-09-24,2022-09-13,-11 day ahead inc hosp,quantile,0.75,68.70534480867528,COVID-19
DE-HH,00+,2022-09-24,2022-09-13,-11 day ahead inc hosp,quantile,0.9,69.73792726921413,COVID-19
DE-HH,00+,2022-09-24,2022-09-13,-11 day ahead inc hosp,quantile,0.975,70.71387772501602,COVID-19
DE-MV,00+,2022-09-24,2022-09-13,-11 day ahead inc hosp,mean,,145.40284473508967,COVID-19
DE-MV,00+,2022-09-24,2022-09-13,-11 day ahead inc hosp,quantile,0.025,141.78220093762408,COVID-19
DE-MV,00+,2022-09-24,2022-09-13,-11 day ahead inc hosp,quantile,0.1,142.2765760273864,COVID-19
DE-MV,00+,2022-09-24,2022-09-13,-11 day ahead inc hosp,quantile,0.25,143.9359574644494,COVID-19
DE-MV,00+,2022-09-24,2022-09-13,-11 day ahead inc hosp,quantile,0.5,145.42953470421068,COVID-19
DE-MV,00+,2022-09-24,2022-09-13,-11 day ahead inc hosp,quantile,0.75,146.40283564736305,COVID-19
DE-MV,00+,2022-09-24,2022-09-13,-11 day ahead inc hosp,quantile,0.9,147.96430315899357,COVID-19
DE-MV,00+,2022-09-24,2022-09-13,-11 day ahead inc hosp,quantile,0.975,150.36735721695823,COVID-19
DE-NI,00+,2022-09-24,2022-09-13,-11 day ahead inc hosp,mean,,253.82502851246946,COVID-19
DE-NI,00+,2022-09-24,2022-09-13,-11 day ahead inc hosp,quantile,0.025,248.05472782415288,COVID-19
DE-NI,00+,2022-09-24,2022-09-13,-11 day ahead inc hosp,quantile,0.1,248.85290090578246,COVID-19
DE-NI,00+,2022-09-24,2022-09-13,-11 day ahead inc hosp,quantile,0.25,250.42174870749668,COVID-19
DE-NI,00+,2022-09-24,2022-09-13,-11 day ahead inc hosp,quantile,0.5,252.77539397484705,COVID-19
DE-NI,00+,2022-09-24,2022-09-13,-11 day ahead inc hosp,quantile,0.75,256.3487935832665,COVID-19
DE-NI,00+,2022-09-24,2022-09-13,-11 day ahead inc hosp,quantile,0.9,260.42125873161734,COVID-19
DE-NI,00+,2022-09-24,2022-09-13,-11 day ahead inc hosp,quantile,0.975,265.79322034016343,COVID-19
DE-NW,00+,2022-09-24,2022-09-13,-11 day ahead inc hosp,mean,,1123.1561420774105,COVID-19
DE-NW,00+,2022-09-24,2022-09-13,-11 day ahead inc hosp,quantile,0.025,1108.8983221688209,COVID-19
DE-NW,00+,2022-09-24,2022-09-13,-11 day ahead inc hosp,quantile,0.1,1110.358332080431,COVID-19
DE-NW,00+,2022-09-24,2022-09-13,-11 day ahead inc hosp,quantile,0.25,1113.338882236583,COVID-19
DE-NW,00+,2022-09-24,2022-09-13,-11 day ahead inc hosp,quantile,0.5,1122.1041831557818,COVID-19
DE-NW,00+,2022-09-24,2022-09-13,-11 day ahead inc hosp,quantile,0.75,1129.5226814879688,COVID-19
DE-NW,00+,2022-09-24,2022-09-13,-11 day ahead inc hosp,quantile,0.9,1141.5421762692752,COVID-19
DE-NW,00+,2022-09-24,2022-09-13,-11 day ahead inc hosp,quantile,0.975,1147.9462123666913,COVID-19
DE-RP,00+,2022-09-24,2022-09-13,-11 day ahead inc hosp,mean,,247.5189268732988,COVID-19
DE-RP,00+,2022-09-24,2022-09-13,-11 day ahead inc hosp,quantile,0.025,237.1046562500549,COVID-19
DE-RP,00+,2022-09-24,2022-09-13,-11 day ahead inc hosp,quantile,0.1,237.74123737270875,COVID-19
DE-RP,00+,2022-09-24,2022-09-13,-11 day ahead inc hosp,quantile,0.25,239.69684069165808,COVID-19
DE-RP,00+,2022-09-24,2022-09-13,-11 day ahead inc hosp,quantile,0.5,249.18833955225574,COVID-19
DE-RP,00+,2022-09-24,2022-09-13,-11 day ahead inc hosp,quantile,0.75,251.99637277552353,COVID-19
DE-RP,00+,2022-09-24,2022-09-13,-11 day ahead inc hosp,quantile,0.9,257.29544292892547,COVID-19
DE-RP,00+,2022-09-24,2022-09-13,-11 day ahead inc hosp,quantile,0.975,261.9077396700512,COVID-19
DE-SH,00+,2022-09-24,2022-09-13,-11 day ahead inc hosp,mean,,141.57989216303486,COVID-19
DE-SH,00+,2022-09-24,2022-09-13,-11 day ahead inc hosp,quantile,0.025,136.395388265626,COVID-19
DE-SH,00+,2022-09-24,2022-09-13,-11 day ahead inc hosp,quantile,0.1,138.96111323820585,COVID-19
DE-SH,00+,2022-09-24,2022-09-13,-11 day ahead inc hosp,quantile,0.25,140.07572543466998,COVID-19
DE-SH,00+,2022-09-24,2022-09-13,-11 day ahead inc hosp,quantile,0.5,141.28811406114497,COVID-19
DE-SH,00+,2022-09-24,2022-09-13,-11 day ahead inc hosp,quantile,0.75,142.49688577983582,COVID-19
DE-SH,00+,2022-09-24,2022-09-13,-11 day ahead inc hosp,quantile,0.9,144.3870137183668,COVID-19
DE-SH,00+,2022-09-24,2022-09-13,-11 day ahead inc hosp,quantile,0.975,149.08015010221703,COVID-19
DE-SL,00+,2022-09-24,2022-09-13,-11 day ahead inc hosp,mean,,62.48411509363954,COVID-19
DE-SL,00+,2022-09-24,2022-09-13,-11 day ahead inc hosp,quantile,0.025,60.25962124825807,COVID-19
DE-SL,00+,2022-09-24,2022-09-13,-11 day ahead inc hosp,quantile,0.1,60.72670838153308,COVID-19
DE-SL,00+,2022-09-24,2022-09-13,-11 day ahead inc hosp,quantile,0.25,61.32963666198924,COVID-19
DE-SL,00+,2022-09-24,2022-09-13,-11 day ahead inc hosp,quantile,0.5,62.36545794654417,COVID-19
DE-SL,00+,2022-09-24,2022-09-13,-11 day ahead inc hosp,quantile,0.75,63.47152413611093,COVID-19
DE-SL,00+,2022-09-24,2022-09-13,-11 day ahead inc hosp,quantile,0.9,63.85350785142857,COVID-19
DE-SL,00+,2022-09-24,2022-09-13,-11 day ahead inc hosp,quantile,0.975,65.76088740556813,COVID-19
DE-SN,00+,2022-09-24,2022-09-13,-11 day ahead inc hosp,mean,,241.4128564095773,COVID-19
DE-SN,00+,2022-09-24,2022-09-13,-11 day ahead inc hosp,quantile,0.025,229.69677884195642,COVID-19
DE-SN,00+,2022-09-24,2022-09-13,-11 day ahead inc hosp,quantile,0.1,232.18919131489326,COVID-19
DE-SN,00+,2022-09-24,2022-09-13,-11 day ahead inc hosp,quantile,0.25,236.49817848650554,COVID-19
DE-SN,00+,2022-09-24,2022-09-13,-11 day ahead inc hosp,quantile,0.5,240.5986312115231,COVID-19
DE-SN,00+,2022-09-24,2022-09-13,-11 day ahead inc hosp,quantile,0.75,245.8682234281792,COVID-19
DE-SN,00+,2022-09-24,2022-09-13,-11 day ahead inc hosp,quantile,0.9,252.16983835774244,COVID-19
DE-SN,00+,2022-09-24,2022-09-13,-11 day ahead inc hosp,quantile,0.975,256.7366075328044,COVID-19
DE-ST,00+,2022-09-24,2022-09-13,-11 day ahead inc hosp,mean,,147.74715515621918,COVID-19
DE-ST,00+,2022-09-24,2022-09-13,-11 day ahead inc hosp,quantile,0.025,142.58881662333678,COVID-19
DE-ST,00+,2022-09-24,2022-09-13,-11 day ahead inc hosp,quantile,0.1,142.873984278847,COVID-19
DE-ST,00+,2022-09-24,2022-09-13,-11 day ahead inc hosp,quantile,0.25,144.4071958769604,COVID-19
DE-ST,00+,2022-09-24,2022-09-13,-11 day ahead inc hosp,quantile,0.5,146.51287976890333,COVID-19
DE-ST,00+,2022-09-24,2022-09-13,-11 day ahead inc hosp,quantile,0.75,150.50724714605315,COVID-19
DE-ST,00+,2022-09-24,2022-09-13,-11 day ahead inc hosp,quantile,0.9,154.05325476836038,COVID-19
DE-ST,00+,2022-09-24,2022-09-13,-11 day ahead inc hosp,quantile,0.975,156.1206296769616,COVID-19
DE-TH,00+,2022-09-24,2022-09-13,-11 day ahead inc hosp,mean,,144.2922568677834,COVID-19
DE-TH,00+,2022-09-24,2022-09-13,-11 day ahead inc hosp,quantile,0.025,140.769437661929,COVID-19
DE-TH,00+,2022-09-24,2022-09-13,-11 day ahead inc hosp,quantile,0.1,141.43495241980685,COVID-19
DE-TH,00+,2022-09-24,2022-09-13,-11 day ahead inc hosp,quantile,0.25,143.26034695473922,COVID-19
DE-TH,00+,2022-09-24,2022-09-13,-11 day ahead inc hosp,quantile,0.5,144.46771695343264,COVID-19
DE-TH,00+,2022-09-24,2022-09-13,-11 day ahead inc hosp,quantile,0.75,145.4828955808081,COVID-19
DE-TH,00+,2022-09-24,2022-09-13,-11 day ahead inc hosp,quantile,0.9,146.5315548057651,COVID-19
DE-TH,00+,2022-09-24,2022-09-13,-11 day ahead inc hosp,quantile,0.975,147.41626537295255,COVID-19
DE,00+,2022-09-24,2022-09-14,-10 day ahead inc hosp,mean,,4270.114765624316,COVID-19
DE,00+,2022-09-24,2022-09-14,-10 day ahead inc hosp,quantile,0.025,4175.513391677427,COVID-19
DE,00+,2022-09-24,2022-09-14,-10 day ahead inc hosp,quantile,0.1,4196.736755536523,COVID-19
DE,00+,2022-09-24,2022-09-14,-10 day ahead inc hosp,quantile,0.25,4227.543281305299,COVID-19
DE,00+,2022-09-24,2022-09-14,-10 day ahead inc hosp,quantile,0.5,4272.227740242198,COVID-19
DE,00+,2022-09-24,2022-09-14,-10 day ahead inc hosp,quantile,0.75,4313.236406429439,COVID-19
DE,00+,2022-09-24,2022-09-14,-10 day ahead inc hosp,quantile,0.9,4343.749929305157,COVID-19
DE,00+,2022-09-24,2022-09-14,-10 day ahead inc hosp,quantile,0.975,4359.662797735152,COVID-19
DE,00-04,2022-09-24,2022-09-14,-10 day ahead inc hosp,mean,,160.1024002873087,COVID-19
DE,00-04,2022-09-24,2022-09-14,-10 day ahead inc hosp,quantile,0.025,157.58595561634826,COVID-19
DE,00-04,2022-09-24,2022-09-14,-10 day ahead inc hosp,quantile,0.1,158.00762742495482,COVID-19
DE,00-04,2022-09-24,2022-09-14,-10 day ahead inc hosp,quantile,0.25,158.37803439339953,COVID-19
DE,00-04,2022-09-24,2022-09-14,-10 day ahead inc hosp,quantile,0.5,159.75007508149525,COVID-19
DE,00-04,2022-09-24,2022-09-14,-10 day ahead inc hosp,quantile,0.75,161.58448071414728,COVID-19
DE,00-04,2022-09-24,2022-09-14,-10 day ahead inc hosp,quantile,0.9,162.42192303947692,COVID-19
DE,00-04,2022-09-24,2022-09-14,-10 day ahead inc hosp,quantile,0.975,163.2885347847317,COVID-19
DE,05-14,2022-09-24,2022-09-14,-10 day ahead inc hosp,mean,,50.18330894913354,COVID-19
DE,05-14,2022-09-24,2022-09-14,-10 day ahead inc hosp,quantile,0.025,48.49849157037553,COVID-19
DE,05-14,2022-09-24,2022-09-14,-10 day ahead inc hosp,quantile,0.1,49.046753064300816,COVID-19
DE,05-14,2022-09-24,2022-09-14,-10 day ahead inc hosp,quantile,0.25,49.288466983524486,COVID-19
DE,05-14,2022-09-24,2022-09-14,-10 day ahead inc hosp,quantile,0.5,49.867625916942586,COVID-19
DE,05-14,2022-09-24,2022-09-14,-10 day ahead inc hosp,quantile,0.75,50.699844149321144,COVID-19
DE,05-14,2022-09-24,2022-09-14,-10 day ahead inc hosp,quantile,0.9,51.84975251396625,COVID-19
DE,05-14,2022-09-24,2022-09-14,-10 day ahead inc hosp,quantile,0.975,53.64726387979661,COVID-19
DE,15-34,2022-09-24,2022-09-14,-10 day ahead inc hosp,mean,,332.6115445287178,COVID-19
DE,15-34,2022-09-24,2022-09-14,-10 day ahead inc hosp,quantile,0.025,322.0925705065255,COVID-19
DE,15-34,2022-09-24,2022-09-14,-10 day ahead inc hosp,quantile,0.1,323.91881933672437,COVID-19
DE,15-34,2022-09-24,2022-09-14,-10 day ahead inc hosp,quantile,0.25,328.3583017160317,COVID-19
DE,15-34,2022-09-24,2022-09-14,-10 day ahead inc hosp,quantile,0.5,333.4015804779314,COVID-19
DE,15-34,2022-09-24,2022-09-14,-10 day ahead inc hosp,quantile,0.75,335.7982211165062,COVID-19
DE,15-34,2022-09-24,2022-09-14,-10 day ahead inc hosp,quantile,0.9,339.81198450960255,COVID-19
DE,15-34,2022-09-24,2022-09-14,-10 day ahead inc hosp,quantile,0.975,343.53795616916165,COVID-19
DE,35-59,2022-09-24,2022-09-14,-10 day ahead inc hosp,mean,,644.5127641512032,COVID-19
DE,35-59,2022-09-24,2022-09-14,-10 day ahead inc hosp,quantile,0.025,624.0694319339511,COVID-19
DE,35-59,2022-09-24,2022-09-14,-10 day ahead inc hosp,quantile,0.1,626.2718330144177,COVID-19
DE,35-59,2022-09-24,2022-09-14,-10 day ahead inc hosp,quantile,0.25,632.2920136255569,COVID-19
DE,35-59,2022-09-24,2022-09-14,-10 day ahead inc hosp,quantile,0.5,648.7271494050914,COVID-19
DE,35-59,2022-09-24,2022-09-14,-10 day ahead inc hosp,quantile,0.75,653.8880765454425,COVID-19
DE,35-59,2022-09-24,2022-09-14,-10 day ahead inc hosp,quantile,0.9,657.6938464793496,COVID-19
DE,35-59,2022-09-24,2022-09-14,-10 day ahead inc hosp,quantile,0.975,661.8149897618139,COVID-19
DE,60-79,2022-09-24,2022-09-14,-10 day ahead inc hosp,mean,,1441.3065662780464,COVID-19
DE,60-79,2022-09-24,2022-09-14,-10 day ahead inc hosp,quantile,0.025,1412.8052834152654,COVID-19
DE,60-79,2022-09-24,2022-09-14,-10 day ahead inc hosp,quantile,0.1,1419.4035119174573,COVID-19
DE,60-79,2022-09-24,2022-09-14,-10 day ahead inc hosp,quantile,0.25,1426.8253595269396,COVID-19
DE,60-79,2022-09-24,2022-09-14,-10 day ahead inc hosp,quantile,0.5,1440.2628400208393,COVID-19
DE,60-79,2022-09-24,2022-09-14,-10 day ahead inc hosp,quantile,0.75,1454.4972645022337,COVID-19
DE,60-79,2022-09-24,2022-09-14,-10 day ahead inc hosp,quantile,0.9,1464.000369247887,COVID-19
DE,60-79,2022-09-24,2022-09-14,-10 day ahead inc hosp,quantile,0.975,1471.429849413174,COVID-19
DE,80+,2022-09-24,2022-09-14,-10 day ahead inc hosp,mean,,1589.3689434707712,COVID-19
DE,80+,2022-09-24,2022-09-14,-10 day ahead inc hosp,quantile,0.025,1553.1070942902527,COVID-19
DE,80+,2022-09-24,2022-09-14,-10 day ahead inc hosp,quantile,0.1,1560.9088250414345,COVID-19
DE,80+,2022-09-24,2022-09-14,-10 day ahead inc hosp,quantile,0.25,1571.437070629395,COVID-19
DE,80+,2022-09-24,2022-09-14,-10 day ahead inc hosp,quantile,0.5,1589.7250813141968,COVID-19
DE,80+,2022-09-24,2022-09-14,-10 day ahead inc hosp,quantile,0.75,1606.9295046158084,COVID-19
DE,80+,2022-09-24,2022-09-14,-10 day ahead inc hosp,quantile,0.9,1620.7002519166047,COVID-19
DE,80+,2022-09-24,2022-09-14,-10 day ahead inc hosp,quantile,0.975,1626.5594421797186,COVID-19
DE-BB,00+,2022-09-24,2022-09-14,-10 day ahead inc hosp,mean,,140.2479625423015,COVID-19
DE-BB,00+,2022-09-24,2022-09-14,-10 day ahead inc hosp,quantile,0.025,137.80026291408,COVID-19
DE-BB,00+,2022-09-24,2022-09-14,-10 day ahead inc hosp,quantile,0.1,138.71730887408157,COVID-19
DE-BB,00+,2022-09-24,2022-09-14,-10 day ahead inc hosp,quantile,0.25,139.10779911822968,COVID-19
DE-BB,00+,2022-09-24,2022-09-14,-10 day ahead inc hosp,quantile,0.5,140.10462479128276,COVID-19
DE-BB,00+,2022-09-24,2022-09-14,-10 day ahead inc hosp,quantile,0.75,141.24680621619623,COVID-19
DE-BB,00+,2022-09-24,2022-09-14,-10 day ahead inc hosp,quantile,0.9,141.9391559659685,COVID-19
DE-BB,00+,2022-09-24,2022-09-14,-10 day ahead inc hosp,quantile,0.975,143.5247085861715,COVID-19
DE-BE,00+,2022-09-24,2022-09-14,-10 day ahead inc hosp,mean,,123.58824519666523,COVID-19
DE-BE,00+,2022-09-24,2022-09-14,-10 day ahead inc hosp,quantile,0.025,114.57420392154621,COVID-19
DE-BE,00+,2022-09-24,2022-09-14,-10 day ahead inc hosp,quantile,0.1,116.4351788625812,COVID-19
DE-BE,00+,2022-09-24,2022-09-14,-10 day ahead inc hosp,quantile,0.25,117.81618458752034,COVID-19
DE-BE,00+,2022-09-24,2022-09-14,-10 day ahead inc hosp,quantile,0.5,121.62302288354672,COVID-19
DE-BE,00+,2022-09-24,2022-09-14,-10 day ahead inc hosp,quantile,0.75,129.77144718371912,COVID-19
DE-BE,00+,2022-09-24,2022-09-14,-10 day ahead inc hosp,quantile,0.9,134.4280816432117,COVID-19
DE-BE,00+,2022-09-24,2022-09-14,-10 day ahead inc hosp,quantile,0.975,136.23414817710855,COVID-19
DE-BW,00+,2022-09-24,2022-09-14,-10 day ahead inc hosp,mean,,300.31751159715867,COVID-19
DE-BW,00+,2022-09-24,2022-09-14,-10 day ahead inc hosp,quantile,0.025,294.3882811749343,COVID-19
DE-BW,00+,2022-09-24,2022-09-14,-10 day ahead inc hosp,quantile,0.1,295.6024829372086,COVID-19
DE-BW,00+,2022-09-24,2022-09-14,-10 day ahead inc hosp,quantile,0.25,296.7611420290907,COVID-19
DE-BW,00+,2022-09-24,2022-09-14,-10 day ahead inc hosp,quantile,0.5,299.24997943718984,COVID-19
DE-BW,00+,2022-09-24,2022-09-14,-10 day ahead inc hosp,quantile,0.75,303.11141865082556,COVID-19
DE-BW,00+,2022-09-24,2022-09-14,-10 day ahead inc hosp,quantile,0.9,306.6685875243805,COVID-19
DE-BW,00+,2022-09-24,2022-09-14,-10 day ahead inc hosp,quantile,0.975,308.96028264648623,COVID-19
DE-BY,00+,2022-09-24,2022-09-14,-10 day ahead inc hosp,mean,,812.6656974187879,COVID-19
DE-BY,00+,2022-09-24,2022-09-14,-10 day ahead inc hosp,quantile,0.025,796.5279140575973,COVID-19
DE-BY,00+,2022-09-24,2022-09-14,-10 day ahead inc hosp,quantile,0.1,799.4242058446263,COVID-19
DE-BY,00+,2022-09-24,2022-09-14,-10 day ahead inc hosp,quantile,0.25,804.9766967026072,COVID-19
DE-BY,00+,2022-09-24,2022-09-14,-10 day ahead inc hosp,quantile,0.5,812.9655258130657,COVID-19
DE-BY,00+,2022-09-24,2022-09-14,-10 day ahead inc hosp,quantile,0.75,819.7641576010619,COVID-19
DE-BY,00+,2022-09-24,2022-09-14,-10 day ahead inc hosp,quantile,0.9,826.3649014793966,COVID-19
DE-BY,00+,2022-09-24,2022-09-14,-10 day ahead inc hosp,quantile,0.975,829.7640144992451,COVID-19
DE-HB,00+,2022-09-24,2022-09-14,-10 day ahead inc hosp,mean,,30.327045509795045,COVID-19
DE-HB,00+,2022-09-24,2022-09-14,-10 day ahead inc hosp,quantile,0.025,27.127251251944443,COVID-19
DE-HB,00+,2022-09-24,2022-09-14,-10 day ahead inc hosp,quantile,0.1,28.682870203076924,COVID-19
DE-HB,00+,2022-09-24,2022-09-14,-10 day ahead inc hosp,quantile,0.25,29.151819599999996,COVID-19
DE-HB,00+,2022-09-24,2022-09-14,-10 day ahead inc hosp,quantile,0.5,30.170097833469285,COVID-19
DE-HB,00+,2022-09-24,2022-09-14,-10 day ahead inc hosp,quantile,0.75,31.55037628888031,COVID-19
DE-HB,00+,2022-09-24,2022-09-14,-10 day ahead inc hosp,quantile,0.9,32.79579705,COVID-19
DE-HB,00+,2022-09-24,2022-09-14,-10 day ahead inc hosp,quantile,0.975,32.839366345597824,COVID-19
DE-HE,00+,2022-09-24,2022-09-14,-10 day ahead inc hosp,mean,,269.80422919580695,COVID-19
DE-HE,00+,2022-09-24,2022-09-14,-10 day ahead inc hosp,quantile,0.025,249.11621795209413,COVID-19
DE-HE,00+,2022-09-24,2022-09-14,-10 day ahead inc hosp,quantile,0.1,250.09610412549785,COVID-19
DE-HE,00+,2022-09-24,2022-09-14,-10 day ahead inc hosp,quantile,0.25,254.40333827108321,COVID-19
DE-HE,00+,2022-09-24,2022-09-14,-10 day ahead inc hosp,quantile,0.5,271.97725331932384,COVID-19
DE-HE,00+,2022-09-24,2022-09-14,-10 day ahead inc hosp,quantile,0.75,279.4616527849674,COVID-19
DE-HE,00+,2022-09-24,2022-09-14,-10 day ahead inc hosp,quantile,0.9,289.4372096492984,COVID-19
DE-HE,00+,2022-09-24,2022-09-14,-10 day ahead inc hosp,quantile,0.975,291.3902922123691,COVID-19
DE-HH,00+,2022-09-24,2022-09-14,-10 day ahead inc hosp,mean,,77.88635036197289,COVID-19
DE-HH,00+,2022-09-24,2022-09-14,-10 day ahead inc hosp,quantile,0.025,73.4233175445199,COVID-19
DE-HH,00+,2022-09-24,2022-09-14,-10 day ahead inc hosp,quantile,0.1,74.50504069502549,COVID-19
DE-HH,00+,2022-09-24,2022-09-14,-10 day ahead inc hosp,quantile,0.25,76.31043154498913,COVID-19
DE-HH,00+,2022-09-24,2022-09-14,-10 day ahead inc hosp,quantile,0.5,78.31863592119315,COVID-19
DE-HH,00+,2022-09-24,2022-09-14,-10 day ahead inc hosp,quantile,0.75,79.38344869827311,COVID-19
DE-HH,00+,2022-09-24,2022-09-14,-10 day ahead inc hosp,quantile,0.9,80.92884759475719,COVID-19
DE-HH,00+,2022-09-24,2022-09-14,-10 day ahead inc hosp,quantile,0.975,81.74299157340491,COVID-19
DE-MV,00+,2022-09-24,2022-09-14,-10 day ahead inc hosp,mean,,149.99430793973974,COVID-19
DE-MV,00+,2022-09-24,2022-09-14,-10 day ahead inc hosp,quantile,0.025,146.6957309457615,COVID-19
DE-MV,00+,2022-09-24,2022-09-14,-10 day ahead inc hosp,quantile,0.1,147.2337371403835,COVID-19
DE-MV,00+,2022-09-24,2022-09-14,-10 day ahead inc hosp,quantile,0.25,148.42024607616466,COVID-19
DE-MV,00+,2022-09-24,2022-09-14,-10 day ahead inc hosp,quantile,0.5,149.72723307848557,COVID-19
DE-MV,00+,2022-09-24,2022-09-14,-10 day ahead inc hosp,quantile,0.75,150.91571804171411,COVID-19
DE-MV,00+,2022-09-24,2022-09-14,-10 day ahead inc hosp,quantile,0.9,153.2598021186388,COVID-19
DE-MV,00+,2022-09-24,2022-09-14,-10 day ahead inc hosp,quantile,0.975,155.1808609623441,COVID-19
DE-NI,00+,2022-09-24,2022-09-14,-10 day ahead inc hosp,mean,,251.57511839919485,COVID-19
DE-NI,00+,2022-09-24,2022-09-14,-10 day ahead inc hosp,quantile,0.025,245.67516433139917,COVID-19
DE-NI,00+,2022-09-24,2022-09-14,-10 day ahead inc hosp,quantile,0.1,246.31250199404414,COVID-19
DE-NI,00+,2022-09-24,2022-09-14,-10 day ahead inc hosp,quantile,0.25,247.6844022743519,COVID-19
DE-NI,00+,2022-09-24,2022-09-14,-10 day ahead inc hosp,quantile,0.5,250.45673205719157,COVID-19
DE-NI,00+,2022-09-24,2022-09-14,-10 day ahead inc hosp,quantile,0.75,254.20680728584668,COVID-19
DE-NI,00+,2022-09-24,2022-09-14,-10 day ahead inc hosp,quantile,0.9,259.5840956591769,COVID-19
DE-NI,00+,2022-09-24,2022-09-14,-10 day ahead inc hosp,quantile,0.975,263.64616453220816,COVID-19
DE-NW,00+,2022-09-24,2022-09-14,-10 day ahead inc hosp,mean,,1099.3183023716733,COVID-19
DE-NW,00+,2022-09-24,2022-09-14,-10 day ahead inc hosp,quantile,0.025,1082.1911229518537,COVID-19
DE-NW,00+,2022-09-24,2022-09-14,-10 day ahead inc hosp,quantile,0.1,1085.347824984281,COVID-19
DE-NW,00+,2022-09-24,2022-09-14,-10 day ahead inc hosp,quantile,0.25,1088.9325451207637,COVID-19
DE-NW,00+,2022-09-24,2022-09-14,-10 day ahead inc hosp,quantile,0.5,1098.0937800863653,COVID-19
DE-NW,00+,2022-09-24,2022-09-14,-10 day ahead inc hosp,quantile,0.75,1105.9540461739193,COVID-19
DE-NW,00+,2022-09-24,2022-09-14,-10 day ahead inc hosp,quantile,0.9,1119.1845828652627,COVID-19
DE-NW,00+,2022-09-24,2022-09-14,-10 day ahead inc hosp,quantile,0.975,1127.3975866604085,COVID-19
DE-RP,00+,2022-09-24,2022-09-14,-10 day ahead inc hosp,mean,,255.06824694402016,COVID-19
DE-RP,00+,2022-09-24,2022-09-14,-10 day ahead inc hosp,quantile,0.025,242.36085500833795,COVID-19
DE-RP,00+,2022-09-24,2022-09-14,-10 day ahead inc hosp,quantile,0.1,243.76545968205718,COVID-19
DE-RP,00+,2022-09-24,2022-09-14,-10 day ahead inc hosp,quantile,0.25,246.36474400979142,COVID-19
DE-RP,00+,2022-09-24,2022-09-14,-10 day ahead inc hosp,quantile,0.5,256.5941779400878,COVID-19
DE-RP,00+,2022-09-24,2022-09-14,-10 day ahead inc hosp,quantile,0.75,260.0266059733882,COVID-19
DE-RP,00+,2022-09-24,2022-09-14,-10 day ahead inc hosp,quantile,0.9,266.97618744344777,COVID-19
DE-RP,00+,2022-09-24,2022-09-14,-10 day ahead inc hosp,quantile,0.975,270.3593910912042,COVID-19
DE-SH,00+,2022-09-24,2022-09-14,-10 day ahead inc hosp,mean,,146.3736964522109,COVID-19
DE-SH,00+,2022-09-24,2022-09-14,-10 day ahead inc hosp,quantile,0.025,140.51287895450912,COVID-19
DE-SH,00+,2022-09-24,2022-09-14,-10 day ahead inc hosp,quantile,0.1,143.32428632980762,COVID-19
DE-SH,00+,2022-09-24,2022-09-14,-10 day ahead inc hosp,quantile,0.25,144.45059841203303,COVID-19
DE-SH,00+,2022-09-24,2022-09-14,-10 day ahead inc hosp,quantile,0.5,145.87396852729358,COVID-19
DE-SH,00+,2022-09-24,2022-09-14,-10 day ahead inc hosp,quantile,0.75,147.65595305805584,COVID-19
DE-SH,00+,2022-09-24,2022-09-14,-10 day ahead inc hosp,quantile,0.9,150.2665044534547,COVID-19
DE-SH,00+,2022-09-24,2022-09-14,-10 day ahead inc hosp,quantile,0.975,154.29330631831772,COVID-19
DE-SL,00+,2022-09-24,2022-09-14,-10 day ahead inc hosp,mean,,64.1701338213903,COVID-19
DE-SL,00+,2022-09-24,2022-09-14,-10 day ahead inc hosp,quantile,0.025,61.615628093032264,COVID-19
DE-SL,00+,2022-09-24,2022-09-14,-10 day ahead inc hosp,quantile,0.1,62.115321021690285,COVID-19
DE-SL,00+,2022-09-24,2022-09-14,-10 day ahead inc hosp,quantile,0.25,62.792253429806046,COVID-19
DE-SL,00+,2022-09-24,2022-09-14,-10 day ahead inc hosp,quantile,0.5,64.14033586023892,COVID-19
DE-SL,00+,2022-09-24,2022-09-14,-10 day ahead inc hosp,quantile,0.75,65.06363870020333,COVID-19
DE-SL,00+,2022-09-24,2022-09-14,-10 day ahead inc hosp,quantile,0.9,66.1312838234222,COVID-19
DE-SL,00+,2022-09-24,2022-09-14,-10 day ahead inc hosp,quantile,0.975,68.57612903045224,COVID-19
DE-SN,00+,2022-09-24,2022-09-14,-10 day ahead inc hosp,mean,,246.32786748569248,COVID-19
DE-SN,00+,2022-09-24,2022-09-14,-10 day ahead inc hosp,quantile,0.025,232.09074754560152,COVID-19
DE-SN,00+,2022-09-24,2022-09-14,-10 day ahead inc hosp,quantile,0.1,236.90634043498738,COVID-19
DE-SN,00+,2022-09-24,2022-09-14,-10 day ahead inc hosp,quantile,0.25,240.71168842296748,COVID-19
DE-SN,00+,2022-09-24,2022-09-14,-10 day ahead inc hosp,quantile,0.5,244.86483219617506,COVID-19
DE-SN,00+,2022-09-24,2022-09-14,-10 day ahead inc hosp,quantile,0.75,252.070807902809,COVID-19
DE-SN,00+,2022-09-24,2022-09-14,-10 day ahead inc hosp,quantile,0.9,257.9633892425519,COVID-19
DE-SN,00+,2022-09-24,2022-09-14,-10 day ahead inc hosp,quantile,0.975,265.6472788318293,COVID-19
DE-ST,00+,2022-09-24,2022-09-14,-10 day ahead inc hosp,mean,,158.4340015605581,COVID-19
DE-ST,00+,2022-09-24,2022-09-14,-10 day ahead inc hosp,quantile,0.025,151.7926003386535,COVID-19
DE-ST,00+,2022-09-24,2022-09-14,-10 day ahead inc hosp,quantile,0.1,152.63839868658386,COVID-19
DE-ST,00+,2022-09-24,2022-09-14,-10 day ahead inc hosp,quantile,0.25,154.49812628073644,COVID-19
DE-ST,00+,2022-09-24,2022-09-14,-10 day ahead inc hosp,quantile,0.5,157.45054042348045,COVID-19
DE-ST,00+,2022-09-24,2022-09-14,-10 day ahead inc hosp,quantile,0.75,161.48250888074756,COVID-19
DE-ST,00+,2022-09-24,2022-09-14,-10 day ahead inc hosp,quantile,0.9,165.77007795728562,COVID-19
DE-ST,00+,2022-09-24,2022-09-14,-10 day ahead inc hosp,quantile,0.975,167.375938983252,COVID-19
DE-TH,00+,2022-09-24,2022-09-14,-10 day ahead inc hosp,mean,,148.95500113527518,COVID-19
DE-TH,00+,2022-09-24,2022-09-14,-10 day ahead inc hosp,quantile,0.025,144.7429253910438,COVID-19
DE-TH,00+,2022-09-24,2022-09-14,-10 day ahead inc hosp,quantile,0.1,145.98716041308495,COVID-19
DE-TH,00+,2022-09-24,2022-09-14,-10 day ahead inc hosp,quantile,0.25,148.05614100838332,COVID-19
DE-TH,00+,2022-09-24,2022-09-14,-10 day ahead inc hosp,quantile,0.5,149.03001085155336,COVID-19
DE-TH,00+,2022-09-24,2022-09-14,-10 day ahead inc hosp,quantile,0.75,150.2637489273709,COVID-19
DE-TH,00+,2022-09-24,2022-09-14,-10 day ahead inc hosp,quantile,0.9,151.48833539434904,COVID-19
DE-TH,00+,2022-09-24,2022-09-14,-10 day ahead inc hosp,quantile,0.975,152.5891635806565,COVID-19
DE,00+,2022-09-24,2022-09-15,-9 day ahead inc hosp,mean,,4325.968997536311,COVID-19
DE,00+,2022-09-24,2022-09-15,-9 day ahead inc hosp,quantile,0.025,4222.1635304555875,COVID-19
DE,00+,2022-09-24,2022-09-15,-9 day ahead inc hosp,quantile,0.1,4243.925695084656,COVID-19
DE,00+,2022-09-24,2022-09-15,-9 day ahead inc hosp,quantile,0.25,4283.5004049554345,COVID-19
DE,00+,2022-09-24,2022-09-15,-9 day ahead inc hosp,quantile,0.5,4330.4957463783585,COVID-19
DE,00+,2022-09-24,2022-09-15,-9 day ahead inc hosp,quantile,0.75,4366.741384515825,COVID-19
DE,00+,2022-09-24,2022-09-15,-9 day ahead inc hosp,quantile,0.9,4400.449695225731,COVID-19
DE,00+,2022-09-24,2022-09-15,-9 day ahead inc hosp,quantile,0.975,4424.261448627774,COVID-19
DE,00-04,2022-09-24,2022-09-15,-9 day ahead inc hosp,mean,,154.0789139721032,COVID-19
DE,00-04,2022-09-24,2022-09-15,-9 day ahead inc hosp,quantile,0.025,151.66475723145766,COVID-19
DE,00-04,2022-09-24,2022-09-15,-9 day ahead inc hosp,quantile,0.1,151.98959195272369,COVID-19
DE,00-04,2022-09-24,2022-09-15,-9 day ahead inc hosp,quantile,0.25,152.5998068696226,COVID-19
DE,00-04,2022-09-24,2022-09-15,-9 day ahead inc hosp,quantile,0.5,153.99583458352453,COVID-19
DE,00-04,2022-09-24,2022-09-15,-9 day ahead inc hosp,quantile,0.75,155.23524666124027,COVID-19
DE,00-04,2022-09-24,2022-09-15,-9 day ahead inc hosp,quantile,0.9,156.32599914588212,COVID-19
DE,00-04,2022-09-24,2022-09-15,-9 day ahead inc hosp,quantile,0.975,157.46298291189896,COVID-19
DE,05-14,2022-09-24,2022-09-15,-9 day ahead inc hosp,mean,,47.34328423416225,COVID-19
DE,05-14,2022-09-24,2022-09-15,-9 day ahead inc hosp,quantile,0.025,45.69757732736449,COVID-19
DE,05-14,2022-09-24,2022-09-15,-9 day ahead inc hosp,quantile,0.1,46.223749667126796,COVID-19
DE,05-14,2022-09-24,2022-09-15,-9 day ahead inc hosp,quantile,0.25,46.46958954380819,COVID-19
DE,05-14,2022-09-24,2022-09-15,-9 day ahead inc hosp,quantile,0.5,46.911675817094114,COVID-19
DE,05-14,2022-09-24,2022-09-15,-9 day ahead inc hosp,quantile,0.75,47.825441037406414,COVID-19
DE,05-14,2022-09-24,2022-09-15,-9 day ahead inc hosp,quantile,0.9,49.20834202650703,COVID-19
DE,05-14,2022-09-24,2022-09-15,-9 day ahead inc hosp,quantile,0.975,50.77336211670856,COVID-19
DE,15-34,2022-09-24,2022-09-15,-9 day ahead inc hosp,mean,,329.4056668042395,COVID-19
DE,15-34,2022-09-24,2022-09-15,-9 day ahead inc hosp,quantile,0.025,318.0636552976378,COVID-19
DE,15-34,2022-09-24,2022-09-15,-9 day ahead inc hosp,quantile,0.1,320.5571176240813,COVID-19
DE,15-34,2022-09-24,2022-09-15,-9 day ahead inc hosp,quantile,0.25,325.8993207326561,COVID-19
DE,15-34,2022-09-24,2022-09-15,-9 day ahead inc hosp,quantile,0.5,329.57964302702976,COVID-19
DE,15-34,2022-09-24,2022-09-15,-9 day ahead inc hosp,quantile,0.75,332.9210012052842,COVID-19
DE,15-34,2022-09-24,2022-09-15,-9 day ahead inc hosp,quantile,0.9,336.7362502756742,COVID-19
DE,15-34,2022-09-24,2022-09-15,-9 day ahead inc hosp,quantile,0.975,341.5471610273168,COVID-19
DE,35-59,2022-09-24,2022-09-15,-9 day ahead inc hosp,mean,,657.7315761466119,COVID-19
DE,35-59,2022-09-24,2022-09-15,-9 day ahead inc hosp,quantile,0.025,634.4285464755314,COVID-19
DE,35-59,2022-09-24,2022-09-15,-9 day ahead inc hosp,quantile,0.1,637.3370448741184,COVID-19
DE,35-59,2022-09-24,2022-09-15,-9 day ahead inc hosp,quantile,0.25,646.0551667045186,COVID-19
DE,35-59,2022-09-24,2022-09-15,-9 day ahead inc hosp,quantile,0.5,662.220795604746,COVID-19
DE,35-59,2022-09-24,2022-09-15,-9 day ahead inc hosp,quantile,0.75,667.3497573731131,COVID-19
DE,35-59,2022-09-24,2022-09-15,-9 day ahead inc hosp,quantile,0.9,671.3857769746844,COVID-19
DE,35-59,2022-09-24,2022-09-15,-9 day ahead inc hosp,quantile,0.975,675.6577185883956,COVID-19
DE,60-79,2022-09-24,2022-09-15,-9 day ahead inc hosp,mean,,1478.9655167703925,COVID-19
DE,60-79,2022-09-24,2022-09-15,-9 day ahead inc hosp,quantile,0.025,1448.9874440610254,COVID-19
DE,60-79,2022-09-24,2022-09-15,-9 day ahead inc hosp,quantile,0.1,1454.589835605313,COVID-19
DE,60-79,2022-09-24,2022-09-15,-9 day ahead inc hosp,quantile,0.25,1463.9933203952507,COVID-19
DE,60-79,2022-09-24,2022-09-15,-9 day ahead inc hosp,quantile,0.5,1479.1567553497814,COVID-19
DE,60-79,2022-09-24,2022-09-15,-9 day ahead inc hosp,quantile,0.75,1492.8670240635217,COVID-19
DE,60-79,2022-09-24,2022-09-15,-9 day ahead inc hosp,quantile,0.9,1503.157246318791,COVID-19
DE,60-79,2022-09-24,2022-09-15,-9 day ahead inc hosp,quantile,0.975,1510.8901395937523,COVID-19
DE,80+,2022-09-24,2022-09-15,-9 day ahead inc hosp,mean,,1608.893176257776,COVID-19
DE,80+,2022-09-24,2022-09-15,-9 day ahead inc hosp,quantile,0.025,1569.9749242397816,COVID-19
DE,80+,2022-09-24,2022-09-15,-9 day ahead inc hosp,quantile,0.1,1576.6865678871752,COVID-19
DE,80+,2022-09-24,2022-09-15,-9 day ahead inc hosp,quantile,0.25,1589.9160365545067,COVID-19
DE,80+,2022-09-24,2022-09-15,-9 day ahead inc hosp,quantile,0.5,1611.4410467952664,COVID-19
DE,80+,2022-09-24,2022-09-15,-9 day ahead inc hosp,quantile,0.75,1626.300548509534,COVID-19
DE,80+,2022-09-24,2022-09-15,-9 day ahead inc hosp,quantile,0.9,1640.5178725593848,COVID-19
DE,80+,2022-09-24,2022-09-15,-9 day ahead inc hosp,quantile,0.975,1649.954935202707,COVID-19
DE-BB,00+,2022-09-24,2022-09-15,-9 day ahead inc hosp,mean,,142.03597886701465,COVID-19
DE-BB,00+,2022-09-24,2022-09-15,-9 day ahead inc hosp,quantile,0.025,139.46499518429997,COVID-19
DE-BB,00+,2022-09-24,2022-09-15,-9 day ahead inc hosp,quantile,0.1,140.27529639176203,COVID-19
DE-BB,00+,2022-09-24,2022-09-15,-9 day ahead inc hosp,quantile,0.25,140.68594463195444,COVID-19
DE-BB,00+,2022-09-24,2022-09-15,-9 day ahead inc hosp,quantile,0.5,141.96793342673303,COVID-19
DE-BB,00+,2022-09-24,2022-09-15,-9 day ahead inc hosp,quantile,0.75,142.88510666191985,COVID-19
DE-BB,00+,2022-09-24,2022-09-15,-9 day ahead inc hosp,quantile,0.9,143.95157162264076,COVID-19
DE-BB,00+,2022-09-24,2022-09-15,-9 day ahead inc hosp,quantile,0.975,146.02359848330707,COVID-19
DE-BE,00+,2022-09-24,2022-09-15,-9 day ahead inc hosp,mean,,121.62224778825822,COVID-19
DE-BE,00+,2022-09-24,2022-09-15,-9 day ahead inc hosp,quantile,0.025,113.23962456480916,COVID-19
DE-BE,00+,2022-09-24,2022-09-15,-9 day ahead inc hosp,quantile,0.1,114.64827265960216,COVID-19
DE-BE,00+,2022-09-24,2022-09-15,-9 day ahead inc hosp,quantile,0.25,116.20354391966141,COVID-19
DE-BE,00+,2022-09-24,2022-09-15,-9 day ahead inc hosp,quantile,0.5,119.44797176236679,COVID-19
DE-BE,00+,2022-09-24,2022-09-15,-9 day ahead inc hosp,quantile,0.75,126.75007434746188,COVID-19
DE-BE,00+,2022-09-24,2022-09-15,-9 day ahead inc hosp,quantile,0.9,132.4530851613042,COVID-19
DE-BE,00+,2022-09-24,2022-09-15,-9 day ahead inc hosp,quantile,0.975,134.4188836927691,COVID-19
DE-BW,00+,2022-09-24,2022-09-15,-9 day ahead inc hosp,mean,,308.78953017765895,COVID-19
DE-BW,00+,2022-09-24,2022-09-15,-9 day ahead inc hosp,quantile,0.025,302.2500658412354,COVID-19
DE-BW,00+,2022-09-24,2022-09-15,-9 day ahead inc hosp,quantile,0.1,303.42306307789715,COVID-19
DE-BW,00+,2022-09-24,2022-09-15,-9 day ahead inc hosp,quantile,0.25,305.02001527918105,COVID-19
DE-BW,00+,2022-09-24,2022-09-15,-9 day ahead inc hosp,quantile,0.5,307.8068958793319,COVID-19
DE-BW,00+,2022-09-24,2022-09-15,-9 day ahead inc hosp,quantile,0.75,312.1104429263466,COVID-19
DE-BW,00+,2022-09-24,2022-09-15,-9 day ahead inc hosp,quantile,0.9,315.32744003542217,COVID-19
DE-BW,00+,2022-09-24,2022-09-15,-9 day ahead inc hosp,quantile,0.975,317.2428843147797,COVID-19
DE-BY,00+,2022-09-24,2022-09-15,-9 day ahead inc hosp,mean,,844.3707701468687,COVID-19
DE-BY,00+,2022-09-24,2022-09-15,-9 day ahead inc hosp,quantile,0.025,824.3119609887565,COVID-19
DE-BY,00+,2022-09-24,2022-09-15,-9 day ahead inc hosp,quantile,0.1,828.8228414561767,COVID-19
DE-BY,00+,2022-09-24,2022-09-15,-9 day ahead inc hosp,quantile,0.25,837.0467397016012,COVID-19
DE-BY,00+,2022-09-24,2022-09-15,-9 day ahead inc hosp,quantile,0.5,844.9235321552432,COVID-19
DE-BY,00+,2022-09-24,2022-09-15,-9 day ahead inc hosp,quantile,0.75,852.9444731867358,COVID-19
DE-BY,00+,2022-09-24,2022-09-15,-9 day ahead inc hosp,quantile,0.9,859.4214121805945,COVID-19
DE-BY,00+,2022-09-24,2022-09-15,-9 day ahead inc hosp,quantile,0.975,863.1313997693778,COVID-19
DE-HB,00+,2022-09-24,2022-09-15,-9 day ahead inc hosp,mean,,29.311791997289316,COVID-19
DE-HB,00+,2022-09-24,2022-09-15,-9 day ahead inc hosp,quantile,0.025,26.451804471431622,COVID-19
DE-HB,00+,2022-09-24,2022-09-15,-9 day ahead inc hosp,quantile,0.1,28.007491234615387,COVID-19
DE-HB,00+,2022-09-24,2022-09-15,-9 day ahead inc hosp,quantile,0.25,28.1317326,COVID-19
DE-HB,00+,2022-09-24,2022-09-15,-9 day ahead inc hosp,quantile,0.5,29.002243329684312,COVID-19
DE-HB,00+,2022-09-24,2022-09-15,-9 day ahead inc hosp,quantile,0.75,30.653715002084944,COVID-19
DE-HB,00+,2022-09-24,2022-09-15,-9 day ahead inc hosp,quantile,0.9,31.648199175,COVID-19
DE-HB,00+,2022-09-24,2022-09-15,-9 day ahead inc hosp,quantile,0.975,31.69024388404891,COVID-19
DE-HE,00+,2022-09-24,2022-09-15,-9 day ahead inc hosp,mean,,266.68726880038184,COVID-19
DE-HE,00+,2022-09-24,2022-09-15,-9 day ahead inc hosp,quantile,0.025,244.9031580532075,COVID-19
DE-HE,00+,2022-09-24,2022-09-15,-9 day ahead inc hosp,quantile,0.1,246.38220106611018,COVID-19
DE-HE,00+,2022-09-24,2022-09-15,-9 day ahead inc hosp,quantile,0.25,254.00402137298505,COVID-19
DE-HE,00+,2022-09-24,2022-09-15,-9 day ahead inc hosp,quantile,0.5,269.3040914482015,COVID-19
DE-HE,00+,2022-09-24,2022-09-15,-9 day ahead inc hosp,quantile,0.75,275.34992661162,COVID-19
DE-HE,00+,2022-09-24,2022-09-15,-9 day ahead inc hosp,quantile,0.9,285.49594945325975,COVID-19
DE-HE,00+,2022-09-24,2022-09-15,-9 day ahead inc hosp,quantile,0.975,287.4141483564774,COVID-19
DE-HH,00+,2022-09-24,2022-09-15,-9 day ahead inc hosp,mean,,82.45680912727804,COVID-19
DE-HH,00+,2022-09-24,2022-09-15,-9 day ahead inc hosp,quantile,0.025,77.23757187841589,COVID-19
DE-HH,00+,2022-09-24,2022-09-15,-9 day ahead inc hosp,quantile,0.1,78.73055570721988,COVID-19
DE-HH,00+,2022-09-24,2022-09-15,-9 day ahead inc hosp,quantile,0.25,80.8759909857222,COVID-19
DE-HH,00+,2022-09-24,2022-09-15,-9 day ahead inc hosp,quantile,0.5,82.72061369699857,COVID-19
DE-HH,00+,2022-09-24,2022-09-15,-9 day ahead inc hosp,quantile,0.75,84.1786897279546,COVID-19
DE-HH,00+,2022-09-24,2022-09-15,-9 day ahead inc hosp,quantile,0.9,85.86838264752139,COVID-19
DE-HH,00+,2022-09-24,2022-09-15,-9 day ahead inc hosp,quantile,0.975,87.33423368275675,COVID-19
DE-MV,00+,2022-09-24,2022-09-15,-9 day ahead inc hosp,mean,,155.30696603270295,COVID-19
DE-MV,00+,2022-09-24,2022-09-15,-9 day ahead inc hosp,quantile,0.025,152.14748595147026,COVID-19
DE-MV,00+,2022-09-24,2022-09-15,-9 day ahead inc hosp,quantile,0.1,152.72304206963514,COVID-19
DE-MV,00+,2022-09-24,2022-09-15,-9 day ahead inc hosp,quantile,0.25,153.38332474113815,COVID-19
DE-MV,00+,2022-09-24,2022-09-15,-9 day ahead inc hosp,quantile,0.5,154.94586502966416,COVID-19
DE-MV,00+,2022-09-24,2022-09-15,-9 day ahead inc hosp,quantile,0.75,156.42041878154083,COVID-19
DE-MV,00+,2022-09-24,2022-09-15,-9 day ahead inc hosp,quantile,0.9,159.0308643770911,COVID-19
DE-MV,00+,2022-09-24,2022-09-15,-9 day ahead inc hosp,quantile,0.975,160.35671693509715,COVID-19
DE-NI,00+,2022-09-24,2022-09-15,-9 day ahead inc hosp,mean,,249.64310936988966,COVID-19
DE-NI,00+,2022-09-24,2022-09-15,-9 day ahead inc hosp,quantile,0.025,243.28754672073796,COVID-19
DE-NI,00+,2022-09-24,2022-09-15,-9 day ahead inc hosp,quantile,0.1,243.95867027032824,COVID-19
DE-NI,00+,2022-09-24,2022-09-15,-9 day ahead inc hosp,quantile,0.25,245.65124750679325,COVID-19
DE-NI,00+,2022-09-24,2022-09-15,-9 day ahead inc hosp,quantile,0.5,248.43092599472982,COVID-19
DE-NI,00+,2022-09-24,2022-09-15,-9 day ahead inc hosp,quantile,0.75,251.96153660467368,COVID-19
DE-NI,00+,2022-09-24,2022-09-15,-9 day ahead inc hosp,quantile,0.9,258.9644872863392,COVID-19
DE-NI,00+,2022-09-24,2022-09-15,-9 day ahead inc hosp,quantile,0.975,261.40059113209975,COVID-19
DE-NW,00+,2022-09-24,2022-09-15,-9 day ahead inc hosp,mean,,1066.7599948044012,COVID-19
DE-NW,00+,2022-09-24,2022-09-15,-9 day ahead inc hosp,quantile,0.025,1047.6004107882732,COVID-19
DE-NW,00+,2022-09-24,2022-09-15,-9 day ahead inc hosp,quantile,0.1,1051.3697169842449,COVID-19
DE-NW,00+,2022-09-24,2022-09-15,-9 day ahead inc hosp,quantile,0.25,1056.5005907072518,COVID-19
DE-NW,00+,2022-09-24,2022-09-15,-9 day ahead inc hosp,quantile,0.5,1064.4377873003687,COVID-19
DE-NW,00+,2022-09-24,2022-09-15,-9 day ahead inc hosp,quantile,0.75,1074.75825628396,COVID-19
DE-NW,00+,2022-09-24,2022-09-15,-9 day ahead inc hosp,quantile,0.9,1087.554686952622,COVID-19
DE-NW,00+,2022-09-24,2022-09-15,-9 day ahead inc hosp,quantile,0.975,1095.9826518023913,COVID-19
DE-RP,00+,2022-09-24,2022-09-15,-9 day ahead inc hosp,mean,,266.56044371161715,COVID-19
DE-RP,00+,2022-09-24,2022-09-15,-9 day ahead inc hosp,quantile,0.025,251.63036996988393,COVID-19
DE-RP,00+,2022-09-24,2022-09-15,-9 day ahead inc hosp,quantile,0.1,253.68977054428453,COVID-19
DE-RP,00+,2022-09-24,2022-09-15,-9 day ahead inc hosp,quantile,0.25,257.13838115377155,COVID-19
DE-RP,00+,2022-09-24,2022-09-15,-9 day ahead inc hosp,quantile,0.5,268.12648858217307,COVID-19
DE-RP,00+,2022-09-24,2022-09-15,-9 day ahead inc hosp,quantile,0.75,272.6872044025281,COVID-19
DE-RP,00+,2022-09-24,2022-09-15,-9 day ahead inc hosp,quantile,0.9,279.7408900215128,COVID-19
DE-RP,00+,2022-09-24,2022-09-15,-9 day ahead inc hosp,quantile,0.975,283.3177089641209,COVID-19
DE-SH,00+,2022-09-24,2022-09-15,-9 day ahead inc hosp,mean,,152.59786804489713,COVID-19
DE-SH,00+,2022-09-24,2022-09-15,-9 day ahead inc hosp,quantile,0.025,145.96654694731137,COVID-19
DE-SH,00+,2022-09-24,2022-09-15,-9 day ahead inc hosp,quantile,0.1,148.81987549518303,COVID-19
DE-SH,00+,2022-09-24,2022-09-15,-9 day ahead inc hosp,quantile,0.25,150.4008213382008,COVID-19
DE-SH,00+,2022-09-24,2022-09-15,-9 day ahead inc hosp,quantile,0.5,151.8620156882726,COVID-19
DE-SH,00+,2022-09-24,2022-09-15,-9 day ahead inc hosp,quantile,0.75,154.54721334768772,COVID-19
DE-SH,00+,2022-09-24,2022-09-15,-9 day ahead inc hosp,quantile,0.9,157.72091908964433,COVID-19
DE-SH,00+,2022-09-24,2022-09-15,-9 day ahead inc hosp,quantile,0.975,160.04729217482102,COVID-19
DE-SL,00+,2022-09-24,2022-09-15,-9 day ahead inc hosp,mean,,66.56299947215774,COVID-19
DE-SL,00+,2022-09-24,2022-09-15,-9 day ahead inc hosp,quantile,0.025,63.736149623753306,COVID-19
DE-SL,00+,2022-09-24,2022-09-15,-9 day ahead inc hosp,quantile,0.1,64.1758910056543,COVID-19
DE-SL,00+,2022-09-24,2022-09-15,-9 day ahead inc hosp,quantile,0.25,64.92808029046614,COVID-19
DE-SL,00+,2022-09-24,2022-09-15,-9 day ahead inc hosp,quantile,0.5,66.54453059513573,COVID-19
DE-SL,00+,2022-09-24,2022-09-15,-9 day ahead inc hosp,quantile,0.75,67.61632843964769,COVID-19
DE-SL,00+,2022-09-24,2022-09-15,-9 day ahead inc hosp,quantile,0.9,69.19774406285882,COVID-19
DE-SL,00+,2022-09-24,2022-09-15,-9 day ahead inc hosp,quantile,0.975,71.61201788499716,COVID-19
DE-SN,00+,2022-09-24,2022-09-15,-9 day ahead inc hosp,mean,,256.23592291092217,COVID-19
DE-SN,00+,2022-09-24,2022-09-15,-9 day ahead inc hosp,quantile,0.025,240.47824759743014,COVID-19
DE-SN,00+,2022-09-24,2022-09-15,-9 day ahead inc hosp,quantile,0.1,246.7864554098712,COVID-19
DE-SN,00+,2022-09-24,2022-09-15,-9 day ahead inc hosp,quantile,0.25,250.0588993088864,COVID-19
DE-SN,00+,2022-09-24,2022-09-15,-9 day ahead inc hosp,quantile,0.5,254.11837767148484,COVID-19
DE-SN,00+,2022-09-24,2022-09-15,-9 day ahead inc hosp,quantile,0.75,261.69253444615714,COVID-19
DE-SN,00+,2022-09-24,2022-09-15,-9 day ahead inc hosp,quantile,0.9,269.6716927559238,COVID-19
DE-SN,00+,2022-09-24,2022-09-15,-9 day ahead inc hosp,quantile,0.975,278.8818671398401,COVID-19
DE-ST,00+,2022-09-24,2022-09-15,-9 day ahead inc hosp,mean,,170.7238337413052,COVID-19
DE-ST,00+,2022-09-24,2022-09-15,-9 day ahead inc hosp,quantile,0.025,162.74523919477525,COVID-19
DE-ST,00+,2022-09-24,2022-09-15,-9 day ahead inc hosp,quantile,0.1,164.01860903650956,COVID-19
DE-ST,00+,2022-09-24,2022-09-15,-9 day ahead inc hosp,quantile,0.25,165.83617394761563,COVID-19
DE-ST,00+,2022-09-24,2022-09-15,-9 day ahead inc hosp,quantile,0.5,170.25787934307695,COVID-19
DE-ST,00+,2022-09-24,2022-09-15,-9 day ahead inc hosp,quantile,0.75,174.8466195872421,COVID-19
DE-ST,00+,2022-09-24,2022-09-15,-9 day ahead inc hosp,quantile,0.9,178.69771797290682,COVID-19
DE-ST,00+,2022-09-24,2022-09-15,-9 day ahead inc hosp,quantile,0.975,179.97334250784093,COVID-19
DE-TH,00+,2022-09-24,2022-09-15,-9 day ahead inc hosp,mean,,154.937929579315,COVID-19
DE-TH,00+,2022-09-24,2022-09-15,-9 day ahead inc hosp,quantile,0.025,150.16135098780592,COVID-19
DE-TH,00+,2022-09-24,2022-09-15,-9 day ahead inc hosp,quantile,0.1,151.948497840384,COVID-19
DE-TH,00+,2022-09-24,2022-09-15,-9 day ahead inc hosp,quantile,0.25,153.680909364762,COVID-19
DE-TH,00+,2022-09-24,2022-09-15,-9 day ahead inc hosp,quantile,0.5,154.9122041835097,COVID-19
DE-TH,00+,2022-09-24,2022-09-15,-9 day ahead inc hosp,quantile,0.75,156.37379011588777,COVID-19
DE-TH,00+,2022-09-24,2022-09-15,-9 day ahead inc hosp,quantile,0.9,157.91433953060226,COVID-19
DE-TH,00+,2022-09-24,2022-09-15,-9 day ahead inc hosp,quantile,0.975,159.12857624039518,COVID-19
DE,00+,2022-09-24,2022-09-16,-8 day ahead inc hosp,mean,,4394.975266712963,COVID-19
DE,00+,2022-09-24,2022-09-16,-8 day ahead inc hosp,quantile,0.025,4284.649806491953,COVID-19
DE,00+,2022-09-24,2022-09-16,-8 day ahead inc hosp,quantile,0.1,4308.306786154512,COVID-19
DE,00+,2022-09-24,2022-09-16,-8 day ahead inc hosp,quantile,0.25,4357.549323515346,COVID-19
DE,00+,2022-09-24,2022-09-16,-8 day ahead inc hosp,quantile,0.5,4400.655425012037,COVID-19
DE,00+,2022-09-24,2022-09-16,-8 day ahead inc hosp,quantile,0.75,4436.785681237452,COVID-19
DE,00+,2022-09-24,2022-09-16,-8 day ahead inc hosp,quantile,0.9,4463.6762096038,COVID-19
DE,00+,2022-09-24,2022-09-16,-8 day ahead inc hosp,quantile,0.975,4490.267111106433,COVID-19
DE,00-04,2022-09-24,2022-09-16,-8 day ahead inc hosp,mean,,148.58194182076033,COVID-19
DE,00-04,2022-09-24,2022-09-16,-8 day ahead inc hosp,quantile,0.025,146.03436065509788,COVID-19
DE,00-04,2022-09-24,2022-09-16,-8 day ahead inc hosp,quantile,0.1,146.5397585511083,COVID-19
DE,00-04,2022-09-24,2022-09-16,-8 day ahead inc hosp,quantile,0.25,147.18969736394928,COVID-19
DE,00-04,2022-09-24,2022-09-16,-8 day ahead inc hosp,quantile,0.5,148.47459158472003,COVID-19
DE,00-04,2022-09-24,2022-09-16,-8 day ahead inc hosp,quantile,0.75,149.58475950463205,COVID-19
DE,00-04,2022-09-24,2022-09-16,-8 day ahead inc hosp,quantile,0.9,150.9335835354014,COVID-19
DE,00-04,2022-09-24,2022-09-16,-8 day ahead inc hosp,quantile,0.975,152.01185271552157,COVID-19
DE,05-14,2022-09-24,2022-09-16,-8 day ahead inc hosp,mean,,51.05255056025559,COVID-19
DE,05-14,2022-09-24,2022-09-16,-8 day ahead inc hosp,quantile,0.025,49.276776731481995,COVID-19
DE,05-14,2022-09-24,2022-09-16,-8 day ahead inc hosp,quantile,0.1,49.75923737847803,COVID-19
DE,05-14,2022-09-24,2022-09-16,-8 day ahead inc hosp,quantile,0.25,50.09261821685889,COVID-19
DE,05-14,2022-09-24,2022-09-16,-8 day ahead inc hosp,quantile,0.5,50.53739438644395,COVID-19
DE,05-14,2022-09-24,2022-09-16,-8 day ahead inc hosp,quantile,0.75,51.69723191275429,COVID-19
DE,05-14,2022-09-24,2022-09-16,-8 day ahead inc hosp,quantile,0.9,53.30627504811251,COVID-19
DE,05-14,2022-09-24,2022-09-16,-8 day ahead inc hosp,quantile,0.975,54.50904271572223,COVID-19
DE,15-34,2022-09-24,2022-09-16,-8 day ahead inc hosp,mean,,331.85209510992644,COVID-19
DE,15-34,2022-09-24,2022-09-16,-8 day ahead inc hosp,quantile,0.025,319.7743093153085,COVID-19
DE,15-34,2022-09-24,2022-09-16,-8 day ahead inc hosp,quantile,0.1,323.8847271713587,COVID-19
DE,15-34,2022-09-24,2022-09-16,-8 day ahead inc hosp,quantile,0.25,328.83095561500477,COVID-19
DE,15-34,2022-09-24,2022-09-16,-8 day ahead inc hosp,quantile,0.5,331.4369308993645,COVID-19
DE,15-34,2022-09-24,2022-09-16,-8 day ahead inc hosp,quantile,0.75,335.4149572310163,COVID-19
DE,15-34,2022-09-24,2022-09-16,-8 day ahead inc hosp,quantile,0.9,340.2346030564961,COVID-19
DE,15-34,2022-09-24,2022-09-16,-8 day ahead inc hosp,quantile,0.975,344.33917784814855,COVID-19
DE,35-59,2022-09-24,2022-09-16,-8 day ahead inc hosp,mean,,670.011783193424,COVID-19
DE,35-59,2022-09-24,2022-09-16,-8 day ahead inc hosp,quantile,0.025,644.2984331608365,COVID-19
DE,35-59,2022-09-24,2022-09-16,-8 day ahead inc hosp,quantile,0.1,648.5096837021409,COVID-19
DE,35-59,2022-09-24,2022-09-16,-8 day ahead inc hosp,quantile,0.25,660.0937155730327,COVID-19
DE,35-59,2022-09-24,2022-09-16,-8 day ahead inc hosp,quantile,0.5,675.2003836309113,COVID-19
DE,35-59,2022-09-24,2022-09-16,-8 day ahead inc hosp,quantile,0.75,679.5225467158001,COVID-19
DE,35-59,2022-09-24,2022-09-16,-8 day ahead inc hosp,quantile,0.9,683.662706933374,COVID-19
DE,35-59,2022-09-24,2022-09-16,-8 day ahead inc hosp,quantile,0.975,687.8188351043764,COVID-19
DE,60-79,2022-09-24,2022-09-16,-8 day ahead inc hosp,mean,,1511.581963397825,COVID-19
DE,60-79,2022-09-24,2022-09-16,-8 day ahead inc hosp,quantile,0.025,1481.0355330779687,COVID-19
DE,60-79,2022-09-24,2022-09-16,-8 day ahead inc hosp,quantile,0.1,1487.9577931188169,COVID-19
DE,60-79,2022-09-24,2022-09-16,-8 day ahead inc hosp,quantile,0.25,1497.1938870376518,COVID-19
DE,60-79,2022-09-24,2022-09-16,-8 day ahead inc hosp,quantile,0.5,1514.1613171161525,COVID-19
DE,60-79,2022-09-24,2022-09-16,-8 day ahead inc hosp,quantile,0.75,1525.8485751186438,COVID-19
DE,60-79,2022-09-24,2022-09-16,-8 day ahead inc hosp,quantile,0.9,1534.1077541620286,COVID-19
DE,60-79,2022-09-24,2022-09-16,-8 day ahead inc hosp,quantile,0.975,1541.9722586196597,COVID-19
DE,80+,2022-09-24,2022-09-16,-8 day ahead inc hosp,mean,,1633.9901703310236,COVID-19
DE,80+,2022-09-24,2022-09-16,-8 day ahead inc hosp,quantile,0.025,1592.8986727419433,COVID-19
DE,80+,2022-09-24,2022-09-16,-8 day ahead inc hosp,quantile,0.1,1597.9497708738345,COVID-19
DE,80+,2022-09-24,2022-09-16,-8 day ahead inc hosp,quantile,0.25,1614.7724494719243,COVID-19
DE,80+,2022-09-24,2022-09-16,-8 day ahead inc hosp,quantile,0.5,1637.0985420083402,COVID-19
DE,80+,2022-09-24,2022-09-16,-8 day ahead inc hosp,quantile,0.75,1652.209577097529,COVID-19
DE,80+,2022-09-24,2022-09-16,-8 day ahead inc hosp,quantile,0.9,1664.6173734879915,COVID-19
DE,80+,2022-09-24,2022-09-16,-8 day ahead inc hosp,quantile,0.975,1673.1957922632034,COVID-19
DE-BB,00+,2022-09-24,2022-09-16,-8 day ahead inc hosp,mean,,148.57607618411663,COVID-19
DE-BB,00+,2022-09-24,2022-09-16,-8 day ahead inc hosp,quantile,0.025,145.74032325626803,COVID-19
DE-BB,00+,2022-09-24,2022-09-16,-8 day ahead inc hosp,quantile,0.1,146.50250105453904,COVID-19
DE-BB,00+,2022-09-24,2022-09-16,-8 day ahead inc hosp,quantile,0.25,147.21472546525732,COVID-19
DE-BB,00+,2022-09-24,2022-09-16,-8 day ahead inc hosp,quantile,0.5,148.44568700152075,COVID-19
DE-BB,00+,2022-09-24,2022-09-16,-8 day ahead inc hosp,quantile,0.75,149.31342036132642,COVID-19
DE-BB,00+,2022-09-24,2022-09-16,-8 day ahead inc hosp,quantile,0.9,150.90608656729955,COVID-19
DE-BB,00+,2022-09-24,2022-09-16,-8 day ahead inc hosp,quantile,0.975,153.10000315403258,COVID-19
DE-BE,00+,2022-09-24,2022-09-16,-8 day ahead inc hosp,mean,,121.17432595286603,COVID-19
DE-BE,00+,2022-09-24,2022-09-16,-8 day ahead inc hosp,quantile,0.025,113.4165106902199,COVID-19
DE-BE,00+,2022-09-24,2022-09-16,-8 day ahead inc hosp,quantile,0.1,114.40605715799805,COVID-19
DE-BE,00+,2022-09-24,2022-09-16,-8 day ahead inc hosp,quantile,0.25,116.33539686205782,COVID-19
DE-BE,00+,2022-09-24,2022-09-16,-8 day ahead inc hosp,quantile,0.5,118.95849762343974,COVID-19
DE-BE,00+,2022-09-24,2022-09-16,-8 day ahead inc hosp,quantile,0.75,125.25748207160281,COVID-19
DE-BE,00+,2022-09-24,2022-09-16,-8 day ahead inc hosp,quantile,0.9,131.14394679807788,COVID-19
DE-BE,00+,2022-09-24,2022-09-16,-8 day ahead inc hosp,quantile,0.975,134.1258029847539,COVID-19
DE-BW,00+,2022-09-24,2022-09-16,-8 day ahead inc hosp,mean,,307.7004152577443,COVID-19
DE-BW,00+,2022-09-24,2022-09-16,-8 day ahead inc hosp,quantile,0.025,301.3217276034602,COVID-19
DE-BW,00+,2022-09-24,2022-09-16,-8 day ahead inc hosp,quantile,0.1,302.39613627893095,COVID-19
DE-BW,00+,2022-09-24,2022-09-16,-8 day ahead inc hosp,quantile,0.25,304.11649405832287,COVID-19
DE-BW,00+,2022-09-24,2022-09-16,-8 day ahead inc hosp,quantile,0.5,307.3080466010763,COVID-19
DE-BW,00+,2022-09-24,2022-09-16,-8 day ahead inc hosp,quantile,0.75,311.328227356633,COVID-19
DE-BW,00+,2022-09-24,2022-09-16,-8 day ahead inc hosp,quantile,0.9,313.3435282166819,COVID-19
DE-BW,00+,2022-09-24,2022-09-16,-8 day ahead inc hosp,quantile,0.975,314.444302858564,COVID-19
DE-BY,00+,2022-09-24,2022-09-16,-8 day ahead inc hosp,mean,,887.4295831485892,COVID-19
DE-BY,00+,2022-09-24,2022-09-16,-8 day ahead inc hosp,quantile,0.025,864.6124431487212,COVID-19
DE-BY,00+,2022-09-24,2022-09-16,-8 day ahead inc hosp,quantile,0.1,871.567005865014,COVID-19
DE-BY,00+,2022-09-24,2022-09-16,-8 day ahead inc hosp,quantile,0.25,879.7621363276179,COVID-19
DE-BY,00+,2022-09-24,2022-09-16,-8 day ahead inc hosp,quantile,0.5,887.6247835079377,COVID-19
DE-BY,00+,2022-09-24,2022-09-16,-8 day ahead inc hosp,quantile,0.75,896.4193099293311,COVID-19
DE-BY,00+,2022-09-24,2022-09-16,-8 day ahead inc hosp,quantile,0.9,903.577972963135,COVID-19
DE-BY,00+,2022-09-24,2022-09-16,-8 day ahead inc hosp,quantile,0.975,907.9985186750826,COVID-19
DE-HB,00+,2022-09-24,2022-09-16,-8 day ahead inc hosp,mean,,28.021241492979307,COVID-19
DE-HB,00+,2022-09-24,2022-09-16,-8 day ahead inc hosp,quantile,0.025,25.500013894508548,COVID-19
DE-HB,00+,2022-09-24,2022-09-16,-8 day ahead inc hosp,quantile,0.1,26.722181614615387,COVID-19
DE-HB,00+,2022-09-24,2022-09-16,-8 day ahead inc hosp,quantile,0.25,26.7942852,COVID-19
DE-HB,00+,2022-09-24,2022-09-16,-8 day ahead inc hosp,quantile,0.5,27.75928601668688,COVID-19
DE-HB,00+,2022-09-24,2022-09-16,-8 day ahead inc hosp,quantile,0.75,29.404102823442887,COVID-19
DE-HB,00+,2022-09-24,2022-09-16,-8 day ahead inc hosp,quantile,0.9,30.14357085,COVID-19
DE-HB,00+,2022-09-24,2022-09-16,-8 day ahead inc hosp,quantile,0.975,30.297329253423907,COVID-19
DE-HE,00+,2022-09-24,2022-09-16,-8 day ahead inc hosp,mean,,278.18605467532626,COVID-19
DE-HE,00+,2022-09-24,2022-09-16,-8 day ahead inc hosp,quantile,0.025,254.2188322753019,COVID-19
DE-HE,00+,2022-09-24,2022-09-16,-8 day ahead inc hosp,quantile,0.1,256.1651107597125,COVID-19
DE-HE,00+,2022-09-24,2022-09-16,-8 day ahead inc hosp,quantile,0.25,267.9383474546166,COVID-19
DE-HE,00+,2022-09-24,2022-09-16,-8 day ahead inc hosp,quantile,0.5,281.33100921660184,COVID-19
DE-HE,00+,2022-09-24,2022-09-16,-8 day ahead inc hosp,quantile,0.75,286.3868121023644,COVID-19
DE-HE,00+,2022-09-24,2022-09-16,-8 day ahead inc hosp,quantile,0.9,296.48030719954124,COVID-19
DE-HE,00+,2022-09-24,2022-09-16,-8 day ahead inc hosp,quantile,0.975,298.8945962651156,COVID-19
DE-HH,00+,2022-09-24,2022-09-16,-8 day ahead inc hosp,mean,,85.89019327033499,COVID-19
DE-HH,00+,2022-09-24,2022-09-16,-8 day ahead inc hosp,quantile,0.025,80.0664978318293,COVID-19
DE-HH,00+,2022-09-24,2022-09-16,-8 day ahead inc hosp,quantile,0.1,81.43581991076852,COVID-19
DE-HH,00+,2022-09-24,2022-09-16,-8 day ahead inc hosp,quantile,0.25,84.13666194650344,COVID-19
DE-HH,00+,2022-09-24,2022-09-16,-8 day ahead inc hosp,quantile,0.5,85.99073002506405,COVID-19
DE-HH,00+,2022-09-24,2022-09-16,-8 day ahead inc hosp,quantile,0.75,87.66953252949168,COVID-19
DE-HH,00+,2022-09-24,2022-09-16,-8 day ahead inc hosp,quantile,0.9,89.50774681626773,COVID-19
DE-HH,00+,2022-09-24,2022-09-16,-8 day ahead inc hosp,quantile,0.975,92.11309291537094,COVID-19
DE-MV,00+,2022-09-24,2022-09-16,-8 day ahead inc hosp,mean,,154.9593949333565,COVID-19
DE-MV,00+,2022-09-24,2022-09-16,-8 day ahead inc hosp,quantile,0.025,151.7656609814441,COVID-19
DE-MV,00+,2022-09-24,2022-09-16,-8 day ahead inc hosp,quantile,0.1,152.27924451482178,COVID-19
DE-MV,00+,2022-09-24,2022-09-16,-8 day ahead inc hosp,quantile,0.25,152.90693146067937,COVID-19
DE-MV,00+,2022-09-24,2022-09-16,-8 day ahead inc hosp,quantile,0.5,154.6341674280823,COVID-19
DE-MV,00+,2022-09-24,2022-09-16,-8 day ahead inc hosp,quantile,0.75,156.46200330837135,COVID-19
DE-MV,00+,2022-09-24,2022-09-16,-8 day ahead inc hosp,quantile,0.9,158.44346080533316,COVID-19
DE-MV,00+,2022-09-24,2022-09-16,-8 day ahead inc hosp,quantile,0.975,159.77964045534836,COVID-19
DE-NI,00+,2022-09-24,2022-09-16,-8 day ahead inc hosp,mean,,242.42427752615953,COVID-19
DE-NI,00+,2022-09-24,2022-09-16,-8 day ahead inc hosp,quantile,0.025,235.35365498413825,COVID-19
DE-NI,00+,2022-09-24,2022-09-16,-8 day ahead inc hosp,quantile,0.1,236.1554872050817,COVID-19
DE-NI,00+,2022-09-24,2022-09-16,-8 day ahead inc hosp,quantile,0.25,238.2243790671424,COVID-19
DE-NI,00+,2022-09-24,2022-09-16,-8 day ahead inc hosp,quantile,0.5,241.19587840349445,COVID-19
DE-NI,00+,2022-09-24,2022-09-16,-8 day ahead inc hosp,quantile,0.75,245.0880982188181,COVID-19
DE-NI,00+,2022-09-24,2022-09-16,-8 day ahead inc hosp,quantile,0.9,250.38456038277937,COVID-19
DE-NI,00+,2022-09-24,2022-09-16,-8 day ahead inc hosp,quantile,0.975,255.36830652965858,COVID-19
DE-NW,00+,2022-09-24,2022-09-16,-8 day ahead inc hosp,mean,,1050.1945917387302,COVID-19
DE-NW,00+,2022-09-24,2022-09-16,-8 day ahead inc hosp,quantile,0.025,1029.0035648059886,COVID-19
DE-NW,00+,2022-09-24,2022-09-16,-8 day ahead inc hosp,quantile,0.1,1034.2640456069391,COVID-19
DE-NW,00+,2022-09-24,2022-09-16,-8 day ahead inc hosp,quantile,0.25,1039.874792065921,COVID-19
DE-NW,00+,2022-09-24,2022-09-16,-8 day ahead inc hosp,quantile,0.5,1047.1931221899747,COVID-19
DE-NW,00+,2022-09-24,2022-09-16,-8 day ahead inc hosp,quantile,0.75,1059.8353254795961,COVID-19
DE-NW,00+,2022-09-24,2022-09-16,-8 day ahead inc hosp,quantile,0.9,1072.8838584094258,COVID-19
DE-NW,00+,2022-09-24,2022-09-16,-8 day ahead inc hosp,quantile,0.975,1079.251760837951,COVID-19
DE-RP,00+,2022-09-24,2022-09-16,-8 day ahead inc hosp,mean,,271.3143392331407,COVID-19
DE-RP,00+,2022-09-24,2022-09-16,-8 day ahead inc hosp,quantile,0.025,254.64757059339726,COVID-19
DE-RP,00+,2022-09-24,2022-09-16,-8 day ahead inc hosp,quantile,0.1,257.06397384856456,COVID-19
DE-RP,00+,2022-09-24,2022-09-16,-8 day ahead inc hosp,quantile,0.25,261.8582901462056,COVID-19
DE-RP,00+,2022-09-24,2022-09-16,-8 day ahead inc hosp,quantile,0.5,272.73354034516876,COVID-19
DE-RP,00+,2022-09-24,2022-09-16,-8 day ahead inc hosp,quantile,0.75,278.28695713045647,COVID-19
DE-RP,00+,2022-09-24,2022-09-16,-8 day ahead inc hosp,quantile,0.9,284.77200334030647,COVID-19
DE-RP,00+,2022-09-24,2022-09-16,-8 day ahead inc hosp,quantile,0.975,287.656306684841,COVID-19
DE-SH,00+,2022-09-24,2022-09-16,-8 day ahead inc hosp,mean,,160.5028196654639,COVID-19
DE-SH,00+,2022-09-24,2022-09-16,-8 day ahead inc hosp,quantile,0.025,152.95306734234606,COVID-19
DE-SH,00+,2022-09-24,2022-09-16,-8 day ahead inc hosp,quantile,0.1,156.13996793199573,COVID-19
DE-SH,00+,2022-09-24,2022-09-16,-8 day ahead inc hosp,quantile,0.25,158.09424546406083,COVID-19
DE-SH,00+,2022-09-24,2022-09-16,-8 day ahead inc hosp,quantile,0.5,160.018737793271,COVID-19
DE-SH,00+,2022-09-24,2022-09-16,-8 day ahead inc hosp,quantile,0.75,163.2594874565363,COVID-19
DE-SH,00+,2022-09-24,2022-09-16,-8 day ahead inc hosp,quantile,0.9,165.97892590798136,COVID-19
DE-SH,00+,2022-09-24,2022-09-16,-8 day ahead inc hosp,quantile,0.975,167.41135866712634,COVID-19
DE-SL,00+,2022-09-24,2022-09-16,-8 day ahead inc hosp,mean,,72.21721284175891,COVID-19
DE-SL,00+,2022-09-24,2022-09-16,-8 day ahead inc hosp,quantile,0.025,68.95602537360651,COVID-19
DE-SL,00+,2022-09-24,2022-09-16,-8 day ahead inc hosp,quantile,0.1,69.49301257240151,COVID-19
DE-SL,00+,2022-09-24,2022-09-16,-8 day ahead inc hosp,quantile,0.25,70.32197723892767,COVID-19
DE-SL,00+,2022-09-24,2022-09-16,-8 day ahead inc hosp,quantile,0.5,71.84665451749362,COVID-19
DE-SL,00+,2022-09-24,2022-09-16,-8 day ahead inc hosp,quantile,0.75,73.92169854534296,COVID-19
DE-SL,00+,2022-09-24,2022-09-16,-8 day ahead inc hosp,quantile,0.9,75.99696072748658,COVID-19
DE-SL,00+,2022-09-24,2022-09-16,-8 day ahead inc hosp,quantile,0.975,77.50508048715291,COVID-19
DE-SN,00+,2022-09-24,2022-09-16,-8 day ahead inc hosp,mean,,257.90507778472625,COVID-19
DE-SN,00+,2022-09-24,2022-09-16,-8 day ahead inc hosp,quantile,0.025,241.76545802053494,COVID-19
DE-SN,00+,2022-09-24,2022-09-16,-8 day ahead inc hosp,quantile,0.1,248.30792323828913,COVID-19
DE-SN,00+,2022-09-24,2022-09-16,-8 day ahead inc hosp,quantile,0.25,251.13333518007357,COVID-19
DE-SN,00+,2022-09-24,2022-09-16,-8 day ahead inc hosp,quantile,0.5,255.39399319940588,COVID-19
DE-SN,00+,2022-09-24,2022-09-16,-8 day ahead inc hosp,quantile,0.75,264.20289286132015,COVID-19
DE-SN,00+,2022-09-24,2022-09-16,-8 day ahead inc hosp,quantile,0.9,272.9506043887282,COVID-19
DE-SN,00+,2022-09-24,2022-09-16,-8 day ahead inc hosp,quantile,0.975,280.5468845949296,COVID-19
DE-ST,00+,2022-09-24,2022-09-16,-8 day ahead inc hosp,mean,,178.08801305362593,COVID-19
DE-ST,00+,2022-09-24,2022-09-16,-8 day ahead inc hosp,quantile,0.025,169.23614822005288,COVID-19
DE-ST,00+,2022-09-24,2022-09-16,-8 day ahead inc hosp,quantile,0.1,170.67374214783632,COVID-19
DE-ST,00+,2022-09-24,2022-09-16,-8 day ahead inc hosp,quantile,0.25,172.3561774540982,COVID-19
DE-ST,00+,2022-09-24,2022-09-16,-8 day ahead inc hosp,quantile,0.5,178.54065722668605,COVID-19
DE-ST,00+,2022-09-24,2022-09-16,-8 day ahead inc hosp,quantile,0.75,183.30953377473463,COVID-19
DE-ST,00+,2022-09-24,2022-09-16,-8 day ahead inc hosp,quantile,0.9,185.77442657429975,COVID-19
DE-ST,00+,2022-09-24,2022-09-16,-8 day ahead inc hosp,quantile,0.975,186.88503420314896,COVID-19
DE-TH,00+,2022-09-24,2022-09-16,-8 day ahead inc hosp,mean,,160.6194328112848,COVID-19
DE-TH,00+,2022-09-24,2022-09-16,-8 day ahead inc hosp,quantile,0.025,155.5239692068672,COVID-19
DE-TH,00+,2022-09-24,2022-09-16,-8 day ahead inc hosp,quantile,0.1,157.47048379622268,COVID-19
DE-TH,00+,2022-09-24,2022-09-16,-8 day ahead inc hosp,quantile,0.25,159.34329134912497,COVID-19
DE-TH,00+,2022-09-24,2022-09-16,-8 day ahead inc hosp,quantile,0.5,160.47307890234632,COVID-19
DE-TH,00+,2022-09-24,2022-09-16,-8 day ahead inc hosp,quantile,0.75,162.19502018818878,COVID-19
DE-TH,00+,2022-09-24,2022-09-16,-8 day ahead inc hosp,quantile,0.9,163.95169268304997,COVID-19
DE-TH,00+,2022-09-24,2022-09-16,-8 day ahead inc hosp,quantile,0.975,165.09181401119758,COVID-19
DE,00+,2022-09-24,2022-09-17,-7 day ahead inc hosp,mean,,4473.192718702553,COVID-19
DE,00+,2022-09-24,2022-09-17,-7 day ahead inc hosp,quantile,0.025,4359.966185312741,COVID-19
DE,00+,2022-09-24,2022-09-17,-7 day ahead inc hosp,quantile,0.1,4379.60433712157,COVID-19
DE,00+,2022-09-24,2022-09-17,-7 day ahead inc hosp,quantile,0.25,4442.663385078576,COVID-19
DE,00+,2022-09-24,2022-09-17,-7 day ahead inc hosp,quantile,0.5,4481.840435262901,COVID-19
DE,00+,2022-09-24,2022-09-17,-7 day ahead inc hosp,quantile,0.75,4511.520243873669,COVID-19
DE,00+,2022-09-24,2022-09-17,-7 day ahead inc hosp,quantile,0.9,4535.951189528622,COVID-19
DE,00+,2022-09-24,2022-09-17,-7 day ahead inc hosp,quantile,0.975,4565.571960348494,COVID-19
DE,00-04,2022-09-24,2022-09-17,-7 day ahead inc hosp,mean,,142.91807647490847,COVID-19
DE,00-04,2022-09-24,2022-09-17,-7 day ahead inc hosp,quantile,0.025,140.15655757798362,COVID-19
DE,00-04,2022-09-24,2022-09-17,-7 day ahead inc hosp,quantile,0.1,140.81532150038288,COVID-19
DE,00-04,2022-09-24,2022-09-17,-7 day ahead inc hosp,quantile,0.25,141.71110174153716,COVID-19
DE,00-04,2022-09-24,2022-09-17,-7 day ahead inc hosp,quantile,0.5,142.69396241479888,COVID-19
DE,00-04,2022-09-24,2022-09-17,-7 day ahead inc hosp,quantile,0.75,143.90347540899344,COVID-19
DE,00-04,2022-09-24,2022-09-17,-7 day ahead inc hosp,quantile,0.9,145.2076273015159,COVID-19
DE,00-04,2022-09-24,2022-09-17,-7 day ahead inc hosp,quantile,0.975,146.65347035152706,COVID-19
DE,05-14,2022-09-24,2022-09-17,-7 day ahead inc hosp,mean,,55.11826491845135,COVID-19
DE,05-14,2022-09-24,2022-09-17,-7 day ahead inc hosp,quantile,0.025,53.10574654233831,COVID-19
DE,05-14,2022-09-24,2022-09-17,-7 day ahead inc hosp,quantile,0.1,53.59624875533444,COVID-19
DE,05-14,2022-09-24,2022-09-17,-7 day ahead inc hosp,quantile,0.25,53.91918144802998,COVID-19
DE,05-14,2022-09-24,2022-09-17,-7 day ahead inc hosp,quantile,0.5,54.60989951287184,COVID-19
DE,05-14,2022-09-24,2022-09-17,-7 day ahead inc hosp,quantile,0.75,55.98441733303074,COVID-19
DE,05-14,2022-09-24,2022-09-17,-7 day ahead inc hosp,quantile,0.9,57.43857677074002,COVID-19
DE,05-14,2022-09-24,2022-09-17,-7 day ahead inc hosp,quantile,0.975,58.75568895592186,COVID-19
DE,15-34,2022-09-24,2022-09-17,-7 day ahead inc hosp,mean,,332.86202722083414,COVID-19
DE,15-34,2022-09-24,2022-09-17,-7 day ahead inc hosp,quantile,0.025,321.07080615307746,COVID-19
DE,15-34,2022-09-24,2022-09-17,-7 day ahead inc hosp,quantile,0.1,325.9392251558893,COVID-19
DE,15-34,2022-09-24,2022-09-17,-7 day ahead inc hosp,quantile,0.25,328.8696733909691,COVID-19
DE,15-34,2022-09-24,2022-09-17,-7 day ahead inc hosp,quantile,0.5,331.975260205025,COVID-19
DE,15-34,2022-09-24,2022-09-17,-7 day ahead inc hosp,quantile,0.75,336.07835445716825,COVID-19
DE,15-34,2022-09-24,2022-09-17,-7 day ahead inc hosp,quantile,0.9,342.3661322374229,COVID-19
DE,15-34,2022-09-24,2022-09-17,-7 day ahead inc hosp,quantile,0.975,345.29016246785466,COVID-19
DE,35-59,2022-09-24,2022-09-17,-7 day ahead inc hosp,mean,,689.1057069794915,COVID-19
DE,35-59,2022-09-24,2022-09-17,-7 day ahead inc hosp,quantile,0.025,661.5032581003958,COVID-19
DE,35-59,2022-09-24,2022-09-17,-7 day ahead inc hosp,quantile,0.1,664.9159251127556,COVID-19
DE,35-59,2022-09-24,2022-09-17,-7 day ahead inc hosp,quantile,0.25,682.3611725117431,COVID-19
DE,35-59,2022-09-24,2022-09-17,-7 day ahead inc hosp,quantile,0.5,694.7610374312372,COVID-19
DE,35-59,2022-09-24,2022-09-17,-7 day ahead inc hosp,quantile,0.75,698.077402409113,COVID-19
DE,35-59,2022-09-24,2022-09-17,-7 day ahead inc hosp,quantile,0.9,702.8232861966776,COVID-19
DE,35-59,2022-09-24,2022-09-17,-7 day ahead inc hosp,quantile,0.975,707.3047487314067,COVID-19
DE,60-79,2022-09-24,2022-09-17,-7 day ahead inc hosp,mean,,1544.1439977628554,COVID-19
DE,60-79,2022-09-24,2022-09-17,-7 day ahead inc hosp,quantile,0.025,1512.6630514093663,COVID-19
DE,60-79,2022-09-24,2022-09-17,-7 day ahead inc hosp,quantile,0.1,1522.17061510816,COVID-19
DE,60-79,2022-09-24,2022-09-17,-7 day ahead inc hosp,quantile,0.25,1531.712499127266,COVID-19
DE,60-79,2022-09-24,2022-09-17,-7 day ahead inc hosp,quantile,0.5,1545.4145615121588,COVID-19
DE,60-79,2022-09-24,2022-09-17,-7 day ahead inc hosp,quantile,0.75,1557.3706189605061,COVID-19
DE,60-79,2022-09-24,2022-09-17,-7 day ahead inc hosp,quantile,0.9,1565.9557464463098,COVID-19
DE,60-79,2022-09-24,2022-09-17,-7 day ahead inc hosp,quantile,0.975,1574.0756638609816,COVID-19
DE,80+,2022-09-24,2022-09-17,-7 day ahead inc hosp,mean,,1663.358970790946,COVID-19
DE,80+,2022-09-24,2022-09-17,-7 day ahead inc hosp,quantile,0.025,1620.1345416019947,COVID-19
DE,80+,2022-09-24,2022-09-17,-7 day ahead inc hosp,quantile,0.1,1624.192199539811,COVID-19
DE,80+,2022-09-24,2022-09-17,-7 day ahead inc hosp,quantile,0.25,1647.1205168371205,COVID-19
DE,80+,2022-09-24,2022-09-17,-7 day ahead inc hosp,quantile,0.5,1666.4654505635528,COVID-19
DE,80+,2022-09-24,2022-09-17,-7 day ahead inc hosp,quantile,0.75,1681.1484937764158,COVID-19
DE,80+,2022-09-24,2022-09-17,-7 day ahead inc hosp,quantile,0.9,1691.3829866589879,COVID-19
DE,80+,2022-09-24,2022-09-17,-7 day ahead inc hosp,quantile,0.975,1701.8225903389603,COVID-19
DE-BB,00+,2022-09-24,2022-09-17,-7 day ahead inc hosp,mean,,157.64613068184056,COVID-19
DE-BB,00+,2022-09-24,2022-09-17,-7 day ahead inc hosp,quantile,0.025,154.44059903968298,COVID-19
DE-BB,00+,2022-09-24,2022-09-17,-7 day ahead inc hosp,quantile,0.1,155.2442215069715,COVID-19
DE-BB,00+,2022-09-24,2022-09-17,-7 day ahead inc hosp,quantile,0.25,155.9451978371308,COVID-19
DE-BB,00+,2022-09-24,2022-09-17,-7 day ahead inc hosp,quantile,0.5,157.24701112888502,COVID-19
DE-BB,00+,2022-09-24,2022-09-17,-7 day ahead inc hosp,quantile,0.75,158.7979656186335,COVID-19
DE-BB,00+,2022-09-24,2022-09-17,-7 day ahead inc hosp,quantile,0.9,160.67183596209892,COVID-19
DE-BB,00+,2022-09-24,2022-09-17,-7 day ahead inc hosp,quantile,0.975,162.15644618217337,COVID-19
DE-BE,00+,2022-09-24,2022-09-17,-7 day ahead inc hosp,mean,,129.3148074273077,COVID-19
DE-BE,00+,2022-09-24,2022-09-17,-7 day ahead inc hosp,quantile,0.025,121.45994440930075,COVID-19
DE-BE,00+,2022-09-24,2022-09-17,-7 day ahead inc hosp,quantile,0.1,122.4425515473894,COVID-19
DE-BE,00+,2022-09-24,2022-09-17,-7 day ahead inc hosp,quantile,0.25,124.47109973411038,COVID-19
DE-BE,00+,2022-09-24,2022-09-17,-7 day ahead inc hosp,quantile,0.5,127.27857639006564,COVID-19
DE-BE,00+,2022-09-24,2022-09-17,-7 day ahead inc hosp,quantile,0.75,133.61440280347102,COVID-19
DE-BE,00+,2022-09-24,2022-09-17,-7 day ahead inc hosp,quantile,0.9,139.6157185424487,COVID-19
DE-BE,00+,2022-09-24,2022-09-17,-7 day ahead inc hosp,quantile,0.975,142.21316251400657,COVID-19
DE-BW,00+,2022-09-24,2022-09-17,-7 day ahead inc hosp,mean,,305.95360979000475,COVID-19
DE-BW,00+,2022-09-24,2022-09-17,-7 day ahead inc hosp,quantile,0.025,300.2270659706497,COVID-19
DE-BW,00+,2022-09-24,2022-09-17,-7 day ahead inc hosp,quantile,0.1,301.50069033046134,COVID-19
DE-BW,00+,2022-09-24,2022-09-17,-7 day ahead inc hosp,quantile,0.25,303.25569908594457,COVID-19
DE-BW,00+,2022-09-24,2022-09-17,-7 day ahead inc hosp,quantile,0.5,305.61499827500114,COVID-19
DE-BW,00+,2022-09-24,2022-09-17,-7 day ahead inc hosp,quantile,0.75,309.0244408394967,COVID-19
DE-BW,00+,2022-09-24,2022-09-17,-7 day ahead inc hosp,quantile,0.9,310.53090670808416,COVID-19
DE-BW,00+,2022-09-24,2022-09-17,-7 day ahead inc hosp,quantile,0.975,311.87238577080296,COVID-19
DE-BY,00+,2022-09-24,2022-09-17,-7 day ahead inc hosp,mean,,924.5725083944909,COVID-19
DE-BY,00+,2022-09-24,2022-09-17,-7 day ahead inc hosp,quantile,0.025,900.5036961337955,COVID-19
DE-BY,00+,2022-09-24,2022-09-17,-7 day ahead inc hosp,quantile,0.1,907.5922730351563,COVID-19
DE-BY,00+,2022-09-24,2022-09-17,-7 day ahead inc hosp,quantile,0.25,916.5329227944341,COVID-19
DE-BY,00+,2022-09-24,2022-09-17,-7 day ahead inc hosp,quantile,0.5,924.1404138718156,COVID-19
DE-BY,00+,2022-09-24,2022-09-17,-7 day ahead inc hosp,quantile,0.75,934.4554641836667,COVID-19
DE-BY,00+,2022-09-24,2022-09-17,-7 day ahead inc hosp,quantile,0.9,941.5666348673705,COVID-19
DE-BY,00+,2022-09-24,2022-09-17,-7 day ahead inc hosp,quantile,0.975,947.606433722419,COVID-19
DE-HB,00+,2022-09-24,2022-09-17,-7 day ahead inc hosp,mean,,24.3277594177671,COVID-19
DE-HB,00+,2022-09-24,2022-09-17,-7 day ahead inc hosp,quantile,0.025,22.191745655384615,COVID-19
DE-HB,00+,2022-09-24,2022-09-17,-7 day ahead inc hosp,quantile,0.1,23.08849222153846,COVID-19
DE-HB,00+,2022-09-24,2022-09-17,-7 day ahead inc hosp,quantile,0.25,23.121972,COVID-19
DE-HB,00+,2022-09-24,2022-09-17,-7 day ahead inc hosp,quantile,0.5,24.262315300948806,COVID-19
DE-HB,00+,2022-09-24,2022-09-17,-7 day ahead inc hosp,quantile,0.75,25.590426444472484,COVID-19
DE-HB,00+,2022-09-24,2022-09-17,-7 day ahead inc hosp,quantile,0.9,26.04756621339817,COVID-19
DE-HB,00+,2022-09-24,2022-09-17,-7 day ahead inc hosp,quantile,0.975,26.300791078432972,COVID-19
DE-HE,00+,2022-09-24,2022-09-17,-7 day ahead inc hosp,mean,,294.75664926919666,COVID-19
DE-HE,00+,2022-09-24,2022-09-17,-7 day ahead inc hosp,quantile,0.025,267.88303623720464,COVID-19
DE-HE,00+,2022-09-24,2022-09-17,-7 day ahead inc hosp,quantile,0.1,271.0924839615822,COVID-19
DE-HE,00+,2022-09-24,2022-09-17,-7 day ahead inc hosp,quantile,0.25,286.39935719699844,COVID-19
DE-HE,00+,2022-09-24,2022-09-17,-7 day ahead inc hosp,quantile,0.5,297.76528834472776,COVID-19
DE-HE,00+,2022-09-24,2022-09-17,-7 day ahead inc hosp,quantile,0.75,303.8761728679014,COVID-19
DE-HE,00+,2022-09-24,2022-09-17,-7 day ahead inc hosp,quantile,0.9,312.4833192524496,COVID-19
DE-HE,00+,2022-09-24,2022-09-17,-7 day ahead inc hosp,quantile,0.975,316.10169665073727,COVID-19
DE-HH,00+,2022-09-24,2022-09-17,-7 day ahead inc hosp,mean,,83.84275294145131,COVID-19
DE-HH,00+,2022-09-24,2022-09-17,-7 day ahead inc hosp,quantile,0.025,77.82338003720595,COVID-19
DE-HH,00+,2022-09-24,2022-09-17,-7 day ahead inc hosp,quantile,0.1,78.7830730139275,COVID-19
DE-HH,00+,2022-09-24,2022-09-17,-7 day ahead inc hosp,quantile,0.25,81.96615178637721,COVID-19
DE-HH,00+,2022-09-24,2022-09-17,-7 day ahead inc hosp,quantile,0.5,83.68409703312211,COVID-19
DE-HH,00+,2022-09-24,2022-09-17,-7 day ahead inc hosp,quantile,0.75,85.8360365361281,COVID-19
DE-HH,00+,2022-09-24,2022-09-17,-7 day ahead inc hosp,quantile,0.9,87.34917496779616,COVID-19
DE-HH,00+,2022-09-24,2022-09-17,-7 day ahead inc hosp,quantile,0.975,91.21629188587879,COVID-19
DE-MV,00+,2022-09-24,2022-09-17,-7 day ahead inc hosp,mean,,156.44445133253345,COVID-19
DE-MV,00+,2022-09-24,2022-09-17,-7 day ahead inc hosp,quantile,0.025,152.70522928819182,COVID-19
DE-MV,00+,2022-09-24,2022-09-17,-7 day ahead inc hosp,quantile,0.1,153.37270940721965,COVID-19
DE-MV,00+,2022-09-24,2022-09-17,-7 day ahead inc hosp,quantile,0.25,154.30532919627535,COVID-19
DE-MV,00+,2022-09-24,2022-09-17,-7 day ahead inc hosp,quantile,0.5,156.16897135697732,COVID-19
DE-MV,00+,2022-09-24,2022-09-17,-7 day ahead inc hosp,quantile,0.75,158.28377221234427,COVID-19
DE-MV,00+,2022-09-24,2022-09-17,-7 day ahead inc hosp,quantile,0.9,159.74264972208698,COVID-19
DE-MV,00+,2022-09-24,2022-09-17,-7 day ahead inc hosp,quantile,0.975,161.55131082586294,COVID-19
DE-NI,00+,2022-09-24,2022-09-17,-7 day ahead inc hosp,mean,,234.4987639882277,COVID-19
DE-NI,00+,2022-09-24,2022-09-17,-7 day ahead inc hosp,quantile,0.025,226.242881528917,COVID-19
DE-NI,00+,2022-09-24,2022-09-17,-7 day ahead inc hosp,quantile,0.1,227.72283822187765,COVID-19
DE-NI,00+,2022-09-24,2022-09-17,-7 day ahead inc hosp,quantile,0.25,230.82816189245005,COVID-19
DE-NI,00+,2022-09-24,2022-09-17,-7 day ahead inc hosp,quantile,0.5,233.5873106712822,COVID-19
DE-NI,00+,2022-09-24,2022-09-17,-7 day ahead inc hosp,quantile,0.75,236.71200052632778,COVID-19
DE-NI,00+,2022-09-24,2022-09-17,-7 day ahead inc hosp,quantile,0.9,241.9670426816766,COVID-19
DE-NI,00+,2022-09-24,2022-09-17,-7 day ahead inc hosp,quantile,0.975,248.32452440728264,COVID-19
DE-NW,00+,2022-09-24,2022-09-17,-7 day ahead inc hosp,mean,,1044.035627648041,COVID-19
DE-NW,00+,2022-09-24,2022-09-17,-7 day ahead inc hosp,quantile,0.025,1022.5780753748442,COVID-19
DE-NW,00+,2022-09-24,2022-09-17,-7 day ahead inc hosp,quantile,0.1,1026.850176672934,COVID-19
DE-NW,00+,2022-09-24,2022-09-17,-7 day ahead inc hosp,quantile,0.25,1032.8072035619152,COVID-19
DE-NW,00+,2022-09-24,2022-09-17,-7 day ahead inc hosp,quantile,0.5,1041.6895143365641,COVID-19
DE-NW,00+,2022-09-24,2022-09-17,-7 day ahead inc hosp,quantile,0.75,1055.0180007001459,COVID-19
DE-NW,00+,2022-09-24,2022-09-17,-7 day ahead inc hosp,quantile,0.9,1066.503541757123,COVID-19
DE-NW,00+,2022-09-24,2022-09-17,-7 day ahead inc hosp,quantile,0.975,1071.8794279097672,COVID-19
DE-RP,00+,2022-09-24,2022-09-17,-7 day ahead inc hosp,mean,,276.9551472680847,COVID-19
DE-RP,00+,2022-09-24,2022-09-17,-7 day ahead inc hosp,quantile,0.025,258.2398240058708,COVID-19
DE-RP,00+,2022-09-24,2022-09-17,-7 day ahead inc hosp,quantile,0.1,260.7176734543543,COVID-19
DE-RP,00+,2022-09-24,2022-09-17,-7 day ahead inc hosp,quantile,0.25,267.80481130137946,COVID-19
DE-RP,00+,2022-09-24,2022-09-17,-7 day ahead inc hosp,quantile,0.5,279.00161394264757,COVID-19
DE-RP,00+,2022-09-24,2022-09-17,-7 day ahead inc hosp,quantile,0.75,284.80131480029377,COVID-19
DE-RP,00+,2022-09-24,2022-09-17,-7 day ahead inc hosp,quantile,0.9,290.2058111239844,COVID-19
DE-RP,00+,2022-09-24,2022-09-17,-7 day ahead inc hosp,quantile,0.975,292.3460842896161,COVID-19
DE-SH,00+,2022-09-24,2022-09-17,-7 day ahead inc hosp,mean,,164.41137626234908,COVID-19
DE-SH,00+,2022-09-24,2022-09-17,-7 day ahead inc hosp,quantile,0.025,156.39621756296913,COVID-19
DE-SH,00+,2022-09-24,2022-09-17,-7 day ahead inc hosp,quantile,0.1,159.43710553196556,COVID-19
DE-SH,00+,2022-09-24,2022-09-17,-7 day ahead inc hosp,quantile,0.25,161.7648317313257,COVID-19
DE-SH,00+,2022-09-24,2022-09-17,-7 day ahead inc hosp,quantile,0.5,164.5318255010082,COVID-19
DE-SH,00+,2022-09-24,2022-09-17,-7 day ahead inc hosp,quantile,0.75,167.6037262348102,COVID-19
DE-SH,00+,2022-09-24,2022-09-17,-7 day ahead inc hosp,quantile,0.9,169.94680149461018,COVID-19
DE-SH,00+,2022-09-24,2022-09-17,-7 day ahead inc hosp,quantile,0.975,170.58731984823885,COVID-19
DE-SL,00+,2022-09-24,2022-09-17,-7 day ahead inc hosp,mean,,73.66217249903823,COVID-19
DE-SL,00+,2022-09-24,2022-09-17,-7 day ahead inc hosp,quantile,0.025,70.33548546925013,COVID-19
DE-SL,00+,2022-09-24,2022-09-17,-7 day ahead inc hosp,quantile,0.1,70.72785399812756,COVID-19
DE-SL,00+,2022-09-24,2022-09-17,-7 day ahead inc hosp,quantile,0.25,71.48720086952265,COVID-19
DE-SL,00+,2022-09-24,2022-09-17,-7 day ahead inc hosp,quantile,0.5,73.04690502060527,COVID-19
DE-SL,00+,2022-09-24,2022-09-17,-7 day ahead inc hosp,quantile,0.75,75.85032867025525,COVID-19
DE-SL,00+,2022-09-24,2022-09-17,-7 day ahead inc hosp,quantile,0.9,77.57318508901409,COVID-19
DE-SL,00+,2022-09-24,2022-09-17,-7 day ahead inc hosp,quantile,0.975,79.05720724401388,COVID-19
DE-SN,00+,2022-09-24,2022-09-17,-7 day ahead inc hosp,mean,,267.385638795076,COVID-19
DE-SN,00+,2022-09-24,2022-09-17,-7 day ahead inc hosp,quantile,0.025,251.01153126504605,COVID-19
DE-SN,00+,2022-09-24,2022-09-17,-7 day ahead inc hosp,quantile,0.1,256.31536655080924,COVID-19
DE-SN,00+,2022-09-24,2022-09-17,-7 day ahead inc hosp,quantile,0.25,259.43472032306545,COVID-19
DE-SN,00+,2022-09-24,2022-09-17,-7 day ahead inc hosp,quantile,0.5,265.1394910462074,COVID-19
DE-SN,00+,2022-09-24,2022-09-17,-7 day ahead inc hosp,quantile,0.75,274.0391716241774,COVID-19
DE-SN,00+,2022-09-24,2022-09-17,-7 day ahead inc hosp,quantile,0.9,283.08766418429104,COVID-19
DE-SN,00+,2022-09-24,2022-09-17,-7 day ahead inc hosp,quantile,0.975,289.5433878338562,COVID-19
DE-ST,00+,2022-09-24,2022-09-17,-7 day ahead inc hosp,mean,,181.2537732330779,COVID-19
DE-ST,00+,2022-09-24,2022-09-17,-7 day ahead inc hosp,quantile,0.025,171.63105792320658,COVID-19
DE-ST,00+,2022-09-24,2022-09-17,-7 day ahead inc hosp,quantile,0.1,172.88970628919054,COVID-19
DE-ST,00+,2022-09-24,2022-09-17,-7 day ahead inc hosp,quantile,0.25,175.51932863804768,COVID-19
DE-ST,00+,2022-09-24,2022-09-17,-7 day ahead inc hosp,quantile,0.5,182.32095044142125,COVID-19
DE-ST,00+,2022-09-24,2022-09-17,-7 day ahead inc hosp,quantile,0.75,186.6109839086282,COVID-19
DE-ST,00+,2022-09-24,2022-09-17,-7 day ahead inc hosp,quantile,0.9,188.44079367080377,COVID-19
DE-ST,00+,2022-09-24,2022-09-17,-7 day ahead inc hosp,quantile,0.975,189.2142296082843,COVID-19
DE-TH,00+,2022-09-24,2022-09-17,-7 day ahead inc hosp,mean,,166.76118769329028,COVID-19
DE-TH,00+,2022-09-24,2022-09-17,-7 day ahead inc hosp,quantile,0.025,161.23321125627407,COVID-19
DE-TH,00+,2022-09-24,2022-09-17,-7 day ahead inc hosp,quantile,0.1,163.0733490809529,COVID-19
DE-TH,00+,2022-09-24,2022-09-17,-7 day ahead inc hosp,quantile,0.25,165.21150469225745,COVID-19
DE-TH,00+,2022-09-24,2022-09-17,-7 day ahead inc hosp,quantile,0.5,166.62501174776918,COVID-19
DE-TH,00+,2022-09-24,2022-09-17,-7 day ahead inc hosp,quantile,0.75,168.521479827986,COVID-19
DE-TH,00+,2022-09-24,2022-09-17,-7 day ahead inc hosp,quantile,0.9,170.35244930583096,COVID-19
DE-TH,00+,2022-09-24,2022-09-17,-7 day ahead inc hosp,quantile,0.975,171.5954234705726,COVID-19
DE,00+,2022-09-24,2022-09-18,-6 day ahead inc hosp,mean,,4570.99712204821,COVID-19
DE,00+,2022-09-24,2022-09-18,-6 day ahead inc hosp,quantile,0.025,4434.0091309286245,COVID-19
DE,00+,2022-09-24,2022-09-18,-6 day ahead inc hosp,quantile,0.1,4473.505004719335,COVID-19
DE,00+,2022-09-24,2022-09-18,-6 day ahead inc hosp,quantile,0.25,4536.074569117353,COVID-19
DE,00+,2022-09-24,2022-09-18,-6 day ahead inc hosp,quantile,0.5,4579.448587455128,COVID-19
DE,00+,2022-09-24,2022-09-18,-6 day ahead inc hosp,quantile,0.75,4616.183561127181,COVID-19
DE,00+,2022-09-24,2022-09-18,-6 day ahead inc hosp,quantile,0.9,4638.968344302628,COVID-19
DE,00+,2022-09-24,2022-09-18,-6 day ahead inc hosp,quantile,0.975,4685.749318576317,COVID-19
DE,00-04,2022-09-24,2022-09-18,-6 day ahead inc hosp,mean,,138.34856834806905,COVID-19
DE,00-04,2022-09-24,2022-09-18,-6 day ahead inc hosp,quantile,0.025,135.35435060749688,COVID-19
DE,00-04,2022-09-24,2022-09-18,-6 day ahead inc hosp,quantile,0.1,135.9991426217455,COVID-19
DE,00-04,2022-09-24,2022-09-18,-6 day ahead inc hosp,quantile,0.25,137.0887878853502,COVID-19
DE,00-04,2022-09-24,2022-09-18,-6 day ahead inc hosp,quantile,0.5,138.10470309385025,COVID-19
DE,00-04,2022-09-24,2022-09-18,-6 day ahead inc hosp,quantile,0.75,139.31551963913398,COVID-19
DE,00-04,2022-09-24,2022-09-18,-6 day ahead inc hosp,quantile,0.9,140.9795749573672,COVID-19
DE,00-04,2022-09-24,2022-09-18,-6 day ahead inc hosp,quantile,0.975,142.54066698815853,COVID-19
DE,05-14,2022-09-24,2022-09-18,-6 day ahead inc hosp,mean,,59.05771769452183,COVID-19
DE,05-14,2022-09-24,2022-09-18,-6 day ahead inc hosp,quantile,0.025,56.75267266216895,COVID-19
DE,05-14,2022-09-24,2022-09-18,-6 day ahead inc hosp,quantile,0.1,57.22084851481103,COVID-19
DE,05-14,2022-09-24,2022-09-18,-6 day ahead inc hosp,quantile,0.25,57.68645415286244,COVID-19
DE,05-14,2022-09-24,2022-09-18,-6 day ahead inc hosp,quantile,0.5,58.67838905667987,COVID-19
DE,05-14,2022-09-24,2022-09-18,-6 day ahead inc hosp,quantile,0.75,60.192048541600315,COVID-19
DE,05-14,2022-09-24,2022-09-18,-6 day ahead inc hosp,quantile,0.9,61.293907286750034,COVID-19
DE,05-14,2022-09-24,2022-09-18,-6 day ahead inc hosp,quantile,0.975,62.92270312952825,COVID-19
DE,15-34,2022-09-24,2022-09-18,-6 day ahead inc hosp,mean,,341.3064141654123,COVID-19
DE,15-34,2022-09-24,2022-09-18,-6 day ahead inc hosp,quantile,0.025,329.35163716465195,COVID-19
DE,15-34,2022-09-24,2022-09-18,-6 day ahead inc hosp,quantile,0.1,334.5298873352199,COVID-19
DE,15-34,2022-09-24,2022-09-18,-6 day ahead inc hosp,quantile,0.25,336.3822490520967,COVID-19
DE,15-34,2022-09-24,2022-09-18,-6 day ahead inc hosp,quantile,0.5,339.72982962755435,COVID-19
DE,15-34,2022-09-24,2022-09-18,-6 day ahead inc hosp,quantile,0.75,344.27038853858664,COVID-19
DE,15-34,2022-09-24,2022-09-18,-6 day ahead inc hosp,quantile,0.9,352.6296904941574,COVID-19
DE,15-34,2022-09-24,2022-09-18,-6 day ahead inc hosp,quantile,0.975,354.334738099619,COVID-19
DE,35-59,2022-09-24,2022-09-18,-6 day ahead inc hosp,mean,,710.5174062238747,COVID-19
DE,35-59,2022-09-24,2022-09-18,-6 day ahead inc hosp,quantile,0.025,677.2797244915455,COVID-19
DE,35-59,2022-09-24,2022-09-18,-6 day ahead inc hosp,quantile,0.1,683.8245376153316,COVID-19
DE,35-59,2022-09-24,2022-09-18,-6 day ahead inc hosp,quantile,0.25,704.5205544875264,COVID-19
DE,35-59,2022-09-24,2022-09-18,-6 day ahead inc hosp,quantile,0.5,715.2954893367095,COVID-19
DE,35-59,2022-09-24,2022-09-18,-6 day ahead inc hosp,quantile,0.75,721.3641240319862,COVID-19
DE,35-59,2022-09-24,2022-09-18,-6 day ahead inc hosp,quantile,0.9,726.547259324197,COVID-19
DE,35-59,2022-09-24,2022-09-18,-6 day ahead inc hosp,quantile,0.975,731.99589221171,COVID-19
DE,60-79,2022-09-24,2022-09-18,-6 day ahead inc hosp,mean,,1575.9151481481724,COVID-19
DE,60-79,2022-09-24,2022-09-18,-6 day ahead inc hosp,quantile,0.025,1534.770838018556,COVID-19
DE,60-79,2022-09-24,2022-09-18,-6 day ahead inc hosp,quantile,0.1,1551.4928291180577,COVID-19
DE,60-79,2022-09-24,2022-09-18,-6 day ahead inc hosp,quantile,0.25,1562.4806886043716,COVID-19
DE,60-79,2022-09-24,2022-09-18,-6 day ahead inc hosp,quantile,0.5,1575.7414032506244,COVID-19
DE,60-79,2022-09-24,2022-09-18,-6 day ahead inc hosp,quantile,0.75,1590.6239570164971,COVID-19
DE,60-79,2022-09-24,2022-09-18,-6 day ahead inc hosp,quantile,0.9,1599.8937353901558,COVID-19
DE,60-79,2022-09-24,2022-09-18,-6 day ahead inc hosp,quantile,0.975,1616.7683152857212,COVID-19
DE,80+,2022-09-24,2022-09-18,-6 day ahead inc hosp,mean,,1699.6952097886704,COVID-19
DE,80+,2022-09-24,2022-09-18,-6 day ahead inc hosp,quantile,0.025,1646.7846166702925,COVID-19
DE,80+,2022-09-24,2022-09-18,-6 day ahead inc hosp,quantile,0.1,1659.6921053724216,COVID-19
DE,80+,2022-09-24,2022-09-18,-6 day ahead inc hosp,quantile,0.25,1682.1871147366926,COVID-19
DE,80+,2022-09-24,2022-09-18,-6 day ahead inc hosp,quantile,0.5,1702.2700782220159,COVID-19
DE,80+,2022-09-24,2022-09-18,-6 day ahead inc hosp,quantile,0.75,1720.5448452290916,COVID-19
DE,80+,2022-09-24,2022-09-18,-6 day ahead inc hosp,quantile,0.9,1729.5078044738334,COVID-19
DE,80+,2022-09-24,2022-09-18,-6 day ahead inc hosp,quantile,0.975,1747.407846915435,COVID-19
DE-BB,00+,2022-09-24,2022-09-18,-6 day ahead inc hosp,mean,,168.2565296223983,COVID-19
DE-BB,00+,2022-09-24,2022-09-18,-6 day ahead inc hosp,quantile,0.025,164.20668424585952,COVID-19
DE-BB,00+,2022-09-24,2022-09-18,-6 day ahead inc hosp,quantile,0.1,165.11815730824372,COVID-19
DE-BB,00+,2022-09-24,2022-09-18,-6 day ahead inc hosp,quantile,0.25,165.9633111583131,COVID-19
DE-BB,00+,2022-09-24,2022-09-18,-6 day ahead inc hosp,quantile,0.5,167.73451285161104,COVID-19
DE-BB,00+,2022-09-24,2022-09-18,-6 day ahead inc hosp,quantile,0.75,169.60385219262747,COVID-19
DE-BB,00+,2022-09-24,2022-09-18,-6 day ahead inc hosp,quantile,0.9,172.7346229055136,COVID-19
DE-BB,00+,2022-09-24,2022-09-18,-6 day ahead inc hosp,quantile,0.975,174.14955581114424,COVID-19
DE-BE,00+,2022-09-24,2022-09-18,-6 day ahead inc hosp,mean,,136.54119296380432,COVID-19
DE-BE,00+,2022-09-24,2022-09-18,-6 day ahead inc hosp,quantile,0.025,128.0684220721028,COVID-19
DE-BE,00+,2022-09-24,2022-09-18,-6 day ahead inc hosp,quantile,0.1,129.07004753594455,COVID-19
DE-BE,00+,2022-09-24,2022-09-18,-6 day ahead inc hosp,quantile,0.25,131.2274306115643,COVID-19
DE-BE,00+,2022-09-24,2022-09-18,-6 day ahead inc hosp,quantile,0.5,134.314668694548,COVID-19
DE-BE,00+,2022-09-24,2022-09-18,-6 day ahead inc hosp,quantile,0.75,142.14101052514,COVID-19
DE-BE,00+,2022-09-24,2022-09-18,-6 day ahead inc hosp,quantile,0.9,147.1447368377313,COVID-19
DE-BE,00+,2022-09-24,2022-09-18,-6 day ahead inc hosp,quantile,0.975,149.30095266290778,COVID-19
DE-BW,00+,2022-09-24,2022-09-18,-6 day ahead inc hosp,mean,,311.0663002599067,COVID-19
DE-BW,00+,2022-09-24,2022-09-18,-6 day ahead inc hosp,quantile,0.025,304.9487869474213,COVID-19
DE-BW,00+,2022-09-24,2022-09-18,-6 day ahead inc hosp,quantile,0.1,306.08821072645,COVID-19
DE-BW,00+,2022-09-24,2022-09-18,-6 day ahead inc hosp,quantile,0.25,307.99870755323957,COVID-19
DE-BW,00+,2022-09-24,2022-09-18,-6 day ahead inc hosp,quantile,0.5,311.0339287351313,COVID-19
DE-BW,00+,2022-09-24,2022-09-18,-6 day ahead inc hosp,quantile,0.75,314.18488021096107,COVID-19
DE-BW,00+,2022-09-24,2022-09-18,-6 day ahead inc hosp,quantile,0.9,316.23913702026243,COVID-19
DE-BW,00+,2022-09-24,2022-09-18,-6 day ahead inc hosp,quantile,0.975,317.38571487508045,COVID-19
DE-BY,00+,2022-09-24,2022-09-18,-6 day ahead inc hosp,mean,,956.5836293832248,COVID-19
DE-BY,00+,2022-09-24,2022-09-18,-6 day ahead inc hosp,quantile,0.025,928.4580013656471,COVID-19
DE-BY,00+,2022-09-24,2022-09-18,-6 day ahead inc hosp,quantile,0.1,937.2397736029703,COVID-19
DE-BY,00+,2022-09-24,2022-09-18,-6 day ahead inc hosp,quantile,0.25,946.5240982623731,COVID-19
DE-BY,00+,2022-09-24,2022-09-18,-6 day ahead inc hosp,quantile,0.5,955.7519145427069,COVID-19
DE-BY,00+,2022-09-24,2022-09-18,-6 day ahead inc hosp,quantile,0.75,969.2433550595787,COVID-19
DE-BY,00+,2022-09-24,2022-09-18,-6 day ahead inc hosp,quantile,0.9,977.3142140886383,COVID-19
DE-BY,00+,2022-09-24,2022-09-18,-6 day ahead inc hosp,quantile,0.975,982.8836217556252,COVID-19
DE-HB,00+,2022-09-24,2022-09-18,-6 day ahead inc hosp,mean,,21.702713800865677,COVID-19
DE-HB,00+,2022-09-24,2022-09-18,-6 day ahead inc hosp,quantile,0.025,19.660651153846153,COVID-19
DE-HB,00+,2022-09-24,2022-09-18,-6 day ahead inc hosp,quantile,0.1,20.447077200000003,COVID-19
DE-HB,00+,2022-09-24,2022-09-18,-6 day ahead inc hosp,quantile,0.25,20.5188611,COVID-19
DE-HB,00+,2022-09-24,2022-09-18,-6 day ahead inc hosp,quantile,0.5,21.717291108975562,COVID-19
DE-HB,00+,2022-09-24,2022-09-18,-6 day ahead inc hosp,quantile,0.75,22.73640022935344,COVID-19
DE-HB,00+,2022-09-24,2022-09-18,-6 day ahead inc hosp,quantile,0.9,23.152611619552015,COVID-19
DE-HB,00+,2022-09-24,2022-09-18,-6 day ahead inc hosp,quantile,0.975,23.535200568350714,COVID-19
DE-HE,00+,2022-09-24,2022-09-18,-6 day ahead inc hosp,mean,,311.4916595103561,COVID-19
DE-HE,00+,2022-09-24,2022-09-18,-6 day ahead inc hosp,quantile,0.025,280.5945260917641,COVID-19
DE-HE,00+,2022-09-24,2022-09-18,-6 day ahead inc hosp,quantile,0.1,287.88183977797075,COVID-19
DE-HE,00+,2022-09-24,2022-09-18,-6 day ahead inc hosp,quantile,0.25,304.22113689241684,COVID-19
DE-HE,00+,2022-09-24,2022-09-18,-6 day ahead inc hosp,quantile,0.5,313.79564007455724,COVID-19
DE-HE,00+,2022-09-24,2022-09-18,-6 day ahead inc hosp,quantile,0.75,321.61716428920954,COVID-19
DE-HE,00+,2022-09-24,2022-09-18,-6 day ahead inc hosp,quantile,0.9,328.1401724711689,COVID-19
DE-HE,00+,2022-09-24,2022-09-18,-6 day ahead inc hosp,quantile,0.975,338.21045305955755,COVID-19
DE-HH,00+,2022-09-24,2022-09-18,-6 day ahead inc hosp,mean,,85.63784611443374,COVID-19
DE-HH,00+,2022-09-24,2022-09-18,-6 day ahead inc hosp,quantile,0.025,78.98601866398063,COVID-19
DE-HH,00+,2022-09-24,2022-09-18,-6 day ahead inc hosp,quantile,0.1,80.27182637743728,COVID-19
DE-HH,00+,2022-09-24,2022-09-18,-6 day ahead inc hosp,quantile,0.25,83.31241258216792,COVID-19
DE-HH,00+,2022-09-24,2022-09-18,-6 day ahead inc hosp,quantile,0.5,85.58629600075315,COVID-19
DE-HH,00+,2022-09-24,2022-09-18,-6 day ahead inc hosp,quantile,0.75,87.59255833216703,COVID-19
DE-HH,00+,2022-09-24,2022-09-18,-6 day ahead inc hosp,quantile,0.9,89.47420280326509,COVID-19
DE-HH,00+,2022-09-24,2022-09-18,-6 day ahead inc hosp,quantile,0.975,94.25382217749758,COVID-19
DE-MV,00+,2022-09-24,2022-09-18,-6 day ahead inc hosp,mean,,157.996782823461,COVID-19
DE-MV,00+,2022-09-24,2022-09-18,-6 day ahead inc hosp,quantile,0.025,153.38165994699708,COVID-19
DE-MV,00+,2022-09-24,2022-09-18,-6 day ahead inc hosp,quantile,0.1,154.2005966154363,COVID-19
DE-MV,00+,2022-09-24,2022-09-18,-6 day ahead inc hosp,quantile,0.25,155.70474772632676,COVID-19
DE-MV,00+,2022-09-24,2022-09-18,-6 day ahead inc hosp,quantile,0.5,157.82398734117916,COVID-19
DE-MV,00+,2022-09-24,2022-09-18,-6 day ahead inc hosp,quantile,0.75,160.00334308333342,COVID-19
DE-MV,00+,2022-09-24,2022-09-18,-6 day ahead inc hosp,quantile,0.9,161.12267898900964,COVID-19
DE-MV,00+,2022-09-24,2022-09-18,-6 day ahead inc hosp,quantile,0.975,164.11897741336162,COVID-19
DE-NI,00+,2022-09-24,2022-09-18,-6 day ahead inc hosp,mean,,226.81330971991713,COVID-19
DE-NI,00+,2022-09-24,2022-09-18,-6 day ahead inc hosp,quantile,0.025,217.07686500724637,COVID-19
DE-NI,00+,2022-09-24,2022-09-18,-6 day ahead inc hosp,quantile,0.1,219.46332735087145,COVID-19
DE-NI,00+,2022-09-24,2022-09-18,-6 day ahead inc hosp,quantile,0.25,223.07704488788517,COVID-19
DE-NI,00+,2022-09-24,2022-09-18,-6 day ahead inc hosp,quantile,0.5,225.88986006814702,COVID-19
DE-NI,00+,2022-09-24,2022-09-18,-6 day ahead inc hosp,quantile,0.75,229.0179477943234,COVID-19
DE-NI,00+,2022-09-24,2022-09-18,-6 day ahead inc hosp,quantile,0.9,235.30159740678167,COVID-19
DE-NI,00+,2022-09-24,2022-09-18,-6 day ahead inc hosp,quantile,0.975,242.46095343684078,COVID-19
DE-NW,00+,2022-09-24,2022-09-18,-6 day ahead inc hosp,mean,,1051.365647610478,COVID-19
DE-NW,00+,2022-09-24,2022-09-18,-6 day ahead inc hosp,quantile,0.025,1026.1272307425122,COVID-19
DE-NW,00+,2022-09-24,2022-09-18,-6 day ahead inc hosp,quantile,0.1,1032.7840558152573,COVID-19
DE-NW,00+,2022-09-24,2022-09-18,-6 day ahead inc hosp,quantile,0.25,1037.8598444543477,COVID-19
DE-NW,00+,2022-09-24,2022-09-18,-6 day ahead inc hosp,quantile,0.5,1050.228182090137,COVID-19
DE-NW,00+,2022-09-24,2022-09-18,-6 day ahead inc hosp,quantile,0.75,1063.4422032238558,COVID-19
DE-NW,00+,2022-09-24,2022-09-18,-6 day ahead inc hosp,quantile,0.9,1073.9550985790213,COVID-19
DE-NW,00+,2022-09-24,2022-09-18,-6 day ahead inc hosp,quantile,0.975,1079.7456833380356,COVID-19
DE-RP,00+,2022-09-24,2022-09-18,-6 day ahead inc hosp,mean,,279.56212707601514,COVID-19
DE-RP,00+,2022-09-24,2022-09-18,-6 day ahead inc hosp,quantile,0.025,256.90819848993283,COVID-19
DE-RP,00+,2022-09-24,2022-09-18,-6 day ahead inc hosp,quantile,0.1,262.3781875204591,COVID-19
DE-RP,00+,2022-09-24,2022-09-18,-6 day ahead inc hosp,quantile,0.25,271.2402819627602,COVID-19
DE-RP,00+,2022-09-24,2022-09-18,-6 day ahead inc hosp,quantile,0.5,281.3187723042374,COVID-19
DE-RP,00+,2022-09-24,2022-09-18,-6 day ahead inc hosp,quantile,0.75,288.0004599667768,COVID-19
DE-RP,00+,2022-09-24,2022-09-18,-6 day ahead inc hosp,quantile,0.9,292.5643372909726,COVID-19
DE-RP,00+,2022-09-24,2022-09-18,-6 day ahead inc hosp,quantile,0.975,295.33600946641377,COVID-19
DE-SH,00+,2022-09-24,2022-09-18,-6 day ahead inc hosp,mean,,168.62388041890765,COVID-19
DE-SH,00+,2022-09-24,2022-09-18,-6 day ahead inc hosp,quantile,0.025,160.51899487147116,COVID-19
DE-SH,00+,2022-09-24,2022-09-18,-6 day ahead inc hosp,quantile,0.1,162.99810113670378,COVID-19
DE-SH,00+,2022-09-24,2022-09-18,-6 day ahead inc hosp,quantile,0.25,165.78473947618988,COVID-19
DE-SH,00+,2022-09-24,2022-09-18,-6 day ahead inc hosp,quantile,0.5,169.21200364055863,COVID-19
DE-SH,00+,2022-09-24,2022-09-18,-6 day ahead inc hosp,quantile,0.75,171.77429755110583,COVID-19
DE-SH,00+,2022-09-24,2022-09-18,-6 day ahead inc hosp,quantile,0.9,173.65014821230406,COVID-19
DE-SH,00+,2022-09-24,2022-09-18,-6 day ahead inc hosp,quantile,0.975,174.98599339445076,COVID-19
DE-SL,00+,2022-09-24,2022-09-18,-6 day ahead inc hosp,mean,,74.49838875962665,COVID-19
DE-SL,00+,2022-09-24,2022-09-18,-6 day ahead inc hosp,quantile,0.025,70.95357016396785,COVID-19
DE-SL,00+,2022-09-24,2022-09-18,-6 day ahead inc hosp,quantile,0.1,71.49402210272169,COVID-19
DE-SL,00+,2022-09-24,2022-09-18,-6 day ahead inc hosp,quantile,0.25,72.31292343748761,COVID-19
DE-SL,00+,2022-09-24,2022-09-18,-6 day ahead inc hosp,quantile,0.5,73.7250343527179,COVID-19
DE-SL,00+,2022-09-24,2022-09-18,-6 day ahead inc hosp,quantile,0.75,76.90896700665705,COVID-19
DE-SL,00+,2022-09-24,2022-09-18,-6 day ahead inc hosp,quantile,0.9,78.3607251830986,COVID-19
DE-SL,00+,2022-09-24,2022-09-18,-6 day ahead inc hosp,quantile,0.975,79.99418681859774,COVID-19
DE-SN,00+,2022-09-24,2022-09-18,-6 day ahead inc hosp,mean,,279.167633367927,COVID-19
DE-SN,00+,2022-09-24,2022-09-18,-6 day ahead inc hosp,quantile,0.025,260.2207284413862,COVID-19
DE-SN,00+,2022-09-24,2022-09-18,-6 day ahead inc hosp,quantile,0.1,265.64565215510424,COVID-19
DE-SN,00+,2022-09-24,2022-09-18,-6 day ahead inc hosp,quantile,0.25,269.85056881971144,COVID-19
DE-SN,00+,2022-09-24,2022-09-18,-6 day ahead inc hosp,quantile,0.5,277.612430920012,COVID-19
DE-SN,00+,2022-09-24,2022-09-18,-6 day ahead inc hosp,quantile,0.75,287.41101610460396,COVID-19
DE-SN,00+,2022-09-24,2022-09-18,-6 day ahead inc hosp,quantile,0.9,295.26704016591765,COVID-19
DE-SN,00+,2022-09-24,2022-09-18,-6 day ahead inc hosp,quantile,0.975,304.63100435415504,COVID-19
DE-ST,00+,2022-09-24,2022-09-18,-6 day ahead inc hosp,mean,,182.12385037589237,COVID-19
DE-ST,00+,2022-09-24,2022-09-18,-6 day ahead inc hosp,quantile,0.025,170.88545506496902,COVID-19
DE-ST,00+,2022-09-24,2022-09-18,-6 day ahead inc hosp,quantile,0.1,173.56043341951835,COVID-19
DE-ST,00+,2022-09-24,2022-09-18,-6 day ahead inc hosp,quantile,0.25,177.4736528743101,COVID-19
DE-ST,00+,2022-09-24,2022-09-18,-6 day ahead inc hosp,quantile,0.5,183.39045183257394,COVID-19
DE-ST,00+,2022-09-24,2022-09-18,-6 day ahead inc hosp,quantile,0.75,186.61436701909903,COVID-19
DE-ST,00+,2022-09-24,2022-09-18,-6 day ahead inc hosp,quantile,0.9,188.8540561212152,COVID-19
DE-ST,00+,2022-09-24,2022-09-18,-6 day ahead inc hosp,quantile,0.975,191.5722859883777,COVID-19
DE-TH,00+,2022-09-24,2022-09-18,-6 day ahead inc hosp,mean,,172.47355655064803,COVID-19
DE-TH,00+,2022-09-24,2022-09-18,-6 day ahead inc hosp,quantile,0.025,165.95069608065415,COVID-19
DE-TH,00+,2022-09-24,2022-09-18,-6 day ahead inc hosp,quantile,0.1,168.16747322197503,COVID-19
DE-TH,00+,2022-09-24,2022-09-18,-6 day ahead inc hosp,quantile,0.25,170.46924550502365,COVID-19
DE-TH,00+,2022-09-24,2022-09-18,-6 day ahead inc hosp,quantile,0.5,172.20699031534846,COVID-19
DE-TH,00+,2022-09-24,2022-09-18,-6 day ahead inc hosp,quantile,0.75,174.32756740682157,COVID-19
DE-TH,00+,2022-09-24,2022-09-18,-6 day ahead inc hosp,quantile,0.9,176.55709167018955,COVID-19
DE-TH,00+,2022-09-24,2022-09-18,-6 day ahead inc hosp,quantile,0.975,179.3700946414433,COVID-19
DE,00+,2022-09-24,2022-09-19,-5 day ahead inc hosp,mean,,4658.518887685345,COVID-19
DE,00+,2022-09-24,2022-09-19,-5 day ahead inc hosp,quantile,0.025,4490.767321623068,COVID-19
DE,00+,2022-09-24,2022-09-19,-5 day ahead inc hosp,quantile,0.1,4540.503720402751,COVID-19
DE,00+,2022-09-24,2022-09-19,-5 day ahead inc hosp,quantile,0.25,4612.047149481776,COVID-19
DE,00+,2022-09-24,2022-09-19,-5 day ahead inc hosp,quantile,0.5,4660.6242397164115,COVID-19
DE,00+,2022-09-24,2022-09-19,-5 day ahead inc hosp,quantile,0.75,4714.759516879533,COVID-19
DE,00+,2022-09-24,2022-09-19,-5 day ahead inc hosp,quantile,0.9,4750.140740019955,COVID-19
DE,00+,2022-09-24,2022-09-19,-5 day ahead inc hosp,quantile,0.975,4816.49193046455,COVID-19
DE,00-04,2022-09-24,2022-09-19,-5 day ahead inc hosp,mean,,132.9075097833868,COVID-19
DE,00-04,2022-09-24,2022-09-19,-5 day ahead inc hosp,quantile,0.025,129.69039781870586,COVID-19
DE,00-04,2022-09-24,2022-09-19,-5 day ahead inc hosp,quantile,0.1,130.352788201624,COVID-19
DE,00-04,2022-09-24,2022-09-19,-5 day ahead inc hosp,quantile,0.25,131.44492533469904,COVID-19
DE,00-04,2022-09-24,2022-09-19,-5 day ahead inc hosp,quantile,0.5,132.49970713430656,COVID-19
DE,00-04,2022-09-24,2022-09-19,-5 day ahead inc hosp,quantile,0.75,134.09904069258022,COVID-19
DE,00-04,2022-09-24,2022-09-19,-5 day ahead inc hosp,quantile,0.9,135.8084808714167,COVID-19
DE,00-04,2022-09-24,2022-09-19,-5 day ahead inc hosp,quantile,0.975,137.69179253105645,COVID-19
DE,05-14,2022-09-24,2022-09-19,-5 day ahead inc hosp,mean,,60.80896202944951,COVID-19
DE,05-14,2022-09-24,2022-09-19,-5 day ahead inc hosp,quantile,0.025,58.11380743741178,COVID-19
DE,05-14,2022-09-24,2022-09-19,-5 day ahead inc hosp,quantile,0.1,58.721104901514735,COVID-19
DE,05-14,2022-09-24,2022-09-19,-5 day ahead inc hosp,quantile,0.25,59.14475869315915,COVID-19
DE,05-14,2022-09-24,2022-09-19,-5 day ahead inc hosp,quantile,0.5,60.46589838610396,COVID-19
DE,05-14,2022-09-24,2022-09-19,-5 day ahead inc hosp,quantile,0.75,62.218372170982164,COVID-19
DE,05-14,2022-09-24,2022-09-19,-5 day ahead inc hosp,quantile,0.9,63.33403410651848,COVID-19
DE,05-14,2022-09-24,2022-09-19,-5 day ahead inc hosp,quantile,0.975,65.1812072382914,COVID-19
DE,15-34,2022-09-24,2022-09-19,-5 day ahead inc hosp,mean,,347.4756122228304,COVID-19
DE,15-34,2022-09-24,2022-09-19,-5 day ahead inc hosp,quantile,0.025,334.94908813763584,COVID-19
DE,15-34,2022-09-24,2022-09-19,-5 day ahead inc hosp,quantile,0.1,339.4468306558186,COVID-19
DE,15-34,2022-09-24,2022-09-19,-5 day ahead inc hosp,quantile,0.25,341.25015287095954,COVID-19
DE,15-34,2022-09-24,2022-09-19,-5 day ahead inc hosp,quantile,0.5,345.9443429023572,COVID-19
DE,15-34,2022-09-24,2022-09-19,-5 day ahead inc hosp,quantile,0.75,351.342175425094,COVID-19
DE,15-34,2022-09-24,2022-09-19,-5 day ahead inc hosp,quantile,0.9,359.21898446775845,COVID-19
DE,15-34,2022-09-24,2022-09-19,-5 day ahead inc hosp,quantile,0.975,362.8050605945998,COVID-19
DE,35-59,2022-09-24,2022-09-19,-5 day ahead inc hosp,mean,,732.5013842159648,COVID-19
DE,35-59,2022-09-24,2022-09-19,-5 day ahead inc hosp,quantile,0.025,692.824036830278,COVID-19
DE,35-59,2022-09-24,2022-09-19,-5 day ahead inc hosp,quantile,0.1,703.5371756829404,COVID-19
DE,35-59,2022-09-24,2022-09-19,-5 day ahead inc hosp,quantile,0.25,725.2190537643819,COVID-19
DE,35-59,2022-09-24,2022-09-19,-5 day ahead inc hosp,quantile,0.5,736.3193873868817,COVID-19
DE,35-59,2022-09-24,2022-09-19,-5 day ahead inc hosp,quantile,0.75,745.4759438911717,COVID-19
DE,35-59,2022-09-24,2022-09-19,-5 day ahead inc hosp,quantile,0.9,753.8584949819838,COVID-19
DE,35-59,2022-09-24,2022-09-19,-5 day ahead inc hosp,quantile,0.975,759.0951606430424,COVID-19
DE,60-79,2022-09-24,2022-09-19,-5 day ahead inc hosp,mean,,1599.6873067052293,COVID-19
DE,60-79,2022-09-24,2022-09-19,-5 day ahead inc hosp,quantile,0.025,1543.4310082081447,COVID-19
DE,60-79,2022-09-24,2022-09-19,-5 day ahead inc hosp,quantile,0.1,1565.6811017283048,COVID-19
DE,60-79,2022-09-24,2022-09-19,-5 day ahead inc hosp,quantile,0.25,1580.385921906039,COVID-19
DE,60-79,2022-09-24,2022-09-19,-5 day ahead inc hosp,quantile,0.5,1596.8174091778749,COVID-19
DE,60-79,2022-09-24,2022-09-19,-5 day ahead inc hosp,quantile,0.75,1618.9411462002201,COVID-19
DE,60-79,2022-09-24,2022-09-19,-5 day ahead inc hosp,quantile,0.9,1632.368504577745,COVID-19
DE,60-79,2022-09-24,2022-09-19,-5 day ahead inc hosp,quantile,0.975,1660.3095894223645,COVID-19
DE,80+,2022-09-24,2022-09-19,-5 day ahead inc hosp,mean,,1739.4326372149453,COVID-19
DE,80+,2022-09-24,2022-09-19,-5 day ahead inc hosp,quantile,0.025,1673.2106510401788,COVID-19
DE,80+,2022-09-24,2022-09-19,-5 day ahead inc hosp,quantile,0.1,1692.854633126979,COVID-19
DE,80+,2022-09-24,2022-09-19,-5 day ahead inc hosp,quantile,0.25,1719.4446066227001,COVID-19
DE,80+,2022-09-24,2022-09-19,-5 day ahead inc hosp,quantile,0.5,1741.3098135047965,COVID-19
DE,80+,2022-09-24,2022-09-19,-5 day ahead inc hosp,quantile,0.75,1764.906770013739,COVID-19
DE,80+,2022-09-24,2022-09-19,-5 day ahead inc hosp,quantile,0.9,1776.3912421811947,COVID-19
DE,80+,2022-09-24,2022-09-19,-5 day ahead inc hosp,quantile,0.975,1803.9312463464973,COVID-19
DE-BB,00+,2022-09-24,2022-09-19,-5 day ahead inc hosp,mean,,175.0613894485402,COVID-19
DE-BB,00+,2022-09-24,2022-09-19,-5 day ahead inc hosp,quantile,0.025,169.33545345048302,COVID-19
DE-BB,00+,2022-09-24,2022-09-19,-5 day ahead inc hosp,quantile,0.1,170.61898550179941,COVID-19
DE-BB,00+,2022-09-24,2022-09-19,-5 day ahead inc hosp,quantile,0.25,171.47525037352025,COVID-19
DE-BB,00+,2022-09-24,2022-09-19,-5 day ahead inc hosp,quantile,0.5,174.21379846084292,COVID-19
DE-BB,00+,2022-09-24,2022-09-19,-5 day ahead inc hosp,quantile,0.75,177.4678119986715,COVID-19
DE-BB,00+,2022-09-24,2022-09-19,-5 day ahead inc hosp,quantile,0.9,181.28856038069276,COVID-19
DE-BB,00+,2022-09-24,2022-09-19,-5 day ahead inc hosp,quantile,0.975,182.93947936920773,COVID-19
DE-BE,00+,2022-09-24,2022-09-19,-5 day ahead inc hosp,mean,,144.47309269228586,COVID-19
DE-BE,00+,2022-09-24,2022-09-19,-5 day ahead inc hosp,quantile,0.025,134.0277874591094,COVID-19
DE-BE,00+,2022-09-24,2022-09-19,-5 day ahead inc hosp,quantile,0.1,135.2355057577838,COVID-19
DE-BE,00+,2022-09-24,2022-09-19,-5 day ahead inc hosp,quantile,0.25,138.36643874487947,COVID-19
DE-BE,00+,2022-09-24,2022-09-19,-5 day ahead inc hosp,quantile,0.5,142.28207371731528,COVID-19
DE-BE,00+,2022-09-24,2022-09-19,-5 day ahead inc hosp,quantile,0.75,151.42163290213378,COVID-19
DE-BE,00+,2022-09-24,2022-09-19,-5 day ahead inc hosp,quantile,0.9,156.6114087103588,COVID-19
DE-BE,00+,2022-09-24,2022-09-19,-5 day ahead inc hosp,quantile,0.975,158.1674614466853,COVID-19
DE-BW,00+,2022-09-24,2022-09-19,-5 day ahead inc hosp,mean,,320.57520007896346,COVID-19
DE-BW,00+,2022-09-24,2022-09-19,-5 day ahead inc hosp,quantile,0.025,311.18777328600186,COVID-19
DE-BW,00+,2022-09-24,2022-09-19,-5 day ahead inc hosp,quantile,0.1,313.11844982956694,COVID-19
DE-BW,00+,2022-09-24,2022-09-19,-5 day ahead inc hosp,quantile,0.25,316.91886534987844,COVID-19
DE-BW,00+,2022-09-24,2022-09-19,-5 day ahead inc hosp,quantile,0.5,320.53671364424486,COVID-19
DE-BW,00+,2022-09-24,2022-09-19,-5 day ahead inc hosp,quantile,0.75,324.3227353442563,COVID-19
DE-BW,00+,2022-09-24,2022-09-19,-5 day ahead inc hosp,quantile,0.9,327.60867443728773,COVID-19
DE-BW,00+,2022-09-24,2022-09-19,-5 day ahead inc hosp,quantile,0.975,329.3950892917282,COVID-19
DE-BY,00+,2022-09-24,2022-09-19,-5 day ahead inc hosp,mean,,988.1408615013416,COVID-19
DE-BY,00+,2022-09-24,2022-09-19,-5 day ahead inc hosp,quantile,0.025,952.5848729508282,COVID-19
DE-BY,00+,2022-09-24,2022-09-19,-5 day ahead inc hosp,quantile,0.1,962.7486058209774,COVID-19
DE-BY,00+,2022-09-24,2022-09-19,-5 day ahead inc hosp,quantile,0.25,974.2539305296701,COVID-19
DE-BY,00+,2022-09-24,2022-09-19,-5 day ahead inc hosp,quantile,0.5,988.3447771940768,COVID-19
DE-BY,00+,2022-09-24,2022-09-19,-5 day ahead inc hosp,quantile,0.75,1003.479602006476,COVID-19
DE-BY,00+,2022-09-24,2022-09-19,-5 day ahead inc hosp,quantile,0.9,1013.220761363364,COVID-19
DE-BY,00+,2022-09-24,2022-09-19,-5 day ahead inc hosp,quantile,0.975,1022.7878878058993,COVID-19
DE-HB,00+,2022-09-24,2022-09-19,-5 day ahead inc hosp,mean,,19.808953156761792,COVID-19
DE-HB,00+,2022-09-24,2022-09-19,-5 day ahead inc hosp,quantile,0.025,17.720742115384617,COVID-19
DE-HB,00+,2022-09-24,2022-09-19,-5 day ahead inc hosp,quantile,0.1,18.4295718,COVID-19
DE-HB,00+,2022-09-24,2022-09-19,-5 day ahead inc hosp,quantile,0.25,18.861594756985294,COVID-19
DE-HB,00+,2022-09-24,2022-09-19,-5 day ahead inc hosp,quantile,0.5,19.862405798425325,COVID-19
DE-HB,00+,2022-09-24,2022-09-19,-5 day ahead inc hosp,quantile,0.75,20.669695786036037,COVID-19
DE-HB,00+,2022-09-24,2022-09-19,-5 day ahead inc hosp,quantile,0.9,21.114085821226514,COVID-19
DE-HB,00+,2022-09-24,2022-09-19,-5 day ahead inc hosp,quantile,0.975,21.522275483233738,COVID-19
DE-HE,00+,2022-09-24,2022-09-19,-5 day ahead inc hosp,mean,,321.2819232947119,COVID-19
DE-HE,00+,2022-09-24,2022-09-19,-5 day ahead inc hosp,quantile,0.025,286.740419916623,COVID-19
DE-HE,00+,2022-09-24,2022-09-19,-5 day ahead inc hosp,quantile,0.1,299.11019284690286,COVID-19
DE-HE,00+,2022-09-24,2022-09-19,-5 day ahead inc hosp,quantile,0.25,314.27012852007005,COVID-19
DE-HE,00+,2022-09-24,2022-09-19,-5 day ahead inc hosp,quantile,0.5,322.30040970007457,COVID-19
DE-HE,00+,2022-09-24,2022-09-19,-5 day ahead inc hosp,quantile,0.75,330.9255269927491,COVID-19
DE-HE,00+,2022-09-24,2022-09-19,-5 day ahead inc hosp,quantile,0.9,337.6318656807591,COVID-19
DE-HE,00+,2022-09-24,2022-09-19,-5 day ahead inc hosp,quantile,0.975,356.63167693579453,COVID-19
DE-HH,00+,2022-09-24,2022-09-19,-5 day ahead inc hosp,mean,,82.78189197589033,COVID-19
DE-HH,00+,2022-09-24,2022-09-19,-5 day ahead inc hosp,quantile,0.025,75.81910957989592,COVID-19
DE-HH,00+,2022-09-24,2022-09-19,-5 day ahead inc hosp,quantile,0.1,77.70850018044915,COVID-19
DE-HH,00+,2022-09-24,2022-09-19,-5 day ahead inc hosp,quantile,0.25,79.8976657471019,COVID-19
DE-HH,00+,2022-09-24,2022-09-19,-5 day ahead inc hosp,quantile,0.5,82.47396957582575,COVID-19
DE-HH,00+,2022-09-24,2022-09-19,-5 day ahead inc hosp,quantile,0.75,85.02301264223672,COVID-19
DE-HH,00+,2022-09-24,2022-09-19,-5 day ahead inc hosp,quantile,0.9,87.46125916618544,COVID-19
DE-HH,00+,2022-09-24,2022-09-19,-5 day ahead inc hosp,quantile,0.975,92.01741317107869,COVID-19
DE-MV,00+,2022-09-24,2022-09-19,-5 day ahead inc hosp,mean,,161.50703108442764,COVID-19
DE-MV,00+,2022-09-24,2022-09-19,-5 day ahead inc hosp,quantile,0.025,155.52657607866223,COVID-19
DE-MV,00+,2022-09-24,2022-09-19,-5 day ahead inc hosp,quantile,0.1,156.70661198481693,COVID-19
DE-MV,00+,2022-09-24,2022-09-19,-5 day ahead inc hosp,quantile,0.25,159.19426938241673,COVID-19
DE-MV,00+,2022-09-24,2022-09-19,-5 day ahead inc hosp,quantile,0.5,161.05209501481477,COVID-19
DE-MV,00+,2022-09-24,2022-09-19,-5 day ahead inc hosp,quantile,0.75,163.61407763994276,COVID-19
DE-MV,00+,2022-09-24,2022-09-19,-5 day ahead inc hosp,quantile,0.9,166.1576874262355,COVID-19
DE-MV,00+,2022-09-24,2022-09-19,-5 day ahead inc hosp,quantile,0.975,169.72272115873974,COVID-19
DE-NI,00+,2022-09-24,2022-09-19,-5 day ahead inc hosp,mean,,227.2901266434221,COVID-19
DE-NI,00+,2022-09-24,2022-09-19,-5 day ahead inc hosp,quantile,0.025,215.82745562772357,COVID-19
DE-NI,00+,2022-09-24,2022-09-19,-5 day ahead inc hosp,quantile,0.1,218.72653050467608,COVID-19
DE-NI,00+,2022-09-24,2022-09-19,-5 day ahead inc hosp,quantile,0.25,223.00133597936932,COVID-19
DE-NI,00+,2022-09-24,2022-09-19,-5 day ahead inc hosp,quantile,0.5,226.4879388255214,COVID-19
DE-NI,00+,2022-09-24,2022-09-19,-5 day ahead inc hosp,quantile,0.75,229.8784218149928,COVID-19
DE-NI,00+,2022-09-24,2022-09-19,-5 day ahead inc hosp,quantile,0.9,238.851906722578,COVID-19
DE-NI,00+,2022-09-24,2022-09-19,-5 day ahead inc hosp,quantile,0.975,243.98552891759758,COVID-19
DE-NW,00+,2022-09-24,2022-09-19,-5 day ahead inc hosp,mean,,1047.2494135496415,COVID-19
DE-NW,00+,2022-09-24,2022-09-19,-5 day ahead inc hosp,quantile,0.025,1015.1264501913765,COVID-19
DE-NW,00+,2022-09-24,2022-09-19,-5 day ahead inc hosp,quantile,0.1,1023.2813333282426,COVID-19
DE-NW,00+,2022-09-24,2022-09-19,-5 day ahead inc hosp,quantile,0.25,1033.0433717238147,COVID-19
DE-NW,00+,2022-09-24,2022-09-19,-5 day ahead inc hosp,quantile,0.5,1046.3759016976212,COVID-19
DE-NW,00+,2022-09-24,2022-09-19,-5 day ahead inc hosp,quantile,0.75,1061.7737687175734,COVID-19
DE-NW,00+,2022-09-24,2022-09-19,-5 day ahead inc hosp,quantile,0.9,1072.613662648613,COVID-19
DE-NW,00+,2022-09-24,2022-09-19,-5 day ahead inc hosp,quantile,0.975,1079.4233170343687,COVID-19
DE-RP,00+,2022-09-24,2022-09-19,-5 day ahead inc hosp,mean,,286.6281945684755,COVID-19
DE-RP,00+,2022-09-24,2022-09-19,-5 day ahead inc hosp,quantile,0.025,259.5453579244495,COVID-19
DE-RP,00+,2022-09-24,2022-09-19,-5 day ahead inc hosp,quantile,0.1,267.8215095341875,COVID-19
DE-RP,00+,2022-09-24,2022-09-19,-5 day ahead inc hosp,quantile,0.25,277.88229090370055,COVID-19
DE-RP,00+,2022-09-24,2022-09-19,-5 day ahead inc hosp,quantile,0.5,289.2130607881467,COVID-19
DE-RP,00+,2022-09-24,2022-09-19,-5 day ahead inc hosp,quantile,0.75,296.2520615314713,COVID-19
DE-RP,00+,2022-09-24,2022-09-19,-5 day ahead inc hosp,quantile,0.9,300.125253229211,COVID-19
DE-RP,00+,2022-09-24,2022-09-19,-5 day ahead inc hosp,quantile,0.975,304.9658632087795,COVID-19
DE-SH,00+,2022-09-24,2022-09-19,-5 day ahead inc hosp,mean,,172.77847607116797,COVID-19
DE-SH,00+,2022-09-24,2022-09-19,-5 day ahead inc hosp,quantile,0.025,164.52141724134503,COVID-19
DE-SH,00+,2022-09-24,2022-09-19,-5 day ahead inc hosp,quantile,0.1,167.03924601571424,COVID-19
DE-SH,00+,2022-09-24,2022-09-19,-5 day ahead inc hosp,quantile,0.25,169.96048655020962,COVID-19
DE-SH,00+,2022-09-24,2022-09-19,-5 day ahead inc hosp,quantile,0.5,173.16438326071915,COVID-19
DE-SH,00+,2022-09-24,2022-09-19,-5 day ahead inc hosp,quantile,0.75,175.5506089403474,COVID-19
DE-SH,00+,2022-09-24,2022-09-19,-5 day ahead inc hosp,quantile,0.9,178.0242727101471,COVID-19
DE-SH,00+,2022-09-24,2022-09-19,-5 day ahead inc hosp,quantile,0.975,180.40024257455596,COVID-19
DE-SL,00+,2022-09-24,2022-09-19,-5 day ahead inc hosp,mean,,73.59323421957686,COVID-19
DE-SL,00+,2022-09-24,2022-09-19,-5 day ahead inc hosp,quantile,0.025,70.00887553357609,COVID-19
DE-SL,00+,2022-09-24,2022-09-19,-5 day ahead inc hosp,quantile,0.1,70.38076708190482,COVID-19
DE-SL,00+,2022-09-24,2022-09-19,-5 day ahead inc hosp,quantile,0.25,71.4888587028412,COVID-19
DE-SL,00+,2022-09-24,2022-09-19,-5 day ahead inc hosp,quantile,0.5,72.92272096279018,COVID-19
DE-SL,00+,2022-09-24,2022-09-19,-5 day ahead inc hosp,quantile,0.75,75.78095521764035,COVID-19
DE-SL,00+,2022-09-24,2022-09-19,-5 day ahead inc hosp,quantile,0.9,76.87462844271127,COVID-19
DE-SL,00+,2022-09-24,2022-09-19,-5 day ahead inc hosp,quantile,0.975,78.96854377909774,COVID-19
DE-SN,00+,2022-09-24,2022-09-19,-5 day ahead inc hosp,mean,,293.26542229827265,COVID-19
DE-SN,00+,2022-09-24,2022-09-19,-5 day ahead inc hosp,quantile,0.025,268.60675217841174,COVID-19
DE-SN,00+,2022-09-24,2022-09-19,-5 day ahead inc hosp,quantile,0.1,276.2196095615091,COVID-19
DE-SN,00+,2022-09-24,2022-09-19,-5 day ahead inc hosp,quantile,0.25,282.11259646796304,COVID-19
DE-SN,00+,2022-09-24,2022-09-19,-5 day ahead inc hosp,quantile,0.5,292.61001145295154,COVID-19
DE-SN,00+,2022-09-24,2022-09-19,-5 day ahead inc hosp,quantile,0.75,301.64233348898296,COVID-19
DE-SN,00+,2022-09-24,2022-09-19,-5 day ahead inc hosp,quantile,0.9,311.3133119413242,COVID-19
DE-SN,00+,2022-09-24,2022-09-19,-5 day ahead inc hosp,quantile,0.975,326.28171582241737,COVID-19
DE-ST,00+,2022-09-24,2022-09-19,-5 day ahead inc hosp,mean,,183.93110879241925,COVID-19
DE-ST,00+,2022-09-24,2022-09-19,-5 day ahead inc hosp,quantile,0.025,171.04897271536066,COVID-19
DE-ST,00+,2022-09-24,2022-09-19,-5 day ahead inc hosp,quantile,0.1,174.8820562994734,COVID-19
DE-ST,00+,2022-09-24,2022-09-19,-5 day ahead inc hosp,quantile,0.25,179.96402886474218,COVID-19
DE-ST,00+,2022-09-24,2022-09-19,-5 day ahead inc hosp,quantile,0.5,184.52541762214736,COVID-19
DE-ST,00+,2022-09-24,2022-09-19,-5 day ahead inc hosp,quantile,0.75,187.03301766474428,COVID-19
DE-ST,00+,2022-09-24,2022-09-19,-5 day ahead inc hosp,quantile,0.9,192.34792305445998,COVID-19
DE-ST,00+,2022-09-24,2022-09-19,-5 day ahead inc hosp,quantile,0.975,197.29453238929534,COVID-19
DE-TH,00+,2022-09-24,2022-09-19,-5 day ahead inc hosp,mean,,175.87904085152675,COVID-19
DE-TH,00+,2022-09-24,2022-09-19,-5 day ahead inc hosp,quantile,0.025,168.28693321260383,COVID-19
DE-TH,00+,2022-09-24,2022-09-19,-5 day ahead inc hosp,quantile,0.1,170.66472754560516,COVID-19
DE-TH,00+,2022-09-24,2022-09-19,-5 day ahead inc hosp,quantile,0.25,172.64120404949472,COVID-19
DE-TH,00+,2022-09-24,2022-09-19,-5 day ahead inc hosp,quantile,0.5,175.43343283898355,COVID-19
DE-TH,00+,2022-09-24,2022-09-19,-5 day ahead inc hosp,quantile,0.75,179.08921840348208,COVID-19
DE-TH,00+,2022-09-24,2022-09-19,-5 day ahead inc hosp,quantile,0.9,181.34396047338956,COVID-19
DE-TH,00+,2022-09-24,2022-09-19,-5 day ahead inc hosp,quantile,0.975,184.5023873769814,COVID-19
DE,00+,2022-09-24,2022-09-20,-4 day ahead inc hosp,mean,,4807.821433848231,COVID-19
DE,00+,2022-09-24,2022-09-20,-4 day ahead inc hosp,quantile,0.025,4583.473224495315,COVID-19
DE,00+,2022-09-24,2022-09-20,-4 day ahead inc hosp,quantile,0.1,4664.698458349327,COVID-19
DE,00+,2022-09-24,2022-09-20,-4 day ahead inc hosp,quantile,0.25,4721.160417249051,COVID-19
DE,00+,2022-09-24,2022-09-20,-4 day ahead inc hosp,quantile,0.5,4805.797007511183,COVID-19
DE,00+,2022-09-24,2022-09-20,-4 day ahead inc hosp,quantile,0.75,4894.610848158046,COVID-19
DE,00+,2022-09-24,2022-09-20,-4 day ahead inc hosp,quantile,0.9,4945.37038577946,COVID-19
DE,00+,2022-09-24,2022-09-20,-4 day ahead inc hosp,quantile,0.975,5032.198572563086,COVID-19
DE,00-04,2022-09-24,2022-09-20,-4 day ahead inc hosp,mean,,129.18701403194794,COVID-19
DE,00-04,2022-09-24,2022-09-20,-4 day ahead inc hosp,quantile,0.025,125.35766258142958,COVID-19
DE,00-04,2022-09-24,2022-09-20,-4 day ahead inc hosp,quantile,0.1,126.25482680396762,COVID-19
DE,00-04,2022-09-24,2022-09-20,-4 day ahead inc hosp,quantile,0.25,127.3974277123466,COVID-19
DE,00-04,2022-09-24,2022-09-20,-4 day ahead inc hosp,quantile,0.5,128.58236130639676,COVID-19
DE,00-04,2022-09-24,2022-09-20,-4 day ahead inc hosp,quantile,0.75,130.70963090817295,COVID-19
DE,00-04,2022-09-24,2022-09-20,-4 day ahead inc hosp,quantile,0.9,132.9342296194896,COVID-19
DE,00-04,2022-09-24,2022-09-20,-4 day ahead inc hosp,quantile,0.975,134.6897334003993,COVID-19
DE,05-14,2022-09-24,2022-09-20,-4 day ahead inc hosp,mean,,65.87511838789169,COVID-19
DE,05-14,2022-09-24,2022-09-20,-4 day ahead inc hosp,quantile,0.025,62.55763329683049,COVID-19
DE,05-14,2022-09-24,2022-09-20,-4 day ahead inc hosp,quantile,0.1,63.132438382940315,COVID-19
DE,05-14,2022-09-24,2022-09-20,-4 day ahead inc hosp,quantile,0.25,63.78825098601583,COVID-19
DE,05-14,2022-09-24,2022-09-20,-4 day ahead inc hosp,quantile,0.5,65.4991148649811,COVID-19
DE,05-14,2022-09-24,2022-09-20,-4 day ahead inc hosp,quantile,0.75,67.37861676170677,COVID-19
DE,05-14,2022-09-24,2022-09-20,-4 day ahead inc hosp,quantile,0.9,69.555513515205,COVID-19
DE,05-14,2022-09-24,2022-09-20,-4 day ahead inc hosp,quantile,0.975,71.25008928281517,COVID-19
DE,15-34,2022-09-24,2022-09-20,-4 day ahead inc hosp,mean,,361.2394857426202,COVID-19
DE,15-34,2022-09-24,2022-09-20,-4 day ahead inc hosp,quantile,0.025,346.04526211506675,COVID-19
DE,15-34,2022-09-24,2022-09-20,-4 day ahead inc hosp,quantile,0.1,349.8061700024584,COVID-19
DE,15-34,2022-09-24,2022-09-20,-4 day ahead inc hosp,quantile,0.25,354.7118323651002,COVID-19
DE,15-34,2022-09-24,2022-09-20,-4 day ahead inc hosp,quantile,0.5,360.0674829810298,COVID-19
DE,15-34,2022-09-24,2022-09-20,-4 day ahead inc hosp,quantile,0.75,365.8706441418653,COVID-19
DE,15-34,2022-09-24,2022-09-20,-4 day ahead inc hosp,quantile,0.9,374.1967335462612,COVID-19
DE,15-34,2022-09-24,2022-09-20,-4 day ahead inc hosp,quantile,0.975,380.7490084800182,COVID-19
DE,35-59,2022-09-24,2022-09-20,-4 day ahead inc hosp,mean,,749.1376942715169,COVID-19
DE,35-59,2022-09-24,2022-09-20,-4 day ahead inc hosp,quantile,0.025,698.955557471051,COVID-19
DE,35-59,2022-09-24,2022-09-20,-4 day ahead inc hosp,quantile,0.1,718.8614817911686,COVID-19
DE,35-59,2022-09-24,2022-09-20,-4 day ahead inc hosp,quantile,0.25,737.2058914115463,COVID-19
DE,35-59,2022-09-24,2022-09-20,-4 day ahead inc hosp,quantile,0.5,750.6986711549331,COVID-19
DE,35-59,2022-09-24,2022-09-20,-4 day ahead inc hosp,quantile,0.75,766.5364634721258,COVID-19
DE,35-59,2022-09-24,2022-09-20,-4 day ahead inc hosp,quantile,0.9,777.8369884037062,COVID-19
DE,35-59,2022-09-24,2022-09-20,-4 day ahead inc hosp,quantile,0.975,784.769947827481,COVID-19
DE,60-79,2022-09-24,2022-09-20,-4 day ahead inc hosp,mean,,1641.51633363903,COVID-19
DE,60-79,2022-09-24,2022-09-20,-4 day ahead inc hosp,quantile,0.025,1568.778821952713,COVID-19
DE,60-79,2022-09-24,2022-09-20,-4 day ahead inc hosp,quantile,0.1,1591.3023181374408,COVID-19
DE,60-79,2022-09-24,2022-09-20,-4 day ahead inc hosp,quantile,0.25,1611.2008899468567,COVID-19
DE,60-79,2022-09-24,2022-09-20,-4 day ahead inc hosp,quantile,0.5,1640.6029617460092,COVID-19
DE,60-79,2022-09-24,2022-09-20,-4 day ahead inc hosp,quantile,0.75,1669.0507937971186,COVID-19
DE,60-79,2022-09-24,2022-09-20,-4 day ahead inc hosp,quantile,0.9,1689.8057605757544,COVID-19
DE,60-79,2022-09-24,2022-09-20,-4 day ahead inc hosp,quantile,0.975,1727.3329907845418,COVID-19
DE,80+,2022-09-24,2022-09-20,-4 day ahead inc hosp,mean,,1812.699609754305,COVID-19
DE,80+,2022-09-24,2022-09-20,-4 day ahead inc hosp,quantile,0.025,1723.7700963310556,COVID-19
DE,80+,2022-09-24,2022-09-20,-4 day ahead inc hosp,quantile,0.1,1754.167557256222,COVID-19
DE,80+,2022-09-24,2022-09-20,-4 day ahead inc hosp,quantile,0.25,1778.3387321401449,COVID-19
DE,80+,2022-09-24,2022-09-20,-4 day ahead inc hosp,quantile,0.5,1812.9949375738502,COVID-19
DE,80+,2022-09-24,2022-09-20,-4 day ahead inc hosp,quantile,0.75,1851.8891153039503,COVID-19
DE,80+,2022-09-24,2022-09-20,-4 day ahead inc hosp,quantile,0.9,1865.254621734382,COVID-19
DE,80+,2022-09-24,2022-09-20,-4 day ahead inc hosp,quantile,0.975,1901.4119724787865,COVID-19
DE-BB,00+,2022-09-24,2022-09-20,-4 day ahead inc hosp,mean,,181.7946691314051,COVID-19
DE-BB,00+,2022-09-24,2022-09-20,-4 day ahead inc hosp,quantile,0.025,173.74420064833208,COVID-19
DE-BB,00+,2022-09-24,2022-09-20,-4 day ahead inc hosp,quantile,0.1,175.2835882405228,COVID-19
DE-BB,00+,2022-09-24,2022-09-20,-4 day ahead inc hosp,quantile,0.25,176.82032883969427,COVID-19
DE-BB,00+,2022-09-24,2022-09-20,-4 day ahead inc hosp,quantile,0.5,180.85464907607172,COVID-19
DE-BB,00+,2022-09-24,2022-09-20,-4 day ahead inc hosp,quantile,0.75,185.9815619344368,COVID-19
DE-BB,00+,2022-09-24,2022-09-20,-4 day ahead inc hosp,quantile,0.9,190.12833021715775,COVID-19
DE-BB,00+,2022-09-24,2022-09-20,-4 day ahead inc hosp,quantile,0.975,192.56238675058322,COVID-19
DE-BE,00+,2022-09-24,2022-09-20,-4 day ahead inc hosp,mean,,157.0095865228184,COVID-19
DE-BE,00+,2022-09-24,2022-09-20,-4 day ahead inc hosp,quantile,0.025,143.21990030899983,COVID-19
DE-BE,00+,2022-09-24,2022-09-20,-4 day ahead inc hosp,quantile,0.1,145.1060726463524,COVID-19
DE-BE,00+,2022-09-24,2022-09-20,-4 day ahead inc hosp,quantile,0.25,149.63516176687418,COVID-19
DE-BE,00+,2022-09-24,2022-09-20,-4 day ahead inc hosp,quantile,0.5,155.06730359205736,COVID-19
DE-BE,00+,2022-09-24,2022-09-20,-4 day ahead inc hosp,quantile,0.75,164.12098165618988,COVID-19
DE-BE,00+,2022-09-24,2022-09-20,-4 day ahead inc hosp,quantile,0.9,170.82430520936094,COVID-19
DE-BE,00+,2022-09-24,2022-09-20,-4 day ahead inc hosp,quantile,0.975,175.86134983004627,COVID-19
DE-BW,00+,2022-09-24,2022-09-20,-4 day ahead inc hosp,mean,,331.8783735561201,COVID-19
DE-BW,00+,2022-09-24,2022-09-20,-4 day ahead inc hosp,quantile,0.025,318.92721034462835,COVID-19
DE-BW,00+,2022-09-24,2022-09-20,-4 day ahead inc hosp,quantile,0.1,321.004280068294,COVID-19
DE-BW,00+,2022-09-24,2022-09-20,-4 day ahead inc hosp,quantile,0.25,325.8382450149068,COVID-19
DE-BW,00+,2022-09-24,2022-09-20,-4 day ahead inc hosp,quantile,0.5,331.6658581687688,COVID-19
DE-BW,00+,2022-09-24,2022-09-20,-4 day ahead inc hosp,quantile,0.75,337.1565990567188,COVID-19
DE-BW,00+,2022-09-24,2022-09-20,-4 day ahead inc hosp,quantile,0.9,343.0650743418791,COVID-19
DE-BW,00+,2022-09-24,2022-09-20,-4 day ahead inc hosp,quantile,0.975,345.36258279510974,COVID-19
DE-BY,00+,2022-09-24,2022-09-20,-4 day ahead inc hosp,mean,,1038.7788631139656,COVID-19
DE-BY,00+,2022-09-24,2022-09-20,-4 day ahead inc hosp,quantile,0.025,992.783568406868,COVID-19
DE-BY,00+,2022-09-24,2022-09-20,-4 day ahead inc hosp,quantile,0.1,1003.010044837699,COVID-19
DE-BY,00+,2022-09-24,2022-09-20,-4 day ahead inc hosp,quantile,0.25,1017.1400001744665,COVID-19
DE-BY,00+,2022-09-24,2022-09-20,-4 day ahead inc hosp,quantile,0.5,1038.4175944128021,COVID-19
DE-BY,00+,2022-09-24,2022-09-20,-4 day ahead inc hosp,quantile,0.75,1060.5639390496312,COVID-19
DE-BY,00+,2022-09-24,2022-09-20,-4 day ahead inc hosp,quantile,0.9,1070.0014078029371,COVID-19
DE-BY,00+,2022-09-24,2022-09-20,-4 day ahead inc hosp,quantile,0.975,1089.2679193246297,COVID-19
DE-HB,00+,2022-09-24,2022-09-20,-4 day ahead inc hosp,mean,,16.769503489000893,COVID-19
DE-HB,00+,2022-09-24,2022-09-20,-4 day ahead inc hosp,quantile,0.025,14.915328491538462,COVID-19
DE-HB,00+,2022-09-24,2022-09-20,-4 day ahead inc hosp,quantile,0.1,15.572410661428577,COVID-19
DE-HB,00+,2022-09-24,2022-09-20,-4 day ahead inc hosp,quantile,0.25,16.074328468413867,COVID-19
DE-HB,00+,2022-09-24,2022-09-20,-4 day ahead inc hosp,quantile,0.5,16.793700295151517,COVID-19
DE-HB,00+,2022-09-24,2022-09-20,-4 day ahead inc hosp,quantile,0.75,17.45393760068805,COVID-19
DE-HB,00+,2022-09-24,2022-09-20,-4 day ahead inc hosp,quantile,0.9,17.85370192160305,COVID-19
DE-HB,00+,2022-09-24,2022-09-20,-4 day ahead inc hosp,quantile,0.975,18.21442075125355,COVID-19
DE-HE,00+,2022-09-24,2022-09-20,-4 day ahead inc hosp,mean,,351.77654747769026,COVID-19
DE-HE,00+,2022-09-24,2022-09-20,-4 day ahead inc hosp,quantile,0.025,312.1304474789146,COVID-19
DE-HE,00+,2022-09-24,2022-09-20,-4 day ahead inc hosp,quantile,0.1,328.57651249173045,COVID-19
DE-HE,00+,2022-09-24,2022-09-20,-4 day ahead inc hosp,quantile,0.25,341.85489476904814,COVID-19
DE-HE,00+,2022-09-24,2022-09-20,-4 day ahead inc hosp,quantile,0.5,352.1948928123705,COVID-19
DE-HE,00+,2022-09-24,2022-09-20,-4 day ahead inc hosp,quantile,0.75,361.01050845157226,COVID-19
DE-HE,00+,2022-09-24,2022-09-20,-4 day ahead inc hosp,quantile,0.9,370.22902787714185,COVID-19
DE-HE,00+,2022-09-24,2022-09-20,-4 day ahead inc hosp,quantile,0.975,400.5723940672116,COVID-19
DE-HH,00+,2022-09-24,2022-09-20,-4 day ahead inc hosp,mean,,76.23824486916386,COVID-19
DE-HH,00+,2022-09-24,2022-09-20,-4 day ahead inc hosp,quantile,0.025,69.58344925478397,COVID-19
DE-HH,00+,2022-09-24,2022-09-20,-4 day ahead inc hosp,quantile,0.1,71.73922227375049,COVID-19
DE-HH,00+,2022-09-24,2022-09-20,-4 day ahead inc hosp,quantile,0.25,72.95984446479466,COVID-19
DE-HH,00+,2022-09-24,2022-09-20,-4 day ahead inc hosp,quantile,0.5,76.24892629323878,COVID-19
DE-HH,00+,2022-09-24,2022-09-20,-4 day ahead inc hosp,quantile,0.75,78.76464665807764,COVID-19
DE-HH,00+,2022-09-24,2022-09-20,-4 day ahead inc hosp,quantile,0.9,81.39318168887122,COVID-19
DE-HH,00+,2022-09-24,2022-09-20,-4 day ahead inc hosp,quantile,0.975,84.97253073661004,COVID-19
DE-MV,00+,2022-09-24,2022-09-20,-4 day ahead inc hosp,mean,,163.19187816357797,COVID-19
DE-MV,00+,2022-09-24,2022-09-20,-4 day ahead inc hosp,quantile,0.025,155.87803162291706,COVID-19
DE-MV,00+,2022-09-24,2022-09-20,-4 day ahead inc hosp,quantile,0.1,157.0804416051029,COVID-19
DE-MV,00+,2022-09-24,2022-09-20,-4 day ahead inc hosp,quantile,0.25,160.3624181132393,COVID-19
DE-MV,00+,2022-09-24,2022-09-20,-4 day ahead inc hosp,quantile,0.5,162.0446272177164,COVID-19
DE-MV,00+,2022-09-24,2022-09-20,-4 day ahead inc hosp,quantile,0.75,166.11589629689968,COVID-19
DE-MV,00+,2022-09-24,2022-09-20,-4 day ahead inc hosp,quantile,0.9,169.38146747793644,COVID-19
DE-MV,00+,2022-09-24,2022-09-20,-4 day ahead inc hosp,quantile,0.975,173.21789948546328,COVID-19
DE-NI,00+,2022-09-24,2022-09-20,-4 day ahead inc hosp,mean,,225.71230542626625,COVID-19
DE-NI,00+,2022-09-24,2022-09-20,-4 day ahead inc hosp,quantile,0.025,212.61726820840215,COVID-19
DE-NI,00+,2022-09-24,2022-09-20,-4 day ahead inc hosp,quantile,0.1,215.6824744463845,COVID-19
DE-NI,00+,2022-09-24,2022-09-20,-4 day ahead inc hosp,quantile,0.25,220.31715952650418,COVID-19
DE-NI,00+,2022-09-24,2022-09-20,-4 day ahead inc hosp,quantile,0.5,224.86812449923016,COVID-19
DE-NI,00+,2022-09-24,2022-09-20,-4 day ahead inc hosp,quantile,0.75,229.24424923995159,COVID-19
DE-NI,00+,2022-09-24,2022-09-20,-4 day ahead inc hosp,quantile,0.9,238.3246630618612,COVID-19
DE-NI,00+,2022-09-24,2022-09-20,-4 day ahead inc hosp,quantile,0.975,244.15240447188967,COVID-19
DE-NW,00+,2022-09-24,2022-09-20,-4 day ahead inc hosp,mean,,1053.657198173363,COVID-19
DE-NW,00+,2022-09-24,2022-09-20,-4 day ahead inc hosp,quantile,0.025,1011.6294087770405,COVID-19
DE-NW,00+,2022-09-24,2022-09-20,-4 day ahead inc hosp,quantile,0.1,1023.3740779197911,COVID-19
DE-NW,00+,2022-09-24,2022-09-20,-4 day ahead inc hosp,quantile,0.25,1034.6800698252182,COVID-19
DE-NW,00+,2022-09-24,2022-09-20,-4 day ahead inc hosp,quantile,0.5,1053.5490636522466,COVID-19
DE-NW,00+,2022-09-24,2022-09-20,-4 day ahead inc hosp,quantile,0.75,1073.0285825301016,COVID-19
DE-NW,00+,2022-09-24,2022-09-20,-4 day ahead inc hosp,quantile,0.9,1086.5140611126442,COVID-19
DE-NW,00+,2022-09-24,2022-09-20,-4 day ahead inc hosp,quantile,0.975,1094.2192036955694,COVID-19
DE-RP,00+,2022-09-24,2022-09-20,-4 day ahead inc hosp,mean,,313.0929663509926,COVID-19
DE-RP,00+,2022-09-24,2022-09-20,-4 day ahead inc hosp,quantile,0.025,277.5178826071392,COVID-19
DE-RP,00+,2022-09-24,2022-09-20,-4 day ahead inc hosp,quantile,0.1,291.5114521992195,COVID-19
DE-RP,00+,2022-09-24,2022-09-20,-4 day ahead inc hosp,quantile,0.25,302.94468021738334,COVID-19
DE-RP,00+,2022-09-24,2022-09-20,-4 day ahead inc hosp,quantile,0.5,314.98718360646745,COVID-19
DE-RP,00+,2022-09-24,2022-09-20,-4 day ahead inc hosp,quantile,0.75,325.1763182118565,COVID-19
DE-RP,00+,2022-09-24,2022-09-20,-4 day ahead inc hosp,quantile,0.9,330.2437704502073,COVID-19
DE-RP,00+,2022-09-24,2022-09-20,-4 day ahead inc hosp,quantile,0.975,340.6709854971221,COVID-19
DE-SH,00+,2022-09-24,2022-09-20,-4 day ahead inc hosp,mean,,178.15011576950502,COVID-19
DE-SH,00+,2022-09-24,2022-09-20,-4 day ahead inc hosp,quantile,0.025,170.29599505145464,COVID-19
DE-SH,00+,2022-09-24,2022-09-20,-4 day ahead inc hosp,quantile,0.1,172.68655388444517,COVID-19
DE-SH,00+,2022-09-24,2022-09-20,-4 day ahead inc hosp,quantile,0.25,175.18842244408296,COVID-19
DE-SH,00+,2022-09-24,2022-09-20,-4 day ahead inc hosp,quantile,0.5,177.75060021047912,COVID-19
DE-SH,00+,2022-09-24,2022-09-20,-4 day ahead inc hosp,quantile,0.75,180.7385306001366,COVID-19
DE-SH,00+,2022-09-24,2022-09-20,-4 day ahead inc hosp,quantile,0.9,183.73572533970807,COVID-19
DE-SH,00+,2022-09-24,2022-09-20,-4 day ahead inc hosp,quantile,0.975,188.83347859802868,COVID-19
DE-SL,00+,2022-09-24,2022-09-20,-4 day ahead inc hosp,mean,,77.21794728742599,COVID-19
DE-SL,00+,2022-09-24,2022-09-20,-4 day ahead inc hosp,quantile,0.025,73.05784127379944,COVID-19
DE-SL,00+,2022-09-24,2022-09-20,-4 day ahead inc hosp,quantile,0.1,73.66880676019039,COVID-19
DE-SL,00+,2022-09-24,2022-09-20,-4 day ahead inc hosp,quantile,0.25,74.97743856389074,COVID-19
DE-SL,00+,2022-09-24,2022-09-20,-4 day ahead inc hosp,quantile,0.5,76.78825796605753,COVID-19
DE-SL,00+,2022-09-24,2022-09-20,-4 day ahead inc hosp,quantile,0.75,79.1796834600206,COVID-19
DE-SL,00+,2022-09-24,2022-09-20,-4 day ahead inc hosp,quantile,0.9,80.52470778727711,COVID-19
DE-SL,00+,2022-09-24,2022-09-20,-4 day ahead inc hosp,quantile,0.975,83.54907573585956,COVID-19
DE-SN,00+,2022-09-24,2022-09-20,-4 day ahead inc hosp,mean,,306.3049439085352,COVID-19
DE-SN,00+,2022-09-24,2022-09-20,-4 day ahead inc hosp,quantile,0.025,275.0292492233507,COVID-19
DE-SN,00+,2022-09-24,2022-09-20,-4 day ahead inc hosp,quantile,0.1,286.6079004710572,COVID-19
DE-SN,00+,2022-09-24,2022-09-20,-4 day ahead inc hosp,quantile,0.25,293.4044933674639,COVID-19
DE-SN,00+,2022-09-24,2022-09-20,-4 day ahead inc hosp,quantile,0.5,305.3543749736533,COVID-19
DE-SN,00+,2022-09-24,2022-09-20,-4 day ahead inc hosp,quantile,0.75,314.87692118036847,COVID-19
DE-SN,00+,2022-09-24,2022-09-20,-4 day ahead inc hosp,quantile,0.9,330.1550418811756,COVID-19
DE-SN,00+,2022-09-24,2022-09-20,-4 day ahead inc hosp,quantile,0.975,349.21099499668253,COVID-19
DE-ST,00+,2022-09-24,2022-09-20,-4 day ahead inc hosp,mean,,182.53574963340833,COVID-19
DE-ST,00+,2022-09-24,2022-09-20,-4 day ahead inc hosp,quantile,0.025,168.47798710028144,COVID-19
DE-ST,00+,2022-09-24,2022-09-20,-4 day ahead inc hosp,quantile,0.1,172.83527887321137,COVID-19
DE-ST,00+,2022-09-24,2022-09-20,-4 day ahead inc hosp,quantile,0.25,178.3347092697702,COVID-19
DE-ST,00+,2022-09-24,2022-09-20,-4 day ahead inc hosp,quantile,0.5,181.92140858091517,COVID-19
DE-ST,00+,2022-09-24,2022-09-20,-4 day ahead inc hosp,quantile,0.75,185.63286656790643,COVID-19
DE-ST,00+,2022-09-24,2022-09-20,-4 day ahead inc hosp,quantile,0.9,193.82425406319055,COVID-19
DE-ST,00+,2022-09-24,2022-09-20,-4 day ahead inc hosp,quantile,0.975,199.67136514086712,COVID-19
DE-TH,00+,2022-09-24,2022-09-20,-4 day ahead inc hosp,mean,,172.32853984239208,COVID-19
DE-TH,00+,2022-09-24,2022-09-20,-4 day ahead inc hosp,quantile,0.025,163.67217098186737,COVID-19
DE-TH,00+,2022-09-24,2022-09-20,-4 day ahead inc hosp,quantile,0.1,165.89769589489066,COVID-19
DE-TH,00+,2022-09-24,2022-09-20,-4 day ahead inc hosp,quantile,0.25,167.92647609430412,COVID-19
DE-TH,00+,2022-09-24,2022-09-20,-4 day ahead inc hosp,quantile,0.5,172.05166706247604,COVID-19
DE-TH,00+,2022-09-24,2022-09-20,-4 day ahead inc hosp,quantile,0.75,176.4646502958564,COVID-19
DE-TH,00+,2022-09-24,2022-09-20,-4 day ahead inc hosp,quantile,0.9,178.70763803835322,COVID-19
DE-TH,00+,2022-09-24,2022-09-20,-4 day ahead inc hosp,quantile,0.975,183.17392388590022,COVID-19
DE,00+,2022-09-24,2022-09-21,-3 day ahead inc hosp,mean,,5017.499723265972,COVID-19
DE,00+,2022-09-24,2022-09-21,-3 day ahead inc hosp,quantile,0.025,4746.509594087598,COVID-19
DE,00+,2022-09-24,2022-09-21,-3 day ahead inc hosp,quantile,0.1,4825.821834838152,COVID-19
DE,00+,2022-09-24,2022-09-21,-3 day ahead inc hosp,quantile,0.25,4891.763388042639,COVID-19
DE,00+,2022-09-24,2022-09-21,-3 day ahead inc hosp,quantile,0.5,4997.328639981473,COVID-19
DE,00+,2022-09-24,2022-09-21,-3 day ahead inc hosp,quantile,0.75,5148.540833620108,COVID-19
DE,00+,2022-09-24,2022-09-21,-3 day ahead inc hosp,quantile,0.9,5235.878645740531,COVID-19
DE,00+,2022-09-24,2022-09-21,-3 day ahead inc hosp,quantile,0.975,5323.418743176867,COVID-19
DE,00-04,2022-09-24,2022-09-21,-3 day ahead inc hosp,mean,,128.66979870703912,COVID-19
DE,00-04,2022-09-24,2022-09-21,-3 day ahead inc hosp,quantile,0.025,123.6320479802722,COVID-19
DE,00-04,2022-09-24,2022-09-21,-3 day ahead inc hosp,quantile,0.1,125.09267143839438,COVID-19
DE,00-04,2022-09-24,2022-09-21,-3 day ahead inc hosp,quantile,0.25,126.1234680656387,COVID-19
DE,00-04,2022-09-24,2022-09-21,-3 day ahead inc hosp,quantile,0.5,127.93588821181596,COVID-19
DE,00-04,2022-09-24,2022-09-21,-3 day ahead inc hosp,quantile,0.75,130.6539017579127,COVID-19
DE,00-04,2022-09-24,2022-09-21,-3 day ahead inc hosp,quantile,0.9,133.27999838482168,COVID-19
DE,00-04,2022-09-24,2022-09-21,-3 day ahead inc hosp,quantile,0.975,135.89207115246867,COVID-19
DE,05-14,2022-09-24,2022-09-21,-3 day ahead inc hosp,mean,,69.48221820200897,COVID-19
DE,05-14,2022-09-24,2022-09-21,-3 day ahead inc hosp,quantile,0.025,65.07518974147062,COVID-19
DE,05-14,2022-09-24,2022-09-21,-3 day ahead inc hosp,quantile,0.1,65.85113668867842,COVID-19
DE,05-14,2022-09-24,2022-09-21,-3 day ahead inc hosp,quantile,0.25,66.99080127209567,COVID-19
DE,05-14,2022-09-24,2022-09-21,-3 day ahead inc hosp,quantile,0.5,69.00649761430572,COVID-19
DE,05-14,2022-09-24,2022-09-21,-3 day ahead inc hosp,quantile,0.75,71.52813298977235,COVID-19
DE,05-14,2022-09-24,2022-09-21,-3 day ahead inc hosp,quantile,0.9,74.13732276280129,COVID-19
DE,05-14,2022-09-24,2022-09-21,-3 day ahead inc hosp,quantile,0.975,76.14326830941735,COVID-19
DE,15-34,2022-09-24,2022-09-21,-3 day ahead inc hosp,mean,,377.83790636558115,COVID-19
DE,15-34,2022-09-24,2022-09-21,-3 day ahead inc hosp,quantile,0.025,358.35075955374094,COVID-19
DE,15-34,2022-09-24,2022-09-21,-3 day ahead inc hosp,quantile,0.1,362.70001576972595,COVID-19
DE,15-34,2022-09-24,2022-09-21,-3 day ahead inc hosp,quantile,0.25,369.679430693039,COVID-19
DE,15-34,2022-09-24,2022-09-21,-3 day ahead inc hosp,quantile,0.5,376.6485816935259,COVID-19
DE,15-34,2022-09-24,2022-09-21,-3 day ahead inc hosp,quantile,0.75,383.6938531541255,COVID-19
DE,15-34,2022-09-24,2022-09-21,-3 day ahead inc hosp,quantile,0.9,394.53224331517606,COVID-19
DE,15-34,2022-09-24,2022-09-21,-3 day ahead inc hosp,quantile,0.975,403.1895275750297,COVID-19
DE,35-59,2022-09-24,2022-09-21,-3 day ahead inc hosp,mean,,768.5225213757823,COVID-19
DE,35-59,2022-09-24,2022-09-21,-3 day ahead inc hosp,quantile,0.025,709.4917088685456,COVID-19
DE,35-59,2022-09-24,2022-09-21,-3 day ahead inc hosp,quantile,0.1,736.3774627304118,COVID-19
DE,35-59,2022-09-24,2022-09-21,-3 day ahead inc hosp,quantile,0.25,750.9670182216352,COVID-19
DE,35-59,2022-09-24,2022-09-21,-3 day ahead inc hosp,quantile,0.5,767.7323689399187,COVID-19
DE,35-59,2022-09-24,2022-09-21,-3 day ahead inc hosp,quantile,0.75,789.6642848082279,COVID-19
DE,35-59,2022-09-24,2022-09-21,-3 day ahead inc hosp,quantile,0.9,808.8679001588151,COVID-19
DE,35-59,2022-09-24,2022-09-21,-3 day ahead inc hosp,quantile,0.975,817.2532725231504,COVID-19
DE,60-79,2022-09-24,2022-09-21,-3 day ahead inc hosp,mean,,1705.2878527004543,COVID-19
DE,60-79,2022-09-24,2022-09-21,-3 day ahead inc hosp,quantile,0.025,1618.6094082359375,COVID-19
DE,60-79,2022-09-24,2022-09-21,-3 day ahead inc hosp,quantile,0.1,1638.1962392372352,COVID-19
DE,60-79,2022-09-24,2022-09-21,-3 day ahead inc hosp,quantile,0.25,1658.7795486825,COVID-19
DE,60-79,2022-09-24,2022-09-21,-3 day ahead inc hosp,quantile,0.5,1698.744644488622,COVID-19
DE,60-79,2022-09-24,2022-09-21,-3 day ahead inc hosp,quantile,0.75,1750.34969028669,COVID-19
DE,60-79,2022-09-24,2022-09-21,-3 day ahead inc hosp,quantile,0.9,1781.7845151047322,COVID-19
DE,60-79,2022-09-24,2022-09-21,-3 day ahead inc hosp,quantile,0.975,1816.5502365862244,COVID-19
DE,80+,2022-09-24,2022-09-21,-3 day ahead inc hosp,mean,,1913.8784922524403,COVID-19
DE,80+,2022-09-24,2022-09-21,-3 day ahead inc hosp,quantile,0.025,1806.3901950465602,COVID-19
DE,80+,2022-09-24,2022-09-21,-3 day ahead inc hosp,quantile,0.1,1832.4214818117414,COVID-19
DE,80+,2022-09-24,2022-09-21,-3 day ahead inc hosp,quantile,0.25,1862.1267762332752,COVID-19
DE,80+,2022-09-24,2022-09-21,-3 day ahead inc hosp,quantile,0.5,1904.432576068894,COVID-19
DE,80+,2022-09-24,2022-09-21,-3 day ahead inc hosp,quantile,0.75,1970.7794782357041,COVID-19
DE,80+,2022-09-24,2022-09-21,-3 day ahead inc hosp,quantile,0.9,1999.17906603683,COVID-19
DE,80+,2022-09-24,2022-09-21,-3 day ahead inc hosp,quantile,0.975,2036.6168702187147,COVID-19
DE-BB,00+,2022-09-24,2022-09-21,-3 day ahead inc hosp,mean,,188.21233211712163,COVID-19
DE-BB,00+,2022-09-24,2022-09-21,-3 day ahead inc hosp,quantile,0.025,177.4984745781654,COVID-19
DE-BB,00+,2022-09-24,2022-09-21,-3 day ahead inc hosp,quantile,0.1,179.32647122202266,COVID-19
DE-BB,00+,2022-09-24,2022-09-21,-3 day ahead inc hosp,quantile,0.25,181.7612252491249,COVID-19
DE-BB,00+,2022-09-24,2022-09-21,-3 day ahead inc hosp,quantile,0.5,186.97216078984715,COVID-19
DE-BB,00+,2022-09-24,2022-09-21,-3 day ahead inc hosp,quantile,0.75,193.74130760587818,COVID-19
DE-BB,00+,2022-09-24,2022-09-21,-3 day ahead inc hosp,quantile,0.9,198.1660730453911,COVID-19
DE-BB,00+,2022-09-24,2022-09-21,-3 day ahead inc hosp,quantile,0.975,203.0650108654226,COVID-19
DE-BE,00+,2022-09-24,2022-09-21,-3 day ahead inc hosp,mean,,175.73563070090506,COVID-19
DE-BE,00+,2022-09-24,2022-09-21,-3 day ahead inc hosp,quantile,0.025,158.1715773583095,COVID-19
DE-BE,00+,2022-09-24,2022-09-21,-3 day ahead inc hosp,quantile,0.1,160.41946170467327,COVID-19
DE-BE,00+,2022-09-24,2022-09-21,-3 day ahead inc hosp,quantile,0.25,166.4569661639733,COVID-19
DE-BE,00+,2022-09-24,2022-09-21,-3 day ahead inc hosp,quantile,0.5,174.4009648067596,COVID-19
DE-BE,00+,2022-09-24,2022-09-21,-3 day ahead inc hosp,quantile,0.75,182.88430453615806,COVID-19
DE-BE,00+,2022-09-24,2022-09-21,-3 day ahead inc hosp,quantile,0.9,191.58263619491132,COVID-19
DE-BE,00+,2022-09-24,2022-09-21,-3 day ahead inc hosp,quantile,0.975,204.8231433083243,COVID-19
DE-BW,00+,2022-09-24,2022-09-21,-3 day ahead inc hosp,mean,,350.0912490320658,COVID-19
DE-BW,00+,2022-09-24,2022-09-21,-3 day ahead inc hosp,quantile,0.025,332.4884038661118,COVID-19
DE-BW,00+,2022-09-24,2022-09-21,-3 day ahead inc hosp,quantile,0.1,334.6622142620861,COVID-19
DE-BW,00+,2022-09-24,2022-09-21,-3 day ahead inc hosp,quantile,0.25,340.70202305083853,COVID-19
DE-BW,00+,2022-09-24,2022-09-21,-3 day ahead inc hosp,quantile,0.5,348.488182240027,COVID-19
DE-BW,00+,2022-09-24,2022-09-21,-3 day ahead inc hosp,quantile,0.75,357.7936736295349,COVID-19
DE-BW,00+,2022-09-24,2022-09-21,-3 day ahead inc hosp,quantile,0.9,368.50755730372674,COVID-19
DE-BW,00+,2022-09-24,2022-09-21,-3 day ahead inc hosp,quantile,0.975,372.4101980858739,COVID-19
DE-BY,00+,2022-09-24,2022-09-21,-3 day ahead inc hosp,mean,,1086.8840645068228,COVID-19
DE-BY,00+,2022-09-24,2022-09-21,-3 day ahead inc hosp,quantile,0.025,1029.1150924357657,COVID-19
DE-BY,00+,2022-09-24,2022-09-21,-3 day ahead inc hosp,quantile,0.1,1039.041065472404,COVID-19
DE-BY,00+,2022-09-24,2022-09-21,-3 day ahead inc hosp,quantile,0.25,1053.6606513498878,COVID-19
DE-BY,00+,2022-09-24,2022-09-21,-3 day ahead inc hosp,quantile,0.5,1083.895407799285,COVID-19
DE-BY,00+,2022-09-24,2022-09-21,-3 day ahead inc hosp,quantile,0.75,1114.147515803141,COVID-19
DE-BY,00+,2022-09-24,2022-09-21,-3 day ahead inc hosp,quantile,0.9,1131.9166460403226,COVID-19
DE-BY,00+,2022-09-24,2022-09-21,-3 day ahead inc hosp,quantile,0.975,1167.5431530013464,COVID-19
DE-HB,00+,2022-09-24,2022-09-21,-3 day ahead inc hosp,mean,,12.956320264724447,COVID-19
DE-HB,00+,2022-09-24,2022-09-21,-3 day ahead inc hosp,quantile,0.025,11.549549981923079,COVID-19
DE-HB,00+,2022-09-24,2022-09-21,-3 day ahead inc hosp,quantile,0.1,12.012157812352942,COVID-19
DE-HB,00+,2022-09-24,2022-09-21,-3 day ahead inc hosp,quantile,0.25,12.5475350867472,COVID-19
DE-HB,00+,2022-09-24,2022-09-21,-3 day ahead inc hosp,quantile,0.5,12.987065080244687,COVID-19
DE-HB,00+,2022-09-24,2022-09-21,-3 day ahead inc hosp,quantile,0.75,13.43077521170772,COVID-19
DE-HB,00+,2022-09-24,2022-09-21,-3 day ahead inc hosp,quantile,0.9,13.760490415812841,COVID-19
DE-HB,00+,2022-09-24,2022-09-21,-3 day ahead inc hosp,quantile,0.975,14.118691459451746,COVID-19
DE-HE,00+,2022-09-24,2022-09-21,-3 day ahead inc hosp,mean,,385.5884026409418,COVID-19
DE-HE,00+,2022-09-24,2022-09-21,-3 day ahead inc hosp,quantile,0.025,342.3732584788049,COVID-19
DE-HE,00+,2022-09-24,2022-09-21,-3 day ahead inc hosp,quantile,0.1,359.7398885377306,COVID-19
DE-HE,00+,2022-09-24,2022-09-21,-3 day ahead inc hosp,quantile,0.25,371.12013286024757,COVID-19
DE-HE,00+,2022-09-24,2022-09-21,-3 day ahead inc hosp,quantile,0.5,383.4704133856594,COVID-19
DE-HE,00+,2022-09-24,2022-09-21,-3 day ahead inc hosp,quantile,0.75,397.89002958002857,COVID-19
DE-HE,00+,2022-09-24,2022-09-21,-3 day ahead inc hosp,quantile,0.9,409.72598673751367,COVID-19
DE-HE,00+,2022-09-24,2022-09-21,-3 day ahead inc hosp,quantile,0.975,443.8834205803798,COVID-19
DE-HH,00+,2022-09-24,2022-09-21,-3 day ahead inc hosp,mean,,64.98878995012072,COVID-19
DE-HH,00+,2022-09-24,2022-09-21,-3 day ahead inc hosp,quantile,0.025,59.1569487001152,COVID-19
DE-HH,00+,2022-09-24,2022-09-21,-3 day ahead inc hosp,quantile,0.1,60.677414837595514,COVID-19
DE-HH,00+,2022-09-24,2022-09-21,-3 day ahead inc hosp,quantile,0.25,61.48642154446752,COVID-19
DE-HH,00+,2022-09-24,2022-09-21,-3 day ahead inc hosp,quantile,0.5,64.96301552020464,COVID-19
DE-HH,00+,2022-09-24,2022-09-21,-3 day ahead inc hosp,quantile,0.75,67.5527791224299,COVID-19
DE-HH,00+,2022-09-24,2022-09-21,-3 day ahead inc hosp,quantile,0.9,70.41497509013693,COVID-19
DE-HH,00+,2022-09-24,2022-09-21,-3 day ahead inc hosp,quantile,0.975,72.39130422258387,COVID-19
DE-MV,00+,2022-09-24,2022-09-21,-3 day ahead inc hosp,mean,,160.24402249256772,COVID-19
DE-MV,00+,2022-09-24,2022-09-21,-3 day ahead inc hosp,quantile,0.025,151.4461771093494,COVID-19
DE-MV,00+,2022-09-24,2022-09-21,-3 day ahead inc hosp,quantile,0.1,153.01375218427043,COVID-19
DE-MV,00+,2022-09-24,2022-09-21,-3 day ahead inc hosp,quantile,0.25,156.43981536233176,COVID-19
DE-MV,00+,2022-09-24,2022-09-21,-3 day ahead inc hosp,quantile,0.5,158.45535760852806,COVID-19
DE-MV,00+,2022-09-24,2022-09-21,-3 day ahead inc hosp,quantile,0.75,163.64106415197145,COVID-19
DE-MV,00+,2022-09-24,2022-09-21,-3 day ahead inc hosp,quantile,0.9,168.39344797372257,COVID-19
DE-MV,00+,2022-09-24,2022-09-21,-3 day ahead inc hosp,quantile,0.975,173.29543677828184,COVID-19
DE-NI,00+,2022-09-24,2022-09-21,-3 day ahead inc hosp,mean,,225.67706697617982,COVID-19
DE-NI,00+,2022-09-24,2022-09-21,-3 day ahead inc hosp,quantile,0.025,212.1211690512663,COVID-19
DE-NI,00+,2022-09-24,2022-09-21,-3 day ahead inc hosp,quantile,0.1,214.4972031880092,COVID-19
DE-NI,00+,2022-09-24,2022-09-21,-3 day ahead inc hosp,quantile,0.25,219.05511371455157,COVID-19
DE-NI,00+,2022-09-24,2022-09-21,-3 day ahead inc hosp,quantile,0.5,224.5264165866047,COVID-19
DE-NI,00+,2022-09-24,2022-09-21,-3 day ahead inc hosp,quantile,0.75,230.49495659891872,COVID-19
DE-NI,00+,2022-09-24,2022-09-21,-3 day ahead inc hosp,quantile,0.9,238.26499551802803,COVID-19
DE-NI,00+,2022-09-24,2022-09-21,-3 day ahead inc hosp,quantile,0.975,245.44625856672792,COVID-19
DE-NW,00+,2022-09-24,2022-09-21,-3 day ahead inc hosp,mean,,1086.7417948717402,COVID-19
DE-NW,00+,2022-09-24,2022-09-21,-3 day ahead inc hosp,quantile,0.025,1030.544250477659,COVID-19
DE-NW,00+,2022-09-24,2022-09-21,-3 day ahead inc hosp,quantile,0.1,1048.4683402528005,COVID-19
DE-NW,00+,2022-09-24,2022-09-21,-3 day ahead inc hosp,quantile,0.25,1062.0686801562538,COVID-19
DE-NW,00+,2022-09-24,2022-09-21,-3 day ahead inc hosp,quantile,0.5,1082.5719572546943,COVID-19
DE-NW,00+,2022-09-24,2022-09-21,-3 day ahead inc hosp,quantile,0.75,1109.5373908534696,COVID-19
DE-NW,00+,2022-09-24,2022-09-21,-3 day ahead inc hosp,quantile,0.9,1136.8834503700496,COVID-19
DE-NW,00+,2022-09-24,2022-09-21,-3 day ahead inc hosp,quantile,0.975,1146.17664416964,COVID-19
DE-RP,00+,2022-09-24,2022-09-21,-3 day ahead inc hosp,mean,,354.16231211554685,COVID-19
DE-RP,00+,2022-09-24,2022-09-21,-3 day ahead inc hosp,quantile,0.025,308.66390995622106,COVID-19
DE-RP,00+,2022-09-24,2022-09-21,-3 day ahead inc hosp,quantile,0.1,326.9938113290348,COVID-19
DE-RP,00+,2022-09-24,2022-09-21,-3 day ahead inc hosp,quantile,0.25,340.3223359227551,COVID-19
DE-RP,00+,2022-09-24,2022-09-21,-3 day ahead inc hosp,quantile,0.5,354.14027511137226,COVID-19
DE-RP,00+,2022-09-24,2022-09-21,-3 day ahead inc hosp,quantile,0.75,368.4066197108416,COVID-19
DE-RP,00+,2022-09-24,2022-09-21,-3 day ahead inc hosp,quantile,0.9,381.2235874349688,COVID-19
DE-RP,00+,2022-09-24,2022-09-21,-3 day ahead inc hosp,quantile,0.975,398.6326927305245,COVID-19
DE-SH,00+,2022-09-24,2022-09-21,-3 day ahead inc hosp,mean,,179.73270222292797,COVID-19
DE-SH,00+,2022-09-24,2022-09-21,-3 day ahead inc hosp,quantile,0.025,171.70458129742153,COVID-19
DE-SH,00+,2022-09-24,2022-09-21,-3 day ahead inc hosp,quantile,0.1,174.30371187098095,COVID-19
DE-SH,00+,2022-09-24,2022-09-21,-3 day ahead inc hosp,quantile,0.25,176.4346288220829,COVID-19
DE-SH,00+,2022-09-24,2022-09-21,-3 day ahead inc hosp,quantile,0.5,178.6039577330475,COVID-19
DE-SH,00+,2022-09-24,2022-09-21,-3 day ahead inc hosp,quantile,0.75,182.05903737600448,COVID-19
DE-SH,00+,2022-09-24,2022-09-21,-3 day ahead inc hosp,quantile,0.9,186.74819294656987,COVID-19
DE-SH,00+,2022-09-24,2022-09-21,-3 day ahead inc hosp,quantile,0.975,192.6358868476223,COVID-19
DE-SL,00+,2022-09-24,2022-09-21,-3 day ahead inc hosp,mean,,85.20451433302726,COVID-19
DE-SL,00+,2022-09-24,2022-09-21,-3 day ahead inc hosp,quantile,0.025,80.16285374480714,COVID-19
DE-SL,00+,2022-09-24,2022-09-21,-3 day ahead inc hosp,quantile,0.1,80.78290626203226,COVID-19
DE-SL,00+,2022-09-24,2022-09-21,-3 day ahead inc hosp,quantile,0.25,82.65588824534136,COVID-19
DE-SL,00+,2022-09-24,2022-09-21,-3 day ahead inc hosp,quantile,0.5,84.76800422650275,COVID-19
DE-SL,00+,2022-09-24,2022-09-21,-3 day ahead inc hosp,quantile,0.75,86.86107582379948,COVID-19
DE-SL,00+,2022-09-24,2022-09-21,-3 day ahead inc hosp,quantile,0.9,88.77431333758207,COVID-19
DE-SL,00+,2022-09-24,2022-09-21,-3 day ahead inc hosp,quantile,0.975,94.18970518532203,COVID-19
DE-SN,00+,2022-09-24,2022-09-21,-3 day ahead inc hosp,mean,,336.467115687718,COVID-19
DE-SN,00+,2022-09-24,2022-09-21,-3 day ahead inc hosp,quantile,0.025,294.96423625026057,COVID-19
DE-SN,00+,2022-09-24,2022-09-21,-3 day ahead inc hosp,quantile,0.1,307.96679758088237,COVID-19
DE-SN,00+,2022-09-24,2022-09-21,-3 day ahead inc hosp,quantile,0.25,318.12086927829426,COVID-19
DE-SN,00+,2022-09-24,2022-09-21,-3 day ahead inc hosp,quantile,0.5,333.54959588680816,COVID-19
DE-SN,00+,2022-09-24,2022-09-21,-3 day ahead inc hosp,quantile,0.75,351.026903605121,COVID-19
DE-SN,00+,2022-09-24,2022-09-21,-3 day ahead inc hosp,quantile,0.9,368.414849530466,COVID-19
DE-SN,00+,2022-09-24,2022-09-21,-3 day ahead inc hosp,quantile,0.975,392.104858327726,COVID-19
DE-ST,00+,2022-09-24,2022-09-21,-3 day ahead inc hosp,mean,,190.60587757887234,COVID-19
DE-ST,00+,2022-09-24,2022-09-21,-3 day ahead inc hosp,quantile,0.025,174.80072820466384,COVID-19
DE-ST,00+,2022-09-24,2022-09-21,-3 day ahead inc hosp,quantile,0.1,179.20317128551648,COVID-19
DE-ST,00+,2022-09-24,2022-09-21,-3 day ahead inc hosp,quantile,0.25,184.02789441888294,COVID-19
DE-ST,00+,2022-09-24,2022-09-21,-3 day ahead inc hosp,quantile,0.5,188.63960988765353,COVID-19
DE-ST,00+,2022-09-24,2022-09-21,-3 day ahead inc hosp,quantile,0.75,195.1190432872919,COVID-19
DE-ST,00+,2022-09-24,2022-09-21,-3 day ahead inc hosp,quantile,0.9,206.79677086455226,COVID-19
DE-ST,00+,2022-09-24,2022-09-21,-3 day ahead inc hosp,quantile,0.975,211.64904214236032,COVID-19
DE-TH,00+,2022-09-24,2022-09-21,-3 day ahead inc hosp,mean,,161.09954418563942,COVID-19
DE-TH,00+,2022-09-24,2022-09-21,-3 day ahead inc hosp,quantile,0.025,151.21965400208288,COVID-19
DE-TH,00+,2022-09-24,2022-09-21,-3 day ahead inc hosp,quantile,0.1,153.52294515759968,COVID-19
DE-TH,00+,2022-09-24,2022-09-21,-3 day ahead inc hosp,quantile,0.25,156.35577519312812,COVID-19
DE-TH,00+,2022-09-24,2022-09-21,-3 day ahead inc hosp,quantile,0.5,160.73924075517132,COVID-19
DE-TH,00+,2022-09-24,2022-09-21,-3 day ahead inc hosp,quantile,0.75,166.35164694388197,COVID-19
DE-TH,00+,2022-09-24,2022-09-21,-3 day ahead inc hosp,quantile,0.9,169.7246482520894,COVID-19
DE-TH,00+,2022-09-24,2022-09-21,-3 day ahead inc hosp,quantile,0.975,172.42390595939165,COVID-19
DE,00+,2022-09-24,2022-09-22,-2 day ahead inc hosp,mean,,5334.329600319958,COVID-19
DE,00+,2022-09-24,2022-09-22,-2 day ahead inc hosp,quantile,0.025,5008.34801683652,COVID-19
DE,00+,2022-09-24,2022-09-22,-2 day ahead inc hosp,quantile,0.1,5099.96220818588,COVID-19
DE,00+,2022-09-24,2022-09-22,-2 day ahead inc hosp,quantile,0.25,5142.697435868454,COVID-19
DE,00+,2022-09-24,2022-09-22,-2 day ahead inc hosp,quantile,0.5,5281.954651693267,COVID-19
DE,00+,2022-09-24,2022-09-22,-2 day ahead inc hosp,quantile,0.75,5469.943758550452,COVID-19
DE,00+,2022-09-24,2022-09-22,-2 day ahead inc hosp,quantile,0.9,5731.810238117642,COVID-19
DE,00+,2022-09-24,2022-09-22,-2 day ahead inc hosp,quantile,0.975,5826.453524501768,COVID-19
DE,00-04,2022-09-24,2022-09-22,-2 day ahead inc hosp,mean,,132.85727298701931,COVID-19
DE,00-04,2022-09-24,2022-09-22,-2 day ahead inc hosp,quantile,0.025,126.1024401748878,COVID-19
DE,00-04,2022-09-24,2022-09-22,-2 day ahead inc hosp,quantile,0.1,127.70261278979004,COVID-19
DE,00-04,2022-09-24,2022-09-22,-2 day ahead inc hosp,quantile,0.25,129.1278407720653,COVID-19
DE,00-04,2022-09-24,2022-09-22,-2 day ahead inc hosp,quantile,0.5,131.40907515193962,COVID-19
DE,00-04,2022-09-24,2022-09-22,-2 day ahead inc hosp,quantile,0.75,135.06918866376625,COVID-19
DE,00-04,2022-09-24,2022-09-22,-2 day ahead inc hosp,quantile,0.9,139.53471881775016,COVID-19
DE,00-04,2022-09-24,2022-09-22,-2 day ahead inc hosp,quantile,0.975,144.7873118602315,COVID-19
DE,05-14,2022-09-24,2022-09-22,-2 day ahead inc hosp,mean,,71.15920376304341,COVID-19
DE,05-14,2022-09-24,2022-09-22,-2 day ahead inc hosp,quantile,0.025,65.51314054541291,COVID-19
DE,05-14,2022-09-24,2022-09-22,-2 day ahead inc hosp,quantile,0.1,66.44879817595447,COVID-19
DE,05-14,2022-09-24,2022-09-22,-2 day ahead inc hosp,quantile,0.25,68.5056244209586,COVID-19
DE,05-14,2022-09-24,2022-09-22,-2 day ahead inc hosp,quantile,0.5,70.43412077707207,COVID-19
DE,05-14,2022-09-24,2022-09-22,-2 day ahead inc hosp,quantile,0.75,73.25932083038872,COVID-19
DE,05-14,2022-09-24,2022-09-22,-2 day ahead inc hosp,quantile,0.9,76.73821675857543,COVID-19
DE,05-14,2022-09-24,2022-09-22,-2 day ahead inc hosp,quantile,0.975,79.48832422053333,COVID-19
DE,15-34,2022-09-24,2022-09-22,-2 day ahead inc hosp,mean,,396.2204078115954,COVID-19
DE,15-34,2022-09-24,2022-09-22,-2 day ahead inc hosp,quantile,0.025,372.1236707803835,COVID-19
DE,15-34,2022-09-24,2022-09-22,-2 day ahead inc hosp,quantile,0.1,376.17082033983866,COVID-19
DE,15-34,2022-09-24,2022-09-22,-2 day ahead inc hosp,quantile,0.25,385.86919905472513,COVID-19
DE,15-34,2022-09-24,2022-09-22,-2 day ahead inc hosp,quantile,0.5,392.5585402739869,COVID-19
DE,15-34,2022-09-24,2022-09-22,-2 day ahead inc hosp,quantile,0.75,403.39263950830116,COVID-19
DE,15-34,2022-09-24,2022-09-22,-2 day ahead inc hosp,quantile,0.9,417.31408885094726,COVID-19
DE,15-34,2022-09-24,2022-09-22,-2 day ahead inc hosp,quantile,0.975,434.91347017727736,COVID-19
DE,35-59,2022-09-24,2022-09-22,-2 day ahead inc hosp,mean,,803.4936757635363,COVID-19
DE,35-59,2022-09-24,2022-09-22,-2 day ahead inc hosp,quantile,0.025,736.4163811111586,COVID-19
DE,35-59,2022-09-24,2022-09-22,-2 day ahead inc hosp,quantile,0.1,765.6802759947171,COVID-19
DE,35-59,2022-09-24,2022-09-22,-2 day ahead inc hosp,quantile,0.25,778.4279716248345,COVID-19
DE,35-59,2022-09-24,2022-09-22,-2 day ahead inc hosp,quantile,0.5,797.7418547779695,COVID-19
DE,35-59,2022-09-24,2022-09-22,-2 day ahead inc hosp,quantile,0.75,826.7978041491053,COVID-19
DE,35-59,2022-09-24,2022-09-22,-2 day ahead inc hosp,quantile,0.9,865.950686538854,COVID-19
DE,35-59,2022-09-24,2022-09-22,-2 day ahead inc hosp,quantile,0.975,880.6170665401069,COVID-19
DE,60-79,2022-09-24,2022-09-22,-2 day ahead inc hosp,mean,,1812.946486702253,COVID-19
DE,60-79,2022-09-24,2022-09-22,-2 day ahead inc hosp,quantile,0.025,1711.8422842701198,COVID-19
DE,60-79,2022-09-24,2022-09-22,-2 day ahead inc hosp,quantile,0.1,1726.4660268577077,COVID-19
DE,60-79,2022-09-24,2022-09-22,-2 day ahead inc hosp,quantile,0.25,1747.3160189997739,COVID-19
DE,60-79,2022-09-24,2022-09-22,-2 day ahead inc hosp,quantile,0.5,1793.8171688682733,COVID-19
DE,60-79,2022-09-24,2022-09-22,-2 day ahead inc hosp,quantile,0.75,1860.4381279120767,COVID-19
DE,60-79,2022-09-24,2022-09-22,-2 day ahead inc hosp,quantile,0.9,1951.9261891638619,COVID-19
DE,60-79,2022-09-24,2022-09-22,-2 day ahead inc hosp,quantile,0.975,1987.7463368318065,COVID-19
DE,80+,2022-09-24,2022-09-22,-2 day ahead inc hosp,mean,,2059.7910796513024,COVID-19
DE,80+,2022-09-24,2022-09-22,-2 day ahead inc hosp,quantile,0.025,1932.2537116251108,COVID-19
DE,80+,2022-09-24,2022-09-22,-2 day ahead inc hosp,quantile,0.1,1956.2966424334527,COVID-19
DE,80+,2022-09-24,2022-09-22,-2 day ahead inc hosp,quantile,0.25,1978.5428948987824,COVID-19
DE,80+,2022-09-24,2022-09-22,-2 day ahead inc hosp,quantile,0.5,2040.3776712998128,COVID-19
DE,80+,2022-09-24,2022-09-22,-2 day ahead inc hosp,quantile,0.75,2120.9402657184078,COVID-19
DE,80+,2022-09-24,2022-09-22,-2 day ahead inc hosp,quantile,0.9,2215.5211928499475,COVID-19
DE,80+,2022-09-24,2022-09-22,-2 day ahead inc hosp,quantile,0.975,2260.8803235678915,COVID-19
DE-BB,00+,2022-09-24,2022-09-22,-2 day ahead inc hosp,mean,,197.8051622029345,COVID-19
DE-BB,00+,2022-09-24,2022-09-22,-2 day ahead inc hosp,quantile,0.025,183.89168507892686,COVID-19
DE-BB,00+,2022-09-24,2022-09-22,-2 day ahead inc hosp,quantile,0.1,186.05380610365992,COVID-19
DE-BB,00+,2022-09-24,2022-09-22,-2 day ahead inc hosp,quantile,0.25,189.97626764324292,COVID-19
DE-BB,00+,2022-09-24,2022-09-22,-2 day ahead inc hosp,quantile,0.5,196.38213076097307,COVID-19
DE-BB,00+,2022-09-24,2022-09-22,-2 day ahead inc hosp,quantile,0.75,203.40497885732532,COVID-19
DE-BB,00+,2022-09-24,2022-09-22,-2 day ahead inc hosp,quantile,0.9,210.37615884905424,COVID-19
DE-BB,00+,2022-09-24,2022-09-22,-2 day ahead inc hosp,quantile,0.975,220.7696261452558,COVID-19
DE-BE,00+,2022-09-24,2022-09-22,-2 day ahead inc hosp,mean,,202.5982356108782,COVID-19
DE-BE,00+,2022-09-24,2022-09-22,-2 day ahead inc hosp,quantile,0.025,180.19807237181791,COVID-19
DE-BE,00+,2022-09-24,2022-09-22,-2 day ahead inc hosp,quantile,0.1,184.10662855965677,COVID-19
DE-BE,00+,2022-09-24,2022-09-22,-2 day ahead inc hosp,quantile,0.25,190.8176594139091,COVID-19
DE-BE,00+,2022-09-24,2022-09-22,-2 day ahead inc hosp,quantile,0.5,199.55056771654924,COVID-19
DE-BE,00+,2022-09-24,2022-09-22,-2 day ahead inc hosp,quantile,0.75,210.49987416199866,COVID-19
DE-BE,00+,2022-09-24,2022-09-22,-2 day ahead inc hosp,quantile,0.9,226.015478829223,COVID-19
DE-BE,00+,2022-09-24,2022-09-22,-2 day ahead inc hosp,quantile,0.975,242.64190870795937,COVID-19
DE-BW,00+,2022-09-24,2022-09-22,-2 day ahead inc hosp,mean,,381.28710167889506,COVID-19
DE-BW,00+,2022-09-24,2022-09-22,-2 day ahead inc hosp,quantile,0.025,358.2806617448874,COVID-19
DE-BW,00+,2022-09-24,2022-09-22,-2 day ahead inc hosp,quantile,0.1,361.5845071380073,COVID-19
DE-BW,00+,2022-09-24,2022-09-22,-2 day ahead inc hosp,quantile,0.25,365.8949854480335,COVID-19
DE-BW,00+,2022-09-24,2022-09-22,-2 day ahead inc hosp,quantile,0.5,376.2055726339513,COVID-19
DE-BW,00+,2022-09-24,2022-09-22,-2 day ahead inc hosp,quantile,0.75,391.10523959836115,COVID-19
DE-BW,00+,2022-09-24,2022-09-22,-2 day ahead inc hosp,quantile,0.9,414.03968953497514,COVID-19
DE-BW,00+,2022-09-24,2022-09-22,-2 day ahead inc hosp,quantile,0.975,422.518770587786,COVID-19
DE-BY,00+,2022-09-24,2022-09-22,-2 day ahead inc hosp,mean,,1149.159571373426,COVID-19
DE-BY,00+,2022-09-24,2022-09-22,-2 day ahead inc hosp,quantile,0.025,1081.6178022794747,COVID-19
DE-BY,00+,2022-09-24,2022-09-22,-2 day ahead inc hosp,quantile,0.1,1089.0204142138537,COVID-19
DE-BY,00+,2022-09-24,2022-09-22,-2 day ahead inc hosp,quantile,0.25,1102.98068975244,COVID-19
DE-BY,00+,2022-09-24,2022-09-22,-2 day ahead inc hosp,quantile,0.5,1138.6986290704876,COVID-19
DE-BY,00+,2022-09-24,2022-09-22,-2 day ahead inc hosp,quantile,0.75,1176.5542594676124,COVID-19
DE-BY,00+,2022-09-24,2022-09-22,-2 day ahead inc hosp,quantile,0.9,1223.7042732623818,COVID-19
DE-BY,00+,2022-09-24,2022-09-22,-2 day ahead inc hosp,quantile,0.975,1268.2841444378303,COVID-19
DE-HB,00+,2022-09-24,2022-09-22,-2 day ahead inc hosp,mean,,9.520348455251138,COVID-19
DE-HB,00+,2022-09-24,2022-09-22,-2 day ahead inc hosp,quantile,0.025,8.54951179212912,COVID-19
DE-HB,00+,2022-09-24,2022-09-22,-2 day ahead inc hosp,quantile,0.1,8.812191564,COVID-19
DE-HB,00+,2022-09-24,2022-09-22,-2 day ahead inc hosp,quantile,0.25,9.138841592261906,COVID-19
DE-HB,00+,2022-09-24,2022-09-22,-2 day ahead inc hosp,quantile,0.5,9.453360971173753,COVID-19
DE-HB,00+,2022-09-24,2022-09-22,-2 day ahead inc hosp,quantile,0.75,9.8639227533232,COVID-19
DE-HB,00+,2022-09-24,2022-09-22,-2 day ahead inc hosp,quantile,0.9,10.240129386956523,COVID-19
DE-HB,00+,2022-09-24,2022-09-22,-2 day ahead inc hosp,quantile,0.975,10.64795432569697,COVID-19
DE-HE,00+,2022-09-24,2022-09-22,-2 day ahead inc hosp,mean,,420.6632144545352,COVID-19
DE-HE,00+,2022-09-24,2022-09-22,-2 day ahead inc hosp,quantile,0.025,377.068864226303,COVID-19
DE-HE,00+,2022-09-24,2022-09-22,-2 day ahead inc hosp,quantile,0.1,390.52382876057686,COVID-19
DE-HE,00+,2022-09-24,2022-09-22,-2 day ahead inc hosp,quantile,0.25,399.6939992695675,COVID-19
DE-HE,00+,2022-09-24,2022-09-22,-2 day ahead inc hosp,quantile,0.5,414.14632715333977,COVID-19
DE-HE,00+,2022-09-24,2022-09-22,-2 day ahead inc hosp,quantile,0.75,442.1904099954335,COVID-19
DE-HE,00+,2022-09-24,2022-09-22,-2 day ahead inc hosp,quantile,0.9,454.18009125613264,COVID-19
DE-HE,00+,2022-09-24,2022-09-22,-2 day ahead inc hosp,quantile,0.975,484.5684834587441,COVID-19
DE-HH,00+,2022-09-24,2022-09-22,-2 day ahead inc hosp,mean,,56.929796008813355,COVID-19
DE-HH,00+,2022-09-24,2022-09-22,-2 day ahead inc hosp,quantile,0.025,51.2664784395593,COVID-19
DE-HH,00+,2022-09-24,2022-09-22,-2 day ahead inc hosp,quantile,0.1,52.31077316010585,COVID-19
DE-HH,00+,2022-09-24,2022-09-22,-2 day ahead inc hosp,quantile,0.25,53.36618921621762,COVID-19
DE-HH,00+,2022-09-24,2022-09-22,-2 day ahead inc hosp,quantile,0.5,56.908477019153004,COVID-19
DE-HH,00+,2022-09-24,2022-09-22,-2 day ahead inc hosp,quantile,0.75,59.19262982019851,COVID-19
DE-HH,00+,2022-09-24,2022-09-22,-2 day ahead inc hosp,quantile,0.9,63.61066473065043,COVID-19
DE-HH,00+,2022-09-24,2022-09-22,-2 day ahead inc hosp,quantile,0.975,65.11545700035947,COVID-19
DE-MV,00+,2022-09-24,2022-09-22,-2 day ahead inc hosp,mean,,158.96694799041956,COVID-19
DE-MV,00+,2022-09-24,2022-09-22,-2 day ahead inc hosp,quantile,0.025,147.62905363636264,COVID-19
DE-MV,00+,2022-09-24,2022-09-22,-2 day ahead inc hosp,quantile,0.1,149.71596225646275,COVID-19
DE-MV,00+,2022-09-24,2022-09-22,-2 day ahead inc hosp,quantile,0.25,153.04088455884082,COVID-19
DE-MV,00+,2022-09-24,2022-09-22,-2 day ahead inc hosp,quantile,0.5,156.50697376693452,COVID-19
DE-MV,00+,2022-09-24,2022-09-22,-2 day ahead inc hosp,quantile,0.75,162.8347390278201,COVID-19
DE-MV,00+,2022-09-24,2022-09-22,-2 day ahead inc hosp,quantile,0.9,169.70219900626535,COVID-19
DE-MV,00+,2022-09-24,2022-09-22,-2 day ahead inc hosp,quantile,0.975,179.2726911220961,COVID-19
DE-NI,00+,2022-09-24,2022-09-22,-2 day ahead inc hosp,mean,,234.2328463489438,COVID-19
DE-NI,00+,2022-09-24,2022-09-22,-2 day ahead inc hosp,quantile,0.025,218.09936615301055,COVID-19
DE-NI,00+,2022-09-24,2022-09-22,-2 day ahead inc hosp,quantile,0.1,221.06930898808375,COVID-19
DE-NI,00+,2022-09-24,2022-09-22,-2 day ahead inc hosp,quantile,0.25,225.4662447958849,COVID-19
DE-NI,00+,2022-09-24,2022-09-22,-2 day ahead inc hosp,quantile,0.5,232.11589535917184,COVID-19
DE-NI,00+,2022-09-24,2022-09-22,-2 day ahead inc hosp,quantile,0.75,240.8826582427617,COVID-19
DE-NI,00+,2022-09-24,2022-09-22,-2 day ahead inc hosp,quantile,0.9,249.237913232588,COVID-19
DE-NI,00+,2022-09-24,2022-09-22,-2 day ahead inc hosp,quantile,0.975,258.1874004526586,COVID-19
DE-NW,00+,2022-09-24,2022-09-22,-2 day ahead inc hosp,mean,,1145.54168214568,COVID-19
DE-NW,00+,2022-09-24,2022-09-22,-2 day ahead inc hosp,quantile,0.025,1074.0118664084791,COVID-19
DE-NW,00+,2022-09-24,2022-09-22,-2 day ahead inc hosp,quantile,0.1,1096.9743349499277,COVID-19
DE-NW,00+,2022-09-24,2022-09-22,-2 day ahead inc hosp,quantile,0.25,1108.8012639122508,COVID-19
DE-NW,00+,2022-09-24,2022-09-22,-2 day ahead inc hosp,quantile,0.5,1133.830578060446,COVID-19
DE-NW,00+,2022-09-24,2022-09-22,-2 day ahead inc hosp,quantile,0.75,1170.0215699024893,COVID-19
DE-NW,00+,2022-09-24,2022-09-22,-2 day ahead inc hosp,quantile,0.9,1224.6268646200228,COVID-19
DE-NW,00+,2022-09-24,2022-09-22,-2 day ahead inc hosp,quantile,0.975,1252.887611378505,COVID-19
DE-RP,00+,2022-09-24,2022-09-22,-2 day ahead inc hosp,mean,,392.0783131317148,COVID-19
DE-RP,00+,2022-09-24,2022-09-22,-2 day ahead inc hosp,quantile,0.025,335.64398556197204,COVID-19
DE-RP,00+,2022-09-24,2022-09-22,-2 day ahead inc hosp,quantile,0.1,359.8568673257563,COVID-19
DE-RP,00+,2022-09-24,2022-09-22,-2 day ahead inc hosp,quantile,0.25,373.1752583864553,COVID-19
DE-RP,00+,2022-09-24,2022-09-22,-2 day ahead inc hosp,quantile,0.5,386.5943209499763,COVID-19
DE-RP,00+,2022-09-24,2022-09-22,-2 day ahead inc hosp,quantile,0.75,409.2957949348609,COVID-19
DE-RP,00+,2022-09-24,2022-09-22,-2 day ahead inc hosp,quantile,0.9,434.9677728754928,COVID-19
DE-RP,00+,2022-09-24,2022-09-22,-2 day ahead inc hosp,quantile,0.975,459.78902149107864,COVID-19
DE-SH,00+,2022-09-24,2022-09-22,-2 day ahead inc hosp,mean,,183.37874366458368,COVID-19
DE-SH,00+,2022-09-24,2022-09-22,-2 day ahead inc hosp,quantile,0.025,174.19126568328386,COVID-19
DE-SH,00+,2022-09-24,2022-09-22,-2 day ahead inc hosp,quantile,0.1,176.5764584739896,COVID-19
DE-SH,00+,2022-09-24,2022-09-22,-2 day ahead inc hosp,quantile,0.25,178.59592016626434,COVID-19
DE-SH,00+,2022-09-24,2022-09-22,-2 day ahead inc hosp,quantile,0.5,181.38324101210887,COVID-19
DE-SH,00+,2022-09-24,2022-09-22,-2 day ahead inc hosp,quantile,0.75,185.93964038231823,COVID-19
DE-SH,00+,2022-09-24,2022-09-22,-2 day ahead inc hosp,quantile,0.9,193.3607822292647,COVID-19
DE-SH,00+,2022-09-24,2022-09-22,-2 day ahead inc hosp,quantile,0.975,202.10468402721241,COVID-19
DE-SL,00+,2022-09-24,2022-09-22,-2 day ahead inc hosp,mean,,98.57714128934643,COVID-19
DE-SL,00+,2022-09-24,2022-09-22,-2 day ahead inc hosp,quantile,0.025,91.69877910076391,COVID-19
DE-SL,00+,2022-09-24,2022-09-22,-2 day ahead inc hosp,quantile,0.1,92.65863722687014,COVID-19
DE-SL,00+,2022-09-24,2022-09-22,-2 day ahead inc hosp,quantile,0.25,95.33712743578846,COVID-19
DE-SL,00+,2022-09-24,2022-09-22,-2 day ahead inc hosp,quantile,0.5,97.98123493621617,COVID-19
DE-SL,00+,2022-09-24,2022-09-22,-2 day ahead inc hosp,quantile,0.75,100.13160948667908,COVID-19
DE-SL,00+,2022-09-24,2022-09-22,-2 day ahead inc hosp,quantile,0.9,103.38366209154016,COVID-19
DE-SL,00+,2022-09-24,2022-09-22,-2 day ahead inc hosp,quantile,0.975,113.07970304772881,COVID-19
DE-SN,00+,2022-09-24,2022-09-22,-2 day ahead inc hosp,mean,,377.3437869209363,COVID-19
DE-SN,00+,2022-09-24,2022-09-22,-2 day ahead inc hosp,quantile,0.025,321.69773319099625,COVID-19
DE-SN,00+,2022-09-24,2022-09-22,-2 day ahead inc hosp,quantile,0.1,332.85075705910964,COVID-19
DE-SN,00+,2022-09-24,2022-09-22,-2 day ahead inc hosp,quantile,0.25,351.19290285847165,COVID-19
DE-SN,00+,2022-09-24,2022-09-22,-2 day ahead inc hosp,quantile,0.5,371.43253405076496,COVID-19
DE-SN,00+,2022-09-24,2022-09-22,-2 day ahead inc hosp,quantile,0.75,396.12940759681084,COVID-19
DE-SN,00+,2022-09-24,2022-09-22,-2 day ahead inc hosp,quantile,0.9,430.14075515941425,COVID-19
DE-SN,00+,2022-09-24,2022-09-22,-2 day ahead inc hosp,quantile,0.975,452.50901235287915,COVID-19
DE-ST,00+,2022-09-24,2022-09-22,-2 day ahead inc hosp,mean,,201.08948584822485,COVID-19
DE-ST,00+,2022-09-24,2022-09-22,-2 day ahead inc hosp,quantile,0.025,183.72326439333162,COVID-19
DE-ST,00+,2022-09-24,2022-09-22,-2 day ahead inc hosp,quantile,0.1,187.35796281756498,COVID-19
DE-ST,00+,2022-09-24,2022-09-22,-2 day ahead inc hosp,quantile,0.25,191.06733427122367,COVID-19
DE-ST,00+,2022-09-24,2022-09-22,-2 day ahead inc hosp,quantile,0.5,197.64474956338347,COVID-19
DE-ST,00+,2022-09-24,2022-09-22,-2 day ahead inc hosp,quantile,0.75,208.65379371470192,COVID-19
DE-ST,00+,2022-09-24,2022-09-22,-2 day ahead inc hosp,quantile,0.9,220.2421315022062,COVID-19
DE-ST,00+,2022-09-24,2022-09-22,-2 day ahead inc hosp,quantile,0.975,228.53154644995854,COVID-19
DE-TH,00+,2022-09-24,2022-09-22,-2 day ahead inc hosp,mean,,164.22265578759638,COVID-19
DE-TH,00+,2022-09-24,2022-09-22,-2 day ahead inc hosp,quantile,0.025,150.1729550938514,COVID-19
DE-TH,00+,2022-09-24,2022-09-22,-2 day ahead inc hosp,quantile,0.1,155.17057782041636,COVID-19
DE-TH,00+,2022-09-24,2022-09-22,-2 day ahead inc hosp,quantile,0.25,158.440347673802,COVID-19
DE-TH,00+,2022-09-24,2022-09-22,-2 day ahead inc hosp,quantile,0.5,163.10438956059255,COVID-19
DE-TH,00+,2022-09-24,2022-09-22,-2 day ahead inc hosp,quantile,0.75,169.5297180138199,COVID-19
DE-TH,00+,2022-09-24,2022-09-22,-2 day ahead inc hosp,quantile,0.9,177.2155909955837,COVID-19
DE-TH,00+,2022-09-24,2022-09-22,-2 day ahead inc hosp,quantile,0.975,181.27459911969828,COVID-19
DE,00+,2022-09-24,2022-09-23,-1 day ahead inc hosp,mean,,5679.846906594845,COVID-19
DE,00+,2022-09-24,2022-09-23,-1 day ahead inc hosp,quantile,0.025,5332.5895557520835,COVID-19
DE,00+,2022-09-24,2022-09-23,-1 day ahead inc hosp,quantile,0.1,5402.152084233802,COVID-19
DE,00+,2022-09-24,2022-09-23,-1 day ahead inc hosp,quantile,0.25,5449.714241662588,COVID-19
DE,00+,2022-09-24,2022-09-23,-1 day ahead inc hosp,quantile,0.5,5589.03534318315,COVID-19
DE,00+,2022-09-24,2022-09-23,-1 day ahead inc hosp,quantile,0.75,5846.494650072921,COVID-19
DE,00+,2022-09-24,2022-09-23,-1 day ahead inc hosp,quantile,0.9,6202.525153623408,COVID-19
DE,00+,2022-09-24,2022-09-23,-1 day ahead inc hosp,quantile,0.975,6311.137339162501,COVID-19
DE,00-04,2022-09-24,2022-09-23,-1 day ahead inc hosp,mean,,144.2829505366977,COVID-19
DE,00-04,2022-09-24,2022-09-23,-1 day ahead inc hosp,quantile,0.025,135.10296991973237,COVID-19
DE,00-04,2022-09-24,2022-09-23,-1 day ahead inc hosp,quantile,0.1,136.97129279670835,COVID-19
DE,00-04,2022-09-24,2022-09-23,-1 day ahead inc hosp,quantile,0.25,138.812886781354,COVID-19
DE,00-04,2022-09-24,2022-09-23,-1 day ahead inc hosp,quantile,0.5,142.50145375041845,COVID-19
DE,00-04,2022-09-24,2022-09-23,-1 day ahead inc hosp,quantile,0.75,146.8138171954664,COVID-19
DE,00-04,2022-09-24,2022-09-23,-1 day ahead inc hosp,quantile,0.9,153.9553646063285,COVID-19
DE,00-04,2022-09-24,2022-09-23,-1 day ahead inc hosp,quantile,0.975,162.08576617558305,COVID-19
DE,05-14,2022-09-24,2022-09-23,-1 day ahead inc hosp,mean,,69.14319238601757,COVID-19
DE,05-14,2022-09-24,2022-09-23,-1 day ahead inc hosp,quantile,0.025,62.83214480502845,COVID-19
DE,05-14,2022-09-24,2022-09-23,-1 day ahead inc hosp,quantile,0.1,63.96440725856935,COVID-19
DE,05-14,2022-09-24,2022-09-23,-1 day ahead inc hosp,quantile,0.25,66.47951350788215,COVID-19
DE,05-14,2022-09-24,2022-09-23,-1 day ahead inc hosp,quantile,0.5,68.2919542826306,COVID-19
DE,05-14,2022-09-24,2022-09-23,-1 day ahead inc hosp,quantile,0.75,71.22548426132475,COVID-19
DE,05-14,2022-09-24,2022-09-23,-1 day ahead inc hosp,quantile,0.9,75.60483950896928,COVID-19
DE,05-14,2022-09-24,2022-09-23,-1 day ahead inc hosp,quantile,0.975,78.34501809709033,COVID-19
DE,15-34,2022-09-24,2022-09-23,-1 day ahead inc hosp,mean,,408.66716812670757,COVID-19
DE,15-34,2022-09-24,2022-09-23,-1 day ahead inc hosp,quantile,0.025,380.1174518853977,COVID-19
DE,15-34,2022-09-24,2022-09-23,-1 day ahead inc hosp,quantile,0.1,384.86355254780244,COVID-19
DE,15-34,2022-09-24,2022-09-23,-1 day ahead inc hosp,quantile,0.25,395.81254482641873,COVID-19
DE,15-34,2022-09-24,2022-09-23,-1 day ahead inc hosp,quantile,0.5,404.24735927236765,COVID-19
DE,15-34,2022-09-24,2022-09-23,-1 day ahead inc hosp,quantile,0.75,417.34113882829615,COVID-19
DE,15-34,2022-09-24,2022-09-23,-1 day ahead inc hosp,quantile,0.9,436.15058596962245,COVID-19
DE,15-34,2022-09-24,2022-09-23,-1 day ahead inc hosp,quantile,0.975,454.8996614410089,COVID-19
DE,35-59,2022-09-24,2022-09-23,-1 day ahead inc hosp,mean,,840.5611728214298,COVID-19
DE,35-59,2022-09-24,2022-09-23,-1 day ahead inc hosp,quantile,0.025,772.7982481545985,COVID-19
DE,35-59,2022-09-24,2022-09-23,-1 day ahead inc hosp,quantile,0.1,799.3566407365679,COVID-19
DE,35-59,2022-09-24,2022-09-23,-1 day ahead inc hosp,quantile,0.25,809.2073966773941,COVID-19
DE,35-59,2022-09-24,2022-09-23,-1 day ahead inc hosp,quantile,0.5,829.8262850222069,COVID-19
DE,35-59,2022-09-24,2022-09-23,-1 day ahead inc hosp,quantile,0.75,866.2110261305859,COVID-19
DE,35-59,2022-09-24,2022-09-23,-1 day ahead inc hosp,quantile,0.9,917.3345858570824,COVID-19
DE,35-59,2022-09-24,2022-09-23,-1 day ahead inc hosp,quantile,0.975,938.6710787536758,COVID-19
DE,60-79,2022-09-24,2022-09-23,-1 day ahead inc hosp,mean,,1947.174285136909,COVID-19
DE,60-79,2022-09-24,2022-09-23,-1 day ahead inc hosp,quantile,0.025,1826.984206443325,COVID-19
DE,60-79,2022-09-24,2022-09-23,-1 day ahead inc hosp,quantile,0.1,1842.418069676428,COVID-19
DE,60-79,2022-09-24,2022-09-23,-1 day ahead inc hosp,quantile,0.25,1864.4385856704646,COVID-19
DE,60-79,2022-09-24,2022-09-23,-1 day ahead inc hosp,quantile,0.5,1910.0277133889924,COVID-19
DE,60-79,2022-09-24,2022-09-23,-1 day ahead inc hosp,quantile,0.75,2014.5463140176828,COVID-19
DE,60-79,2022-09-24,2022-09-23,-1 day ahead inc hosp,quantile,0.9,2130.860917317445,COVID-19
DE,60-79,2022-09-24,2022-09-23,-1 day ahead inc hosp,quantile,0.975,2171.603637360663,COVID-19
DE,80+,2022-09-24,2022-09-23,-1 day ahead inc hosp,mean,,2211.1464920611993,COVID-19
DE,80+,2022-09-24,2022-09-23,-1 day ahead inc hosp,quantile,0.025,2074.363071884248,COVID-19
DE,80+,2022-09-24,2022-09-23,-1 day ahead inc hosp,quantile,0.1,2091.5153826185397,COVID-19
DE,80+,2022-09-24,2022-09-23,-1 day ahead inc hosp,quantile,0.25,2110.956200124198,COVID-19
DE,80+,2022-09-24,2022-09-23,-1 day ahead inc hosp,quantile,0.5,2174.245559117014,COVID-19
DE,80+,2022-09-24,2022-09-23,-1 day ahead inc hosp,quantile,0.75,2278.571290577702,COVID-19
DE,80+,2022-09-24,2022-09-23,-1 day ahead inc hosp,quantile,0.9,2411.915757321077,COVID-19
DE,80+,2022-09-24,2022-09-23,-1 day ahead inc hosp,quantile,0.975,2470.09705218523,COVID-19
DE-BB,00+,2022-09-24,2022-09-23,-1 day ahead inc hosp,mean,,203.6214220056738,COVID-19
DE-BB,00+,2022-09-24,2022-09-23,-1 day ahead inc hosp,quantile,0.025,186.63955079535708,COVID-19
DE-BB,00+,2022-09-24,2022-09-23,-1 day ahead inc hosp,quantile,0.1,190.76152809012984,COVID-19
DE-BB,00+,2022-09-24,2022-09-23,-1 day ahead inc hosp,quantile,0.25,194.76977819008854,COVID-19
DE-BB,00+,2022-09-24,2022-09-23,-1 day ahead inc hosp,quantile,0.5,201.0070914775971,COVID-19
DE-BB,00+,2022-09-24,2022-09-23,-1 day ahead inc hosp,quantile,0.75,208.94919054427834,COVID-19
DE-BB,00+,2022-09-24,2022-09-23,-1 day ahead inc hosp,quantile,0.9,220.84639775854907,COVID-19
DE-BB,00+,2022-09-24,2022-09-23,-1 day ahead inc hosp,quantile,0.975,232.45290341063864,COVID-19
DE-BE,00+,2022-09-24,2022-09-23,-1 day ahead inc hosp,mean,,223.78319816436579,COVID-19
DE-BE,00+,2022-09-24,2022-09-23,-1 day ahead inc hosp,quantile,0.025,197.52756481323502,COVID-19
DE-BE,00+,2022-09-24,2022-09-23,-1 day ahead inc hosp,quantile,0.1,201.0476166182198,COVID-19
DE-BE,00+,2022-09-24,2022-09-23,-1 day ahead inc hosp,quantile,0.25,209.3715712643704,COVID-19
DE-BE,00+,2022-09-24,2022-09-23,-1 day ahead inc hosp,quantile,0.5,220.6585356513635,COVID-19
DE-BE,00+,2022-09-24,2022-09-23,-1 day ahead inc hosp,quantile,0.75,234.68001513862214,COVID-19
DE-BE,00+,2022-09-24,2022-09-23,-1 day ahead inc hosp,quantile,0.9,250.80551120794757,COVID-19
DE-BE,00+,2022-09-24,2022-09-23,-1 day ahead inc hosp,quantile,0.975,271.41014716501775,COVID-19
DE-BW,00+,2022-09-24,2022-09-23,-1 day ahead inc hosp,mean,,425.2500723913043,COVID-19
DE-BW,00+,2022-09-24,2022-09-23,-1 day ahead inc hosp,quantile,0.025,395.9522511080739,COVID-19
DE-BW,00+,2022-09-24,2022-09-23,-1 day ahead inc hosp,quantile,0.1,400.6082866737288,COVID-19
DE-BW,00+,2022-09-24,2022-09-23,-1 day ahead inc hosp,quantile,0.25,405.783636572197,COVID-19
DE-BW,00+,2022-09-24,2022-09-23,-1 day ahead inc hosp,quantile,0.5,416.7459881605289,COVID-19
DE-BW,00+,2022-09-24,2022-09-23,-1 day ahead inc hosp,quantile,0.75,437.8898850031835,COVID-19
DE-BW,00+,2022-09-24,2022-09-23,-1 day ahead inc hosp,quantile,0.9,470.6093668326577,COVID-19
DE-BW,00+,2022-09-24,2022-09-23,-1 day ahead inc hosp,quantile,0.975,480.9840418642034,COVID-19
DE-BY,00+,2022-09-24,2022-09-23,-1 day ahead inc hosp,mean,,1202.607612540153,COVID-19
DE-BY,00+,2022-09-24,2022-09-23,-1 day ahead inc hosp,quantile,0.025,1124.1402023610506,COVID-19
DE-BY,00+,2022-09-24,2022-09-23,-1 day ahead inc hosp,quantile,0.1,1132.9045375365126,COVID-19
DE-BY,00+,2022-09-24,2022-09-23,-1 day ahead inc hosp,quantile,0.25,1147.277717281905,COVID-19
DE-BY,00+,2022-09-24,2022-09-23,-1 day ahead inc hosp,quantile,0.5,1187.671745901198,COVID-19
DE-BY,00+,2022-09-24,2022-09-23,-1 day ahead inc hosp,quantile,0.75,1237.7645098208552,COVID-19
DE-BY,00+,2022-09-24,2022-09-23,-1 day ahead inc hosp,quantile,0.9,1304.0762374740304,COVID-19
DE-BY,00+,2022-09-24,2022-09-23,-1 day ahead inc hosp,quantile,0.975,1347.6119100862904,COVID-19
DE-HB,00+,2022-09-24,2022-09-23,-1 day ahead inc hosp,mean,,9.045390721867625,COVID-19
DE-HB,00+,2022-09-24,2022-09-23,-1 day ahead inc hosp,quantile,0.025,7.940604133821429,COVID-19
DE-HB,00+,2022-09-24,2022-09-23,-1 day ahead inc hosp,quantile,0.1,8.130061373902699,COVID-19
DE-HB,00+,2022-09-24,2022-09-23,-1 day ahead inc hosp,quantile,0.25,8.565487930833331,COVID-19
DE-HB,00+,2022-09-24,2022-09-23,-1 day ahead inc hosp,quantile,0.5,8.944290618143452,COVID-19
DE-HB,00+,2022-09-24,2022-09-23,-1 day ahead inc hosp,quantile,0.75,9.479403512004518,COVID-19
DE-HB,00+,2022-09-24,2022-09-23,-1 day ahead inc hosp,quantile,0.9,9.964007663116881,COVID-19
DE-HB,00+,2022-09-24,2022-09-23,-1 day ahead inc hosp,quantile,0.975,10.485403705690976,COVID-19
DE-HE,00+,2022-09-24,2022-09-23,-1 day ahead inc hosp,mean,,435.64947608322046,COVID-19
DE-HE,00+,2022-09-24,2022-09-23,-1 day ahead inc hosp,quantile,0.025,393.4400221281409,COVID-19
DE-HE,00+,2022-09-24,2022-09-23,-1 day ahead inc hosp,quantile,0.1,402.84333186526993,COVID-19
DE-HE,00+,2022-09-24,2022-09-23,-1 day ahead inc hosp,quantile,0.25,409.80058369795796,COVID-19
DE-HE,00+,2022-09-24,2022-09-23,-1 day ahead inc hosp,quantile,0.5,425.70897535091126,COVID-19
DE-HE,00+,2022-09-24,2022-09-23,-1 day ahead inc hosp,quantile,0.75,462.1746634285653,COVID-19
DE-HE,00+,2022-09-24,2022-09-23,-1 day ahead inc hosp,quantile,0.9,476.66333407695936,COVID-19
DE-HE,00+,2022-09-24,2022-09-23,-1 day ahead inc hosp,quantile,0.975,501.63861214518596,COVID-19
DE-HH,00+,2022-09-24,2022-09-23,-1 day ahead inc hosp,mean,,53.96228705043342,COVID-19
DE-HH,00+,2022-09-24,2022-09-23,-1 day ahead inc hosp,quantile,0.025,47.632350240315404,COVID-19
DE-HH,00+,2022-09-24,2022-09-23,-1 day ahead inc hosp,quantile,0.1,48.668211280719966,COVID-19
DE-HH,00+,2022-09-24,2022-09-23,-1 day ahead inc hosp,quantile,0.25,49.720164334373415,COVID-19
DE-HH,00+,2022-09-24,2022-09-23,-1 day ahead inc hosp,quantile,0.5,53.00375993992243,COVID-19
DE-HH,00+,2022-09-24,2022-09-23,-1 day ahead inc hosp,quantile,0.75,56.32351489213741,COVID-19
DE-HH,00+,2022-09-24,2022-09-23,-1 day ahead inc hosp,quantile,0.9,61.86371088209971,COVID-19
DE-HH,00+,2022-09-24,2022-09-23,-1 day ahead inc hosp,quantile,0.975,64.76993186565359,COVID-19
DE-MV,00+,2022-09-24,2022-09-23,-1 day ahead inc hosp,mean,,158.57225066927955,COVID-19
DE-MV,00+,2022-09-24,2022-09-23,-1 day ahead inc hosp,quantile,0.025,143.72659552717093,COVID-19
DE-MV,00+,2022-09-24,2022-09-23,-1 day ahead inc hosp,quantile,0.1,146.4946463975366,COVID-19
DE-MV,00+,2022-09-24,2022-09-23,-1 day ahead inc hosp,quantile,0.25,149.80203788456694,COVID-19
DE-MV,00+,2022-09-24,2022-09-23,-1 day ahead inc hosp,quantile,0.5,155.35636571341706,COVID-19
DE-MV,00+,2022-09-24,2022-09-23,-1 day ahead inc hosp,quantile,0.75,163.43267918923118,COVID-19
DE-MV,00+,2022-09-24,2022-09-23,-1 day ahead inc hosp,quantile,0.9,172.44951531752432,COVID-19
DE-MV,00+,2022-09-24,2022-09-23,-1 day ahead inc hosp,quantile,0.975,192.32642489557176,COVID-19
DE-NI,00+,2022-09-24,2022-09-23,-1 day ahead inc hosp,mean,,249.79551295515336,COVID-19
DE-NI,00+,2022-09-24,2022-09-23,-1 day ahead inc hosp,quantile,0.025,229.5993662697761,COVID-19
DE-NI,00+,2022-09-24,2022-09-23,-1 day ahead inc hosp,quantile,0.1,232.81933756440324,COVID-19
DE-NI,00+,2022-09-24,2022-09-23,-1 day ahead inc hosp,quantile,0.25,239.06867985075502,COVID-19
DE-NI,00+,2022-09-24,2022-09-23,-1 day ahead inc hosp,quantile,0.5,247.99823038154378,COVID-19
DE-NI,00+,2022-09-24,2022-09-23,-1 day ahead inc hosp,quantile,0.75,259.76575873883695,COVID-19
DE-NI,00+,2022-09-24,2022-09-23,-1 day ahead inc hosp,quantile,0.9,268.3062346296005,COVID-19
DE-NI,00+,2022-09-24,2022-09-23,-1 day ahead inc hosp,quantile,0.975,276.1780439831918,COVID-19
DE-NW,00+,2022-09-24,2022-09-23,-1 day ahead inc hosp,mean,,1225.7717971338318,COVID-19
DE-NW,00+,2022-09-24,2022-09-23,-1 day ahead inc hosp,quantile,0.025,1137.484388479218,COVID-19
DE-NW,00+,2022-09-24,2022-09-23,-1 day ahead inc hosp,quantile,0.1,1163.8317781875976,COVID-19
DE-NW,00+,2022-09-24,2022-09-23,-1 day ahead inc hosp,quantile,0.25,1178.5635582389953,COVID-19
DE-NW,00+,2022-09-24,2022-09-23,-1 day ahead inc hosp,quantile,0.5,1210.2402841207936,COVID-19
DE-NW,00+,2022-09-24,2022-09-23,-1 day ahead inc hosp,quantile,0.75,1250.7329797888926,COVID-19
DE-NW,00+,2022-09-24,2022-09-23,-1 day ahead inc hosp,quantile,0.9,1328.0318999092153,COVID-19
DE-NW,00+,2022-09-24,2022-09-23,-1 day ahead inc hosp,quantile,0.975,1378.0035498436855,COVID-19
DE-RP,00+,2022-09-24,2022-09-23,-1 day ahead inc hosp,mean,,421.5315937978627,COVID-19
DE-RP,00+,2022-09-24,2022-09-23,-1 day ahead inc hosp,quantile,0.025,364.6424090592259,COVID-19
DE-RP,00+,2022-09-24,2022-09-23,-1 day ahead inc hosp,quantile,0.1,384.96842534698067,COVID-19
DE-RP,00+,2022-09-24,2022-09-23,-1 day ahead inc hosp,quantile,0.25,398.16071320712484,COVID-19
DE-RP,00+,2022-09-24,2022-09-23,-1 day ahead inc hosp,quantile,0.5,413.3301241605389,COVID-19
DE-RP,00+,2022-09-24,2022-09-23,-1 day ahead inc hosp,quantile,0.75,437.0542793330415,COVID-19
DE-RP,00+,2022-09-24,2022-09-23,-1 day ahead inc hosp,quantile,0.9,477.91736760355536,COVID-19
DE-RP,00+,2022-09-24,2022-09-23,-1 day ahead inc hosp,quantile,0.975,499.1802692494042,COVID-19
DE-SH,00+,2022-09-24,2022-09-23,-1 day ahead inc hosp,mean,,187.4986617893097,COVID-19
DE-SH,00+,2022-09-24,2022-09-23,-1 day ahead inc hosp,quantile,0.025,175.12126144307982,COVID-19
DE-SH,00+,2022-09-24,2022-09-23,-1 day ahead inc hosp,quantile,0.1,177.46004662963418,COVID-19
DE-SH,00+,2022-09-24,2022-09-23,-1 day ahead inc hosp,quantile,0.25,180.61617064680573,COVID-19
DE-SH,00+,2022-09-24,2022-09-23,-1 day ahead inc hosp,quantile,0.5,185.06169240123916,COVID-19
DE-SH,00+,2022-09-24,2022-09-23,-1 day ahead inc hosp,quantile,0.75,190.84597534026878,COVID-19
DE-SH,00+,2022-09-24,2022-09-23,-1 day ahead inc hosp,quantile,0.9,201.50966018826935,COVID-19
DE-SH,00+,2022-09-24,2022-09-23,-1 day ahead inc hosp,quantile,0.975,212.12283115924106,COVID-19
DE-SL,00+,2022-09-24,2022-09-23,-1 day ahead inc hosp,mean,,115.78731184356478,COVID-19
DE-SL,00+,2022-09-24,2022-09-23,-1 day ahead inc hosp,quantile,0.025,106.54941712279523,COVID-19
DE-SL,00+,2022-09-24,2022-09-23,-1 day ahead inc hosp,quantile,0.1,107.74790752731417,COVID-19
DE-SL,00+,2022-09-24,2022-09-23,-1 day ahead inc hosp,quantile,0.25,111.65925392038393,COVID-19
DE-SL,00+,2022-09-24,2022-09-23,-1 day ahead inc hosp,quantile,0.5,114.48059053916235,COVID-19
DE-SL,00+,2022-09-24,2022-09-23,-1 day ahead inc hosp,quantile,0.75,118.00728091317966,COVID-19
DE-SL,00+,2022-09-24,2022-09-23,-1 day ahead inc hosp,quantile,0.9,122.86148561506498,COVID-19
DE-SL,00+,2022-09-24,2022-09-23,-1 day ahead inc hosp,quantile,0.975,134.91297390406783,COVID-19
DE-SN,00+,2022-09-24,2022-09-23,-1 day ahead inc hosp,mean,,427.5659229958568,COVID-19
DE-SN,00+,2022-09-24,2022-09-23,-1 day ahead inc hosp,quantile,0.025,353.603042783054,COVID-19
DE-SN,00+,2022-09-24,2022-09-23,-1 day ahead inc hosp,quantile,0.1,369.93252115854415,COVID-19
DE-SN,00+,2022-09-24,2022-09-23,-1 day ahead inc hosp,quantile,0.25,390.26807875029743,COVID-19
DE-SN,00+,2022-09-24,2022-09-23,-1 day ahead inc hosp,quantile,0.5,420.43031276637544,COVID-19
DE-SN,00+,2022-09-24,2022-09-23,-1 day ahead inc hosp,quantile,0.75,454.76961213307374,COVID-19
DE-SN,00+,2022-09-24,2022-09-23,-1 day ahead inc hosp,quantile,0.9,495.57084352861796,COVID-19
DE-SN,00+,2022-09-24,2022-09-23,-1 day ahead inc hosp,quantile,0.975,520.4437896780117,COVID-19
DE-ST,00+,2022-09-24,2022-09-23,-1 day ahead inc hosp,mean,,220.89177599020618,COVID-19
DE-ST,00+,2022-09-24,2022-09-23,-1 day ahead inc hosp,quantile,0.025,201.1029243222864,COVID-19
DE-ST,00+,2022-09-24,2022-09-23,-1 day ahead inc hosp,quantile,0.1,204.2861555753915,COVID-19
DE-ST,00+,2022-09-24,2022-09-23,-1 day ahead inc hosp,quantile,0.25,207.939293113057,COVID-19
DE-ST,00+,2022-09-24,2022-09-23,-1 day ahead inc hosp,quantile,0.5,217.69807355609782,COVID-19
DE-ST,00+,2022-09-24,2022-09-23,-1 day ahead inc hosp,quantile,0.75,230.46568344520702,COVID-19
DE-ST,00+,2022-09-24,2022-09-23,-1 day ahead inc hosp,quantile,0.9,243.52619145888266,COVID-19
DE-ST,00+,2022-09-24,2022-09-23,-1 day ahead inc hosp,quantile,0.975,251.91353077375265,COVID-19
DE-TH,00+,2022-09-24,2022-09-23,-1 day ahead inc hosp,mean,,173.68376052993918,COVID-19
DE-TH,00+,2022-09-24,2022-09-23,-1 day ahead inc hosp,quantile,0.025,156.2026072838455,COVID-19
DE-TH,00+,2022-09-24,2022-09-23,-1 day ahead inc hosp,quantile,0.1,163.32390765268576,COVID-19
DE-TH,00+,2022-09-24,2022-09-23,-1 day ahead inc hosp,quantile,0.25,167.85995402693842,COVID-19
DE-TH,00+,2022-09-24,2022-09-23,-1 day ahead inc hosp,quantile,0.5,171.39409618316296,COVID-19
DE-TH,00+,2022-09-24,2022-09-23,-1 day ahead inc hosp,quantile,0.75,180.4405698936705,COVID-19
DE-TH,00+,2022-09-24,2022-09-23,-1 day ahead inc hosp,quantile,0.9,189.669401291774,COVID-19
DE-TH,00+,2022-09-24,2022-09-23,-1 day ahead inc hosp,quantile,0.975,193.3996787798946,COVID-19
DE,00+,2022-09-24,2022-09-24,0 day ahead inc hosp,mean,,6079.966942243294,COVID-19
DE,00+,2022-09-24,2022-09-24,0 day ahead inc hosp,quantile,0.025,5693.590618410225,COVID-19
DE,00+,2022-09-24,2022-09-24,0 day ahead inc hosp,quantile,0.1,5765.36339961702,COVID-19
DE,00+,2022-09-24,2022-09-24,0 day ahead inc hosp,quantile,0.25,5833.298277659567,COVID-19
DE,00+,2022-09-24,2022-09-24,0 day ahead inc hosp,quantile,0.5,5988.3154279719665,COVID-19
DE,00+,2022-09-24,2022-09-24,0 day ahead inc hosp,quantile,0.75,6242.2452845837415,COVID-19
DE,00+,2022-09-24,2022-09-24,0 day ahead inc hosp,quantile,0.9,6597.163481555006,COVID-19
DE,00+,2022-09-24,2022-09-24,0 day ahead inc hosp,quantile,0.975,6818.250863076592,COVID-19
DE,00-04,2022-09-24,2022-09-24,0 day ahead inc hosp,mean,,154.37283714968257,COVID-19
DE,00-04,2022-09-24,2022-09-24,0 day ahead inc hosp,quantile,0.025,142.5866927670725,COVID-19
DE,00-04,2022-09-24,2022-09-24,0 day ahead inc hosp,quantile,0.1,144.97195574126303,COVID-19
DE,00-04,2022-09-24,2022-09-24,0 day ahead inc hosp,quantile,0.25,147.97891247415714,COVID-19
DE,00-04,2022-09-24,2022-09-24,0 day ahead inc hosp,quantile,0.5,152.6035051051775,COVID-19
DE,00-04,2022-09-24,2022-09-24,0 day ahead inc hosp,quantile,0.75,157.4724639640113,COVID-19
DE,00-04,2022-09-24,2022-09-24,0 day ahead inc hosp,quantile,0.9,165.49226523556325,COVID-19
DE,00-04,2022-09-24,2022-09-24,0 day ahead inc hosp,quantile,0.975,176.84585716791693,COVID-19
DE,05-14,2022-09-24,2022-09-24,0 day ahead inc hosp,mean,,68.75502944389818,COVID-19
DE,05-14,2022-09-24,2022-09-24,0 day ahead inc hosp,quantile,0.025,62.12125796865509,COVID-19
DE,05-14,2022-09-24,2022-09-24,0 day ahead inc hosp,quantile,0.1,63.25509669375814,COVID-19
DE,05-14,2022-09-24,2022-09-24,0 day ahead inc hosp,quantile,0.25,65.70425749420983,COVID-19
DE,05-14,2022-09-24,2022-09-24,0 day ahead inc hosp,quantile,0.5,67.80495697548437,COVID-19
DE,05-14,2022-09-24,2022-09-24,0 day ahead inc hosp,quantile,0.75,70.32519788727103,COVID-19
DE,05-14,2022-09-24,2022-09-24,0 day ahead inc hosp,quantile,0.9,76.14072122152635,COVID-19
DE,05-14,2022-09-24,2022-09-24,0 day ahead inc hosp,quantile,0.975,79.67997322754889,COVID-19
DE,15-34,2022-09-24,2022-09-24,0 day ahead inc hosp,mean,,429.4281140597418,COVID-19
DE,15-34,2022-09-24,2022-09-24,0 day ahead inc hosp,quantile,0.025,394.8668263075469,COVID-19
DE,15-34,2022-09-24,2022-09-24,0 day ahead inc hosp,quantile,0.1,402.6806112078251,COVID-19
DE,15-34,2022-09-24,2022-09-24,0 day ahead inc hosp,quantile,0.25,414.21910837369967,COVID-19
DE,15-34,2022-09-24,2022-09-24,0 day ahead inc hosp,quantile,0.5,424.23082140255326,COVID-19
DE,15-34,2022-09-24,2022-09-24,0 day ahead inc hosp,quantile,0.75,443.1007018609164,COVID-19
DE,15-34,2022-09-24,2022-09-24,0 day ahead inc hosp,quantile,0.9,459.8850132582892,COVID-19
DE,15-34,2022-09-24,2022-09-24,0 day ahead inc hosp,quantile,0.975,481.2181129295442,COVID-19
DE,35-59,2022-09-24,2022-09-24,0 day ahead inc hosp,mean,,881.8229217187137,COVID-19
DE,35-59,2022-09-24,2022-09-24,0 day ahead inc hosp,quantile,0.025,816.5551810841127,COVID-19
DE,35-59,2022-09-24,2022-09-24,0 day ahead inc hosp,quantile,0.1,837.1869490210523,COVID-19
DE,35-59,2022-09-24,2022-09-24,0 day ahead inc hosp,quantile,0.25,849.9848967420627,COVID-19
DE,35-59,2022-09-24,2022-09-24,0 day ahead inc hosp,quantile,0.5,872.3570751443726,COVID-19
DE,35-59,2022-09-24,2022-09-24,0 day ahead inc hosp,quantile,0.75,905.2218722405471,COVID-19
DE,35-59,2022-09-24,2022-09-24,0 day ahead inc hosp,quantile,0.9,957.1137259682247,COVID-19
DE,35-59,2022-09-24,2022-09-24,0 day ahead inc hosp,quantile,0.975,980.6764898934035,COVID-19
DE,60-79,2022-09-24,2022-09-24,0 day ahead inc hosp,mean,,2103.800518991947,COVID-19
DE,60-79,2022-09-24,2022-09-24,0 day ahead inc hosp,quantile,0.025,1960.926863964886,COVID-19
DE,60-79,2022-09-24,2022-09-24,0 day ahead inc hosp,quantile,0.1,1979.0943406847498,COVID-19
DE,60-79,2022-09-24,2022-09-24,0 day ahead inc hosp,quantile,0.25,2009.8361826232601,COVID-19
DE,60-79,2022-09-24,2022-09-24,0 day ahead inc hosp,quantile,0.5,2068.5044326491416,COVID-19
DE,60-79,2022-09-24,2022-09-24,0 day ahead inc hosp,quantile,0.75,2164.9674360299546,COVID-19
DE,60-79,2022-09-24,2022-09-24,0 day ahead inc hosp,quantile,0.9,2301.9892754439747,COVID-19
DE,60-79,2022-09-24,2022-09-24,0 day ahead inc hosp,quantile,0.975,2379.4206247819475,COVID-19
DE,80+,2022-09-24,2022-09-24,0 day ahead inc hosp,mean,,2382.5295769200025,COVID-19
DE,80+,2022-09-24,2022-09-24,0 day ahead inc hosp,quantile,0.025,2230.6396558910433,COVID-19
DE,80+,2022-09-24,2022-09-24,0 day ahead inc hosp,quantile,0.1,2249.818943598153,COVID-19
DE,80+,2022-09-24,2022-09-24,0 day ahead inc hosp,quantile,0.25,2272.582192659283,COVID-19
DE,80+,2022-09-24,2022-09-24,0 day ahead inc hosp,quantile,0.5,2346.7028487301395,COVID-19
DE,80+,2022-09-24,2022-09-24,0 day ahead inc hosp,quantile,0.75,2452.1672535557077,COVID-19
DE,80+,2022-09-24,2022-09-24,0 day ahead inc hosp,quantile,0.9,2583.972510422264,COVID-19
DE,80+,2022-09-24,2022-09-24,0 day ahead inc hosp,quantile,0.975,2695.5678605870935,COVID-19
DE-BB,00+,2022-09-24,2022-09-24,0 day ahead inc hosp,mean,,210.6490539218648,COVID-19
DE-BB,00+,2022-09-24,2022-09-24,0 day ahead inc hosp,quantile,0.025,190.72248250387815,COVID-19
DE-BB,00+,2022-09-24,2022-09-24,0 day ahead inc hosp,quantile,0.1,195.623565471875,COVID-19
DE-BB,00+,2022-09-24,2022-09-24,0 day ahead inc hosp,quantile,0.25,199.66847722600792,COVID-19
DE-BB,00+,2022-09-24,2022-09-24,0 day ahead inc hosp,quantile,0.5,207.5734605838111,COVID-19
DE-BB,00+,2022-09-24,2022-09-24,0 day ahead inc hosp,quantile,0.75,218.31559713137318,COVID-19
DE-BB,00+,2022-09-24,2022-09-24,0 day ahead inc hosp,quantile,0.9,229.8269717884028,COVID-19
DE-BB,00+,2022-09-24,2022-09-24,0 day ahead inc hosp,quantile,0.975,241.49993291415993,COVID-19
DE-BE,00+,2022-09-24,2022-09-24,0 day ahead inc hosp,mean,,242.65647008668412,COVID-19
DE-BE,00+,2022-09-24,2022-09-24,0 day ahead inc hosp,quantile,0.025,211.96545988728553,COVID-19
DE-BE,00+,2022-09-24,2022-09-24,0 day ahead inc hosp,quantile,0.1,216.23554893419427,COVID-19
DE-BE,00+,2022-09-24,2022-09-24,0 day ahead inc hosp,quantile,0.25,225.8585060750018,COVID-19
DE-BE,00+,2022-09-24,2022-09-24,0 day ahead inc hosp,quantile,0.5,236.73628145071385,COVID-19
DE-BE,00+,2022-09-24,2022-09-24,0 day ahead inc hosp,quantile,0.75,257.2963750118644,COVID-19
DE-BE,00+,2022-09-24,2022-09-24,0 day ahead inc hosp,quantile,0.9,277.57400073112217,COVID-19
DE-BE,00+,2022-09-24,2022-09-24,0 day ahead inc hosp,quantile,0.975,293.79252281442996,COVID-19
DE-BW,00+,2022-09-24,2022-09-24,0 day ahead inc hosp,mean,,472.68658229702794,COVID-19
DE-BW,00+,2022-09-24,2022-09-24,0 day ahead inc hosp,quantile,0.025,437.51478421714125,COVID-19
DE-BW,00+,2022-09-24,2022-09-24,0 day ahead inc hosp,quantile,0.1,442.68974405481543,COVID-19
DE-BW,00+,2022-09-24,2022-09-24,0 day ahead inc hosp,quantile,0.25,451.28337827563286,COVID-19
DE-BW,00+,2022-09-24,2022-09-24,0 day ahead inc hosp,quantile,0.5,464.0120212349235,COVID-19
DE-BW,00+,2022-09-24,2022-09-24,0 day ahead inc hosp,quantile,0.75,487.7337052791684,COVID-19
DE-BW,00+,2022-09-24,2022-09-24,0 day ahead inc hosp,quantile,0.9,521.4121991389718,COVID-19
DE-BW,00+,2022-09-24,2022-09-24,0 day ahead inc hosp,quantile,0.975,534.6213678275836,COVID-19
DE-BY,00+,2022-09-24,2022-09-24,0 day ahead inc hosp,mean,,1277.4830212667273,COVID-19
DE-BY,00+,2022-09-24,2022-09-24,0 day ahead inc hosp,quantile,0.025,1184.017261254778,COVID-19
DE-BY,00+,2022-09-24,2022-09-24,0 day ahead inc hosp,quantile,0.1,1198.1203345186111,COVID-19
DE-BY,00+,2022-09-24,2022-09-24,0 day ahead inc hosp,quantile,0.25,1213.164741020279,COVID-19
DE-BY,00+,2022-09-24,2022-09-24,0 day ahead inc hosp,quantile,0.5,1257.614902167462,COVID-19
DE-BY,00+,2022-09-24,2022-09-24,0 day ahead inc hosp,quantile,0.75,1309.0540902272928,COVID-19
DE-BY,00+,2022-09-24,2022-09-24,0 day ahead inc hosp,quantile,0.9,1390.1408011254707,COVID-19
DE-BY,00+,2022-09-24,2022-09-24,0 day ahead inc hosp,quantile,0.975,1475.6406457614798,COVID-19
DE-HB,00+,2022-09-24,2022-09-24,0 day ahead inc hosp,mean,,9.932367423352488,COVID-19
DE-HB,00+,2022-09-24,2022-09-24,0 day ahead inc hosp,quantile,0.025,8.06705952698985,COVID-19
DE-HB,00+,2022-09-24,2022-09-24,0 day ahead inc hosp,quantile,0.1,8.475441440136223,COVID-19
DE-HB,00+,2022-09-24,2022-09-24,0 day ahead inc hosp,quantile,0.25,9.11233807872807,COVID-19
DE-HB,00+,2022-09-24,2022-09-24,0 day ahead inc hosp,quantile,0.5,9.748631681621712,COVID-19
DE-HB,00+,2022-09-24,2022-09-24,0 day ahead inc hosp,quantile,0.75,10.561202607532467,COVID-19
DE-HB,00+,2022-09-24,2022-09-24,0 day ahead inc hosp,quantile,0.9,11.407603161262566,COVID-19
DE-HB,00+,2022-09-24,2022-09-24,0 day ahead inc hosp,quantile,0.975,12.730174414357641,COVID-19
DE-HE,00+,2022-09-24,2022-09-24,0 day ahead inc hosp,mean,,454.1730946589998,COVID-19
DE-HE,00+,2022-09-24,2022-09-24,0 day ahead inc hosp,quantile,0.025,412.85753380879777,COVID-19
DE-HE,00+,2022-09-24,2022-09-24,0 day ahead inc hosp,quantile,0.1,417.5847277155459,COVID-19
DE-HE,00+,2022-09-24,2022-09-24,0 day ahead inc hosp,quantile,0.25,424.88429142075404,COVID-19
DE-HE,00+,2022-09-24,2022-09-24,0 day ahead inc hosp,quantile,0.5,441.62713001683727,COVID-19
DE-HE,00+,2022-09-24,2022-09-24,0 day ahead inc hosp,quantile,0.75,483.3990905204846,COVID-19
DE-HE,00+,2022-09-24,2022-09-24,0 day ahead inc hosp,quantile,0.9,501.96809427382027,COVID-19
DE-HE,00+,2022-09-24,2022-09-24,0 day ahead inc hosp,quantile,0.975,524.3265424767686,COVID-19
DE-HH,00+,2022-09-24,2022-09-24,0 day ahead inc hosp,mean,,53.78923158161044,COVID-19
DE-HH,00+,2022-09-24,2022-09-24,0 day ahead inc hosp,quantile,0.025,46.355683708588984,COVID-19
DE-HH,00+,2022-09-24,2022-09-24,0 day ahead inc hosp,quantile,0.1,47.4304282406048,COVID-19
DE-HH,00+,2022-09-24,2022-09-24,0 day ahead inc hosp,quantile,0.25,48.88044149898819,COVID-19
DE-HH,00+,2022-09-24,2022-09-24,0 day ahead inc hosp,quantile,0.5,52.034782119632574,COVID-19
DE-HH,00+,2022-09-24,2022-09-24,0 day ahead inc hosp,quantile,0.75,56.64264006857419,COVID-19
DE-HH,00+,2022-09-24,2022-09-24,0 day ahead inc hosp,quantile,0.9,63.269991585822424,COVID-19
DE-HH,00+,2022-09-24,2022-09-24,0 day ahead inc hosp,quantile,0.975,68.04321143836964,COVID-19
DE-MV,00+,2022-09-24,2022-09-24,0 day ahead inc hosp,mean,,163.21610589694743,COVID-19
DE-MV,00+,2022-09-24,2022-09-24,0 day ahead inc hosp,quantile,0.025,142.93532236291003,COVID-19
DE-MV,00+,2022-09-24,2022-09-24,0 day ahead inc hosp,quantile,0.1,146.57684619888093,COVID-19
DE-MV,00+,2022-09-24,2022-09-24,0 day ahead inc hosp,quantile,0.25,153.5140213994752,COVID-19
DE-MV,00+,2022-09-24,2022-09-24,0 day ahead inc hosp,quantile,0.5,159.651451594298,COVID-19
DE-MV,00+,2022-09-24,2022-09-24,0 day ahead inc hosp,quantile,0.75,168.706770236863,COVID-19
DE-MV,00+,2022-09-24,2022-09-24,0 day ahead inc hosp,quantile,0.9,180.88496095142392,COVID-19
DE-MV,00+,2022-09-24,2022-09-24,0 day ahead inc hosp,quantile,0.975,207.75249695134357,COVID-19
DE-NI,00+,2022-09-24,2022-09-24,0 day ahead inc hosp,mean,,269.26571728677004,COVID-19
DE-NI,00+,2022-09-24,2022-09-24,0 day ahead inc hosp,quantile,0.025,241.91522516610934,COVID-19
DE-NI,00+,2022-09-24,2022-09-24,0 day ahead inc hosp,quantile,0.1,247.50394727796825,COVID-19
DE-NI,00+,2022-09-24,2022-09-24,0 day ahead inc hosp,quantile,0.25,256.06472681385526,COVID-19
DE-NI,00+,2022-09-24,2022-09-24,0 day ahead inc hosp,quantile,0.5,268.1280002674521,COVID-19
DE-NI,00+,2022-09-24,2022-09-24,0 day ahead inc hosp,quantile,0.75,280.9427783417015,COVID-19
DE-NI,00+,2022-09-24,2022-09-24,0 day ahead inc hosp,quantile,0.9,290.61834044159724,COVID-19
DE-NI,00+,2022-09-24,2022-09-24,0 day ahead inc hosp,quantile,0.975,303.6410372905842,COVID-19
DE-NW,00+,2022-09-24,2022-09-24,0 day ahead inc hosp,mean,,1310.985194642256,COVID-19
DE-NW,00+,2022-09-24,2022-09-24,0 day ahead inc hosp,quantile,0.025,1199.6671636022093,COVID-19
DE-NW,00+,2022-09-24,2022-09-24,0 day ahead inc hosp,quantile,0.1,1231.7559285098328,COVID-19
DE-NW,00+,2022-09-24,2022-09-24,0 day ahead inc hosp,quantile,0.25,1254.294948258109,COVID-19
DE-NW,00+,2022-09-24,2022-09-24,0 day ahead inc hosp,quantile,0.5,1303.694131830575,COVID-19
DE-NW,00+,2022-09-24,2022-09-24,0 day ahead inc hosp,quantile,0.75,1341.9945078551077,COVID-19
DE-NW,00+,2022-09-24,2022-09-24,0 day ahead inc hosp,quantile,0.9,1418.4603888407446,COVID-19
DE-NW,00+,2022-09-24,2022-09-24,0 day ahead inc hosp,quantile,0.975,1482.9051507460258,COVID-19
DE-RP,00+,2022-09-24,2022-09-24,0 day ahead inc hosp,mean,,441.5075241479175,COVID-19
DE-RP,00+,2022-09-24,2022-09-24,0 day ahead inc hosp,quantile,0.025,382.681058460793,COVID-19
DE-RP,00+,2022-09-24,2022-09-24,0 day ahead inc hosp,quantile,0.1,401.6325733955752,COVID-19
DE-RP,00+,2022-09-24,2022-09-24,0 day ahead inc hosp,quantile,0.25,416.09287775930875,COVID-19
DE-RP,00+,2022-09-24,2022-09-24,0 day ahead inc hosp,quantile,0.5,434.82536009508595,COVID-19
DE-RP,00+,2022-09-24,2022-09-24,0 day ahead inc hosp,quantile,0.75,458.11616546905964,COVID-19
DE-RP,00+,2022-09-24,2022-09-24,0 day ahead inc hosp,quantile,0.9,497.8451330946889,COVID-19
DE-RP,00+,2022-09-24,2022-09-24,0 day ahead inc hosp,quantile,0.975,519.2166976926794,COVID-19
DE-SH,00+,2022-09-24,2022-09-24,0 day ahead inc hosp,mean,,198.22526023029226,COVID-19
DE-SH,00+,2022-09-24,2022-09-24,0 day ahead inc hosp,quantile,0.025,182.18968574133504,COVID-19
DE-SH,00+,2022-09-24,2022-09-24,0 day ahead inc hosp,quantile,0.1,185.19209584364341,COVID-19
DE-SH,00+,2022-09-24,2022-09-24,0 day ahead inc hosp,quantile,0.25,189.6508820846353,COVID-19
DE-SH,00+,2022-09-24,2022-09-24,0 day ahead inc hosp,quantile,0.5,195.12050892318368,COVID-19
DE-SH,00+,2022-09-24,2022-09-24,0 day ahead inc hosp,quantile,0.75,203.7800629421167,COVID-19
DE-SH,00+,2022-09-24,2022-09-24,0 day ahead inc hosp,quantile,0.9,214.82556107701367,COVID-19
DE-SH,00+,2022-09-24,2022-09-24,0 day ahead inc hosp,quantile,0.975,228.1763803649387,COVID-19
DE-SL,00+,2022-09-24,2022-09-24,0 day ahead inc hosp,mean,,136.4923255809038,COVID-19
DE-SL,00+,2022-09-24,2022-09-24,0 day ahead inc hosp,quantile,0.025,124.03275409985329,COVID-19
DE-SL,00+,2022-09-24,2022-09-24,0 day ahead inc hosp,quantile,0.1,125.83594341033071,COVID-19
DE-SL,00+,2022-09-24,2022-09-24,0 day ahead inc hosp,quantile,0.25,129.90868325501313,COVID-19
DE-SL,00+,2022-09-24,2022-09-24,0 day ahead inc hosp,quantile,0.5,134.858953978691,COVID-19
DE-SL,00+,2022-09-24,2022-09-24,0 day ahead inc hosp,quantile,0.75,140.03391642325568,COVID-19
DE-SL,00+,2022-09-24,2022-09-24,0 day ahead inc hosp,quantile,0.9,148.86391686208634,COVID-19
DE-SL,00+,2022-09-24,2022-09-24,0 day ahead inc hosp,quantile,0.975,159.4026155257902,COVID-19
DE-SN,00+,2022-09-24,2022-09-24,0 day ahead inc hosp,mean,,474.9674411640715,COVID-19
DE-SN,00+,2022-09-24,2022-09-24,0 day ahead inc hosp,quantile,0.025,384.893329170928,COVID-19
DE-SN,00+,2022-09-24,2022-09-24,0 day ahead inc hosp,quantile,0.1,406.4104299819224,COVID-19
DE-SN,00+,2022-09-24,2022-09-24,0 day ahead inc hosp,quantile,0.25,429.2982193661088,COVID-19
DE-SN,00+,2022-09-24,2022-09-24,0 day ahead inc hosp,quantile,0.5,469.8637255090659,COVID-19
DE-SN,00+,2022-09-24,2022-09-24,0 day ahead inc hosp,quantile,0.75,507.8565864333741,COVID-19
DE-SN,00+,2022-09-24,2022-09-24,0 day ahead inc hosp,quantile,0.9,550.7564631529856,COVID-19
DE-SN,00+,2022-09-24,2022-09-24,0 day ahead inc hosp,quantile,0.975,584.5693848379443,COVID-19
DE-ST,00+,2022-09-24,2022-09-24,0 day ahead inc hosp,mean,,236.65483690668344,COVID-19
DE-ST,00+,2022-09-24,2022-09-24,0 day ahead inc hosp,quantile,0.025,211.60188545239902,COVID-19
DE-ST,00+,2022-09-24,2022-09-24,0 day ahead inc hosp,quantile,0.1,214.71838818495274,COVID-19
DE-ST,00+,2022-09-24,2022-09-24,0 day ahead inc hosp,quantile,0.25,221.66709349057967,COVID-19
DE-ST,00+,2022-09-24,2022-09-24,0 day ahead inc hosp,quantile,0.5,233.49846459178218,COVID-19
DE-ST,00+,2022-09-24,2022-09-24,0 day ahead inc hosp,quantile,0.75,247.37350048695683,COVID-19
DE-ST,00+,2022-09-24,2022-09-24,0 day ahead inc hosp,quantile,0.9,258.6662550727635,COVID-19
DE-ST,00+,2022-09-24,2022-09-24,0 day ahead inc hosp,quantile,0.975,281.34312808444247,COVID-19
DE-TH,00+,2022-09-24,2022-09-24,0 day ahead inc hosp,mean,,196.7962457415622,COVID-19
DE-TH,00+,2022-09-24,2022-09-24,0 day ahead inc hosp,quantile,0.025,177.13854140122476,COVID-19
DE-TH,00+,2022-09-24,2022-09-24,0 day ahead inc hosp,quantile,0.1,184.83868006424134,COVID-19
DE-TH,00+,2022-09-24,2022-09-24,0 day ahead inc hosp,quantile,0.25,190.24407388518054,COVID-19
DE-TH,00+,2022-09-24,2022-09-24,0 day ahead inc hosp,quantile,0.5,193.92732339024894,COVID-19
DE-TH,00+,2022-09-24,2022-09-24,0 day ahead inc hosp,quantile,0.75,202.87729064066625,COVID-19
DE-TH,00+,2022-09-24,2022-09-24,0 day ahead inc hosp,quantile,0.9,214.6449461270634,COVID-19
DE-TH,00+,2022-09-24,2022-09-24,0 day ahead inc hosp,quantile,0.975,223.44504822893555,COVID-19
