location,age_group,forecast_date,target_end_date,target,type,quantile,value,pathogen
DE,00-04,2023-09-25,2023-09-25,0 day ahead inc hosp,mean,,84.9,COVID-19
DE,05-14,2023-09-25,2023-09-25,0 day ahead inc hosp,mean,,15.0,COVID-19
DE,15-34,2023-09-25,2023-09-25,0 day ahead inc hosp,mean,,75.0,COVID-19
DE,35-59,2023-09-25,2023-09-25,0 day ahead inc hosp,mean,,282.1,COVID-19
DE,60-79,2023-09-25,2023-09-25,0 day ahead inc hosp,mean,,754.1,COVID-19
DE,80+,2023-09-25,2023-09-25,0 day ahead inc hosp,mean,,942.3,COVID-19
DE,00+,2023-09-25,2023-09-25,0 day ahead inc hosp,mean,,2153.3,COVID-19
DE,00-04,2023-09-25,2023-09-24,-1 day ahead inc hosp,mean,,84.9,COVID-19
DE,05-14,2023-09-25,2023-09-24,-1 day ahead inc hosp,mean,,15.0,COVID-19
DE,15-34,2023-09-25,2023-09-24,-1 day ahead inc hosp,mean,,75.0,COVID-19
DE,35-59,2023-09-25,2023-09-24,-1 day ahead inc hosp,mean,,274.8,COVID-19
DE,60-79,2023-09-25,2023-09-24,-1 day ahead inc hosp,mean,,766.5,COVID-19
DE,80+,2023-09-25,2023-09-24,-1 day ahead inc hosp,mean,,958.4,COVID-19
DE,00+,2023-09-25,2023-09-24,-1 day ahead inc hosp,mean,,2174.5,COVID-19
DE,00-04,2023-09-25,2023-09-23,-2 day ahead inc hosp,mean,,86.1,COVID-19
DE,05-14,2023-09-25,2023-09-23,-2 day ahead inc hosp,mean,,16.2,COVID-19
DE,15-34,2023-09-25,2023-09-23,-2 day ahead inc hosp,mean,,81.3,COVID-19
DE,35-59,2023-09-25,2023-09-23,-2 day ahead inc hosp,mean,,281.4,COVID-19
DE,60-79,2023-09-25,2023-09-23,-2 day ahead inc hosp,mean,,787.9,COVID-19
DE,80+,2023-09-25,2023-09-23,-2 day ahead inc hosp,mean,,986.9,COVID-19
DE,00+,2023-09-25,2023-09-23,-2 day ahead inc hosp,mean,,2239.8,COVID-19
DE,00-04,2023-09-25,2023-09-22,-3 day ahead inc hosp,mean,,86.1,COVID-19
DE,05-14,2023-09-25,2023-09-22,-3 day ahead inc hosp,mean,,16.3,COVID-19
DE,15-34,2023-09-25,2023-09-22,-3 day ahead inc hosp,mean,,91.4,COVID-19
DE,35-59,2023-09-25,2023-09-22,-3 day ahead inc hosp,mean,,279.4,COVID-19
DE,60-79,2023-09-25,2023-09-22,-3 day ahead inc hosp,mean,,796.7,COVID-19
DE,80+,2023-09-25,2023-09-22,-3 day ahead inc hosp,mean,,998.2,COVID-19
DE,00+,2023-09-25,2023-09-22,-3 day ahead inc hosp,mean,,2268.1,COVID-19
DE,00-04,2023-09-25,2023-09-21,-4 day ahead inc hosp,mean,,84.2,COVID-19
DE,05-14,2023-09-25,2023-09-21,-4 day ahead inc hosp,mean,,16.9,COVID-19
DE,15-34,2023-09-25,2023-09-21,-4 day ahead inc hosp,mean,,95.9,COVID-19
DE,35-59,2023-09-25,2023-09-21,-4 day ahead inc hosp,mean,,274.4,COVID-19
DE,60-79,2023-09-25,2023-09-21,-4 day ahead inc hosp,mean,,776.5,COVID-19
DE,80+,2023-09-25,2023-09-21,-4 day ahead inc hosp,mean,,930.8,COVID-19
DE,00+,2023-09-25,2023-09-21,-4 day ahead inc hosp,mean,,2178.8,COVID-19
DE,00-04,2023-09-25,2023-09-20,-5 day ahead inc hosp,mean,,87.1,COVID-19
DE,05-14,2023-09-25,2023-09-20,-5 day ahead inc hosp,mean,,15.4,COVID-19
DE,15-34,2023-09-25,2023-09-20,-5 day ahead inc hosp,mean,,116.2,COVID-19
DE,35-59,2023-09-25,2023-09-20,-5 day ahead inc hosp,mean,,271.7,COVID-19
DE,60-79,2023-09-25,2023-09-20,-5 day ahead inc hosp,mean,,786.2,COVID-19
DE,80+,2023-09-25,2023-09-20,-5 day ahead inc hosp,mean,,889.6,COVID-19
DE,00+,2023-09-25,2023-09-20,-5 day ahead inc hosp,mean,,2166.2,COVID-19
DE,00-04,2023-09-25,2023-09-19,-6 day ahead inc hosp,mean,,91.8,COVID-19
DE,05-14,2023-09-25,2023-09-19,-6 day ahead inc hosp,mean,,14.2,COVID-19
DE,15-34,2023-09-25,2023-09-19,-6 day ahead inc hosp,mean,,117.0,COVID-19
DE,35-59,2023-09-25,2023-09-19,-6 day ahead inc hosp,mean,,259.8,COVID-19
DE,60-79,2023-09-25,2023-09-19,-6 day ahead inc hosp,mean,,805.1,COVID-19
DE,80+,2023-09-25,2023-09-19,-6 day ahead inc hosp,mean,,882.8,COVID-19
DE,00+,2023-09-25,2023-09-19,-6 day ahead inc hosp,mean,,2170.6,COVID-19
DE,00-04,2023-09-25,2023-09-18,-7 day ahead inc hosp,mean,,98.7,COVID-19
DE,05-14,2023-09-25,2023-09-18,-7 day ahead inc hosp,mean,,14.0,COVID-19
DE,15-34,2023-09-25,2023-09-18,-7 day ahead inc hosp,mean,,131.3,COVID-19
DE,35-59,2023-09-25,2023-09-18,-7 day ahead inc hosp,mean,,252.2,COVID-19
DE,60-79,2023-09-25,2023-09-18,-7 day ahead inc hosp,mean,,789.3,COVID-19
DE,80+,2023-09-25,2023-09-18,-7 day ahead inc hosp,mean,,928.2,COVID-19
DE,00+,2023-09-25,2023-09-18,-7 day ahead inc hosp,mean,,2213.6,COVID-19
DE,00-04,2023-09-25,2023-09-17,-8 day ahead inc hosp,mean,,101.9,COVID-19
DE,05-14,2023-09-25,2023-09-17,-8 day ahead inc hosp,mean,,14.0,COVID-19
DE,15-34,2023-09-25,2023-09-17,-8 day ahead inc hosp,mean,,132.3,COVID-19
DE,35-59,2023-09-25,2023-09-17,-8 day ahead inc hosp,mean,,248.3,COVID-19
DE,60-79,2023-09-25,2023-09-17,-8 day ahead inc hosp,mean,,786.4,COVID-19
DE,80+,2023-09-25,2023-09-17,-8 day ahead inc hosp,mean,,930.2,COVID-19
DE,00+,2023-09-25,2023-09-17,-8 day ahead inc hosp,mean,,2213.1,COVID-19
DE,00-04,2023-09-25,2023-09-16,-9 day ahead inc hosp,mean,,102.9,COVID-19
DE,05-14,2023-09-25,2023-09-16,-9 day ahead inc hosp,mean,,12.8,COVID-19
DE,15-34,2023-09-25,2023-09-16,-9 day ahead inc hosp,mean,,127.2,COVID-19
DE,35-59,2023-09-25,2023-09-16,-9 day ahead inc hosp,mean,,243.9,COVID-19
DE,60-79,2023-09-25,2023-09-16,-9 day ahead inc hosp,mean,,782.9,COVID-19
DE,80+,2023-09-25,2023-09-16,-9 day ahead inc hosp,mean,,915.3,COVID-19
DE,00+,2023-09-25,2023-09-16,-9 day ahead inc hosp,mean,,2185.0,COVID-19
DE,00-04,2023-09-25,2023-09-15,-10 day ahead inc hosp,mean,,108.9,COVID-19
DE,05-14,2023-09-25,2023-09-15,-10 day ahead inc hosp,mean,,10.6,COVID-19
DE,15-34,2023-09-25,2023-09-15,-10 day ahead inc hosp,mean,,140.5,COVID-19
DE,35-59,2023-09-25,2023-09-15,-10 day ahead inc hosp,mean,,262.8,COVID-19
DE,60-79,2023-09-25,2023-09-15,-10 day ahead inc hosp,mean,,781.1,COVID-19
DE,80+,2023-09-25,2023-09-15,-10 day ahead inc hosp,mean,,964.7,COVID-19
DE,00+,2023-09-25,2023-09-15,-10 day ahead inc hosp,mean,,2268.5,COVID-19
DE,00-04,2023-09-25,2023-09-14,-11 day ahead inc hosp,mean,,108.4,COVID-19
DE,05-14,2023-09-25,2023-09-14,-11 day ahead inc hosp,mean,,11.6,COVID-19
DE,15-34,2023-09-25,2023-09-14,-11 day ahead inc hosp,mean,,138.6,COVID-19
DE,35-59,2023-09-25,2023-09-14,-11 day ahead inc hosp,mean,,255.1,COVID-19
DE,60-79,2023-09-25,2023-09-14,-11 day ahead inc hosp,mean,,794.2,COVID-19
DE,80+,2023-09-25,2023-09-14,-11 day ahead inc hosp,mean,,1020.9,COVID-19
DE,00+,2023-09-25,2023-09-14,-11 day ahead inc hosp,mean,,2328.8,COVID-19
DE,00-04,2023-09-25,2023-09-13,-12 day ahead inc hosp,mean,,115.5,COVID-19
DE,05-14,2023-09-25,2023-09-13,-12 day ahead inc hosp,mean,,10.5,COVID-19
DE,15-34,2023-09-25,2023-09-13,-12 day ahead inc hosp,mean,,134.7,COVID-19
DE,35-59,2023-09-25,2023-09-13,-12 day ahead inc hosp,mean,,257.8,COVID-19
DE,60-79,2023-09-25,2023-09-13,-12 day ahead inc hosp,mean,,808.8,COVID-19
DE,80+,2023-09-25,2023-09-13,-12 day ahead inc hosp,mean,,1042.8,COVID-19
DE,00+,2023-09-25,2023-09-13,-12 day ahead inc hosp,mean,,2370.1,COVID-19
DE,00-04,2023-09-25,2023-09-12,-13 day ahead inc hosp,mean,,108.0,COVID-19
DE,05-14,2023-09-25,2023-09-12,-13 day ahead inc hosp,mean,,11.6,COVID-19
DE,15-34,2023-09-25,2023-09-12,-13 day ahead inc hosp,mean,,141.6,COVID-19
DE,35-59,2023-09-25,2023-09-12,-13 day ahead inc hosp,mean,,257.1,COVID-19
DE,60-79,2023-09-25,2023-09-12,-13 day ahead inc hosp,mean,,782.7,COVID-19
DE,80+,2023-09-25,2023-09-12,-13 day ahead inc hosp,mean,,1000.5,COVID-19
DE,00+,2023-09-25,2023-09-12,-13 day ahead inc hosp,mean,,2301.5,COVID-19
DE,00-04,2023-09-25,2023-09-11,-14 day ahead inc hosp,mean,,94.4,COVID-19
DE,05-14,2023-09-25,2023-09-11,-14 day ahead inc hosp,mean,,8.4,COVID-19
DE,15-34,2023-09-25,2023-09-11,-14 day ahead inc hosp,mean,,141.0,COVID-19
DE,35-59,2023-09-25,2023-09-11,-14 day ahead inc hosp,mean,,231.0,COVID-19
DE,60-79,2023-09-25,2023-09-11,-14 day ahead inc hosp,mean,,720.9,COVID-19
DE,80+,2023-09-25,2023-09-11,-14 day ahead inc hosp,mean,,916.5,COVID-19
DE,00+,2023-09-25,2023-09-11,-14 day ahead inc hosp,mean,,2112.1,COVID-19
DE,00-04,2023-09-25,2023-09-10,-15 day ahead inc hosp,mean,,92.2,COVID-19
DE,05-14,2023-09-25,2023-09-10,-15 day ahead inc hosp,mean,,8.4,COVID-19
DE,15-34,2023-09-25,2023-09-10,-15 day ahead inc hosp,mean,,139.9,COVID-19
DE,35-59,2023-09-25,2023-09-10,-15 day ahead inc hosp,mean,,228.7,COVID-19
DE,60-79,2023-09-25,2023-09-10,-15 day ahead inc hosp,mean,,721.7,COVID-19
DE,80+,2023-09-25,2023-09-10,-15 day ahead inc hosp,mean,,921.0,COVID-19
DE,00+,2023-09-25,2023-09-10,-15 day ahead inc hosp,mean,,2112.0,COVID-19
DE,00-04,2023-09-25,2023-09-09,-16 day ahead inc hosp,mean,,90.0,COVID-19
DE,05-14,2023-09-25,2023-09-09,-16 day ahead inc hosp,mean,,8.4,COVID-19
DE,15-34,2023-09-25,2023-09-09,-16 day ahead inc hosp,mean,,139.9,COVID-19
DE,35-59,2023-09-25,2023-09-09,-16 day ahead inc hosp,mean,,228.5,COVID-19
DE,60-79,2023-09-25,2023-09-09,-16 day ahead inc hosp,mean,,708.0,COVID-19
DE,80+,2023-09-25,2023-09-09,-16 day ahead inc hosp,mean,,926.4,COVID-19
DE,00+,2023-09-25,2023-09-09,-16 day ahead inc hosp,mean,,2101.2,COVID-19
DE,00-04,2023-09-25,2023-09-08,-17 day ahead inc hosp,mean,,85.5,COVID-19
DE,05-14,2023-09-25,2023-09-08,-17 day ahead inc hosp,mean,,8.4,COVID-19
DE,15-34,2023-09-25,2023-09-08,-17 day ahead inc hosp,mean,,121.4,COVID-19
DE,35-59,2023-09-25,2023-09-08,-17 day ahead inc hosp,mean,,208.1,COVID-19
DE,60-79,2023-09-25,2023-09-08,-17 day ahead inc hosp,mean,,682.1,COVID-19
DE,80+,2023-09-25,2023-09-08,-17 day ahead inc hosp,mean,,846.1,COVID-19
DE,00+,2023-09-25,2023-09-08,-17 day ahead inc hosp,mean,,1951.6,COVID-19
DE,00-04,2023-09-25,2023-09-07,-18 day ahead inc hosp,mean,,74.8,COVID-19
DE,05-14,2023-09-25,2023-09-07,-18 day ahead inc hosp,mean,,11.5,COVID-19
DE,15-34,2023-09-25,2023-09-07,-18 day ahead inc hosp,mean,,112.5,COVID-19
DE,35-59,2023-09-25,2023-09-07,-18 day ahead inc hosp,mean,,204.5,COVID-19
DE,60-79,2023-09-25,2023-09-07,-18 day ahead inc hosp,mean,,623.4,COVID-19
DE,80+,2023-09-25,2023-09-07,-18 day ahead inc hosp,mean,,772.5,COVID-19
DE,00+,2023-09-25,2023-09-07,-18 day ahead inc hosp,mean,,1799.2,COVID-19
DE,00-04,2023-09-25,2023-09-06,-19 day ahead inc hosp,mean,,71.4,COVID-19
DE,05-14,2023-09-25,2023-09-06,-19 day ahead inc hosp,mean,,13.6,COVID-19
DE,15-34,2023-09-25,2023-09-06,-19 day ahead inc hosp,mean,,111.0,COVID-19
DE,35-59,2023-09-25,2023-09-06,-19 day ahead inc hosp,mean,,194.2,COVID-19
DE,60-79,2023-09-25,2023-09-06,-19 day ahead inc hosp,mean,,590.5,COVID-19
DE,80+,2023-09-25,2023-09-06,-19 day ahead inc hosp,mean,,717.5,COVID-19
DE,00+,2023-09-25,2023-09-06,-19 day ahead inc hosp,mean,,1698.2,COVID-19
DE,00-04,2023-09-25,2023-09-05,-20 day ahead inc hosp,mean,,67.2,COVID-19
DE,05-14,2023-09-25,2023-09-05,-20 day ahead inc hosp,mean,,11.5,COVID-19
DE,15-34,2023-09-25,2023-09-05,-20 day ahead inc hosp,mean,,101.6,COVID-19
DE,35-59,2023-09-25,2023-09-05,-20 day ahead inc hosp,mean,,176.9,COVID-19
DE,60-79,2023-09-25,2023-09-05,-20 day ahead inc hosp,mean,,551.0,COVID-19
DE,80+,2023-09-25,2023-09-05,-20 day ahead inc hosp,mean,,661.4,COVID-19
DE,00+,2023-09-25,2023-09-05,-20 day ahead inc hosp,mean,,1569.7,COVID-19
DE,00-04,2023-09-25,2023-09-04,-21 day ahead inc hosp,mean,,63.0,COVID-19
DE,05-14,2023-09-25,2023-09-04,-21 day ahead inc hosp,mean,,14.6,COVID-19
DE,15-34,2023-09-25,2023-09-04,-21 day ahead inc hosp,mean,,89.0,COVID-19
DE,35-59,2023-09-25,2023-09-04,-21 day ahead inc hosp,mean,,178.2,COVID-19
DE,60-79,2023-09-25,2023-09-04,-21 day ahead inc hosp,mean,,549.6,COVID-19
DE,80+,2023-09-25,2023-09-04,-21 day ahead inc hosp,mean,,647.9,COVID-19
DE,00+,2023-09-25,2023-09-04,-21 day ahead inc hosp,mean,,1542.4,COVID-19
DE,00-04,2023-09-25,2023-09-03,-22 day ahead inc hosp,mean,,62.0,COVID-19
DE,05-14,2023-09-25,2023-09-03,-22 day ahead inc hosp,mean,,14.6,COVID-19
DE,15-34,2023-09-25,2023-09-03,-22 day ahead inc hosp,mean,,91.1,COVID-19
DE,35-59,2023-09-25,2023-09-03,-22 day ahead inc hosp,mean,,179.2,COVID-19
DE,60-79,2023-09-25,2023-09-03,-22 day ahead inc hosp,mean,,541.4,COVID-19
DE,80+,2023-09-25,2023-09-03,-22 day ahead inc hosp,mean,,638.4,COVID-19
DE,00+,2023-09-25,2023-09-03,-22 day ahead inc hosp,mean,,1526.6,COVID-19
DE,00-04,2023-09-25,2023-09-02,-23 day ahead inc hosp,mean,,64.1,COVID-19
DE,05-14,2023-09-25,2023-09-02,-23 day ahead inc hosp,mean,,14.6,COVID-19
DE,15-34,2023-09-25,2023-09-02,-23 day ahead inc hosp,mean,,91.0,COVID-19
DE,35-59,2023-09-25,2023-09-02,-23 day ahead inc hosp,mean,,180.1,COVID-19
DE,60-79,2023-09-25,2023-09-02,-23 day ahead inc hosp,mean,,545.4,COVID-19
DE,80+,2023-09-25,2023-09-02,-23 day ahead inc hosp,mean,,634.8,COVID-19
DE,00+,2023-09-25,2023-09-02,-23 day ahead inc hosp,mean,,1530.0,COVID-19
DE,00-04,2023-09-25,2023-09-01,-24 day ahead inc hosp,mean,,63.9,COVID-19
DE,05-14,2023-09-25,2023-09-01,-24 day ahead inc hosp,mean,,20.8,COVID-19
DE,15-34,2023-09-25,2023-09-01,-24 day ahead inc hosp,mean,,95.0,COVID-19
DE,35-59,2023-09-25,2023-09-01,-24 day ahead inc hosp,mean,,188.8,COVID-19
DE,60-79,2023-09-25,2023-09-01,-24 day ahead inc hosp,mean,,531.7,COVID-19
DE,80+,2023-09-25,2023-09-01,-24 day ahead inc hosp,mean,,639.5,COVID-19
DE,00+,2023-09-25,2023-09-01,-24 day ahead inc hosp,mean,,1539.8,COVID-19
DE,00-04,2023-09-25,2023-08-31,-25 day ahead inc hosp,mean,,76.2,COVID-19
DE,05-14,2023-09-25,2023-08-31,-25 day ahead inc hosp,mean,,15.5,COVID-19
DE,15-34,2023-09-25,2023-08-31,-25 day ahead inc hosp,mean,,94.9,COVID-19
DE,35-59,2023-09-25,2023-08-31,-25 day ahead inc hosp,mean,,189.4,COVID-19
DE,60-79,2023-09-25,2023-08-31,-25 day ahead inc hosp,mean,,527.6,COVID-19
DE,80+,2023-09-25,2023-08-31,-25 day ahead inc hosp,mean,,644.4,COVID-19
DE,00+,2023-09-25,2023-08-31,-25 day ahead inc hosp,mean,,1548.0,COVID-19
DE,00-04,2023-09-25,2023-08-30,-26 day ahead inc hosp,mean,,71.9,COVID-19
DE,05-14,2023-09-25,2023-08-30,-26 day ahead inc hosp,mean,,14.4,COVID-19
DE,15-34,2023-09-25,2023-08-30,-26 day ahead inc hosp,mean,,87.5,COVID-19
DE,35-59,2023-09-25,2023-08-30,-26 day ahead inc hosp,mean,,187.1,COVID-19
DE,60-79,2023-09-25,2023-08-30,-26 day ahead inc hosp,mean,,520.6,COVID-19
DE,80+,2023-09-25,2023-08-30,-26 day ahead inc hosp,mean,,645.6,COVID-19
DE,00+,2023-09-25,2023-08-30,-26 day ahead inc hosp,mean,,1527.3,COVID-19
DE,00-04,2023-09-25,2023-08-29,-27 day ahead inc hosp,mean,,83.0,COVID-19
DE,05-14,2023-09-25,2023-08-29,-27 day ahead inc hosp,mean,,15.4,COVID-19
DE,15-34,2023-09-25,2023-08-29,-27 day ahead inc hosp,mean,,89.4,COVID-19
DE,35-59,2023-09-25,2023-08-29,-27 day ahead inc hosp,mean,,194.0,COVID-19
DE,60-79,2023-09-25,2023-08-29,-27 day ahead inc hosp,mean,,507.8,COVID-19
DE,80+,2023-09-25,2023-08-29,-27 day ahead inc hosp,mean,,703.3,COVID-19
DE,00+,2023-09-25,2023-08-29,-27 day ahead inc hosp,mean,,1592.8,COVID-19
DE,00-04,2023-09-25,2023-08-28,-28 day ahead inc hosp,mean,,89.9,COVID-19
DE,05-14,2023-09-25,2023-08-28,-28 day ahead inc hosp,mean,,12.4,COVID-19
DE,15-34,2023-09-25,2023-08-28,-28 day ahead inc hosp,mean,,84.3,COVID-19
DE,35-59,2023-09-25,2023-08-28,-28 day ahead inc hosp,mean,,203.8,COVID-19
DE,60-79,2023-09-25,2023-08-28,-28 day ahead inc hosp,mean,,513.0,COVID-19
DE,80+,2023-09-25,2023-08-28,-28 day ahead inc hosp,mean,,680.6,COVID-19
DE,00+,2023-09-25,2023-08-28,-28 day ahead inc hosp,mean,,1584.0,COVID-19
DE,00-04,2023-09-25,2023-09-25,0 day ahead inc hosp,quantile,0.025,74.7888029850746,COVID-19
DE,05-14,2023-09-25,2023-09-25,0 day ahead inc hosp,quantile,0.025,12.0,COVID-19
DE,15-34,2023-09-25,2023-09-25,0 day ahead inc hosp,quantile,0.025,62.1666666666667,COVID-19
DE,35-59,2023-09-25,2023-09-25,0 day ahead inc hosp,quantile,0.025,248.851959745763,COVID-19
DE,60-79,2023-09-25,2023-09-25,0 day ahead inc hosp,quantile,0.025,690.986827658917,COVID-19
DE,80+,2023-09-25,2023-09-25,0 day ahead inc hosp,quantile,0.025,877.588075083823,COVID-19
DE,00+,2023-09-25,2023-09-25,0 day ahead inc hosp,quantile,0.025,2002.82910528547,COVID-19
DE,00-04,2023-09-25,2023-09-24,-1 day ahead inc hosp,quantile,0.025,73.4147619047619,COVID-19
DE,05-14,2023-09-25,2023-09-24,-1 day ahead inc hosp,quantile,0.025,12.0,COVID-19
DE,15-34,2023-09-25,2023-09-24,-1 day ahead inc hosp,quantile,0.025,66.2618778280543,COVID-19
DE,35-59,2023-09-25,2023-09-24,-1 day ahead inc hosp,quantile,0.025,250.629473684211,COVID-19
DE,60-79,2023-09-25,2023-09-24,-1 day ahead inc hosp,quantile,0.025,720.494782214156,COVID-19
DE,80+,2023-09-25,2023-09-24,-1 day ahead inc hosp,quantile,0.025,916.378102189781,COVID-19
DE,00+,2023-09-25,2023-09-24,-1 day ahead inc hosp,quantile,0.025,2057.40618150506,COVID-19
DE,00-04,2023-09-25,2023-09-23,-2 day ahead inc hosp,quantile,0.025,78.0,COVID-19
DE,05-14,2023-09-25,2023-09-23,-2 day ahead inc hosp,quantile,0.025,14.0,COVID-19
DE,15-34,2023-09-25,2023-09-23,-2 day ahead inc hosp,quantile,0.025,74.0,COVID-19
DE,35-59,2023-09-25,2023-09-23,-2 day ahead inc hosp,quantile,0.025,259.456013513514,COVID-19
DE,60-79,2023-09-25,2023-09-23,-2 day ahead inc hosp,quantile,0.025,746.108320552147,COVID-19
DE,80+,2023-09-25,2023-09-23,-2 day ahead inc hosp,quantile,0.025,932.968570546465,COVID-19
DE,00+,2023-09-25,2023-09-23,-2 day ahead inc hosp,quantile,0.025,2145.29878453039,COVID-19
DE,00-04,2023-09-25,2023-09-22,-3 day ahead inc hosp,quantile,0.025,79.0,COVID-19
DE,05-14,2023-09-25,2023-09-22,-3 day ahead inc hosp,quantile,0.025,14.0,COVID-19
DE,15-34,2023-09-25,2023-09-22,-3 day ahead inc hosp,quantile,0.025,85.0,COVID-19
DE,35-59,2023-09-25,2023-09-22,-3 day ahead inc hosp,quantile,0.025,260.721920289855,COVID-19
DE,60-79,2023-09-25,2023-09-22,-3 day ahead inc hosp,quantile,0.025,753.681540808543,COVID-19
DE,80+,2023-09-25,2023-09-22,-3 day ahead inc hosp,quantile,0.025,945.311926605505,COVID-19
DE,00+,2023-09-25,2023-09-22,-3 day ahead inc hosp,quantile,0.025,2182.76916357519,COVID-19
DE,00-04,2023-09-25,2023-09-21,-4 day ahead inc hosp,quantile,0.025,79.0,COVID-19
DE,05-14,2023-09-25,2023-09-21,-4 day ahead inc hosp,quantile,0.025,15.0,COVID-19
DE,15-34,2023-09-25,2023-09-21,-4 day ahead inc hosp,quantile,0.025,90.0,COVID-19
DE,35-59,2023-09-25,2023-09-21,-4 day ahead inc hosp,quantile,0.025,256.732026143791,COVID-19
DE,60-79,2023-09-25,2023-09-21,-4 day ahead inc hosp,quantile,0.025,753.207653817643,COVID-19
DE,80+,2023-09-25,2023-09-21,-4 day ahead inc hosp,quantile,0.025,887.006577837747,COVID-19
DE,00+,2023-09-25,2023-09-21,-4 day ahead inc hosp,quantile,0.025,2123.29778256576,COVID-19
DE,00-04,2023-09-25,2023-09-20,-5 day ahead inc hosp,quantile,0.025,82.0,COVID-19
DE,05-14,2023-09-25,2023-09-20,-5 day ahead inc hosp,quantile,0.025,14.0,COVID-19
DE,15-34,2023-09-25,2023-09-20,-5 day ahead inc hosp,quantile,0.025,111.0,COVID-19
DE,35-59,2023-09-25,2023-09-20,-5 day ahead inc hosp,quantile,0.025,254.338122605364,COVID-19
DE,60-79,2023-09-25,2023-09-20,-5 day ahead inc hosp,quantile,0.025,762.435087719298,COVID-19
DE,80+,2023-09-25,2023-09-20,-5 day ahead inc hosp,quantile,0.025,847.301838610827,COVID-19
DE,00+,2023-09-25,2023-09-20,-5 day ahead inc hosp,quantile,0.025,2119.90957910015,COVID-19
DE,00-04,2023-09-25,2023-09-19,-6 day ahead inc hosp,quantile,0.025,87.0,COVID-19
DE,05-14,2023-09-25,2023-09-19,-6 day ahead inc hosp,quantile,0.025,13.0,COVID-19
DE,15-34,2023-09-25,2023-09-19,-6 day ahead inc hosp,quantile,0.025,110.75,COVID-19
DE,35-59,2023-09-25,2023-09-19,-6 day ahead inc hosp,quantile,0.025,243.572043010753,COVID-19
DE,60-79,2023-09-25,2023-09-19,-6 day ahead inc hosp,quantile,0.025,784.731060606061,COVID-19
DE,80+,2023-09-25,2023-09-19,-6 day ahead inc hosp,quantile,0.025,845.395833333333,COVID-19
DE,00+,2023-09-25,2023-09-19,-6 day ahead inc hosp,quantile,0.025,2124.7475965327,COVID-19
DE,00-04,2023-09-25,2023-09-18,-7 day ahead inc hosp,quantile,0.025,95.0,COVID-19
DE,05-14,2023-09-25,2023-09-18,-7 day ahead inc hosp,quantile,0.025,13.0,COVID-19
DE,15-34,2023-09-25,2023-09-18,-7 day ahead inc hosp,quantile,0.025,123.658834586466,COVID-19
DE,35-59,2023-09-25,2023-09-18,-7 day ahead inc hosp,quantile,0.025,238.875,COVID-19
DE,60-79,2023-09-25,2023-09-18,-7 day ahead inc hosp,quantile,0.025,770.058286252354,COVID-19
DE,80+,2023-09-25,2023-09-18,-7 day ahead inc hosp,quantile,0.025,891.65,COVID-19
DE,00+,2023-09-25,2023-09-18,-7 day ahead inc hosp,quantile,0.025,2176.03033333333,COVID-19
DE,00-04,2023-09-25,2023-09-17,-8 day ahead inc hosp,quantile,0.025,98.0,COVID-19
DE,05-14,2023-09-25,2023-09-17,-8 day ahead inc hosp,quantile,0.025,13.0,COVID-19
DE,15-34,2023-09-25,2023-09-17,-8 day ahead inc hosp,quantile,0.025,126.086206896552,COVID-19
DE,35-59,2023-09-25,2023-09-17,-8 day ahead inc hosp,quantile,0.025,234.159259259259,COVID-19
DE,60-79,2023-09-25,2023-09-17,-8 day ahead inc hosp,quantile,0.025,774.072368421053,COVID-19
DE,80+,2023-09-25,2023-09-17,-8 day ahead inc hosp,quantile,0.025,899.690476190476,COVID-19
DE,00+,2023-09-25,2023-09-17,-8 day ahead inc hosp,quantile,0.025,2179.37895771878,COVID-19
DE,00-04,2023-09-25,2023-09-16,-9 day ahead inc hosp,quantile,0.025,99.0,COVID-19
DE,05-14,2023-09-25,2023-09-16,-9 day ahead inc hosp,quantile,0.025,12.0,COVID-19
DE,15-34,2023-09-25,2023-09-16,-9 day ahead inc hosp,quantile,0.025,122.0,COVID-19
DE,35-59,2023-09-25,2023-09-16,-9 day ahead inc hosp,quantile,0.025,228.974308300395,COVID-19
DE,60-79,2023-09-25,2023-09-16,-9 day ahead inc hosp,quantile,0.025,771.060276679842,COVID-19
DE,80+,2023-09-25,2023-09-16,-9 day ahead inc hosp,quantile,0.025,889.3329004329,COVID-19
DE,00+,2023-09-25,2023-09-16,-9 day ahead inc hosp,quantile,0.025,2146.13333333333,COVID-19
DE,00-04,2023-09-25,2023-09-15,-10 day ahead inc hosp,quantile,0.025,105.0,COVID-19
DE,05-14,2023-09-25,2023-09-15,-10 day ahead inc hosp,quantile,0.025,10.0,COVID-19
DE,15-34,2023-09-25,2023-09-15,-10 day ahead inc hosp,quantile,0.025,136.0,COVID-19
DE,35-59,2023-09-25,2023-09-15,-10 day ahead inc hosp,quantile,0.025,247.708695652174,COVID-19
DE,60-79,2023-09-25,2023-09-15,-10 day ahead inc hosp,quantile,0.025,768.935714285714,COVID-19
DE,80+,2023-09-25,2023-09-15,-10 day ahead inc hosp,quantile,0.025,938.405344202899,COVID-19
DE,00+,2023-09-25,2023-09-15,-10 day ahead inc hosp,quantile,0.025,2230.52404414663,COVID-19
DE,00-04,2023-09-25,2023-09-14,-11 day ahead inc hosp,quantile,0.025,105.0,COVID-19
DE,05-14,2023-09-25,2023-09-14,-11 day ahead inc hosp,quantile,0.025,11.0,COVID-19
DE,15-34,2023-09-25,2023-09-14,-11 day ahead inc hosp,quantile,0.025,134.0,COVID-19
DE,35-59,2023-09-25,2023-09-14,-11 day ahead inc hosp,quantile,0.025,240.0,COVID-19
DE,60-79,2023-09-25,2023-09-14,-11 day ahead inc hosp,quantile,0.025,783.22,COVID-19
DE,80+,2023-09-25,2023-09-14,-11 day ahead inc hosp,quantile,0.025,995.575439591605,COVID-19
DE,00+,2023-09-25,2023-09-14,-11 day ahead inc hosp,quantile,0.025,2293.13076697032,COVID-19
DE,00-04,2023-09-25,2023-09-13,-12 day ahead inc hosp,quantile,0.025,112.0,COVID-19
DE,05-14,2023-09-25,2023-09-13,-12 day ahead inc hosp,quantile,0.025,10.0,COVID-19
DE,15-34,2023-09-25,2023-09-13,-12 day ahead inc hosp,quantile,0.025,130.0,COVID-19
DE,35-59,2023-09-25,2023-09-13,-12 day ahead inc hosp,quantile,0.025,244.0,COVID-19
DE,60-79,2023-09-25,2023-09-13,-12 day ahead inc hosp,quantile,0.025,799.270070292268,COVID-19
DE,80+,2023-09-25,2023-09-13,-12 day ahead inc hosp,quantile,0.025,1022.43340234645,COVID-19
DE,00+,2023-09-25,2023-09-13,-12 day ahead inc hosp,quantile,0.025,2333.99872372372,COVID-19
DE,00-04,2023-09-25,2023-09-12,-13 day ahead inc hosp,quantile,0.025,104.0,COVID-19
DE,05-14,2023-09-25,2023-09-12,-13 day ahead inc hosp,quantile,0.025,11.0,COVID-19
DE,15-34,2023-09-25,2023-09-12,-13 day ahead inc hosp,quantile,0.025,137.0,COVID-19
DE,35-59,2023-09-25,2023-09-12,-13 day ahead inc hosp,quantile,0.025,245.0,COVID-19
DE,60-79,2023-09-25,2023-09-12,-13 day ahead inc hosp,quantile,0.025,773.443798449612,COVID-19
DE,80+,2023-09-25,2023-09-12,-13 day ahead inc hosp,quantile,0.025,982.845170454545,COVID-19
DE,00+,2023-09-25,2023-09-12,-13 day ahead inc hosp,quantile,0.025,2265.96361607143,COVID-19
DE,00-04,2023-09-25,2023-09-11,-14 day ahead inc hosp,quantile,0.025,91.0,COVID-19
DE,05-14,2023-09-25,2023-09-11,-14 day ahead inc hosp,quantile,0.025,8.0,COVID-19
DE,15-34,2023-09-25,2023-09-11,-14 day ahead inc hosp,quantile,0.025,137.0,COVID-19
DE,35-59,2023-09-25,2023-09-11,-14 day ahead inc hosp,quantile,0.025,221.0,COVID-19
DE,60-79,2023-09-25,2023-09-11,-14 day ahead inc hosp,quantile,0.025,712.52104989605,COVID-19
DE,80+,2023-09-25,2023-09-11,-14 day ahead inc hosp,quantile,0.025,900.208639705882,COVID-19
DE,00+,2023-09-25,2023-09-11,-14 day ahead inc hosp,quantile,0.025,2081.88199731303,COVID-19
DE,00-04,2023-09-25,2023-09-10,-15 day ahead inc hosp,quantile,0.025,89.0,COVID-19
DE,05-14,2023-09-25,2023-09-10,-15 day ahead inc hosp,quantile,0.025,8.0,COVID-19
DE,15-34,2023-09-25,2023-09-10,-15 day ahead inc hosp,quantile,0.025,136.0,COVID-19
DE,35-59,2023-09-25,2023-09-10,-15 day ahead inc hosp,quantile,0.025,219.0,COVID-19
DE,60-79,2023-09-25,2023-09-10,-15 day ahead inc hosp,quantile,0.025,713.019586894587,COVID-19
DE,80+,2023-09-25,2023-09-10,-15 day ahead inc hosp,quantile,0.025,905.681818181818,COVID-19
DE,00+,2023-09-25,2023-09-10,-15 day ahead inc hosp,quantile,0.025,2078.05882352941,COVID-19
DE,00-04,2023-09-25,2023-09-09,-16 day ahead inc hosp,quantile,0.025,87.0,COVID-19
DE,05-14,2023-09-25,2023-09-09,-16 day ahead inc hosp,quantile,0.025,8.0,COVID-19
DE,15-34,2023-09-25,2023-09-09,-16 day ahead inc hosp,quantile,0.025,136.0,COVID-19
DE,35-59,2023-09-25,2023-09-09,-16 day ahead inc hosp,quantile,0.025,219.0,COVID-19
DE,60-79,2023-09-25,2023-09-09,-16 day ahead inc hosp,quantile,0.025,699.086956521739,COVID-19
DE,80+,2023-09-25,2023-09-09,-16 day ahead inc hosp,quantile,0.025,910.773386034256,COVID-19
DE,00+,2023-09-25,2023-09-09,-16 day ahead inc hosp,quantile,0.025,2070.73905507408,COVID-19
DE,00-04,2023-09-25,2023-09-08,-17 day ahead inc hosp,quantile,0.025,82.0,COVID-19
DE,05-14,2023-09-25,2023-09-08,-17 day ahead inc hosp,quantile,0.025,8.0,COVID-19
DE,15-34,2023-09-25,2023-09-08,-17 day ahead inc hosp,quantile,0.025,118.0,COVID-19
DE,35-59,2023-09-25,2023-09-08,-17 day ahead inc hosp,quantile,0.025,201.0,COVID-19
DE,60-79,2023-09-25,2023-09-08,-17 day ahead inc hosp,quantile,0.025,673.096973572038,COVID-19
DE,80+,2023-09-25,2023-09-08,-17 day ahead inc hosp,quantile,0.025,836.0,COVID-19
DE,00+,2023-09-25,2023-09-08,-17 day ahead inc hosp,quantile,0.025,1926.18842105263,COVID-19
DE,00-04,2023-09-25,2023-09-07,-18 day ahead inc hosp,quantile,0.025,72.0,COVID-19
DE,05-14,2023-09-25,2023-09-07,-18 day ahead inc hosp,quantile,0.025,11.0,COVID-19
DE,15-34,2023-09-25,2023-09-07,-18 day ahead inc hosp,quantile,0.025,110.0,COVID-19
DE,35-59,2023-09-25,2023-09-07,-18 day ahead inc hosp,quantile,0.025,199.0,COVID-19
DE,60-79,2023-09-25,2023-09-07,-18 day ahead inc hosp,quantile,0.025,616.649122807018,COVID-19
DE,80+,2023-09-25,2023-09-07,-18 day ahead inc hosp,quantile,0.025,764.0,COVID-19
DE,00+,2023-09-25,2023-09-07,-18 day ahead inc hosp,quantile,0.025,1778.5619047619,COVID-19
DE,00-04,2023-09-25,2023-09-06,-19 day ahead inc hosp,quantile,0.025,69.0,COVID-19
DE,05-14,2023-09-25,2023-09-06,-19 day ahead inc hosp,quantile,0.025,13.0,COVID-19
DE,15-34,2023-09-25,2023-09-06,-19 day ahead inc hosp,quantile,0.025,108.0,COVID-19
DE,35-59,2023-09-25,2023-09-06,-19 day ahead inc hosp,quantile,0.025,190.0,COVID-19
DE,60-79,2023-09-25,2023-09-06,-19 day ahead inc hosp,quantile,0.025,583.0,COVID-19
DE,80+,2023-09-25,2023-09-06,-19 day ahead inc hosp,quantile,0.025,710.0,COVID-19
DE,00+,2023-09-25,2023-09-06,-19 day ahead inc hosp,quantile,0.025,1679.90927218345,COVID-19
DE,00-04,2023-09-25,2023-09-05,-20 day ahead inc hosp,quantile,0.025,65.0,COVID-19
DE,05-14,2023-09-25,2023-09-05,-20 day ahead inc hosp,quantile,0.025,11.0,COVID-19
DE,15-34,2023-09-25,2023-09-05,-20 day ahead inc hosp,quantile,0.025,99.0,COVID-19
DE,35-59,2023-09-25,2023-09-05,-20 day ahead inc hosp,quantile,0.025,174.0,COVID-19
DE,60-79,2023-09-25,2023-09-05,-20 day ahead inc hosp,quantile,0.025,544.0,COVID-19
DE,80+,2023-09-25,2023-09-05,-20 day ahead inc hosp,quantile,0.025,655.0,COVID-19
DE,00+,2023-09-25,2023-09-05,-20 day ahead inc hosp,quantile,0.025,1553.3729757085,COVID-19
DE,00-04,2023-09-25,2023-09-04,-21 day ahead inc hosp,quantile,0.025,61.0,COVID-19
DE,05-14,2023-09-25,2023-09-04,-21 day ahead inc hosp,quantile,0.025,14.0,COVID-19
DE,15-34,2023-09-25,2023-09-04,-21 day ahead inc hosp,quantile,0.025,87.0,COVID-19
DE,35-59,2023-09-25,2023-09-04,-21 day ahead inc hosp,quantile,0.025,176.0,COVID-19
DE,60-79,2023-09-25,2023-09-04,-21 day ahead inc hosp,quantile,0.025,541.191441441441,COVID-19
DE,80+,2023-09-25,2023-09-04,-21 day ahead inc hosp,quantile,0.025,642.0,COVID-19
DE,00+,2023-09-25,2023-09-04,-21 day ahead inc hosp,quantile,0.025,1529.81444444444,COVID-19
DE,00-04,2023-09-25,2023-09-03,-22 day ahead inc hosp,quantile,0.025,60.0,COVID-19
DE,05-14,2023-09-25,2023-09-03,-22 day ahead inc hosp,quantile,0.025,14.0,COVID-19
DE,15-34,2023-09-25,2023-09-03,-22 day ahead inc hosp,quantile,0.025,89.0,COVID-19
DE,35-59,2023-09-25,2023-09-03,-22 day ahead inc hosp,quantile,0.025,177.0,COVID-19
DE,60-79,2023-09-25,2023-09-03,-22 day ahead inc hosp,quantile,0.025,534.111111111111,COVID-19
DE,80+,2023-09-25,2023-09-03,-22 day ahead inc hosp,quantile,0.025,633.0,COVID-19
DE,00+,2023-09-25,2023-09-03,-22 day ahead inc hosp,quantile,0.025,1512.25274725275,COVID-19
DE,00-04,2023-09-25,2023-09-02,-23 day ahead inc hosp,quantile,0.025,62.0,COVID-19
DE,05-14,2023-09-25,2023-09-02,-23 day ahead inc hosp,quantile,0.025,14.0,COVID-19
DE,15-34,2023-09-25,2023-09-02,-23 day ahead inc hosp,quantile,0.025,89.0,COVID-19
DE,35-59,2023-09-25,2023-09-02,-23 day ahead inc hosp,quantile,0.025,178.0,COVID-19
DE,60-79,2023-09-25,2023-09-02,-23 day ahead inc hosp,quantile,0.025,538.219512195122,COVID-19
DE,80+,2023-09-25,2023-09-02,-23 day ahead inc hosp,quantile,0.025,629.0,COVID-19
DE,00+,2023-09-25,2023-09-02,-23 day ahead inc hosp,quantile,0.025,1516.39772727273,COVID-19
DE,00-04,2023-09-25,2023-09-01,-24 day ahead inc hosp,quantile,0.025,62.0,COVID-19
DE,05-14,2023-09-25,2023-09-01,-24 day ahead inc hosp,quantile,0.025,20.0,COVID-19
DE,15-34,2023-09-25,2023-09-01,-24 day ahead inc hosp,quantile,0.025,93.0,COVID-19
DE,35-59,2023-09-25,2023-09-01,-24 day ahead inc hosp,quantile,0.025,187.0,COVID-19
DE,60-79,2023-09-25,2023-09-01,-24 day ahead inc hosp,quantile,0.025,526.0,COVID-19
DE,80+,2023-09-25,2023-09-01,-24 day ahead inc hosp,quantile,0.025,634.0,COVID-19
DE,00+,2023-09-25,2023-09-01,-24 day ahead inc hosp,quantile,0.025,1527.71195652174,COVID-19
DE,00-04,2023-09-25,2023-08-31,-25 day ahead inc hosp,quantile,0.025,74.0,COVID-19
DE,05-14,2023-09-25,2023-08-31,-25 day ahead inc hosp,quantile,0.025,15.0,COVID-19
DE,15-34,2023-09-25,2023-08-31,-25 day ahead inc hosp,quantile,0.025,93.0,COVID-19
DE,35-59,2023-09-25,2023-08-31,-25 day ahead inc hosp,quantile,0.025,188.0,COVID-19
DE,60-79,2023-09-25,2023-08-31,-25 day ahead inc hosp,quantile,0.025,521.125,COVID-19
DE,80+,2023-09-25,2023-08-31,-25 day ahead inc hosp,quantile,0.025,640.0,COVID-19
DE,00+,2023-09-25,2023-08-31,-25 day ahead inc hosp,quantile,0.025,1536.57142857143,COVID-19
DE,00-04,2023-09-25,2023-08-30,-26 day ahead inc hosp,quantile,0.025,70.0,COVID-19
DE,05-14,2023-09-25,2023-08-30,-26 day ahead inc hosp,quantile,0.025,14.0,COVID-19
DE,15-34,2023-09-25,2023-08-30,-26 day ahead inc hosp,quantile,0.025,86.0,COVID-19
DE,35-59,2023-09-25,2023-08-30,-26 day ahead inc hosp,quantile,0.025,186.0,COVID-19
DE,60-79,2023-09-25,2023-08-30,-26 day ahead inc hosp,quantile,0.025,516.0,COVID-19
DE,80+,2023-09-25,2023-08-30,-26 day ahead inc hosp,quantile,0.025,641.0,COVID-19
DE,00+,2023-09-25,2023-08-30,-26 day ahead inc hosp,quantile,0.025,1515.87450738916,COVID-19
DE,00-04,2023-09-25,2023-08-29,-27 day ahead inc hosp,quantile,0.025,81.0,COVID-19
DE,05-14,2023-09-25,2023-08-29,-27 day ahead inc hosp,quantile,0.025,15.0,COVID-19
DE,15-34,2023-09-25,2023-08-29,-27 day ahead inc hosp,quantile,0.025,88.0,COVID-19
DE,35-59,2023-09-25,2023-08-29,-27 day ahead inc hosp,quantile,0.025,193.0,COVID-19
DE,60-79,2023-09-25,2023-08-29,-27 day ahead inc hosp,quantile,0.025,502.0,COVID-19
DE,80+,2023-09-25,2023-08-29,-27 day ahead inc hosp,quantile,0.025,699.0,COVID-19
DE,00+,2023-09-25,2023-08-29,-27 day ahead inc hosp,quantile,0.025,1580.86590038314,COVID-19
DE,00-04,2023-09-25,2023-08-28,-28 day ahead inc hosp,quantile,0.025,88.0,COVID-19
DE,05-14,2023-09-25,2023-08-28,-28 day ahead inc hosp,quantile,0.025,12.0,COVID-19
DE,15-34,2023-09-25,2023-08-28,-28 day ahead inc hosp,quantile,0.025,83.0,COVID-19
DE,35-59,2023-09-25,2023-08-28,-28 day ahead inc hosp,quantile,0.025,203.0,COVID-19
DE,60-79,2023-09-25,2023-08-28,-28 day ahead inc hosp,quantile,0.025,508.0,COVID-19
DE,80+,2023-09-25,2023-08-28,-28 day ahead inc hosp,quantile,0.025,676.0,COVID-19
DE,00+,2023-09-25,2023-08-28,-28 day ahead inc hosp,quantile,0.025,1571.61538461538,COVID-19
DE,00-04,2023-09-25,2023-09-25,0 day ahead inc hosp,quantile,0.1,76.522,COVID-19
DE,05-14,2023-09-25,2023-09-25,0 day ahead inc hosp,quantile,0.1,13.0,COVID-19
DE,15-34,2023-09-25,2023-09-25,0 day ahead inc hosp,quantile,0.1,67.1032258064516,COVID-19
DE,35-59,2023-09-25,2023-09-25,0 day ahead inc hosp,quantile,0.1,255.181347962382,COVID-19
DE,60-79,2023-09-25,2023-09-25,0 day ahead inc hosp,quantile,0.1,719.778381324371,COVID-19
DE,80+,2023-09-25,2023-09-25,0 day ahead inc hosp,quantile,0.1,905.231595349395,COVID-19
DE,00+,2023-09-25,2023-09-25,0 day ahead inc hosp,quantile,0.1,2084.40802277433,COVID-19
DE,00-04,2023-09-25,2023-09-24,-1 day ahead inc hosp,quantile,0.1,75.9844444444444,COVID-19
DE,05-14,2023-09-25,2023-09-24,-1 day ahead inc hosp,quantile,0.1,13.0,COVID-19
DE,15-34,2023-09-25,2023-09-24,-1 day ahead inc hosp,quantile,0.1,69.7142857142857,COVID-19
DE,35-59,2023-09-25,2023-09-24,-1 day ahead inc hosp,quantile,0.1,254.786274509804,COVID-19
DE,60-79,2023-09-25,2023-09-24,-1 day ahead inc hosp,quantile,0.1,734.980603448276,COVID-19
DE,80+,2023-09-25,2023-09-24,-1 day ahead inc hosp,quantile,0.1,921.352,COVID-19
DE,00+,2023-09-25,2023-09-24,-1 day ahead inc hosp,quantile,0.1,2109.99448989815,COVID-19
DE,00-04,2023-09-25,2023-09-23,-2 day ahead inc hosp,quantile,0.1,78.7160869565217,COVID-19
DE,05-14,2023-09-25,2023-09-23,-2 day ahead inc hosp,quantile,0.1,15.0,COVID-19
DE,15-34,2023-09-25,2023-09-23,-2 day ahead inc hosp,quantile,0.1,77.0,COVID-19
DE,35-59,2023-09-25,2023-09-23,-2 day ahead inc hosp,quantile,0.1,264.457142857143,COVID-19
DE,60-79,2023-09-25,2023-09-23,-2 day ahead inc hosp,quantile,0.1,761.178864168618,COVID-19
DE,80+,2023-09-25,2023-09-23,-2 day ahead inc hosp,quantile,0.1,953.034613158402,COVID-19
DE,00+,2023-09-25,2023-09-23,-2 day ahead inc hosp,quantile,0.1,2184.6079954955,COVID-19
DE,00-04,2023-09-25,2023-09-22,-3 day ahead inc hosp,quantile,0.1,81.0,COVID-19
DE,05-14,2023-09-25,2023-09-22,-3 day ahead inc hosp,quantile,0.1,15.0,COVID-19
DE,15-34,2023-09-25,2023-09-22,-3 day ahead inc hosp,quantile,0.1,87.0,COVID-19
DE,35-59,2023-09-25,2023-09-22,-3 day ahead inc hosp,quantile,0.1,264.84,COVID-19
DE,60-79,2023-09-25,2023-09-22,-3 day ahead inc hosp,quantile,0.1,772.563636363636,COVID-19
DE,80+,2023-09-25,2023-09-22,-3 day ahead inc hosp,quantile,0.1,955.348837209302,COVID-19
DE,00+,2023-09-25,2023-09-22,-3 day ahead inc hosp,quantile,0.1,2231.44642857143,COVID-19
DE,00-04,2023-09-25,2023-09-21,-4 day ahead inc hosp,quantile,0.1,81.0,COVID-19
DE,05-14,2023-09-25,2023-09-21,-4 day ahead inc hosp,quantile,0.1,16.0,COVID-19
DE,15-34,2023-09-25,2023-09-21,-4 day ahead inc hosp,quantile,0.1,92.0,COVID-19
DE,35-59,2023-09-25,2023-09-21,-4 day ahead inc hosp,quantile,0.1,262.888888888889,COVID-19
DE,60-79,2023-09-25,2023-09-21,-4 day ahead inc hosp,quantile,0.1,757.452054794521,COVID-19
DE,80+,2023-09-25,2023-09-21,-4 day ahead inc hosp,quantile,0.1,905.157894736842,COVID-19
DE,00+,2023-09-25,2023-09-21,-4 day ahead inc hosp,quantile,0.1,2157.0,COVID-19
DE,00-04,2023-09-25,2023-09-20,-5 day ahead inc hosp,quantile,0.1,84.0,COVID-19
DE,05-14,2023-09-25,2023-09-20,-5 day ahead inc hosp,quantile,0.1,14.0,COVID-19
DE,15-34,2023-09-25,2023-09-20,-5 day ahead inc hosp,quantile,0.1,113.0,COVID-19
DE,35-59,2023-09-25,2023-09-20,-5 day ahead inc hosp,quantile,0.1,258.5,COVID-19
DE,60-79,2023-09-25,2023-09-20,-5 day ahead inc hosp,quantile,0.1,768.577777777778,COVID-19
DE,80+,2023-09-25,2023-09-20,-5 day ahead inc hosp,quantile,0.1,864.666666666667,COVID-19
DE,00+,2023-09-25,2023-09-20,-5 day ahead inc hosp,quantile,0.1,2141.02649006623,COVID-19
DE,00-04,2023-09-25,2023-09-19,-6 day ahead inc hosp,quantile,0.1,89.0,COVID-19
DE,05-14,2023-09-25,2023-09-19,-6 day ahead inc hosp,quantile,0.1,13.0,COVID-19
DE,15-34,2023-09-25,2023-09-19,-6 day ahead inc hosp,quantile,0.1,114.0,COVID-19
DE,35-59,2023-09-25,2023-09-19,-6 day ahead inc hosp,quantile,0.1,246.928571428571,COVID-19
DE,60-79,2023-09-25,2023-09-19,-6 day ahead inc hosp,quantile,0.1,790.608695652174,COVID-19
DE,80+,2023-09-25,2023-09-19,-6 day ahead inc hosp,quantile,0.1,858.708333333333,COVID-19
DE,00+,2023-09-25,2023-09-19,-6 day ahead inc hosp,quantile,0.1,2145.57142857143,COVID-19
DE,00-04,2023-09-25,2023-09-18,-7 day ahead inc hosp,quantile,0.1,96.0,COVID-19
DE,05-14,2023-09-25,2023-09-18,-7 day ahead inc hosp,quantile,0.1,13.0,COVID-19
DE,15-34,2023-09-25,2023-09-18,-7 day ahead inc hosp,quantile,0.1,128.0,COVID-19
DE,35-59,2023-09-25,2023-09-18,-7 day ahead inc hosp,quantile,0.1,240.5,COVID-19
DE,60-79,2023-09-25,2023-09-18,-7 day ahead inc hosp,quantile,0.1,780.0,COVID-19
DE,80+,2023-09-25,2023-09-18,-7 day ahead inc hosp,quantile,0.1,905.51282051282,COVID-19
DE,00+,2023-09-25,2023-09-18,-7 day ahead inc hosp,quantile,0.1,2189.12,COVID-19
DE,00-04,2023-09-25,2023-09-17,-8 day ahead inc hosp,quantile,0.1,99.0,COVID-19
DE,05-14,2023-09-25,2023-09-17,-8 day ahead inc hosp,quantile,0.1,13.0,COVID-19
DE,15-34,2023-09-25,2023-09-17,-8 day ahead inc hosp,quantile,0.1,129.0,COVID-19
DE,35-59,2023-09-25,2023-09-17,-8 day ahead inc hosp,quantile,0.1,237.321428571429,COVID-19
DE,60-79,2023-09-25,2023-09-17,-8 day ahead inc hosp,quantile,0.1,777.0,COVID-19
DE,80+,2023-09-25,2023-09-17,-8 day ahead inc hosp,quantile,0.1,907.51282051282,COVID-19
DE,00+,2023-09-25,2023-09-17,-8 day ahead inc hosp,quantile,0.1,2188.35555555556,COVID-19
DE,00-04,2023-09-25,2023-09-16,-9 day ahead inc hosp,quantile,0.1,100.0,COVID-19
DE,05-14,2023-09-25,2023-09-16,-9 day ahead inc hosp,quantile,0.1,12.0,COVID-19
DE,15-34,2023-09-25,2023-09-16,-9 day ahead inc hosp,quantile,0.1,124.0,COVID-19
DE,35-59,2023-09-25,2023-09-16,-9 day ahead inc hosp,quantile,0.1,233.12,COVID-19
DE,60-79,2023-09-25,2023-09-16,-9 day ahead inc hosp,quantile,0.1,774.0,COVID-19
DE,80+,2023-09-25,2023-09-16,-9 day ahead inc hosp,quantile,0.1,895.032258064516,COVID-19
DE,00+,2023-09-25,2023-09-16,-9 day ahead inc hosp,quantile,0.1,2159.11711711712,COVID-19
DE,00-04,2023-09-25,2023-09-15,-10 day ahead inc hosp,quantile,0.1,106.0,COVID-19
DE,05-14,2023-09-25,2023-09-15,-10 day ahead inc hosp,quantile,0.1,10.0,COVID-19
DE,15-34,2023-09-25,2023-09-15,-10 day ahead inc hosp,quantile,0.1,137.0,COVID-19
DE,35-59,2023-09-25,2023-09-15,-10 day ahead inc hosp,quantile,0.1,252.461538461538,COVID-19
DE,60-79,2023-09-25,2023-09-15,-10 day ahead inc hosp,quantile,0.1,773.0,COVID-19
DE,80+,2023-09-25,2023-09-15,-10 day ahead inc hosp,quantile,0.1,943.509803921569,COVID-19
DE,00+,2023-09-25,2023-09-15,-10 day ahead inc hosp,quantile,0.1,2242.41304347826,COVID-19
DE,00-04,2023-09-25,2023-09-14,-11 day ahead inc hosp,quantile,0.1,106.0,COVID-19
DE,05-14,2023-09-25,2023-09-14,-11 day ahead inc hosp,quantile,0.1,11.0,COVID-19
DE,15-34,2023-09-25,2023-09-14,-11 day ahead inc hosp,quantile,0.1,136.0,COVID-19
DE,35-59,2023-09-25,2023-09-14,-11 day ahead inc hosp,quantile,0.1,245.363636363636,COVID-19
DE,60-79,2023-09-25,2023-09-14,-11 day ahead inc hosp,quantile,0.1,786.0,COVID-19
DE,80+,2023-09-25,2023-09-14,-11 day ahead inc hosp,quantile,0.1,1004.25,COVID-19
DE,00+,2023-09-25,2023-09-14,-11 day ahead inc hosp,quantile,0.1,2302.60975609756,COVID-19
DE,00-04,2023-09-25,2023-09-13,-12 day ahead inc hosp,quantile,0.1,113.0,COVID-19
DE,05-14,2023-09-25,2023-09-13,-12 day ahead inc hosp,quantile,0.1,10.0,COVID-19
DE,15-34,2023-09-25,2023-09-13,-12 day ahead inc hosp,quantile,0.1,132.0,COVID-19
DE,35-59,2023-09-25,2023-09-13,-12 day ahead inc hosp,quantile,0.1,248.636363636364,COVID-19
DE,60-79,2023-09-25,2023-09-13,-12 day ahead inc hosp,quantile,0.1,801.0,COVID-19
DE,80+,2023-09-25,2023-09-13,-12 day ahead inc hosp,quantile,0.1,1025.74074074074,COVID-19
DE,00+,2023-09-25,2023-09-13,-12 day ahead inc hosp,quantile,0.1,2344.39473684211,COVID-19
DE,00-04,2023-09-25,2023-09-12,-13 day ahead inc hosp,quantile,0.1,106.0,COVID-19
DE,05-14,2023-09-25,2023-09-12,-13 day ahead inc hosp,quantile,0.1,11.0,COVID-19
DE,15-34,2023-09-25,2023-09-12,-13 day ahead inc hosp,quantile,0.1,139.0,COVID-19
DE,35-59,2023-09-25,2023-09-12,-13 day ahead inc hosp,quantile,0.1,247.142857142857,COVID-19
DE,60-79,2023-09-25,2023-09-12,-13 day ahead inc hosp,quantile,0.1,775.0,COVID-19
DE,80+,2023-09-25,2023-09-12,-13 day ahead inc hosp,quantile,0.1,987.75,COVID-19
DE,00+,2023-09-25,2023-09-12,-13 day ahead inc hosp,quantile,0.1,2276.0,COVID-19
DE,00-04,2023-09-25,2023-09-11,-14 day ahead inc hosp,quantile,0.1,92.0,COVID-19
DE,05-14,2023-09-25,2023-09-11,-14 day ahead inc hosp,quantile,0.1,8.0,COVID-19
DE,15-34,2023-09-25,2023-09-11,-14 day ahead inc hosp,quantile,0.1,138.0,COVID-19
DE,35-59,2023-09-25,2023-09-11,-14 day ahead inc hosp,quantile,0.1,221.0,COVID-19
DE,60-79,2023-09-25,2023-09-11,-14 day ahead inc hosp,quantile,0.1,714.0,COVID-19
DE,80+,2023-09-25,2023-09-11,-14 day ahead inc hosp,quantile,0.1,906.58064516129,COVID-19
DE,00+,2023-09-25,2023-09-11,-14 day ahead inc hosp,quantile,0.1,2090.0,COVID-19
DE,00-04,2023-09-25,2023-09-10,-15 day ahead inc hosp,quantile,0.1,90.0,COVID-19
DE,05-14,2023-09-25,2023-09-10,-15 day ahead inc hosp,quantile,0.1,8.0,COVID-19
DE,15-34,2023-09-25,2023-09-10,-15 day ahead inc hosp,quantile,0.1,137.0,COVID-19
DE,35-59,2023-09-25,2023-09-10,-15 day ahead inc hosp,quantile,0.1,219.0,COVID-19
DE,60-79,2023-09-25,2023-09-10,-15 day ahead inc hosp,quantile,0.1,715.0,COVID-19
DE,80+,2023-09-25,2023-09-10,-15 day ahead inc hosp,quantile,0.1,909.666666666667,COVID-19
DE,00+,2023-09-25,2023-09-10,-15 day ahead inc hosp,quantile,0.1,2091.15789473684,COVID-19
DE,00-04,2023-09-25,2023-09-09,-16 day ahead inc hosp,quantile,0.1,88.0,COVID-19
DE,05-14,2023-09-25,2023-09-09,-16 day ahead inc hosp,quantile,0.1,8.0,COVID-19
DE,15-34,2023-09-25,2023-09-09,-16 day ahead inc hosp,quantile,0.1,137.0,COVID-19
DE,35-59,2023-09-25,2023-09-09,-16 day ahead inc hosp,quantile,0.1,219.0,COVID-19
DE,60-79,2023-09-25,2023-09-09,-16 day ahead inc hosp,quantile,0.1,702.0,COVID-19
DE,80+,2023-09-25,2023-09-09,-16 day ahead inc hosp,quantile,0.1,915.782608695652,COVID-19
DE,00+,2023-09-25,2023-09-09,-16 day ahead inc hosp,quantile,0.1,2079.56756756757,COVID-19
DE,00-04,2023-09-25,2023-09-08,-17 day ahead inc hosp,quantile,0.1,83.0,COVID-19
DE,05-14,2023-09-25,2023-09-08,-17 day ahead inc hosp,quantile,0.1,8.0,COVID-19
DE,15-34,2023-09-25,2023-09-08,-17 day ahead inc hosp,quantile,0.1,119.0,COVID-19
DE,35-59,2023-09-25,2023-09-08,-17 day ahead inc hosp,quantile,0.1,201.0,COVID-19
DE,60-79,2023-09-25,2023-09-08,-17 day ahead inc hosp,quantile,0.1,676.0,COVID-19
DE,80+,2023-09-25,2023-09-08,-17 day ahead inc hosp,quantile,0.1,836.041666666667,COVID-19
DE,00+,2023-09-25,2023-09-08,-17 day ahead inc hosp,quantile,0.1,1932.51219512195,COVID-19
DE,00-04,2023-09-25,2023-09-07,-18 day ahead inc hosp,quantile,0.1,73.0,COVID-19
DE,05-14,2023-09-25,2023-09-07,-18 day ahead inc hosp,quantile,0.1,11.0,COVID-19
DE,15-34,2023-09-25,2023-09-07,-18 day ahead inc hosp,quantile,0.1,111.0,COVID-19
DE,35-59,2023-09-25,2023-09-07,-18 day ahead inc hosp,quantile,0.1,199.0,COVID-19
DE,60-79,2023-09-25,2023-09-07,-18 day ahead inc hosp,quantile,0.1,618.0,COVID-19
DE,80+,2023-09-25,2023-09-07,-18 day ahead inc hosp,quantile,0.1,767.0,COVID-19
DE,00+,2023-09-25,2023-09-07,-18 day ahead inc hosp,quantile,0.1,1783.69230769231,COVID-19
DE,00-04,2023-09-25,2023-09-06,-19 day ahead inc hosp,quantile,0.1,70.0,COVID-19
DE,05-14,2023-09-25,2023-09-06,-19 day ahead inc hosp,quantile,0.1,13.0,COVID-19
DE,15-34,2023-09-25,2023-09-06,-19 day ahead inc hosp,quantile,0.1,109.0,COVID-19
DE,35-59,2023-09-25,2023-09-06,-19 day ahead inc hosp,quantile,0.1,190.0,COVID-19
DE,60-79,2023-09-25,2023-09-06,-19 day ahead inc hosp,quantile,0.1,584.448275862069,COVID-19
DE,80+,2023-09-25,2023-09-06,-19 day ahead inc hosp,quantile,0.1,713.0,COVID-19
DE,00+,2023-09-25,2023-09-06,-19 day ahead inc hosp,quantile,0.1,1686.60869565217,COVID-19
DE,00-04,2023-09-25,2023-09-05,-20 day ahead inc hosp,quantile,0.1,66.0,COVID-19
DE,05-14,2023-09-25,2023-09-05,-20 day ahead inc hosp,quantile,0.1,11.0,COVID-19
DE,15-34,2023-09-25,2023-09-05,-20 day ahead inc hosp,quantile,0.1,100.0,COVID-19
DE,35-59,2023-09-25,2023-09-05,-20 day ahead inc hosp,quantile,0.1,174.0,COVID-19
DE,60-79,2023-09-25,2023-09-05,-20 day ahead inc hosp,quantile,0.1,545.260869565217,COVID-19
DE,80+,2023-09-25,2023-09-05,-20 day ahead inc hosp,quantile,0.1,657.0,COVID-19
DE,00+,2023-09-25,2023-09-05,-20 day ahead inc hosp,quantile,0.1,1560.3,COVID-19
DE,00-04,2023-09-25,2023-09-04,-21 day ahead inc hosp,quantile,0.1,61.0,COVID-19
DE,05-14,2023-09-25,2023-09-04,-21 day ahead inc hosp,quantile,0.1,14.0,COVID-19
DE,15-34,2023-09-25,2023-09-04,-21 day ahead inc hosp,quantile,0.1,87.0,COVID-19
DE,35-59,2023-09-25,2023-09-04,-21 day ahead inc hosp,quantile,0.1,176.0,COVID-19
DE,60-79,2023-09-25,2023-09-04,-21 day ahead inc hosp,quantile,0.1,545.0,COVID-19
DE,80+,2023-09-25,2023-09-04,-21 day ahead inc hosp,quantile,0.1,644.0,COVID-19
DE,00+,2023-09-25,2023-09-04,-21 day ahead inc hosp,quantile,0.1,1534.61538461538,COVID-19
DE,00-04,2023-09-25,2023-09-03,-22 day ahead inc hosp,quantile,0.1,60.0,COVID-19
DE,05-14,2023-09-25,2023-09-03,-22 day ahead inc hosp,quantile,0.1,14.0,COVID-19
DE,15-34,2023-09-25,2023-09-03,-22 day ahead inc hosp,quantile,0.1,89.0,COVID-19
DE,35-59,2023-09-25,2023-09-03,-22 day ahead inc hosp,quantile,0.1,177.0,COVID-19
DE,60-79,2023-09-25,2023-09-03,-22 day ahead inc hosp,quantile,0.1,537.0,COVID-19
DE,80+,2023-09-25,2023-09-03,-22 day ahead inc hosp,quantile,0.1,635.0,COVID-19
DE,00+,2023-09-25,2023-09-03,-22 day ahead inc hosp,quantile,0.1,1518.32,COVID-19
DE,00-04,2023-09-25,2023-09-02,-23 day ahead inc hosp,quantile,0.1,62.0,COVID-19
DE,05-14,2023-09-25,2023-09-02,-23 day ahead inc hosp,quantile,0.1,14.0,COVID-19
DE,15-34,2023-09-25,2023-09-02,-23 day ahead inc hosp,quantile,0.1,89.0,COVID-19
DE,35-59,2023-09-25,2023-09-02,-23 day ahead inc hosp,quantile,0.1,178.0,COVID-19
DE,60-79,2023-09-25,2023-09-02,-23 day ahead inc hosp,quantile,0.1,539.166666666667,COVID-19
DE,80+,2023-09-25,2023-09-02,-23 day ahead inc hosp,quantile,0.1,631.0,COVID-19
DE,00+,2023-09-25,2023-09-02,-23 day ahead inc hosp,quantile,0.1,1521.05263157895,COVID-19
DE,00-04,2023-09-25,2023-09-01,-24 day ahead inc hosp,quantile,0.1,62.0,COVID-19
DE,05-14,2023-09-25,2023-09-01,-24 day ahead inc hosp,quantile,0.1,20.8,COVID-19
DE,15-34,2023-09-25,2023-09-01,-24 day ahead inc hosp,quantile,0.1,93.0,COVID-19
DE,35-59,2023-09-25,2023-09-01,-24 day ahead inc hosp,quantile,0.1,187.0,COVID-19
DE,60-79,2023-09-25,2023-09-01,-24 day ahead inc hosp,quantile,0.1,526.391304347826,COVID-19
DE,80+,2023-09-25,2023-09-01,-24 day ahead inc hosp,quantile,0.1,636.0,COVID-19
DE,00+,2023-09-25,2023-09-01,-24 day ahead inc hosp,quantile,0.1,1532.88524590164,COVID-19
DE,00-04,2023-09-25,2023-08-31,-25 day ahead inc hosp,quantile,0.1,74.0,COVID-19
DE,05-14,2023-09-25,2023-08-31,-25 day ahead inc hosp,quantile,0.1,15.5,COVID-19
DE,15-34,2023-09-25,2023-08-31,-25 day ahead inc hosp,quantile,0.1,93.0,COVID-19
DE,35-59,2023-09-25,2023-08-31,-25 day ahead inc hosp,quantile,0.1,188.0,COVID-19
DE,60-79,2023-09-25,2023-08-31,-25 day ahead inc hosp,quantile,0.1,524.0,COVID-19
DE,80+,2023-09-25,2023-08-31,-25 day ahead inc hosp,quantile,0.1,641.0,COVID-19
DE,00+,2023-09-25,2023-08-31,-25 day ahead inc hosp,quantile,0.1,1541.77777777778,COVID-19
DE,00-04,2023-09-25,2023-08-30,-26 day ahead inc hosp,quantile,0.1,70.0,COVID-19
DE,05-14,2023-09-25,2023-08-30,-26 day ahead inc hosp,quantile,0.1,14.4,COVID-19
DE,15-34,2023-09-25,2023-08-30,-26 day ahead inc hosp,quantile,0.1,86.0,COVID-19
DE,35-59,2023-09-25,2023-08-30,-26 day ahead inc hosp,quantile,0.1,186.0,COVID-19
DE,60-79,2023-09-25,2023-08-30,-26 day ahead inc hosp,quantile,0.1,515.5,COVID-19
DE,80+,2023-09-25,2023-08-30,-26 day ahead inc hosp,quantile,0.1,642.0,COVID-19
DE,00+,2023-09-25,2023-08-30,-26 day ahead inc hosp,quantile,0.1,1520.03448275862,COVID-19
DE,00-04,2023-09-25,2023-08-29,-27 day ahead inc hosp,quantile,0.1,81.0,COVID-19
DE,05-14,2023-09-25,2023-08-29,-27 day ahead inc hosp,quantile,0.1,15.4,COVID-19
DE,15-34,2023-09-25,2023-08-29,-27 day ahead inc hosp,quantile,0.1,88.0,COVID-19
DE,35-59,2023-09-25,2023-08-29,-27 day ahead inc hosp,quantile,0.1,193.0,COVID-19
DE,60-79,2023-09-25,2023-08-29,-27 day ahead inc hosp,quantile,0.1,503.352941176471,COVID-19
DE,80+,2023-09-25,2023-08-29,-27 day ahead inc hosp,quantile,0.1,700.0,COVID-19
DE,00+,2023-09-25,2023-08-29,-27 day ahead inc hosp,quantile,0.1,1586.07692307692,COVID-19
DE,00-04,2023-09-25,2023-08-28,-28 day ahead inc hosp,quantile,0.1,88.0,COVID-19
DE,05-14,2023-09-25,2023-08-28,-28 day ahead inc hosp,quantile,0.1,12.4,COVID-19
DE,15-34,2023-09-25,2023-08-28,-28 day ahead inc hosp,quantile,0.1,83.0,COVID-19
DE,35-59,2023-09-25,2023-08-28,-28 day ahead inc hosp,quantile,0.1,203.0,COVID-19
DE,60-79,2023-09-25,2023-08-28,-28 day ahead inc hosp,quantile,0.1,508.5,COVID-19
DE,80+,2023-09-25,2023-08-28,-28 day ahead inc hosp,quantile,0.1,678.0,COVID-19
DE,00+,2023-09-25,2023-08-28,-28 day ahead inc hosp,quantile,0.1,1577.89473684211,COVID-19
DE,00-04,2023-09-25,2023-09-25,0 day ahead inc hosp,quantile,0.25,79.8489010989011,COVID-19
DE,05-14,2023-09-25,2023-09-25,0 day ahead inc hosp,quantile,0.25,14.0,COVID-19
DE,15-34,2023-09-25,2023-09-25,0 day ahead inc hosp,quantile,0.25,70.027972027972,COVID-19
DE,35-59,2023-09-25,2023-09-25,0 day ahead inc hosp,quantile,0.25,270.697767145136,COVID-19
DE,60-79,2023-09-25,2023-09-25,0 day ahead inc hosp,quantile,0.25,735.609024390244,COVID-19
DE,80+,2023-09-25,2023-09-25,0 day ahead inc hosp,quantile,0.25,930.278846153846,COVID-19
DE,00+,2023-09-25,2023-09-25,0 day ahead inc hosp,quantile,0.25,2114.25696517413,COVID-19
DE,00-04,2023-09-25,2023-09-24,-1 day ahead inc hosp,quantile,0.25,78.4816176470588,COVID-19
DE,05-14,2023-09-25,2023-09-24,-1 day ahead inc hosp,quantile,0.25,14.0,COVID-19
DE,15-34,2023-09-25,2023-09-24,-1 day ahead inc hosp,quantile,0.25,71.6190476190476,COVID-19
DE,35-59,2023-09-25,2023-09-24,-1 day ahead inc hosp,quantile,0.25,264.406832298137,COVID-19
DE,60-79,2023-09-25,2023-09-24,-1 day ahead inc hosp,quantile,0.25,751.303571428571,COVID-19
DE,80+,2023-09-25,2023-09-24,-1 day ahead inc hosp,quantile,0.25,940.744959677419,COVID-19
DE,00+,2023-09-25,2023-09-24,-1 day ahead inc hosp,quantile,0.25,2140.83386020372,COVID-19
DE,00-04,2023-09-25,2023-09-23,-2 day ahead inc hosp,quantile,0.25,79.4542483660131,COVID-19
DE,05-14,2023-09-25,2023-09-23,-2 day ahead inc hosp,quantile,0.25,16.0,COVID-19
DE,15-34,2023-09-25,2023-09-23,-2 day ahead inc hosp,quantile,0.25,77.6280701754386,COVID-19
DE,35-59,2023-09-25,2023-09-23,-2 day ahead inc hosp,quantile,0.25,270.457894736842,COVID-19
DE,60-79,2023-09-25,2023-09-23,-2 day ahead inc hosp,quantile,0.25,769.895454545455,COVID-19
DE,80+,2023-09-25,2023-09-23,-2 day ahead inc hosp,quantile,0.25,970.96056547619,COVID-19
DE,00+,2023-09-25,2023-09-23,-2 day ahead inc hosp,quantile,0.25,2210.47869535045,COVID-19
DE,00-04,2023-09-25,2023-09-22,-3 day ahead inc hosp,quantile,0.25,84.0,COVID-19
DE,05-14,2023-09-25,2023-09-22,-3 day ahead inc hosp,quantile,0.25,16.0,COVID-19
DE,15-34,2023-09-25,2023-09-22,-3 day ahead inc hosp,quantile,0.25,90.0,COVID-19
DE,35-59,2023-09-25,2023-09-22,-3 day ahead inc hosp,quantile,0.25,271.615384615385,COVID-19
DE,60-79,2023-09-25,2023-09-22,-3 day ahead inc hosp,quantile,0.25,785.583333333333,COVID-19
DE,80+,2023-09-25,2023-09-22,-3 day ahead inc hosp,quantile,0.25,983.705882352941,COVID-19
DE,00+,2023-09-25,2023-09-22,-3 day ahead inc hosp,quantile,0.25,2248.74,COVID-19
DE,00-04,2023-09-25,2023-09-21,-4 day ahead inc hosp,quantile,0.25,83.0,COVID-19
DE,05-14,2023-09-25,2023-09-21,-4 day ahead inc hosp,quantile,0.25,16.8,COVID-19
DE,15-34,2023-09-25,2023-09-21,-4 day ahead inc hosp,quantile,0.25,94.0,COVID-19
DE,35-59,2023-09-25,2023-09-21,-4 day ahead inc hosp,quantile,0.25,268.875,COVID-19
DE,60-79,2023-09-25,2023-09-21,-4 day ahead inc hosp,quantile,0.25,770.0,COVID-19
DE,80+,2023-09-25,2023-09-21,-4 day ahead inc hosp,quantile,0.25,918.894736842105,COVID-19
DE,00+,2023-09-25,2023-09-21,-4 day ahead inc hosp,quantile,0.25,2169.93939393939,COVID-19
DE,00-04,2023-09-25,2023-09-20,-5 day ahead inc hosp,quantile,0.25,86.0,COVID-19
DE,05-14,2023-09-25,2023-09-20,-5 day ahead inc hosp,quantile,0.25,15.0,COVID-19
DE,15-34,2023-09-25,2023-09-20,-5 day ahead inc hosp,quantile,0.25,115.0,COVID-19
DE,35-59,2023-09-25,2023-09-20,-5 day ahead inc hosp,quantile,0.25,265.533333333333,COVID-19
DE,60-79,2023-09-25,2023-09-20,-5 day ahead inc hosp,quantile,0.25,780.0,COVID-19
DE,80+,2023-09-25,2023-09-20,-5 day ahead inc hosp,quantile,0.25,878.741935483871,COVID-19
DE,00+,2023-09-25,2023-09-20,-5 day ahead inc hosp,quantile,0.25,2160.64516129032,COVID-19
DE,00-04,2023-09-25,2023-09-19,-6 day ahead inc hosp,quantile,0.25,91.0,COVID-19
DE,05-14,2023-09-25,2023-09-19,-6 day ahead inc hosp,quantile,0.25,14.0,COVID-19
DE,15-34,2023-09-25,2023-09-19,-6 day ahead inc hosp,quantile,0.25,116.0,COVID-19
DE,35-59,2023-09-25,2023-09-19,-6 day ahead inc hosp,quantile,0.25,255.133333333333,COVID-19
DE,60-79,2023-09-25,2023-09-19,-6 day ahead inc hosp,quantile,0.25,800.0,COVID-19
DE,80+,2023-09-25,2023-09-19,-6 day ahead inc hosp,quantile,0.25,872.166666666667,COVID-19
DE,00+,2023-09-25,2023-09-19,-6 day ahead inc hosp,quantile,0.25,2164.33333333333,COVID-19
DE,00-04,2023-09-25,2023-09-18,-7 day ahead inc hosp,quantile,0.25,98.0,COVID-19
DE,05-14,2023-09-25,2023-09-18,-7 day ahead inc hosp,quantile,0.25,14.0,COVID-19
DE,15-34,2023-09-25,2023-09-18,-7 day ahead inc hosp,quantile,0.25,130.0,COVID-19
DE,35-59,2023-09-25,2023-09-18,-7 day ahead inc hosp,quantile,0.25,247.222222222222,COVID-19
DE,60-79,2023-09-25,2023-09-18,-7 day ahead inc hosp,quantile,0.25,785.0,COVID-19
DE,80+,2023-09-25,2023-09-18,-7 day ahead inc hosp,quantile,0.25,916.066666666667,COVID-19
DE,00+,2023-09-25,2023-09-18,-7 day ahead inc hosp,quantile,0.25,2208.11111111111,COVID-19
DE,00-04,2023-09-25,2023-09-17,-8 day ahead inc hosp,quantile,0.25,101.0,COVID-19
DE,05-14,2023-09-25,2023-09-17,-8 day ahead inc hosp,quantile,0.25,14.0,COVID-19
DE,15-34,2023-09-25,2023-09-17,-8 day ahead inc hosp,quantile,0.25,131.0,COVID-19
DE,35-59,2023-09-25,2023-09-17,-8 day ahead inc hosp,quantile,0.25,244.5625,COVID-19
DE,60-79,2023-09-25,2023-09-17,-8 day ahead inc hosp,quantile,0.25,782.0,COVID-19
DE,80+,2023-09-25,2023-09-17,-8 day ahead inc hosp,quantile,0.25,920.047619047619,COVID-19
DE,00+,2023-09-25,2023-09-17,-8 day ahead inc hosp,quantile,0.25,2206.28,COVID-19
DE,00-04,2023-09-25,2023-09-16,-9 day ahead inc hosp,quantile,0.25,102.0,COVID-19
DE,05-14,2023-09-25,2023-09-16,-9 day ahead inc hosp,quantile,0.25,12.0,COVID-19
DE,15-34,2023-09-25,2023-09-16,-9 day ahead inc hosp,quantile,0.25,126.0,COVID-19
DE,35-59,2023-09-25,2023-09-16,-9 day ahead inc hosp,quantile,0.25,238.363636363636,COVID-19
DE,60-79,2023-09-25,2023-09-16,-9 day ahead inc hosp,quantile,0.25,779.0,COVID-19
DE,80+,2023-09-25,2023-09-16,-9 day ahead inc hosp,quantile,0.25,901.846153846154,COVID-19
DE,00+,2023-09-25,2023-09-16,-9 day ahead inc hosp,quantile,0.25,2178.25,COVID-19
DE,00-04,2023-09-25,2023-09-15,-10 day ahead inc hosp,quantile,0.25,108.0,COVID-19
DE,05-14,2023-09-25,2023-09-15,-10 day ahead inc hosp,quantile,0.25,10.0,COVID-19
DE,15-34,2023-09-25,2023-09-15,-10 day ahead inc hosp,quantile,0.25,139.0,COVID-19
DE,35-59,2023-09-25,2023-09-15,-10 day ahead inc hosp,quantile,0.25,256.0,COVID-19
DE,60-79,2023-09-25,2023-09-15,-10 day ahead inc hosp,quantile,0.25,777.0,COVID-19
DE,80+,2023-09-25,2023-09-15,-10 day ahead inc hosp,quantile,0.25,955.052631578947,COVID-19
DE,00+,2023-09-25,2023-09-15,-10 day ahead inc hosp,quantile,0.25,2262.42857142857,COVID-19
DE,00-04,2023-09-25,2023-09-14,-11 day ahead inc hosp,quantile,0.25,107.0,COVID-19
DE,05-14,2023-09-25,2023-09-14,-11 day ahead inc hosp,quantile,0.25,11.0,COVID-19
DE,15-34,2023-09-25,2023-09-14,-11 day ahead inc hosp,quantile,0.25,138.0,COVID-19
DE,35-59,2023-09-25,2023-09-14,-11 day ahead inc hosp,quantile,0.25,249.5,COVID-19
DE,60-79,2023-09-25,2023-09-14,-11 day ahead inc hosp,quantile,0.25,792.0,COVID-19
DE,80+,2023-09-25,2023-09-14,-11 day ahead inc hosp,quantile,0.25,1010.23529411765,COVID-19
DE,00+,2023-09-25,2023-09-14,-11 day ahead inc hosp,quantile,0.25,2323.82352941176,COVID-19
DE,00-04,2023-09-25,2023-09-13,-12 day ahead inc hosp,quantile,0.25,114.0,COVID-19
DE,05-14,2023-09-25,2023-09-13,-12 day ahead inc hosp,quantile,0.25,10.0,COVID-19
DE,15-34,2023-09-25,2023-09-13,-12 day ahead inc hosp,quantile,0.25,134.0,COVID-19
DE,35-59,2023-09-25,2023-09-13,-12 day ahead inc hosp,quantile,0.25,253.0,COVID-19
DE,60-79,2023-09-25,2023-09-13,-12 day ahead inc hosp,quantile,0.25,805.0,COVID-19
DE,80+,2023-09-25,2023-09-13,-12 day ahead inc hosp,quantile,0.25,1032.0,COVID-19
DE,00+,2023-09-25,2023-09-13,-12 day ahead inc hosp,quantile,0.25,2363.70454545455,COVID-19
DE,00-04,2023-09-25,2023-09-12,-13 day ahead inc hosp,quantile,0.25,107.0,COVID-19
DE,05-14,2023-09-25,2023-09-12,-13 day ahead inc hosp,quantile,0.25,11.0,COVID-19
DE,15-34,2023-09-25,2023-09-12,-13 day ahead inc hosp,quantile,0.25,141.0,COVID-19
DE,35-59,2023-09-25,2023-09-12,-13 day ahead inc hosp,quantile,0.25,253.25,COVID-19
DE,60-79,2023-09-25,2023-09-12,-13 day ahead inc hosp,quantile,0.25,779.0,COVID-19
DE,80+,2023-09-25,2023-09-12,-13 day ahead inc hosp,quantile,0.25,991.909090909091,COVID-19
DE,00+,2023-09-25,2023-09-12,-13 day ahead inc hosp,quantile,0.25,2297.0,COVID-19
DE,00-04,2023-09-25,2023-09-11,-14 day ahead inc hosp,quantile,0.25,93.0,COVID-19
DE,05-14,2023-09-25,2023-09-11,-14 day ahead inc hosp,quantile,0.25,8.0,COVID-19
DE,15-34,2023-09-25,2023-09-11,-14 day ahead inc hosp,quantile,0.25,140.0,COVID-19
DE,35-59,2023-09-25,2023-09-11,-14 day ahead inc hosp,quantile,0.25,227.181818181818,COVID-19
DE,60-79,2023-09-25,2023-09-11,-14 day ahead inc hosp,quantile,0.25,718.0,COVID-19
DE,80+,2023-09-25,2023-09-11,-14 day ahead inc hosp,quantile,0.25,910.941176470588,COVID-19
DE,00+,2023-09-25,2023-09-11,-14 day ahead inc hosp,quantile,0.25,2109.03571428571,COVID-19
DE,00-04,2023-09-25,2023-09-10,-15 day ahead inc hosp,quantile,0.25,91.0,COVID-19
DE,05-14,2023-09-25,2023-09-10,-15 day ahead inc hosp,quantile,0.25,8.0,COVID-19
DE,15-34,2023-09-25,2023-09-10,-15 day ahead inc hosp,quantile,0.25,139.0,COVID-19
DE,35-59,2023-09-25,2023-09-10,-15 day ahead inc hosp,quantile,0.25,225.111111111111,COVID-19
DE,60-79,2023-09-25,2023-09-10,-15 day ahead inc hosp,quantile,0.25,718.0,COVID-19
DE,80+,2023-09-25,2023-09-10,-15 day ahead inc hosp,quantile,0.25,914.647058823529,COVID-19
DE,00+,2023-09-25,2023-09-10,-15 day ahead inc hosp,quantile,0.25,2108.87234042553,COVID-19
DE,00-04,2023-09-25,2023-09-09,-16 day ahead inc hosp,quantile,0.25,89.0,COVID-19
DE,05-14,2023-09-25,2023-09-09,-16 day ahead inc hosp,quantile,0.25,8.0,COVID-19
DE,15-34,2023-09-25,2023-09-09,-16 day ahead inc hosp,quantile,0.25,139.0,COVID-19
DE,35-59,2023-09-25,2023-09-09,-16 day ahead inc hosp,quantile,0.25,224.0,COVID-19
DE,60-79,2023-09-25,2023-09-09,-16 day ahead inc hosp,quantile,0.25,705.0,COVID-19
DE,80+,2023-09-25,2023-09-09,-16 day ahead inc hosp,quantile,0.25,923.0,COVID-19
DE,00+,2023-09-25,2023-09-09,-16 day ahead inc hosp,quantile,0.25,2097.52941176471,COVID-19
DE,00-04,2023-09-25,2023-09-08,-17 day ahead inc hosp,quantile,0.25,85.0,COVID-19
DE,05-14,2023-09-25,2023-09-08,-17 day ahead inc hosp,quantile,0.25,8.0,COVID-19
DE,15-34,2023-09-25,2023-09-08,-17 day ahead inc hosp,quantile,0.25,120.0,COVID-19
DE,35-59,2023-09-25,2023-09-08,-17 day ahead inc hosp,quantile,0.25,205.0,COVID-19
DE,60-79,2023-09-25,2023-09-08,-17 day ahead inc hosp,quantile,0.25,679.0,COVID-19
DE,80+,2023-09-25,2023-09-08,-17 day ahead inc hosp,quantile,0.25,841.368421052632,COVID-19
DE,00+,2023-09-25,2023-09-08,-17 day ahead inc hosp,quantile,0.25,1950.0,COVID-19
DE,00-04,2023-09-25,2023-09-07,-18 day ahead inc hosp,quantile,0.25,74.0,COVID-19
DE,05-14,2023-09-25,2023-09-07,-18 day ahead inc hosp,quantile,0.25,11.0,COVID-19
DE,15-34,2023-09-25,2023-09-07,-18 day ahead inc hosp,quantile,0.25,112.0,COVID-19
DE,35-59,2023-09-25,2023-09-07,-18 day ahead inc hosp,quantile,0.25,200.0,COVID-19
DE,60-79,2023-09-25,2023-09-07,-18 day ahead inc hosp,quantile,0.25,621.0,COVID-19
DE,80+,2023-09-25,2023-09-07,-18 day ahead inc hosp,quantile,0.25,768.529411764706,COVID-19
DE,00+,2023-09-25,2023-09-07,-18 day ahead inc hosp,quantile,0.25,1798.625,COVID-19
DE,00-04,2023-09-25,2023-09-06,-19 day ahead inc hosp,quantile,0.25,71.0,COVID-19
DE,05-14,2023-09-25,2023-09-06,-19 day ahead inc hosp,quantile,0.25,13.0,COVID-19
DE,15-34,2023-09-25,2023-09-06,-19 day ahead inc hosp,quantile,0.25,110.0,COVID-19
DE,35-59,2023-09-25,2023-09-06,-19 day ahead inc hosp,quantile,0.25,190.333333333333,COVID-19
DE,60-79,2023-09-25,2023-09-06,-19 day ahead inc hosp,quantile,0.25,588.0,COVID-19
DE,80+,2023-09-25,2023-09-06,-19 day ahead inc hosp,quantile,0.25,715.0,COVID-19
DE,00+,2023-09-25,2023-09-06,-19 day ahead inc hosp,quantile,0.25,1697.64705882353,COVID-19
DE,00-04,2023-09-25,2023-09-05,-20 day ahead inc hosp,quantile,0.25,66.0,COVID-19
DE,05-14,2023-09-25,2023-09-05,-20 day ahead inc hosp,quantile,0.25,11.0,COVID-19
DE,15-34,2023-09-25,2023-09-05,-20 day ahead inc hosp,quantile,0.25,101.0,COVID-19
DE,35-59,2023-09-25,2023-09-05,-20 day ahead inc hosp,quantile,0.25,174.0,COVID-19
DE,60-79,2023-09-25,2023-09-05,-20 day ahead inc hosp,quantile,0.25,549.0,COVID-19
DE,80+,2023-09-25,2023-09-05,-20 day ahead inc hosp,quantile,0.25,659.0,COVID-19
DE,00+,2023-09-25,2023-09-05,-20 day ahead inc hosp,quantile,0.25,1569.0,COVID-19
DE,00-04,2023-09-25,2023-09-04,-21 day ahead inc hosp,quantile,0.25,62.0,COVID-19
DE,05-14,2023-09-25,2023-09-04,-21 day ahead inc hosp,quantile,0.25,14.6,COVID-19
DE,15-34,2023-09-25,2023-09-04,-21 day ahead inc hosp,quantile,0.25,88.0,COVID-19
DE,35-59,2023-09-25,2023-09-04,-21 day ahead inc hosp,quantile,0.25,176.0,COVID-19
DE,60-79,2023-09-25,2023-09-04,-21 day ahead inc hosp,quantile,0.25,548.0,COVID-19
DE,80+,2023-09-25,2023-09-04,-21 day ahead inc hosp,quantile,0.25,646.0,COVID-19
DE,00+,2023-09-25,2023-09-04,-21 day ahead inc hosp,quantile,0.25,1540.94285714286,COVID-19
DE,00-04,2023-09-25,2023-09-03,-22 day ahead inc hosp,quantile,0.25,61.0,COVID-19
DE,05-14,2023-09-25,2023-09-03,-22 day ahead inc hosp,quantile,0.25,14.6,COVID-19
DE,15-34,2023-09-25,2023-09-03,-22 day ahead inc hosp,quantile,0.25,90.0,COVID-19
DE,35-59,2023-09-25,2023-09-03,-22 day ahead inc hosp,quantile,0.25,177.0,COVID-19
DE,60-79,2023-09-25,2023-09-03,-22 day ahead inc hosp,quantile,0.25,539.0,COVID-19
DE,80+,2023-09-25,2023-09-03,-22 day ahead inc hosp,quantile,0.25,637.0,COVID-19
DE,00+,2023-09-25,2023-09-03,-22 day ahead inc hosp,quantile,0.25,1525.67826086956,COVID-19
DE,00-04,2023-09-25,2023-09-02,-23 day ahead inc hosp,quantile,0.25,63.0,COVID-19
DE,05-14,2023-09-25,2023-09-02,-23 day ahead inc hosp,quantile,0.25,14.6,COVID-19
DE,15-34,2023-09-25,2023-09-02,-23 day ahead inc hosp,quantile,0.25,90.0,COVID-19
DE,35-59,2023-09-25,2023-09-02,-23 day ahead inc hosp,quantile,0.25,178.0,COVID-19
DE,60-79,2023-09-25,2023-09-02,-23 day ahead inc hosp,quantile,0.25,541.0,COVID-19
DE,80+,2023-09-25,2023-09-02,-23 day ahead inc hosp,quantile,0.25,633.0,COVID-19
DE,00+,2023-09-25,2023-09-02,-23 day ahead inc hosp,quantile,0.25,1530.0,COVID-19
DE,00-04,2023-09-25,2023-09-01,-24 day ahead inc hosp,quantile,0.25,63.0,COVID-19
DE,05-14,2023-09-25,2023-09-01,-24 day ahead inc hosp,quantile,0.25,20.8,COVID-19
DE,15-34,2023-09-25,2023-09-01,-24 day ahead inc hosp,quantile,0.25,94.0,COVID-19
DE,35-59,2023-09-25,2023-09-01,-24 day ahead inc hosp,quantile,0.25,187.0,COVID-19
DE,60-79,2023-09-25,2023-09-01,-24 day ahead inc hosp,quantile,0.25,530.0,COVID-19
DE,80+,2023-09-25,2023-09-01,-24 day ahead inc hosp,quantile,0.25,638.0,COVID-19
DE,00+,2023-09-25,2023-09-01,-24 day ahead inc hosp,quantile,0.25,1539.37777777778,COVID-19
DE,00-04,2023-09-25,2023-08-31,-25 day ahead inc hosp,quantile,0.25,75.0,COVID-19
DE,05-14,2023-09-25,2023-08-31,-25 day ahead inc hosp,quantile,0.25,15.5,COVID-19
DE,15-34,2023-09-25,2023-08-31,-25 day ahead inc hosp,quantile,0.25,94.0,COVID-19
DE,35-59,2023-09-25,2023-08-31,-25 day ahead inc hosp,quantile,0.25,188.0,COVID-19
DE,60-79,2023-09-25,2023-08-31,-25 day ahead inc hosp,quantile,0.25,524.769230769231,COVID-19
DE,80+,2023-09-25,2023-08-31,-25 day ahead inc hosp,quantile,0.25,643.0,COVID-19
DE,00+,2023-09-25,2023-08-31,-25 day ahead inc hosp,quantile,0.25,1548.0,COVID-19
DE,00-04,2023-09-25,2023-08-30,-26 day ahead inc hosp,quantile,0.25,71.0,COVID-19
DE,05-14,2023-09-25,2023-08-30,-26 day ahead inc hosp,quantile,0.25,14.4,COVID-19
DE,15-34,2023-09-25,2023-08-30,-26 day ahead inc hosp,quantile,0.25,87.0,COVID-19
DE,35-59,2023-09-25,2023-08-30,-26 day ahead inc hosp,quantile,0.25,186.0,COVID-19
DE,60-79,2023-09-25,2023-08-30,-26 day ahead inc hosp,quantile,0.25,517.222222222222,COVID-19
DE,80+,2023-09-25,2023-08-30,-26 day ahead inc hosp,quantile,0.25,644.0,COVID-19
DE,00+,2023-09-25,2023-08-30,-26 day ahead inc hosp,quantile,0.25,1526.01666666667,COVID-19
DE,00-04,2023-09-25,2023-08-29,-27 day ahead inc hosp,quantile,0.25,82.0,COVID-19
DE,05-14,2023-09-25,2023-08-29,-27 day ahead inc hosp,quantile,0.25,15.4,COVID-19
DE,15-34,2023-09-25,2023-08-29,-27 day ahead inc hosp,quantile,0.25,89.0,COVID-19
DE,35-59,2023-09-25,2023-08-29,-27 day ahead inc hosp,quantile,0.25,193.0,COVID-19
DE,60-79,2023-09-25,2023-08-29,-27 day ahead inc hosp,quantile,0.25,503.428571428571,COVID-19
DE,80+,2023-09-25,2023-08-29,-27 day ahead inc hosp,quantile,0.25,701.0,COVID-19
DE,00+,2023-09-25,2023-08-29,-27 day ahead inc hosp,quantile,0.25,1592.48888888889,COVID-19
DE,00-04,2023-09-25,2023-08-28,-28 day ahead inc hosp,quantile,0.25,89.0,COVID-19
DE,05-14,2023-09-25,2023-08-28,-28 day ahead inc hosp,quantile,0.25,12.4,COVID-19
DE,15-34,2023-09-25,2023-08-28,-28 day ahead inc hosp,quantile,0.25,83.0,COVID-19
DE,35-59,2023-09-25,2023-08-28,-28 day ahead inc hosp,quantile,0.25,203.0,COVID-19
DE,60-79,2023-09-25,2023-08-28,-28 day ahead inc hosp,quantile,0.25,508.5,COVID-19
DE,80+,2023-09-25,2023-08-28,-28 day ahead inc hosp,quantile,0.25,679.0,COVID-19
DE,00+,2023-09-25,2023-08-28,-28 day ahead inc hosp,quantile,0.25,1584.0,COVID-19
DE,00-04,2023-09-25,2023-09-25,0 day ahead inc hosp,quantile,0.5,86.0,COVID-19
DE,05-14,2023-09-25,2023-09-25,0 day ahead inc hosp,quantile,0.5,16.0,COVID-19
DE,15-34,2023-09-25,2023-09-25,0 day ahead inc hosp,quantile,0.5,76.0,COVID-19
DE,35-59,2023-09-25,2023-09-25,0 day ahead inc hosp,quantile,0.5,284.0,COVID-19
DE,60-79,2023-09-25,2023-09-25,0 day ahead inc hosp,quantile,0.5,755.0,COVID-19
DE,80+,2023-09-25,2023-09-25,0 day ahead inc hosp,quantile,0.5,944.0,COVID-19
DE,00+,2023-09-25,2023-09-25,0 day ahead inc hosp,quantile,0.5,2165.0,COVID-19
DE,00-04,2023-09-25,2023-09-24,-1 day ahead inc hosp,quantile,0.5,86.0,COVID-19
DE,05-14,2023-09-25,2023-09-24,-1 day ahead inc hosp,quantile,0.5,16.0,COVID-19
DE,15-34,2023-09-25,2023-09-24,-1 day ahead inc hosp,quantile,0.5,76.0,COVID-19
DE,35-59,2023-09-25,2023-09-24,-1 day ahead inc hosp,quantile,0.5,276.0,COVID-19
DE,60-79,2023-09-25,2023-09-24,-1 day ahead inc hosp,quantile,0.5,768.0,COVID-19
DE,80+,2023-09-25,2023-09-24,-1 day ahead inc hosp,quantile,0.5,960.0,COVID-19
DE,00+,2023-09-25,2023-09-24,-1 day ahead inc hosp,quantile,0.5,2185.0,COVID-19
DE,00-04,2023-09-25,2023-09-23,-2 day ahead inc hosp,quantile,0.5,87.0,COVID-19
DE,05-14,2023-09-25,2023-09-23,-2 day ahead inc hosp,quantile,0.5,17.0,COVID-19
DE,15-34,2023-09-25,2023-09-23,-2 day ahead inc hosp,quantile,0.5,82.0,COVID-19
DE,35-59,2023-09-25,2023-09-23,-2 day ahead inc hosp,quantile,0.5,283.0,COVID-19
DE,60-79,2023-09-25,2023-09-23,-2 day ahead inc hosp,quantile,0.5,789.0,COVID-19
DE,80+,2023-09-25,2023-09-23,-2 day ahead inc hosp,quantile,0.5,989.0,COVID-19
DE,00+,2023-09-25,2023-09-23,-2 day ahead inc hosp,quantile,0.5,2252.0,COVID-19
DE,00-04,2023-09-25,2023-09-22,-3 day ahead inc hosp,quantile,0.5,87.0,COVID-19
DE,05-14,2023-09-25,2023-09-22,-3 day ahead inc hosp,quantile,0.5,17.0,COVID-19
DE,15-34,2023-09-25,2023-09-22,-3 day ahead inc hosp,quantile,0.5,93.0,COVID-19
DE,35-59,2023-09-25,2023-09-22,-3 day ahead inc hosp,quantile,0.5,281.0,COVID-19
DE,60-79,2023-09-25,2023-09-22,-3 day ahead inc hosp,quantile,0.5,798.0,COVID-19
DE,80+,2023-09-25,2023-09-22,-3 day ahead inc hosp,quantile,0.5,1000.0,COVID-19
DE,00+,2023-09-25,2023-09-22,-3 day ahead inc hosp,quantile,0.5,2280.0,COVID-19
DE,00-04,2023-09-25,2023-09-21,-4 day ahead inc hosp,quantile,0.5,85.0,COVID-19
DE,05-14,2023-09-25,2023-09-21,-4 day ahead inc hosp,quantile,0.5,18.0,COVID-19
DE,15-34,2023-09-25,2023-09-21,-4 day ahead inc hosp,quantile,0.5,97.0,COVID-19
DE,35-59,2023-09-25,2023-09-21,-4 day ahead inc hosp,quantile,0.5,276.0,COVID-19
DE,60-79,2023-09-25,2023-09-21,-4 day ahead inc hosp,quantile,0.5,778.0,COVID-19
DE,80+,2023-09-25,2023-09-21,-4 day ahead inc hosp,quantile,0.5,932.0,COVID-19
DE,00+,2023-09-25,2023-09-21,-4 day ahead inc hosp,quantile,0.5,2190.0,COVID-19
DE,00-04,2023-09-25,2023-09-20,-5 day ahead inc hosp,quantile,0.5,88.0,COVID-19
DE,05-14,2023-09-25,2023-09-20,-5 day ahead inc hosp,quantile,0.5,16.0,COVID-19
DE,15-34,2023-09-25,2023-09-20,-5 day ahead inc hosp,quantile,0.5,118.0,COVID-19
DE,35-59,2023-09-25,2023-09-20,-5 day ahead inc hosp,quantile,0.5,273.0,COVID-19
DE,60-79,2023-09-25,2023-09-20,-5 day ahead inc hosp,quantile,0.5,788.0,COVID-19
DE,80+,2023-09-25,2023-09-20,-5 day ahead inc hosp,quantile,0.5,891.0,COVID-19
DE,00+,2023-09-25,2023-09-20,-5 day ahead inc hosp,quantile,0.5,2177.0,COVID-19
DE,00-04,2023-09-25,2023-09-19,-6 day ahead inc hosp,quantile,0.5,92.0,COVID-19
DE,05-14,2023-09-25,2023-09-19,-6 day ahead inc hosp,quantile,0.5,15.0,COVID-19
DE,15-34,2023-09-25,2023-09-19,-6 day ahead inc hosp,quantile,0.5,118.0,COVID-19
DE,35-59,2023-09-25,2023-09-19,-6 day ahead inc hosp,quantile,0.5,261.0,COVID-19
DE,60-79,2023-09-25,2023-09-19,-6 day ahead inc hosp,quantile,0.5,807.0,COVID-19
DE,80+,2023-09-25,2023-09-19,-6 day ahead inc hosp,quantile,0.5,884.0,COVID-19
DE,00+,2023-09-25,2023-09-19,-6 day ahead inc hosp,quantile,0.5,2181.0,COVID-19
DE,00-04,2023-09-25,2023-09-18,-7 day ahead inc hosp,quantile,0.5,99.0,COVID-19
DE,05-14,2023-09-25,2023-09-18,-7 day ahead inc hosp,quantile,0.5,15.0,COVID-19
DE,15-34,2023-09-25,2023-09-18,-7 day ahead inc hosp,quantile,0.5,133.0,COVID-19
DE,35-59,2023-09-25,2023-09-18,-7 day ahead inc hosp,quantile,0.5,253.0,COVID-19
DE,60-79,2023-09-25,2023-09-18,-7 day ahead inc hosp,quantile,0.5,791.0,COVID-19
DE,80+,2023-09-25,2023-09-18,-7 day ahead inc hosp,quantile,0.5,929.0,COVID-19
DE,00+,2023-09-25,2023-09-18,-7 day ahead inc hosp,quantile,0.5,2224.0,COVID-19
DE,00-04,2023-09-25,2023-09-17,-8 day ahead inc hosp,quantile,0.5,103.0,COVID-19
DE,05-14,2023-09-25,2023-09-17,-8 day ahead inc hosp,quantile,0.5,15.0,COVID-19
DE,15-34,2023-09-25,2023-09-17,-8 day ahead inc hosp,quantile,0.5,134.0,COVID-19
DE,35-59,2023-09-25,2023-09-17,-8 day ahead inc hosp,quantile,0.5,249.0,COVID-19
DE,60-79,2023-09-25,2023-09-17,-8 day ahead inc hosp,quantile,0.5,788.0,COVID-19
DE,80+,2023-09-25,2023-09-17,-8 day ahead inc hosp,quantile,0.5,932.0,COVID-19
DE,00+,2023-09-25,2023-09-17,-8 day ahead inc hosp,quantile,0.5,2223.0,COVID-19
DE,00-04,2023-09-25,2023-09-16,-9 day ahead inc hosp,quantile,0.5,104.0,COVID-19
DE,05-14,2023-09-25,2023-09-16,-9 day ahead inc hosp,quantile,0.5,13.0,COVID-19
DE,15-34,2023-09-25,2023-09-16,-9 day ahead inc hosp,quantile,0.5,128.0,COVID-19
DE,35-59,2023-09-25,2023-09-16,-9 day ahead inc hosp,quantile,0.5,245.0,COVID-19
DE,60-79,2023-09-25,2023-09-16,-9 day ahead inc hosp,quantile,0.5,784.0,COVID-19
DE,80+,2023-09-25,2023-09-16,-9 day ahead inc hosp,quantile,0.5,917.0,COVID-19
DE,00+,2023-09-25,2023-09-16,-9 day ahead inc hosp,quantile,0.5,2194.0,COVID-19
DE,00-04,2023-09-25,2023-09-15,-10 day ahead inc hosp,quantile,0.5,110.0,COVID-19
DE,05-14,2023-09-25,2023-09-15,-10 day ahead inc hosp,quantile,0.5,11.0,COVID-19
DE,15-34,2023-09-25,2023-09-15,-10 day ahead inc hosp,quantile,0.5,142.0,COVID-19
DE,35-59,2023-09-25,2023-09-15,-10 day ahead inc hosp,quantile,0.5,264.0,COVID-19
DE,60-79,2023-09-25,2023-09-15,-10 day ahead inc hosp,quantile,0.5,782.0,COVID-19
DE,80+,2023-09-25,2023-09-15,-10 day ahead inc hosp,quantile,0.5,966.0,COVID-19
DE,00+,2023-09-25,2023-09-15,-10 day ahead inc hosp,quantile,0.5,2278.0,COVID-19
DE,00-04,2023-09-25,2023-09-14,-11 day ahead inc hosp,quantile,0.5,109.0,COVID-19
DE,05-14,2023-09-25,2023-09-14,-11 day ahead inc hosp,quantile,0.5,12.0,COVID-19
DE,15-34,2023-09-25,2023-09-14,-11 day ahead inc hosp,quantile,0.5,140.0,COVID-19
DE,35-59,2023-09-25,2023-09-14,-11 day ahead inc hosp,quantile,0.5,256.0,COVID-19
DE,60-79,2023-09-25,2023-09-14,-11 day ahead inc hosp,quantile,0.5,795.0,COVID-19
DE,80+,2023-09-25,2023-09-14,-11 day ahead inc hosp,quantile,0.5,1022.0,COVID-19
DE,00+,2023-09-25,2023-09-14,-11 day ahead inc hosp,quantile,0.5,2339.0,COVID-19
DE,00-04,2023-09-25,2023-09-13,-12 day ahead inc hosp,quantile,0.5,116.0,COVID-19
DE,05-14,2023-09-25,2023-09-13,-12 day ahead inc hosp,quantile,0.5,11.0,COVID-19
DE,15-34,2023-09-25,2023-09-13,-12 day ahead inc hosp,quantile,0.5,136.0,COVID-19
DE,35-59,2023-09-25,2023-09-13,-12 day ahead inc hosp,quantile,0.5,259.0,COVID-19
DE,60-79,2023-09-25,2023-09-13,-12 day ahead inc hosp,quantile,0.5,810.0,COVID-19
DE,80+,2023-09-25,2023-09-13,-12 day ahead inc hosp,quantile,0.5,1044.0,COVID-19
DE,00+,2023-09-25,2023-09-13,-12 day ahead inc hosp,quantile,0.5,2380.0,COVID-19
DE,00-04,2023-09-25,2023-09-12,-13 day ahead inc hosp,quantile,0.5,109.0,COVID-19
DE,05-14,2023-09-25,2023-09-12,-13 day ahead inc hosp,quantile,0.5,12.0,COVID-19
DE,15-34,2023-09-25,2023-09-12,-13 day ahead inc hosp,quantile,0.5,143.0,COVID-19
DE,35-59,2023-09-25,2023-09-12,-13 day ahead inc hosp,quantile,0.5,258.0,COVID-19
DE,60-79,2023-09-25,2023-09-12,-13 day ahead inc hosp,quantile,0.5,784.0,COVID-19
DE,80+,2023-09-25,2023-09-12,-13 day ahead inc hosp,quantile,0.5,1002.0,COVID-19
DE,00+,2023-09-25,2023-09-12,-13 day ahead inc hosp,quantile,0.5,2311.0,COVID-19
DE,00-04,2023-09-25,2023-09-11,-14 day ahead inc hosp,quantile,0.5,95.0,COVID-19
DE,05-14,2023-09-25,2023-09-11,-14 day ahead inc hosp,quantile,0.5,9.0,COVID-19
DE,15-34,2023-09-25,2023-09-11,-14 day ahead inc hosp,quantile,0.5,142.0,COVID-19
DE,35-59,2023-09-25,2023-09-11,-14 day ahead inc hosp,quantile,0.5,232.0,COVID-19
DE,60-79,2023-09-25,2023-09-11,-14 day ahead inc hosp,quantile,0.5,722.0,COVID-19
DE,80+,2023-09-25,2023-09-11,-14 day ahead inc hosp,quantile,0.5,918.0,COVID-19
DE,00+,2023-09-25,2023-09-11,-14 day ahead inc hosp,quantile,0.5,2122.0,COVID-19
DE,00-04,2023-09-25,2023-09-10,-15 day ahead inc hosp,quantile,0.5,93.0,COVID-19
DE,05-14,2023-09-25,2023-09-10,-15 day ahead inc hosp,quantile,0.5,9.0,COVID-19
DE,15-34,2023-09-25,2023-09-10,-15 day ahead inc hosp,quantile,0.5,141.0,COVID-19
DE,35-59,2023-09-25,2023-09-10,-15 day ahead inc hosp,quantile,0.5,229.0,COVID-19
DE,60-79,2023-09-25,2023-09-10,-15 day ahead inc hosp,quantile,0.5,723.0,COVID-19
DE,80+,2023-09-25,2023-09-10,-15 day ahead inc hosp,quantile,0.5,922.0,COVID-19
DE,00+,2023-09-25,2023-09-10,-15 day ahead inc hosp,quantile,0.5,2121.0,COVID-19
DE,00-04,2023-09-25,2023-09-09,-16 day ahead inc hosp,quantile,0.5,91.0,COVID-19
DE,05-14,2023-09-25,2023-09-09,-16 day ahead inc hosp,quantile,0.5,9.0,COVID-19
DE,15-34,2023-09-25,2023-09-09,-16 day ahead inc hosp,quantile,0.5,141.0,COVID-19
DE,35-59,2023-09-25,2023-09-09,-16 day ahead inc hosp,quantile,0.5,229.0,COVID-19
DE,60-79,2023-09-25,2023-09-09,-16 day ahead inc hosp,quantile,0.5,709.0,COVID-19
DE,80+,2023-09-25,2023-09-09,-16 day ahead inc hosp,quantile,0.5,928.0,COVID-19
DE,00+,2023-09-25,2023-09-09,-16 day ahead inc hosp,quantile,0.5,2110.0,COVID-19
DE,00-04,2023-09-25,2023-09-08,-17 day ahead inc hosp,quantile,0.5,86.0,COVID-19
DE,05-14,2023-09-25,2023-09-08,-17 day ahead inc hosp,quantile,0.5,9.0,COVID-19
DE,15-34,2023-09-25,2023-09-08,-17 day ahead inc hosp,quantile,0.5,122.0,COVID-19
DE,35-59,2023-09-25,2023-09-08,-17 day ahead inc hosp,quantile,0.5,209.0,COVID-19
DE,60-79,2023-09-25,2023-09-08,-17 day ahead inc hosp,quantile,0.5,683.0,COVID-19
DE,80+,2023-09-25,2023-09-08,-17 day ahead inc hosp,quantile,0.5,847.0,COVID-19
DE,00+,2023-09-25,2023-09-08,-17 day ahead inc hosp,quantile,0.5,1960.0,COVID-19
DE,00-04,2023-09-25,2023-09-07,-18 day ahead inc hosp,quantile,0.5,75.0,COVID-19
DE,05-14,2023-09-25,2023-09-07,-18 day ahead inc hosp,quantile,0.5,12.0,COVID-19
DE,15-34,2023-09-25,2023-09-07,-18 day ahead inc hosp,quantile,0.5,113.0,COVID-19
DE,35-59,2023-09-25,2023-09-07,-18 day ahead inc hosp,quantile,0.5,205.0,COVID-19
DE,60-79,2023-09-25,2023-09-07,-18 day ahead inc hosp,quantile,0.5,624.0,COVID-19
DE,80+,2023-09-25,2023-09-07,-18 day ahead inc hosp,quantile,0.5,773.0,COVID-19
DE,00+,2023-09-25,2023-09-07,-18 day ahead inc hosp,quantile,0.5,1807.0,COVID-19
DE,00-04,2023-09-25,2023-09-06,-19 day ahead inc hosp,quantile,0.5,72.0,COVID-19
DE,05-14,2023-09-25,2023-09-06,-19 day ahead inc hosp,quantile,0.5,14.0,COVID-19
DE,15-34,2023-09-25,2023-09-06,-19 day ahead inc hosp,quantile,0.5,112.0,COVID-19
DE,35-59,2023-09-25,2023-09-06,-19 day ahead inc hosp,quantile,0.5,195.0,COVID-19
DE,60-79,2023-09-25,2023-09-06,-19 day ahead inc hosp,quantile,0.5,591.0,COVID-19
DE,80+,2023-09-25,2023-09-06,-19 day ahead inc hosp,quantile,0.5,718.0,COVID-19
DE,00+,2023-09-25,2023-09-06,-19 day ahead inc hosp,quantile,0.5,1706.0,COVID-19
DE,00-04,2023-09-25,2023-09-05,-20 day ahead inc hosp,quantile,0.5,67.0,COVID-19
DE,05-14,2023-09-25,2023-09-05,-20 day ahead inc hosp,quantile,0.5,12.0,COVID-19
DE,15-34,2023-09-25,2023-09-05,-20 day ahead inc hosp,quantile,0.5,102.0,COVID-19
DE,35-59,2023-09-25,2023-09-05,-20 day ahead inc hosp,quantile,0.5,177.0,COVID-19
DE,60-79,2023-09-25,2023-09-05,-20 day ahead inc hosp,quantile,0.5,552.0,COVID-19
DE,80+,2023-09-25,2023-09-05,-20 day ahead inc hosp,quantile,0.5,662.0,COVID-19
DE,00+,2023-09-25,2023-09-05,-20 day ahead inc hosp,quantile,0.5,1577.0,COVID-19
DE,00-04,2023-09-25,2023-09-04,-21 day ahead inc hosp,quantile,0.5,63.0,COVID-19
DE,05-14,2023-09-25,2023-09-04,-21 day ahead inc hosp,quantile,0.5,15.0,COVID-19
DE,15-34,2023-09-25,2023-09-04,-21 day ahead inc hosp,quantile,0.5,90.0,COVID-19
DE,35-59,2023-09-25,2023-09-04,-21 day ahead inc hosp,quantile,0.5,179.0,COVID-19
DE,60-79,2023-09-25,2023-09-04,-21 day ahead inc hosp,quantile,0.5,550.0,COVID-19
DE,80+,2023-09-25,2023-09-04,-21 day ahead inc hosp,quantile,0.5,649.0,COVID-19
DE,00+,2023-09-25,2023-09-04,-21 day ahead inc hosp,quantile,0.5,1549.0,COVID-19
DE,00-04,2023-09-25,2023-09-03,-22 day ahead inc hosp,quantile,0.5,62.0,COVID-19
DE,05-14,2023-09-25,2023-09-03,-22 day ahead inc hosp,quantile,0.5,15.0,COVID-19
DE,15-34,2023-09-25,2023-09-03,-22 day ahead inc hosp,quantile,0.5,92.0,COVID-19
DE,35-59,2023-09-25,2023-09-03,-22 day ahead inc hosp,quantile,0.5,179.0,COVID-19
DE,60-79,2023-09-25,2023-09-03,-22 day ahead inc hosp,quantile,0.5,542.0,COVID-19
DE,80+,2023-09-25,2023-09-03,-22 day ahead inc hosp,quantile,0.5,639.0,COVID-19
DE,00+,2023-09-25,2023-09-03,-22 day ahead inc hosp,quantile,0.5,1533.0,COVID-19
DE,00-04,2023-09-25,2023-09-02,-23 day ahead inc hosp,quantile,0.5,64.0,COVID-19
DE,05-14,2023-09-25,2023-09-02,-23 day ahead inc hosp,quantile,0.5,15.0,COVID-19
DE,15-34,2023-09-25,2023-09-02,-23 day ahead inc hosp,quantile,0.5,92.0,COVID-19
DE,35-59,2023-09-25,2023-09-02,-23 day ahead inc hosp,quantile,0.5,180.0,COVID-19
DE,60-79,2023-09-25,2023-09-02,-23 day ahead inc hosp,quantile,0.5,546.0,COVID-19
DE,80+,2023-09-25,2023-09-02,-23 day ahead inc hosp,quantile,0.5,635.0,COVID-19
DE,00+,2023-09-25,2023-09-02,-23 day ahead inc hosp,quantile,0.5,1537.0,COVID-19
DE,00-04,2023-09-25,2023-09-01,-24 day ahead inc hosp,quantile,0.5,64.0,COVID-19
DE,05-14,2023-09-25,2023-09-01,-24 day ahead inc hosp,quantile,0.5,21.0,COVID-19
DE,15-34,2023-09-25,2023-09-01,-24 day ahead inc hosp,quantile,0.5,95.0,COVID-19
DE,35-59,2023-09-25,2023-09-01,-24 day ahead inc hosp,quantile,0.5,189.0,COVID-19
DE,60-79,2023-09-25,2023-09-01,-24 day ahead inc hosp,quantile,0.5,532.0,COVID-19
DE,80+,2023-09-25,2023-09-01,-24 day ahead inc hosp,quantile,0.5,640.0,COVID-19
DE,00+,2023-09-25,2023-09-01,-24 day ahead inc hosp,quantile,0.5,1547.0,COVID-19
DE,00-04,2023-09-25,2023-08-31,-25 day ahead inc hosp,quantile,0.5,76.0,COVID-19
DE,05-14,2023-09-25,2023-08-31,-25 day ahead inc hosp,quantile,0.5,16.0,COVID-19
DE,15-34,2023-09-25,2023-08-31,-25 day ahead inc hosp,quantile,0.5,95.0,COVID-19
DE,35-59,2023-09-25,2023-08-31,-25 day ahead inc hosp,quantile,0.5,190.0,COVID-19
DE,60-79,2023-09-25,2023-08-31,-25 day ahead inc hosp,quantile,0.5,528.0,COVID-19
DE,80+,2023-09-25,2023-08-31,-25 day ahead inc hosp,quantile,0.5,645.0,COVID-19
DE,00+,2023-09-25,2023-08-31,-25 day ahead inc hosp,quantile,0.5,1555.0,COVID-19
DE,00-04,2023-09-25,2023-08-30,-26 day ahead inc hosp,quantile,0.5,72.0,COVID-19
DE,05-14,2023-09-25,2023-08-30,-26 day ahead inc hosp,quantile,0.5,15.0,COVID-19
DE,15-34,2023-09-25,2023-08-30,-26 day ahead inc hosp,quantile,0.5,88.0,COVID-19
DE,35-59,2023-09-25,2023-08-30,-26 day ahead inc hosp,quantile,0.5,187.0,COVID-19
DE,60-79,2023-09-25,2023-08-30,-26 day ahead inc hosp,quantile,0.5,521.0,COVID-19
DE,80+,2023-09-25,2023-08-30,-26 day ahead inc hosp,quantile,0.5,646.0,COVID-19
DE,00+,2023-09-25,2023-08-30,-26 day ahead inc hosp,quantile,0.5,1534.0,COVID-19
DE,00-04,2023-09-25,2023-08-29,-27 day ahead inc hosp,quantile,0.5,83.0,COVID-19
DE,05-14,2023-09-25,2023-08-29,-27 day ahead inc hosp,quantile,0.5,16.0,COVID-19
DE,15-34,2023-09-25,2023-08-29,-27 day ahead inc hosp,quantile,0.5,90.0,COVID-19
DE,35-59,2023-09-25,2023-08-29,-27 day ahead inc hosp,quantile,0.5,194.0,COVID-19
DE,60-79,2023-09-25,2023-08-29,-27 day ahead inc hosp,quantile,0.5,508.0,COVID-19
DE,80+,2023-09-25,2023-08-29,-27 day ahead inc hosp,quantile,0.5,703.0,COVID-19
DE,00+,2023-09-25,2023-08-29,-27 day ahead inc hosp,quantile,0.5,1599.0,COVID-19
DE,00-04,2023-09-25,2023-08-28,-28 day ahead inc hosp,quantile,0.5,90.0,COVID-19
DE,05-14,2023-09-25,2023-08-28,-28 day ahead inc hosp,quantile,0.5,12.0,COVID-19
DE,15-34,2023-09-25,2023-08-28,-28 day ahead inc hosp,quantile,0.5,84.0,COVID-19
DE,35-59,2023-09-25,2023-08-28,-28 day ahead inc hosp,quantile,0.5,204.0,COVID-19
DE,60-79,2023-09-25,2023-08-28,-28 day ahead inc hosp,quantile,0.5,513.0,COVID-19
DE,80+,2023-09-25,2023-08-28,-28 day ahead inc hosp,quantile,0.5,681.0,COVID-19
DE,00+,2023-09-25,2023-08-28,-28 day ahead inc hosp,quantile,0.5,1590.0,COVID-19
DE,00-04,2023-09-25,2023-09-25,0 day ahead inc hosp,quantile,0.75,93.782967032967,COVID-19
DE,05-14,2023-09-25,2023-09-25,0 day ahead inc hosp,quantile,0.75,18.0,COVID-19
DE,15-34,2023-09-25,2023-09-25,0 day ahead inc hosp,quantile,0.75,84.9440559440559,COVID-19
DE,35-59,2023-09-25,2023-09-25,0 day ahead inc hosp,quantile,0.75,300.605263157895,COVID-19
DE,60-79,2023-09-25,2023-09-25,0 day ahead inc hosp,quantile,0.75,778.921219512195,COVID-19
DE,80+,2023-09-25,2023-09-25,0 day ahead inc hosp,quantile,0.75,958.298076923077,COVID-19
DE,00+,2023-09-25,2023-09-25,0 day ahead inc hosp,quantile,0.75,2234.7,COVID-19
DE,00-04,2023-09-25,2023-09-24,-1 day ahead inc hosp,quantile,0.75,96.1875,COVID-19
DE,05-14,2023-09-25,2023-09-24,-1 day ahead inc hosp,quantile,0.75,18.0,COVID-19
DE,15-34,2023-09-25,2023-09-24,-1 day ahead inc hosp,quantile,0.75,81.7619047619048,COVID-19
DE,35-59,2023-09-25,2023-09-24,-1 day ahead inc hosp,quantile,0.75,289.493788819876,COVID-19
DE,60-79,2023-09-25,2023-09-24,-1 day ahead inc hosp,quantile,0.75,785.660714285714,COVID-19
DE,80+,2023-09-25,2023-09-24,-1 day ahead inc hosp,quantile,0.75,981.588709677419,COVID-19
DE,00+,2023-09-25,2023-09-24,-1 day ahead inc hosp,quantile,0.75,2255.5,COVID-19
DE,00-04,2023-09-25,2023-09-23,-2 day ahead inc hosp,quantile,0.75,96.6045751633987,COVID-19
DE,05-14,2023-09-25,2023-09-23,-2 day ahead inc hosp,quantile,0.75,19.0,COVID-19
DE,15-34,2023-09-25,2023-09-23,-2 day ahead inc hosp,quantile,0.75,90.7,COVID-19
DE,35-59,2023-09-25,2023-09-23,-2 day ahead inc hosp,quantile,0.75,298.826315789474,COVID-19
DE,60-79,2023-09-25,2023-09-23,-2 day ahead inc hosp,quantile,0.75,810.746103896104,COVID-19
DE,80+,2023-09-25,2023-09-23,-2 day ahead inc hosp,quantile,0.75,1009.26463293651,COVID-19
DE,00+,2023-09-25,2023-09-23,-2 day ahead inc hosp,quantile,0.75,2324.2,COVID-19
DE,00-04,2023-09-25,2023-09-22,-3 day ahead inc hosp,quantile,0.75,90.0,COVID-19
DE,05-14,2023-09-25,2023-09-22,-3 day ahead inc hosp,quantile,0.75,19.0,COVID-19
DE,15-34,2023-09-25,2023-09-22,-3 day ahead inc hosp,quantile,0.75,96.0,COVID-19
DE,35-59,2023-09-25,2023-09-22,-3 day ahead inc hosp,quantile,0.75,292.846153846154,COVID-19
DE,60-79,2023-09-25,2023-09-22,-3 day ahead inc hosp,quantile,0.75,812.416666666667,COVID-19
DE,80+,2023-09-25,2023-09-22,-3 day ahead inc hosp,quantile,0.75,1018.64705882353,COVID-19
DE,00+,2023-09-25,2023-09-22,-3 day ahead inc hosp,quantile,0.75,2341.9,COVID-19
DE,00-04,2023-09-25,2023-09-21,-4 day ahead inc hosp,quantile,0.75,87.0,COVID-19
DE,05-14,2023-09-25,2023-09-21,-4 day ahead inc hosp,quantile,0.75,20.0,COVID-19
DE,15-34,2023-09-25,2023-09-21,-4 day ahead inc hosp,quantile,0.75,100.0,COVID-19
DE,35-59,2023-09-25,2023-09-21,-4 day ahead inc hosp,quantile,0.75,285.125,COVID-19
DE,60-79,2023-09-25,2023-09-21,-4 day ahead inc hosp,quantile,0.75,786.0,COVID-19
DE,80+,2023-09-25,2023-09-21,-4 day ahead inc hosp,quantile,0.75,947.894736842105,COVID-19
DE,00+,2023-09-25,2023-09-21,-4 day ahead inc hosp,quantile,0.75,2239.2,COVID-19
DE,00-04,2023-09-25,2023-09-20,-5 day ahead inc hosp,quantile,0.75,90.0,COVID-19
DE,05-14,2023-09-25,2023-09-20,-5 day ahead inc hosp,quantile,0.75,18.0,COVID-19
DE,15-34,2023-09-25,2023-09-20,-5 day ahead inc hosp,quantile,0.75,121.0,COVID-19
DE,35-59,2023-09-25,2023-09-20,-5 day ahead inc hosp,quantile,0.75,282.2,COVID-19
DE,60-79,2023-09-25,2023-09-20,-5 day ahead inc hosp,quantile,0.75,795.0,COVID-19
DE,80+,2023-09-25,2023-09-20,-5 day ahead inc hosp,quantile,0.75,906.709677419355,COVID-19
DE,00+,2023-09-25,2023-09-20,-5 day ahead inc hosp,quantile,0.75,2223.8,COVID-19
DE,00-04,2023-09-25,2023-09-19,-6 day ahead inc hosp,quantile,0.75,95.0,COVID-19
DE,05-14,2023-09-25,2023-09-19,-6 day ahead inc hosp,quantile,0.75,17.0,COVID-19
DE,15-34,2023-09-25,2023-09-19,-6 day ahead inc hosp,quantile,0.75,122.0,COVID-19
DE,35-59,2023-09-25,2023-09-19,-6 day ahead inc hosp,quantile,0.75,268.466666666667,COVID-19
DE,60-79,2023-09-25,2023-09-19,-6 day ahead inc hosp,quantile,0.75,813.0,COVID-19
DE,80+,2023-09-25,2023-09-19,-6 day ahead inc hosp,quantile,0.75,899.666666666667,COVID-19
DE,00+,2023-09-25,2023-09-19,-6 day ahead inc hosp,quantile,0.75,2221.4,COVID-19
DE,00-04,2023-09-25,2023-09-18,-7 day ahead inc hosp,quantile,0.75,101.0,COVID-19
DE,05-14,2023-09-25,2023-09-18,-7 day ahead inc hosp,quantile,0.75,16.0,COVID-19
DE,15-34,2023-09-25,2023-09-18,-7 day ahead inc hosp,quantile,0.75,136.0,COVID-19
DE,35-59,2023-09-25,2023-09-18,-7 day ahead inc hosp,quantile,0.75,259.666666666667,COVID-19
DE,60-79,2023-09-25,2023-09-18,-7 day ahead inc hosp,quantile,0.75,797.0,COVID-19
DE,80+,2023-09-25,2023-09-18,-7 day ahead inc hosp,quantile,0.75,946.4,COVID-19
DE,00+,2023-09-25,2023-09-18,-7 day ahead inc hosp,quantile,0.75,2264.4,COVID-19
DE,00-04,2023-09-25,2023-09-17,-8 day ahead inc hosp,quantile,0.75,105.0,COVID-19
DE,05-14,2023-09-25,2023-09-17,-8 day ahead inc hosp,quantile,0.75,16.0,COVID-19
DE,15-34,2023-09-25,2023-09-17,-8 day ahead inc hosp,quantile,0.75,137.0,COVID-19
DE,35-59,2023-09-25,2023-09-17,-8 day ahead inc hosp,quantile,0.75,257.7,COVID-19
DE,60-79,2023-09-25,2023-09-17,-8 day ahead inc hosp,quantile,0.75,794.0,COVID-19
DE,80+,2023-09-25,2023-09-17,-8 day ahead inc hosp,quantile,0.75,945.428571428571,COVID-19
DE,00+,2023-09-25,2023-09-17,-8 day ahead inc hosp,quantile,0.75,2262.9,COVID-19
DE,00-04,2023-09-25,2023-09-16,-9 day ahead inc hosp,quantile,0.75,106.0,COVID-19
DE,05-14,2023-09-25,2023-09-16,-9 day ahead inc hosp,quantile,0.75,15.0,COVID-19
DE,15-34,2023-09-25,2023-09-16,-9 day ahead inc hosp,quantile,0.75,131.0,COVID-19
DE,35-59,2023-09-25,2023-09-16,-9 day ahead inc hosp,quantile,0.75,253.636363636364,COVID-19
DE,60-79,2023-09-25,2023-09-16,-9 day ahead inc hosp,quantile,0.75,790.0,COVID-19
DE,80+,2023-09-25,2023-09-16,-9 day ahead inc hosp,quantile,0.75,934.846153846154,COVID-19
DE,00+,2023-09-25,2023-09-16,-9 day ahead inc hosp,quantile,0.75,2231.0,COVID-19
DE,00-04,2023-09-25,2023-09-15,-10 day ahead inc hosp,quantile,0.75,112.0,COVID-19
DE,05-14,2023-09-25,2023-09-15,-10 day ahead inc hosp,quantile,0.75,12.0,COVID-19
DE,15-34,2023-09-25,2023-09-15,-10 day ahead inc hosp,quantile,0.75,145.0,COVID-19
DE,35-59,2023-09-25,2023-09-15,-10 day ahead inc hosp,quantile,0.75,275.428571428571,COVID-19
DE,60-79,2023-09-25,2023-09-15,-10 day ahead inc hosp,quantile,0.75,788.0,COVID-19
DE,80+,2023-09-25,2023-09-15,-10 day ahead inc hosp,quantile,0.75,981.736842105263,COVID-19
DE,00+,2023-09-25,2023-09-15,-10 day ahead inc hosp,quantile,0.75,2315.5,COVID-19
DE,00-04,2023-09-25,2023-09-14,-11 day ahead inc hosp,quantile,0.75,111.0,COVID-19
DE,05-14,2023-09-25,2023-09-14,-11 day ahead inc hosp,quantile,0.75,13.0,COVID-19
DE,15-34,2023-09-25,2023-09-14,-11 day ahead inc hosp,quantile,0.75,143.0,COVID-19
DE,35-59,2023-09-25,2023-09-14,-11 day ahead inc hosp,quantile,0.75,265.5,COVID-19
DE,60-79,2023-09-25,2023-09-14,-11 day ahead inc hosp,quantile,0.75,797.761904761905,COVID-19
DE,80+,2023-09-25,2023-09-14,-11 day ahead inc hosp,quantile,0.75,1038.52941176471,COVID-19
DE,00+,2023-09-25,2023-09-14,-11 day ahead inc hosp,quantile,0.75,2377.2,COVID-19
DE,00-04,2023-09-25,2023-09-13,-12 day ahead inc hosp,quantile,0.75,119.0,COVID-19
DE,05-14,2023-09-25,2023-09-13,-12 day ahead inc hosp,quantile,0.75,12.0,COVID-19
DE,15-34,2023-09-25,2023-09-13,-12 day ahead inc hosp,quantile,0.75,139.0,COVID-19
DE,35-59,2023-09-25,2023-09-13,-12 day ahead inc hosp,quantile,0.75,266.2,COVID-19
DE,60-79,2023-09-25,2023-09-13,-12 day ahead inc hosp,quantile,0.75,815.0,COVID-19
DE,80+,2023-09-25,2023-09-13,-12 day ahead inc hosp,quantile,0.75,1061.25,COVID-19
DE,00+,2023-09-25,2023-09-13,-12 day ahead inc hosp,quantile,0.75,2417.9,COVID-19
DE,00-04,2023-09-25,2023-09-12,-13 day ahead inc hosp,quantile,0.75,111.0,COVID-19
DE,05-14,2023-09-25,2023-09-12,-13 day ahead inc hosp,quantile,0.75,13.0,COVID-19
DE,15-34,2023-09-25,2023-09-12,-13 day ahead inc hosp,quantile,0.75,146.0,COVID-19
DE,35-59,2023-09-25,2023-09-12,-13 day ahead inc hosp,quantile,0.75,264.25,COVID-19
DE,60-79,2023-09-25,2023-09-12,-13 day ahead inc hosp,quantile,0.75,789.0,COVID-19
DE,80+,2023-09-25,2023-09-12,-13 day ahead inc hosp,quantile,0.75,1014.81818181818,COVID-19
DE,00+,2023-09-25,2023-09-12,-13 day ahead inc hosp,quantile,0.75,2348.5,COVID-19
DE,00-04,2023-09-25,2023-09-11,-14 day ahead inc hosp,quantile,0.75,97.0,COVID-19
DE,05-14,2023-09-25,2023-09-11,-14 day ahead inc hosp,quantile,0.75,10.0,COVID-19
DE,15-34,2023-09-25,2023-09-11,-14 day ahead inc hosp,quantile,0.75,145.0,COVID-19
DE,35-59,2023-09-25,2023-09-11,-14 day ahead inc hosp,quantile,0.75,238.636363636364,COVID-19
DE,60-79,2023-09-25,2023-09-11,-14 day ahead inc hosp,quantile,0.75,727.0,COVID-19
DE,80+,2023-09-25,2023-09-11,-14 day ahead inc hosp,quantile,0.75,931.5,COVID-19
DE,00+,2023-09-25,2023-09-11,-14 day ahead inc hosp,quantile,0.75,2155.9,COVID-19
DE,00-04,2023-09-25,2023-09-10,-15 day ahead inc hosp,quantile,0.75,95.0,COVID-19
DE,05-14,2023-09-25,2023-09-10,-15 day ahead inc hosp,quantile,0.75,10.0,COVID-19
DE,15-34,2023-09-25,2023-09-10,-15 day ahead inc hosp,quantile,0.75,144.0,COVID-19
DE,35-59,2023-09-25,2023-09-10,-15 day ahead inc hosp,quantile,0.75,235.666666666667,COVID-19
DE,60-79,2023-09-25,2023-09-10,-15 day ahead inc hosp,quantile,0.75,727.0,COVID-19
DE,80+,2023-09-25,2023-09-10,-15 day ahead inc hosp,quantile,0.75,932.117647058824,COVID-19
DE,00+,2023-09-25,2023-09-10,-15 day ahead inc hosp,quantile,0.75,2156.0,COVID-19
DE,00-04,2023-09-25,2023-09-09,-16 day ahead inc hosp,quantile,0.75,93.0,COVID-19
DE,05-14,2023-09-25,2023-09-09,-16 day ahead inc hosp,quantile,0.75,10.0,COVID-19
DE,15-34,2023-09-25,2023-09-09,-16 day ahead inc hosp,quantile,0.75,144.0,COVID-19
DE,35-59,2023-09-25,2023-09-09,-16 day ahead inc hosp,quantile,0.75,235.5,COVID-19
DE,60-79,2023-09-25,2023-09-09,-16 day ahead inc hosp,quantile,0.75,714.0,COVID-19
DE,80+,2023-09-25,2023-09-09,-16 day ahead inc hosp,quantile,0.75,933.0,COVID-19
DE,00+,2023-09-25,2023-09-09,-16 day ahead inc hosp,quantile,0.75,2144.8,COVID-19
DE,00-04,2023-09-25,2023-09-08,-17 day ahead inc hosp,quantile,0.75,88.0,COVID-19
DE,05-14,2023-09-25,2023-09-08,-17 day ahead inc hosp,quantile,0.75,10.0,COVID-19
DE,15-34,2023-09-25,2023-09-08,-17 day ahead inc hosp,quantile,0.75,125.0,COVID-19
DE,35-59,2023-09-25,2023-09-08,-17 day ahead inc hosp,quantile,0.75,213.9,COVID-19
DE,60-79,2023-09-25,2023-09-08,-17 day ahead inc hosp,quantile,0.75,687.0,COVID-19
DE,80+,2023-09-25,2023-09-08,-17 day ahead inc hosp,quantile,0.75,855.105263157895,COVID-19
DE,00+,2023-09-25,2023-09-08,-17 day ahead inc hosp,quantile,0.75,1990.4,COVID-19
DE,00-04,2023-09-25,2023-09-07,-18 day ahead inc hosp,quantile,0.75,77.0,COVID-19
DE,05-14,2023-09-25,2023-09-07,-18 day ahead inc hosp,quantile,0.75,14.0,COVID-19
DE,15-34,2023-09-25,2023-09-07,-18 day ahead inc hosp,quantile,0.75,116.0,COVID-19
DE,35-59,2023-09-25,2023-09-07,-18 day ahead inc hosp,quantile,0.75,212.0,COVID-19
DE,60-79,2023-09-25,2023-09-07,-18 day ahead inc hosp,quantile,0.75,628.0,COVID-19
DE,80+,2023-09-25,2023-09-07,-18 day ahead inc hosp,quantile,0.75,779.647058823529,COVID-19
DE,00+,2023-09-25,2023-09-07,-18 day ahead inc hosp,quantile,0.75,1834.8,COVID-19
DE,00-04,2023-09-25,2023-09-06,-19 day ahead inc hosp,quantile,0.75,73.0,COVID-19
DE,05-14,2023-09-25,2023-09-06,-19 day ahead inc hosp,quantile,0.75,16.0,COVID-19
DE,15-34,2023-09-25,2023-09-06,-19 day ahead inc hosp,quantile,0.75,114.0,COVID-19
DE,35-59,2023-09-25,2023-09-06,-19 day ahead inc hosp,quantile,0.75,199.8,COVID-19
DE,60-79,2023-09-25,2023-09-06,-19 day ahead inc hosp,quantile,0.75,595.0,COVID-19
DE,80+,2023-09-25,2023-09-06,-19 day ahead inc hosp,quantile,0.75,722.0,COVID-19
DE,00+,2023-09-25,2023-09-06,-19 day ahead inc hosp,quantile,0.75,1733.8,COVID-19
DE,00-04,2023-09-25,2023-09-05,-20 day ahead inc hosp,quantile,0.75,69.0,COVID-19
DE,05-14,2023-09-25,2023-09-05,-20 day ahead inc hosp,quantile,0.75,14.0,COVID-19
DE,15-34,2023-09-25,2023-09-05,-20 day ahead inc hosp,quantile,0.75,104.0,COVID-19
DE,35-59,2023-09-25,2023-09-05,-20 day ahead inc hosp,quantile,0.75,181.1,COVID-19
DE,60-79,2023-09-25,2023-09-05,-20 day ahead inc hosp,quantile,0.75,555.0,COVID-19
DE,80+,2023-09-25,2023-09-05,-20 day ahead inc hosp,quantile,0.75,665.0,COVID-19
DE,00+,2023-09-25,2023-09-05,-20 day ahead inc hosp,quantile,0.75,1602.3,COVID-19
DE,00-04,2023-09-25,2023-09-04,-21 day ahead inc hosp,quantile,0.75,65.0,COVID-19
DE,05-14,2023-09-25,2023-09-04,-21 day ahead inc hosp,quantile,0.75,19.4,COVID-19
DE,15-34,2023-09-25,2023-09-04,-21 day ahead inc hosp,quantile,0.75,92.0,COVID-19
DE,35-59,2023-09-25,2023-09-04,-21 day ahead inc hosp,quantile,0.75,181.8,COVID-19
DE,60-79,2023-09-25,2023-09-04,-21 day ahead inc hosp,quantile,0.75,553.0,COVID-19
DE,80+,2023-09-25,2023-09-04,-21 day ahead inc hosp,quantile,0.75,652.0,COVID-19
DE,00+,2023-09-25,2023-09-04,-21 day ahead inc hosp,quantile,0.75,1575.6,COVID-19
DE,00-04,2023-09-25,2023-09-03,-22 day ahead inc hosp,quantile,0.75,64.0,COVID-19
DE,05-14,2023-09-25,2023-09-03,-22 day ahead inc hosp,quantile,0.75,19.4,COVID-19
DE,15-34,2023-09-25,2023-09-03,-22 day ahead inc hosp,quantile,0.75,94.0,COVID-19
DE,35-59,2023-09-25,2023-09-03,-22 day ahead inc hosp,quantile,0.75,182.8,COVID-19
DE,60-79,2023-09-25,2023-09-03,-22 day ahead inc hosp,quantile,0.75,545.0,COVID-19
DE,80+,2023-09-25,2023-09-03,-22 day ahead inc hosp,quantile,0.75,642.0,COVID-19
DE,00+,2023-09-25,2023-09-03,-22 day ahead inc hosp,quantile,0.75,1559.4,COVID-19
DE,00-04,2023-09-25,2023-09-02,-23 day ahead inc hosp,quantile,0.75,66.0,COVID-19
DE,05-14,2023-09-25,2023-09-02,-23 day ahead inc hosp,quantile,0.75,19.4,COVID-19
DE,15-34,2023-09-25,2023-09-02,-23 day ahead inc hosp,quantile,0.75,94.0,COVID-19
DE,35-59,2023-09-25,2023-09-02,-23 day ahead inc hosp,quantile,0.75,183.9,COVID-19
DE,60-79,2023-09-25,2023-09-02,-23 day ahead inc hosp,quantile,0.75,552.0,COVID-19
DE,80+,2023-09-25,2023-09-02,-23 day ahead inc hosp,quantile,0.75,638.0,COVID-19
DE,00+,2023-09-25,2023-09-02,-23 day ahead inc hosp,quantile,0.75,1562.0,COVID-19
DE,00-04,2023-09-25,2023-09-01,-24 day ahead inc hosp,quantile,0.75,66.0,COVID-19
DE,05-14,2023-09-25,2023-09-01,-24 day ahead inc hosp,quantile,0.75,27.2,COVID-19
DE,15-34,2023-09-25,2023-09-01,-24 day ahead inc hosp,quantile,0.75,98.0,COVID-19
DE,35-59,2023-09-25,2023-09-01,-24 day ahead inc hosp,quantile,0.75,191.2,COVID-19
DE,60-79,2023-09-25,2023-09-01,-24 day ahead inc hosp,quantile,0.75,535.0,COVID-19
DE,80+,2023-09-25,2023-09-01,-24 day ahead inc hosp,quantile,0.75,643.0,COVID-19
DE,00+,2023-09-25,2023-09-01,-24 day ahead inc hosp,quantile,0.75,1574.2,COVID-19
DE,00-04,2023-09-25,2023-08-31,-25 day ahead inc hosp,quantile,0.75,79.0,COVID-19
DE,05-14,2023-09-25,2023-08-31,-25 day ahead inc hosp,quantile,0.75,20.5,COVID-19
DE,15-34,2023-09-25,2023-08-31,-25 day ahead inc hosp,quantile,0.75,98.0,COVID-19
DE,35-59,2023-09-25,2023-08-31,-25 day ahead inc hosp,quantile,0.75,192.6,COVID-19
DE,60-79,2023-09-25,2023-08-31,-25 day ahead inc hosp,quantile,0.75,534.4,COVID-19
DE,80+,2023-09-25,2023-08-31,-25 day ahead inc hosp,quantile,0.75,648.0,COVID-19
DE,00+,2023-09-25,2023-08-31,-25 day ahead inc hosp,quantile,0.75,1582.0,COVID-19
DE,00-04,2023-09-25,2023-08-30,-26 day ahead inc hosp,quantile,0.75,74.0,COVID-19
DE,05-14,2023-09-25,2023-08-30,-26 day ahead inc hosp,quantile,0.75,17.6,COVID-19
DE,15-34,2023-09-25,2023-08-30,-26 day ahead inc hosp,quantile,0.75,90.0,COVID-19
DE,35-59,2023-09-25,2023-08-30,-26 day ahead inc hosp,quantile,0.75,190.9,COVID-19
DE,60-79,2023-09-25,2023-08-30,-26 day ahead inc hosp,quantile,0.75,527.4,COVID-19
DE,80+,2023-09-25,2023-08-30,-26 day ahead inc hosp,quantile,0.75,649.0,COVID-19
DE,00+,2023-09-25,2023-08-30,-26 day ahead inc hosp,quantile,0.75,1558.7,COVID-19
DE,00-04,2023-09-25,2023-08-29,-27 day ahead inc hosp,quantile,0.75,85.0,COVID-19
DE,05-14,2023-09-25,2023-08-29,-27 day ahead inc hosp,quantile,0.75,20.6,COVID-19
DE,15-34,2023-09-25,2023-08-29,-27 day ahead inc hosp,quantile,0.75,92.0,COVID-19
DE,35-59,2023-09-25,2023-08-29,-27 day ahead inc hosp,quantile,0.75,196.0,COVID-19
DE,60-79,2023-09-25,2023-08-29,-27 day ahead inc hosp,quantile,0.75,513.142857142857,COVID-19
DE,80+,2023-09-25,2023-08-29,-27 day ahead inc hosp,quantile,0.75,706.0,COVID-19
DE,00+,2023-09-25,2023-08-29,-27 day ahead inc hosp,quantile,0.75,1623.2,COVID-19
DE,00-04,2023-09-25,2023-08-28,-28 day ahead inc hosp,quantile,0.75,92.0,COVID-19
DE,05-14,2023-09-25,2023-08-28,-28 day ahead inc hosp,quantile,0.75,15.6,COVID-19
DE,15-34,2023-09-25,2023-08-28,-28 day ahead inc hosp,quantile,0.75,86.0,COVID-19
DE,35-59,2023-09-25,2023-08-28,-28 day ahead inc hosp,quantile,0.75,206.2,COVID-19
DE,60-79,2023-09-25,2023-08-28,-28 day ahead inc hosp,quantile,0.75,519.75,COVID-19
DE,80+,2023-09-25,2023-08-28,-28 day ahead inc hosp,quantile,0.75,683.0,COVID-19
DE,00+,2023-09-25,2023-08-28,-28 day ahead inc hosp,quantile,0.75,1614.0,COVID-19
DE,00-04,2023-09-25,2023-09-25,0 day ahead inc hosp,quantile,0.9,96.402,COVID-19
DE,05-14,2023-09-25,2023-09-25,0 day ahead inc hosp,quantile,0.9,22.0,COVID-19
DE,15-34,2023-09-25,2023-09-25,0 day ahead inc hosp,quantile,0.9,91.0,COVID-19
DE,35-59,2023-09-25,2023-09-25,0 day ahead inc hosp,quantile,0.9,318.88197492163,COVID-19
DE,60-79,2023-09-25,2023-09-25,0 day ahead inc hosp,quantile,0.9,794.067599236988,COVID-19
DE,80+,2023-09-25,2023-09-25,0 day ahead inc hosp,quantile,0.9,988.3888529306,COVID-19
DE,00+,2023-09-25,2023-09-25,0 day ahead inc hosp,quantile,0.9,2266.81704048769,COVID-19
DE,00-04,2023-09-25,2023-09-24,-1 day ahead inc hosp,quantile,0.9,97.14,COVID-19
DE,05-14,2023-09-25,2023-09-24,-1 day ahead inc hosp,quantile,0.9,22.0,COVID-19
DE,15-34,2023-09-25,2023-09-24,-1 day ahead inc hosp,quantile,0.9,85.5714285714286,COVID-19
DE,35-59,2023-09-25,2023-09-24,-1 day ahead inc hosp,quantile,0.9,300.580392156863,COVID-19
DE,60-79,2023-09-25,2023-09-24,-1 day ahead inc hosp,quantile,0.9,805.023706896552,COVID-19
DE,80+,2023-09-25,2023-09-24,-1 day ahead inc hosp,quantile,0.9,1004.14866666667,COVID-19
DE,00+,2023-09-25,2023-09-24,-1 day ahead inc hosp,quantile,0.9,2280.97295040908,COVID-19
DE,00-04,2023-09-25,2023-09-23,-2 day ahead inc hosp,quantile,0.9,98.9856521739131,COVID-19
DE,05-14,2023-09-25,2023-09-23,-2 day ahead inc hosp,quantile,0.9,23.4,COVID-19
DE,15-34,2023-09-25,2023-09-23,-2 day ahead inc hosp,quantile,0.9,90.0,COVID-19
DE,35-59,2023-09-25,2023-09-23,-2 day ahead inc hosp,quantile,0.9,304.584962406015,COVID-19
DE,60-79,2023-09-25,2023-09-23,-2 day ahead inc hosp,quantile,0.9,820.222072599532,COVID-19
DE,80+,2023-09-25,2023-09-23,-2 day ahead inc hosp,quantile,0.9,1030.17970287478,COVID-19
DE,00+,2023-09-25,2023-09-23,-2 day ahead inc hosp,quantile,0.9,2333.81126126126,COVID-19
DE,00-04,2023-09-25,2023-09-22,-3 day ahead inc hosp,quantile,0.9,94.0,COVID-19
DE,05-14,2023-09-25,2023-09-22,-3 day ahead inc hosp,quantile,0.9,23.4,COVID-19
DE,15-34,2023-09-25,2023-09-22,-3 day ahead inc hosp,quantile,0.9,100.0,COVID-19
DE,35-59,2023-09-25,2023-09-22,-3 day ahead inc hosp,quantile,0.9,299.84,COVID-19
DE,60-79,2023-09-25,2023-09-22,-3 day ahead inc hosp,quantile,0.9,827.109090909091,COVID-19
DE,80+,2023-09-25,2023-09-22,-3 day ahead inc hosp,quantile,0.9,1051.86046511628,COVID-19
DE,00+,2023-09-25,2023-09-22,-3 day ahead inc hosp,quantile,0.9,2341.05357142857,COVID-19
DE,00-04,2023-09-25,2023-09-21,-4 day ahead inc hosp,quantile,0.9,90.0,COVID-19
DE,05-14,2023-09-25,2023-09-21,-4 day ahead inc hosp,quantile,0.9,24.5,COVID-19
DE,15-34,2023-09-25,2023-09-21,-4 day ahead inc hosp,quantile,0.9,104.0,COVID-19
DE,35-59,2023-09-25,2023-09-21,-4 day ahead inc hosp,quantile,0.9,292.444444444444,COVID-19
DE,60-79,2023-09-25,2023-09-21,-4 day ahead inc hosp,quantile,0.9,801.191780821918,COVID-19
DE,80+,2023-09-25,2023-09-21,-4 day ahead inc hosp,quantile,0.9,964.684210526316,COVID-19
DE,00+,2023-09-25,2023-09-21,-4 day ahead inc hosp,quantile,0.9,2230.0,COVID-19
DE,00-04,2023-09-25,2023-09-20,-5 day ahead inc hosp,quantile,0.9,93.0,COVID-19
DE,05-14,2023-09-25,2023-09-20,-5 day ahead inc hosp,quantile,0.9,22.0,COVID-19
DE,15-34,2023-09-25,2023-09-20,-5 day ahead inc hosp,quantile,0.9,126.0,COVID-19
DE,35-59,2023-09-25,2023-09-20,-5 day ahead inc hosp,quantile,0.9,291.071428571429,COVID-19
DE,60-79,2023-09-25,2023-09-20,-5 day ahead inc hosp,quantile,0.9,809.022222222222,COVID-19
DE,80+,2023-09-25,2023-09-20,-5 day ahead inc hosp,quantile,0.9,923.333333333333,COVID-19
DE,00+,2023-09-25,2023-09-20,-5 day ahead inc hosp,quantile,0.9,2261.8,COVID-19
DE,00-04,2023-09-25,2023-09-19,-6 day ahead inc hosp,quantile,0.9,97.0,COVID-19
DE,05-14,2023-09-25,2023-09-19,-6 day ahead inc hosp,quantile,0.9,20.0,COVID-19
DE,15-34,2023-09-25,2023-09-19,-6 day ahead inc hosp,quantile,0.9,127.0,COVID-19
DE,35-59,2023-09-25,2023-09-19,-6 day ahead inc hosp,quantile,0.9,277.214285714286,COVID-19
DE,60-79,2023-09-25,2023-09-19,-6 day ahead inc hosp,quantile,0.9,826.478260869565,COVID-19
DE,80+,2023-09-25,2023-09-19,-6 day ahead inc hosp,quantile,0.9,915.875,COVID-19
DE,00+,2023-09-25,2023-09-19,-6 day ahead inc hosp,quantile,0.9,2259.4,COVID-19
DE,00-04,2023-09-25,2023-09-18,-7 day ahead inc hosp,quantile,0.9,104.0,COVID-19
DE,05-14,2023-09-25,2023-09-18,-7 day ahead inc hosp,quantile,0.9,20.0,COVID-19
DE,15-34,2023-09-25,2023-09-18,-7 day ahead inc hosp,quantile,0.9,141.0,COVID-19
DE,35-59,2023-09-25,2023-09-18,-7 day ahead inc hosp,quantile,0.9,272.0,COVID-19
DE,60-79,2023-09-25,2023-09-18,-7 day ahead inc hosp,quantile,0.9,803.0,COVID-19
DE,80+,2023-09-25,2023-09-18,-7 day ahead inc hosp,quantile,0.9,958.179487179487,COVID-19
DE,00+,2023-09-25,2023-09-18,-7 day ahead inc hosp,quantile,0.9,2298.4,COVID-19
DE,00-04,2023-09-25,2023-09-17,-8 day ahead inc hosp,quantile,0.9,107.0,COVID-19
DE,05-14,2023-09-25,2023-09-17,-8 day ahead inc hosp,quantile,0.9,20.0,COVID-19
DE,15-34,2023-09-25,2023-09-17,-8 day ahead inc hosp,quantile,0.9,142.0,COVID-19
DE,35-59,2023-09-25,2023-09-17,-8 day ahead inc hosp,quantile,0.9,266.321428571429,COVID-19
DE,60-79,2023-09-25,2023-09-17,-8 day ahead inc hosp,quantile,0.9,800.0,COVID-19
DE,80+,2023-09-25,2023-09-17,-8 day ahead inc hosp,quantile,0.9,960.179487179487,COVID-19
DE,00+,2023-09-25,2023-09-17,-8 day ahead inc hosp,quantile,0.9,2298.9,COVID-19
DE,00-04,2023-09-25,2023-09-16,-9 day ahead inc hosp,quantile,0.9,108.0,COVID-19
DE,05-14,2023-09-25,2023-09-16,-9 day ahead inc hosp,quantile,0.9,17.8,COVID-19
DE,15-34,2023-09-25,2023-09-16,-9 day ahead inc hosp,quantile,0.9,136.0,COVID-19
DE,35-59,2023-09-25,2023-09-16,-9 day ahead inc hosp,quantile,0.9,261.72,COVID-19
DE,60-79,2023-09-25,2023-09-16,-9 day ahead inc hosp,quantile,0.9,796.0,COVID-19
DE,80+,2023-09-25,2023-09-16,-9 day ahead inc hosp,quantile,0.9,944.225806451613,COVID-19
DE,00+,2023-09-25,2023-09-16,-9 day ahead inc hosp,quantile,0.9,2265.0,COVID-19
DE,00-04,2023-09-25,2023-09-15,-10 day ahead inc hosp,quantile,0.9,115.0,COVID-19
DE,05-14,2023-09-25,2023-09-15,-10 day ahead inc hosp,quantile,0.9,14.5,COVID-19
DE,15-34,2023-09-25,2023-09-15,-10 day ahead inc hosp,quantile,0.9,151.0,COVID-19
DE,35-59,2023-09-25,2023-09-15,-10 day ahead inc hosp,quantile,0.9,280.461538461538,COVID-19
DE,60-79,2023-09-25,2023-09-15,-10 day ahead inc hosp,quantile,0.9,793.0,COVID-19
DE,80+,2023-09-25,2023-09-15,-10 day ahead inc hosp,quantile,0.9,993.019607843137,COVID-19
DE,00+,2023-09-25,2023-09-15,-10 day ahead inc hosp,quantile,0.9,2347.5,COVID-19
DE,00-04,2023-09-25,2023-09-14,-11 day ahead inc hosp,quantile,0.9,114.0,COVID-19
DE,05-14,2023-09-25,2023-09-14,-11 day ahead inc hosp,quantile,0.9,16.7,COVID-19
DE,15-34,2023-09-25,2023-09-14,-11 day ahead inc hosp,quantile,0.9,149.0,COVID-19
DE,35-59,2023-09-25,2023-09-14,-11 day ahead inc hosp,quantile,0.9,270.181818181818,COVID-19
DE,60-79,2023-09-25,2023-09-14,-11 day ahead inc hosp,quantile,0.9,806.0,COVID-19
DE,80+,2023-09-25,2023-09-14,-11 day ahead inc hosp,quantile,0.9,1044.61363636364,COVID-19
DE,00+,2023-09-25,2023-09-14,-11 day ahead inc hosp,quantile,0.9,2411.2,COVID-19
DE,00-04,2023-09-25,2023-09-13,-12 day ahead inc hosp,quantile,0.9,122.0,COVID-19
DE,05-14,2023-09-25,2023-09-13,-12 day ahead inc hosp,quantile,0.9,14.5,COVID-19
DE,15-34,2023-09-25,2023-09-13,-12 day ahead inc hosp,quantile,0.9,144.0,COVID-19
DE,35-59,2023-09-25,2023-09-13,-12 day ahead inc hosp,quantile,0.9,271.545454545455,COVID-19
DE,60-79,2023-09-25,2023-09-13,-12 day ahead inc hosp,quantile,0.9,821.0,COVID-19
DE,80+,2023-09-25,2023-09-13,-12 day ahead inc hosp,quantile,0.9,1067.51851851852,COVID-19
DE,00+,2023-09-25,2023-09-13,-12 day ahead inc hosp,quantile,0.9,2449.9,COVID-19
DE,00-04,2023-09-25,2023-09-12,-13 day ahead inc hosp,quantile,0.9,114.0,COVID-19
DE,05-14,2023-09-25,2023-09-12,-13 day ahead inc hosp,quantile,0.9,15.6,COVID-19
DE,15-34,2023-09-25,2023-09-12,-13 day ahead inc hosp,quantile,0.9,151.0,COVID-19
DE,35-59,2023-09-25,2023-09-12,-13 day ahead inc hosp,quantile,0.9,273.857142857143,COVID-19
DE,60-79,2023-09-25,2023-09-12,-13 day ahead inc hosp,quantile,0.9,794.0,COVID-19
DE,80+,2023-09-25,2023-09-12,-13 day ahead inc hosp,quantile,0.9,1020.75,COVID-19
DE,00+,2023-09-25,2023-09-12,-13 day ahead inc hosp,quantile,0.9,2380.5,COVID-19
DE,00-04,2023-09-25,2023-09-11,-14 day ahead inc hosp,quantile,0.9,100.0,COVID-19
DE,05-14,2023-09-25,2023-09-11,-14 day ahead inc hosp,quantile,0.9,12.2,COVID-19
DE,15-34,2023-09-25,2023-09-11,-14 day ahead inc hosp,quantile,0.9,151.0,COVID-19
DE,35-59,2023-09-25,2023-09-11,-14 day ahead inc hosp,quantile,0.9,248.769230769231,COVID-19
DE,60-79,2023-09-25,2023-09-11,-14 day ahead inc hosp,quantile,0.9,732.0,COVID-19
DE,80+,2023-09-25,2023-09-11,-14 day ahead inc hosp,quantile,0.9,933.032258064516,COVID-19
DE,00+,2023-09-25,2023-09-11,-14 day ahead inc hosp,quantile,0.9,2187.9,COVID-19
DE,00-04,2023-09-25,2023-09-10,-15 day ahead inc hosp,quantile,0.9,98.0,COVID-19
DE,05-14,2023-09-25,2023-09-10,-15 day ahead inc hosp,quantile,0.9,12.2,COVID-19
DE,15-34,2023-09-25,2023-09-10,-15 day ahead inc hosp,quantile,0.9,150.0,COVID-19
DE,35-59,2023-09-25,2023-09-10,-15 day ahead inc hosp,quantile,0.9,245.5,COVID-19
DE,60-79,2023-09-25,2023-09-10,-15 day ahead inc hosp,quantile,0.9,732.0,COVID-19
DE,80+,2023-09-25,2023-09-10,-15 day ahead inc hosp,quantile,0.9,938.0,COVID-19
DE,00+,2023-09-25,2023-09-10,-15 day ahead inc hosp,quantile,0.9,2186.0,COVID-19
DE,00-04,2023-09-25,2023-09-09,-16 day ahead inc hosp,quantile,0.9,95.0,COVID-19
DE,05-14,2023-09-25,2023-09-09,-16 day ahead inc hosp,quantile,0.9,12.2,COVID-19
DE,15-34,2023-09-25,2023-09-09,-16 day ahead inc hosp,quantile,0.9,149.0,COVID-19
DE,35-59,2023-09-25,2023-09-09,-16 day ahead inc hosp,quantile,0.9,246.818181818182,COVID-19
DE,60-79,2023-09-25,2023-09-09,-16 day ahead inc hosp,quantile,0.9,718.0,COVID-19
DE,80+,2023-09-25,2023-09-09,-16 day ahead inc hosp,quantile,0.9,944.478260869565,COVID-19
DE,00+,2023-09-25,2023-09-09,-16 day ahead inc hosp,quantile,0.9,2174.8,COVID-19
DE,00-04,2023-09-25,2023-09-08,-17 day ahead inc hosp,quantile,0.9,91.0,COVID-19
DE,05-14,2023-09-25,2023-09-08,-17 day ahead inc hosp,quantile,0.9,12.2,COVID-19
DE,15-34,2023-09-25,2023-09-08,-17 day ahead inc hosp,quantile,0.9,129.0,COVID-19
DE,35-59,2023-09-25,2023-09-08,-17 day ahead inc hosp,quantile,0.9,219.9,COVID-19
DE,60-79,2023-09-25,2023-09-08,-17 day ahead inc hosp,quantile,0.9,692.0,COVID-19
DE,80+,2023-09-25,2023-09-08,-17 day ahead inc hosp,quantile,0.9,861.541666666667,COVID-19
DE,00+,2023-09-25,2023-09-08,-17 day ahead inc hosp,quantile,0.9,2016.4,COVID-19
DE,00-04,2023-09-25,2023-09-07,-18 day ahead inc hosp,quantile,0.9,79.0,COVID-19
DE,05-14,2023-09-25,2023-09-07,-18 day ahead inc hosp,quantile,0.9,17.3,COVID-19
DE,15-34,2023-09-25,2023-09-07,-18 day ahead inc hosp,quantile,0.9,120.0,COVID-19
DE,35-59,2023-09-25,2023-09-07,-18 day ahead inc hosp,quantile,0.9,213.5,COVID-19
DE,60-79,2023-09-25,2023-09-07,-18 day ahead inc hosp,quantile,0.9,632.0,COVID-19
DE,80+,2023-09-25,2023-09-07,-18 day ahead inc hosp,quantile,0.9,782.0,COVID-19
DE,00+,2023-09-25,2023-09-07,-18 day ahead inc hosp,quantile,0.9,1864.8,COVID-19
DE,00-04,2023-09-25,2023-09-06,-19 day ahead inc hosp,quantile,0.9,76.0,COVID-19
DE,05-14,2023-09-25,2023-09-06,-19 day ahead inc hosp,quantile,0.9,21.0,COVID-19
DE,15-34,2023-09-25,2023-09-06,-19 day ahead inc hosp,quantile,0.9,118.0,COVID-19
DE,35-59,2023-09-25,2023-09-06,-19 day ahead inc hosp,quantile,0.9,203.8,COVID-19
DE,60-79,2023-09-25,2023-09-06,-19 day ahead inc hosp,quantile,0.9,600.586206896552,COVID-19
DE,80+,2023-09-25,2023-09-06,-19 day ahead inc hosp,quantile,0.9,726.0,COVID-19
DE,00+,2023-09-25,2023-09-06,-19 day ahead inc hosp,quantile,0.9,1763.0,COVID-19
DE,00-04,2023-09-25,2023-09-05,-20 day ahead inc hosp,quantile,0.9,71.0,COVID-19
DE,05-14,2023-09-25,2023-09-05,-20 day ahead inc hosp,quantile,0.9,18.5,COVID-19
DE,15-34,2023-09-25,2023-09-05,-20 day ahead inc hosp,quantile,0.9,108.0,COVID-19
DE,35-59,2023-09-25,2023-09-05,-20 day ahead inc hosp,quantile,0.9,185.1,COVID-19
DE,60-79,2023-09-25,2023-09-05,-20 day ahead inc hosp,quantile,0.9,561.04347826087,COVID-19
DE,80+,2023-09-25,2023-09-05,-20 day ahead inc hosp,quantile,0.9,669.0,COVID-19
DE,00+,2023-09-25,2023-09-05,-20 day ahead inc hosp,quantile,0.9,1632.3,COVID-19
DE,00-04,2023-09-25,2023-09-04,-21 day ahead inc hosp,quantile,0.9,67.0,COVID-19
DE,05-14,2023-09-25,2023-09-04,-21 day ahead inc hosp,quantile,0.9,22.2,COVID-19
DE,15-34,2023-09-25,2023-09-04,-21 day ahead inc hosp,quantile,0.9,96.0,COVID-19
DE,35-59,2023-09-25,2023-09-04,-21 day ahead inc hosp,quantile,0.9,185.8,COVID-19
DE,60-79,2023-09-25,2023-09-04,-21 day ahead inc hosp,quantile,0.9,557.0,COVID-19
DE,80+,2023-09-25,2023-09-04,-21 day ahead inc hosp,quantile,0.9,655.0,COVID-19
DE,00+,2023-09-25,2023-09-04,-21 day ahead inc hosp,quantile,0.9,1603.6,COVID-19
DE,00-04,2023-09-25,2023-09-03,-22 day ahead inc hosp,quantile,0.9,66.0,COVID-19
DE,05-14,2023-09-25,2023-09-03,-22 day ahead inc hosp,quantile,0.9,22.2,COVID-19
DE,15-34,2023-09-25,2023-09-03,-22 day ahead inc hosp,quantile,0.9,98.0,COVID-19
DE,35-59,2023-09-25,2023-09-03,-22 day ahead inc hosp,quantile,0.9,186.8,COVID-19
DE,60-79,2023-09-25,2023-09-03,-22 day ahead inc hosp,quantile,0.9,548.0,COVID-19
DE,80+,2023-09-25,2023-09-03,-22 day ahead inc hosp,quantile,0.9,645.0,COVID-19
DE,00+,2023-09-25,2023-09-03,-22 day ahead inc hosp,quantile,0.9,1587.4,COVID-19
DE,00-04,2023-09-25,2023-09-02,-23 day ahead inc hosp,quantile,0.9,68.0,COVID-19
DE,05-14,2023-09-25,2023-09-02,-23 day ahead inc hosp,quantile,0.9,22.2,COVID-19
DE,15-34,2023-09-25,2023-09-02,-23 day ahead inc hosp,quantile,0.9,98.0,COVID-19
DE,35-59,2023-09-25,2023-09-02,-23 day ahead inc hosp,quantile,0.9,187.9,COVID-19
DE,60-79,2023-09-25,2023-09-02,-23 day ahead inc hosp,quantile,0.9,554.75,COVID-19
DE,80+,2023-09-25,2023-09-02,-23 day ahead inc hosp,quantile,0.9,641.0,COVID-19
DE,00+,2023-09-25,2023-09-02,-23 day ahead inc hosp,quantile,0.9,1592.0,COVID-19
DE,00-04,2023-09-25,2023-09-01,-24 day ahead inc hosp,quantile,0.9,68.0,COVID-19
DE,05-14,2023-09-25,2023-09-01,-24 day ahead inc hosp,quantile,0.9,43.4,COVID-19
DE,15-34,2023-09-25,2023-09-01,-24 day ahead inc hosp,quantile,0.9,103.0,COVID-19
DE,35-59,2023-09-25,2023-09-01,-24 day ahead inc hosp,quantile,0.9,195.2,COVID-19
DE,60-79,2023-09-25,2023-09-01,-24 day ahead inc hosp,quantile,0.9,540.739130434783,COVID-19
DE,80+,2023-09-25,2023-09-01,-24 day ahead inc hosp,quantile,0.9,646.0,COVID-19
DE,00+,2023-09-25,2023-09-01,-24 day ahead inc hosp,quantile,0.9,1612.2,COVID-19
DE,00-04,2023-09-25,2023-08-31,-25 day ahead inc hosp,quantile,0.9,82.0,COVID-19
DE,05-14,2023-09-25,2023-08-31,-25 day ahead inc hosp,quantile,0.9,31.3,COVID-19
DE,15-34,2023-09-25,2023-08-31,-25 day ahead inc hosp,quantile,0.9,102.0,COVID-19
DE,35-59,2023-09-25,2023-08-31,-25 day ahead inc hosp,quantile,0.9,196.6,COVID-19
DE,60-79,2023-09-25,2023-08-31,-25 day ahead inc hosp,quantile,0.9,534.0,COVID-19
DE,80+,2023-09-25,2023-08-31,-25 day ahead inc hosp,quantile,0.9,651.0,COVID-19
DE,00+,2023-09-25,2023-08-31,-25 day ahead inc hosp,quantile,0.9,1614.0,COVID-19
DE,00-04,2023-09-25,2023-08-30,-26 day ahead inc hosp,quantile,0.9,77.0,COVID-19
DE,05-14,2023-09-25,2023-08-30,-26 day ahead inc hosp,quantile,0.9,27.6,COVID-19
DE,15-34,2023-09-25,2023-08-30,-26 day ahead inc hosp,quantile,0.9,94.0,COVID-19
DE,35-59,2023-09-25,2023-08-30,-26 day ahead inc hosp,quantile,0.9,194.9,COVID-19
DE,60-79,2023-09-25,2023-08-30,-26 day ahead inc hosp,quantile,0.9,529.666666666667,COVID-19
DE,80+,2023-09-25,2023-08-30,-26 day ahead inc hosp,quantile,0.9,652.0,COVID-19
DE,00+,2023-09-25,2023-08-30,-26 day ahead inc hosp,quantile,0.9,1588.7,COVID-19
DE,00-04,2023-09-25,2023-08-29,-27 day ahead inc hosp,quantile,0.9,88.0,COVID-19
DE,05-14,2023-09-25,2023-08-29,-27 day ahead inc hosp,quantile,0.9,29.2,COVID-19
DE,15-34,2023-09-25,2023-08-29,-27 day ahead inc hosp,quantile,0.9,96.0,COVID-19
DE,35-59,2023-09-25,2023-08-29,-27 day ahead inc hosp,quantile,0.9,200.0,COVID-19
DE,60-79,2023-09-25,2023-08-29,-27 day ahead inc hosp,quantile,0.9,520.2,COVID-19
DE,80+,2023-09-25,2023-08-29,-27 day ahead inc hosp,quantile,0.9,710.0,COVID-19
DE,00+,2023-09-25,2023-08-29,-27 day ahead inc hosp,quantile,0.9,1653.2,COVID-19
DE,00-04,2023-09-25,2023-08-28,-28 day ahead inc hosp,quantile,0.9,95.0,COVID-19
DE,05-14,2023-09-25,2023-08-28,-28 day ahead inc hosp,quantile,0.9,24.6,COVID-19
DE,15-34,2023-09-25,2023-08-28,-28 day ahead inc hosp,quantile,0.9,91.0,COVID-19
DE,35-59,2023-09-25,2023-08-28,-28 day ahead inc hosp,quantile,0.9,210.2,COVID-19
DE,60-79,2023-09-25,2023-08-28,-28 day ahead inc hosp,quantile,0.9,522.0,COVID-19
DE,80+,2023-09-25,2023-08-28,-28 day ahead inc hosp,quantile,0.9,687.0,COVID-19
DE,00+,2023-09-25,2023-08-28,-28 day ahead inc hosp,quantile,0.9,1644.0,COVID-19
DE,00-04,2023-09-25,2023-09-25,0 day ahead inc hosp,quantile,0.975,100.918862686567,COVID-19
DE,05-14,2023-09-25,2023-09-25,0 day ahead inc hosp,quantile,0.975,27.3,COVID-19
DE,15-34,2023-09-25,2023-09-25,0 day ahead inc hosp,quantile,0.975,100.666666666667,COVID-19
DE,35-59,2023-09-25,2023-09-25,0 day ahead inc hosp,quantile,0.975,328.250264830508,COVID-19
DE,60-79,2023-09-25,2023-09-25,0 day ahead inc hosp,quantile,0.975,831.649616454293,COVID-19
DE,80+,2023-09-25,2023-09-25,0 day ahead inc hosp,quantile,0.975,1020.50026658605,COVID-19
DE,00+,2023-09-25,2023-09-25,0 day ahead inc hosp,quantile,0.975,2388.36946509577,COVID-19
DE,00-04,2023-09-25,2023-09-24,-1 day ahead inc hosp,quantile,0.975,103.095714285714,COVID-19
DE,05-14,2023-09-25,2023-09-24,-1 day ahead inc hosp,quantile,0.975,27.3,COVID-19
DE,15-34,2023-09-25,2023-09-24,-1 day ahead inc hosp,quantile,0.975,92.4762443438914,COVID-19
DE,35-59,2023-09-25,2023-09-24,-1 day ahead inc hosp,quantile,0.975,306.303157894737,COVID-19
DE,60-79,2023-09-25,2023-09-24,-1 day ahead inc hosp,quantile,0.975,821.839609800363,COVID-19
DE,80+,2023-09-25,2023-09-24,-1 day ahead inc hosp,quantile,0.975,1009.99124087591,COVID-19
DE,00+,2023-09-25,2023-09-24,-1 day ahead inc hosp,quantile,0.975,2351.42277685002,COVID-19
DE,00-04,2023-09-25,2023-09-23,-2 day ahead inc hosp,quantile,0.975,100.0,COVID-19
DE,05-14,2023-09-25,2023-09-23,-2 day ahead inc hosp,quantile,0.975,29.0,COVID-19
DE,15-34,2023-09-25,2023-09-23,-2 day ahead inc hosp,quantile,0.975,98.0,COVID-19
DE,35-59,2023-09-25,2023-09-23,-2 day ahead inc hosp,quantile,0.975,312.424256756757,COVID-19
DE,60-79,2023-09-25,2023-09-23,-2 day ahead inc hosp,quantile,0.975,839.51092791411,COVID-19
DE,80+,2023-09-25,2023-09-23,-2 day ahead inc hosp,quantile,0.975,1052.96270453844,COVID-19
DE,00+,2023-09-25,2023-09-23,-2 day ahead inc hosp,quantile,0.975,2391.55783425414,COVID-19
DE,00-04,2023-09-25,2023-09-22,-3 day ahead inc hosp,quantile,0.975,99.0,COVID-19
DE,05-14,2023-09-25,2023-09-22,-3 day ahead inc hosp,quantile,0.975,29.0,COVID-19
DE,15-34,2023-09-25,2023-09-22,-3 day ahead inc hosp,quantile,0.975,110.0,COVID-19
DE,35-59,2023-09-25,2023-09-22,-3 day ahead inc hosp,quantile,0.975,305.597826086957,COVID-19
DE,60-79,2023-09-25,2023-09-22,-3 day ahead inc hosp,quantile,0.975,848.5706331045,COVID-19
DE,80+,2023-09-25,2023-09-22,-3 day ahead inc hosp,quantile,0.975,1061.15483736447,COVID-19
DE,00+,2023-09-25,2023-09-22,-3 day ahead inc hosp,quantile,0.975,2416.20657190924,COVID-19
DE,00-04,2023-09-25,2023-09-21,-4 day ahead inc hosp,quantile,0.975,94.0,COVID-19
DE,05-14,2023-09-25,2023-09-21,-4 day ahead inc hosp,quantile,0.975,30.3,COVID-19
DE,15-34,2023-09-25,2023-09-21,-4 day ahead inc hosp,quantile,0.975,116.9,COVID-19
DE,35-59,2023-09-25,2023-09-21,-4 day ahead inc hosp,quantile,0.975,300.901960784314,COVID-19
DE,60-79,2023-09-25,2023-09-21,-4 day ahead inc hosp,quantile,0.975,806.60961823573,COVID-19
DE,80+,2023-09-25,2023-09-21,-4 day ahead inc hosp,quantile,0.975,988.85174565694,COVID-19
DE,00+,2023-09-25,2023-09-21,-4 day ahead inc hosp,quantile,0.975,2345.4,COVID-19
DE,00-04,2023-09-25,2023-09-20,-5 day ahead inc hosp,quantile,0.975,97.0,COVID-19
DE,05-14,2023-09-25,2023-09-20,-5 day ahead inc hosp,quantile,0.975,27.3,COVID-19
DE,15-34,2023-09-25,2023-09-20,-5 day ahead inc hosp,quantile,0.975,142.6,COVID-19
DE,35-59,2023-09-25,2023-09-20,-5 day ahead inc hosp,quantile,0.975,299.771072796935,COVID-19
DE,60-79,2023-09-25,2023-09-20,-5 day ahead inc hosp,quantile,0.975,817.277192982456,COVID-19
DE,80+,2023-09-25,2023-09-20,-5 day ahead inc hosp,quantile,0.975,943.25600102145,COVID-19
DE,00+,2023-09-25,2023-09-20,-5 day ahead inc hosp,quantile,0.975,2327.8,COVID-19
DE,00-04,2023-09-25,2023-09-19,-6 day ahead inc hosp,quantile,0.975,102.0,COVID-19
DE,05-14,2023-09-25,2023-09-19,-6 day ahead inc hosp,quantile,0.975,24.8,COVID-19
DE,15-34,2023-09-25,2023-09-19,-6 day ahead inc hosp,quantile,0.975,170.4,COVID-19
DE,35-59,2023-09-25,2023-09-19,-6 day ahead inc hosp,quantile,0.975,286.625806451613,COVID-19
DE,60-79,2023-09-25,2023-09-19,-6 day ahead inc hosp,quantile,0.975,832.806818181818,COVID-19
DE,80+,2023-09-25,2023-09-19,-6 day ahead inc hosp,quantile,0.975,930.947916666667,COVID-19
DE,00+,2023-09-25,2023-09-19,-6 day ahead inc hosp,quantile,0.975,2327.4,COVID-19
DE,00-04,2023-09-25,2023-09-18,-7 day ahead inc hosp,quantile,0.975,109.0,COVID-19
DE,05-14,2023-09-25,2023-09-18,-7 day ahead inc hosp,quantile,0.975,24.8,COVID-19
DE,15-34,2023-09-25,2023-09-18,-7 day ahead inc hosp,quantile,0.975,188.3,COVID-19
DE,35-59,2023-09-25,2023-09-18,-7 day ahead inc hosp,quantile,0.975,276.25,COVID-19
DE,60-79,2023-09-25,2023-09-18,-7 day ahead inc hosp,quantile,0.975,817.153389830509,COVID-19
DE,80+,2023-09-25,2023-09-18,-7 day ahead inc hosp,quantile,0.975,978.775,COVID-19
DE,00+,2023-09-25,2023-09-18,-7 day ahead inc hosp,quantile,0.975,2368.4,COVID-19
DE,00-04,2023-09-25,2023-09-17,-8 day ahead inc hosp,quantile,0.975,113.0,COVID-19
DE,05-14,2023-09-25,2023-09-17,-8 day ahead inc hosp,quantile,0.975,24.8,COVID-19
DE,15-34,2023-09-25,2023-09-17,-8 day ahead inc hosp,quantile,0.975,189.5,COVID-19
DE,35-59,2023-09-25,2023-09-17,-8 day ahead inc hosp,quantile,0.975,273.344444444444,COVID-19
DE,60-79,2023-09-25,2023-09-17,-8 day ahead inc hosp,quantile,0.975,804.035361842105,COVID-19
DE,80+,2023-09-25,2023-09-17,-8 day ahead inc hosp,quantile,0.975,970.642857142857,COVID-19
DE,00+,2023-09-25,2023-09-17,-8 day ahead inc hosp,quantile,0.975,2369.1,COVID-19
DE,00-04,2023-09-25,2023-09-16,-9 day ahead inc hosp,quantile,0.975,114.0,COVID-19
DE,05-14,2023-09-25,2023-09-16,-9 day ahead inc hosp,quantile,0.975,22.1,COVID-19
DE,15-34,2023-09-25,2023-09-16,-9 day ahead inc hosp,quantile,0.975,153.4,COVID-19
DE,35-59,2023-09-25,2023-09-16,-9 day ahead inc hosp,quantile,0.975,270.5395256917,COVID-19
DE,60-79,2023-09-25,2023-09-16,-9 day ahead inc hosp,quantile,0.975,800.020750988142,COVID-19
DE,80+,2023-09-25,2023-09-16,-9 day ahead inc hosp,quantile,0.975,949.869696969697,COVID-19
DE,00+,2023-09-25,2023-09-16,-9 day ahead inc hosp,quantile,0.975,2325.2,COVID-19
DE,00-04,2023-09-25,2023-09-15,-10 day ahead inc hosp,quantile,0.975,121.0,COVID-19
DE,05-14,2023-09-25,2023-09-15,-10 day ahead inc hosp,quantile,0.975,17.9,COVID-19
DE,15-34,2023-09-25,2023-09-15,-10 day ahead inc hosp,quantile,0.975,170.8,COVID-19
DE,35-59,2023-09-25,2023-09-15,-10 day ahead inc hosp,quantile,0.975,292.208695652174,COVID-19
DE,60-79,2023-09-25,2023-09-15,-10 day ahead inc hosp,quantile,0.975,798.65,COVID-19
DE,80+,2023-09-25,2023-09-15,-10 day ahead inc hosp,quantile,0.975,1002.04846014493,COVID-19
DE,00+,2023-09-25,2023-09-15,-10 day ahead inc hosp,quantile,0.975,2405.5,COVID-19
DE,00-04,2023-09-25,2023-09-14,-11 day ahead inc hosp,quantile,0.975,120.0,COVID-19
DE,05-14,2023-09-25,2023-09-14,-11 day ahead inc hosp,quantile,0.975,20.7,COVID-19
DE,15-34,2023-09-25,2023-09-14,-11 day ahead inc hosp,quantile,0.975,169.4,COVID-19
DE,35-59,2023-09-25,2023-09-14,-11 day ahead inc hosp,quantile,0.975,282.9,COVID-19
DE,60-79,2023-09-25,2023-09-14,-11 day ahead inc hosp,quantile,0.975,810.22,COVID-19
DE,80+,2023-09-25,2023-09-14,-11 day ahead inc hosp,quantile,0.975,1056.09954622802,COVID-19
DE,00+,2023-09-25,2023-09-14,-11 day ahead inc hosp,quantile,0.975,2477.2,COVID-19
DE,00-04,2023-09-25,2023-09-13,-12 day ahead inc hosp,quantile,0.975,129.0,COVID-19
DE,05-14,2023-09-25,2023-09-13,-12 day ahead inc hosp,quantile,0.975,17.9,COVID-19
DE,15-34,2023-09-25,2023-09-13,-12 day ahead inc hosp,quantile,0.975,164.1,COVID-19
DE,35-59,2023-09-25,2023-09-13,-12 day ahead inc hosp,quantile,0.975,284.2,COVID-19
DE,60-79,2023-09-25,2023-09-13,-12 day ahead inc hosp,quantile,0.975,823.498705142434,COVID-19
DE,80+,2023-09-25,2023-09-13,-12 day ahead inc hosp,quantile,0.975,1073.34989648033,COVID-19
DE,00+,2023-09-25,2023-09-13,-12 day ahead inc hosp,quantile,0.975,2513.9,COVID-19
DE,00-04,2023-09-25,2023-09-12,-13 day ahead inc hosp,quantile,0.975,121.0,COVID-19
DE,05-14,2023-09-25,2023-09-12,-13 day ahead inc hosp,quantile,0.975,19.3,COVID-19
DE,15-34,2023-09-25,2023-09-12,-13 day ahead inc hosp,quantile,0.975,171.6,COVID-19
DE,35-59,2023-09-25,2023-09-12,-13 day ahead inc hosp,quantile,0.975,282.9,COVID-19
DE,60-79,2023-09-25,2023-09-12,-13 day ahead inc hosp,quantile,0.975,796.386520241171,COVID-19
DE,80+,2023-09-25,2023-09-12,-13 day ahead inc hosp,quantile,0.975,1028.61695075758,COVID-19
DE,00+,2023-09-25,2023-09-12,-13 day ahead inc hosp,quantile,0.975,2444.5,COVID-19
DE,00-04,2023-09-25,2023-09-11,-14 day ahead inc hosp,quantile,0.975,108.0,COVID-19
DE,05-14,2023-09-25,2023-09-11,-14 day ahead inc hosp,quantile,0.975,15.2,COVID-19
DE,15-34,2023-09-25,2023-09-11,-14 day ahead inc hosp,quantile,0.975,170.8,COVID-19
DE,35-59,2023-09-25,2023-09-11,-14 day ahead inc hosp,quantile,0.975,255.0,COVID-19
DE,60-79,2023-09-25,2023-09-11,-14 day ahead inc hosp,quantile,0.975,734.044958419958,COVID-19
DE,80+,2023-09-25,2023-09-11,-14 day ahead inc hosp,quantile,0.975,943.217830882353,COVID-19
DE,00+,2023-09-25,2023-09-11,-14 day ahead inc hosp,quantile,0.975,2249.9,COVID-19
DE,00-04,2023-09-25,2023-09-10,-15 day ahead inc hosp,quantile,0.975,105.0,COVID-19
DE,05-14,2023-09-25,2023-09-10,-15 day ahead inc hosp,quantile,0.975,15.2,COVID-19
DE,15-34,2023-09-25,2023-09-10,-15 day ahead inc hosp,quantile,0.975,169.4,COVID-19
DE,35-59,2023-09-25,2023-09-10,-15 day ahead inc hosp,quantile,0.975,253.3,COVID-19
DE,60-79,2023-09-25,2023-09-10,-15 day ahead inc hosp,quantile,0.975,735.734686609687,COVID-19
DE,80+,2023-09-25,2023-09-10,-15 day ahead inc hosp,quantile,0.975,946.530303030303,COVID-19
DE,00+,2023-09-25,2023-09-10,-15 day ahead inc hosp,quantile,0.975,2250.0,COVID-19
DE,00-04,2023-09-25,2023-09-09,-16 day ahead inc hosp,quantile,0.975,102.0,COVID-19
DE,05-14,2023-09-25,2023-09-09,-16 day ahead inc hosp,quantile,0.975,15.2,COVID-19
DE,15-34,2023-09-25,2023-09-09,-16 day ahead inc hosp,quantile,0.975,169.4,COVID-19
DE,35-59,2023-09-25,2023-09-09,-16 day ahead inc hosp,quantile,0.975,251.7,COVID-19
DE,60-79,2023-09-25,2023-09-09,-16 day ahead inc hosp,quantile,0.975,722.260869565217,COVID-19
DE,80+,2023-09-25,2023-09-09,-16 day ahead inc hosp,quantile,0.975,951.100131752306,COVID-19
DE,00+,2023-09-25,2023-09-09,-16 day ahead inc hosp,quantile,0.975,2236.8,COVID-19
DE,00-04,2023-09-25,2023-09-08,-17 day ahead inc hosp,quantile,0.975,98.0,COVID-19
DE,05-14,2023-09-25,2023-09-08,-17 day ahead inc hosp,quantile,0.975,15.2,COVID-19
DE,15-34,2023-09-25,2023-09-08,-17 day ahead inc hosp,quantile,0.975,145.8,COVID-19
DE,35-59,2023-09-25,2023-09-08,-17 day ahead inc hosp,quantile,0.975,227.9,COVID-19
DE,60-79,2023-09-25,2023-09-08,-17 day ahead inc hosp,quantile,0.975,696.940153452685,COVID-19
DE,80+,2023-09-25,2023-09-08,-17 day ahead inc hosp,quantile,0.975,863.0,COVID-19
DE,00+,2023-09-25,2023-09-08,-17 day ahead inc hosp,quantile,0.975,2078.4,COVID-19
DE,00-04,2023-09-25,2023-09-07,-18 day ahead inc hosp,quantile,0.975,84.1,COVID-19
DE,05-14,2023-09-25,2023-09-07,-18 day ahead inc hosp,quantile,0.975,21.4,COVID-19
DE,15-34,2023-09-25,2023-09-07,-18 day ahead inc hosp,quantile,0.975,134.0,COVID-19
DE,35-59,2023-09-25,2023-09-07,-18 day ahead inc hosp,quantile,0.975,223.5,COVID-19
DE,60-79,2023-09-25,2023-09-07,-18 day ahead inc hosp,quantile,0.975,634.985964912281,COVID-19
DE,80+,2023-09-25,2023-09-07,-18 day ahead inc hosp,quantile,0.975,787.1,COVID-19
DE,00+,2023-09-25,2023-09-07,-18 day ahead inc hosp,quantile,0.975,1950.8,COVID-19
DE,00-04,2023-09-25,2023-09-06,-19 day ahead inc hosp,quantile,0.975,81.0,COVID-19
DE,05-14,2023-09-25,2023-09-06,-19 day ahead inc hosp,quantile,0.975,26.0,COVID-19
DE,15-34,2023-09-25,2023-09-06,-19 day ahead inc hosp,quantile,0.975,133.0,COVID-19
DE,35-59,2023-09-25,2023-09-06,-19 day ahead inc hosp,quantile,0.975,211.8,COVID-19
DE,60-79,2023-09-25,2023-09-06,-19 day ahead inc hosp,quantile,0.975,603.0,COVID-19
DE,80+,2023-09-25,2023-09-06,-19 day ahead inc hosp,quantile,0.975,731.0,COVID-19
DE,00+,2023-09-25,2023-09-06,-19 day ahead inc hosp,quantile,0.975,1859.8,COVID-19
DE,00-04,2023-09-25,2023-09-05,-20 day ahead inc hosp,quantile,0.975,76.0,COVID-19
DE,05-14,2023-09-25,2023-09-05,-20 day ahead inc hosp,quantile,0.975,22.9,COVID-19
DE,15-34,2023-09-25,2023-09-05,-20 day ahead inc hosp,quantile,0.975,123.0,COVID-19
DE,35-59,2023-09-25,2023-09-05,-20 day ahead inc hosp,quantile,0.975,193.1,COVID-19
DE,60-79,2023-09-25,2023-09-05,-20 day ahead inc hosp,quantile,0.975,563.0,COVID-19
DE,80+,2023-09-25,2023-09-05,-20 day ahead inc hosp,quantile,0.975,674.0,COVID-19
DE,00+,2023-09-25,2023-09-05,-20 day ahead inc hosp,quantile,0.975,1730.3,COVID-19
DE,00-04,2023-09-25,2023-09-04,-21 day ahead inc hosp,quantile,0.975,72.0,COVID-19
DE,05-14,2023-09-25,2023-09-04,-21 day ahead inc hosp,quantile,0.975,27.5,COVID-19
DE,15-34,2023-09-25,2023-09-04,-21 day ahead inc hosp,quantile,0.975,109.4,COVID-19
DE,35-59,2023-09-25,2023-09-04,-21 day ahead inc hosp,quantile,0.975,195.8,COVID-19
DE,60-79,2023-09-25,2023-09-04,-21 day ahead inc hosp,quantile,0.975,564.123873873874,COVID-19
DE,80+,2023-09-25,2023-09-04,-21 day ahead inc hosp,quantile,0.975,660.0,COVID-19
DE,00+,2023-09-25,2023-09-04,-21 day ahead inc hosp,quantile,0.975,1705.6,COVID-19
DE,00-04,2023-09-25,2023-09-03,-22 day ahead inc hosp,quantile,0.975,71.0,COVID-19
DE,05-14,2023-09-25,2023-09-03,-22 day ahead inc hosp,quantile,0.975,27.5,COVID-19
DE,15-34,2023-09-25,2023-09-03,-22 day ahead inc hosp,quantile,0.975,112.6,COVID-19
DE,35-59,2023-09-25,2023-09-03,-22 day ahead inc hosp,quantile,0.975,196.8,COVID-19
DE,60-79,2023-09-25,2023-09-03,-22 day ahead inc hosp,quantile,0.975,554.611111111111,COVID-19
DE,80+,2023-09-25,2023-09-03,-22 day ahead inc hosp,quantile,0.975,651.0,COVID-19
DE,00+,2023-09-25,2023-09-03,-22 day ahead inc hosp,quantile,0.975,1689.4,COVID-19
DE,00-04,2023-09-25,2023-09-02,-23 day ahead inc hosp,quantile,0.975,74.0,COVID-19
DE,05-14,2023-09-25,2023-09-02,-23 day ahead inc hosp,quantile,0.975,27.5,COVID-19
DE,15-34,2023-09-25,2023-09-02,-23 day ahead inc hosp,quantile,0.975,111.5,COVID-19
DE,35-59,2023-09-25,2023-09-02,-23 day ahead inc hosp,quantile,0.975,197.9,COVID-19
DE,60-79,2023-09-25,2023-09-02,-23 day ahead inc hosp,quantile,0.975,558.414634146341,COVID-19
DE,80+,2023-09-25,2023-09-02,-23 day ahead inc hosp,quantile,0.975,647.0,COVID-19
DE,00+,2023-09-25,2023-09-02,-23 day ahead inc hosp,quantile,0.975,1694.0,COVID-19
DE,00-04,2023-09-25,2023-09-01,-24 day ahead inc hosp,quantile,0.975,74.0,COVID-19
DE,05-14,2023-09-25,2023-09-01,-24 day ahead inc hosp,quantile,0.975,39.7,COVID-19
DE,15-34,2023-09-25,2023-09-01,-24 day ahead inc hosp,quantile,0.975,118.0,COVID-19
DE,35-59,2023-09-25,2023-09-01,-24 day ahead inc hosp,quantile,0.975,209.2,COVID-19
DE,60-79,2023-09-25,2023-09-01,-24 day ahead inc hosp,quantile,0.975,543.0,COVID-19
DE,80+,2023-09-25,2023-09-01,-24 day ahead inc hosp,quantile,0.975,652.0,COVID-19
DE,00+,2023-09-25,2023-09-01,-24 day ahead inc hosp,quantile,0.975,1768.4,COVID-19
DE,00-04,2023-09-25,2023-08-31,-25 day ahead inc hosp,quantile,0.975,89.0,COVID-19
DE,05-14,2023-09-25,2023-08-31,-25 day ahead inc hosp,quantile,0.975,29.0,COVID-19
DE,15-34,2023-09-25,2023-08-31,-25 day ahead inc hosp,quantile,0.975,116.9,COVID-19
DE,35-59,2023-09-25,2023-08-31,-25 day ahead inc hosp,quantile,0.975,208.6,COVID-19
DE,60-79,2023-09-25,2023-08-31,-25 day ahead inc hosp,quantile,0.975,550.4,COVID-19
DE,80+,2023-09-25,2023-08-31,-25 day ahead inc hosp,quantile,0.975,657.0,COVID-19
DE,00+,2023-09-25,2023-08-31,-25 day ahead inc hosp,quantile,0.975,1720.0,COVID-19
DE,00-04,2023-09-25,2023-08-30,-26 day ahead inc hosp,quantile,0.975,84.0,COVID-19
DE,05-14,2023-09-25,2023-08-30,-26 day ahead inc hosp,quantile,0.975,26.0,COVID-19
DE,15-34,2023-09-25,2023-08-30,-26 day ahead inc hosp,quantile,0.975,107.2,COVID-19
DE,35-59,2023-09-25,2023-08-30,-26 day ahead inc hosp,quantile,0.975,206.9,COVID-19
DE,60-79,2023-09-25,2023-08-30,-26 day ahead inc hosp,quantile,0.975,532.0,COVID-19
DE,80+,2023-09-25,2023-08-30,-26 day ahead inc hosp,quantile,0.975,659.0,COVID-19
DE,00+,2023-09-25,2023-08-30,-26 day ahead inc hosp,quantile,0.975,1686.7,COVID-19
DE,00-04,2023-09-25,2023-08-29,-27 day ahead inc hosp,quantile,0.975,96.0,COVID-19
DE,05-14,2023-09-25,2023-08-29,-27 day ahead inc hosp,quantile,0.975,27.6,COVID-19
DE,15-34,2023-09-25,2023-08-29,-27 day ahead inc hosp,quantile,0.975,109.4,COVID-19
DE,35-59,2023-09-25,2023-08-29,-27 day ahead inc hosp,quantile,0.975,214.0,COVID-19
DE,60-79,2023-09-25,2023-08-29,-27 day ahead inc hosp,quantile,0.975,530.2,COVID-19
DE,80+,2023-09-25,2023-08-29,-27 day ahead inc hosp,quantile,0.975,716.0,COVID-19
DE,00+,2023-09-25,2023-08-29,-27 day ahead inc hosp,quantile,0.975,1751.4,COVID-19
DE,00-04,2023-09-25,2023-08-28,-28 day ahead inc hosp,quantile,0.975,103.0,COVID-19
DE,05-14,2023-09-25,2023-08-28,-28 day ahead inc hosp,quantile,0.975,22.9,COVID-19
DE,15-34,2023-09-25,2023-08-28,-28 day ahead inc hosp,quantile,0.975,104.0,COVID-19
DE,35-59,2023-09-25,2023-08-28,-28 day ahead inc hosp,quantile,0.975,224.2,COVID-19
DE,60-79,2023-09-25,2023-08-28,-28 day ahead inc hosp,quantile,0.975,535.0,COVID-19
DE,80+,2023-09-25,2023-08-28,-28 day ahead inc hosp,quantile,0.975,707.4,COVID-19
DE,00+,2023-09-25,2023-08-28,-28 day ahead inc hosp,quantile,0.975,1742.0,COVID-19
DE-BB,00+,2023-09-25,2023-09-25,0 day ahead inc hosp,mean,,90.5,COVID-19
DE-BB,00+,2023-09-25,2023-09-24,-1 day ahead inc hosp,mean,,92.7,COVID-19
DE-BB,00+,2023-09-25,2023-09-23,-2 day ahead inc hosp,mean,,92.7,COVID-19
DE-BB,00+,2023-09-25,2023-09-22,-3 day ahead inc hosp,mean,,94.9,COVID-19
DE-BB,00+,2023-09-25,2023-09-21,-4 day ahead inc hosp,mean,,100.1,COVID-19
DE-BB,00+,2023-09-25,2023-09-20,-5 day ahead inc hosp,mean,,102.3,COVID-19
DE-BB,00+,2023-09-25,2023-09-19,-6 day ahead inc hosp,mean,,96.1,COVID-19
DE-BB,00+,2023-09-25,2023-09-18,-7 day ahead inc hosp,mean,,81.2,COVID-19
DE-BB,00+,2023-09-25,2023-09-17,-8 day ahead inc hosp,mean,,80.1,COVID-19
DE-BB,00+,2023-09-25,2023-09-16,-9 day ahead inc hosp,mean,,80.1,COVID-19
DE-BB,00+,2023-09-25,2023-09-15,-10 day ahead inc hosp,mean,,81.9,COVID-19
DE-BB,00+,2023-09-25,2023-09-14,-11 day ahead inc hosp,mean,,82.5,COVID-19
DE-BB,00+,2023-09-25,2023-09-13,-12 day ahead inc hosp,mean,,81.3,COVID-19
DE-BB,00+,2023-09-25,2023-09-12,-13 day ahead inc hosp,mean,,74.0,COVID-19
DE-BB,00+,2023-09-25,2023-09-11,-14 day ahead inc hosp,mean,,66.7,COVID-19
DE-BB,00+,2023-09-25,2023-09-10,-15 day ahead inc hosp,mean,,65.7,COVID-19
DE-BB,00+,2023-09-25,2023-09-09,-16 day ahead inc hosp,mean,,65.7,COVID-19
DE-BB,00+,2023-09-25,2023-09-08,-17 day ahead inc hosp,mean,,63.4,COVID-19
DE-BB,00+,2023-09-25,2023-09-07,-18 day ahead inc hosp,mean,,52.3,COVID-19
DE-BB,00+,2023-09-25,2023-09-06,-19 day ahead inc hosp,mean,,46.1,COVID-19
DE-BB,00+,2023-09-25,2023-09-05,-20 day ahead inc hosp,mean,,39.1,COVID-19
DE-BB,00+,2023-09-25,2023-09-04,-21 day ahead inc hosp,mean,,39.0,COVID-19
DE-BB,00+,2023-09-25,2023-09-03,-22 day ahead inc hosp,mean,,39.0,COVID-19
DE-BB,00+,2023-09-25,2023-09-02,-23 day ahead inc hosp,mean,,39.0,COVID-19
DE-BB,00+,2023-09-25,2023-09-01,-24 day ahead inc hosp,mean,,36.0,COVID-19
DE-BB,00+,2023-09-25,2023-08-31,-25 day ahead inc hosp,mean,,36.0,COVID-19
DE-BB,00+,2023-09-25,2023-08-30,-26 day ahead inc hosp,mean,,39.0,COVID-19
DE-BB,00+,2023-09-25,2023-08-29,-27 day ahead inc hosp,mean,,41.0,COVID-19
DE-BB,00+,2023-09-25,2023-08-28,-28 day ahead inc hosp,mean,,39.0,COVID-19
DE-BB,00+,2023-09-25,2023-09-25,0 day ahead inc hosp,quantile,0.025,85.0649606299213,COVID-19
DE-BB,00+,2023-09-25,2023-09-24,-1 day ahead inc hosp,quantile,0.025,87.0,COVID-19
DE-BB,00+,2023-09-25,2023-09-23,-2 day ahead inc hosp,quantile,0.025,87.0,COVID-19
DE-BB,00+,2023-09-25,2023-09-22,-3 day ahead inc hosp,quantile,0.025,90.0,COVID-19
DE-BB,00+,2023-09-25,2023-09-21,-4 day ahead inc hosp,quantile,0.025,96.0,COVID-19
DE-BB,00+,2023-09-25,2023-09-20,-5 day ahead inc hosp,quantile,0.025,99.0,COVID-19
DE-BB,00+,2023-09-25,2023-09-19,-6 day ahead inc hosp,quantile,0.025,93.0,COVID-19
DE-BB,00+,2023-09-25,2023-09-18,-7 day ahead inc hosp,quantile,0.025,79.0,COVID-19
DE-BB,00+,2023-09-25,2023-09-17,-8 day ahead inc hosp,quantile,0.025,78.0,COVID-19
DE-BB,00+,2023-09-25,2023-09-16,-9 day ahead inc hosp,quantile,0.025,78.0,COVID-19
DE-BB,00+,2023-09-25,2023-09-15,-10 day ahead inc hosp,quantile,0.025,80.0,COVID-19
DE-BB,00+,2023-09-25,2023-09-14,-11 day ahead inc hosp,quantile,0.025,81.0,COVID-19
DE-BB,00+,2023-09-25,2023-09-13,-12 day ahead inc hosp,quantile,0.025,80.0,COVID-19
DE-BB,00+,2023-09-25,2023-09-12,-13 day ahead inc hosp,quantile,0.025,73.0,COVID-19
DE-BB,00+,2023-09-25,2023-09-11,-14 day ahead inc hosp,quantile,0.025,66.0,COVID-19
DE-BB,00+,2023-09-25,2023-09-10,-15 day ahead inc hosp,quantile,0.025,65.0,COVID-19
DE-BB,00+,2023-09-25,2023-09-09,-16 day ahead inc hosp,quantile,0.025,65.0,COVID-19
DE-BB,00+,2023-09-25,2023-09-08,-17 day ahead inc hosp,quantile,0.025,63.0,COVID-19
DE-BB,00+,2023-09-25,2023-09-07,-18 day ahead inc hosp,quantile,0.025,52.0,COVID-19
DE-BB,00+,2023-09-25,2023-09-06,-19 day ahead inc hosp,quantile,0.025,46.0,COVID-19
DE-BB,00+,2023-09-25,2023-09-05,-20 day ahead inc hosp,quantile,0.025,39.0,COVID-19
DE-BB,00+,2023-09-25,2023-09-04,-21 day ahead inc hosp,quantile,0.025,39.0,COVID-19
DE-BB,00+,2023-09-25,2023-09-03,-22 day ahead inc hosp,quantile,0.025,39.0,COVID-19
DE-BB,00+,2023-09-25,2023-09-02,-23 day ahead inc hosp,quantile,0.025,39.0,COVID-19
DE-BB,00+,2023-09-25,2023-09-01,-24 day ahead inc hosp,quantile,0.025,36.0,COVID-19
DE-BB,00+,2023-09-25,2023-08-31,-25 day ahead inc hosp,quantile,0.025,36.0,COVID-19
DE-BB,00+,2023-09-25,2023-08-30,-26 day ahead inc hosp,quantile,0.025,39.0,COVID-19
DE-BB,00+,2023-09-25,2023-08-29,-27 day ahead inc hosp,quantile,0.025,41.0,COVID-19
DE-BB,00+,2023-09-25,2023-08-28,-28 day ahead inc hosp,quantile,0.025,39.0,COVID-19
DE-BB,00+,2023-09-25,2023-09-25,0 day ahead inc hosp,quantile,0.1,87.0,COVID-19
DE-BB,00+,2023-09-25,2023-09-24,-1 day ahead inc hosp,quantile,0.1,88.9111111111111,COVID-19
DE-BB,00+,2023-09-25,2023-09-23,-2 day ahead inc hosp,quantile,0.1,89.0,COVID-19
DE-BB,00+,2023-09-25,2023-09-22,-3 day ahead inc hosp,quantile,0.1,92.0,COVID-19
DE-BB,00+,2023-09-25,2023-09-21,-4 day ahead inc hosp,quantile,0.1,98.0,COVID-19
DE-BB,00+,2023-09-25,2023-09-20,-5 day ahead inc hosp,quantile,0.1,100.0,COVID-19
DE-BB,00+,2023-09-25,2023-09-19,-6 day ahead inc hosp,quantile,0.1,94.0,COVID-19
DE-BB,00+,2023-09-25,2023-09-18,-7 day ahead inc hosp,quantile,0.1,80.0,COVID-19
DE-BB,00+,2023-09-25,2023-09-17,-8 day ahead inc hosp,quantile,0.1,79.0,COVID-19
DE-BB,00+,2023-09-25,2023-09-16,-9 day ahead inc hosp,quantile,0.1,79.0,COVID-19
DE-BB,00+,2023-09-25,2023-09-15,-10 day ahead inc hosp,quantile,0.1,80.0,COVID-19
DE-BB,00+,2023-09-25,2023-09-14,-11 day ahead inc hosp,quantile,0.1,81.0,COVID-19
DE-BB,00+,2023-09-25,2023-09-13,-12 day ahead inc hosp,quantile,0.1,80.0,COVID-19
DE-BB,00+,2023-09-25,2023-09-12,-13 day ahead inc hosp,quantile,0.1,73.0,COVID-19
DE-BB,00+,2023-09-25,2023-09-11,-14 day ahead inc hosp,quantile,0.1,66.0,COVID-19
DE-BB,00+,2023-09-25,2023-09-10,-15 day ahead inc hosp,quantile,0.1,65.0,COVID-19
DE-BB,00+,2023-09-25,2023-09-09,-16 day ahead inc hosp,quantile,0.1,65.0,COVID-19
DE-BB,00+,2023-09-25,2023-09-08,-17 day ahead inc hosp,quantile,0.1,63.0,COVID-19
DE-BB,00+,2023-09-25,2023-09-07,-18 day ahead inc hosp,quantile,0.1,52.0,COVID-19
DE-BB,00+,2023-09-25,2023-09-06,-19 day ahead inc hosp,quantile,0.1,46.0,COVID-19
DE-BB,00+,2023-09-25,2023-09-05,-20 day ahead inc hosp,quantile,0.1,39.0,COVID-19
DE-BB,00+,2023-09-25,2023-09-04,-21 day ahead inc hosp,quantile,0.1,39.0,COVID-19
DE-BB,00+,2023-09-25,2023-09-03,-22 day ahead inc hosp,quantile,0.1,39.0,COVID-19
DE-BB,00+,2023-09-25,2023-09-02,-23 day ahead inc hosp,quantile,0.1,39.0,COVID-19
DE-BB,00+,2023-09-25,2023-09-01,-24 day ahead inc hosp,quantile,0.1,36.0,COVID-19
DE-BB,00+,2023-09-25,2023-08-31,-25 day ahead inc hosp,quantile,0.1,36.0,COVID-19
DE-BB,00+,2023-09-25,2023-08-30,-26 day ahead inc hosp,quantile,0.1,39.0,COVID-19
DE-BB,00+,2023-09-25,2023-08-29,-27 day ahead inc hosp,quantile,0.1,41.0,COVID-19
DE-BB,00+,2023-09-25,2023-08-28,-28 day ahead inc hosp,quantile,0.1,39.0,COVID-19
DE-BB,00+,2023-09-25,2023-09-25,0 day ahead inc hosp,quantile,0.25,89.0,COVID-19
DE-BB,00+,2023-09-25,2023-09-24,-1 day ahead inc hosp,quantile,0.25,91.0,COVID-19
DE-BB,00+,2023-09-25,2023-09-23,-2 day ahead inc hosp,quantile,0.25,91.0,COVID-19
DE-BB,00+,2023-09-25,2023-09-22,-3 day ahead inc hosp,quantile,0.25,94.0,COVID-19
DE-BB,00+,2023-09-25,2023-09-21,-4 day ahead inc hosp,quantile,0.25,99.0,COVID-19
DE-BB,00+,2023-09-25,2023-09-20,-5 day ahead inc hosp,quantile,0.25,102.0,COVID-19
DE-BB,00+,2023-09-25,2023-09-19,-6 day ahead inc hosp,quantile,0.25,95.0,COVID-19
DE-BB,00+,2023-09-25,2023-09-18,-7 day ahead inc hosp,quantile,0.25,81.0,COVID-19
DE-BB,00+,2023-09-25,2023-09-17,-8 day ahead inc hosp,quantile,0.25,79.0,COVID-19
DE-BB,00+,2023-09-25,2023-09-16,-9 day ahead inc hosp,quantile,0.25,79.0,COVID-19
DE-BB,00+,2023-09-25,2023-09-15,-10 day ahead inc hosp,quantile,0.25,81.0,COVID-19
DE-BB,00+,2023-09-25,2023-09-14,-11 day ahead inc hosp,quantile,0.25,82.0,COVID-19
DE-BB,00+,2023-09-25,2023-09-13,-12 day ahead inc hosp,quantile,0.25,81.0,COVID-19
DE-BB,00+,2023-09-25,2023-09-12,-13 day ahead inc hosp,quantile,0.25,73.0,COVID-19
DE-BB,00+,2023-09-25,2023-09-11,-14 day ahead inc hosp,quantile,0.25,66.0,COVID-19
DE-BB,00+,2023-09-25,2023-09-10,-15 day ahead inc hosp,quantile,0.25,65.0,COVID-19
DE-BB,00+,2023-09-25,2023-09-09,-16 day ahead inc hosp,quantile,0.25,65.0,COVID-19
DE-BB,00+,2023-09-25,2023-09-08,-17 day ahead inc hosp,quantile,0.25,63.0,COVID-19
DE-BB,00+,2023-09-25,2023-09-07,-18 day ahead inc hosp,quantile,0.25,52.0,COVID-19
DE-BB,00+,2023-09-25,2023-09-06,-19 day ahead inc hosp,quantile,0.25,46.0,COVID-19
DE-BB,00+,2023-09-25,2023-09-05,-20 day ahead inc hosp,quantile,0.25,39.0,COVID-19
DE-BB,00+,2023-09-25,2023-09-04,-21 day ahead inc hosp,quantile,0.25,39.0,COVID-19
DE-BB,00+,2023-09-25,2023-09-03,-22 day ahead inc hosp,quantile,0.25,39.0,COVID-19
DE-BB,00+,2023-09-25,2023-09-02,-23 day ahead inc hosp,quantile,0.25,39.0,COVID-19
DE-BB,00+,2023-09-25,2023-09-01,-24 day ahead inc hosp,quantile,0.25,36.0,COVID-19
DE-BB,00+,2023-09-25,2023-08-31,-25 day ahead inc hosp,quantile,0.25,36.0,COVID-19
DE-BB,00+,2023-09-25,2023-08-30,-26 day ahead inc hosp,quantile,0.25,39.0,COVID-19
DE-BB,00+,2023-09-25,2023-08-29,-27 day ahead inc hosp,quantile,0.25,41.0,COVID-19
DE-BB,00+,2023-09-25,2023-08-28,-28 day ahead inc hosp,quantile,0.25,39.0,COVID-19
DE-BB,00+,2023-09-25,2023-09-25,0 day ahead inc hosp,quantile,0.5,92.0,COVID-19
DE-BB,00+,2023-09-25,2023-09-24,-1 day ahead inc hosp,quantile,0.5,94.0,COVID-19
DE-BB,00+,2023-09-25,2023-09-23,-2 day ahead inc hosp,quantile,0.5,94.0,COVID-19
DE-BB,00+,2023-09-25,2023-09-22,-3 day ahead inc hosp,quantile,0.5,96.0,COVID-19
DE-BB,00+,2023-09-25,2023-09-21,-4 day ahead inc hosp,quantile,0.5,101.0,COVID-19
DE-BB,00+,2023-09-25,2023-09-20,-5 day ahead inc hosp,quantile,0.5,103.0,COVID-19
DE-BB,00+,2023-09-25,2023-09-19,-6 day ahead inc hosp,quantile,0.5,97.0,COVID-19
DE-BB,00+,2023-09-25,2023-09-18,-7 day ahead inc hosp,quantile,0.5,82.0,COVID-19
DE-BB,00+,2023-09-25,2023-09-17,-8 day ahead inc hosp,quantile,0.5,81.0,COVID-19
DE-BB,00+,2023-09-25,2023-09-16,-9 day ahead inc hosp,quantile,0.5,81.0,COVID-19
DE-BB,00+,2023-09-25,2023-09-15,-10 day ahead inc hosp,quantile,0.5,82.0,COVID-19
DE-BB,00+,2023-09-25,2023-09-14,-11 day ahead inc hosp,quantile,0.5,83.0,COVID-19
DE-BB,00+,2023-09-25,2023-09-13,-12 day ahead inc hosp,quantile,0.5,82.0,COVID-19
DE-BB,00+,2023-09-25,2023-09-12,-13 day ahead inc hosp,quantile,0.5,74.0,COVID-19
DE-BB,00+,2023-09-25,2023-09-11,-14 day ahead inc hosp,quantile,0.5,67.0,COVID-19
DE-BB,00+,2023-09-25,2023-09-10,-15 day ahead inc hosp,quantile,0.5,66.0,COVID-19
DE-BB,00+,2023-09-25,2023-09-09,-16 day ahead inc hosp,quantile,0.5,66.0,COVID-19
DE-BB,00+,2023-09-25,2023-09-08,-17 day ahead inc hosp,quantile,0.5,63.0,COVID-19
DE-BB,00+,2023-09-25,2023-09-07,-18 day ahead inc hosp,quantile,0.5,52.0,COVID-19
DE-BB,00+,2023-09-25,2023-09-06,-19 day ahead inc hosp,quantile,0.5,46.0,COVID-19
DE-BB,00+,2023-09-25,2023-09-05,-20 day ahead inc hosp,quantile,0.5,39.0,COVID-19
DE-BB,00+,2023-09-25,2023-09-04,-21 day ahead inc hosp,quantile,0.5,39.0,COVID-19
DE-BB,00+,2023-09-25,2023-09-03,-22 day ahead inc hosp,quantile,0.5,39.0,COVID-19
DE-BB,00+,2023-09-25,2023-09-02,-23 day ahead inc hosp,quantile,0.5,39.0,COVID-19
DE-BB,00+,2023-09-25,2023-09-01,-24 day ahead inc hosp,quantile,0.5,36.0,COVID-19
DE-BB,00+,2023-09-25,2023-08-31,-25 day ahead inc hosp,quantile,0.5,36.0,COVID-19
DE-BB,00+,2023-09-25,2023-08-30,-26 day ahead inc hosp,quantile,0.5,39.0,COVID-19
DE-BB,00+,2023-09-25,2023-08-29,-27 day ahead inc hosp,quantile,0.5,41.0,COVID-19
DE-BB,00+,2023-09-25,2023-08-28,-28 day ahead inc hosp,quantile,0.5,39.0,COVID-19
DE-BB,00+,2023-09-25,2023-09-25,0 day ahead inc hosp,quantile,0.75,95.0,COVID-19
DE-BB,00+,2023-09-25,2023-09-24,-1 day ahead inc hosp,quantile,0.75,98.0,COVID-19
DE-BB,00+,2023-09-25,2023-09-23,-2 day ahead inc hosp,quantile,0.75,98.0,COVID-19
DE-BB,00+,2023-09-25,2023-09-22,-3 day ahead inc hosp,quantile,0.75,99.0,COVID-19
DE-BB,00+,2023-09-25,2023-09-21,-4 day ahead inc hosp,quantile,0.75,104.0,COVID-19
DE-BB,00+,2023-09-25,2023-09-20,-5 day ahead inc hosp,quantile,0.75,106.0,COVID-19
DE-BB,00+,2023-09-25,2023-09-19,-6 day ahead inc hosp,quantile,0.75,99.0,COVID-19
DE-BB,00+,2023-09-25,2023-09-18,-7 day ahead inc hosp,quantile,0.75,84.0,COVID-19
DE-BB,00+,2023-09-25,2023-09-17,-8 day ahead inc hosp,quantile,0.75,82.0,COVID-19
DE-BB,00+,2023-09-25,2023-09-16,-9 day ahead inc hosp,quantile,0.75,82.0,COVID-19
DE-BB,00+,2023-09-25,2023-09-15,-10 day ahead inc hosp,quantile,0.75,84.0,COVID-19
DE-BB,00+,2023-09-25,2023-09-14,-11 day ahead inc hosp,quantile,0.75,84.0,COVID-19
DE-BB,00+,2023-09-25,2023-09-13,-12 day ahead inc hosp,quantile,0.75,83.0,COVID-19
DE-BB,00+,2023-09-25,2023-09-12,-13 day ahead inc hosp,quantile,0.75,76.0,COVID-19
DE-BB,00+,2023-09-25,2023-09-11,-14 day ahead inc hosp,quantile,0.75,68.0,COVID-19
DE-BB,00+,2023-09-25,2023-09-10,-15 day ahead inc hosp,quantile,0.75,67.0,COVID-19
DE-BB,00+,2023-09-25,2023-09-09,-16 day ahead inc hosp,quantile,0.75,67.0,COVID-19
DE-BB,00+,2023-09-25,2023-09-08,-17 day ahead inc hosp,quantile,0.75,65.0,COVID-19
DE-BB,00+,2023-09-25,2023-09-07,-18 day ahead inc hosp,quantile,0.75,53.0,COVID-19
DE-BB,00+,2023-09-25,2023-09-06,-19 day ahead inc hosp,quantile,0.75,46.3,COVID-19
DE-BB,00+,2023-09-25,2023-09-05,-20 day ahead inc hosp,quantile,0.75,39.3,COVID-19
DE-BB,00+,2023-09-25,2023-09-04,-21 day ahead inc hosp,quantile,0.75,39.0,COVID-19
DE-BB,00+,2023-09-25,2023-09-03,-22 day ahead inc hosp,quantile,0.75,39.0,COVID-19
DE-BB,00+,2023-09-25,2023-09-02,-23 day ahead inc hosp,quantile,0.75,39.0,COVID-19
DE-BB,00+,2023-09-25,2023-09-01,-24 day ahead inc hosp,quantile,0.75,36.0,COVID-19
DE-BB,00+,2023-09-25,2023-08-31,-25 day ahead inc hosp,quantile,0.75,36.0,COVID-19
DE-BB,00+,2023-09-25,2023-08-30,-26 day ahead inc hosp,quantile,0.75,39.0,COVID-19
DE-BB,00+,2023-09-25,2023-08-29,-27 day ahead inc hosp,quantile,0.75,41.0,COVID-19
DE-BB,00+,2023-09-25,2023-08-28,-28 day ahead inc hosp,quantile,0.75,39.0,COVID-19
DE-BB,00+,2023-09-25,2023-09-25,0 day ahead inc hosp,quantile,0.9,99.0,COVID-19
DE-BB,00+,2023-09-25,2023-09-24,-1 day ahead inc hosp,quantile,0.9,111.3,COVID-19
DE-BB,00+,2023-09-25,2023-09-23,-2 day ahead inc hosp,quantile,0.9,102.0,COVID-19
DE-BB,00+,2023-09-25,2023-09-22,-3 day ahead inc hosp,quantile,0.9,103.0,COVID-19
DE-BB,00+,2023-09-25,2023-09-21,-4 day ahead inc hosp,quantile,0.9,107.0,COVID-19
DE-BB,00+,2023-09-25,2023-09-20,-5 day ahead inc hosp,quantile,0.9,109.0,COVID-19
DE-BB,00+,2023-09-25,2023-09-19,-6 day ahead inc hosp,quantile,0.9,102.0,COVID-19
DE-BB,00+,2023-09-25,2023-09-18,-7 day ahead inc hosp,quantile,0.9,86.0,COVID-19
DE-BB,00+,2023-09-25,2023-09-17,-8 day ahead inc hosp,quantile,0.9,85.0,COVID-19
DE-BB,00+,2023-09-25,2023-09-16,-9 day ahead inc hosp,quantile,0.9,85.0,COVID-19
DE-BB,00+,2023-09-25,2023-09-15,-10 day ahead inc hosp,quantile,0.9,87.0,COVID-19
DE-BB,00+,2023-09-25,2023-09-14,-11 day ahead inc hosp,quantile,0.9,87.0,COVID-19
DE-BB,00+,2023-09-25,2023-09-13,-12 day ahead inc hosp,quantile,0.9,86.0,COVID-19
DE-BB,00+,2023-09-25,2023-09-12,-13 day ahead inc hosp,quantile,0.9,78.0,COVID-19
DE-BB,00+,2023-09-25,2023-09-11,-14 day ahead inc hosp,quantile,0.9,70.0,COVID-19
DE-BB,00+,2023-09-25,2023-09-10,-15 day ahead inc hosp,quantile,0.9,69.0,COVID-19
DE-BB,00+,2023-09-25,2023-09-09,-16 day ahead inc hosp,quantile,0.9,69.0,COVID-19
DE-BB,00+,2023-09-25,2023-09-08,-17 day ahead inc hosp,quantile,0.9,66.0,COVID-19
DE-BB,00+,2023-09-25,2023-09-07,-18 day ahead inc hosp,quantile,0.9,54.0,COVID-19
DE-BB,00+,2023-09-25,2023-09-06,-19 day ahead inc hosp,quantile,0.9,48.0,COVID-19
DE-BB,00+,2023-09-25,2023-09-05,-20 day ahead inc hosp,quantile,0.9,40.0,COVID-19
DE-BB,00+,2023-09-25,2023-09-04,-21 day ahead inc hosp,quantile,0.9,40.0,COVID-19
DE-BB,00+,2023-09-25,2023-09-03,-22 day ahead inc hosp,quantile,0.9,40.0,COVID-19
DE-BB,00+,2023-09-25,2023-09-02,-23 day ahead inc hosp,quantile,0.9,40.0,COVID-19
DE-BB,00+,2023-09-25,2023-09-01,-24 day ahead inc hosp,quantile,0.9,36.0,COVID-19
DE-BB,00+,2023-09-25,2023-08-31,-25 day ahead inc hosp,quantile,0.9,36.0,COVID-19
DE-BB,00+,2023-09-25,2023-08-30,-26 day ahead inc hosp,quantile,0.9,39.0,COVID-19
DE-BB,00+,2023-09-25,2023-08-29,-27 day ahead inc hosp,quantile,0.9,41.0,COVID-19
DE-BB,00+,2023-09-25,2023-08-28,-28 day ahead inc hosp,quantile,0.9,39.0,COVID-19
DE-BB,00+,2023-09-25,2023-09-25,0 day ahead inc hosp,quantile,0.975,130.5,COVID-19
DE-BB,00+,2023-09-25,2023-09-24,-1 day ahead inc hosp,quantile,0.975,113.7,COVID-19
DE-BB,00+,2023-09-25,2023-09-23,-2 day ahead inc hosp,quantile,0.975,113.7,COVID-19
DE-BB,00+,2023-09-25,2023-09-22,-3 day ahead inc hosp,quantile,0.975,114.7,COVID-19
DE-BB,00+,2023-09-25,2023-09-21,-4 day ahead inc hosp,quantile,0.975,119.0,COVID-19
DE-BB,00+,2023-09-25,2023-09-20,-5 day ahead inc hosp,quantile,0.975,121.2,COVID-19
DE-BB,00+,2023-09-25,2023-09-19,-6 day ahead inc hosp,quantile,0.975,113.7,COVID-19
DE-BB,00+,2023-09-25,2023-09-18,-7 day ahead inc hosp,quantile,0.975,96.5,COVID-19
DE-BB,00+,2023-09-25,2023-09-17,-8 day ahead inc hosp,quantile,0.975,95.4,COVID-19
DE-BB,00+,2023-09-25,2023-09-16,-9 day ahead inc hosp,quantile,0.975,95.4,COVID-19
DE-BB,00+,2023-09-25,2023-09-15,-10 day ahead inc hosp,quantile,0.975,97.6,COVID-19
DE-BB,00+,2023-09-25,2023-09-14,-11 day ahead inc hosp,quantile,0.975,98.7,COVID-19
DE-BB,00+,2023-09-25,2023-09-13,-12 day ahead inc hosp,quantile,0.975,97.6,COVID-19
DE-BB,00+,2023-09-25,2023-09-12,-13 day ahead inc hosp,quantile,0.975,89.0,COVID-19
DE-BB,00+,2023-09-25,2023-09-11,-14 day ahead inc hosp,quantile,0.975,80.4,COVID-19
DE-BB,00+,2023-09-25,2023-09-10,-15 day ahead inc hosp,quantile,0.975,79.4,COVID-19
DE-BB,00+,2023-09-25,2023-09-09,-16 day ahead inc hosp,quantile,0.975,79.4,COVID-19
DE-BB,00+,2023-09-25,2023-09-08,-17 day ahead inc hosp,quantile,0.975,76.1,COVID-19
DE-BB,00+,2023-09-25,2023-09-07,-18 day ahead inc hosp,quantile,0.975,62.2,COVID-19
DE-BB,00+,2023-09-25,2023-09-06,-19 day ahead inc hosp,quantile,0.975,54.7,COVID-19
DE-BB,00+,2023-09-25,2023-09-05,-20 day ahead inc hosp,quantile,0.975,46.7,COVID-19
DE-BB,00+,2023-09-25,2023-09-04,-21 day ahead inc hosp,quantile,0.975,46.1,COVID-19
DE-BB,00+,2023-09-25,2023-09-03,-22 day ahead inc hosp,quantile,0.975,46.1,COVID-19
DE-BB,00+,2023-09-25,2023-09-02,-23 day ahead inc hosp,quantile,0.975,46.1,COVID-19
DE-BB,00+,2023-09-25,2023-09-01,-24 day ahead inc hosp,quantile,0.975,40.8,COVID-19
DE-BB,00+,2023-09-25,2023-08-31,-25 day ahead inc hosp,quantile,0.975,40.8,COVID-19
DE-BB,00+,2023-09-25,2023-08-30,-26 day ahead inc hosp,quantile,0.975,42.9,COVID-19
DE-BB,00+,2023-09-25,2023-08-29,-27 day ahead inc hosp,quantile,0.975,45.0,COVID-19
DE-BB,00+,2023-09-25,2023-08-28,-28 day ahead inc hosp,quantile,0.975,41.8,COVID-19
DE-BE,00+,2023-09-25,2023-09-25,0 day ahead inc hosp,mean,,103.6,COVID-19
DE-BE,00+,2023-09-25,2023-09-24,-1 day ahead inc hosp,mean,,103.6,COVID-19
DE-BE,00+,2023-09-25,2023-09-23,-2 day ahead inc hosp,mean,,103.6,COVID-19
DE-BE,00+,2023-09-25,2023-09-22,-3 day ahead inc hosp,mean,,108.1,COVID-19
DE-BE,00+,2023-09-25,2023-09-21,-4 day ahead inc hosp,mean,,101.1,COVID-19
DE-BE,00+,2023-09-25,2023-09-20,-5 day ahead inc hosp,mean,,96.5,COVID-19
DE-BE,00+,2023-09-25,2023-09-19,-6 day ahead inc hosp,mean,,97.5,COVID-19
DE-BE,00+,2023-09-25,2023-09-18,-7 day ahead inc hosp,mean,,97.3,COVID-19
DE-BE,00+,2023-09-25,2023-09-17,-8 day ahead inc hosp,mean,,97.3,COVID-19
DE-BE,00+,2023-09-25,2023-09-16,-9 day ahead inc hosp,mean,,97.3,COVID-19
DE-BE,00+,2023-09-25,2023-09-15,-10 day ahead inc hosp,mean,,109.4,COVID-19
DE-BE,00+,2023-09-25,2023-09-14,-11 day ahead inc hosp,mean,,114.2,COVID-19
DE-BE,00+,2023-09-25,2023-09-13,-12 day ahead inc hosp,mean,,104.5,COVID-19
DE-BE,00+,2023-09-25,2023-09-12,-13 day ahead inc hosp,mean,,122.4,COVID-19
DE-BE,00+,2023-09-25,2023-09-11,-14 day ahead inc hosp,mean,,106.9,COVID-19
DE-BE,00+,2023-09-25,2023-09-10,-15 day ahead inc hosp,mean,,106.9,COVID-19
DE-BE,00+,2023-09-25,2023-09-09,-16 day ahead inc hosp,mean,,106.9,COVID-19
DE-BE,00+,2023-09-25,2023-09-08,-17 day ahead inc hosp,mean,,88.8,COVID-19
DE-BE,00+,2023-09-25,2023-09-07,-18 day ahead inc hosp,mean,,77.2,COVID-19
DE-BE,00+,2023-09-25,2023-09-06,-19 day ahead inc hosp,mean,,70.9,COVID-19
DE-BE,00+,2023-09-25,2023-09-05,-20 day ahead inc hosp,mean,,55.5,COVID-19
DE-BE,00+,2023-09-25,2023-09-04,-21 day ahead inc hosp,mean,,55.4,COVID-19
DE-BE,00+,2023-09-25,2023-09-03,-22 day ahead inc hosp,mean,,55.4,COVID-19
DE-BE,00+,2023-09-25,2023-09-02,-23 day ahead inc hosp,mean,,55.4,COVID-19
DE-BE,00+,2023-09-25,2023-09-01,-24 day ahead inc hosp,mean,,61.3,COVID-19
DE-BE,00+,2023-09-25,2023-08-31,-25 day ahead inc hosp,mean,,60.2,COVID-19
DE-BE,00+,2023-09-25,2023-08-30,-26 day ahead inc hosp,mean,,62.2,COVID-19
DE-BE,00+,2023-09-25,2023-08-29,-27 day ahead inc hosp,mean,,48.1,COVID-19
DE-BE,00+,2023-09-25,2023-08-28,-28 day ahead inc hosp,mean,,48.1,COVID-19
DE-BE,00+,2023-09-25,2023-09-25,0 day ahead inc hosp,quantile,0.025,89.2849090909091,COVID-19
DE-BE,00+,2023-09-25,2023-09-24,-1 day ahead inc hosp,quantile,0.025,90.8655923494148,COVID-19
DE-BE,00+,2023-09-25,2023-09-23,-2 day ahead inc hosp,quantile,0.025,93.7250312109863,COVID-19
DE-BE,00+,2023-09-25,2023-09-22,-3 day ahead inc hosp,quantile,0.025,97.3495575221239,COVID-19
DE-BE,00+,2023-09-25,2023-09-21,-4 day ahead inc hosp,quantile,0.025,96.6063333333333,COVID-19
DE-BE,00+,2023-09-25,2023-09-20,-5 day ahead inc hosp,quantile,0.025,93.62,COVID-19
DE-BE,00+,2023-09-25,2023-09-19,-6 day ahead inc hosp,quantile,0.025,95.26,COVID-19
DE-BE,00+,2023-09-25,2023-09-18,-7 day ahead inc hosp,quantile,0.025,95.9207692307692,COVID-19
DE-BE,00+,2023-09-25,2023-09-17,-8 day ahead inc hosp,quantile,0.025,94.0,COVID-19
DE-BE,00+,2023-09-25,2023-09-16,-9 day ahead inc hosp,quantile,0.025,94.0,COVID-19
DE-BE,00+,2023-09-25,2023-09-15,-10 day ahead inc hosp,quantile,0.025,106.0,COVID-19
DE-BE,00+,2023-09-25,2023-09-14,-11 day ahead inc hosp,quantile,0.025,110.0,COVID-19
DE-BE,00+,2023-09-25,2023-09-13,-12 day ahead inc hosp,quantile,0.025,101.0,COVID-19
DE-BE,00+,2023-09-25,2023-09-12,-13 day ahead inc hosp,quantile,0.025,119.0,COVID-19
DE-BE,00+,2023-09-25,2023-09-11,-14 day ahead inc hosp,quantile,0.025,104.0,COVID-19
DE-BE,00+,2023-09-25,2023-09-10,-15 day ahead inc hosp,quantile,0.025,104.0,COVID-19
DE-BE,00+,2023-09-25,2023-09-09,-16 day ahead inc hosp,quantile,0.025,104.0,COVID-19
DE-BE,00+,2023-09-25,2023-09-08,-17 day ahead inc hosp,quantile,0.025,87.0,COVID-19
DE-BE,00+,2023-09-25,2023-09-07,-18 day ahead inc hosp,quantile,0.025,76.0,COVID-19
DE-BE,00+,2023-09-25,2023-09-06,-19 day ahead inc hosp,quantile,0.025,70.0,COVID-19
DE-BE,00+,2023-09-25,2023-09-05,-20 day ahead inc hosp,quantile,0.025,55.0,COVID-19
DE-BE,00+,2023-09-25,2023-09-04,-21 day ahead inc hosp,quantile,0.025,55.0,COVID-19
DE-BE,00+,2023-09-25,2023-09-03,-22 day ahead inc hosp,quantile,0.025,55.0,COVID-19
DE-BE,00+,2023-09-25,2023-09-02,-23 day ahead inc hosp,quantile,0.025,55.0,COVID-19
DE-BE,00+,2023-09-25,2023-09-01,-24 day ahead inc hosp,quantile,0.025,61.045,COVID-19
DE-BE,00+,2023-09-25,2023-08-31,-25 day ahead inc hosp,quantile,0.025,60.2,COVID-19
DE-BE,00+,2023-09-25,2023-08-30,-26 day ahead inc hosp,quantile,0.025,62.2,COVID-19
DE-BE,00+,2023-09-25,2023-08-29,-27 day ahead inc hosp,quantile,0.025,48.1,COVID-19
DE-BE,00+,2023-09-25,2023-08-28,-28 day ahead inc hosp,quantile,0.025,48.1,COVID-19
DE-BE,00+,2023-09-25,2023-09-25,0 day ahead inc hosp,quantile,0.1,95.4745098039216,COVID-19
DE-BE,00+,2023-09-25,2023-09-24,-1 day ahead inc hosp,quantile,0.1,96.8308292682927,COVID-19
DE-BE,00+,2023-09-25,2023-09-23,-2 day ahead inc hosp,quantile,0.1,94.6999470058294,COVID-19
DE-BE,00+,2023-09-25,2023-09-22,-3 day ahead inc hosp,quantile,0.1,101.692307692308,COVID-19
DE-BE,00+,2023-09-25,2023-09-21,-4 day ahead inc hosp,quantile,0.1,98.0,COVID-19
DE-BE,00+,2023-09-25,2023-09-20,-5 day ahead inc hosp,quantile,0.1,94.0,COVID-19
DE-BE,00+,2023-09-25,2023-09-19,-6 day ahead inc hosp,quantile,0.1,95.609756097561,COVID-19
DE-BE,00+,2023-09-25,2023-09-18,-7 day ahead inc hosp,quantile,0.1,95.6388888888889,COVID-19
DE-BE,00+,2023-09-25,2023-09-17,-8 day ahead inc hosp,quantile,0.1,95.0,COVID-19
DE-BE,00+,2023-09-25,2023-09-16,-9 day ahead inc hosp,quantile,0.1,95.0,COVID-19
DE-BE,00+,2023-09-25,2023-09-15,-10 day ahead inc hosp,quantile,0.1,105.736842105263,COVID-19
DE-BE,00+,2023-09-25,2023-09-14,-11 day ahead inc hosp,quantile,0.1,110.533333333333,COVID-19
DE-BE,00+,2023-09-25,2023-09-13,-12 day ahead inc hosp,quantile,0.1,101.636363636364,COVID-19
DE-BE,00+,2023-09-25,2023-09-12,-13 day ahead inc hosp,quantile,0.1,119.444444444444,COVID-19
DE-BE,00+,2023-09-25,2023-09-11,-14 day ahead inc hosp,quantile,0.1,104.0,COVID-19
DE-BE,00+,2023-09-25,2023-09-10,-15 day ahead inc hosp,quantile,0.1,104.0,COVID-19
DE-BE,00+,2023-09-25,2023-09-09,-16 day ahead inc hosp,quantile,0.1,104.0,COVID-19
DE-BE,00+,2023-09-25,2023-09-08,-17 day ahead inc hosp,quantile,0.1,87.0,COVID-19
DE-BE,00+,2023-09-25,2023-09-07,-18 day ahead inc hosp,quantile,0.1,76.0,COVID-19
DE-BE,00+,2023-09-25,2023-09-06,-19 day ahead inc hosp,quantile,0.1,70.0,COVID-19
DE-BE,00+,2023-09-25,2023-09-05,-20 day ahead inc hosp,quantile,0.1,55.0,COVID-19
DE-BE,00+,2023-09-25,2023-09-04,-21 day ahead inc hosp,quantile,0.1,55.0,COVID-19
DE-BE,00+,2023-09-25,2023-09-03,-22 day ahead inc hosp,quantile,0.1,55.0,COVID-19
DE-BE,00+,2023-09-25,2023-09-02,-23 day ahead inc hosp,quantile,0.1,55.4,COVID-19
DE-BE,00+,2023-09-25,2023-09-01,-24 day ahead inc hosp,quantile,0.1,61.3,COVID-19
DE-BE,00+,2023-09-25,2023-08-31,-25 day ahead inc hosp,quantile,0.1,60.2,COVID-19
DE-BE,00+,2023-09-25,2023-08-30,-26 day ahead inc hosp,quantile,0.1,62.2,COVID-19
DE-BE,00+,2023-09-25,2023-08-29,-27 day ahead inc hosp,quantile,0.1,48.1,COVID-19
DE-BE,00+,2023-09-25,2023-08-28,-28 day ahead inc hosp,quantile,0.1,48.1,COVID-19
DE-BE,00+,2023-09-25,2023-09-25,0 day ahead inc hosp,quantile,0.25,101.771428571429,COVID-19
DE-BE,00+,2023-09-25,2023-09-24,-1 day ahead inc hosp,quantile,0.25,101.724137931034,COVID-19
DE-BE,00+,2023-09-25,2023-09-23,-2 day ahead inc hosp,quantile,0.25,102.0,COVID-19
DE-BE,00+,2023-09-25,2023-09-22,-3 day ahead inc hosp,quantile,0.25,107.0,COVID-19
DE-BE,00+,2023-09-25,2023-09-21,-4 day ahead inc hosp,quantile,0.25,100.0,COVID-19
DE-BE,00+,2023-09-25,2023-09-20,-5 day ahead inc hosp,quantile,0.25,96.0,COVID-19
DE-BE,00+,2023-09-25,2023-09-19,-6 day ahead inc hosp,quantile,0.25,97.0,COVID-19
DE-BE,00+,2023-09-25,2023-09-18,-7 day ahead inc hosp,quantile,0.25,97.0,COVID-19
DE-BE,00+,2023-09-25,2023-09-17,-8 day ahead inc hosp,quantile,0.25,97.0,COVID-19
DE-BE,00+,2023-09-25,2023-09-16,-9 day ahead inc hosp,quantile,0.25,97.0,COVID-19
DE-BE,00+,2023-09-25,2023-09-15,-10 day ahead inc hosp,quantile,0.25,109.0,COVID-19
DE-BE,00+,2023-09-25,2023-09-14,-11 day ahead inc hosp,quantile,0.25,114.0,COVID-19
DE-BE,00+,2023-09-25,2023-09-13,-12 day ahead inc hosp,quantile,0.25,104.0,COVID-19
DE-BE,00+,2023-09-25,2023-09-12,-13 day ahead inc hosp,quantile,0.25,121.666666666667,COVID-19
DE-BE,00+,2023-09-25,2023-09-11,-14 day ahead inc hosp,quantile,0.25,105.25,COVID-19
DE-BE,00+,2023-09-25,2023-09-10,-15 day ahead inc hosp,quantile,0.25,106.0,COVID-19
DE-BE,00+,2023-09-25,2023-09-09,-16 day ahead inc hosp,quantile,0.25,106.0,COVID-19
DE-BE,00+,2023-09-25,2023-09-08,-17 day ahead inc hosp,quantile,0.25,88.0,COVID-19
DE-BE,00+,2023-09-25,2023-09-07,-18 day ahead inc hosp,quantile,0.25,77.0,COVID-19
DE-BE,00+,2023-09-25,2023-09-06,-19 day ahead inc hosp,quantile,0.25,70.0,COVID-19
DE-BE,00+,2023-09-25,2023-09-05,-20 day ahead inc hosp,quantile,0.25,55.0,COVID-19
DE-BE,00+,2023-09-25,2023-09-04,-21 day ahead inc hosp,quantile,0.25,55.0,COVID-19
DE-BE,00+,2023-09-25,2023-09-03,-22 day ahead inc hosp,quantile,0.25,55.4,COVID-19
DE-BE,00+,2023-09-25,2023-09-02,-23 day ahead inc hosp,quantile,0.25,55.4,COVID-19
DE-BE,00+,2023-09-25,2023-09-01,-24 day ahead inc hosp,quantile,0.25,61.3,COVID-19
DE-BE,00+,2023-09-25,2023-08-31,-25 day ahead inc hosp,quantile,0.25,60.2,COVID-19
DE-BE,00+,2023-09-25,2023-08-30,-26 day ahead inc hosp,quantile,0.25,62.2,COVID-19
DE-BE,00+,2023-09-25,2023-08-29,-27 day ahead inc hosp,quantile,0.25,48.1,COVID-19
DE-BE,00+,2023-09-25,2023-08-28,-28 day ahead inc hosp,quantile,0.25,48.1,COVID-19
DE-BE,00+,2023-09-25,2023-09-25,0 day ahead inc hosp,quantile,0.5,107.0,COVID-19
DE-BE,00+,2023-09-25,2023-09-24,-1 day ahead inc hosp,quantile,0.5,107.0,COVID-19
DE-BE,00+,2023-09-25,2023-09-23,-2 day ahead inc hosp,quantile,0.5,107.0,COVID-19
DE-BE,00+,2023-09-25,2023-09-22,-3 day ahead inc hosp,quantile,0.5,111.0,COVID-19
DE-BE,00+,2023-09-25,2023-09-21,-4 day ahead inc hosp,quantile,0.5,103.0,COVID-19
DE-BE,00+,2023-09-25,2023-09-20,-5 day ahead inc hosp,quantile,0.5,99.0,COVID-19
DE-BE,00+,2023-09-25,2023-09-19,-6 day ahead inc hosp,quantile,0.5,99.0,COVID-19
DE-BE,00+,2023-09-25,2023-09-18,-7 day ahead inc hosp,quantile,0.5,99.0,COVID-19
DE-BE,00+,2023-09-25,2023-09-17,-8 day ahead inc hosp,quantile,0.5,99.0,COVID-19
DE-BE,00+,2023-09-25,2023-09-16,-9 day ahead inc hosp,quantile,0.5,99.0,COVID-19
DE-BE,00+,2023-09-25,2023-09-15,-10 day ahead inc hosp,quantile,0.5,111.0,COVID-19
DE-BE,00+,2023-09-25,2023-09-14,-11 day ahead inc hosp,quantile,0.5,116.0,COVID-19
DE-BE,00+,2023-09-25,2023-09-13,-12 day ahead inc hosp,quantile,0.5,106.0,COVID-19
DE-BE,00+,2023-09-25,2023-09-12,-13 day ahead inc hosp,quantile,0.5,124.0,COVID-19
DE-BE,00+,2023-09-25,2023-09-11,-14 day ahead inc hosp,quantile,0.5,108.0,COVID-19
DE-BE,00+,2023-09-25,2023-09-10,-15 day ahead inc hosp,quantile,0.5,108.0,COVID-19
DE-BE,00+,2023-09-25,2023-09-09,-16 day ahead inc hosp,quantile,0.5,108.0,COVID-19
DE-BE,00+,2023-09-25,2023-09-08,-17 day ahead inc hosp,quantile,0.5,90.0,COVID-19
DE-BE,00+,2023-09-25,2023-09-07,-18 day ahead inc hosp,quantile,0.5,78.0,COVID-19
DE-BE,00+,2023-09-25,2023-09-06,-19 day ahead inc hosp,quantile,0.5,71.0,COVID-19
DE-BE,00+,2023-09-25,2023-09-05,-20 day ahead inc hosp,quantile,0.5,56.0,COVID-19
DE-BE,00+,2023-09-25,2023-09-04,-21 day ahead inc hosp,quantile,0.5,56.0,COVID-19
DE-BE,00+,2023-09-25,2023-09-03,-22 day ahead inc hosp,quantile,0.5,56.0,COVID-19
DE-BE,00+,2023-09-25,2023-09-02,-23 day ahead inc hosp,quantile,0.5,56.0,COVID-19
DE-BE,00+,2023-09-25,2023-09-01,-24 day ahead inc hosp,quantile,0.5,62.0,COVID-19
DE-BE,00+,2023-09-25,2023-08-31,-25 day ahead inc hosp,quantile,0.5,60.0,COVID-19
DE-BE,00+,2023-09-25,2023-08-30,-26 day ahead inc hosp,quantile,0.5,62.0,COVID-19
DE-BE,00+,2023-09-25,2023-08-29,-27 day ahead inc hosp,quantile,0.5,48.0,COVID-19
DE-BE,00+,2023-09-25,2023-08-28,-28 day ahead inc hosp,quantile,0.5,48.0,COVID-19
DE-BE,00+,2023-09-25,2023-09-25,0 day ahead inc hosp,quantile,0.75,122.4,COVID-19
DE-BE,00+,2023-09-25,2023-09-24,-1 day ahead inc hosp,quantile,0.75,122.4,COVID-19
DE-BE,00+,2023-09-25,2023-09-23,-2 day ahead inc hosp,quantile,0.75,113.0,COVID-19
DE-BE,00+,2023-09-25,2023-09-22,-3 day ahead inc hosp,quantile,0.75,118.0,COVID-19
DE-BE,00+,2023-09-25,2023-09-21,-4 day ahead inc hosp,quantile,0.75,109.0,COVID-19
DE-BE,00+,2023-09-25,2023-09-20,-5 day ahead inc hosp,quantile,0.75,103.0,COVID-19
DE-BE,00+,2023-09-25,2023-09-19,-6 day ahead inc hosp,quantile,0.75,103.0,COVID-19
DE-BE,00+,2023-09-25,2023-09-18,-7 day ahead inc hosp,quantile,0.75,103.0,COVID-19
DE-BE,00+,2023-09-25,2023-09-17,-8 day ahead inc hosp,quantile,0.75,103.0,COVID-19
DE-BE,00+,2023-09-25,2023-09-16,-9 day ahead inc hosp,quantile,0.75,103.0,COVID-19
DE-BE,00+,2023-09-25,2023-09-15,-10 day ahead inc hosp,quantile,0.75,116.0,COVID-19
DE-BE,00+,2023-09-25,2023-09-14,-11 day ahead inc hosp,quantile,0.75,120.0,COVID-19
DE-BE,00+,2023-09-25,2023-09-13,-12 day ahead inc hosp,quantile,0.75,110.0,COVID-19
DE-BE,00+,2023-09-25,2023-09-12,-13 day ahead inc hosp,quantile,0.75,133.6,COVID-19
DE-BE,00+,2023-09-25,2023-09-11,-14 day ahead inc hosp,quantile,0.75,117.1,COVID-19
DE-BE,00+,2023-09-25,2023-09-10,-15 day ahead inc hosp,quantile,0.75,112.0,COVID-19
DE-BE,00+,2023-09-25,2023-09-09,-16 day ahead inc hosp,quantile,0.75,112.0,COVID-19
DE-BE,00+,2023-09-25,2023-09-08,-17 day ahead inc hosp,quantile,0.75,92.0,COVID-19
DE-BE,00+,2023-09-25,2023-09-07,-18 day ahead inc hosp,quantile,0.75,80.0,COVID-19
DE-BE,00+,2023-09-25,2023-09-06,-19 day ahead inc hosp,quantile,0.75,73.0,COVID-19
DE-BE,00+,2023-09-25,2023-09-05,-20 day ahead inc hosp,quantile,0.75,57.0,COVID-19
DE-BE,00+,2023-09-25,2023-09-04,-21 day ahead inc hosp,quantile,0.75,57.0,COVID-19
DE-BE,00+,2023-09-25,2023-09-03,-22 day ahead inc hosp,quantile,0.75,58.6,COVID-19
DE-BE,00+,2023-09-25,2023-09-02,-23 day ahead inc hosp,quantile,0.75,58.6,COVID-19
DE-BE,00+,2023-09-25,2023-09-01,-24 day ahead inc hosp,quantile,0.75,64.7,COVID-19
DE-BE,00+,2023-09-25,2023-08-31,-25 day ahead inc hosp,quantile,0.75,63.8,COVID-19
DE-BE,00+,2023-09-25,2023-08-30,-26 day ahead inc hosp,quantile,0.75,65.8,COVID-19
DE-BE,00+,2023-09-25,2023-08-29,-27 day ahead inc hosp,quantile,0.75,49.9,COVID-19
DE-BE,00+,2023-09-25,2023-08-28,-28 day ahead inc hosp,quantile,0.75,49.9,COVID-19
DE-BE,00+,2023-09-25,2023-09-25,0 day ahead inc hosp,quantile,0.9,146.4,COVID-19
DE-BE,00+,2023-09-25,2023-09-24,-1 day ahead inc hosp,quantile,0.9,146.4,COVID-19
DE-BE,00+,2023-09-25,2023-09-23,-2 day ahead inc hosp,quantile,0.9,146.4,COVID-19
DE-BE,00+,2023-09-25,2023-09-22,-3 day ahead inc hosp,quantile,0.9,151.9,COVID-19
DE-BE,00+,2023-09-25,2023-09-21,-4 day ahead inc hosp,quantile,0.9,120.0,COVID-19
DE-BE,00+,2023-09-25,2023-09-20,-5 day ahead inc hosp,quantile,0.9,115.0,COVID-19
DE-BE,00+,2023-09-25,2023-09-19,-6 day ahead inc hosp,quantile,0.9,132.5,COVID-19
DE-BE,00+,2023-09-25,2023-09-18,-7 day ahead inc hosp,quantile,0.9,132.7,COVID-19
DE-BE,00+,2023-09-25,2023-09-17,-8 day ahead inc hosp,quantile,0.9,115.0,COVID-19
DE-BE,00+,2023-09-25,2023-09-16,-9 day ahead inc hosp,quantile,0.9,115.0,COVID-19
DE-BE,00+,2023-09-25,2023-09-15,-10 day ahead inc hosp,quantile,0.9,150.6,COVID-19
DE-BE,00+,2023-09-25,2023-09-14,-11 day ahead inc hosp,quantile,0.9,153.8,COVID-19
DE-BE,00+,2023-09-25,2023-09-13,-12 day ahead inc hosp,quantile,0.9,135.5,COVID-19
DE-BE,00+,2023-09-25,2023-09-12,-13 day ahead inc hosp,quantile,0.9,153.6,COVID-19
DE-BE,00+,2023-09-25,2023-09-11,-14 day ahead inc hosp,quantile,0.9,137.1,COVID-19
DE-BE,00+,2023-09-25,2023-09-10,-15 day ahead inc hosp,quantile,0.9,137.1,COVID-19
DE-BE,00+,2023-09-25,2023-09-09,-16 day ahead inc hosp,quantile,0.9,137.1,COVID-19
DE-BE,00+,2023-09-25,2023-09-08,-17 day ahead inc hosp,quantile,0.9,105.2,COVID-19
DE-BE,00+,2023-09-25,2023-09-07,-18 day ahead inc hosp,quantile,0.9,94.8,COVID-19
DE-BE,00+,2023-09-25,2023-09-06,-19 day ahead inc hosp,quantile,0.9,85.1,COVID-19
DE-BE,00+,2023-09-25,2023-09-05,-20 day ahead inc hosp,quantile,0.9,68.5,COVID-19
DE-BE,00+,2023-09-25,2023-09-04,-21 day ahead inc hosp,quantile,0.9,61.6,COVID-19
DE-BE,00+,2023-09-25,2023-09-03,-22 day ahead inc hosp,quantile,0.9,61.6,COVID-19
DE-BE,00+,2023-09-25,2023-09-02,-23 day ahead inc hosp,quantile,0.9,67.8,COVID-19
DE-BE,00+,2023-09-25,2023-09-01,-24 day ahead inc hosp,quantile,0.9,78.7,COVID-19
DE-BE,00+,2023-09-25,2023-08-31,-25 day ahead inc hosp,quantile,0.9,73.8,COVID-19
DE-BE,00+,2023-09-25,2023-08-30,-26 day ahead inc hosp,quantile,0.9,77.8,COVID-19
DE-BE,00+,2023-09-25,2023-08-29,-27 day ahead inc hosp,quantile,0.9,61.9,COVID-19
DE-BE,00+,2023-09-25,2023-08-28,-28 day ahead inc hosp,quantile,0.9,61.9,COVID-19
DE-BE,00+,2023-09-25,2023-09-25,0 day ahead inc hosp,quantile,0.975,203.2,COVID-19
DE-BE,00+,2023-09-25,2023-09-24,-1 day ahead inc hosp,quantile,0.975,203.2,COVID-19
DE-BE,00+,2023-09-25,2023-09-23,-2 day ahead inc hosp,quantile,0.975,203.2,COVID-19
DE-BE,00+,2023-09-25,2023-09-22,-3 day ahead inc hosp,quantile,0.975,213.9,COVID-19
DE-BE,00+,2023-09-25,2023-09-21,-4 day ahead inc hosp,quantile,0.975,196.3,COVID-19
DE-BE,00+,2023-09-25,2023-09-20,-5 day ahead inc hosp,quantile,0.975,188.5,COVID-19
DE-BE,00+,2023-09-25,2023-09-19,-6 day ahead inc hosp,quantile,0.975,187.5,COVID-19
DE-BE,00+,2023-09-25,2023-09-18,-7 day ahead inc hosp,quantile,0.975,187.7,COVID-19
DE-BE,00+,2023-09-25,2023-09-17,-8 day ahead inc hosp,quantile,0.975,142.5,COVID-19
DE-BE,00+,2023-09-25,2023-09-16,-9 day ahead inc hosp,quantile,0.975,142.5,COVID-19
DE-BE,00+,2023-09-25,2023-09-15,-10 day ahead inc hosp,quantile,0.975,161.0,COVID-19
DE-BE,00+,2023-09-25,2023-09-14,-11 day ahead inc hosp,quantile,0.975,217.8,COVID-19
DE-BE,00+,2023-09-25,2023-09-13,-12 day ahead inc hosp,quantile,0.975,192.9,COVID-19
DE-BE,00+,2023-09-25,2023-09-12,-13 day ahead inc hosp,quantile,0.975,218.6,COVID-19
DE-BE,00+,2023-09-25,2023-09-11,-14 day ahead inc hosp,quantile,0.975,195.3,COVID-19
DE-BE,00+,2023-09-25,2023-09-10,-15 day ahead inc hosp,quantile,0.975,195.3,COVID-19
DE-BE,00+,2023-09-25,2023-09-09,-16 day ahead inc hosp,quantile,0.975,195.3,COVID-19
DE-BE,00+,2023-09-25,2023-09-08,-17 day ahead inc hosp,quantile,0.975,140.6,COVID-19
DE-BE,00+,2023-09-25,2023-09-07,-18 day ahead inc hosp,quantile,0.975,133.0,COVID-19
DE-BE,00+,2023-09-25,2023-09-06,-19 day ahead inc hosp,quantile,0.975,115.7,COVID-19
DE-BE,00+,2023-09-25,2023-09-05,-20 day ahead inc hosp,quantile,0.975,98.1,COVID-19
DE-BE,00+,2023-09-25,2023-09-04,-21 day ahead inc hosp,quantile,0.975,96.8,COVID-19
DE-BE,00+,2023-09-25,2023-09-03,-22 day ahead inc hosp,quantile,0.975,96.8,COVID-19
DE-BE,00+,2023-09-25,2023-09-02,-23 day ahead inc hosp,quantile,0.975,96.8,COVID-19
DE-BE,00+,2023-09-25,2023-09-01,-24 day ahead inc hosp,quantile,0.975,112.1,COVID-19
DE-BE,00+,2023-09-25,2023-08-31,-25 day ahead inc hosp,quantile,0.975,105.0,COVID-19
DE-BE,00+,2023-09-25,2023-08-30,-26 day ahead inc hosp,quantile,0.975,111.2,COVID-19
DE-BE,00+,2023-09-25,2023-08-29,-27 day ahead inc hosp,quantile,0.975,88.1,COVID-19
DE-BE,00+,2023-09-25,2023-08-28,-28 day ahead inc hosp,quantile,0.975,88.1,COVID-19
DE-BW,00+,2023-09-25,2023-09-25,0 day ahead inc hosp,mean,,117.0,COVID-19
DE-BW,00+,2023-09-25,2023-09-24,-1 day ahead inc hosp,mean,,117.0,COVID-19
DE-BW,00+,2023-09-25,2023-09-23,-2 day ahead inc hosp,mean,,122.2,COVID-19
DE-BW,00+,2023-09-25,2023-09-22,-3 day ahead inc hosp,mean,,146.2,COVID-19
DE-BW,00+,2023-09-25,2023-09-21,-4 day ahead inc hosp,mean,,129.8,COVID-19
DE-BW,00+,2023-09-25,2023-09-20,-5 day ahead inc hosp,mean,,127.0,COVID-19
DE-BW,00+,2023-09-25,2023-09-19,-6 day ahead inc hosp,mean,,129.8,COVID-19
DE-BW,00+,2023-09-25,2023-09-18,-7 day ahead inc hosp,mean,,138.9,COVID-19
DE-BW,00+,2023-09-25,2023-09-17,-8 day ahead inc hosp,mean,,140.1,COVID-19
DE-BW,00+,2023-09-25,2023-09-16,-9 day ahead inc hosp,mean,,136.2,COVID-19
DE-BW,00+,2023-09-25,2023-09-15,-10 day ahead inc hosp,mean,,141.6,COVID-19
DE-BW,00+,2023-09-25,2023-09-14,-11 day ahead inc hosp,mean,,148.6,COVID-19
DE-BW,00+,2023-09-25,2023-09-13,-12 day ahead inc hosp,mean,,151.5,COVID-19
DE-BW,00+,2023-09-25,2023-09-12,-13 day ahead inc hosp,mean,,161.3,COVID-19
DE-BW,00+,2023-09-25,2023-09-11,-14 day ahead inc hosp,mean,,148.0,COVID-19
DE-BW,00+,2023-09-25,2023-09-10,-15 day ahead inc hosp,mean,,151.2,COVID-19
DE-BW,00+,2023-09-25,2023-09-09,-16 day ahead inc hosp,mean,,149.8,COVID-19
DE-BW,00+,2023-09-25,2023-09-08,-17 day ahead inc hosp,mean,,118.9,COVID-19
DE-BW,00+,2023-09-25,2023-09-07,-18 day ahead inc hosp,mean,,111.9,COVID-19
DE-BW,00+,2023-09-25,2023-09-06,-19 day ahead inc hosp,mean,,109.4,COVID-19
DE-BW,00+,2023-09-25,2023-09-05,-20 day ahead inc hosp,mean,,80.1,COVID-19
DE-BW,00+,2023-09-25,2023-09-04,-21 day ahead inc hosp,mean,,81.5,COVID-19
DE-BW,00+,2023-09-25,2023-09-03,-22 day ahead inc hosp,mean,,77.1,COVID-19
DE-BW,00+,2023-09-25,2023-09-02,-23 day ahead inc hosp,mean,,77.1,COVID-19
DE-BW,00+,2023-09-25,2023-09-01,-24 day ahead inc hosp,mean,,88.2,COVID-19
DE-BW,00+,2023-09-25,2023-08-31,-25 day ahead inc hosp,mean,,97.0,COVID-19
DE-BW,00+,2023-09-25,2023-08-30,-26 day ahead inc hosp,mean,,106.9,COVID-19
DE-BW,00+,2023-09-25,2023-08-29,-27 day ahead inc hosp,mean,,116.9,COVID-19
DE-BW,00+,2023-09-25,2023-08-28,-28 day ahead inc hosp,mean,,129.4,COVID-19
DE-BW,00+,2023-09-25,2023-09-25,0 day ahead inc hosp,quantile,0.025,98.0228334198236,COVID-19
DE-BW,00+,2023-09-25,2023-09-24,-1 day ahead inc hosp,quantile,0.025,99.5037313432836,COVID-19
DE-BW,00+,2023-09-25,2023-09-23,-2 day ahead inc hosp,quantile,0.025,106.041268292683,COVID-19
DE-BW,00+,2023-09-25,2023-09-22,-3 day ahead inc hosp,quantile,0.025,133.0,COVID-19
DE-BW,00+,2023-09-25,2023-09-21,-4 day ahead inc hosp,quantile,0.025,124.389581804842,COVID-19
DE-BW,00+,2023-09-25,2023-09-20,-5 day ahead inc hosp,quantile,0.025,122.441258094357,COVID-19
DE-BW,00+,2023-09-25,2023-09-19,-6 day ahead inc hosp,quantile,0.025,124.446808510638,COVID-19
DE-BW,00+,2023-09-25,2023-09-18,-7 day ahead inc hosp,quantile,0.025,132.0,COVID-19
DE-BW,00+,2023-09-25,2023-09-17,-8 day ahead inc hosp,quantile,0.025,133.0,COVID-19
DE-BW,00+,2023-09-25,2023-09-16,-9 day ahead inc hosp,quantile,0.025,130.0,COVID-19
DE-BW,00+,2023-09-25,2023-09-15,-10 day ahead inc hosp,quantile,0.025,136.0,COVID-19
DE-BW,00+,2023-09-25,2023-09-14,-11 day ahead inc hosp,quantile,0.025,143.0,COVID-19
DE-BW,00+,2023-09-25,2023-09-13,-12 day ahead inc hosp,quantile,0.025,146.0,COVID-19
DE-BW,00+,2023-09-25,2023-09-12,-13 day ahead inc hosp,quantile,0.025,156.0,COVID-19
DE-BW,00+,2023-09-25,2023-09-11,-14 day ahead inc hosp,quantile,0.025,143.0,COVID-19
DE-BW,00+,2023-09-25,2023-09-10,-15 day ahead inc hosp,quantile,0.025,146.0,COVID-19
DE-BW,00+,2023-09-25,2023-09-09,-16 day ahead inc hosp,quantile,0.025,145.0,COVID-19
DE-BW,00+,2023-09-25,2023-09-08,-17 day ahead inc hosp,quantile,0.025,115.0,COVID-19
DE-BW,00+,2023-09-25,2023-09-07,-18 day ahead inc hosp,quantile,0.025,108.0,COVID-19
DE-BW,00+,2023-09-25,2023-09-06,-19 day ahead inc hosp,quantile,0.025,106.0,COVID-19
DE-BW,00+,2023-09-25,2023-09-05,-20 day ahead inc hosp,quantile,0.025,77.0,COVID-19
DE-BW,00+,2023-09-25,2023-09-04,-21 day ahead inc hosp,quantile,0.025,79.0,COVID-19
DE-BW,00+,2023-09-25,2023-09-03,-22 day ahead inc hosp,quantile,0.025,75.0,COVID-19
DE-BW,00+,2023-09-25,2023-09-02,-23 day ahead inc hosp,quantile,0.025,75.0,COVID-19
DE-BW,00+,2023-09-25,2023-09-01,-24 day ahead inc hosp,quantile,0.025,86.0,COVID-19
DE-BW,00+,2023-09-25,2023-08-31,-25 day ahead inc hosp,quantile,0.025,95.0,COVID-19
DE-BW,00+,2023-09-25,2023-08-30,-26 day ahead inc hosp,quantile,0.025,105.0,COVID-19
DE-BW,00+,2023-09-25,2023-08-29,-27 day ahead inc hosp,quantile,0.025,115.0,COVID-19
DE-BW,00+,2023-09-25,2023-08-28,-28 day ahead inc hosp,quantile,0.025,128.0,COVID-19
DE-BW,00+,2023-09-25,2023-09-25,0 day ahead inc hosp,quantile,0.1,106.283531409168,COVID-19
DE-BW,00+,2023-09-25,2023-09-24,-1 day ahead inc hosp,quantile,0.1,107.209523809524,COVID-19
DE-BW,00+,2023-09-25,2023-09-23,-2 day ahead inc hosp,quantile,0.1,112.292307692308,COVID-19
DE-BW,00+,2023-09-25,2023-09-22,-3 day ahead inc hosp,quantile,0.1,138.0,COVID-19
DE-BW,00+,2023-09-25,2023-09-21,-4 day ahead inc hosp,quantile,0.1,124.0,COVID-19
DE-BW,00+,2023-09-25,2023-09-20,-5 day ahead inc hosp,quantile,0.1,123.685393258427,COVID-19
DE-BW,00+,2023-09-25,2023-09-19,-6 day ahead inc hosp,quantile,0.1,126.894736842105,COVID-19
DE-BW,00+,2023-09-25,2023-09-18,-7 day ahead inc hosp,quantile,0.1,135.180722891566,COVID-19
DE-BW,00+,2023-09-25,2023-09-17,-8 day ahead inc hosp,quantile,0.1,136.0,COVID-19
DE-BW,00+,2023-09-25,2023-09-16,-9 day ahead inc hosp,quantile,0.1,132.0,COVID-19
DE-BW,00+,2023-09-25,2023-09-15,-10 day ahead inc hosp,quantile,0.1,138.0,COVID-19
DE-BW,00+,2023-09-25,2023-09-14,-11 day ahead inc hosp,quantile,0.1,145.0,COVID-19
DE-BW,00+,2023-09-25,2023-09-13,-12 day ahead inc hosp,quantile,0.1,148.0,COVID-19
DE-BW,00+,2023-09-25,2023-09-12,-13 day ahead inc hosp,quantile,0.1,158.0,COVID-19
DE-BW,00+,2023-09-25,2023-09-11,-14 day ahead inc hosp,quantile,0.1,145.0,COVID-19
DE-BW,00+,2023-09-25,2023-09-10,-15 day ahead inc hosp,quantile,0.1,148.0,COVID-19
DE-BW,00+,2023-09-25,2023-09-09,-16 day ahead inc hosp,quantile,0.1,147.0,COVID-19
DE-BW,00+,2023-09-25,2023-09-08,-17 day ahead inc hosp,quantile,0.1,116.0,COVID-19
DE-BW,00+,2023-09-25,2023-09-07,-18 day ahead inc hosp,quantile,0.1,109.0,COVID-19
DE-BW,00+,2023-09-25,2023-09-06,-19 day ahead inc hosp,quantile,0.1,107.0,COVID-19
DE-BW,00+,2023-09-25,2023-09-05,-20 day ahead inc hosp,quantile,0.1,78.0,COVID-19
DE-BW,00+,2023-09-25,2023-09-04,-21 day ahead inc hosp,quantile,0.1,80.0,COVID-19
DE-BW,00+,2023-09-25,2023-09-03,-22 day ahead inc hosp,quantile,0.1,76.0,COVID-19
DE-BW,00+,2023-09-25,2023-09-02,-23 day ahead inc hosp,quantile,0.1,76.0,COVID-19
DE-BW,00+,2023-09-25,2023-09-01,-24 day ahead inc hosp,quantile,0.1,87.0,COVID-19
DE-BW,00+,2023-09-25,2023-08-31,-25 day ahead inc hosp,quantile,0.1,95.0,COVID-19
DE-BW,00+,2023-09-25,2023-08-30,-26 day ahead inc hosp,quantile,0.1,105.0,COVID-19
DE-BW,00+,2023-09-25,2023-08-29,-27 day ahead inc hosp,quantile,0.1,115.0,COVID-19
DE-BW,00+,2023-09-25,2023-08-28,-28 day ahead inc hosp,quantile,0.1,128.0,COVID-19
DE-BW,00+,2023-09-25,2023-09-25,0 day ahead inc hosp,quantile,0.25,113.0,COVID-19
DE-BW,00+,2023-09-25,2023-09-24,-1 day ahead inc hosp,quantile,0.25,113.0,COVID-19
DE-BW,00+,2023-09-25,2023-09-23,-2 day ahead inc hosp,quantile,0.25,115.364705882353,COVID-19
DE-BW,00+,2023-09-25,2023-09-22,-3 day ahead inc hosp,quantile,0.25,140.444444444444,COVID-19
DE-BW,00+,2023-09-25,2023-09-21,-4 day ahead inc hosp,quantile,0.25,127.0,COVID-19
DE-BW,00+,2023-09-25,2023-09-20,-5 day ahead inc hosp,quantile,0.25,124.0,COVID-19
DE-BW,00+,2023-09-25,2023-09-19,-6 day ahead inc hosp,quantile,0.25,127.0,COVID-19
DE-BW,00+,2023-09-25,2023-09-18,-7 day ahead inc hosp,quantile,0.25,137.0,COVID-19
DE-BW,00+,2023-09-25,2023-09-17,-8 day ahead inc hosp,quantile,0.25,138.0,COVID-19
DE-BW,00+,2023-09-25,2023-09-16,-9 day ahead inc hosp,quantile,0.25,134.0,COVID-19
DE-BW,00+,2023-09-25,2023-09-15,-10 day ahead inc hosp,quantile,0.25,140.0,COVID-19
DE-BW,00+,2023-09-25,2023-09-14,-11 day ahead inc hosp,quantile,0.25,147.0,COVID-19
DE-BW,00+,2023-09-25,2023-09-13,-12 day ahead inc hosp,quantile,0.25,150.0,COVID-19
DE-BW,00+,2023-09-25,2023-09-12,-13 day ahead inc hosp,quantile,0.25,160.0,COVID-19
DE-BW,00+,2023-09-25,2023-09-11,-14 day ahead inc hosp,quantile,0.25,147.0,COVID-19
DE-BW,00+,2023-09-25,2023-09-10,-15 day ahead inc hosp,quantile,0.25,150.0,COVID-19
DE-BW,00+,2023-09-25,2023-09-09,-16 day ahead inc hosp,quantile,0.25,148.0,COVID-19
DE-BW,00+,2023-09-25,2023-09-08,-17 day ahead inc hosp,quantile,0.25,118.0,COVID-19
DE-BW,00+,2023-09-25,2023-09-07,-18 day ahead inc hosp,quantile,0.25,111.0,COVID-19
DE-BW,00+,2023-09-25,2023-09-06,-19 day ahead inc hosp,quantile,0.25,108.0,COVID-19
DE-BW,00+,2023-09-25,2023-09-05,-20 day ahead inc hosp,quantile,0.25,79.0,COVID-19
DE-BW,00+,2023-09-25,2023-09-04,-21 day ahead inc hosp,quantile,0.25,81.0,COVID-19
DE-BW,00+,2023-09-25,2023-09-03,-22 day ahead inc hosp,quantile,0.25,76.0,COVID-19
DE-BW,00+,2023-09-25,2023-09-02,-23 day ahead inc hosp,quantile,0.25,76.0,COVID-19
DE-BW,00+,2023-09-25,2023-09-01,-24 day ahead inc hosp,quantile,0.25,87.0,COVID-19
DE-BW,00+,2023-09-25,2023-08-31,-25 day ahead inc hosp,quantile,0.25,96.0,COVID-19
DE-BW,00+,2023-09-25,2023-08-30,-26 day ahead inc hosp,quantile,0.25,106.0,COVID-19
DE-BW,00+,2023-09-25,2023-08-29,-27 day ahead inc hosp,quantile,0.25,116.0,COVID-19
DE-BW,00+,2023-09-25,2023-08-28,-28 day ahead inc hosp,quantile,0.25,129.0,COVID-19
DE-BW,00+,2023-09-25,2023-09-25,0 day ahead inc hosp,quantile,0.5,118.0,COVID-19
DE-BW,00+,2023-09-25,2023-09-24,-1 day ahead inc hosp,quantile,0.5,118.0,COVID-19
DE-BW,00+,2023-09-25,2023-09-23,-2 day ahead inc hosp,quantile,0.5,123.0,COVID-19
DE-BW,00+,2023-09-25,2023-09-22,-3 day ahead inc hosp,quantile,0.5,147.0,COVID-19
DE-BW,00+,2023-09-25,2023-09-21,-4 day ahead inc hosp,quantile,0.5,130.0,COVID-19
DE-BW,00+,2023-09-25,2023-09-20,-5 day ahead inc hosp,quantile,0.5,128.0,COVID-19
DE-BW,00+,2023-09-25,2023-09-19,-6 day ahead inc hosp,quantile,0.5,131.0,COVID-19
DE-BW,00+,2023-09-25,2023-09-18,-7 day ahead inc hosp,quantile,0.5,140.0,COVID-19
DE-BW,00+,2023-09-25,2023-09-17,-8 day ahead inc hosp,quantile,0.5,141.0,COVID-19
DE-BW,00+,2023-09-25,2023-09-16,-9 day ahead inc hosp,quantile,0.5,137.0,COVID-19
DE-BW,00+,2023-09-25,2023-09-15,-10 day ahead inc hosp,quantile,0.5,142.0,COVID-19
DE-BW,00+,2023-09-25,2023-09-14,-11 day ahead inc hosp,quantile,0.5,150.0,COVID-19
DE-BW,00+,2023-09-25,2023-09-13,-12 day ahead inc hosp,quantile,0.5,153.0,COVID-19
DE-BW,00+,2023-09-25,2023-09-12,-13 day ahead inc hosp,quantile,0.5,162.0,COVID-19
DE-BW,00+,2023-09-25,2023-09-11,-14 day ahead inc hosp,quantile,0.5,149.0,COVID-19
DE-BW,00+,2023-09-25,2023-09-10,-15 day ahead inc hosp,quantile,0.5,152.0,COVID-19
DE-BW,00+,2023-09-25,2023-09-09,-16 day ahead inc hosp,quantile,0.5,151.0,COVID-19
DE-BW,00+,2023-09-25,2023-09-08,-17 day ahead inc hosp,quantile,0.5,120.0,COVID-19
DE-BW,00+,2023-09-25,2023-09-07,-18 day ahead inc hosp,quantile,0.5,113.0,COVID-19
DE-BW,00+,2023-09-25,2023-09-06,-19 day ahead inc hosp,quantile,0.5,110.0,COVID-19
DE-BW,00+,2023-09-25,2023-09-05,-20 day ahead inc hosp,quantile,0.5,81.0,COVID-19
DE-BW,00+,2023-09-25,2023-09-04,-21 day ahead inc hosp,quantile,0.5,82.0,COVID-19
DE-BW,00+,2023-09-25,2023-09-03,-22 day ahead inc hosp,quantile,0.5,78.0,COVID-19
DE-BW,00+,2023-09-25,2023-09-02,-23 day ahead inc hosp,quantile,0.5,78.0,COVID-19
DE-BW,00+,2023-09-25,2023-09-01,-24 day ahead inc hosp,quantile,0.5,89.0,COVID-19
DE-BW,00+,2023-09-25,2023-08-31,-25 day ahead inc hosp,quantile,0.5,97.0,COVID-19
DE-BW,00+,2023-09-25,2023-08-30,-26 day ahead inc hosp,quantile,0.5,107.0,COVID-19
DE-BW,00+,2023-09-25,2023-08-29,-27 day ahead inc hosp,quantile,0.5,117.0,COVID-19
DE-BW,00+,2023-09-25,2023-08-28,-28 day ahead inc hosp,quantile,0.5,130.0,COVID-19
DE-BW,00+,2023-09-25,2023-09-25,0 day ahead inc hosp,quantile,0.75,123.0,COVID-19
DE-BW,00+,2023-09-25,2023-09-24,-1 day ahead inc hosp,quantile,0.75,123.0,COVID-19
DE-BW,00+,2023-09-25,2023-09-23,-2 day ahead inc hosp,quantile,0.75,133.266666666667,COVID-19
DE-BW,00+,2023-09-25,2023-09-22,-3 day ahead inc hosp,quantile,0.75,155.518518518519,COVID-19
DE-BW,00+,2023-09-25,2023-09-21,-4 day ahead inc hosp,quantile,0.75,135.0,COVID-19
DE-BW,00+,2023-09-25,2023-09-20,-5 day ahead inc hosp,quantile,0.75,132.0,COVID-19
DE-BW,00+,2023-09-25,2023-09-19,-6 day ahead inc hosp,quantile,0.75,134.0,COVID-19
DE-BW,00+,2023-09-25,2023-09-18,-7 day ahead inc hosp,quantile,0.75,143.0,COVID-19
DE-BW,00+,2023-09-25,2023-09-17,-8 day ahead inc hosp,quantile,0.75,144.0,COVID-19
DE-BW,00+,2023-09-25,2023-09-16,-9 day ahead inc hosp,quantile,0.75,140.0,COVID-19
DE-BW,00+,2023-09-25,2023-09-15,-10 day ahead inc hosp,quantile,0.75,146.0,COVID-19
DE-BW,00+,2023-09-25,2023-09-14,-11 day ahead inc hosp,quantile,0.75,153.0,COVID-19
DE-BW,00+,2023-09-25,2023-09-13,-12 day ahead inc hosp,quantile,0.75,156.0,COVID-19
DE-BW,00+,2023-09-25,2023-09-12,-13 day ahead inc hosp,quantile,0.75,166.0,COVID-19
DE-BW,00+,2023-09-25,2023-09-11,-14 day ahead inc hosp,quantile,0.75,152.0,COVID-19
DE-BW,00+,2023-09-25,2023-09-10,-15 day ahead inc hosp,quantile,0.75,156.0,COVID-19
DE-BW,00+,2023-09-25,2023-09-09,-16 day ahead inc hosp,quantile,0.75,154.0,COVID-19
DE-BW,00+,2023-09-25,2023-09-08,-17 day ahead inc hosp,quantile,0.75,122.0,COVID-19
DE-BW,00+,2023-09-25,2023-09-07,-18 day ahead inc hosp,quantile,0.75,115.0,COVID-19
DE-BW,00+,2023-09-25,2023-09-06,-19 day ahead inc hosp,quantile,0.75,112.0,COVID-19
DE-BW,00+,2023-09-25,2023-09-05,-20 day ahead inc hosp,quantile,0.75,83.0,COVID-19
DE-BW,00+,2023-09-25,2023-09-04,-21 day ahead inc hosp,quantile,0.75,84.0,COVID-19
DE-BW,00+,2023-09-25,2023-09-03,-22 day ahead inc hosp,quantile,0.75,79.0,COVID-19
DE-BW,00+,2023-09-25,2023-09-02,-23 day ahead inc hosp,quantile,0.75,79.0,COVID-19
DE-BW,00+,2023-09-25,2023-09-01,-24 day ahead inc hosp,quantile,0.75,90.0,COVID-19
DE-BW,00+,2023-09-25,2023-08-31,-25 day ahead inc hosp,quantile,0.75,99.0,COVID-19
DE-BW,00+,2023-09-25,2023-08-30,-26 day ahead inc hosp,quantile,0.75,109.0,COVID-19
DE-BW,00+,2023-09-25,2023-08-29,-27 day ahead inc hosp,quantile,0.75,119.0,COVID-19
DE-BW,00+,2023-09-25,2023-08-28,-28 day ahead inc hosp,quantile,0.75,132.0,COVID-19
DE-BW,00+,2023-09-25,2023-09-25,0 day ahead inc hosp,quantile,0.9,134.414261460102,COVID-19
DE-BW,00+,2023-09-25,2023-09-24,-1 day ahead inc hosp,quantile,0.9,132.909523809524,COVID-19
DE-BW,00+,2023-09-25,2023-09-23,-2 day ahead inc hosp,quantile,0.9,137.061538461538,COVID-19
DE-BW,00+,2023-09-25,2023-09-22,-3 day ahead inc hosp,quantile,0.9,160.0,COVID-19
DE-BW,00+,2023-09-25,2023-09-21,-4 day ahead inc hosp,quantile,0.9,140.0,COVID-19
DE-BW,00+,2023-09-25,2023-09-20,-5 day ahead inc hosp,quantile,0.9,132.966292134831,COVID-19
DE-BW,00+,2023-09-25,2023-09-19,-6 day ahead inc hosp,quantile,0.9,135.368421052632,COVID-19
DE-BW,00+,2023-09-25,2023-09-18,-7 day ahead inc hosp,quantile,0.9,145.048192771084,COVID-19
DE-BW,00+,2023-09-25,2023-09-17,-8 day ahead inc hosp,quantile,0.9,148.0,COVID-19
DE-BW,00+,2023-09-25,2023-09-16,-9 day ahead inc hosp,quantile,0.9,144.0,COVID-19
DE-BW,00+,2023-09-25,2023-09-15,-10 day ahead inc hosp,quantile,0.9,149.0,COVID-19
DE-BW,00+,2023-09-25,2023-09-14,-11 day ahead inc hosp,quantile,0.9,157.0,COVID-19
DE-BW,00+,2023-09-25,2023-09-13,-12 day ahead inc hosp,quantile,0.9,160.0,COVID-19
DE-BW,00+,2023-09-25,2023-09-12,-13 day ahead inc hosp,quantile,0.9,170.0,COVID-19
DE-BW,00+,2023-09-25,2023-09-11,-14 day ahead inc hosp,quantile,0.9,156.0,COVID-19
DE-BW,00+,2023-09-25,2023-09-10,-15 day ahead inc hosp,quantile,0.9,160.0,COVID-19
DE-BW,00+,2023-09-25,2023-09-09,-16 day ahead inc hosp,quantile,0.9,158.0,COVID-19
DE-BW,00+,2023-09-25,2023-09-08,-17 day ahead inc hosp,quantile,0.9,125.0,COVID-19
DE-BW,00+,2023-09-25,2023-09-07,-18 day ahead inc hosp,quantile,0.9,118.0,COVID-19
DE-BW,00+,2023-09-25,2023-09-06,-19 day ahead inc hosp,quantile,0.9,115.0,COVID-19
DE-BW,00+,2023-09-25,2023-09-05,-20 day ahead inc hosp,quantile,0.9,85.0,COVID-19
DE-BW,00+,2023-09-25,2023-09-04,-21 day ahead inc hosp,quantile,0.9,86.0,COVID-19
DE-BW,00+,2023-09-25,2023-09-03,-22 day ahead inc hosp,quantile,0.9,82.0,COVID-19
DE-BW,00+,2023-09-25,2023-09-02,-23 day ahead inc hosp,quantile,0.9,82.0,COVID-19
DE-BW,00+,2023-09-25,2023-09-01,-24 day ahead inc hosp,quantile,0.9,93.0,COVID-19
DE-BW,00+,2023-09-25,2023-08-31,-25 day ahead inc hosp,quantile,0.9,102.0,COVID-19
DE-BW,00+,2023-09-25,2023-08-30,-26 day ahead inc hosp,quantile,0.9,112.0,COVID-19
DE-BW,00+,2023-09-25,2023-08-29,-27 day ahead inc hosp,quantile,0.9,122.0,COVID-19
DE-BW,00+,2023-09-25,2023-08-28,-28 day ahead inc hosp,quantile,0.9,135.0,COVID-19
DE-BW,00+,2023-09-25,2023-09-25,0 day ahead inc hosp,quantile,0.975,147.655422937208,COVID-19
DE-BW,00+,2023-09-25,2023-09-24,-1 day ahead inc hosp,quantile,0.975,145.263203214696,COVID-19
DE-BW,00+,2023-09-25,2023-09-23,-2 day ahead inc hosp,quantile,0.975,150.110536585366,COVID-19
DE-BW,00+,2023-09-25,2023-09-22,-3 day ahead inc hosp,quantile,0.975,170.0,COVID-19
DE-BW,00+,2023-09-25,2023-09-21,-4 day ahead inc hosp,quantile,0.975,140.374908290536,COVID-19
DE-BW,00+,2023-09-25,2023-09-20,-5 day ahead inc hosp,quantile,0.975,136.117483811286,COVID-19
DE-BW,00+,2023-09-25,2023-09-19,-6 day ahead inc hosp,quantile,0.975,162.2,COVID-19
DE-BW,00+,2023-09-25,2023-09-18,-7 day ahead inc hosp,quantile,0.975,154.0,COVID-19
DE-BW,00+,2023-09-25,2023-09-17,-8 day ahead inc hosp,quantile,0.975,156.0,COVID-19
DE-BW,00+,2023-09-25,2023-09-16,-9 day ahead inc hosp,quantile,0.975,150.0,COVID-19
DE-BW,00+,2023-09-25,2023-09-15,-10 day ahead inc hosp,quantile,0.975,156.0,COVID-19
DE-BW,00+,2023-09-25,2023-09-14,-11 day ahead inc hosp,quantile,0.975,165.0,COVID-19
DE-BW,00+,2023-09-25,2023-09-13,-12 day ahead inc hosp,quantile,0.975,168.0,COVID-19
DE-BW,00+,2023-09-25,2023-09-12,-13 day ahead inc hosp,quantile,0.975,178.9,COVID-19
DE-BW,00+,2023-09-25,2023-09-11,-14 day ahead inc hosp,quantile,0.975,164.0,COVID-19
DE-BW,00+,2023-09-25,2023-09-10,-15 day ahead inc hosp,quantile,0.975,168.0,COVID-19
DE-BW,00+,2023-09-25,2023-09-09,-16 day ahead inc hosp,quantile,0.975,166.0,COVID-19
DE-BW,00+,2023-09-25,2023-09-08,-17 day ahead inc hosp,quantile,0.975,132.0,COVID-19
DE-BW,00+,2023-09-25,2023-09-07,-18 day ahead inc hosp,quantile,0.975,125.0,COVID-19
DE-BW,00+,2023-09-25,2023-09-06,-19 day ahead inc hosp,quantile,0.975,122.0,COVID-19
DE-BW,00+,2023-09-25,2023-09-05,-20 day ahead inc hosp,quantile,0.975,91.0,COVID-19
DE-BW,00+,2023-09-25,2023-09-04,-21 day ahead inc hosp,quantile,0.975,92.0,COVID-19
DE-BW,00+,2023-09-25,2023-09-03,-22 day ahead inc hosp,quantile,0.975,87.0,COVID-19
DE-BW,00+,2023-09-25,2023-09-02,-23 day ahead inc hosp,quantile,0.975,87.0,COVID-19
DE-BW,00+,2023-09-25,2023-09-01,-24 day ahead inc hosp,quantile,0.975,100.0,COVID-19
DE-BW,00+,2023-09-25,2023-08-31,-25 day ahead inc hosp,quantile,0.975,110.0,COVID-19
DE-BW,00+,2023-09-25,2023-08-30,-26 day ahead inc hosp,quantile,0.975,121.9,COVID-19
DE-BW,00+,2023-09-25,2023-08-29,-27 day ahead inc hosp,quantile,0.975,132.0,COVID-19
DE-BW,00+,2023-09-25,2023-08-28,-28 day ahead inc hosp,quantile,0.975,144.0,COVID-19
DE-BY,00+,2023-09-25,2023-09-25,0 day ahead inc hosp,mean,,447.0,COVID-19
DE-BY,00+,2023-09-25,2023-09-24,-1 day ahead inc hosp,mean,,458.6,COVID-19
DE-BY,00+,2023-09-25,2023-09-23,-2 day ahead inc hosp,mean,,472.6,COVID-19
DE-BY,00+,2023-09-25,2023-09-22,-3 day ahead inc hosp,mean,,482.8,COVID-19
DE-BY,00+,2023-09-25,2023-09-21,-4 day ahead inc hosp,mean,,437.5,COVID-19
DE-BY,00+,2023-09-25,2023-09-20,-5 day ahead inc hosp,mean,,420.6,COVID-19
DE-BY,00+,2023-09-25,2023-09-19,-6 day ahead inc hosp,mean,,406.6,COVID-19
DE-BY,00+,2023-09-25,2023-09-18,-7 day ahead inc hosp,mean,,400.9,COVID-19
DE-BY,00+,2023-09-25,2023-09-17,-8 day ahead inc hosp,mean,,398.0,COVID-19
DE-BY,00+,2023-09-25,2023-09-16,-9 day ahead inc hosp,mean,,392.6,COVID-19
DE-BY,00+,2023-09-25,2023-09-15,-10 day ahead inc hosp,mean,,389.0,COVID-19
DE-BY,00+,2023-09-25,2023-09-14,-11 day ahead inc hosp,mean,,369.8,COVID-19
DE-BY,00+,2023-09-25,2023-09-13,-12 day ahead inc hosp,mean,,363.3,COVID-19
DE-BY,00+,2023-09-25,2023-09-12,-13 day ahead inc hosp,mean,,313.8,COVID-19
DE-BY,00+,2023-09-25,2023-09-11,-14 day ahead inc hosp,mean,,273.8,COVID-19
DE-BY,00+,2023-09-25,2023-09-10,-15 day ahead inc hosp,mean,,272.5,COVID-19
DE-BY,00+,2023-09-25,2023-09-09,-16 day ahead inc hosp,mean,,270.7,COVID-19
DE-BY,00+,2023-09-25,2023-09-08,-17 day ahead inc hosp,mean,,240.6,COVID-19
DE-BY,00+,2023-09-25,2023-09-07,-18 day ahead inc hosp,mean,,218.2,COVID-19
DE-BY,00+,2023-09-25,2023-09-06,-19 day ahead inc hosp,mean,,206.2,COVID-19
DE-BY,00+,2023-09-25,2023-09-05,-20 day ahead inc hosp,mean,,199.5,COVID-19
DE-BY,00+,2023-09-25,2023-09-04,-21 day ahead inc hosp,mean,,188.6,COVID-19
DE-BY,00+,2023-09-25,2023-09-03,-22 day ahead inc hosp,mean,,185.4,COVID-19
DE-BY,00+,2023-09-25,2023-09-02,-23 day ahead inc hosp,mean,,184.0,COVID-19
DE-BY,00+,2023-09-25,2023-09-01,-24 day ahead inc hosp,mean,,189.5,COVID-19
DE-BY,00+,2023-09-25,2023-08-31,-25 day ahead inc hosp,mean,,186.7,COVID-19
DE-BY,00+,2023-09-25,2023-08-30,-26 day ahead inc hosp,mean,,191.3,COVID-19
DE-BY,00+,2023-09-25,2023-08-29,-27 day ahead inc hosp,mean,,202.9,COVID-19
DE-BY,00+,2023-09-25,2023-08-28,-28 day ahead inc hosp,mean,,196.2,COVID-19
DE-BY,00+,2023-09-25,2023-09-25,0 day ahead inc hosp,quantile,0.025,402.058722527473,COVID-19
DE-BY,00+,2023-09-25,2023-09-24,-1 day ahead inc hosp,quantile,0.025,421.0,COVID-19
DE-BY,00+,2023-09-25,2023-09-23,-2 day ahead inc hosp,quantile,0.025,431.71746031746,COVID-19
DE-BY,00+,2023-09-25,2023-09-22,-3 day ahead inc hosp,quantile,0.025,449.0,COVID-19
DE-BY,00+,2023-09-25,2023-09-21,-4 day ahead inc hosp,quantile,0.025,416.025862068966,COVID-19
DE-BY,00+,2023-09-25,2023-09-20,-5 day ahead inc hosp,quantile,0.025,401.943396226415,COVID-19
DE-BY,00+,2023-09-25,2023-09-19,-6 day ahead inc hosp,quantile,0.025,388.195652173913,COVID-19
DE-BY,00+,2023-09-25,2023-09-18,-7 day ahead inc hosp,quantile,0.025,384.414893617021,COVID-19
DE-BY,00+,2023-09-25,2023-09-17,-8 day ahead inc hosp,quantile,0.025,374.052631578947,COVID-19
DE-BY,00+,2023-09-25,2023-09-16,-9 day ahead inc hosp,quantile,0.025,365.031135531135,COVID-19
DE-BY,00+,2023-09-25,2023-09-15,-10 day ahead inc hosp,quantile,0.025,356.439393939394,COVID-19
DE-BY,00+,2023-09-25,2023-09-14,-11 day ahead inc hosp,quantile,0.025,338.381818181818,COVID-19
DE-BY,00+,2023-09-25,2023-09-13,-12 day ahead inc hosp,quantile,0.025,329.914285714286,COVID-19
DE-BY,00+,2023-09-25,2023-09-12,-13 day ahead inc hosp,quantile,0.025,287.0,COVID-19
DE-BY,00+,2023-09-25,2023-09-11,-14 day ahead inc hosp,quantile,0.025,252.0,COVID-19
DE-BY,00+,2023-09-25,2023-09-10,-15 day ahead inc hosp,quantile,0.025,251.0,COVID-19
DE-BY,00+,2023-09-25,2023-09-09,-16 day ahead inc hosp,quantile,0.025,250.0,COVID-19
DE-BY,00+,2023-09-25,2023-09-08,-17 day ahead inc hosp,quantile,0.025,224.0,COVID-19
DE-BY,00+,2023-09-25,2023-09-07,-18 day ahead inc hosp,quantile,0.025,205.0,COVID-19
DE-BY,00+,2023-09-25,2023-09-06,-19 day ahead inc hosp,quantile,0.025,195.0,COVID-19
DE-BY,00+,2023-09-25,2023-09-05,-20 day ahead inc hosp,quantile,0.025,190.0,COVID-19
DE-BY,00+,2023-09-25,2023-09-04,-21 day ahead inc hosp,quantile,0.025,181.0,COVID-19
DE-BY,00+,2023-09-25,2023-09-03,-22 day ahead inc hosp,quantile,0.025,178.0,COVID-19
DE-BY,00+,2023-09-25,2023-09-02,-23 day ahead inc hosp,quantile,0.025,177.0,COVID-19
DE-BY,00+,2023-09-25,2023-09-01,-24 day ahead inc hosp,quantile,0.025,183.0,COVID-19
DE-BY,00+,2023-09-25,2023-08-31,-25 day ahead inc hosp,quantile,0.025,181.0,COVID-19
DE-BY,00+,2023-09-25,2023-08-30,-26 day ahead inc hosp,quantile,0.025,186.0,COVID-19
DE-BY,00+,2023-09-25,2023-08-29,-27 day ahead inc hosp,quantile,0.025,198.0,COVID-19
DE-BY,00+,2023-09-25,2023-08-28,-28 day ahead inc hosp,quantile,0.025,192.0,COVID-19
DE-BY,00+,2023-09-25,2023-09-25,0 day ahead inc hosp,quantile,0.1,410.797040169133,COVID-19
DE-BY,00+,2023-09-25,2023-09-24,-1 day ahead inc hosp,quantile,0.1,426.294306335204,COVID-19
DE-BY,00+,2023-09-25,2023-09-23,-2 day ahead inc hosp,quantile,0.1,442.483036227717,COVID-19
DE-BY,00+,2023-09-25,2023-09-22,-3 day ahead inc hosp,quantile,0.1,462.0,COVID-19
DE-BY,00+,2023-09-25,2023-09-21,-4 day ahead inc hosp,quantile,0.1,422.0,COVID-19
DE-BY,00+,2023-09-25,2023-09-20,-5 day ahead inc hosp,quantile,0.1,408.0,COVID-19
DE-BY,00+,2023-09-25,2023-09-19,-6 day ahead inc hosp,quantile,0.1,399.41935483871,COVID-19
DE-BY,00+,2023-09-25,2023-09-18,-7 day ahead inc hosp,quantile,0.1,391.0,COVID-19
DE-BY,00+,2023-09-25,2023-09-17,-8 day ahead inc hosp,quantile,0.1,384.296296296296,COVID-19
DE-BY,00+,2023-09-25,2023-09-16,-9 day ahead inc hosp,quantile,0.1,377.0,COVID-19
DE-BY,00+,2023-09-25,2023-09-15,-10 day ahead inc hosp,quantile,0.1,373.333333333333,COVID-19
DE-BY,00+,2023-09-25,2023-09-14,-11 day ahead inc hosp,quantile,0.1,354.2,COVID-19
DE-BY,00+,2023-09-25,2023-09-13,-12 day ahead inc hosp,quantile,0.1,345.235294117647,COVID-19
DE-BY,00+,2023-09-25,2023-09-12,-13 day ahead inc hosp,quantile,0.1,297.933333333333,COVID-19
DE-BY,00+,2023-09-25,2023-09-11,-14 day ahead inc hosp,quantile,0.1,261.555555555556,COVID-19
DE-BY,00+,2023-09-25,2023-09-10,-15 day ahead inc hosp,quantile,0.1,259.142857142857,COVID-19
DE-BY,00+,2023-09-25,2023-09-09,-16 day ahead inc hosp,quantile,0.1,256.857142857143,COVID-19
DE-BY,00+,2023-09-25,2023-09-08,-17 day ahead inc hosp,quantile,0.1,228.333333333333,COVID-19
DE-BY,00+,2023-09-25,2023-09-07,-18 day ahead inc hosp,quantile,0.1,209.8,COVID-19
DE-BY,00+,2023-09-25,2023-09-06,-19 day ahead inc hosp,quantile,0.1,197.333333333333,COVID-19
DE-BY,00+,2023-09-25,2023-09-05,-20 day ahead inc hosp,quantile,0.1,191.0,COVID-19
DE-BY,00+,2023-09-25,2023-09-04,-21 day ahead inc hosp,quantile,0.1,181.0,COVID-19
DE-BY,00+,2023-09-25,2023-09-03,-22 day ahead inc hosp,quantile,0.1,178.0,COVID-19
DE-BY,00+,2023-09-25,2023-09-02,-23 day ahead inc hosp,quantile,0.1,177.0,COVID-19
DE-BY,00+,2023-09-25,2023-09-01,-24 day ahead inc hosp,quantile,0.1,183.0,COVID-19
DE-BY,00+,2023-09-25,2023-08-31,-25 day ahead inc hosp,quantile,0.1,181.0,COVID-19
DE-BY,00+,2023-09-25,2023-08-30,-26 day ahead inc hosp,quantile,0.1,186.0,COVID-19
DE-BY,00+,2023-09-25,2023-08-29,-27 day ahead inc hosp,quantile,0.1,198.0,COVID-19
DE-BY,00+,2023-09-25,2023-08-28,-28 day ahead inc hosp,quantile,0.1,192.0,COVID-19
DE-BY,00+,2023-09-25,2023-09-25,0 day ahead inc hosp,quantile,0.25,432.654377880184,COVID-19
DE-BY,00+,2023-09-25,2023-09-24,-1 day ahead inc hosp,quantile,0.25,440.610576923077,COVID-19
DE-BY,00+,2023-09-25,2023-09-23,-2 day ahead inc hosp,quantile,0.25,456.952380952381,COVID-19
DE-BY,00+,2023-09-25,2023-09-22,-3 day ahead inc hosp,quantile,0.25,473.0,COVID-19
DE-BY,00+,2023-09-25,2023-09-21,-4 day ahead inc hosp,quantile,0.25,431.0,COVID-19
DE-BY,00+,2023-09-25,2023-09-20,-5 day ahead inc hosp,quantile,0.25,415.0,COVID-19
DE-BY,00+,2023-09-25,2023-09-19,-6 day ahead inc hosp,quantile,0.25,402.0,COVID-19
DE-BY,00+,2023-09-25,2023-09-18,-7 day ahead inc hosp,quantile,0.25,397.0,COVID-19
DE-BY,00+,2023-09-25,2023-09-17,-8 day ahead inc hosp,quantile,0.25,391.333333333333,COVID-19
DE-BY,00+,2023-09-25,2023-09-16,-9 day ahead inc hosp,quantile,0.25,389.0,COVID-19
DE-BY,00+,2023-09-25,2023-09-15,-10 day ahead inc hosp,quantile,0.25,381.714285714286,COVID-19
DE-BY,00+,2023-09-25,2023-09-14,-11 day ahead inc hosp,quantile,0.25,362.333333333333,COVID-19
DE-BY,00+,2023-09-25,2023-09-13,-12 day ahead inc hosp,quantile,0.25,355.285714285714,COVID-19
DE-BY,00+,2023-09-25,2023-09-12,-13 day ahead inc hosp,quantile,0.25,306.333333333333,COVID-19
DE-BY,00+,2023-09-25,2023-09-11,-14 day ahead inc hosp,quantile,0.25,267.0,COVID-19
DE-BY,00+,2023-09-25,2023-09-10,-15 day ahead inc hosp,quantile,0.25,266.875,COVID-19
DE-BY,00+,2023-09-25,2023-09-09,-16 day ahead inc hosp,quantile,0.25,264.142857142857,COVID-19
DE-BY,00+,2023-09-25,2023-09-08,-17 day ahead inc hosp,quantile,0.25,236.333333333333,COVID-19
DE-BY,00+,2023-09-25,2023-09-07,-18 day ahead inc hosp,quantile,0.25,213.25,COVID-19
DE-BY,00+,2023-09-25,2023-09-06,-19 day ahead inc hosp,quantile,0.25,202.0,COVID-19
DE-BY,00+,2023-09-25,2023-09-05,-20 day ahead inc hosp,quantile,0.25,196.75,COVID-19
DE-BY,00+,2023-09-25,2023-09-04,-21 day ahead inc hosp,quantile,0.25,185.222222222222,COVID-19
DE-BY,00+,2023-09-25,2023-09-03,-22 day ahead inc hosp,quantile,0.25,182.25,COVID-19
DE-BY,00+,2023-09-25,2023-09-02,-23 day ahead inc hosp,quantile,0.25,181.888888888889,COVID-19
DE-BY,00+,2023-09-25,2023-09-01,-24 day ahead inc hosp,quantile,0.25,186.333333333333,COVID-19
DE-BY,00+,2023-09-25,2023-08-31,-25 day ahead inc hosp,quantile,0.25,183.111111111111,COVID-19
DE-BY,00+,2023-09-25,2023-08-30,-26 day ahead inc hosp,quantile,0.25,188.266666666667,COVID-19
DE-BY,00+,2023-09-25,2023-08-29,-27 day ahead inc hosp,quantile,0.25,201.181818181818,COVID-19
DE-BY,00+,2023-09-25,2023-08-28,-28 day ahead inc hosp,quantile,0.25,193.8,COVID-19
DE-BY,00+,2023-09-25,2023-09-25,0 day ahead inc hosp,quantile,0.5,452.0,COVID-19
DE-BY,00+,2023-09-25,2023-09-24,-1 day ahead inc hosp,quantile,0.5,464.0,COVID-19
DE-BY,00+,2023-09-25,2023-09-23,-2 day ahead inc hosp,quantile,0.5,478.0,COVID-19
DE-BY,00+,2023-09-25,2023-09-22,-3 day ahead inc hosp,quantile,0.5,488.0,COVID-19
DE-BY,00+,2023-09-25,2023-09-21,-4 day ahead inc hosp,quantile,0.5,442.0,COVID-19
DE-BY,00+,2023-09-25,2023-09-20,-5 day ahead inc hosp,quantile,0.5,424.0,COVID-19
DE-BY,00+,2023-09-25,2023-09-19,-6 day ahead inc hosp,quantile,0.5,410.0,COVID-19
DE-BY,00+,2023-09-25,2023-09-18,-7 day ahead inc hosp,quantile,0.5,404.0,COVID-19
DE-BY,00+,2023-09-25,2023-09-17,-8 day ahead inc hosp,quantile,0.5,401.0,COVID-19
DE-BY,00+,2023-09-25,2023-09-16,-9 day ahead inc hosp,quantile,0.5,395.0,COVID-19
DE-BY,00+,2023-09-25,2023-09-15,-10 day ahead inc hosp,quantile,0.5,392.0,COVID-19
DE-BY,00+,2023-09-25,2023-09-14,-11 day ahead inc hosp,quantile,0.5,372.0,COVID-19
DE-BY,00+,2023-09-25,2023-09-13,-12 day ahead inc hosp,quantile,0.5,366.0,COVID-19
DE-BY,00+,2023-09-25,2023-09-12,-13 day ahead inc hosp,quantile,0.5,316.0,COVID-19
DE-BY,00+,2023-09-25,2023-09-11,-14 day ahead inc hosp,quantile,0.5,276.0,COVID-19
DE-BY,00+,2023-09-25,2023-09-10,-15 day ahead inc hosp,quantile,0.5,274.0,COVID-19
DE-BY,00+,2023-09-25,2023-09-09,-16 day ahead inc hosp,quantile,0.5,273.0,COVID-19
DE-BY,00+,2023-09-25,2023-09-08,-17 day ahead inc hosp,quantile,0.5,242.0,COVID-19
DE-BY,00+,2023-09-25,2023-09-07,-18 day ahead inc hosp,quantile,0.5,220.0,COVID-19
DE-BY,00+,2023-09-25,2023-09-06,-19 day ahead inc hosp,quantile,0.5,208.0,COVID-19
DE-BY,00+,2023-09-25,2023-09-05,-20 day ahead inc hosp,quantile,0.5,201.0,COVID-19
DE-BY,00+,2023-09-25,2023-09-04,-21 day ahead inc hosp,quantile,0.5,190.0,COVID-19
DE-BY,00+,2023-09-25,2023-09-03,-22 day ahead inc hosp,quantile,0.5,187.0,COVID-19
DE-BY,00+,2023-09-25,2023-09-02,-23 day ahead inc hosp,quantile,0.5,185.0,COVID-19
DE-BY,00+,2023-09-25,2023-09-01,-24 day ahead inc hosp,quantile,0.5,191.0,COVID-19
DE-BY,00+,2023-09-25,2023-08-31,-25 day ahead inc hosp,quantile,0.5,188.0,COVID-19
DE-BY,00+,2023-09-25,2023-08-30,-26 day ahead inc hosp,quantile,0.5,192.0,COVID-19
DE-BY,00+,2023-09-25,2023-08-29,-27 day ahead inc hosp,quantile,0.5,204.0,COVID-19
DE-BY,00+,2023-09-25,2023-08-28,-28 day ahead inc hosp,quantile,0.5,197.0,COVID-19
DE-BY,00+,2023-09-25,2023-09-25,0 day ahead inc hosp,quantile,0.75,493.0,COVID-19
DE-BY,00+,2023-09-25,2023-09-24,-1 day ahead inc hosp,quantile,0.75,505.4,COVID-19
DE-BY,00+,2023-09-25,2023-09-23,-2 day ahead inc hosp,quantile,0.75,519.4,COVID-19
DE-BY,00+,2023-09-25,2023-09-22,-3 day ahead inc hosp,quantile,0.75,505.0,COVID-19
DE-BY,00+,2023-09-25,2023-09-21,-4 day ahead inc hosp,quantile,0.75,454.0,COVID-19
DE-BY,00+,2023-09-25,2023-09-20,-5 day ahead inc hosp,quantile,0.75,435.0,COVID-19
DE-BY,00+,2023-09-25,2023-09-19,-6 day ahead inc hosp,quantile,0.75,419.0,COVID-19
DE-BY,00+,2023-09-25,2023-09-18,-7 day ahead inc hosp,quantile,0.75,413.0,COVID-19
DE-BY,00+,2023-09-25,2023-09-17,-8 day ahead inc hosp,quantile,0.75,422.0,COVID-19
DE-BY,00+,2023-09-25,2023-09-16,-9 day ahead inc hosp,quantile,0.75,404.0,COVID-19
DE-BY,00+,2023-09-25,2023-09-15,-10 day ahead inc hosp,quantile,0.75,411.0,COVID-19
DE-BY,00+,2023-09-25,2023-09-14,-11 day ahead inc hosp,quantile,0.75,390.2,COVID-19
DE-BY,00+,2023-09-25,2023-09-13,-12 day ahead inc hosp,quantile,0.75,382.7,COVID-19
DE-BY,00+,2023-09-25,2023-09-12,-13 day ahead inc hosp,quantile,0.75,330.2,COVID-19
DE-BY,00+,2023-09-25,2023-09-11,-14 day ahead inc hosp,quantile,0.75,288.2,COVID-19
DE-BY,00+,2023-09-25,2023-09-10,-15 day ahead inc hosp,quantile,0.75,287.5,COVID-19
DE-BY,00+,2023-09-25,2023-09-09,-16 day ahead inc hosp,quantile,0.75,285.3,COVID-19
DE-BY,00+,2023-09-25,2023-09-08,-17 day ahead inc hosp,quantile,0.75,253.4,COVID-19
DE-BY,00+,2023-09-25,2023-09-07,-18 day ahead inc hosp,quantile,0.75,229.8,COVID-19
DE-BY,00+,2023-09-25,2023-09-06,-19 day ahead inc hosp,quantile,0.75,217.8,COVID-19
DE-BY,00+,2023-09-25,2023-09-05,-20 day ahead inc hosp,quantile,0.75,210.5,COVID-19
DE-BY,00+,2023-09-25,2023-09-04,-21 day ahead inc hosp,quantile,0.75,197.4,COVID-19
DE-BY,00+,2023-09-25,2023-09-03,-22 day ahead inc hosp,quantile,0.75,194.6,COVID-19
DE-BY,00+,2023-09-25,2023-09-02,-23 day ahead inc hosp,quantile,0.75,192.0,COVID-19
DE-BY,00+,2023-09-25,2023-09-01,-24 day ahead inc hosp,quantile,0.75,198.5,COVID-19
DE-BY,00+,2023-09-25,2023-08-31,-25 day ahead inc hosp,quantile,0.75,195.3,COVID-19
DE-BY,00+,2023-09-25,2023-08-30,-26 day ahead inc hosp,quantile,0.75,200.7,COVID-19
DE-BY,00+,2023-09-25,2023-08-29,-27 day ahead inc hosp,quantile,0.75,211.1,COVID-19
DE-BY,00+,2023-09-25,2023-08-28,-28 day ahead inc hosp,quantile,0.75,203.8,COVID-19
DE-BY,00+,2023-09-25,2023-09-25,0 day ahead inc hosp,quantile,0.9,508.846723044397,COVID-19
DE-BY,00+,2023-09-25,2023-09-24,-1 day ahead inc hosp,quantile,0.9,515.27185244587,COVID-19
DE-BY,00+,2023-09-25,2023-09-23,-2 day ahead inc hosp,quantile,0.9,524.508913168488,COVID-19
DE-BY,00+,2023-09-25,2023-09-22,-3 day ahead inc hosp,quantile,0.9,521.0,COVID-19
DE-BY,00+,2023-09-25,2023-09-21,-4 day ahead inc hosp,quantile,0.9,466.0,COVID-19
DE-BY,00+,2023-09-25,2023-09-20,-5 day ahead inc hosp,quantile,0.9,446.0,COVID-19
DE-BY,00+,2023-09-25,2023-09-19,-6 day ahead inc hosp,quantile,0.9,451.4,COVID-19
DE-BY,00+,2023-09-25,2023-09-18,-7 day ahead inc hosp,quantile,0.9,421.0,COVID-19
DE-BY,00+,2023-09-25,2023-09-17,-8 day ahead inc hosp,quantile,0.9,425.407407407407,COVID-19
DE-BY,00+,2023-09-25,2023-09-16,-9 day ahead inc hosp,quantile,0.9,431.4,COVID-19
DE-BY,00+,2023-09-25,2023-09-15,-10 day ahead inc hosp,quantile,0.9,427.0,COVID-19
DE-BY,00+,2023-09-25,2023-09-14,-11 day ahead inc hosp,quantile,0.9,404.2,COVID-19
DE-BY,00+,2023-09-25,2023-09-13,-12 day ahead inc hosp,quantile,0.9,396.7,COVID-19
DE-BY,00+,2023-09-25,2023-09-12,-13 day ahead inc hosp,quantile,0.9,344.2,COVID-19
DE-BY,00+,2023-09-25,2023-09-11,-14 day ahead inc hosp,quantile,0.9,302.2,COVID-19
DE-BY,00+,2023-09-25,2023-09-10,-15 day ahead inc hosp,quantile,0.9,299.5,COVID-19
DE-BY,00+,2023-09-25,2023-09-09,-16 day ahead inc hosp,quantile,0.9,297.3,COVID-19
DE-BY,00+,2023-09-25,2023-09-08,-17 day ahead inc hosp,quantile,0.9,263.4,COVID-19
DE-BY,00+,2023-09-25,2023-09-07,-18 day ahead inc hosp,quantile,0.9,239.8,COVID-19
DE-BY,00+,2023-09-25,2023-09-06,-19 day ahead inc hosp,quantile,0.9,225.8,COVID-19
DE-BY,00+,2023-09-25,2023-09-05,-20 day ahead inc hosp,quantile,0.9,218.5,COVID-19
DE-BY,00+,2023-09-25,2023-09-04,-21 day ahead inc hosp,quantile,0.9,207.4,COVID-19
DE-BY,00+,2023-09-25,2023-09-03,-22 day ahead inc hosp,quantile,0.9,202.6,COVID-19
DE-BY,00+,2023-09-25,2023-09-02,-23 day ahead inc hosp,quantile,0.9,202.0,COVID-19
DE-BY,00+,2023-09-25,2023-09-01,-24 day ahead inc hosp,quantile,0.9,206.5,COVID-19
DE-BY,00+,2023-09-25,2023-08-31,-25 day ahead inc hosp,quantile,0.9,203.3,COVID-19
DE-BY,00+,2023-09-25,2023-08-30,-26 day ahead inc hosp,quantile,0.9,208.7,COVID-19
DE-BY,00+,2023-09-25,2023-08-29,-27 day ahead inc hosp,quantile,0.9,221.1,COVID-19
DE-BY,00+,2023-09-25,2023-08-28,-28 day ahead inc hosp,quantile,0.9,211.8,COVID-19
DE-BY,00+,2023-09-25,2023-09-25,0 day ahead inc hosp,quantile,0.975,524.736263736264,COVID-19
DE-BY,00+,2023-09-25,2023-09-24,-1 day ahead inc hosp,quantile,0.975,523.0,COVID-19
DE-BY,00+,2023-09-25,2023-09-23,-2 day ahead inc hosp,quantile,0.975,544.796825396825,COVID-19
DE-BY,00+,2023-09-25,2023-09-22,-3 day ahead inc hosp,quantile,0.975,544.0,COVID-19
DE-BY,00+,2023-09-25,2023-09-21,-4 day ahead inc hosp,quantile,0.975,478.163793103448,COVID-19
DE-BY,00+,2023-09-25,2023-09-20,-5 day ahead inc hosp,quantile,0.975,457.188679245283,COVID-19
DE-BY,00+,2023-09-25,2023-09-19,-6 day ahead inc hosp,quantile,0.975,479.4,COVID-19
DE-BY,00+,2023-09-25,2023-09-18,-7 day ahead inc hosp,quantile,0.975,467.1,COVID-19
DE-BY,00+,2023-09-25,2023-09-17,-8 day ahead inc hosp,quantile,0.975,464.0,COVID-19
DE-BY,00+,2023-09-25,2023-09-16,-9 day ahead inc hosp,quantile,0.975,457.4,COVID-19
DE-BY,00+,2023-09-25,2023-09-15,-10 day ahead inc hosp,quantile,0.975,451.0,COVID-19
DE-BY,00+,2023-09-25,2023-09-14,-11 day ahead inc hosp,quantile,0.975,426.2,COVID-19
DE-BY,00+,2023-09-25,2023-09-13,-12 day ahead inc hosp,quantile,0.975,418.7,COVID-19
DE-BY,00+,2023-09-25,2023-09-12,-13 day ahead inc hosp,quantile,0.975,362.2,COVID-19
DE-BY,00+,2023-09-25,2023-09-11,-14 day ahead inc hosp,quantile,0.975,320.2,COVID-19
DE-BY,00+,2023-09-25,2023-09-10,-15 day ahead inc hosp,quantile,0.975,319.5,COVID-19
DE-BY,00+,2023-09-25,2023-09-09,-16 day ahead inc hosp,quantile,0.975,315.7,COVID-19
DE-BY,00+,2023-09-25,2023-09-08,-17 day ahead inc hosp,quantile,0.975,281.4,COVID-19
DE-BY,00+,2023-09-25,2023-09-07,-18 day ahead inc hosp,quantile,0.975,253.8,COVID-19
DE-BY,00+,2023-09-25,2023-09-06,-19 day ahead inc hosp,quantile,0.975,241.8,COVID-19
DE-BY,00+,2023-09-25,2023-09-05,-20 day ahead inc hosp,quantile,0.975,234.5,COVID-19
DE-BY,00+,2023-09-25,2023-09-04,-21 day ahead inc hosp,quantile,0.975,223.4,COVID-19
DE-BY,00+,2023-09-25,2023-09-03,-22 day ahead inc hosp,quantile,0.975,218.6,COVID-19
DE-BY,00+,2023-09-25,2023-09-02,-23 day ahead inc hosp,quantile,0.975,216.0,COVID-19
DE-BY,00+,2023-09-25,2023-09-01,-24 day ahead inc hosp,quantile,0.975,224.5,COVID-19
DE-BY,00+,2023-09-25,2023-08-31,-25 day ahead inc hosp,quantile,0.975,221.3,COVID-19
DE-BY,00+,2023-09-25,2023-08-30,-26 day ahead inc hosp,quantile,0.975,226.7,COVID-19
DE-BY,00+,2023-09-25,2023-08-29,-27 day ahead inc hosp,quantile,0.975,239.1,COVID-19
DE-BY,00+,2023-09-25,2023-08-28,-28 day ahead inc hosp,quantile,0.975,231.8,COVID-19
DE-HB,00+,2023-09-25,2023-09-25,0 day ahead inc hosp,mean,,16.9,COVID-19
DE-HB,00+,2023-09-25,2023-09-24,-1 day ahead inc hosp,mean,,16.9,COVID-19
DE-HB,00+,2023-09-25,2023-09-23,-2 day ahead inc hosp,mean,,16.9,COVID-19
DE-HB,00+,2023-09-25,2023-09-22,-3 day ahead inc hosp,mean,,22.9,COVID-19
DE-HB,00+,2023-09-25,2023-09-21,-4 day ahead inc hosp,mean,,21.6,COVID-19
DE-HB,00+,2023-09-25,2023-09-20,-5 day ahead inc hosp,mean,,22.4,COVID-19
DE-HB,00+,2023-09-25,2023-09-19,-6 day ahead inc hosp,mean,,27.3,COVID-19
DE-HB,00+,2023-09-25,2023-09-18,-7 day ahead inc hosp,mean,,22.1,COVID-19
DE-HB,00+,2023-09-25,2023-09-17,-8 day ahead inc hosp,mean,,22.1,COVID-19
DE-HB,00+,2023-09-25,2023-09-16,-9 day ahead inc hosp,mean,,22.1,COVID-19
DE-HB,00+,2023-09-25,2023-09-15,-10 day ahead inc hosp,mean,,25.0,COVID-19
DE-HB,00+,2023-09-25,2023-09-14,-11 day ahead inc hosp,mean,,41.0,COVID-19
DE-HB,00+,2023-09-25,2023-09-13,-12 day ahead inc hosp,mean,,45.0,COVID-19
DE-HB,00+,2023-09-25,2023-09-12,-13 day ahead inc hosp,mean,,48.0,COVID-19
DE-HB,00+,2023-09-25,2023-09-11,-14 day ahead inc hosp,mean,,47.0,COVID-19
DE-HB,00+,2023-09-25,2023-09-10,-15 day ahead inc hosp,mean,,47.0,COVID-19
DE-HB,00+,2023-09-25,2023-09-09,-16 day ahead inc hosp,mean,,47.0,COVID-19
DE-HB,00+,2023-09-25,2023-09-08,-17 day ahead inc hosp,mean,,46.0,COVID-19
DE-HB,00+,2023-09-25,2023-09-07,-18 day ahead inc hosp,mean,,30.0,COVID-19
DE-HB,00+,2023-09-25,2023-09-06,-19 day ahead inc hosp,mean,,45.0,COVID-19
DE-HB,00+,2023-09-25,2023-09-05,-20 day ahead inc hosp,mean,,48.0,COVID-19
DE-HB,00+,2023-09-25,2023-09-04,-21 day ahead inc hosp,mean,,57.0,COVID-19
DE-HB,00+,2023-09-25,2023-09-03,-22 day ahead inc hosp,mean,,57.0,COVID-19
DE-HB,00+,2023-09-25,2023-09-02,-23 day ahead inc hosp,mean,,57.0,COVID-19
DE-HB,00+,2023-09-25,2023-09-01,-24 day ahead inc hosp,mean,,56.0,COVID-19
DE-HB,00+,2023-09-25,2023-08-31,-25 day ahead inc hosp,mean,,61.0,COVID-19
DE-HB,00+,2023-09-25,2023-08-30,-26 day ahead inc hosp,mean,,40.0,COVID-19
DE-HB,00+,2023-09-25,2023-08-29,-27 day ahead inc hosp,mean,,34.0,COVID-19
DE-HB,00+,2023-09-25,2023-08-28,-28 day ahead inc hosp,mean,,39.0,COVID-19
DE-HB,00+,2023-09-25,2023-09-25,0 day ahead inc hosp,quantile,0.025,16.0,COVID-19
DE-HB,00+,2023-09-25,2023-09-24,-1 day ahead inc hosp,quantile,0.025,16.0,COVID-19
DE-HB,00+,2023-09-25,2023-09-23,-2 day ahead inc hosp,quantile,0.025,16.0,COVID-19
DE-HB,00+,2023-09-25,2023-09-22,-3 day ahead inc hosp,quantile,0.025,22.9,COVID-19
DE-HB,00+,2023-09-25,2023-09-21,-4 day ahead inc hosp,quantile,0.025,21.6,COVID-19
DE-HB,00+,2023-09-25,2023-09-20,-5 day ahead inc hosp,quantile,0.025,22.4,COVID-19
DE-HB,00+,2023-09-25,2023-09-19,-6 day ahead inc hosp,quantile,0.025,27.3,COVID-19
DE-HB,00+,2023-09-25,2023-09-18,-7 day ahead inc hosp,quantile,0.025,22.1,COVID-19
DE-HB,00+,2023-09-25,2023-09-17,-8 day ahead inc hosp,quantile,0.025,22.1,COVID-19
DE-HB,00+,2023-09-25,2023-09-16,-9 day ahead inc hosp,quantile,0.025,22.1,COVID-19
DE-HB,00+,2023-09-25,2023-09-15,-10 day ahead inc hosp,quantile,0.025,25.0,COVID-19
DE-HB,00+,2023-09-25,2023-09-14,-11 day ahead inc hosp,quantile,0.025,41.0,COVID-19
DE-HB,00+,2023-09-25,2023-09-13,-12 day ahead inc hosp,quantile,0.025,45.0,COVID-19
DE-HB,00+,2023-09-25,2023-09-12,-13 day ahead inc hosp,quantile,0.025,48.0,COVID-19
DE-HB,00+,2023-09-25,2023-09-11,-14 day ahead inc hosp,quantile,0.025,47.0,COVID-19
DE-HB,00+,2023-09-25,2023-09-10,-15 day ahead inc hosp,quantile,0.025,47.0,COVID-19
DE-HB,00+,2023-09-25,2023-09-09,-16 day ahead inc hosp,quantile,0.025,47.0,COVID-19
DE-HB,00+,2023-09-25,2023-09-08,-17 day ahead inc hosp,quantile,0.025,46.0,COVID-19
DE-HB,00+,2023-09-25,2023-09-07,-18 day ahead inc hosp,quantile,0.025,30.0,COVID-19
DE-HB,00+,2023-09-25,2023-09-06,-19 day ahead inc hosp,quantile,0.025,45.0,COVID-19
DE-HB,00+,2023-09-25,2023-09-05,-20 day ahead inc hosp,quantile,0.025,48.0,COVID-19
DE-HB,00+,2023-09-25,2023-09-04,-21 day ahead inc hosp,quantile,0.025,57.0,COVID-19
DE-HB,00+,2023-09-25,2023-09-03,-22 day ahead inc hosp,quantile,0.025,57.0,COVID-19
DE-HB,00+,2023-09-25,2023-09-02,-23 day ahead inc hosp,quantile,0.025,57.0,COVID-19
DE-HB,00+,2023-09-25,2023-09-01,-24 day ahead inc hosp,quantile,0.025,56.0,COVID-19
DE-HB,00+,2023-09-25,2023-08-31,-25 day ahead inc hosp,quantile,0.025,61.0,COVID-19
DE-HB,00+,2023-09-25,2023-08-30,-26 day ahead inc hosp,quantile,0.025,40.0,COVID-19
DE-HB,00+,2023-09-25,2023-08-29,-27 day ahead inc hosp,quantile,0.025,34.0,COVID-19
DE-HB,00+,2023-09-25,2023-08-28,-28 day ahead inc hosp,quantile,0.025,39.0,COVID-19
DE-HB,00+,2023-09-25,2023-09-25,0 day ahead inc hosp,quantile,0.1,16.9,COVID-19
DE-HB,00+,2023-09-25,2023-09-24,-1 day ahead inc hosp,quantile,0.1,16.9,COVID-19
DE-HB,00+,2023-09-25,2023-09-23,-2 day ahead inc hosp,quantile,0.1,16.9,COVID-19
DE-HB,00+,2023-09-25,2023-09-22,-3 day ahead inc hosp,quantile,0.1,22.9,COVID-19
DE-HB,00+,2023-09-25,2023-09-21,-4 day ahead inc hosp,quantile,0.1,21.6,COVID-19
DE-HB,00+,2023-09-25,2023-09-20,-5 day ahead inc hosp,quantile,0.1,22.4,COVID-19
DE-HB,00+,2023-09-25,2023-09-19,-6 day ahead inc hosp,quantile,0.1,27.3,COVID-19
DE-HB,00+,2023-09-25,2023-09-18,-7 day ahead inc hosp,quantile,0.1,22.1,COVID-19
DE-HB,00+,2023-09-25,2023-09-17,-8 day ahead inc hosp,quantile,0.1,22.1,COVID-19
DE-HB,00+,2023-09-25,2023-09-16,-9 day ahead inc hosp,quantile,0.1,22.1,COVID-19
DE-HB,00+,2023-09-25,2023-09-15,-10 day ahead inc hosp,quantile,0.1,25.0,COVID-19
DE-HB,00+,2023-09-25,2023-09-14,-11 day ahead inc hosp,quantile,0.1,41.0,COVID-19
DE-HB,00+,2023-09-25,2023-09-13,-12 day ahead inc hosp,quantile,0.1,45.0,COVID-19
DE-HB,00+,2023-09-25,2023-09-12,-13 day ahead inc hosp,quantile,0.1,48.0,COVID-19
DE-HB,00+,2023-09-25,2023-09-11,-14 day ahead inc hosp,quantile,0.1,47.0,COVID-19
DE-HB,00+,2023-09-25,2023-09-10,-15 day ahead inc hosp,quantile,0.1,47.0,COVID-19
DE-HB,00+,2023-09-25,2023-09-09,-16 day ahead inc hosp,quantile,0.1,47.0,COVID-19
DE-HB,00+,2023-09-25,2023-09-08,-17 day ahead inc hosp,quantile,0.1,46.0,COVID-19
DE-HB,00+,2023-09-25,2023-09-07,-18 day ahead inc hosp,quantile,0.1,30.0,COVID-19
DE-HB,00+,2023-09-25,2023-09-06,-19 day ahead inc hosp,quantile,0.1,45.0,COVID-19
DE-HB,00+,2023-09-25,2023-09-05,-20 day ahead inc hosp,quantile,0.1,48.0,COVID-19
DE-HB,00+,2023-09-25,2023-09-04,-21 day ahead inc hosp,quantile,0.1,57.0,COVID-19
DE-HB,00+,2023-09-25,2023-09-03,-22 day ahead inc hosp,quantile,0.1,57.0,COVID-19
DE-HB,00+,2023-09-25,2023-09-02,-23 day ahead inc hosp,quantile,0.1,57.0,COVID-19
DE-HB,00+,2023-09-25,2023-09-01,-24 day ahead inc hosp,quantile,0.1,56.0,COVID-19
DE-HB,00+,2023-09-25,2023-08-31,-25 day ahead inc hosp,quantile,0.1,61.0,COVID-19
DE-HB,00+,2023-09-25,2023-08-30,-26 day ahead inc hosp,quantile,0.1,40.0,COVID-19
DE-HB,00+,2023-09-25,2023-08-29,-27 day ahead inc hosp,quantile,0.1,34.0,COVID-19
DE-HB,00+,2023-09-25,2023-08-28,-28 day ahead inc hosp,quantile,0.1,39.0,COVID-19
DE-HB,00+,2023-09-25,2023-09-25,0 day ahead inc hosp,quantile,0.25,16.9,COVID-19
DE-HB,00+,2023-09-25,2023-09-24,-1 day ahead inc hosp,quantile,0.25,16.9,COVID-19
DE-HB,00+,2023-09-25,2023-09-23,-2 day ahead inc hosp,quantile,0.25,16.9,COVID-19
DE-HB,00+,2023-09-25,2023-09-22,-3 day ahead inc hosp,quantile,0.25,22.9,COVID-19
DE-HB,00+,2023-09-25,2023-09-21,-4 day ahead inc hosp,quantile,0.25,21.6,COVID-19
DE-HB,00+,2023-09-25,2023-09-20,-5 day ahead inc hosp,quantile,0.25,22.4,COVID-19
DE-HB,00+,2023-09-25,2023-09-19,-6 day ahead inc hosp,quantile,0.25,27.3,COVID-19
DE-HB,00+,2023-09-25,2023-09-18,-7 day ahead inc hosp,quantile,0.25,22.1,COVID-19
DE-HB,00+,2023-09-25,2023-09-17,-8 day ahead inc hosp,quantile,0.25,22.1,COVID-19
DE-HB,00+,2023-09-25,2023-09-16,-9 day ahead inc hosp,quantile,0.25,22.1,COVID-19
DE-HB,00+,2023-09-25,2023-09-15,-10 day ahead inc hosp,quantile,0.25,25.0,COVID-19
DE-HB,00+,2023-09-25,2023-09-14,-11 day ahead inc hosp,quantile,0.25,41.0,COVID-19
DE-HB,00+,2023-09-25,2023-09-13,-12 day ahead inc hosp,quantile,0.25,45.0,COVID-19
DE-HB,00+,2023-09-25,2023-09-12,-13 day ahead inc hosp,quantile,0.25,48.0,COVID-19
DE-HB,00+,2023-09-25,2023-09-11,-14 day ahead inc hosp,quantile,0.25,47.0,COVID-19
DE-HB,00+,2023-09-25,2023-09-10,-15 day ahead inc hosp,quantile,0.25,47.0,COVID-19
DE-HB,00+,2023-09-25,2023-09-09,-16 day ahead inc hosp,quantile,0.25,47.0,COVID-19
DE-HB,00+,2023-09-25,2023-09-08,-17 day ahead inc hosp,quantile,0.25,46.0,COVID-19
DE-HB,00+,2023-09-25,2023-09-07,-18 day ahead inc hosp,quantile,0.25,30.0,COVID-19
DE-HB,00+,2023-09-25,2023-09-06,-19 day ahead inc hosp,quantile,0.25,45.0,COVID-19
DE-HB,00+,2023-09-25,2023-09-05,-20 day ahead inc hosp,quantile,0.25,48.0,COVID-19
DE-HB,00+,2023-09-25,2023-09-04,-21 day ahead inc hosp,quantile,0.25,57.0,COVID-19
DE-HB,00+,2023-09-25,2023-09-03,-22 day ahead inc hosp,quantile,0.25,57.0,COVID-19
DE-HB,00+,2023-09-25,2023-09-02,-23 day ahead inc hosp,quantile,0.25,57.0,COVID-19
DE-HB,00+,2023-09-25,2023-09-01,-24 day ahead inc hosp,quantile,0.25,56.0,COVID-19
DE-HB,00+,2023-09-25,2023-08-31,-25 day ahead inc hosp,quantile,0.25,61.0,COVID-19
DE-HB,00+,2023-09-25,2023-08-30,-26 day ahead inc hosp,quantile,0.25,40.0,COVID-19
DE-HB,00+,2023-09-25,2023-08-29,-27 day ahead inc hosp,quantile,0.25,34.0,COVID-19
DE-HB,00+,2023-09-25,2023-08-28,-28 day ahead inc hosp,quantile,0.25,39.0,COVID-19
DE-HB,00+,2023-09-25,2023-09-25,0 day ahead inc hosp,quantile,0.5,17.0,COVID-19
DE-HB,00+,2023-09-25,2023-09-24,-1 day ahead inc hosp,quantile,0.5,17.0,COVID-19
DE-HB,00+,2023-09-25,2023-09-23,-2 day ahead inc hosp,quantile,0.5,17.0,COVID-19
DE-HB,00+,2023-09-25,2023-09-22,-3 day ahead inc hosp,quantile,0.5,23.0,COVID-19
DE-HB,00+,2023-09-25,2023-09-21,-4 day ahead inc hosp,quantile,0.5,22.0,COVID-19
DE-HB,00+,2023-09-25,2023-09-20,-5 day ahead inc hosp,quantile,0.5,22.0,COVID-19
DE-HB,00+,2023-09-25,2023-09-19,-6 day ahead inc hosp,quantile,0.5,27.0,COVID-19
DE-HB,00+,2023-09-25,2023-09-18,-7 day ahead inc hosp,quantile,0.5,22.0,COVID-19
DE-HB,00+,2023-09-25,2023-09-17,-8 day ahead inc hosp,quantile,0.5,22.0,COVID-19
DE-HB,00+,2023-09-25,2023-09-16,-9 day ahead inc hosp,quantile,0.5,22.0,COVID-19
DE-HB,00+,2023-09-25,2023-09-15,-10 day ahead inc hosp,quantile,0.5,25.0,COVID-19
DE-HB,00+,2023-09-25,2023-09-14,-11 day ahead inc hosp,quantile,0.5,41.0,COVID-19
DE-HB,00+,2023-09-25,2023-09-13,-12 day ahead inc hosp,quantile,0.5,45.0,COVID-19
DE-HB,00+,2023-09-25,2023-09-12,-13 day ahead inc hosp,quantile,0.5,48.0,COVID-19
DE-HB,00+,2023-09-25,2023-09-11,-14 day ahead inc hosp,quantile,0.5,47.0,COVID-19
DE-HB,00+,2023-09-25,2023-09-10,-15 day ahead inc hosp,quantile,0.5,47.0,COVID-19
DE-HB,00+,2023-09-25,2023-09-09,-16 day ahead inc hosp,quantile,0.5,47.0,COVID-19
DE-HB,00+,2023-09-25,2023-09-08,-17 day ahead inc hosp,quantile,0.5,46.0,COVID-19
DE-HB,00+,2023-09-25,2023-09-07,-18 day ahead inc hosp,quantile,0.5,30.0,COVID-19
DE-HB,00+,2023-09-25,2023-09-06,-19 day ahead inc hosp,quantile,0.5,45.0,COVID-19
DE-HB,00+,2023-09-25,2023-09-05,-20 day ahead inc hosp,quantile,0.5,48.0,COVID-19
DE-HB,00+,2023-09-25,2023-09-04,-21 day ahead inc hosp,quantile,0.5,57.0,COVID-19
DE-HB,00+,2023-09-25,2023-09-03,-22 day ahead inc hosp,quantile,0.5,57.0,COVID-19
DE-HB,00+,2023-09-25,2023-09-02,-23 day ahead inc hosp,quantile,0.5,57.0,COVID-19
DE-HB,00+,2023-09-25,2023-09-01,-24 day ahead inc hosp,quantile,0.5,56.0,COVID-19
DE-HB,00+,2023-09-25,2023-08-31,-25 day ahead inc hosp,quantile,0.5,61.0,COVID-19
DE-HB,00+,2023-09-25,2023-08-30,-26 day ahead inc hosp,quantile,0.5,40.0,COVID-19
DE-HB,00+,2023-09-25,2023-08-29,-27 day ahead inc hosp,quantile,0.5,34.0,COVID-19
DE-HB,00+,2023-09-25,2023-08-28,-28 day ahead inc hosp,quantile,0.5,39.0,COVID-19
DE-HB,00+,2023-09-25,2023-09-25,0 day ahead inc hosp,quantile,0.75,16.9,COVID-19
DE-HB,00+,2023-09-25,2023-09-24,-1 day ahead inc hosp,quantile,0.75,16.9,COVID-19
DE-HB,00+,2023-09-25,2023-09-23,-2 day ahead inc hosp,quantile,0.75,16.9,COVID-19
DE-HB,00+,2023-09-25,2023-09-22,-3 day ahead inc hosp,quantile,0.75,22.9,COVID-19
DE-HB,00+,2023-09-25,2023-09-21,-4 day ahead inc hosp,quantile,0.75,21.6,COVID-19
DE-HB,00+,2023-09-25,2023-09-20,-5 day ahead inc hosp,quantile,0.75,22.4,COVID-19
DE-HB,00+,2023-09-25,2023-09-19,-6 day ahead inc hosp,quantile,0.75,28.7,COVID-19
DE-HB,00+,2023-09-25,2023-09-18,-7 day ahead inc hosp,quantile,0.75,22.1,COVID-19
DE-HB,00+,2023-09-25,2023-09-17,-8 day ahead inc hosp,quantile,0.75,22.1,COVID-19
DE-HB,00+,2023-09-25,2023-09-16,-9 day ahead inc hosp,quantile,0.75,22.1,COVID-19
DE-HB,00+,2023-09-25,2023-09-15,-10 day ahead inc hosp,quantile,0.75,25.0,COVID-19
DE-HB,00+,2023-09-25,2023-09-14,-11 day ahead inc hosp,quantile,0.75,41.0,COVID-19
DE-HB,00+,2023-09-25,2023-09-13,-12 day ahead inc hosp,quantile,0.75,45.0,COVID-19
DE-HB,00+,2023-09-25,2023-09-12,-13 day ahead inc hosp,quantile,0.75,48.0,COVID-19
DE-HB,00+,2023-09-25,2023-09-11,-14 day ahead inc hosp,quantile,0.75,47.0,COVID-19
DE-HB,00+,2023-09-25,2023-09-10,-15 day ahead inc hosp,quantile,0.75,47.0,COVID-19
DE-HB,00+,2023-09-25,2023-09-09,-16 day ahead inc hosp,quantile,0.75,47.0,COVID-19
DE-HB,00+,2023-09-25,2023-09-08,-17 day ahead inc hosp,quantile,0.75,46.0,COVID-19
DE-HB,00+,2023-09-25,2023-09-07,-18 day ahead inc hosp,quantile,0.75,30.0,COVID-19
DE-HB,00+,2023-09-25,2023-09-06,-19 day ahead inc hosp,quantile,0.75,45.0,COVID-19
DE-HB,00+,2023-09-25,2023-09-05,-20 day ahead inc hosp,quantile,0.75,48.0,COVID-19
DE-HB,00+,2023-09-25,2023-09-04,-21 day ahead inc hosp,quantile,0.75,57.0,COVID-19
DE-HB,00+,2023-09-25,2023-09-03,-22 day ahead inc hosp,quantile,0.75,57.0,COVID-19
DE-HB,00+,2023-09-25,2023-09-02,-23 day ahead inc hosp,quantile,0.75,57.0,COVID-19
DE-HB,00+,2023-09-25,2023-09-01,-24 day ahead inc hosp,quantile,0.75,56.0,COVID-19
DE-HB,00+,2023-09-25,2023-08-31,-25 day ahead inc hosp,quantile,0.75,61.0,COVID-19
DE-HB,00+,2023-09-25,2023-08-30,-26 day ahead inc hosp,quantile,0.75,40.0,COVID-19
DE-HB,00+,2023-09-25,2023-08-29,-27 day ahead inc hosp,quantile,0.75,34.0,COVID-19
DE-HB,00+,2023-09-25,2023-08-28,-28 day ahead inc hosp,quantile,0.75,39.0,COVID-19
DE-HB,00+,2023-09-25,2023-09-25,0 day ahead inc hosp,quantile,0.9,21.1,COVID-19
DE-HB,00+,2023-09-25,2023-09-24,-1 day ahead inc hosp,quantile,0.9,21.1,COVID-19
DE-HB,00+,2023-09-25,2023-09-23,-2 day ahead inc hosp,quantile,0.9,21.1,COVID-19
DE-HB,00+,2023-09-25,2023-09-22,-3 day ahead inc hosp,quantile,0.9,27.1,COVID-19
DE-HB,00+,2023-09-25,2023-09-21,-4 day ahead inc hosp,quantile,0.9,26.4,COVID-19
DE-HB,00+,2023-09-25,2023-09-20,-5 day ahead inc hosp,quantile,0.9,25.6,COVID-19
DE-HB,00+,2023-09-25,2023-09-19,-6 day ahead inc hosp,quantile,0.9,30.7,COVID-19
DE-HB,00+,2023-09-25,2023-09-18,-7 day ahead inc hosp,quantile,0.9,23.9,COVID-19
DE-HB,00+,2023-09-25,2023-09-17,-8 day ahead inc hosp,quantile,0.9,23.9,COVID-19
DE-HB,00+,2023-09-25,2023-09-16,-9 day ahead inc hosp,quantile,0.9,23.9,COVID-19
DE-HB,00+,2023-09-25,2023-09-15,-10 day ahead inc hosp,quantile,0.9,27.0,COVID-19
DE-HB,00+,2023-09-25,2023-09-14,-11 day ahead inc hosp,quantile,0.9,43.0,COVID-19
DE-HB,00+,2023-09-25,2023-09-13,-12 day ahead inc hosp,quantile,0.9,45.0,COVID-19
DE-HB,00+,2023-09-25,2023-09-12,-13 day ahead inc hosp,quantile,0.9,48.0,COVID-19
DE-HB,00+,2023-09-25,2023-09-11,-14 day ahead inc hosp,quantile,0.9,47.0,COVID-19
DE-HB,00+,2023-09-25,2023-09-10,-15 day ahead inc hosp,quantile,0.9,47.0,COVID-19
DE-HB,00+,2023-09-25,2023-09-09,-16 day ahead inc hosp,quantile,0.9,47.0,COVID-19
DE-HB,00+,2023-09-25,2023-09-08,-17 day ahead inc hosp,quantile,0.9,46.0,COVID-19
DE-HB,00+,2023-09-25,2023-09-07,-18 day ahead inc hosp,quantile,0.9,30.0,COVID-19
DE-HB,00+,2023-09-25,2023-09-06,-19 day ahead inc hosp,quantile,0.9,45.0,COVID-19
DE-HB,00+,2023-09-25,2023-09-05,-20 day ahead inc hosp,quantile,0.9,48.0,COVID-19
DE-HB,00+,2023-09-25,2023-09-04,-21 day ahead inc hosp,quantile,0.9,57.0,COVID-19
DE-HB,00+,2023-09-25,2023-09-03,-22 day ahead inc hosp,quantile,0.9,57.0,COVID-19
DE-HB,00+,2023-09-25,2023-09-02,-23 day ahead inc hosp,quantile,0.9,57.0,COVID-19
DE-HB,00+,2023-09-25,2023-09-01,-24 day ahead inc hosp,quantile,0.9,56.0,COVID-19
DE-HB,00+,2023-09-25,2023-08-31,-25 day ahead inc hosp,quantile,0.9,61.0,COVID-19
DE-HB,00+,2023-09-25,2023-08-30,-26 day ahead inc hosp,quantile,0.9,40.0,COVID-19
DE-HB,00+,2023-09-25,2023-08-29,-27 day ahead inc hosp,quantile,0.9,34.0,COVID-19
DE-HB,00+,2023-09-25,2023-08-28,-28 day ahead inc hosp,quantile,0.9,39.0,COVID-19
DE-HB,00+,2023-09-25,2023-09-25,0 day ahead inc hosp,quantile,0.975,25.9,COVID-19
DE-HB,00+,2023-09-25,2023-09-24,-1 day ahead inc hosp,quantile,0.975,21.4,COVID-19
DE-HB,00+,2023-09-25,2023-09-23,-2 day ahead inc hosp,quantile,0.975,21.4,COVID-19
DE-HB,00+,2023-09-25,2023-09-22,-3 day ahead inc hosp,quantile,0.975,35.1,COVID-19
DE-HB,00+,2023-09-25,2023-09-21,-4 day ahead inc hosp,quantile,0.975,32.0,COVID-19
DE-HB,00+,2023-09-25,2023-09-20,-5 day ahead inc hosp,quantile,0.975,33.4,COVID-19
DE-HB,00+,2023-09-25,2023-09-19,-6 day ahead inc hosp,quantile,0.975,39.1,COVID-19
DE-HB,00+,2023-09-25,2023-09-18,-7 day ahead inc hosp,quantile,0.975,31.5,COVID-19
DE-HB,00+,2023-09-25,2023-09-17,-8 day ahead inc hosp,quantile,0.975,31.5,COVID-19
DE-HB,00+,2023-09-25,2023-09-16,-9 day ahead inc hosp,quantile,0.975,31.5,COVID-19
DE-HB,00+,2023-09-25,2023-09-15,-10 day ahead inc hosp,quantile,0.975,33.0,COVID-19
DE-HB,00+,2023-09-25,2023-09-14,-11 day ahead inc hosp,quantile,0.975,55.6,COVID-19
DE-HB,00+,2023-09-25,2023-09-13,-12 day ahead inc hosp,quantile,0.975,53.6,COVID-19
DE-HB,00+,2023-09-25,2023-09-12,-13 day ahead inc hosp,quantile,0.975,57.0,COVID-19
DE-HB,00+,2023-09-25,2023-09-11,-14 day ahead inc hosp,quantile,0.975,56.0,COVID-19
DE-HB,00+,2023-09-25,2023-09-10,-15 day ahead inc hosp,quantile,0.975,56.0,COVID-19
DE-HB,00+,2023-09-25,2023-09-09,-16 day ahead inc hosp,quantile,0.975,56.0,COVID-19
DE-HB,00+,2023-09-25,2023-09-08,-17 day ahead inc hosp,quantile,0.975,54.8,COVID-19
DE-HB,00+,2023-09-25,2023-09-07,-18 day ahead inc hosp,quantile,0.975,32.0,COVID-19
DE-HB,00+,2023-09-25,2023-09-06,-19 day ahead inc hosp,quantile,0.975,47.0,COVID-19
DE-HB,00+,2023-09-25,2023-09-05,-20 day ahead inc hosp,quantile,0.975,48.0,COVID-19
DE-HB,00+,2023-09-25,2023-09-04,-21 day ahead inc hosp,quantile,0.975,57.0,COVID-19
DE-HB,00+,2023-09-25,2023-09-03,-22 day ahead inc hosp,quantile,0.975,57.0,COVID-19
DE-HB,00+,2023-09-25,2023-09-02,-23 day ahead inc hosp,quantile,0.975,57.0,COVID-19
DE-HB,00+,2023-09-25,2023-09-01,-24 day ahead inc hosp,quantile,0.975,56.0,COVID-19
DE-HB,00+,2023-09-25,2023-08-31,-25 day ahead inc hosp,quantile,0.975,61.0,COVID-19
DE-HB,00+,2023-09-25,2023-08-30,-26 day ahead inc hosp,quantile,0.975,40.0,COVID-19
DE-HB,00+,2023-09-25,2023-08-29,-27 day ahead inc hosp,quantile,0.975,34.0,COVID-19
DE-HB,00+,2023-09-25,2023-08-28,-28 day ahead inc hosp,quantile,0.975,39.0,COVID-19
DE-HE,00+,2023-09-25,2023-09-25,0 day ahead inc hosp,mean,,174.9,COVID-19
DE-HE,00+,2023-09-25,2023-09-24,-1 day ahead inc hosp,mean,,177.1,COVID-19
DE-HE,00+,2023-09-25,2023-09-23,-2 day ahead inc hosp,mean,,180.9,COVID-19
DE-HE,00+,2023-09-25,2023-09-22,-3 day ahead inc hosp,mean,,188.1,COVID-19
DE-HE,00+,2023-09-25,2023-09-21,-4 day ahead inc hosp,mean,,187.4,COVID-19
DE-HE,00+,2023-09-25,2023-09-20,-5 day ahead inc hosp,mean,,191.6,COVID-19
DE-HE,00+,2023-09-25,2023-09-19,-6 day ahead inc hosp,mean,,193.6,COVID-19
DE-HE,00+,2023-09-25,2023-09-18,-7 day ahead inc hosp,mean,,185.0,COVID-19
DE-HE,00+,2023-09-25,2023-09-17,-8 day ahead inc hosp,mean,,186.0,COVID-19
DE-HE,00+,2023-09-25,2023-09-16,-9 day ahead inc hosp,mean,,189.1,COVID-19
DE-HE,00+,2023-09-25,2023-09-15,-10 day ahead inc hosp,mean,,193.4,COVID-19
DE-HE,00+,2023-09-25,2023-09-14,-11 day ahead inc hosp,mean,,194.6,COVID-19
DE-HE,00+,2023-09-25,2023-09-13,-12 day ahead inc hosp,mean,,206.7,COVID-19
DE-HE,00+,2023-09-25,2023-09-12,-13 day ahead inc hosp,mean,,203.1,COVID-19
DE-HE,00+,2023-09-25,2023-09-11,-14 day ahead inc hosp,mean,,193.9,COVID-19
DE-HE,00+,2023-09-25,2023-09-10,-15 day ahead inc hosp,mean,,192.8,COVID-19
DE-HE,00+,2023-09-25,2023-09-09,-16 day ahead inc hosp,mean,,189.2,COVID-19
DE-HE,00+,2023-09-25,2023-09-08,-17 day ahead inc hosp,mean,,187.1,COVID-19
DE-HE,00+,2023-09-25,2023-09-07,-18 day ahead inc hosp,mean,,170.3,COVID-19
DE-HE,00+,2023-09-25,2023-09-06,-19 day ahead inc hosp,mean,,150.7,COVID-19
DE-HE,00+,2023-09-25,2023-09-05,-20 day ahead inc hosp,mean,,136.0,COVID-19
DE-HE,00+,2023-09-25,2023-09-04,-21 day ahead inc hosp,mean,,121.0,COVID-19
DE-HE,00+,2023-09-25,2023-09-03,-22 day ahead inc hosp,mean,,119.0,COVID-19
DE-HE,00+,2023-09-25,2023-09-02,-23 day ahead inc hosp,mean,,117.8,COVID-19
DE-HE,00+,2023-09-25,2023-09-01,-24 day ahead inc hosp,mean,,110.8,COVID-19
DE-HE,00+,2023-09-25,2023-08-31,-25 day ahead inc hosp,mean,,116.7,COVID-19
DE-HE,00+,2023-09-25,2023-08-30,-26 day ahead inc hosp,mean,,108.1,COVID-19
DE-HE,00+,2023-09-25,2023-08-29,-27 day ahead inc hosp,mean,,109.9,COVID-19
DE-HE,00+,2023-09-25,2023-08-28,-28 day ahead inc hosp,mean,,109.5,COVID-19
DE-HE,00+,2023-09-25,2023-09-25,0 day ahead inc hosp,quantile,0.025,158.311011904762,COVID-19
DE-HE,00+,2023-09-25,2023-09-24,-1 day ahead inc hosp,quantile,0.025,160.424192501217,COVID-19
DE-HE,00+,2023-09-25,2023-09-23,-2 day ahead inc hosp,quantile,0.025,163.275043859649,COVID-19
DE-HE,00+,2023-09-25,2023-09-22,-3 day ahead inc hosp,quantile,0.025,174.956896551724,COVID-19
DE-HE,00+,2023-09-25,2023-09-21,-4 day ahead inc hosp,quantile,0.025,177.0,COVID-19
DE-HE,00+,2023-09-25,2023-09-20,-5 day ahead inc hosp,quantile,0.025,183.0,COVID-19
DE-HE,00+,2023-09-25,2023-09-19,-6 day ahead inc hosp,quantile,0.025,185.0,COVID-19
DE-HE,00+,2023-09-25,2023-09-18,-7 day ahead inc hosp,quantile,0.025,178.0,COVID-19
DE-HE,00+,2023-09-25,2023-09-17,-8 day ahead inc hosp,quantile,0.025,179.0,COVID-19
DE-HE,00+,2023-09-25,2023-09-16,-9 day ahead inc hosp,quantile,0.025,182.0,COVID-19
DE-HE,00+,2023-09-25,2023-09-15,-10 day ahead inc hosp,quantile,0.025,186.0,COVID-19
DE-HE,00+,2023-09-25,2023-09-14,-11 day ahead inc hosp,quantile,0.025,188.0,COVID-19
DE-HE,00+,2023-09-25,2023-09-13,-12 day ahead inc hosp,quantile,0.025,199.0,COVID-19
DE-HE,00+,2023-09-25,2023-09-12,-13 day ahead inc hosp,quantile,0.025,196.0,COVID-19
DE-HE,00+,2023-09-25,2023-09-11,-14 day ahead inc hosp,quantile,0.025,187.0,COVID-19
DE-HE,00+,2023-09-25,2023-09-10,-15 day ahead inc hosp,quantile,0.025,186.0,COVID-19
DE-HE,00+,2023-09-25,2023-09-09,-16 day ahead inc hosp,quantile,0.025,182.081481481481,COVID-19
DE-HE,00+,2023-09-25,2023-09-08,-17 day ahead inc hosp,quantile,0.025,181.0,COVID-19
DE-HE,00+,2023-09-25,2023-09-07,-18 day ahead inc hosp,quantile,0.025,165.0,COVID-19
DE-HE,00+,2023-09-25,2023-09-06,-19 day ahead inc hosp,quantile,0.025,146.0,COVID-19
DE-HE,00+,2023-09-25,2023-09-05,-20 day ahead inc hosp,quantile,0.025,132.0,COVID-19
DE-HE,00+,2023-09-25,2023-09-04,-21 day ahead inc hosp,quantile,0.025,117.0,COVID-19
DE-HE,00+,2023-09-25,2023-09-03,-22 day ahead inc hosp,quantile,0.025,115.0,COVID-19
DE-HE,00+,2023-09-25,2023-09-02,-23 day ahead inc hosp,quantile,0.025,114.0,COVID-19
DE-HE,00+,2023-09-25,2023-09-01,-24 day ahead inc hosp,quantile,0.025,107.0,COVID-19
DE-HE,00+,2023-09-25,2023-08-31,-25 day ahead inc hosp,quantile,0.025,113.0,COVID-19
DE-HE,00+,2023-09-25,2023-08-30,-26 day ahead inc hosp,quantile,0.025,105.0,COVID-19
DE-HE,00+,2023-09-25,2023-08-29,-27 day ahead inc hosp,quantile,0.025,107.0,COVID-19
DE-HE,00+,2023-09-25,2023-08-28,-28 day ahead inc hosp,quantile,0.025,107.0,COVID-19
DE-HE,00+,2023-09-25,2023-09-25,0 day ahead inc hosp,quantile,0.1,162.846788370521,COVID-19
DE-HE,00+,2023-09-25,2023-09-24,-1 day ahead inc hosp,quantile,0.1,164.678653198653,COVID-19
DE-HE,00+,2023-09-25,2023-09-23,-2 day ahead inc hosp,quantile,0.1,172.0,COVID-19
DE-HE,00+,2023-09-25,2023-09-22,-3 day ahead inc hosp,quantile,0.1,180.0,COVID-19
DE-HE,00+,2023-09-25,2023-09-21,-4 day ahead inc hosp,quantile,0.1,181.0,COVID-19
DE-HE,00+,2023-09-25,2023-09-20,-5 day ahead inc hosp,quantile,0.1,186.0,COVID-19
DE-HE,00+,2023-09-25,2023-09-19,-6 day ahead inc hosp,quantile,0.1,189.0,COVID-19
DE-HE,00+,2023-09-25,2023-09-18,-7 day ahead inc hosp,quantile,0.1,181.0,COVID-19
DE-HE,00+,2023-09-25,2023-09-17,-8 day ahead inc hosp,quantile,0.1,182.0,COVID-19
DE-HE,00+,2023-09-25,2023-09-16,-9 day ahead inc hosp,quantile,0.1,185.0,COVID-19
DE-HE,00+,2023-09-25,2023-09-15,-10 day ahead inc hosp,quantile,0.1,189.0,COVID-19
DE-HE,00+,2023-09-25,2023-09-14,-11 day ahead inc hosp,quantile,0.1,190.0,COVID-19
DE-HE,00+,2023-09-25,2023-09-13,-12 day ahead inc hosp,quantile,0.1,202.0,COVID-19
DE-HE,00+,2023-09-25,2023-09-12,-13 day ahead inc hosp,quantile,0.1,199.0,COVID-19
DE-HE,00+,2023-09-25,2023-09-11,-14 day ahead inc hosp,quantile,0.1,190.0,COVID-19
DE-HE,00+,2023-09-25,2023-09-10,-15 day ahead inc hosp,quantile,0.1,189.0,COVID-19
DE-HE,00+,2023-09-25,2023-09-09,-16 day ahead inc hosp,quantile,0.1,185.0,COVID-19
DE-HE,00+,2023-09-25,2023-09-08,-17 day ahead inc hosp,quantile,0.1,183.0,COVID-19
DE-HE,00+,2023-09-25,2023-09-07,-18 day ahead inc hosp,quantile,0.1,167.0,COVID-19
DE-HE,00+,2023-09-25,2023-09-06,-19 day ahead inc hosp,quantile,0.1,148.0,COVID-19
DE-HE,00+,2023-09-25,2023-09-05,-20 day ahead inc hosp,quantile,0.1,133.0,COVID-19
DE-HE,00+,2023-09-25,2023-09-04,-21 day ahead inc hosp,quantile,0.1,118.0,COVID-19
DE-HE,00+,2023-09-25,2023-09-03,-22 day ahead inc hosp,quantile,0.1,116.0,COVID-19
DE-HE,00+,2023-09-25,2023-09-02,-23 day ahead inc hosp,quantile,0.1,115.0,COVID-19
DE-HE,00+,2023-09-25,2023-09-01,-24 day ahead inc hosp,quantile,0.1,109.0,COVID-19
DE-HE,00+,2023-09-25,2023-08-31,-25 day ahead inc hosp,quantile,0.1,114.0,COVID-19
DE-HE,00+,2023-09-25,2023-08-30,-26 day ahead inc hosp,quantile,0.1,106.0,COVID-19
DE-HE,00+,2023-09-25,2023-08-29,-27 day ahead inc hosp,quantile,0.1,108.0,COVID-19
DE-HE,00+,2023-09-25,2023-08-28,-28 day ahead inc hosp,quantile,0.1,108.0,COVID-19
DE-HE,00+,2023-09-25,2023-09-25,0 day ahead inc hosp,quantile,0.25,169.161184210526,COVID-19
DE-HE,00+,2023-09-25,2023-09-24,-1 day ahead inc hosp,quantile,0.25,172.03125,COVID-19
DE-HE,00+,2023-09-25,2023-09-23,-2 day ahead inc hosp,quantile,0.25,176.511842105263,COVID-19
DE-HE,00+,2023-09-25,2023-09-22,-3 day ahead inc hosp,quantile,0.25,185.0,COVID-19
DE-HE,00+,2023-09-25,2023-09-21,-4 day ahead inc hosp,quantile,0.25,185.0,COVID-19
DE-HE,00+,2023-09-25,2023-09-20,-5 day ahead inc hosp,quantile,0.25,190.0,COVID-19
DE-HE,00+,2023-09-25,2023-09-19,-6 day ahead inc hosp,quantile,0.25,192.0,COVID-19
DE-HE,00+,2023-09-25,2023-09-18,-7 day ahead inc hosp,quantile,0.25,184.0,COVID-19
DE-HE,00+,2023-09-25,2023-09-17,-8 day ahead inc hosp,quantile,0.25,185.0,COVID-19
DE-HE,00+,2023-09-25,2023-09-16,-9 day ahead inc hosp,quantile,0.25,188.0,COVID-19
DE-HE,00+,2023-09-25,2023-09-15,-10 day ahead inc hosp,quantile,0.25,192.0,COVID-19
DE-HE,00+,2023-09-25,2023-09-14,-11 day ahead inc hosp,quantile,0.25,193.0,COVID-19
DE-HE,00+,2023-09-25,2023-09-13,-12 day ahead inc hosp,quantile,0.25,206.0,COVID-19
DE-HE,00+,2023-09-25,2023-09-12,-13 day ahead inc hosp,quantile,0.25,202.0,COVID-19
DE-HE,00+,2023-09-25,2023-09-11,-14 day ahead inc hosp,quantile,0.25,193.0,COVID-19
DE-HE,00+,2023-09-25,2023-09-10,-15 day ahead inc hosp,quantile,0.25,192.0,COVID-19
DE-HE,00+,2023-09-25,2023-09-09,-16 day ahead inc hosp,quantile,0.25,188.0,COVID-19
DE-HE,00+,2023-09-25,2023-09-08,-17 day ahead inc hosp,quantile,0.25,186.0,COVID-19
DE-HE,00+,2023-09-25,2023-09-07,-18 day ahead inc hosp,quantile,0.25,169.0,COVID-19
DE-HE,00+,2023-09-25,2023-09-06,-19 day ahead inc hosp,quantile,0.25,150.0,COVID-19
DE-HE,00+,2023-09-25,2023-09-05,-20 day ahead inc hosp,quantile,0.25,135.0,COVID-19
DE-HE,00+,2023-09-25,2023-09-04,-21 day ahead inc hosp,quantile,0.25,120.0,COVID-19
DE-HE,00+,2023-09-25,2023-09-03,-22 day ahead inc hosp,quantile,0.25,118.0,COVID-19
DE-HE,00+,2023-09-25,2023-09-02,-23 day ahead inc hosp,quantile,0.25,117.0,COVID-19
DE-HE,00+,2023-09-25,2023-09-01,-24 day ahead inc hosp,quantile,0.25,110.0,COVID-19
DE-HE,00+,2023-09-25,2023-08-31,-25 day ahead inc hosp,quantile,0.25,116.0,COVID-19
DE-HE,00+,2023-09-25,2023-08-30,-26 day ahead inc hosp,quantile,0.25,107.0,COVID-19
DE-HE,00+,2023-09-25,2023-08-29,-27 day ahead inc hosp,quantile,0.25,109.0,COVID-19
DE-HE,00+,2023-09-25,2023-08-28,-28 day ahead inc hosp,quantile,0.25,109.0,COVID-19
DE-HE,00+,2023-09-25,2023-09-25,0 day ahead inc hosp,quantile,0.5,178.0,COVID-19
DE-HE,00+,2023-09-25,2023-09-24,-1 day ahead inc hosp,quantile,0.5,180.0,COVID-19
DE-HE,00+,2023-09-25,2023-09-23,-2 day ahead inc hosp,quantile,0.5,184.0,COVID-19
DE-HE,00+,2023-09-25,2023-09-22,-3 day ahead inc hosp,quantile,0.5,191.0,COVID-19
DE-HE,00+,2023-09-25,2023-09-21,-4 day ahead inc hosp,quantile,0.5,190.0,COVID-19
DE-HE,00+,2023-09-25,2023-09-20,-5 day ahead inc hosp,quantile,0.5,195.0,COVID-19
DE-HE,00+,2023-09-25,2023-09-19,-6 day ahead inc hosp,quantile,0.5,197.0,COVID-19
DE-HE,00+,2023-09-25,2023-09-18,-7 day ahead inc hosp,quantile,0.5,188.0,COVID-19
DE-HE,00+,2023-09-25,2023-09-17,-8 day ahead inc hosp,quantile,0.5,189.0,COVID-19
DE-HE,00+,2023-09-25,2023-09-16,-9 day ahead inc hosp,quantile,0.5,192.0,COVID-19
DE-HE,00+,2023-09-25,2023-09-15,-10 day ahead inc hosp,quantile,0.5,196.0,COVID-19
DE-HE,00+,2023-09-25,2023-09-14,-11 day ahead inc hosp,quantile,0.5,198.0,COVID-19
DE-HE,00+,2023-09-25,2023-09-13,-12 day ahead inc hosp,quantile,0.5,210.0,COVID-19
DE-HE,00+,2023-09-25,2023-09-12,-13 day ahead inc hosp,quantile,0.5,206.0,COVID-19
DE-HE,00+,2023-09-25,2023-09-11,-14 day ahead inc hosp,quantile,0.5,197.0,COVID-19
DE-HE,00+,2023-09-25,2023-09-10,-15 day ahead inc hosp,quantile,0.5,196.0,COVID-19
DE-HE,00+,2023-09-25,2023-09-09,-16 day ahead inc hosp,quantile,0.5,192.0,COVID-19
DE-HE,00+,2023-09-25,2023-09-08,-17 day ahead inc hosp,quantile,0.5,190.0,COVID-19
DE-HE,00+,2023-09-25,2023-09-07,-18 day ahead inc hosp,quantile,0.5,173.0,COVID-19
DE-HE,00+,2023-09-25,2023-09-06,-19 day ahead inc hosp,quantile,0.5,153.0,COVID-19
DE-HE,00+,2023-09-25,2023-09-05,-20 day ahead inc hosp,quantile,0.5,138.0,COVID-19
DE-HE,00+,2023-09-25,2023-09-04,-21 day ahead inc hosp,quantile,0.5,123.0,COVID-19
DE-HE,00+,2023-09-25,2023-09-03,-22 day ahead inc hosp,quantile,0.5,121.0,COVID-19
DE-HE,00+,2023-09-25,2023-09-02,-23 day ahead inc hosp,quantile,0.5,119.0,COVID-19
DE-HE,00+,2023-09-25,2023-09-01,-24 day ahead inc hosp,quantile,0.5,112.0,COVID-19
DE-HE,00+,2023-09-25,2023-08-31,-25 day ahead inc hosp,quantile,0.5,118.0,COVID-19
DE-HE,00+,2023-09-25,2023-08-30,-26 day ahead inc hosp,quantile,0.5,109.0,COVID-19
DE-HE,00+,2023-09-25,2023-08-29,-27 day ahead inc hosp,quantile,0.5,111.0,COVID-19
DE-HE,00+,2023-09-25,2023-08-28,-28 day ahead inc hosp,quantile,0.5,111.0,COVID-19
DE-HE,00+,2023-09-25,2023-09-25,0 day ahead inc hosp,quantile,0.75,197.1,COVID-19
DE-HE,00+,2023-09-25,2023-09-24,-1 day ahead inc hosp,quantile,0.75,200.9,COVID-19
DE-HE,00+,2023-09-25,2023-09-23,-2 day ahead inc hosp,quantile,0.75,205.1,COVID-19
DE-HE,00+,2023-09-25,2023-09-22,-3 day ahead inc hosp,quantile,0.75,199.0,COVID-19
DE-HE,00+,2023-09-25,2023-09-21,-4 day ahead inc hosp,quantile,0.75,197.0,COVID-19
DE-HE,00+,2023-09-25,2023-09-20,-5 day ahead inc hosp,quantile,0.75,201.0,COVID-19
DE-HE,00+,2023-09-25,2023-09-19,-6 day ahead inc hosp,quantile,0.75,203.0,COVID-19
DE-HE,00+,2023-09-25,2023-09-18,-7 day ahead inc hosp,quantile,0.75,193.0,COVID-19
DE-HE,00+,2023-09-25,2023-09-17,-8 day ahead inc hosp,quantile,0.75,194.0,COVID-19
DE-HE,00+,2023-09-25,2023-09-16,-9 day ahead inc hosp,quantile,0.75,197.0,COVID-19
DE-HE,00+,2023-09-25,2023-09-15,-10 day ahead inc hosp,quantile,0.75,202.0,COVID-19
DE-HE,00+,2023-09-25,2023-09-14,-11 day ahead inc hosp,quantile,0.75,203.0,COVID-19
DE-HE,00+,2023-09-25,2023-09-13,-12 day ahead inc hosp,quantile,0.75,216.0,COVID-19
DE-HE,00+,2023-09-25,2023-09-12,-13 day ahead inc hosp,quantile,0.75,212.0,COVID-19
DE-HE,00+,2023-09-25,2023-09-11,-14 day ahead inc hosp,quantile,0.75,203.0,COVID-19
DE-HE,00+,2023-09-25,2023-09-10,-15 day ahead inc hosp,quantile,0.75,202.0,COVID-19
DE-HE,00+,2023-09-25,2023-09-09,-16 day ahead inc hosp,quantile,0.75,198.0,COVID-19
DE-HE,00+,2023-09-25,2023-09-08,-17 day ahead inc hosp,quantile,0.75,196.0,COVID-19
DE-HE,00+,2023-09-25,2023-09-07,-18 day ahead inc hosp,quantile,0.75,177.0,COVID-19
DE-HE,00+,2023-09-25,2023-09-06,-19 day ahead inc hosp,quantile,0.75,157.0,COVID-19
DE-HE,00+,2023-09-25,2023-09-05,-20 day ahead inc hosp,quantile,0.75,142.0,COVID-19
DE-HE,00+,2023-09-25,2023-09-04,-21 day ahead inc hosp,quantile,0.75,127.0,COVID-19
DE-HE,00+,2023-09-25,2023-09-03,-22 day ahead inc hosp,quantile,0.75,125.0,COVID-19
DE-HE,00+,2023-09-25,2023-09-02,-23 day ahead inc hosp,quantile,0.75,123.0,COVID-19
DE-HE,00+,2023-09-25,2023-09-01,-24 day ahead inc hosp,quantile,0.75,116.0,COVID-19
DE-HE,00+,2023-09-25,2023-08-31,-25 day ahead inc hosp,quantile,0.75,122.0,COVID-19
DE-HE,00+,2023-09-25,2023-08-30,-26 day ahead inc hosp,quantile,0.75,113.0,COVID-19
DE-HE,00+,2023-09-25,2023-08-29,-27 day ahead inc hosp,quantile,0.75,115.0,COVID-19
DE-HE,00+,2023-09-25,2023-08-28,-28 day ahead inc hosp,quantile,0.75,114.0,COVID-19
DE-HE,00+,2023-09-25,2023-09-25,0 day ahead inc hosp,quantile,0.9,217.1,COVID-19
DE-HE,00+,2023-09-25,2023-09-24,-1 day ahead inc hosp,quantile,0.9,218.9,COVID-19
DE-HE,00+,2023-09-25,2023-09-23,-2 day ahead inc hosp,quantile,0.9,203.0,COVID-19
DE-HE,00+,2023-09-25,2023-09-22,-3 day ahead inc hosp,quantile,0.9,208.0,COVID-19
DE-HE,00+,2023-09-25,2023-09-21,-4 day ahead inc hosp,quantile,0.9,204.0,COVID-19
DE-HE,00+,2023-09-25,2023-09-20,-5 day ahead inc hosp,quantile,0.9,209.0,COVID-19
DE-HE,00+,2023-09-25,2023-09-19,-6 day ahead inc hosp,quantile,0.9,210.0,COVID-19
DE-HE,00+,2023-09-25,2023-09-18,-7 day ahead inc hosp,quantile,0.9,201.0,COVID-19
DE-HE,00+,2023-09-25,2023-09-17,-8 day ahead inc hosp,quantile,0.9,202.0,COVID-19
DE-HE,00+,2023-09-25,2023-09-16,-9 day ahead inc hosp,quantile,0.9,205.0,COVID-19
DE-HE,00+,2023-09-25,2023-09-15,-10 day ahead inc hosp,quantile,0.9,210.0,COVID-19
DE-HE,00+,2023-09-25,2023-09-14,-11 day ahead inc hosp,quantile,0.9,213.0,COVID-19
DE-HE,00+,2023-09-25,2023-09-13,-12 day ahead inc hosp,quantile,0.9,226.0,COVID-19
DE-HE,00+,2023-09-25,2023-09-12,-13 day ahead inc hosp,quantile,0.9,222.0,COVID-19
DE-HE,00+,2023-09-25,2023-09-11,-14 day ahead inc hosp,quantile,0.9,213.0,COVID-19
DE-HE,00+,2023-09-25,2023-09-10,-15 day ahead inc hosp,quantile,0.9,212.0,COVID-19
DE-HE,00+,2023-09-25,2023-09-09,-16 day ahead inc hosp,quantile,0.9,208.0,COVID-19
DE-HE,00+,2023-09-25,2023-09-08,-17 day ahead inc hosp,quantile,0.9,206.0,COVID-19
DE-HE,00+,2023-09-25,2023-09-07,-18 day ahead inc hosp,quantile,0.9,186.0,COVID-19
DE-HE,00+,2023-09-25,2023-09-06,-19 day ahead inc hosp,quantile,0.9,164.0,COVID-19
DE-HE,00+,2023-09-25,2023-09-05,-20 day ahead inc hosp,quantile,0.9,149.0,COVID-19
DE-HE,00+,2023-09-25,2023-09-04,-21 day ahead inc hosp,quantile,0.9,134.0,COVID-19
DE-HE,00+,2023-09-25,2023-09-03,-22 day ahead inc hosp,quantile,0.9,132.0,COVID-19
DE-HE,00+,2023-09-25,2023-09-02,-23 day ahead inc hosp,quantile,0.9,130.0,COVID-19
DE-HE,00+,2023-09-25,2023-09-01,-24 day ahead inc hosp,quantile,0.9,123.0,COVID-19
DE-HE,00+,2023-09-25,2023-08-31,-25 day ahead inc hosp,quantile,0.9,130.0,COVID-19
DE-HE,00+,2023-09-25,2023-08-30,-26 day ahead inc hosp,quantile,0.9,120.0,COVID-19
DE-HE,00+,2023-09-25,2023-08-29,-27 day ahead inc hosp,quantile,0.9,122.0,COVID-19
DE-HE,00+,2023-09-25,2023-08-28,-28 day ahead inc hosp,quantile,0.9,121.0,COVID-19
DE-HE,00+,2023-09-25,2023-09-25,0 day ahead inc hosp,quantile,0.975,249.1,COVID-19
DE-HE,00+,2023-09-25,2023-09-24,-1 day ahead inc hosp,quantile,0.975,250.9,COVID-19
DE-HE,00+,2023-09-25,2023-09-23,-2 day ahead inc hosp,quantile,0.975,259.1,COVID-19
DE-HE,00+,2023-09-25,2023-09-22,-3 day ahead inc hosp,quantile,0.975,259.9,COVID-19
DE-HE,00+,2023-09-25,2023-09-21,-4 day ahead inc hosp,quantile,0.975,220.0,COVID-19
DE-HE,00+,2023-09-25,2023-09-20,-5 day ahead inc hosp,quantile,0.975,229.0,COVID-19
DE-HE,00+,2023-09-25,2023-09-19,-6 day ahead inc hosp,quantile,0.975,231.0,COVID-19
DE-HE,00+,2023-09-25,2023-09-18,-7 day ahead inc hosp,quantile,0.975,221.0,COVID-19
DE-HE,00+,2023-09-25,2023-09-17,-8 day ahead inc hosp,quantile,0.975,222.0,COVID-19
DE-HE,00+,2023-09-25,2023-09-16,-9 day ahead inc hosp,quantile,0.975,225.0,COVID-19
DE-HE,00+,2023-09-25,2023-09-15,-10 day ahead inc hosp,quantile,0.975,232.0,COVID-19
DE-HE,00+,2023-09-25,2023-09-14,-11 day ahead inc hosp,quantile,0.975,239.1,COVID-19
DE-HE,00+,2023-09-25,2023-09-13,-12 day ahead inc hosp,quantile,0.975,256.3,COVID-19
DE-HE,00+,2023-09-25,2023-09-12,-13 day ahead inc hosp,quantile,0.975,252.0,COVID-19
DE-HE,00+,2023-09-25,2023-09-11,-14 day ahead inc hosp,quantile,0.975,242.4,COVID-19
DE-HE,00+,2023-09-25,2023-09-10,-15 day ahead inc hosp,quantile,0.975,241.3,COVID-19
DE-HE,00+,2023-09-25,2023-09-09,-16 day ahead inc hosp,quantile,0.975,282.6,COVID-19
DE-HE,00+,2023-09-25,2023-09-08,-17 day ahead inc hosp,quantile,0.975,234.9,COVID-19
DE-HE,00+,2023-09-25,2023-09-07,-18 day ahead inc hosp,quantile,0.975,210.2,COVID-19
DE-HE,00+,2023-09-25,2023-09-06,-19 day ahead inc hosp,quantile,0.975,185.5,COVID-19
DE-HE,00+,2023-09-25,2023-09-05,-20 day ahead inc hosp,quantile,0.975,169.4,COVID-19
DE-HE,00+,2023-09-25,2023-09-04,-21 day ahead inc hosp,quantile,0.975,152.3,COVID-19
DE-HE,00+,2023-09-25,2023-09-03,-22 day ahead inc hosp,quantile,0.975,150.1,COVID-19
DE-HE,00+,2023-09-25,2023-09-02,-23 day ahead inc hosp,quantile,0.975,148.0,COVID-19
DE-HE,00+,2023-09-25,2023-09-01,-24 day ahead inc hosp,quantile,0.975,142.6,COVID-19
DE-HE,00+,2023-09-25,2023-08-31,-25 day ahead inc hosp,quantile,0.975,152.3,COVID-19
DE-HE,00+,2023-09-25,2023-08-30,-26 day ahead inc hosp,quantile,0.975,140.5,COVID-19
DE-HE,00+,2023-09-25,2023-08-29,-27 day ahead inc hosp,quantile,0.975,141.6,COVID-19
DE-HE,00+,2023-09-25,2023-08-28,-28 day ahead inc hosp,quantile,0.975,141.6,COVID-19
DE-HH,00+,2023-09-25,2023-09-25,0 day ahead inc hosp,mean,,100.5,COVID-19
DE-HH,00+,2023-09-25,2023-09-24,-1 day ahead inc hosp,mean,,100.5,COVID-19
DE-HH,00+,2023-09-25,2023-09-23,-2 day ahead inc hosp,mean,,100.5,COVID-19
DE-HH,00+,2023-09-25,2023-09-22,-3 day ahead inc hosp,mean,,101.6,COVID-19
DE-HH,00+,2023-09-25,2023-09-21,-4 day ahead inc hosp,mean,,73.7,COVID-19
DE-HH,00+,2023-09-25,2023-09-20,-5 day ahead inc hosp,mean,,70.4,COVID-19
DE-HH,00+,2023-09-25,2023-09-19,-6 day ahead inc hosp,mean,,68.5,COVID-19
DE-HH,00+,2023-09-25,2023-09-18,-7 day ahead inc hosp,mean,,85.7,COVID-19
DE-HH,00+,2023-09-25,2023-09-17,-8 day ahead inc hosp,mean,,85.7,COVID-19
DE-HH,00+,2023-09-25,2023-09-16,-9 day ahead inc hosp,mean,,85.7,COVID-19
DE-HH,00+,2023-09-25,2023-09-15,-10 day ahead inc hosp,mean,,92.2,COVID-19
DE-HH,00+,2023-09-25,2023-09-14,-11 day ahead inc hosp,mean,,93.4,COVID-19
DE-HH,00+,2023-09-25,2023-09-13,-12 day ahead inc hosp,mean,,87.8,COVID-19
DE-HH,00+,2023-09-25,2023-09-12,-13 day ahead inc hosp,mean,,89.6,COVID-19
DE-HH,00+,2023-09-25,2023-09-11,-14 day ahead inc hosp,mean,,73.2,COVID-19
DE-HH,00+,2023-09-25,2023-09-10,-15 day ahead inc hosp,mean,,73.2,COVID-19
DE-HH,00+,2023-09-25,2023-09-09,-16 day ahead inc hosp,mean,,73.2,COVID-19
DE-HH,00+,2023-09-25,2023-09-08,-17 day ahead inc hosp,mean,,60.1,COVID-19
DE-HH,00+,2023-09-25,2023-09-07,-18 day ahead inc hosp,mean,,60.1,COVID-19
DE-HH,00+,2023-09-25,2023-09-06,-19 day ahead inc hosp,mean,,60.0,COVID-19
DE-HH,00+,2023-09-25,2023-09-05,-20 day ahead inc hosp,mean,,50.0,COVID-19
DE-HH,00+,2023-09-25,2023-09-04,-21 day ahead inc hosp,mean,,56.0,COVID-19
DE-HH,00+,2023-09-25,2023-09-03,-22 day ahead inc hosp,mean,,56.0,COVID-19
DE-HH,00+,2023-09-25,2023-09-02,-23 day ahead inc hosp,mean,,56.0,COVID-19
DE-HH,00+,2023-09-25,2023-09-01,-24 day ahead inc hosp,mean,,54.0,COVID-19
DE-HH,00+,2023-09-25,2023-08-31,-25 day ahead inc hosp,mean,,58.0,COVID-19
DE-HH,00+,2023-09-25,2023-08-30,-26 day ahead inc hosp,mean,,57.0,COVID-19
DE-HH,00+,2023-09-25,2023-08-29,-27 day ahead inc hosp,mean,,66.0,COVID-19
DE-HH,00+,2023-09-25,2023-08-28,-28 day ahead inc hosp,mean,,50.0,COVID-19
DE-HH,00+,2023-09-25,2023-09-25,0 day ahead inc hosp,quantile,0.025,67.3532868040903,COVID-19
DE-HH,00+,2023-09-25,2023-09-24,-1 day ahead inc hosp,quantile,0.025,76.0108108108108,COVID-19
DE-HH,00+,2023-09-25,2023-09-23,-2 day ahead inc hosp,quantile,0.025,75.9726001863933,COVID-19
DE-HH,00+,2023-09-25,2023-09-22,-3 day ahead inc hosp,quantile,0.025,65.7987804878049,COVID-19
DE-HH,00+,2023-09-25,2023-09-21,-4 day ahead inc hosp,quantile,0.025,61.0701219512195,COVID-19
DE-HH,00+,2023-09-25,2023-09-20,-5 day ahead inc hosp,quantile,0.025,63.087441619097,COVID-19
DE-HH,00+,2023-09-25,2023-09-19,-6 day ahead inc hosp,quantile,0.025,64.3895348837209,COVID-19
DE-HH,00+,2023-09-25,2023-09-18,-7 day ahead inc hosp,quantile,0.025,83.0,COVID-19
DE-HH,00+,2023-09-25,2023-09-17,-8 day ahead inc hosp,quantile,0.025,83.0,COVID-19
DE-HH,00+,2023-09-25,2023-09-16,-9 day ahead inc hosp,quantile,0.025,83.0,COVID-19
DE-HH,00+,2023-09-25,2023-09-15,-10 day ahead inc hosp,quantile,0.025,90.0,COVID-19
DE-HH,00+,2023-09-25,2023-09-14,-11 day ahead inc hosp,quantile,0.025,92.0,COVID-19
DE-HH,00+,2023-09-25,2023-09-13,-12 day ahead inc hosp,quantile,0.025,87.0,COVID-19
DE-HH,00+,2023-09-25,2023-09-12,-13 day ahead inc hosp,quantile,0.025,89.0,COVID-19
DE-HH,00+,2023-09-25,2023-09-11,-14 day ahead inc hosp,quantile,0.025,73.0,COVID-19
DE-HH,00+,2023-09-25,2023-09-10,-15 day ahead inc hosp,quantile,0.025,73.0,COVID-19
DE-HH,00+,2023-09-25,2023-09-09,-16 day ahead inc hosp,quantile,0.025,73.0,COVID-19
DE-HH,00+,2023-09-25,2023-09-08,-17 day ahead inc hosp,quantile,0.025,60.0,COVID-19
DE-HH,00+,2023-09-25,2023-09-07,-18 day ahead inc hosp,quantile,0.025,60.0,COVID-19
DE-HH,00+,2023-09-25,2023-09-06,-19 day ahead inc hosp,quantile,0.025,60.0,COVID-19
DE-HH,00+,2023-09-25,2023-09-05,-20 day ahead inc hosp,quantile,0.025,50.0,COVID-19
DE-HH,00+,2023-09-25,2023-09-04,-21 day ahead inc hosp,quantile,0.025,56.0,COVID-19
DE-HH,00+,2023-09-25,2023-09-03,-22 day ahead inc hosp,quantile,0.025,56.0,COVID-19
DE-HH,00+,2023-09-25,2023-09-02,-23 day ahead inc hosp,quantile,0.025,56.0,COVID-19
DE-HH,00+,2023-09-25,2023-09-01,-24 day ahead inc hosp,quantile,0.025,54.0,COVID-19
DE-HH,00+,2023-09-25,2023-08-31,-25 day ahead inc hosp,quantile,0.025,58.0,COVID-19
DE-HH,00+,2023-09-25,2023-08-30,-26 day ahead inc hosp,quantile,0.025,57.0,COVID-19
DE-HH,00+,2023-09-25,2023-08-29,-27 day ahead inc hosp,quantile,0.025,66.0,COVID-19
DE-HH,00+,2023-09-25,2023-08-28,-28 day ahead inc hosp,quantile,0.025,50.0,COVID-19
DE-HH,00+,2023-09-25,2023-09-25,0 day ahead inc hosp,quantile,0.1,81.7211538461538,COVID-19
DE-HH,00+,2023-09-25,2023-09-24,-1 day ahead inc hosp,quantile,0.1,86.9745762711864,COVID-19
DE-HH,00+,2023-09-25,2023-09-23,-2 day ahead inc hosp,quantile,0.1,87.0,COVID-19
DE-HH,00+,2023-09-25,2023-09-22,-3 day ahead inc hosp,quantile,0.1,89.0,COVID-19
DE-HH,00+,2023-09-25,2023-09-21,-4 day ahead inc hosp,quantile,0.1,68.0,COVID-19
DE-HH,00+,2023-09-25,2023-09-20,-5 day ahead inc hosp,quantile,0.1,67.0,COVID-19
DE-HH,00+,2023-09-25,2023-09-19,-6 day ahead inc hosp,quantile,0.1,66.0,COVID-19
DE-HH,00+,2023-09-25,2023-09-18,-7 day ahead inc hosp,quantile,0.1,84.0,COVID-19
DE-HH,00+,2023-09-25,2023-09-17,-8 day ahead inc hosp,quantile,0.1,84.0,COVID-19
DE-HH,00+,2023-09-25,2023-09-16,-9 day ahead inc hosp,quantile,0.1,84.0,COVID-19
DE-HH,00+,2023-09-25,2023-09-15,-10 day ahead inc hosp,quantile,0.1,91.0,COVID-19
DE-HH,00+,2023-09-25,2023-09-14,-11 day ahead inc hosp,quantile,0.1,92.0,COVID-19
DE-HH,00+,2023-09-25,2023-09-13,-12 day ahead inc hosp,quantile,0.1,87.0,COVID-19
DE-HH,00+,2023-09-25,2023-09-12,-13 day ahead inc hosp,quantile,0.1,89.0,COVID-19
DE-HH,00+,2023-09-25,2023-09-11,-14 day ahead inc hosp,quantile,0.1,73.0,COVID-19
DE-HH,00+,2023-09-25,2023-09-10,-15 day ahead inc hosp,quantile,0.1,73.0,COVID-19
DE-HH,00+,2023-09-25,2023-09-09,-16 day ahead inc hosp,quantile,0.1,73.0,COVID-19
DE-HH,00+,2023-09-25,2023-09-08,-17 day ahead inc hosp,quantile,0.1,60.0,COVID-19
DE-HH,00+,2023-09-25,2023-09-07,-18 day ahead inc hosp,quantile,0.1,60.0,COVID-19
DE-HH,00+,2023-09-25,2023-09-06,-19 day ahead inc hosp,quantile,0.1,60.0,COVID-19
DE-HH,00+,2023-09-25,2023-09-05,-20 day ahead inc hosp,quantile,0.1,50.0,COVID-19
DE-HH,00+,2023-09-25,2023-09-04,-21 day ahead inc hosp,quantile,0.1,56.0,COVID-19
DE-HH,00+,2023-09-25,2023-09-03,-22 day ahead inc hosp,quantile,0.1,56.0,COVID-19
DE-HH,00+,2023-09-25,2023-09-02,-23 day ahead inc hosp,quantile,0.1,56.0,COVID-19
DE-HH,00+,2023-09-25,2023-09-01,-24 day ahead inc hosp,quantile,0.1,54.0,COVID-19
DE-HH,00+,2023-09-25,2023-08-31,-25 day ahead inc hosp,quantile,0.1,58.0,COVID-19
DE-HH,00+,2023-09-25,2023-08-30,-26 day ahead inc hosp,quantile,0.1,57.0,COVID-19
DE-HH,00+,2023-09-25,2023-08-29,-27 day ahead inc hosp,quantile,0.1,66.0,COVID-19
DE-HH,00+,2023-09-25,2023-08-28,-28 day ahead inc hosp,quantile,0.1,50.0,COVID-19
DE-HH,00+,2023-09-25,2023-09-25,0 day ahead inc hosp,quantile,0.25,91.5625,COVID-19
DE-HH,00+,2023-09-25,2023-09-24,-1 day ahead inc hosp,quantile,0.25,91.9444444444444,COVID-19
DE-HH,00+,2023-09-25,2023-09-23,-2 day ahead inc hosp,quantile,0.25,95.0,COVID-19
DE-HH,00+,2023-09-25,2023-09-22,-3 day ahead inc hosp,quantile,0.25,96.0,COVID-19
DE-HH,00+,2023-09-25,2023-09-21,-4 day ahead inc hosp,quantile,0.25,71.4333333333333,COVID-19
DE-HH,00+,2023-09-25,2023-09-20,-5 day ahead inc hosp,quantile,0.25,69.0,COVID-19
DE-HH,00+,2023-09-25,2023-09-19,-6 day ahead inc hosp,quantile,0.25,68.0,COVID-19
DE-HH,00+,2023-09-25,2023-09-18,-7 day ahead inc hosp,quantile,0.25,85.0,COVID-19
DE-HH,00+,2023-09-25,2023-09-17,-8 day ahead inc hosp,quantile,0.25,85.0,COVID-19
DE-HH,00+,2023-09-25,2023-09-16,-9 day ahead inc hosp,quantile,0.25,85.0,COVID-19
DE-HH,00+,2023-09-25,2023-09-15,-10 day ahead inc hosp,quantile,0.25,91.0,COVID-19
DE-HH,00+,2023-09-25,2023-09-14,-11 day ahead inc hosp,quantile,0.25,93.0,COVID-19
DE-HH,00+,2023-09-25,2023-09-13,-12 day ahead inc hosp,quantile,0.25,87.0,COVID-19
DE-HH,00+,2023-09-25,2023-09-12,-13 day ahead inc hosp,quantile,0.25,89.0,COVID-19
DE-HH,00+,2023-09-25,2023-09-11,-14 day ahead inc hosp,quantile,0.25,73.0,COVID-19
DE-HH,00+,2023-09-25,2023-09-10,-15 day ahead inc hosp,quantile,0.25,73.0,COVID-19
DE-HH,00+,2023-09-25,2023-09-09,-16 day ahead inc hosp,quantile,0.25,73.0,COVID-19
DE-HH,00+,2023-09-25,2023-09-08,-17 day ahead inc hosp,quantile,0.25,60.0,COVID-19
DE-HH,00+,2023-09-25,2023-09-07,-18 day ahead inc hosp,quantile,0.25,60.0,COVID-19
DE-HH,00+,2023-09-25,2023-09-06,-19 day ahead inc hosp,quantile,0.25,60.0,COVID-19
DE-HH,00+,2023-09-25,2023-09-05,-20 day ahead inc hosp,quantile,0.25,50.0,COVID-19
DE-HH,00+,2023-09-25,2023-09-04,-21 day ahead inc hosp,quantile,0.25,56.0,COVID-19
DE-HH,00+,2023-09-25,2023-09-03,-22 day ahead inc hosp,quantile,0.25,56.0,COVID-19
DE-HH,00+,2023-09-25,2023-09-02,-23 day ahead inc hosp,quantile,0.25,56.0,COVID-19
DE-HH,00+,2023-09-25,2023-09-01,-24 day ahead inc hosp,quantile,0.25,54.0,COVID-19
DE-HH,00+,2023-09-25,2023-08-31,-25 day ahead inc hosp,quantile,0.25,58.0,COVID-19
DE-HH,00+,2023-09-25,2023-08-30,-26 day ahead inc hosp,quantile,0.25,57.0,COVID-19
DE-HH,00+,2023-09-25,2023-08-29,-27 day ahead inc hosp,quantile,0.25,66.0,COVID-19
DE-HH,00+,2023-09-25,2023-08-28,-28 day ahead inc hosp,quantile,0.25,50.0,COVID-19
DE-HH,00+,2023-09-25,2023-09-25,0 day ahead inc hosp,quantile,0.5,105.0,COVID-19
DE-HH,00+,2023-09-25,2023-09-24,-1 day ahead inc hosp,quantile,0.5,105.0,COVID-19
DE-HH,00+,2023-09-25,2023-09-23,-2 day ahead inc hosp,quantile,0.5,105.0,COVID-19
DE-HH,00+,2023-09-25,2023-09-22,-3 day ahead inc hosp,quantile,0.5,106.0,COVID-19
DE-HH,00+,2023-09-25,2023-09-21,-4 day ahead inc hosp,quantile,0.5,76.0,COVID-19
DE-HH,00+,2023-09-25,2023-09-20,-5 day ahead inc hosp,quantile,0.5,72.0,COVID-19
DE-HH,00+,2023-09-25,2023-09-19,-6 day ahead inc hosp,quantile,0.5,70.0,COVID-19
DE-HH,00+,2023-09-25,2023-09-18,-7 day ahead inc hosp,quantile,0.5,87.0,COVID-19
DE-HH,00+,2023-09-25,2023-09-17,-8 day ahead inc hosp,quantile,0.5,87.0,COVID-19
DE-HH,00+,2023-09-25,2023-09-16,-9 day ahead inc hosp,quantile,0.5,87.0,COVID-19
DE-HH,00+,2023-09-25,2023-09-15,-10 day ahead inc hosp,quantile,0.5,93.0,COVID-19
DE-HH,00+,2023-09-25,2023-09-14,-11 day ahead inc hosp,quantile,0.5,94.0,COVID-19
DE-HH,00+,2023-09-25,2023-09-13,-12 day ahead inc hosp,quantile,0.5,88.0,COVID-19
DE-HH,00+,2023-09-25,2023-09-12,-13 day ahead inc hosp,quantile,0.5,90.0,COVID-19
DE-HH,00+,2023-09-25,2023-09-11,-14 day ahead inc hosp,quantile,0.5,73.0,COVID-19
DE-HH,00+,2023-09-25,2023-09-10,-15 day ahead inc hosp,quantile,0.5,73.0,COVID-19
DE-HH,00+,2023-09-25,2023-09-09,-16 day ahead inc hosp,quantile,0.5,73.0,COVID-19
DE-HH,00+,2023-09-25,2023-09-08,-17 day ahead inc hosp,quantile,0.5,60.0,COVID-19
DE-HH,00+,2023-09-25,2023-09-07,-18 day ahead inc hosp,quantile,0.5,60.0,COVID-19
DE-HH,00+,2023-09-25,2023-09-06,-19 day ahead inc hosp,quantile,0.5,60.0,COVID-19
DE-HH,00+,2023-09-25,2023-09-05,-20 day ahead inc hosp,quantile,0.5,50.0,COVID-19
DE-HH,00+,2023-09-25,2023-09-04,-21 day ahead inc hosp,quantile,0.5,56.0,COVID-19
DE-HH,00+,2023-09-25,2023-09-03,-22 day ahead inc hosp,quantile,0.5,56.0,COVID-19
DE-HH,00+,2023-09-25,2023-09-02,-23 day ahead inc hosp,quantile,0.5,56.0,COVID-19
DE-HH,00+,2023-09-25,2023-09-01,-24 day ahead inc hosp,quantile,0.5,54.0,COVID-19
DE-HH,00+,2023-09-25,2023-08-31,-25 day ahead inc hosp,quantile,0.5,58.0,COVID-19
DE-HH,00+,2023-09-25,2023-08-30,-26 day ahead inc hosp,quantile,0.5,57.0,COVID-19
DE-HH,00+,2023-09-25,2023-08-29,-27 day ahead inc hosp,quantile,0.5,66.0,COVID-19
DE-HH,00+,2023-09-25,2023-08-28,-28 day ahead inc hosp,quantile,0.5,50.0,COVID-19
DE-HH,00+,2023-09-25,2023-09-25,0 day ahead inc hosp,quantile,0.75,139.5,COVID-19
DE-HH,00+,2023-09-25,2023-09-24,-1 day ahead inc hosp,quantile,0.75,139.5,COVID-19
DE-HH,00+,2023-09-25,2023-09-23,-2 day ahead inc hosp,quantile,0.75,120.0,COVID-19
DE-HH,00+,2023-09-25,2023-09-22,-3 day ahead inc hosp,quantile,0.75,119.0,COVID-19
DE-HH,00+,2023-09-25,2023-09-21,-4 day ahead inc hosp,quantile,0.75,90.3,COVID-19
DE-HH,00+,2023-09-25,2023-09-20,-5 day ahead inc hosp,quantile,0.75,76.0,COVID-19
DE-HH,00+,2023-09-25,2023-09-19,-6 day ahead inc hosp,quantile,0.75,72.0,COVID-19
DE-HH,00+,2023-09-25,2023-09-18,-7 day ahead inc hosp,quantile,0.75,89.0,COVID-19
DE-HH,00+,2023-09-25,2023-09-17,-8 day ahead inc hosp,quantile,0.75,89.0,COVID-19
DE-HH,00+,2023-09-25,2023-09-16,-9 day ahead inc hosp,quantile,0.75,89.0,COVID-19
DE-HH,00+,2023-09-25,2023-09-15,-10 day ahead inc hosp,quantile,0.75,95.0,COVID-19
DE-HH,00+,2023-09-25,2023-09-14,-11 day ahead inc hosp,quantile,0.75,96.0,COVID-19
DE-HH,00+,2023-09-25,2023-09-13,-12 day ahead inc hosp,quantile,0.75,89.0,COVID-19
DE-HH,00+,2023-09-25,2023-09-12,-13 day ahead inc hosp,quantile,0.75,91.0,COVID-19
DE-HH,00+,2023-09-25,2023-09-11,-14 day ahead inc hosp,quantile,0.75,74.0,COVID-19
DE-HH,00+,2023-09-25,2023-09-10,-15 day ahead inc hosp,quantile,0.75,74.0,COVID-19
DE-HH,00+,2023-09-25,2023-09-09,-16 day ahead inc hosp,quantile,0.75,74.0,COVID-19
DE-HH,00+,2023-09-25,2023-09-08,-17 day ahead inc hosp,quantile,0.75,61.0,COVID-19
DE-HH,00+,2023-09-25,2023-09-07,-18 day ahead inc hosp,quantile,0.75,61.0,COVID-19
DE-HH,00+,2023-09-25,2023-09-06,-19 day ahead inc hosp,quantile,0.75,60.0,COVID-19
DE-HH,00+,2023-09-25,2023-09-05,-20 day ahead inc hosp,quantile,0.75,50.0,COVID-19
DE-HH,00+,2023-09-25,2023-09-04,-21 day ahead inc hosp,quantile,0.75,56.0,COVID-19
DE-HH,00+,2023-09-25,2023-09-03,-22 day ahead inc hosp,quantile,0.75,56.0,COVID-19
DE-HH,00+,2023-09-25,2023-09-02,-23 day ahead inc hosp,quantile,0.75,56.0,COVID-19
DE-HH,00+,2023-09-25,2023-09-01,-24 day ahead inc hosp,quantile,0.75,54.0,COVID-19
DE-HH,00+,2023-09-25,2023-08-31,-25 day ahead inc hosp,quantile,0.75,58.0,COVID-19
DE-HH,00+,2023-09-25,2023-08-30,-26 day ahead inc hosp,quantile,0.75,57.0,COVID-19
DE-HH,00+,2023-09-25,2023-08-29,-27 day ahead inc hosp,quantile,0.75,66.0,COVID-19
DE-HH,00+,2023-09-25,2023-08-28,-28 day ahead inc hosp,quantile,0.75,50.0,COVID-19
DE-HH,00+,2023-09-25,2023-09-25,0 day ahead inc hosp,quantile,0.9,179.5,COVID-19
DE-HH,00+,2023-09-25,2023-09-24,-1 day ahead inc hosp,quantile,0.9,179.5,COVID-19
DE-HH,00+,2023-09-25,2023-09-23,-2 day ahead inc hosp,quantile,0.9,140.0,COVID-19
DE-HH,00+,2023-09-25,2023-09-22,-3 day ahead inc hosp,quantile,0.9,138.0,COVID-19
DE-HH,00+,2023-09-25,2023-09-21,-4 day ahead inc hosp,quantile,0.9,91.0,COVID-19
DE-HH,00+,2023-09-25,2023-09-20,-5 day ahead inc hosp,quantile,0.9,82.0,COVID-19
DE-HH,00+,2023-09-25,2023-09-19,-6 day ahead inc hosp,quantile,0.9,77.0,COVID-19
DE-HH,00+,2023-09-25,2023-09-18,-7 day ahead inc hosp,quantile,0.9,94.0,COVID-19
DE-HH,00+,2023-09-25,2023-09-17,-8 day ahead inc hosp,quantile,0.9,94.0,COVID-19
DE-HH,00+,2023-09-25,2023-09-16,-9 day ahead inc hosp,quantile,0.9,94.0,COVID-19
DE-HH,00+,2023-09-25,2023-09-15,-10 day ahead inc hosp,quantile,0.9,101.0,COVID-19
DE-HH,00+,2023-09-25,2023-09-14,-11 day ahead inc hosp,quantile,0.9,101.0,COVID-19
DE-HH,00+,2023-09-25,2023-09-13,-12 day ahead inc hosp,quantile,0.9,93.0,COVID-19
DE-HH,00+,2023-09-25,2023-09-12,-13 day ahead inc hosp,quantile,0.9,95.0,COVID-19
DE-HH,00+,2023-09-25,2023-09-11,-14 day ahead inc hosp,quantile,0.9,77.0,COVID-19
DE-HH,00+,2023-09-25,2023-09-10,-15 day ahead inc hosp,quantile,0.9,77.0,COVID-19
DE-HH,00+,2023-09-25,2023-09-09,-16 day ahead inc hosp,quantile,0.9,77.0,COVID-19
DE-HH,00+,2023-09-25,2023-09-08,-17 day ahead inc hosp,quantile,0.9,64.0,COVID-19
DE-HH,00+,2023-09-25,2023-09-07,-18 day ahead inc hosp,quantile,0.9,63.0,COVID-19
DE-HH,00+,2023-09-25,2023-09-06,-19 day ahead inc hosp,quantile,0.9,64.0,COVID-19
DE-HH,00+,2023-09-25,2023-09-05,-20 day ahead inc hosp,quantile,0.9,54.0,COVID-19
DE-HH,00+,2023-09-25,2023-09-04,-21 day ahead inc hosp,quantile,0.9,60.0,COVID-19
DE-HH,00+,2023-09-25,2023-09-03,-22 day ahead inc hosp,quantile,0.9,58.0,COVID-19
DE-HH,00+,2023-09-25,2023-09-02,-23 day ahead inc hosp,quantile,0.9,58.0,COVID-19
DE-HH,00+,2023-09-25,2023-09-01,-24 day ahead inc hosp,quantile,0.9,55.0,COVID-19
DE-HH,00+,2023-09-25,2023-08-31,-25 day ahead inc hosp,quantile,0.9,59.0,COVID-19
DE-HH,00+,2023-09-25,2023-08-30,-26 day ahead inc hosp,quantile,0.9,58.0,COVID-19
DE-HH,00+,2023-09-25,2023-08-29,-27 day ahead inc hosp,quantile,0.9,67.0,COVID-19
DE-HH,00+,2023-09-25,2023-08-28,-28 day ahead inc hosp,quantile,0.9,50.0,COVID-19
DE-HH,00+,2023-09-25,2023-09-25,0 day ahead inc hosp,quantile,0.975,246.3,COVID-19
DE-HH,00+,2023-09-25,2023-09-24,-1 day ahead inc hosp,quantile,0.975,246.3,COVID-19
DE-HH,00+,2023-09-25,2023-09-23,-2 day ahead inc hosp,quantile,0.975,246.3,COVID-19
DE-HH,00+,2023-09-25,2023-09-22,-3 day ahead inc hosp,quantile,0.975,240.4,COVID-19
DE-HH,00+,2023-09-25,2023-09-21,-4 day ahead inc hosp,quantile,0.975,151.7,COVID-19
DE-HH,00+,2023-09-25,2023-09-20,-5 day ahead inc hosp,quantile,0.975,131.2,COVID-19
DE-HH,00+,2023-09-25,2023-09-19,-6 day ahead inc hosp,quantile,0.975,122.3,COVID-19
DE-HH,00+,2023-09-25,2023-09-18,-7 day ahead inc hosp,quantile,0.975,145.9,COVID-19
DE-HH,00+,2023-09-25,2023-09-17,-8 day ahead inc hosp,quantile,0.975,115.8,COVID-19
DE-HH,00+,2023-09-25,2023-09-16,-9 day ahead inc hosp,quantile,0.975,115.8,COVID-19
DE-HH,00+,2023-09-25,2023-09-15,-10 day ahead inc hosp,quantile,0.975,154.4,COVID-19
DE-HH,00+,2023-09-25,2023-09-14,-11 day ahead inc hosp,quantile,0.975,149.0,COVID-19
DE-HH,00+,2023-09-25,2023-09-13,-12 day ahead inc hosp,quantile,0.975,133.2,COVID-19
DE-HH,00+,2023-09-25,2023-09-12,-13 day ahead inc hosp,quantile,0.975,135.6,COVID-19
DE-HH,00+,2023-09-25,2023-09-11,-14 day ahead inc hosp,quantile,0.975,109.6,COVID-19
DE-HH,00+,2023-09-25,2023-09-10,-15 day ahead inc hosp,quantile,0.975,109.6,COVID-19
DE-HH,00+,2023-09-25,2023-09-09,-16 day ahead inc hosp,quantile,0.975,109.6,COVID-19
DE-HH,00+,2023-09-25,2023-09-08,-17 day ahead inc hosp,quantile,0.975,92.1,COVID-19
DE-HH,00+,2023-09-25,2023-09-07,-18 day ahead inc hosp,quantile,0.975,85.7,COVID-19
DE-HH,00+,2023-09-25,2023-09-06,-19 day ahead inc hosp,quantile,0.975,83.8,COVID-19
DE-HH,00+,2023-09-25,2023-09-05,-20 day ahead inc hosp,quantile,0.975,70.2,COVID-19
DE-HH,00+,2023-09-25,2023-09-04,-21 day ahead inc hosp,quantile,0.975,77.0,COVID-19
DE-HH,00+,2023-09-25,2023-09-03,-22 day ahead inc hosp,quantile,0.975,77.0,COVID-19
DE-HH,00+,2023-09-25,2023-09-02,-23 day ahead inc hosp,quantile,0.975,77.0,COVID-19
DE-HH,00+,2023-09-25,2023-09-01,-24 day ahead inc hosp,quantile,0.975,74.6,COVID-19
DE-HH,00+,2023-09-25,2023-08-31,-25 day ahead inc hosp,quantile,0.975,79.2,COVID-19
DE-HH,00+,2023-09-25,2023-08-30,-26 day ahead inc hosp,quantile,0.975,73.8,COVID-19
DE-HH,00+,2023-09-25,2023-08-29,-27 day ahead inc hosp,quantile,0.975,82.0,COVID-19
DE-HH,00+,2023-09-25,2023-08-28,-28 day ahead inc hosp,quantile,0.975,59.4,COVID-19
DE-NI,00+,2023-09-25,2023-09-25,0 day ahead inc hosp,mean,,129.7,COVID-19
DE-NI,00+,2023-09-25,2023-09-24,-1 day ahead inc hosp,mean,,136.2,COVID-19
DE-NI,00+,2023-09-25,2023-09-23,-2 day ahead inc hosp,mean,,147.0,COVID-19
DE-NI,00+,2023-09-25,2023-09-22,-3 day ahead inc hosp,mean,,165.7,COVID-19
DE-NI,00+,2023-09-25,2023-09-21,-4 day ahead inc hosp,mean,,147.2,COVID-19
DE-NI,00+,2023-09-25,2023-09-20,-5 day ahead inc hosp,mean,,133.4,COVID-19
DE-NI,00+,2023-09-25,2023-09-19,-6 day ahead inc hosp,mean,,129.8,COVID-19
DE-NI,00+,2023-09-25,2023-09-18,-7 day ahead inc hosp,mean,,133.0,COVID-19
DE-NI,00+,2023-09-25,2023-09-17,-8 day ahead inc hosp,mean,,132.0,COVID-19
DE-NI,00+,2023-09-25,2023-09-16,-9 day ahead inc hosp,mean,,123.6,COVID-19
DE-NI,00+,2023-09-25,2023-09-15,-10 day ahead inc hosp,mean,,132.6,COVID-19
DE-NI,00+,2023-09-25,2023-09-14,-11 day ahead inc hosp,mean,,158.0,COVID-19
DE-NI,00+,2023-09-25,2023-09-13,-12 day ahead inc hosp,mean,,165.8,COVID-19
DE-NI,00+,2023-09-25,2023-09-12,-13 day ahead inc hosp,mean,,156.8,COVID-19
DE-NI,00+,2023-09-25,2023-09-11,-14 day ahead inc hosp,mean,,154.9,COVID-19
DE-NI,00+,2023-09-25,2023-09-10,-15 day ahead inc hosp,mean,,155.7,COVID-19
DE-NI,00+,2023-09-25,2023-09-09,-16 day ahead inc hosp,mean,,159.7,COVID-19
DE-NI,00+,2023-09-25,2023-09-08,-17 day ahead inc hosp,mean,,145.5,COVID-19
DE-NI,00+,2023-09-25,2023-09-07,-18 day ahead inc hosp,mean,,119.7,COVID-19
DE-NI,00+,2023-09-25,2023-09-06,-19 day ahead inc hosp,mean,,125.2,COVID-19
DE-NI,00+,2023-09-25,2023-09-05,-20 day ahead inc hosp,mean,,132.1,COVID-19
DE-NI,00+,2023-09-25,2023-09-04,-21 day ahead inc hosp,mean,,115.5,COVID-19
DE-NI,00+,2023-09-25,2023-09-03,-22 day ahead inc hosp,mean,,112.3,COVID-19
DE-NI,00+,2023-09-25,2023-09-02,-23 day ahead inc hosp,mean,,108.9,COVID-19
DE-NI,00+,2023-09-25,2023-09-01,-24 day ahead inc hosp,mean,,123.6,COVID-19
DE-NI,00+,2023-09-25,2023-08-31,-25 day ahead inc hosp,mean,,121.5,COVID-19
DE-NI,00+,2023-09-25,2023-08-30,-26 day ahead inc hosp,mean,,115.3,COVID-19
DE-NI,00+,2023-09-25,2023-08-29,-27 day ahead inc hosp,mean,,123.2,COVID-19
DE-NI,00+,2023-09-25,2023-08-28,-28 day ahead inc hosp,mean,,133.1,COVID-19
DE-NI,00+,2023-09-25,2023-09-25,0 day ahead inc hosp,quantile,0.025,109.657041232073,COVID-19
DE-NI,00+,2023-09-25,2023-09-24,-1 day ahead inc hosp,quantile,0.025,117.39812195122,COVID-19
DE-NI,00+,2023-09-25,2023-09-23,-2 day ahead inc hosp,quantile,0.025,127.491452991453,COVID-19
DE-NI,00+,2023-09-25,2023-09-22,-3 day ahead inc hosp,quantile,0.025,145.90645260883,COVID-19
DE-NI,00+,2023-09-25,2023-09-21,-4 day ahead inc hosp,quantile,0.025,132.579953379953,COVID-19
DE-NI,00+,2023-09-25,2023-09-20,-5 day ahead inc hosp,quantile,0.025,122.491978609626,COVID-19
DE-NI,00+,2023-09-25,2023-09-19,-6 day ahead inc hosp,quantile,0.025,121.113636363636,COVID-19
DE-NI,00+,2023-09-25,2023-09-18,-7 day ahead inc hosp,quantile,0.025,124.333333333333,COVID-19
DE-NI,00+,2023-09-25,2023-09-17,-8 day ahead inc hosp,quantile,0.025,124.242784380306,COVID-19
DE-NI,00+,2023-09-25,2023-09-16,-9 day ahead inc hosp,quantile,0.025,116.218181818182,COVID-19
DE-NI,00+,2023-09-25,2023-09-15,-10 day ahead inc hosp,quantile,0.025,127.361111111111,COVID-19
DE-NI,00+,2023-09-25,2023-09-14,-11 day ahead inc hosp,quantile,0.025,152.324324324324,COVID-19
DE-NI,00+,2023-09-25,2023-09-13,-12 day ahead inc hosp,quantile,0.025,159.494117647059,COVID-19
DE-NI,00+,2023-09-25,2023-09-12,-13 day ahead inc hosp,quantile,0.025,150.253968253968,COVID-19
DE-NI,00+,2023-09-25,2023-09-11,-14 day ahead inc hosp,quantile,0.025,150.390625,COVID-19
DE-NI,00+,2023-09-25,2023-09-10,-15 day ahead inc hosp,quantile,0.025,151.204824561404,COVID-19
DE-NI,00+,2023-09-25,2023-09-09,-16 day ahead inc hosp,quantile,0.025,154.696384803922,COVID-19
DE-NI,00+,2023-09-25,2023-09-08,-17 day ahead inc hosp,quantile,0.025,141.0,COVID-19
DE-NI,00+,2023-09-25,2023-09-07,-18 day ahead inc hosp,quantile,0.025,117.0,COVID-19
DE-NI,00+,2023-09-25,2023-09-06,-19 day ahead inc hosp,quantile,0.025,123.0,COVID-19
DE-NI,00+,2023-09-25,2023-09-05,-20 day ahead inc hosp,quantile,0.025,130.0,COVID-19
DE-NI,00+,2023-09-25,2023-09-04,-21 day ahead inc hosp,quantile,0.025,114.0,COVID-19
DE-NI,00+,2023-09-25,2023-09-03,-22 day ahead inc hosp,quantile,0.025,111.0,COVID-19
DE-NI,00+,2023-09-25,2023-09-02,-23 day ahead inc hosp,quantile,0.025,108.0,COVID-19
DE-NI,00+,2023-09-25,2023-09-01,-24 day ahead inc hosp,quantile,0.025,123.0,COVID-19
DE-NI,00+,2023-09-25,2023-08-31,-25 day ahead inc hosp,quantile,0.025,121.0,COVID-19
DE-NI,00+,2023-09-25,2023-08-30,-26 day ahead inc hosp,quantile,0.025,115.0,COVID-19
DE-NI,00+,2023-09-25,2023-08-29,-27 day ahead inc hosp,quantile,0.025,123.0,COVID-19
DE-NI,00+,2023-09-25,2023-08-28,-28 day ahead inc hosp,quantile,0.025,133.0,COVID-19
DE-NI,00+,2023-09-25,2023-09-25,0 day ahead inc hosp,quantile,0.1,116.550068965517,COVID-19
DE-NI,00+,2023-09-25,2023-09-24,-1 day ahead inc hosp,quantile,0.1,121.983143297381,COVID-19
DE-NI,00+,2023-09-25,2023-09-23,-2 day ahead inc hosp,quantile,0.1,132.258211382114,COVID-19
DE-NI,00+,2023-09-25,2023-09-22,-3 day ahead inc hosp,quantile,0.1,152.184210526316,COVID-19
DE-NI,00+,2023-09-25,2023-09-21,-4 day ahead inc hosp,quantile,0.1,140.0,COVID-19
DE-NI,00+,2023-09-25,2023-09-20,-5 day ahead inc hosp,quantile,0.1,127.052631578947,COVID-19
DE-NI,00+,2023-09-25,2023-09-19,-6 day ahead inc hosp,quantile,0.1,122.714285714286,COVID-19
DE-NI,00+,2023-09-25,2023-09-18,-7 day ahead inc hosp,quantile,0.1,127.333333333333,COVID-19
DE-NI,00+,2023-09-25,2023-09-17,-8 day ahead inc hosp,quantile,0.1,126.571428571429,COVID-19
DE-NI,00+,2023-09-25,2023-09-16,-9 day ahead inc hosp,quantile,0.1,118.758620689655,COVID-19
DE-NI,00+,2023-09-25,2023-09-15,-10 day ahead inc hosp,quantile,0.1,129.037037037037,COVID-19
DE-NI,00+,2023-09-25,2023-09-14,-11 day ahead inc hosp,quantile,0.1,153.965517241379,COVID-19
DE-NI,00+,2023-09-25,2023-09-13,-12 day ahead inc hosp,quantile,0.1,163.0,COVID-19
DE-NI,00+,2023-09-25,2023-09-12,-13 day ahead inc hosp,quantile,0.1,152.782608695652,COVID-19
DE-NI,00+,2023-09-25,2023-09-11,-14 day ahead inc hosp,quantile,0.1,150.473684210526,COVID-19
DE-NI,00+,2023-09-25,2023-09-10,-15 day ahead inc hosp,quantile,0.1,151.540540540541,COVID-19
DE-NI,00+,2023-09-25,2023-09-09,-16 day ahead inc hosp,quantile,0.1,155.92,COVID-19
DE-NI,00+,2023-09-25,2023-09-08,-17 day ahead inc hosp,quantile,0.1,141.913043478261,COVID-19
DE-NI,00+,2023-09-25,2023-09-07,-18 day ahead inc hosp,quantile,0.1,117.15,COVID-19
DE-NI,00+,2023-09-25,2023-09-06,-19 day ahead inc hosp,quantile,0.1,123.0,COVID-19
DE-NI,00+,2023-09-25,2023-09-05,-20 day ahead inc hosp,quantile,0.1,130.0,COVID-19
DE-NI,00+,2023-09-25,2023-09-04,-21 day ahead inc hosp,quantile,0.1,114.0,COVID-19
DE-NI,00+,2023-09-25,2023-09-03,-22 day ahead inc hosp,quantile,0.1,111.0,COVID-19
DE-NI,00+,2023-09-25,2023-09-02,-23 day ahead inc hosp,quantile,0.1,108.0,COVID-19
DE-NI,00+,2023-09-25,2023-09-01,-24 day ahead inc hosp,quantile,0.1,123.0,COVID-19
DE-NI,00+,2023-09-25,2023-08-31,-25 day ahead inc hosp,quantile,0.1,121.0,COVID-19
DE-NI,00+,2023-09-25,2023-08-30,-26 day ahead inc hosp,quantile,0.1,115.0,COVID-19
DE-NI,00+,2023-09-25,2023-08-29,-27 day ahead inc hosp,quantile,0.1,123.0,COVID-19
DE-NI,00+,2023-09-25,2023-08-28,-28 day ahead inc hosp,quantile,0.1,133.0,COVID-19
DE-NI,00+,2023-09-25,2023-09-25,0 day ahead inc hosp,quantile,0.25,119.25,COVID-19
DE-NI,00+,2023-09-25,2023-09-24,-1 day ahead inc hosp,quantile,0.25,128.786231884058,COVID-19
DE-NI,00+,2023-09-25,2023-09-23,-2 day ahead inc hosp,quantile,0.25,138.678571428571,COVID-19
DE-NI,00+,2023-09-25,2023-09-22,-3 day ahead inc hosp,quantile,0.25,157.964285714286,COVID-19
DE-NI,00+,2023-09-25,2023-09-21,-4 day ahead inc hosp,quantile,0.25,142.896551724138,COVID-19
DE-NI,00+,2023-09-25,2023-09-20,-5 day ahead inc hosp,quantile,0.25,129.736842105263,COVID-19
DE-NI,00+,2023-09-25,2023-09-19,-6 day ahead inc hosp,quantile,0.25,126.615384615385,COVID-19
DE-NI,00+,2023-09-25,2023-09-18,-7 day ahead inc hosp,quantile,0.25,129.461538461538,COVID-19
DE-NI,00+,2023-09-25,2023-09-17,-8 day ahead inc hosp,quantile,0.25,128.75,COVID-19
DE-NI,00+,2023-09-25,2023-09-16,-9 day ahead inc hosp,quantile,0.25,121.0,COVID-19
DE-NI,00+,2023-09-25,2023-09-15,-10 day ahead inc hosp,quantile,0.25,130.0,COVID-19
DE-NI,00+,2023-09-25,2023-09-14,-11 day ahead inc hosp,quantile,0.25,156.285714285714,COVID-19
DE-NI,00+,2023-09-25,2023-09-13,-12 day ahead inc hosp,quantile,0.25,164.466666666667,COVID-19
DE-NI,00+,2023-09-25,2023-09-12,-13 day ahead inc hosp,quantile,0.25,155.384615384615,COVID-19
DE-NI,00+,2023-09-25,2023-09-11,-14 day ahead inc hosp,quantile,0.25,153.25,COVID-19
DE-NI,00+,2023-09-25,2023-09-10,-15 day ahead inc hosp,quantile,0.25,154.363636363636,COVID-19
DE-NI,00+,2023-09-25,2023-09-09,-16 day ahead inc hosp,quantile,0.25,158.363636363636,COVID-19
DE-NI,00+,2023-09-25,2023-09-08,-17 day ahead inc hosp,quantile,0.25,144.615384615385,COVID-19
DE-NI,00+,2023-09-25,2023-09-07,-18 day ahead inc hosp,quantile,0.25,118.3,COVID-19
DE-NI,00+,2023-09-25,2023-09-06,-19 day ahead inc hosp,quantile,0.25,123.0,COVID-19
DE-NI,00+,2023-09-25,2023-09-05,-20 day ahead inc hosp,quantile,0.25,130.0,COVID-19
DE-NI,00+,2023-09-25,2023-09-04,-21 day ahead inc hosp,quantile,0.25,114.375,COVID-19
DE-NI,00+,2023-09-25,2023-09-03,-22 day ahead inc hosp,quantile,0.25,111.6,COVID-19
DE-NI,00+,2023-09-25,2023-09-02,-23 day ahead inc hosp,quantile,0.25,108.0,COVID-19
DE-NI,00+,2023-09-25,2023-09-01,-24 day ahead inc hosp,quantile,0.25,123.0,COVID-19
DE-NI,00+,2023-09-25,2023-08-31,-25 day ahead inc hosp,quantile,0.25,121.0,COVID-19
DE-NI,00+,2023-09-25,2023-08-30,-26 day ahead inc hosp,quantile,0.25,115.0,COVID-19
DE-NI,00+,2023-09-25,2023-08-29,-27 day ahead inc hosp,quantile,0.25,123.0,COVID-19
DE-NI,00+,2023-09-25,2023-08-28,-28 day ahead inc hosp,quantile,0.25,133.0,COVID-19
DE-NI,00+,2023-09-25,2023-09-25,0 day ahead inc hosp,quantile,0.5,131.0,COVID-19
DE-NI,00+,2023-09-25,2023-09-24,-1 day ahead inc hosp,quantile,0.5,137.0,COVID-19
DE-NI,00+,2023-09-25,2023-09-23,-2 day ahead inc hosp,quantile,0.5,149.0,COVID-19
DE-NI,00+,2023-09-25,2023-09-22,-3 day ahead inc hosp,quantile,0.5,167.0,COVID-19
DE-NI,00+,2023-09-25,2023-09-21,-4 day ahead inc hosp,quantile,0.5,149.0,COVID-19
DE-NI,00+,2023-09-25,2023-09-20,-5 day ahead inc hosp,quantile,0.5,135.0,COVID-19
DE-NI,00+,2023-09-25,2023-09-19,-6 day ahead inc hosp,quantile,0.5,131.0,COVID-19
DE-NI,00+,2023-09-25,2023-09-18,-7 day ahead inc hosp,quantile,0.5,134.0,COVID-19
DE-NI,00+,2023-09-25,2023-09-17,-8 day ahead inc hosp,quantile,0.5,133.0,COVID-19
DE-NI,00+,2023-09-25,2023-09-16,-9 day ahead inc hosp,quantile,0.5,125.0,COVID-19
DE-NI,00+,2023-09-25,2023-09-15,-10 day ahead inc hosp,quantile,0.5,134.0,COVID-19
DE-NI,00+,2023-09-25,2023-09-14,-11 day ahead inc hosp,quantile,0.5,159.0,COVID-19
DE-NI,00+,2023-09-25,2023-09-13,-12 day ahead inc hosp,quantile,0.5,167.0,COVID-19
DE-NI,00+,2023-09-25,2023-09-12,-13 day ahead inc hosp,quantile,0.5,158.0,COVID-19
DE-NI,00+,2023-09-25,2023-09-11,-14 day ahead inc hosp,quantile,0.5,156.0,COVID-19
DE-NI,00+,2023-09-25,2023-09-10,-15 day ahead inc hosp,quantile,0.5,157.0,COVID-19
DE-NI,00+,2023-09-25,2023-09-09,-16 day ahead inc hosp,quantile,0.5,161.0,COVID-19
DE-NI,00+,2023-09-25,2023-09-08,-17 day ahead inc hosp,quantile,0.5,147.0,COVID-19
DE-NI,00+,2023-09-25,2023-09-07,-18 day ahead inc hosp,quantile,0.5,120.0,COVID-19
DE-NI,00+,2023-09-25,2023-09-06,-19 day ahead inc hosp,quantile,0.5,126.0,COVID-19
DE-NI,00+,2023-09-25,2023-09-05,-20 day ahead inc hosp,quantile,0.5,133.0,COVID-19
DE-NI,00+,2023-09-25,2023-09-04,-21 day ahead inc hosp,quantile,0.5,116.0,COVID-19
DE-NI,00+,2023-09-25,2023-09-03,-22 day ahead inc hosp,quantile,0.5,113.0,COVID-19
DE-NI,00+,2023-09-25,2023-09-02,-23 day ahead inc hosp,quantile,0.5,109.0,COVID-19
DE-NI,00+,2023-09-25,2023-09-01,-24 day ahead inc hosp,quantile,0.5,124.0,COVID-19
DE-NI,00+,2023-09-25,2023-08-31,-25 day ahead inc hosp,quantile,0.5,122.0,COVID-19
DE-NI,00+,2023-09-25,2023-08-30,-26 day ahead inc hosp,quantile,0.5,115.0,COVID-19
DE-NI,00+,2023-09-25,2023-08-29,-27 day ahead inc hosp,quantile,0.5,123.0,COVID-19
DE-NI,00+,2023-09-25,2023-08-28,-28 day ahead inc hosp,quantile,0.5,133.0,COVID-19
DE-NI,00+,2023-09-25,2023-09-25,0 day ahead inc hosp,quantile,0.75,146.75,COVID-19
DE-NI,00+,2023-09-25,2023-09-24,-1 day ahead inc hosp,quantile,0.75,148.746376811594,COVID-19
DE-NI,00+,2023-09-25,2023-09-23,-2 day ahead inc hosp,quantile,0.75,160.869047619048,COVID-19
DE-NI,00+,2023-09-25,2023-09-22,-3 day ahead inc hosp,quantile,0.75,179.678571428571,COVID-19
DE-NI,00+,2023-09-25,2023-09-21,-4 day ahead inc hosp,quantile,0.75,162.8,COVID-19
DE-NI,00+,2023-09-25,2023-09-20,-5 day ahead inc hosp,quantile,0.75,146.6,COVID-19
DE-NI,00+,2023-09-25,2023-09-19,-6 day ahead inc hosp,quantile,0.75,142.2,COVID-19
DE-NI,00+,2023-09-25,2023-09-18,-7 day ahead inc hosp,quantile,0.75,145.0,COVID-19
DE-NI,00+,2023-09-25,2023-09-17,-8 day ahead inc hosp,quantile,0.75,144.0,COVID-19
DE-NI,00+,2023-09-25,2023-09-16,-9 day ahead inc hosp,quantile,0.75,132.4,COVID-19
DE-NI,00+,2023-09-25,2023-09-15,-10 day ahead inc hosp,quantile,0.75,141.4,COVID-19
DE-NI,00+,2023-09-25,2023-09-14,-11 day ahead inc hosp,quantile,0.75,168.0,COVID-19
DE-NI,00+,2023-09-25,2023-09-13,-12 day ahead inc hosp,quantile,0.75,176.2,COVID-19
DE-NI,00+,2023-09-25,2023-09-12,-13 day ahead inc hosp,quantile,0.75,167.2,COVID-19
DE-NI,00+,2023-09-25,2023-09-11,-14 day ahead inc hosp,quantile,0.75,163.1,COVID-19
DE-NI,00+,2023-09-25,2023-09-10,-15 day ahead inc hosp,quantile,0.75,164.3,COVID-19
DE-NI,00+,2023-09-25,2023-09-09,-16 day ahead inc hosp,quantile,0.75,168.3,COVID-19
DE-NI,00+,2023-09-25,2023-09-08,-17 day ahead inc hosp,quantile,0.75,152.5,COVID-19
DE-NI,00+,2023-09-25,2023-09-07,-18 day ahead inc hosp,quantile,0.75,126.3,COVID-19
DE-NI,00+,2023-09-25,2023-09-06,-19 day ahead inc hosp,quantile,0.75,130.8,COVID-19
DE-NI,00+,2023-09-25,2023-09-05,-20 day ahead inc hosp,quantile,0.75,137.9,COVID-19
DE-NI,00+,2023-09-25,2023-09-04,-21 day ahead inc hosp,quantile,0.75,120.5,COVID-19
DE-NI,00+,2023-09-25,2023-09-03,-22 day ahead inc hosp,quantile,0.75,117.7,COVID-19
DE-NI,00+,2023-09-25,2023-09-02,-23 day ahead inc hosp,quantile,0.75,113.1,COVID-19
DE-NI,00+,2023-09-25,2023-09-01,-24 day ahead inc hosp,quantile,0.75,128.4,COVID-19
DE-NI,00+,2023-09-25,2023-08-31,-25 day ahead inc hosp,quantile,0.75,126.5,COVID-19
DE-NI,00+,2023-09-25,2023-08-30,-26 day ahead inc hosp,quantile,0.75,118.7,COVID-19
DE-NI,00+,2023-09-25,2023-08-29,-27 day ahead inc hosp,quantile,0.75,125.0,COVID-19
DE-NI,00+,2023-09-25,2023-08-28,-28 day ahead inc hosp,quantile,0.75,134.0,COVID-19
DE-NI,00+,2023-09-25,2023-09-25,0 day ahead inc hosp,quantile,0.9,152.190068965517,COVID-19
DE-NI,00+,2023-09-25,2023-09-24,-1 day ahead inc hosp,quantile,0.9,162.149214175655,COVID-19
DE-NI,00+,2023-09-25,2023-09-23,-2 day ahead inc hosp,quantile,0.9,175.143414634146,COVID-19
DE-NI,00+,2023-09-25,2023-09-22,-3 day ahead inc hosp,quantile,0.9,210.3,COVID-19
DE-NI,00+,2023-09-25,2023-09-21,-4 day ahead inc hosp,quantile,0.9,164.0,COVID-19
DE-NI,00+,2023-09-25,2023-09-20,-5 day ahead inc hosp,quantile,0.9,162.6,COVID-19
DE-NI,00+,2023-09-25,2023-09-19,-6 day ahead inc hosp,quantile,0.9,158.2,COVID-19
DE-NI,00+,2023-09-25,2023-09-18,-7 day ahead inc hosp,quantile,0.9,159.0,COVID-19
DE-NI,00+,2023-09-25,2023-09-17,-8 day ahead inc hosp,quantile,0.9,158.0,COVID-19
DE-NI,00+,2023-09-25,2023-09-16,-9 day ahead inc hosp,quantile,0.9,144.4,COVID-19
DE-NI,00+,2023-09-25,2023-09-15,-10 day ahead inc hosp,quantile,0.9,155.4,COVID-19
DE-NI,00+,2023-09-25,2023-09-14,-11 day ahead inc hosp,quantile,0.9,184.0,COVID-19
DE-NI,00+,2023-09-25,2023-09-13,-12 day ahead inc hosp,quantile,0.9,178.0,COVID-19
DE-NI,00+,2023-09-25,2023-09-12,-13 day ahead inc hosp,quantile,0.9,181.2,COVID-19
DE-NI,00+,2023-09-25,2023-09-11,-14 day ahead inc hosp,quantile,0.9,179.1,COVID-19
DE-NI,00+,2023-09-25,2023-09-10,-15 day ahead inc hosp,quantile,0.9,178.3,COVID-19
DE-NI,00+,2023-09-25,2023-09-09,-16 day ahead inc hosp,quantile,0.9,184.3,COVID-19
DE-NI,00+,2023-09-25,2023-09-08,-17 day ahead inc hosp,quantile,0.9,166.5,COVID-19
DE-NI,00+,2023-09-25,2023-09-07,-18 day ahead inc hosp,quantile,0.9,136.3,COVID-19
DE-NI,00+,2023-09-25,2023-09-06,-19 day ahead inc hosp,quantile,0.9,146.8,COVID-19
DE-NI,00+,2023-09-25,2023-09-05,-20 day ahead inc hosp,quantile,0.9,153.9,COVID-19
DE-NI,00+,2023-09-25,2023-09-04,-21 day ahead inc hosp,quantile,0.9,136.5,COVID-19
DE-NI,00+,2023-09-25,2023-09-03,-22 day ahead inc hosp,quantile,0.9,133.7,COVID-19
DE-NI,00+,2023-09-25,2023-09-02,-23 day ahead inc hosp,quantile,0.9,129.1,COVID-19
DE-NI,00+,2023-09-25,2023-09-01,-24 day ahead inc hosp,quantile,0.9,146.6,COVID-19
DE-NI,00+,2023-09-25,2023-08-31,-25 day ahead inc hosp,quantile,0.9,142.5,COVID-19
DE-NI,00+,2023-09-25,2023-08-30,-26 day ahead inc hosp,quantile,0.9,130.7,COVID-19
DE-NI,00+,2023-09-25,2023-08-29,-27 day ahead inc hosp,quantile,0.9,131.0,COVID-19
DE-NI,00+,2023-09-25,2023-08-28,-28 day ahead inc hosp,quantile,0.9,141.0,COVID-19
DE-NI,00+,2023-09-25,2023-09-25,0 day ahead inc hosp,quantile,0.975,207.1,COVID-19
DE-NI,00+,2023-09-25,2023-09-24,-1 day ahead inc hosp,quantile,0.975,215.6,COVID-19
DE-NI,00+,2023-09-25,2023-09-23,-2 day ahead inc hosp,quantile,0.975,243.4,COVID-19
DE-NI,00+,2023-09-25,2023-09-22,-3 day ahead inc hosp,quantile,0.975,265.5,COVID-19
DE-NI,00+,2023-09-25,2023-09-21,-4 day ahead inc hosp,quantile,0.975,238.8,COVID-19
DE-NI,00+,2023-09-25,2023-09-20,-5 day ahead inc hosp,quantile,0.975,222.6,COVID-19
DE-NI,00+,2023-09-25,2023-09-19,-6 day ahead inc hosp,quantile,0.975,219.8,COVID-19
DE-NI,00+,2023-09-25,2023-09-18,-7 day ahead inc hosp,quantile,0.975,220.8,COVID-19
DE-NI,00+,2023-09-25,2023-09-17,-8 day ahead inc hosp,quantile,0.975,223.0,COVID-19
DE-NI,00+,2023-09-25,2023-09-16,-9 day ahead inc hosp,quantile,0.975,192.8,COVID-19
DE-NI,00+,2023-09-25,2023-09-15,-10 day ahead inc hosp,quantile,0.975,212.8,COVID-19
DE-NI,00+,2023-09-25,2023-09-14,-11 day ahead inc hosp,quantile,0.975,256.0,COVID-19
DE-NI,00+,2023-09-25,2023-09-13,-12 day ahead inc hosp,quantile,0.975,258.8,COVID-19
DE-NI,00+,2023-09-25,2023-09-12,-13 day ahead inc hosp,quantile,0.975,246.4,COVID-19
DE-NI,00+,2023-09-25,2023-09-11,-14 day ahead inc hosp,quantile,0.975,246.1,COVID-19
DE-NI,00+,2023-09-25,2023-09-10,-15 day ahead inc hosp,quantile,0.975,243.3,COVID-19
DE-NI,00+,2023-09-25,2023-09-09,-16 day ahead inc hosp,quantile,0.975,252.1,COVID-19
DE-NI,00+,2023-09-25,2023-09-08,-17 day ahead inc hosp,quantile,0.975,227.7,COVID-19
DE-NI,00+,2023-09-25,2023-09-07,-18 day ahead inc hosp,quantile,0.975,180.5,COVID-19
DE-NI,00+,2023-09-25,2023-09-06,-19 day ahead inc hosp,quantile,0.975,205.2,COVID-19
DE-NI,00+,2023-09-25,2023-09-05,-20 day ahead inc hosp,quantile,0.975,213.3,COVID-19
DE-NI,00+,2023-09-25,2023-09-04,-21 day ahead inc hosp,quantile,0.975,193.3,COVID-19
DE-NI,00+,2023-09-25,2023-09-03,-22 day ahead inc hosp,quantile,0.975,187.9,COVID-19
DE-NI,00+,2023-09-25,2023-09-02,-23 day ahead inc hosp,quantile,0.975,185.9,COVID-19
DE-NI,00+,2023-09-25,2023-09-01,-24 day ahead inc hosp,quantile,0.975,211.2,COVID-19
DE-NI,00+,2023-09-25,2023-08-31,-25 day ahead inc hosp,quantile,0.975,204.5,COVID-19
DE-NI,00+,2023-09-25,2023-08-30,-26 day ahead inc hosp,quantile,0.975,183.9,COVID-19
DE-NI,00+,2023-09-25,2023-08-29,-27 day ahead inc hosp,quantile,0.975,192.0,COVID-19
DE-NI,00+,2023-09-25,2023-08-28,-28 day ahead inc hosp,quantile,0.975,168.4,COVID-19
DE-NW,00+,2023-09-25,2023-09-25,0 day ahead inc hosp,mean,,399.8,COVID-19
DE-NW,00+,2023-09-25,2023-09-24,-1 day ahead inc hosp,mean,,400.9,COVID-19
DE-NW,00+,2023-09-25,2023-09-23,-2 day ahead inc hosp,mean,,410.4,COVID-19
DE-NW,00+,2023-09-25,2023-09-22,-3 day ahead inc hosp,mean,,399.4,COVID-19
DE-NW,00+,2023-09-25,2023-09-21,-4 day ahead inc hosp,mean,,416.3,COVID-19
DE-NW,00+,2023-09-25,2023-09-20,-5 day ahead inc hosp,mean,,413.0,COVID-19
DE-NW,00+,2023-09-25,2023-09-19,-6 day ahead inc hosp,mean,,444.6,COVID-19
DE-NW,00+,2023-09-25,2023-09-18,-7 day ahead inc hosp,mean,,478.2,COVID-19
DE-NW,00+,2023-09-25,2023-09-17,-8 day ahead inc hosp,mean,,479.9,COVID-19
DE-NW,00+,2023-09-25,2023-09-16,-9 day ahead inc hosp,mean,,478.1,COVID-19
DE-NW,00+,2023-09-25,2023-09-15,-10 day ahead inc hosp,mean,,516.1,COVID-19
DE-NW,00+,2023-09-25,2023-09-14,-11 day ahead inc hosp,mean,,541.0,COVID-19
DE-NW,00+,2023-09-25,2023-09-13,-12 day ahead inc hosp,mean,,589.9,COVID-19
DE-NW,00+,2023-09-25,2023-09-12,-13 day ahead inc hosp,mean,,592.3,COVID-19
DE-NW,00+,2023-09-25,2023-09-11,-14 day ahead inc hosp,mean,,570.0,COVID-19
DE-NW,00+,2023-09-25,2023-09-10,-15 day ahead inc hosp,mean,,570.8,COVID-19
DE-NW,00+,2023-09-25,2023-09-09,-16 day ahead inc hosp,mean,,572.6,COVID-19
DE-NW,00+,2023-09-25,2023-09-08,-17 day ahead inc hosp,mean,,568.7,COVID-19
DE-NW,00+,2023-09-25,2023-09-07,-18 day ahead inc hosp,mean,,566.1,COVID-19
DE-NW,00+,2023-09-25,2023-09-06,-19 day ahead inc hosp,mean,,527.0,COVID-19
DE-NW,00+,2023-09-25,2023-09-05,-20 day ahead inc hosp,mean,,499.8,COVID-19
DE-NW,00+,2023-09-25,2023-09-04,-21 day ahead inc hosp,mean,,500.7,COVID-19
DE-NW,00+,2023-09-25,2023-09-03,-22 day ahead inc hosp,mean,,496.5,COVID-19
DE-NW,00+,2023-09-25,2023-09-02,-23 day ahead inc hosp,mean,,502.4,COVID-19
DE-NW,00+,2023-09-25,2023-09-01,-24 day ahead inc hosp,mean,,490.2,COVID-19
DE-NW,00+,2023-09-25,2023-08-31,-25 day ahead inc hosp,mean,,481.3,COVID-19
DE-NW,00+,2023-09-25,2023-08-30,-26 day ahead inc hosp,mean,,492.9,COVID-19
DE-NW,00+,2023-09-25,2023-08-29,-27 day ahead inc hosp,mean,,491.4,COVID-19
DE-NW,00+,2023-09-25,2023-08-28,-28 day ahead inc hosp,mean,,507.1,COVID-19
DE-NW,00+,2023-09-25,2023-09-25,0 day ahead inc hosp,quantile,0.025,359.627605321508,COVID-19
DE-NW,00+,2023-09-25,2023-09-24,-1 day ahead inc hosp,quantile,0.025,366.318778296802,COVID-19
DE-NW,00+,2023-09-25,2023-09-23,-2 day ahead inc hosp,quantile,0.025,369.721332388377,COVID-19
DE-NW,00+,2023-09-25,2023-09-22,-3 day ahead inc hosp,quantile,0.025,368.052380952381,COVID-19
DE-NW,00+,2023-09-25,2023-09-21,-4 day ahead inc hosp,quantile,0.025,390.108005521049,COVID-19
DE-NW,00+,2023-09-25,2023-09-20,-5 day ahead inc hosp,quantile,0.025,390.384615384615,COVID-19
DE-NW,00+,2023-09-25,2023-09-19,-6 day ahead inc hosp,quantile,0.025,425.553250695674,COVID-19
DE-NW,00+,2023-09-25,2023-09-18,-7 day ahead inc hosp,quantile,0.025,459.757575757576,COVID-19
DE-NW,00+,2023-09-25,2023-09-17,-8 day ahead inc hosp,quantile,0.025,462.505084745763,COVID-19
DE-NW,00+,2023-09-25,2023-09-16,-9 day ahead inc hosp,quantile,0.025,459.126280737705,COVID-19
DE-NW,00+,2023-09-25,2023-09-15,-10 day ahead inc hosp,quantile,0.025,497.526271186441,COVID-19
DE-NW,00+,2023-09-25,2023-09-14,-11 day ahead inc hosp,quantile,0.025,525.993325917686,COVID-19
DE-NW,00+,2023-09-25,2023-09-13,-12 day ahead inc hosp,quantile,0.025,572.928571428571,COVID-19
DE-NW,00+,2023-09-25,2023-09-12,-13 day ahead inc hosp,quantile,0.025,575.23652173913,COVID-19
DE-NW,00+,2023-09-25,2023-09-11,-14 day ahead inc hosp,quantile,0.025,554.666666666667,COVID-19
DE-NW,00+,2023-09-25,2023-09-10,-15 day ahead inc hosp,quantile,0.025,552.479532163743,COVID-19
DE-NW,00+,2023-09-25,2023-09-09,-16 day ahead inc hosp,quantile,0.025,554.0,COVID-19
DE-NW,00+,2023-09-25,2023-09-08,-17 day ahead inc hosp,quantile,0.025,553.0,COVID-19
DE-NW,00+,2023-09-25,2023-09-07,-18 day ahead inc hosp,quantile,0.025,553.0,COVID-19
DE-NW,00+,2023-09-25,2023-09-06,-19 day ahead inc hosp,quantile,0.025,517.0,COVID-19
DE-NW,00+,2023-09-25,2023-09-05,-20 day ahead inc hosp,quantile,0.025,492.0,COVID-19
DE-NW,00+,2023-09-25,2023-09-04,-21 day ahead inc hosp,quantile,0.025,494.0,COVID-19
DE-NW,00+,2023-09-25,2023-09-03,-22 day ahead inc hosp,quantile,0.025,490.0,COVID-19
DE-NW,00+,2023-09-25,2023-09-02,-23 day ahead inc hosp,quantile,0.025,496.0,COVID-19
DE-NW,00+,2023-09-25,2023-09-01,-24 day ahead inc hosp,quantile,0.025,485.0,COVID-19
DE-NW,00+,2023-09-25,2023-08-31,-25 day ahead inc hosp,quantile,0.025,477.0,COVID-19
DE-NW,00+,2023-09-25,2023-08-30,-26 day ahead inc hosp,quantile,0.025,489.0,COVID-19
DE-NW,00+,2023-09-25,2023-08-29,-27 day ahead inc hosp,quantile,0.025,488.0,COVID-19
DE-NW,00+,2023-09-25,2023-08-28,-28 day ahead inc hosp,quantile,0.025,504.0,COVID-19
DE-NW,00+,2023-09-25,2023-09-25,0 day ahead inc hosp,quantile,0.1,370.798080323314,COVID-19
DE-NW,00+,2023-09-25,2023-09-24,-1 day ahead inc hosp,quantile,0.1,374.023727422003,COVID-19
DE-NW,00+,2023-09-25,2023-09-23,-2 day ahead inc hosp,quantile,0.1,384.398550724638,COVID-19
DE-NW,00+,2023-09-25,2023-09-22,-3 day ahead inc hosp,quantile,0.1,376.878048780488,COVID-19
DE-NW,00+,2023-09-25,2023-09-21,-4 day ahead inc hosp,quantile,0.1,398.142857142857,COVID-19
DE-NW,00+,2023-09-25,2023-09-20,-5 day ahead inc hosp,quantile,0.1,396.111111111111,COVID-19
DE-NW,00+,2023-09-25,2023-09-19,-6 day ahead inc hosp,quantile,0.1,430.666666666667,COVID-19
DE-NW,00+,2023-09-25,2023-09-18,-7 day ahead inc hosp,quantile,0.1,464.25,COVID-19
DE-NW,00+,2023-09-25,2023-09-17,-8 day ahead inc hosp,quantile,0.1,466.97619047619,COVID-19
DE-NW,00+,2023-09-25,2023-09-16,-9 day ahead inc hosp,quantile,0.1,464.375,COVID-19
DE-NW,00+,2023-09-25,2023-09-15,-10 day ahead inc hosp,quantile,0.1,503.222222222222,COVID-19
DE-NW,00+,2023-09-25,2023-09-14,-11 day ahead inc hosp,quantile,0.1,527.8,COVID-19
DE-NW,00+,2023-09-25,2023-09-13,-12 day ahead inc hosp,quantile,0.1,576.848484848485,COVID-19
DE-NW,00+,2023-09-25,2023-09-12,-13 day ahead inc hosp,quantile,0.1,580.375,COVID-19
DE-NW,00+,2023-09-25,2023-09-11,-14 day ahead inc hosp,quantile,0.1,559.444444444444,COVID-19
DE-NW,00+,2023-09-25,2023-09-10,-15 day ahead inc hosp,quantile,0.1,558.894736842105,COVID-19
DE-NW,00+,2023-09-25,2023-09-09,-16 day ahead inc hosp,quantile,0.1,560.0,COVID-19
DE-NW,00+,2023-09-25,2023-09-08,-17 day ahead inc hosp,quantile,0.1,559.3,COVID-19
DE-NW,00+,2023-09-25,2023-09-07,-18 day ahead inc hosp,quantile,0.1,556.142857142857,COVID-19
DE-NW,00+,2023-09-25,2023-09-06,-19 day ahead inc hosp,quantile,0.1,517.0,COVID-19
DE-NW,00+,2023-09-25,2023-09-05,-20 day ahead inc hosp,quantile,0.1,492.0,COVID-19
DE-NW,00+,2023-09-25,2023-09-04,-21 day ahead inc hosp,quantile,0.1,494.142857142857,COVID-19
DE-NW,00+,2023-09-25,2023-09-03,-22 day ahead inc hosp,quantile,0.1,490.0,COVID-19
DE-NW,00+,2023-09-25,2023-09-02,-23 day ahead inc hosp,quantile,0.1,496.0,COVID-19
DE-NW,00+,2023-09-25,2023-09-01,-24 day ahead inc hosp,quantile,0.1,485.0,COVID-19
DE-NW,00+,2023-09-25,2023-08-31,-25 day ahead inc hosp,quantile,0.1,477.0,COVID-19
DE-NW,00+,2023-09-25,2023-08-30,-26 day ahead inc hosp,quantile,0.1,489.0,COVID-19
DE-NW,00+,2023-09-25,2023-08-29,-27 day ahead inc hosp,quantile,0.1,488.0,COVID-19
DE-NW,00+,2023-09-25,2023-08-28,-28 day ahead inc hosp,quantile,0.1,504.0,COVID-19
DE-NW,00+,2023-09-25,2023-09-25,0 day ahead inc hosp,quantile,0.25,389.769607843137,COVID-19
DE-NW,00+,2023-09-25,2023-09-24,-1 day ahead inc hosp,quantile,0.25,385.818181818182,COVID-19
DE-NW,00+,2023-09-25,2023-09-23,-2 day ahead inc hosp,quantile,0.25,398.997076023392,COVID-19
DE-NW,00+,2023-09-25,2023-09-22,-3 day ahead inc hosp,quantile,0.25,389.68,COVID-19
DE-NW,00+,2023-09-25,2023-09-21,-4 day ahead inc hosp,quantile,0.25,409.611111111111,COVID-19
DE-NW,00+,2023-09-25,2023-09-20,-5 day ahead inc hosp,quantile,0.25,405.588235294118,COVID-19
DE-NW,00+,2023-09-25,2023-09-19,-6 day ahead inc hosp,quantile,0.25,438.148148148148,COVID-19
DE-NW,00+,2023-09-25,2023-09-18,-7 day ahead inc hosp,quantile,0.25,469.434782608696,COVID-19
DE-NW,00+,2023-09-25,2023-09-17,-8 day ahead inc hosp,quantile,0.25,470.785714285714,COVID-19
DE-NW,00+,2023-09-25,2023-09-16,-9 day ahead inc hosp,quantile,0.25,470.571428571429,COVID-19
DE-NW,00+,2023-09-25,2023-09-15,-10 day ahead inc hosp,quantile,0.25,510.181818181818,COVID-19
DE-NW,00+,2023-09-25,2023-09-14,-11 day ahead inc hosp,quantile,0.25,531.076923076923,COVID-19
DE-NW,00+,2023-09-25,2023-09-13,-12 day ahead inc hosp,quantile,0.25,580.785714285714,COVID-19
DE-NW,00+,2023-09-25,2023-09-12,-13 day ahead inc hosp,quantile,0.25,586.714285714286,COVID-19
DE-NW,00+,2023-09-25,2023-09-11,-14 day ahead inc hosp,quantile,0.25,563.714285714286,COVID-19
DE-NW,00+,2023-09-25,2023-09-10,-15 day ahead inc hosp,quantile,0.25,566.428571428572,COVID-19
DE-NW,00+,2023-09-25,2023-09-09,-16 day ahead inc hosp,quantile,0.25,566.285714285714,COVID-19
DE-NW,00+,2023-09-25,2023-09-08,-17 day ahead inc hosp,quantile,0.25,565.454545454545,COVID-19
DE-NW,00+,2023-09-25,2023-09-07,-18 day ahead inc hosp,quantile,0.25,561.9,COVID-19
DE-NW,00+,2023-09-25,2023-09-06,-19 day ahead inc hosp,quantile,0.25,522.5,COVID-19
DE-NW,00+,2023-09-25,2023-09-05,-20 day ahead inc hosp,quantile,0.25,496.0,COVID-19
DE-NW,00+,2023-09-25,2023-09-04,-21 day ahead inc hosp,quantile,0.25,497.111111111111,COVID-19
DE-NW,00+,2023-09-25,2023-09-03,-22 day ahead inc hosp,quantile,0.25,493.333333333333,COVID-19
DE-NW,00+,2023-09-25,2023-09-02,-23 day ahead inc hosp,quantile,0.25,499.25,COVID-19
DE-NW,00+,2023-09-25,2023-09-01,-24 day ahead inc hosp,quantile,0.25,486.6,COVID-19
DE-NW,00+,2023-09-25,2023-08-31,-25 day ahead inc hosp,quantile,0.25,477.0,COVID-19
DE-NW,00+,2023-09-25,2023-08-30,-26 day ahead inc hosp,quantile,0.25,489.0,COVID-19
DE-NW,00+,2023-09-25,2023-08-29,-27 day ahead inc hosp,quantile,0.25,488.0,COVID-19
DE-NW,00+,2023-09-25,2023-08-28,-28 day ahead inc hosp,quantile,0.25,504.0,COVID-19
DE-NW,00+,2023-09-25,2023-09-25,0 day ahead inc hosp,quantile,0.5,402.0,COVID-19
DE-NW,00+,2023-09-25,2023-09-24,-1 day ahead inc hosp,quantile,0.5,403.0,COVID-19
DE-NW,00+,2023-09-25,2023-09-23,-2 day ahead inc hosp,quantile,0.5,412.0,COVID-19
DE-NW,00+,2023-09-25,2023-09-22,-3 day ahead inc hosp,quantile,0.5,401.0,COVID-19
DE-NW,00+,2023-09-25,2023-09-21,-4 day ahead inc hosp,quantile,0.5,418.0,COVID-19
DE-NW,00+,2023-09-25,2023-09-20,-5 day ahead inc hosp,quantile,0.5,415.0,COVID-19
DE-NW,00+,2023-09-25,2023-09-19,-6 day ahead inc hosp,quantile,0.5,446.0,COVID-19
DE-NW,00+,2023-09-25,2023-09-18,-7 day ahead inc hosp,quantile,0.5,480.0,COVID-19
DE-NW,00+,2023-09-25,2023-09-17,-8 day ahead inc hosp,quantile,0.5,481.0,COVID-19
DE-NW,00+,2023-09-25,2023-09-16,-9 day ahead inc hosp,quantile,0.5,480.0,COVID-19
DE-NW,00+,2023-09-25,2023-09-15,-10 day ahead inc hosp,quantile,0.5,518.0,COVID-19
DE-NW,00+,2023-09-25,2023-09-14,-11 day ahead inc hosp,quantile,0.5,543.0,COVID-19
DE-NW,00+,2023-09-25,2023-09-13,-12 day ahead inc hosp,quantile,0.5,592.0,COVID-19
DE-NW,00+,2023-09-25,2023-09-12,-13 day ahead inc hosp,quantile,0.5,594.0,COVID-19
DE-NW,00+,2023-09-25,2023-09-11,-14 day ahead inc hosp,quantile,0.5,572.0,COVID-19
DE-NW,00+,2023-09-25,2023-09-10,-15 day ahead inc hosp,quantile,0.5,573.0,COVID-19
DE-NW,00+,2023-09-25,2023-09-09,-16 day ahead inc hosp,quantile,0.5,574.0,COVID-19
DE-NW,00+,2023-09-25,2023-09-08,-17 day ahead inc hosp,quantile,0.5,570.0,COVID-19
DE-NW,00+,2023-09-25,2023-09-07,-18 day ahead inc hosp,quantile,0.5,568.0,COVID-19
DE-NW,00+,2023-09-25,2023-09-06,-19 day ahead inc hosp,quantile,0.5,529.0,COVID-19
DE-NW,00+,2023-09-25,2023-09-05,-20 day ahead inc hosp,quantile,0.5,501.0,COVID-19
DE-NW,00+,2023-09-25,2023-09-04,-21 day ahead inc hosp,quantile,0.5,502.0,COVID-19
DE-NW,00+,2023-09-25,2023-09-03,-22 day ahead inc hosp,quantile,0.5,498.0,COVID-19
DE-NW,00+,2023-09-25,2023-09-02,-23 day ahead inc hosp,quantile,0.5,504.0,COVID-19
DE-NW,00+,2023-09-25,2023-09-01,-24 day ahead inc hosp,quantile,0.5,491.0,COVID-19
DE-NW,00+,2023-09-25,2023-08-31,-25 day ahead inc hosp,quantile,0.5,482.0,COVID-19
DE-NW,00+,2023-09-25,2023-08-30,-26 day ahead inc hosp,quantile,0.5,494.0,COVID-19
DE-NW,00+,2023-09-25,2023-08-29,-27 day ahead inc hosp,quantile,0.5,492.0,COVID-19
DE-NW,00+,2023-09-25,2023-08-28,-28 day ahead inc hosp,quantile,0.5,508.0,COVID-19
DE-NW,00+,2023-09-25,2023-09-25,0 day ahead inc hosp,quantile,0.75,416.774509803922,COVID-19
DE-NW,00+,2023-09-25,2023-09-24,-1 day ahead inc hosp,quantile,0.75,424.0,COVID-19
DE-NW,00+,2023-09-25,2023-09-23,-2 day ahead inc hosp,quantile,0.75,428.27485380117,COVID-19
DE-NW,00+,2023-09-25,2023-09-22,-3 day ahead inc hosp,quantile,0.75,414.88,COVID-19
DE-NW,00+,2023-09-25,2023-09-21,-4 day ahead inc hosp,quantile,0.75,433.7,COVID-19
DE-NW,00+,2023-09-25,2023-09-20,-5 day ahead inc hosp,quantile,0.75,427.0,COVID-19
DE-NW,00+,2023-09-25,2023-09-19,-6 day ahead inc hosp,quantile,0.75,457.4,COVID-19
DE-NW,00+,2023-09-25,2023-09-18,-7 day ahead inc hosp,quantile,0.75,491.8,COVID-19
DE-NW,00+,2023-09-25,2023-09-17,-8 day ahead inc hosp,quantile,0.75,492.1,COVID-19
DE-NW,00+,2023-09-25,2023-09-16,-9 day ahead inc hosp,quantile,0.75,492.428571428571,COVID-19
DE-NW,00+,2023-09-25,2023-09-15,-10 day ahead inc hosp,quantile,0.75,529.9,COVID-19
DE-NW,00+,2023-09-25,2023-09-14,-11 day ahead inc hosp,quantile,0.75,555.0,COVID-19
DE-NW,00+,2023-09-25,2023-09-13,-12 day ahead inc hosp,quantile,0.75,604.1,COVID-19
DE-NW,00+,2023-09-25,2023-09-12,-13 day ahead inc hosp,quantile,0.75,607.7,COVID-19
DE-NW,00+,2023-09-25,2023-09-11,-14 day ahead inc hosp,quantile,0.75,584.0,COVID-19
DE-NW,00+,2023-09-25,2023-09-10,-15 day ahead inc hosp,quantile,0.75,585.2,COVID-19
DE-NW,00+,2023-09-25,2023-09-09,-16 day ahead inc hosp,quantile,0.75,585.4,COVID-19
DE-NW,00+,2023-09-25,2023-09-08,-17 day ahead inc hosp,quantile,0.75,581.3,COVID-19
DE-NW,00+,2023-09-25,2023-09-07,-18 day ahead inc hosp,quantile,0.75,577.9,COVID-19
DE-NW,00+,2023-09-25,2023-09-06,-19 day ahead inc hosp,quantile,0.75,539.0,COVID-19
DE-NW,00+,2023-09-25,2023-09-05,-20 day ahead inc hosp,quantile,0.75,510.2,COVID-19
DE-NW,00+,2023-09-25,2023-09-04,-21 day ahead inc hosp,quantile,0.75,511.3,COVID-19
DE-NW,00+,2023-09-25,2023-09-03,-22 day ahead inc hosp,quantile,0.75,507.5,COVID-19
DE-NW,00+,2023-09-25,2023-09-02,-23 day ahead inc hosp,quantile,0.75,513.6,COVID-19
DE-NW,00+,2023-09-25,2023-09-01,-24 day ahead inc hosp,quantile,0.75,499.8,COVID-19
DE-NW,00+,2023-09-25,2023-08-31,-25 day ahead inc hosp,quantile,0.75,490.7,COVID-19
DE-NW,00+,2023-09-25,2023-08-30,-26 day ahead inc hosp,quantile,0.75,501.1,COVID-19
DE-NW,00+,2023-09-25,2023-08-29,-27 day ahead inc hosp,quantile,0.75,500.6,COVID-19
DE-NW,00+,2023-09-25,2023-08-28,-28 day ahead inc hosp,quantile,0.75,514.9,COVID-19
DE-NW,00+,2023-09-25,2023-09-25,0 day ahead inc hosp,quantile,0.9,442.385097246779,COVID-19
DE-NW,00+,2023-09-25,2023-09-24,-1 day ahead inc hosp,quantile,0.9,440.763464696223,COVID-19
DE-NW,00+,2023-09-25,2023-09-23,-2 day ahead inc hosp,quantile,0.9,446.869565217391,COVID-19
DE-NW,00+,2023-09-25,2023-09-22,-3 day ahead inc hosp,quantile,0.9,432.19512195122,COVID-19
DE-NW,00+,2023-09-25,2023-09-21,-4 day ahead inc hosp,quantile,0.9,445.0,COVID-19
DE-NW,00+,2023-09-25,2023-09-20,-5 day ahead inc hosp,quantile,0.9,440.444444444444,COVID-19
DE-NW,00+,2023-09-25,2023-09-19,-6 day ahead inc hosp,quantile,0.9,470.777777777778,COVID-19
DE-NW,00+,2023-09-25,2023-09-18,-7 day ahead inc hosp,quantile,0.9,504.75,COVID-19
DE-NW,00+,2023-09-25,2023-09-17,-8 day ahead inc hosp,quantile,0.9,504.1,COVID-19
DE-NW,00+,2023-09-25,2023-09-16,-9 day ahead inc hosp,quantile,0.9,502.625,COVID-19
DE-NW,00+,2023-09-25,2023-09-15,-10 day ahead inc hosp,quantile,0.9,541.222222222222,COVID-19
DE-NW,00+,2023-09-25,2023-09-14,-11 day ahead inc hosp,quantile,0.9,567.0,COVID-19
DE-NW,00+,2023-09-25,2023-09-13,-12 day ahead inc hosp,quantile,0.9,618.1,COVID-19
DE-NW,00+,2023-09-25,2023-09-12,-13 day ahead inc hosp,quantile,0.9,619.7,COVID-19
DE-NW,00+,2023-09-25,2023-09-11,-14 day ahead inc hosp,quantile,0.9,596.0,COVID-19
DE-NW,00+,2023-09-25,2023-09-10,-15 day ahead inc hosp,quantile,0.9,597.2,COVID-19
DE-NW,00+,2023-09-25,2023-09-09,-16 day ahead inc hosp,quantile,0.9,599.4,COVID-19
DE-NW,00+,2023-09-25,2023-09-08,-17 day ahead inc hosp,quantile,0.9,593.3,COVID-19
DE-NW,00+,2023-09-25,2023-09-07,-18 day ahead inc hosp,quantile,0.9,589.9,COVID-19
DE-NW,00+,2023-09-25,2023-09-06,-19 day ahead inc hosp,quantile,0.9,549.0,COVID-19
DE-NW,00+,2023-09-25,2023-09-05,-20 day ahead inc hosp,quantile,0.9,522.2,COVID-19
DE-NW,00+,2023-09-25,2023-09-04,-21 day ahead inc hosp,quantile,0.9,521.3,COVID-19
DE-NW,00+,2023-09-25,2023-09-03,-22 day ahead inc hosp,quantile,0.9,517.5,COVID-19
DE-NW,00+,2023-09-25,2023-09-02,-23 day ahead inc hosp,quantile,0.9,523.6,COVID-19
DE-NW,00+,2023-09-25,2023-09-01,-24 day ahead inc hosp,quantile,0.9,511.8,COVID-19
DE-NW,00+,2023-09-25,2023-08-31,-25 day ahead inc hosp,quantile,0.9,502.7,COVID-19
DE-NW,00+,2023-09-25,2023-08-30,-26 day ahead inc hosp,quantile,0.9,515.1,COVID-19
DE-NW,00+,2023-09-25,2023-08-29,-27 day ahead inc hosp,quantile,0.9,512.6,COVID-19
DE-NW,00+,2023-09-25,2023-08-28,-28 day ahead inc hosp,quantile,0.9,528.9,COVID-19
DE-NW,00+,2023-09-25,2023-09-25,0 day ahead inc hosp,quantile,0.975,460.902549889135,COVID-19
DE-NW,00+,2023-09-25,2023-09-24,-1 day ahead inc hosp,quantile,0.975,452.394308300395,COVID-19
DE-NW,00+,2023-09-25,2023-09-23,-2 day ahead inc hosp,quantile,0.975,470.548799118041,COVID-19
DE-NW,00+,2023-09-25,2023-09-22,-3 day ahead inc hosp,quantile,0.975,445.520634920635,COVID-19
DE-NW,00+,2023-09-25,2023-09-21,-4 day ahead inc hosp,quantile,0.975,459.709109730849,COVID-19
DE-NW,00+,2023-09-25,2023-09-20,-5 day ahead inc hosp,quantile,0.975,452.576923076923,COVID-19
DE-NW,00+,2023-09-25,2023-09-19,-6 day ahead inc hosp,quantile,0.975,479.4591449532,COVID-19
DE-NW,00+,2023-09-25,2023-09-18,-7 day ahead inc hosp,quantile,0.975,512.191919191919,COVID-19
DE-NW,00+,2023-09-25,2023-09-17,-8 day ahead inc hosp,quantile,0.975,513.45988700565,COVID-19
DE-NW,00+,2023-09-25,2023-09-16,-9 day ahead inc hosp,quantile,0.975,513.605276639344,COVID-19
DE-NW,00+,2023-09-25,2023-09-15,-10 day ahead inc hosp,quantile,0.975,557.9,COVID-19
DE-NW,00+,2023-09-25,2023-09-14,-11 day ahead inc hosp,quantile,0.975,585.0,COVID-19
DE-NW,00+,2023-09-25,2023-09-13,-12 day ahead inc hosp,quantile,0.975,640.1,COVID-19
DE-NW,00+,2023-09-25,2023-09-12,-13 day ahead inc hosp,quantile,0.975,643.7,COVID-19
DE-NW,00+,2023-09-25,2023-09-11,-14 day ahead inc hosp,quantile,0.975,620.4,COVID-19
DE-NW,00+,2023-09-25,2023-09-10,-15 day ahead inc hosp,quantile,0.975,621.2,COVID-19
DE-NW,00+,2023-09-25,2023-09-09,-16 day ahead inc hosp,quantile,0.975,623.4,COVID-19
DE-NW,00+,2023-09-25,2023-09-08,-17 day ahead inc hosp,quantile,0.975,619.3,COVID-19
DE-NW,00+,2023-09-25,2023-09-07,-18 day ahead inc hosp,quantile,0.975,620.3,COVID-19
DE-NW,00+,2023-09-25,2023-09-06,-19 day ahead inc hosp,quantile,0.975,577.0,COVID-19
DE-NW,00+,2023-09-25,2023-09-05,-20 day ahead inc hosp,quantile,0.975,548.2,COVID-19
DE-NW,00+,2023-09-25,2023-09-04,-21 day ahead inc hosp,quantile,0.975,549.3,COVID-19
DE-NW,00+,2023-09-25,2023-09-03,-22 day ahead inc hosp,quantile,0.975,545.5,COVID-19
DE-NW,00+,2023-09-25,2023-09-02,-23 day ahead inc hosp,quantile,0.975,552.0,COVID-19
DE-NW,00+,2023-09-25,2023-09-01,-24 day ahead inc hosp,quantile,0.975,539.8,COVID-19
DE-NW,00+,2023-09-25,2023-08-31,-25 day ahead inc hosp,quantile,0.975,531.1,COVID-19
DE-NW,00+,2023-09-25,2023-08-30,-26 day ahead inc hosp,quantile,0.975,545.1,COVID-19
DE-NW,00+,2023-09-25,2023-08-29,-27 day ahead inc hosp,quantile,0.975,544.6,COVID-19
DE-NW,00+,2023-09-25,2023-08-28,-28 day ahead inc hosp,quantile,0.975,560.9,COVID-19
DE-RP,00+,2023-09-25,2023-09-25,0 day ahead inc hosp,mean,,131.6,COVID-19
DE-RP,00+,2023-09-25,2023-09-24,-1 day ahead inc hosp,mean,,135.5,COVID-19
DE-RP,00+,2023-09-25,2023-09-23,-2 day ahead inc hosp,mean,,135.5,COVID-19
DE-RP,00+,2023-09-25,2023-09-22,-3 day ahead inc hosp,mean,,127.7,COVID-19
DE-RP,00+,2023-09-25,2023-09-21,-4 day ahead inc hosp,mean,,126.3,COVID-19
DE-RP,00+,2023-09-25,2023-09-20,-5 day ahead inc hosp,mean,,147.4,COVID-19
DE-RP,00+,2023-09-25,2023-09-19,-6 day ahead inc hosp,mean,,152.2,COVID-19
DE-RP,00+,2023-09-25,2023-09-18,-7 day ahead inc hosp,mean,,190.3,COVID-19
DE-RP,00+,2023-09-25,2023-09-17,-8 day ahead inc hosp,mean,,188.6,COVID-19
DE-RP,00+,2023-09-25,2023-09-16,-9 day ahead inc hosp,mean,,188.6,COVID-19
DE-RP,00+,2023-09-25,2023-09-15,-10 day ahead inc hosp,mean,,190.7,COVID-19
DE-RP,00+,2023-09-25,2023-09-14,-11 day ahead inc hosp,mean,,188.9,COVID-19
DE-RP,00+,2023-09-25,2023-09-13,-12 day ahead inc hosp,mean,,182.2,COVID-19
DE-RP,00+,2023-09-25,2023-09-12,-13 day ahead inc hosp,mean,,166.1,COVID-19
DE-RP,00+,2023-09-25,2023-09-11,-14 day ahead inc hosp,mean,,125.0,COVID-19
DE-RP,00+,2023-09-25,2023-09-10,-15 day ahead inc hosp,mean,,123.8,COVID-19
DE-RP,00+,2023-09-25,2023-09-09,-16 day ahead inc hosp,mean,,123.8,COVID-19
DE-RP,00+,2023-09-25,2023-09-08,-17 day ahead inc hosp,mean,,112.1,COVID-19
DE-RP,00+,2023-09-25,2023-09-07,-18 day ahead inc hosp,mean,,109.7,COVID-19
DE-RP,00+,2023-09-25,2023-09-06,-19 day ahead inc hosp,mean,,93.6,COVID-19
DE-RP,00+,2023-09-25,2023-09-05,-20 day ahead inc hosp,mean,,86.4,COVID-19
DE-RP,00+,2023-09-25,2023-09-04,-21 day ahead inc hosp,mean,,84.2,COVID-19
DE-RP,00+,2023-09-25,2023-09-03,-22 day ahead inc hosp,mean,,83.2,COVID-19
DE-RP,00+,2023-09-25,2023-09-02,-23 day ahead inc hosp,mean,,83.2,COVID-19
DE-RP,00+,2023-09-25,2023-09-01,-24 day ahead inc hosp,mean,,89.2,COVID-19
DE-RP,00+,2023-09-25,2023-08-31,-25 day ahead inc hosp,mean,,88.1,COVID-19
DE-RP,00+,2023-09-25,2023-08-30,-26 day ahead inc hosp,mean,,81.9,COVID-19
DE-RP,00+,2023-09-25,2023-08-29,-27 day ahead inc hosp,mean,,85.9,COVID-19
DE-RP,00+,2023-09-25,2023-08-28,-28 day ahead inc hosp,mean,,76.8,COVID-19
DE-RP,00+,2023-09-25,2023-09-25,0 day ahead inc hosp,quantile,0.025,110.112226512227,COVID-19
DE-RP,00+,2023-09-25,2023-09-24,-1 day ahead inc hosp,quantile,0.025,114.99596242584,COVID-19
DE-RP,00+,2023-09-25,2023-09-23,-2 day ahead inc hosp,quantile,0.025,117.25,COVID-19
DE-RP,00+,2023-09-25,2023-09-22,-3 day ahead inc hosp,quantile,0.025,114.925806451613,COVID-19
DE-RP,00+,2023-09-25,2023-09-21,-4 day ahead inc hosp,quantile,0.025,116.661290322581,COVID-19
DE-RP,00+,2023-09-25,2023-09-20,-5 day ahead inc hosp,quantile,0.025,140.0,COVID-19
DE-RP,00+,2023-09-25,2023-09-19,-6 day ahead inc hosp,quantile,0.025,146.0,COVID-19
DE-RP,00+,2023-09-25,2023-09-18,-7 day ahead inc hosp,quantile,0.025,184.0,COVID-19
DE-RP,00+,2023-09-25,2023-09-17,-8 day ahead inc hosp,quantile,0.025,183.0,COVID-19
DE-RP,00+,2023-09-25,2023-09-16,-9 day ahead inc hosp,quantile,0.025,183.0,COVID-19
DE-RP,00+,2023-09-25,2023-09-15,-10 day ahead inc hosp,quantile,0.025,185.0,COVID-19
DE-RP,00+,2023-09-25,2023-09-14,-11 day ahead inc hosp,quantile,0.025,184.0,COVID-19
DE-RP,00+,2023-09-25,2023-09-13,-12 day ahead inc hosp,quantile,0.025,178.0,COVID-19
DE-RP,00+,2023-09-25,2023-09-12,-13 day ahead inc hosp,quantile,0.025,162.0,COVID-19
DE-RP,00+,2023-09-25,2023-09-11,-14 day ahead inc hosp,quantile,0.025,122.0,COVID-19
DE-RP,00+,2023-09-25,2023-09-10,-15 day ahead inc hosp,quantile,0.025,121.0,COVID-19
DE-RP,00+,2023-09-25,2023-09-09,-16 day ahead inc hosp,quantile,0.025,121.0,COVID-19
DE-RP,00+,2023-09-25,2023-09-08,-17 day ahead inc hosp,quantile,0.025,109.0,COVID-19
DE-RP,00+,2023-09-25,2023-09-07,-18 day ahead inc hosp,quantile,0.025,107.0,COVID-19
DE-RP,00+,2023-09-25,2023-09-06,-19 day ahead inc hosp,quantile,0.025,92.0,COVID-19
DE-RP,00+,2023-09-25,2023-09-05,-20 day ahead inc hosp,quantile,0.025,85.0,COVID-19
DE-RP,00+,2023-09-25,2023-09-04,-21 day ahead inc hosp,quantile,0.025,83.0,COVID-19
DE-RP,00+,2023-09-25,2023-09-03,-22 day ahead inc hosp,quantile,0.025,82.0,COVID-19
DE-RP,00+,2023-09-25,2023-09-02,-23 day ahead inc hosp,quantile,0.025,82.0,COVID-19
DE-RP,00+,2023-09-25,2023-09-01,-24 day ahead inc hosp,quantile,0.025,88.0,COVID-19
DE-RP,00+,2023-09-25,2023-08-31,-25 day ahead inc hosp,quantile,0.025,87.0,COVID-19
DE-RP,00+,2023-09-25,2023-08-30,-26 day ahead inc hosp,quantile,0.025,81.0,COVID-19
DE-RP,00+,2023-09-25,2023-08-29,-27 day ahead inc hosp,quantile,0.025,85.0,COVID-19
DE-RP,00+,2023-09-25,2023-08-28,-28 day ahead inc hosp,quantile,0.025,76.0,COVID-19
DE-RP,00+,2023-09-25,2023-09-25,0 day ahead inc hosp,quantile,0.1,121.0,COVID-19
DE-RP,00+,2023-09-25,2023-09-24,-1 day ahead inc hosp,quantile,0.1,123.178571428571,COVID-19
DE-RP,00+,2023-09-25,2023-09-23,-2 day ahead inc hosp,quantile,0.1,119.794285714286,COVID-19
DE-RP,00+,2023-09-25,2023-09-22,-3 day ahead inc hosp,quantile,0.1,117.344827586207,COVID-19
DE-RP,00+,2023-09-25,2023-09-21,-4 day ahead inc hosp,quantile,0.1,121.0,COVID-19
DE-RP,00+,2023-09-25,2023-09-20,-5 day ahead inc hosp,quantile,0.1,142.0,COVID-19
DE-RP,00+,2023-09-25,2023-09-19,-6 day ahead inc hosp,quantile,0.1,148.0,COVID-19
DE-RP,00+,2023-09-25,2023-09-18,-7 day ahead inc hosp,quantile,0.1,186.0,COVID-19
DE-RP,00+,2023-09-25,2023-09-17,-8 day ahead inc hosp,quantile,0.1,185.0,COVID-19
DE-RP,00+,2023-09-25,2023-09-16,-9 day ahead inc hosp,quantile,0.1,185.0,COVID-19
DE-RP,00+,2023-09-25,2023-09-15,-10 day ahead inc hosp,quantile,0.1,187.0,COVID-19
DE-RP,00+,2023-09-25,2023-09-14,-11 day ahead inc hosp,quantile,0.1,186.0,COVID-19
DE-RP,00+,2023-09-25,2023-09-13,-12 day ahead inc hosp,quantile,0.1,180.0,COVID-19
DE-RP,00+,2023-09-25,2023-09-12,-13 day ahead inc hosp,quantile,0.1,164.0,COVID-19
DE-RP,00+,2023-09-25,2023-09-11,-14 day ahead inc hosp,quantile,0.1,123.0,COVID-19
DE-RP,00+,2023-09-25,2023-09-10,-15 day ahead inc hosp,quantile,0.1,122.0,COVID-19
DE-RP,00+,2023-09-25,2023-09-09,-16 day ahead inc hosp,quantile,0.1,122.0,COVID-19
DE-RP,00+,2023-09-25,2023-09-08,-17 day ahead inc hosp,quantile,0.1,111.0,COVID-19
DE-RP,00+,2023-09-25,2023-09-07,-18 day ahead inc hosp,quantile,0.1,108.0,COVID-19
DE-RP,00+,2023-09-25,2023-09-06,-19 day ahead inc hosp,quantile,0.1,92.0,COVID-19
DE-RP,00+,2023-09-25,2023-09-05,-20 day ahead inc hosp,quantile,0.1,85.0,COVID-19
DE-RP,00+,2023-09-25,2023-09-04,-21 day ahead inc hosp,quantile,0.1,83.0,COVID-19
DE-RP,00+,2023-09-25,2023-09-03,-22 day ahead inc hosp,quantile,0.1,82.0,COVID-19
DE-RP,00+,2023-09-25,2023-09-02,-23 day ahead inc hosp,quantile,0.1,82.0,COVID-19
DE-RP,00+,2023-09-25,2023-09-01,-24 day ahead inc hosp,quantile,0.1,88.0,COVID-19
DE-RP,00+,2023-09-25,2023-08-31,-25 day ahead inc hosp,quantile,0.1,87.0,COVID-19
DE-RP,00+,2023-09-25,2023-08-30,-26 day ahead inc hosp,quantile,0.1,81.0,COVID-19
DE-RP,00+,2023-09-25,2023-08-29,-27 day ahead inc hosp,quantile,0.1,85.0,COVID-19
DE-RP,00+,2023-09-25,2023-08-28,-28 day ahead inc hosp,quantile,0.1,76.0,COVID-19
DE-RP,00+,2023-09-25,2023-09-25,0 day ahead inc hosp,quantile,0.25,122.5,COVID-19
DE-RP,00+,2023-09-25,2023-09-24,-1 day ahead inc hosp,quantile,0.25,125.5,COVID-19
DE-RP,00+,2023-09-25,2023-09-23,-2 day ahead inc hosp,quantile,0.25,125.192307692308,COVID-19
DE-RP,00+,2023-09-25,2023-09-22,-3 day ahead inc hosp,quantile,0.25,120.916666666667,COVID-19
DE-RP,00+,2023-09-25,2023-09-21,-4 day ahead inc hosp,quantile,0.25,124.0,COVID-19
DE-RP,00+,2023-09-25,2023-09-20,-5 day ahead inc hosp,quantile,0.25,146.0,COVID-19
DE-RP,00+,2023-09-25,2023-09-19,-6 day ahead inc hosp,quantile,0.25,150.0,COVID-19
DE-RP,00+,2023-09-25,2023-09-18,-7 day ahead inc hosp,quantile,0.25,189.0,COVID-19
DE-RP,00+,2023-09-25,2023-09-17,-8 day ahead inc hosp,quantile,0.25,187.0,COVID-19
DE-RP,00+,2023-09-25,2023-09-16,-9 day ahead inc hosp,quantile,0.25,187.0,COVID-19
DE-RP,00+,2023-09-25,2023-09-15,-10 day ahead inc hosp,quantile,0.25,190.0,COVID-19
DE-RP,00+,2023-09-25,2023-09-14,-11 day ahead inc hosp,quantile,0.25,188.0,COVID-19
DE-RP,00+,2023-09-25,2023-09-13,-12 day ahead inc hosp,quantile,0.25,182.0,COVID-19
DE-RP,00+,2023-09-25,2023-09-12,-13 day ahead inc hosp,quantile,0.25,166.0,COVID-19
DE-RP,00+,2023-09-25,2023-09-11,-14 day ahead inc hosp,quantile,0.25,125.0,COVID-19
DE-RP,00+,2023-09-25,2023-09-10,-15 day ahead inc hosp,quantile,0.25,123.6,COVID-19
DE-RP,00+,2023-09-25,2023-09-09,-16 day ahead inc hosp,quantile,0.25,123.6,COVID-19
DE-RP,00+,2023-09-25,2023-09-08,-17 day ahead inc hosp,quantile,0.25,112.0,COVID-19
DE-RP,00+,2023-09-25,2023-09-07,-18 day ahead inc hosp,quantile,0.25,109.0,COVID-19
DE-RP,00+,2023-09-25,2023-09-06,-19 day ahead inc hosp,quantile,0.25,93.0,COVID-19
DE-RP,00+,2023-09-25,2023-09-05,-20 day ahead inc hosp,quantile,0.25,86.0,COVID-19
DE-RP,00+,2023-09-25,2023-09-04,-21 day ahead inc hosp,quantile,0.25,84.0,COVID-19
DE-RP,00+,2023-09-25,2023-09-03,-22 day ahead inc hosp,quantile,0.25,83.0,COVID-19
DE-RP,00+,2023-09-25,2023-09-02,-23 day ahead inc hosp,quantile,0.25,83.0,COVID-19
DE-RP,00+,2023-09-25,2023-09-01,-24 day ahead inc hosp,quantile,0.25,89.0,COVID-19
DE-RP,00+,2023-09-25,2023-08-31,-25 day ahead inc hosp,quantile,0.25,88.0,COVID-19
DE-RP,00+,2023-09-25,2023-08-30,-26 day ahead inc hosp,quantile,0.25,81.8,COVID-19
DE-RP,00+,2023-09-25,2023-08-29,-27 day ahead inc hosp,quantile,0.25,85.5625,COVID-19
DE-RP,00+,2023-09-25,2023-08-28,-28 day ahead inc hosp,quantile,0.25,76.5333333333333,COVID-19
DE-RP,00+,2023-09-25,2023-09-25,0 day ahead inc hosp,quantile,0.5,133.0,COVID-19
DE-RP,00+,2023-09-25,2023-09-24,-1 day ahead inc hosp,quantile,0.5,137.0,COVID-19
DE-RP,00+,2023-09-25,2023-09-23,-2 day ahead inc hosp,quantile,0.5,137.0,COVID-19
DE-RP,00+,2023-09-25,2023-09-22,-3 day ahead inc hosp,quantile,0.5,129.0,COVID-19
DE-RP,00+,2023-09-25,2023-09-21,-4 day ahead inc hosp,quantile,0.5,128.0,COVID-19
DE-RP,00+,2023-09-25,2023-09-20,-5 day ahead inc hosp,quantile,0.5,150.0,COVID-19
DE-RP,00+,2023-09-25,2023-09-19,-6 day ahead inc hosp,quantile,0.5,155.0,COVID-19
DE-RP,00+,2023-09-25,2023-09-18,-7 day ahead inc hosp,quantile,0.5,193.0,COVID-19
DE-RP,00+,2023-09-25,2023-09-17,-8 day ahead inc hosp,quantile,0.5,191.0,COVID-19
DE-RP,00+,2023-09-25,2023-09-16,-9 day ahead inc hosp,quantile,0.5,191.0,COVID-19
DE-RP,00+,2023-09-25,2023-09-15,-10 day ahead inc hosp,quantile,0.5,194.0,COVID-19
DE-RP,00+,2023-09-25,2023-09-14,-11 day ahead inc hosp,quantile,0.5,192.0,COVID-19
DE-RP,00+,2023-09-25,2023-09-13,-12 day ahead inc hosp,quantile,0.5,185.0,COVID-19
DE-RP,00+,2023-09-25,2023-09-12,-13 day ahead inc hosp,quantile,0.5,169.0,COVID-19
DE-RP,00+,2023-09-25,2023-09-11,-14 day ahead inc hosp,quantile,0.5,127.0,COVID-19
DE-RP,00+,2023-09-25,2023-09-10,-15 day ahead inc hosp,quantile,0.5,126.0,COVID-19
DE-RP,00+,2023-09-25,2023-09-09,-16 day ahead inc hosp,quantile,0.5,126.0,COVID-19
DE-RP,00+,2023-09-25,2023-09-08,-17 day ahead inc hosp,quantile,0.5,114.0,COVID-19
DE-RP,00+,2023-09-25,2023-09-07,-18 day ahead inc hosp,quantile,0.5,111.0,COVID-19
DE-RP,00+,2023-09-25,2023-09-06,-19 day ahead inc hosp,quantile,0.5,95.0,COVID-19
DE-RP,00+,2023-09-25,2023-09-05,-20 day ahead inc hosp,quantile,0.5,87.0,COVID-19
DE-RP,00+,2023-09-25,2023-09-04,-21 day ahead inc hosp,quantile,0.5,85.0,COVID-19
DE-RP,00+,2023-09-25,2023-09-03,-22 day ahead inc hosp,quantile,0.5,84.0,COVID-19
DE-RP,00+,2023-09-25,2023-09-02,-23 day ahead inc hosp,quantile,0.5,84.0,COVID-19
DE-RP,00+,2023-09-25,2023-09-01,-24 day ahead inc hosp,quantile,0.5,90.0,COVID-19
DE-RP,00+,2023-09-25,2023-08-31,-25 day ahead inc hosp,quantile,0.5,89.0,COVID-19
DE-RP,00+,2023-09-25,2023-08-30,-26 day ahead inc hosp,quantile,0.5,83.0,COVID-19
DE-RP,00+,2023-09-25,2023-08-29,-27 day ahead inc hosp,quantile,0.5,87.0,COVID-19
DE-RP,00+,2023-09-25,2023-08-28,-28 day ahead inc hosp,quantile,0.5,77.0,COVID-19
DE-RP,00+,2023-09-25,2023-09-25,0 day ahead inc hosp,quantile,0.75,146.875,COVID-19
DE-RP,00+,2023-09-25,2023-09-24,-1 day ahead inc hosp,quantile,0.75,149.666666666667,COVID-19
DE-RP,00+,2023-09-25,2023-09-23,-2 day ahead inc hosp,quantile,0.75,150.102564102564,COVID-19
DE-RP,00+,2023-09-25,2023-09-22,-3 day ahead inc hosp,quantile,0.75,141.083333333333,COVID-19
DE-RP,00+,2023-09-25,2023-09-21,-4 day ahead inc hosp,quantile,0.75,133.5,COVID-19
DE-RP,00+,2023-09-25,2023-09-20,-5 day ahead inc hosp,quantile,0.75,156.0,COVID-19
DE-RP,00+,2023-09-25,2023-09-19,-6 day ahead inc hosp,quantile,0.75,160.5,COVID-19
DE-RP,00+,2023-09-25,2023-09-18,-7 day ahead inc hosp,quantile,0.75,199.0,COVID-19
DE-RP,00+,2023-09-25,2023-09-17,-8 day ahead inc hosp,quantile,0.75,197.0,COVID-19
DE-RP,00+,2023-09-25,2023-09-16,-9 day ahead inc hosp,quantile,0.75,197.0,COVID-19
DE-RP,00+,2023-09-25,2023-09-15,-10 day ahead inc hosp,quantile,0.75,199.0,COVID-19
DE-RP,00+,2023-09-25,2023-09-14,-11 day ahead inc hosp,quantile,0.75,198.0,COVID-19
DE-RP,00+,2023-09-25,2023-09-13,-12 day ahead inc hosp,quantile,0.75,190.0,COVID-19
DE-RP,00+,2023-09-25,2023-09-12,-13 day ahead inc hosp,quantile,0.75,173.0,COVID-19
DE-RP,00+,2023-09-25,2023-09-11,-14 day ahead inc hosp,quantile,0.75,132.0,COVID-19
DE-RP,00+,2023-09-25,2023-09-10,-15 day ahead inc hosp,quantile,0.75,130.5,COVID-19
DE-RP,00+,2023-09-25,2023-09-09,-16 day ahead inc hosp,quantile,0.75,130.5,COVID-19
DE-RP,00+,2023-09-25,2023-09-08,-17 day ahead inc hosp,quantile,0.75,118.0,COVID-19
DE-RP,00+,2023-09-25,2023-09-07,-18 day ahead inc hosp,quantile,0.75,115.0,COVID-19
DE-RP,00+,2023-09-25,2023-09-06,-19 day ahead inc hosp,quantile,0.75,98.0,COVID-19
DE-RP,00+,2023-09-25,2023-09-05,-20 day ahead inc hosp,quantile,0.75,91.0,COVID-19
DE-RP,00+,2023-09-25,2023-09-04,-21 day ahead inc hosp,quantile,0.75,88.0,COVID-19
DE-RP,00+,2023-09-25,2023-09-03,-22 day ahead inc hosp,quantile,0.75,87.0,COVID-19
DE-RP,00+,2023-09-25,2023-09-02,-23 day ahead inc hosp,quantile,0.75,87.0,COVID-19
DE-RP,00+,2023-09-25,2023-09-01,-24 day ahead inc hosp,quantile,0.75,94.0,COVID-19
DE-RP,00+,2023-09-25,2023-08-31,-25 day ahead inc hosp,quantile,0.75,92.0,COVID-19
DE-RP,00+,2023-09-25,2023-08-30,-26 day ahead inc hosp,quantile,0.75,85.0,COVID-19
DE-RP,00+,2023-09-25,2023-08-29,-27 day ahead inc hosp,quantile,0.75,92.1,COVID-19
DE-RP,00+,2023-09-25,2023-08-28,-28 day ahead inc hosp,quantile,0.75,83.2,COVID-19
DE-RP,00+,2023-09-25,2023-09-25,0 day ahead inc hosp,quantile,0.9,151.0,COVID-19
DE-RP,00+,2023-09-25,2023-09-24,-1 day ahead inc hosp,quantile,0.9,155.321428571429,COVID-19
DE-RP,00+,2023-09-25,2023-09-23,-2 day ahead inc hosp,quantile,0.9,160.765714285714,COVID-19
DE-RP,00+,2023-09-25,2023-09-22,-3 day ahead inc hosp,quantile,0.9,160.3,COVID-19
DE-RP,00+,2023-09-25,2023-09-21,-4 day ahead inc hosp,quantile,0.9,142.0,COVID-19
DE-RP,00+,2023-09-25,2023-09-20,-5 day ahead inc hosp,quantile,0.9,167.4,COVID-19
DE-RP,00+,2023-09-25,2023-09-19,-6 day ahead inc hosp,quantile,0.9,172.4,COVID-19
DE-RP,00+,2023-09-25,2023-09-18,-7 day ahead inc hosp,quantile,0.9,210.0,COVID-19
DE-RP,00+,2023-09-25,2023-09-17,-8 day ahead inc hosp,quantile,0.9,208.4,COVID-19
DE-RP,00+,2023-09-25,2023-09-16,-9 day ahead inc hosp,quantile,0.9,208.4,COVID-19
DE-RP,00+,2023-09-25,2023-09-15,-10 day ahead inc hosp,quantile,0.9,212.0,COVID-19
DE-RP,00+,2023-09-25,2023-09-14,-11 day ahead inc hosp,quantile,0.9,209.4,COVID-19
DE-RP,00+,2023-09-25,2023-09-13,-12 day ahead inc hosp,quantile,0.9,202.8,COVID-19
DE-RP,00+,2023-09-25,2023-09-12,-13 day ahead inc hosp,quantile,0.9,186.8,COVID-19
DE-RP,00+,2023-09-25,2023-09-11,-14 day ahead inc hosp,quantile,0.9,145.4,COVID-19
DE-RP,00+,2023-09-25,2023-09-10,-15 day ahead inc hosp,quantile,0.9,144.0,COVID-19
DE-RP,00+,2023-09-25,2023-09-09,-16 day ahead inc hosp,quantile,0.9,144.0,COVID-19
DE-RP,00+,2023-09-25,2023-09-08,-17 day ahead inc hosp,quantile,0.9,129.4,COVID-19
DE-RP,00+,2023-09-25,2023-09-07,-18 day ahead inc hosp,quantile,0.9,127.0,COVID-19
DE-RP,00+,2023-09-25,2023-09-06,-19 day ahead inc hosp,quantile,0.9,106.0,COVID-19
DE-RP,00+,2023-09-25,2023-09-05,-20 day ahead inc hosp,quantile,0.9,98.0,COVID-19
DE-RP,00+,2023-09-25,2023-09-04,-21 day ahead inc hosp,quantile,0.9,96.0,COVID-19
DE-RP,00+,2023-09-25,2023-09-03,-22 day ahead inc hosp,quantile,0.9,95.0,COVID-19
DE-RP,00+,2023-09-25,2023-09-02,-23 day ahead inc hosp,quantile,0.9,95.0,COVID-19
DE-RP,00+,2023-09-25,2023-09-01,-24 day ahead inc hosp,quantile,0.9,102.0,COVID-19
DE-RP,00+,2023-09-25,2023-08-31,-25 day ahead inc hosp,quantile,0.9,101.0,COVID-19
DE-RP,00+,2023-09-25,2023-08-30,-26 day ahead inc hosp,quantile,0.9,93.0,COVID-19
DE-RP,00+,2023-09-25,2023-08-29,-27 day ahead inc hosp,quantile,0.9,97.0,COVID-19
DE-RP,00+,2023-09-25,2023-08-28,-28 day ahead inc hosp,quantile,0.9,88.0,COVID-19
DE-RP,00+,2023-09-25,2023-09-25,0 day ahead inc hosp,quantile,0.975,211.6,COVID-19
DE-RP,00+,2023-09-25,2023-09-24,-1 day ahead inc hosp,quantile,0.975,215.7,COVID-19
DE-RP,00+,2023-09-25,2023-09-23,-2 day ahead inc hosp,quantile,0.975,215.7,COVID-19
DE-RP,00+,2023-09-25,2023-09-22,-3 day ahead inc hosp,quantile,0.975,207.1,COVID-19
DE-RP,00+,2023-09-25,2023-09-21,-4 day ahead inc hosp,quantile,0.975,205.5,COVID-19
DE-RP,00+,2023-09-25,2023-09-20,-5 day ahead inc hosp,quantile,0.975,198.1,COVID-19
DE-RP,00+,2023-09-25,2023-09-19,-6 day ahead inc hosp,quantile,0.975,202.7,COVID-19
DE-RP,00+,2023-09-25,2023-09-18,-7 day ahead inc hosp,quantile,0.975,248.2,COVID-19
DE-RP,00+,2023-09-25,2023-09-17,-8 day ahead inc hosp,quantile,0.975,246.3,COVID-19
DE-RP,00+,2023-09-25,2023-09-16,-9 day ahead inc hosp,quantile,0.975,246.3,COVID-19
DE-RP,00+,2023-09-25,2023-09-15,-10 day ahead inc hosp,quantile,0.975,253.8,COVID-19
DE-RP,00+,2023-09-25,2023-09-14,-11 day ahead inc hosp,quantile,0.975,248.2,COVID-19
DE-RP,00+,2023-09-25,2023-09-13,-12 day ahead inc hosp,quantile,0.975,238.1,COVID-19
DE-RP,00+,2023-09-25,2023-09-12,-13 day ahead inc hosp,quantile,0.975,218.9,COVID-19
DE-RP,00+,2023-09-25,2023-09-11,-14 day ahead inc hosp,quantile,0.975,173.8,COVID-19
DE-RP,00+,2023-09-25,2023-09-10,-15 day ahead inc hosp,quantile,0.975,172.0,COVID-19
DE-RP,00+,2023-09-25,2023-09-09,-16 day ahead inc hosp,quantile,0.975,172.0,COVID-19
DE-RP,00+,2023-09-25,2023-09-08,-17 day ahead inc hosp,quantile,0.975,153.4,COVID-19
DE-RP,00+,2023-09-25,2023-09-07,-18 day ahead inc hosp,quantile,0.975,151.2,COVID-19
DE-RP,00+,2023-09-25,2023-09-06,-19 day ahead inc hosp,quantile,0.975,126.2,COVID-19
DE-RP,00+,2023-09-25,2023-09-05,-20 day ahead inc hosp,quantile,0.975,117.6,COVID-19
DE-RP,00+,2023-09-25,2023-09-04,-21 day ahead inc hosp,quantile,0.975,114.4,COVID-19
DE-RP,00+,2023-09-25,2023-09-03,-22 day ahead inc hosp,quantile,0.975,113.4,COVID-19
DE-RP,00+,2023-09-25,2023-09-02,-23 day ahead inc hosp,quantile,0.975,113.4,COVID-19
DE-RP,00+,2023-09-25,2023-09-01,-24 day ahead inc hosp,quantile,0.975,124.1,COVID-19
DE-RP,00+,2023-09-25,2023-08-31,-25 day ahead inc hosp,quantile,0.975,123.3,COVID-19
DE-RP,00+,2023-09-25,2023-08-30,-26 day ahead inc hosp,quantile,0.975,113.4,COVID-19
DE-RP,00+,2023-09-25,2023-08-29,-27 day ahead inc hosp,quantile,0.975,117.6,COVID-19
DE-RP,00+,2023-09-25,2023-08-28,-28 day ahead inc hosp,quantile,0.975,107.2,COVID-19
DE-SH,00+,2023-09-25,2023-09-25,0 day ahead inc hosp,mean,,162.0,COVID-19
DE-SH,00+,2023-09-25,2023-09-24,-1 day ahead inc hosp,mean,,162.0,COVID-19
DE-SH,00+,2023-09-25,2023-09-23,-2 day ahead inc hosp,mean,,168.7,COVID-19
DE-SH,00+,2023-09-25,2023-09-22,-3 day ahead inc hosp,mean,,145.0,COVID-19
DE-SH,00+,2023-09-25,2023-09-21,-4 day ahead inc hosp,mean,,128.4,COVID-19
DE-SH,00+,2023-09-25,2023-09-20,-5 day ahead inc hosp,mean,,137.7,COVID-19
DE-SH,00+,2023-09-25,2023-09-19,-6 day ahead inc hosp,mean,,130.9,COVID-19
DE-SH,00+,2023-09-25,2023-09-18,-7 day ahead inc hosp,mean,,132.6,COVID-19
DE-SH,00+,2023-09-25,2023-09-17,-8 day ahead inc hosp,mean,,135.8,COVID-19
DE-SH,00+,2023-09-25,2023-09-16,-9 day ahead inc hosp,mean,,134.9,COVID-19
DE-SH,00+,2023-09-25,2023-09-15,-10 day ahead inc hosp,mean,,137.9,COVID-19
DE-SH,00+,2023-09-25,2023-09-14,-11 day ahead inc hosp,mean,,135.5,COVID-19
DE-SH,00+,2023-09-25,2023-09-13,-12 day ahead inc hosp,mean,,126.5,COVID-19
DE-SH,00+,2023-09-25,2023-09-12,-13 day ahead inc hosp,mean,,116.8,COVID-19
DE-SH,00+,2023-09-25,2023-09-11,-14 day ahead inc hosp,mean,,114.4,COVID-19
DE-SH,00+,2023-09-25,2023-09-10,-15 day ahead inc hosp,mean,,114.2,COVID-19
DE-SH,00+,2023-09-25,2023-09-09,-16 day ahead inc hosp,mean,,109.5,COVID-19
DE-SH,00+,2023-09-25,2023-09-08,-17 day ahead inc hosp,mean,,97.3,COVID-19
DE-SH,00+,2023-09-25,2023-09-07,-18 day ahead inc hosp,mean,,87.5,COVID-19
DE-SH,00+,2023-09-25,2023-09-06,-19 day ahead inc hosp,mean,,88.1,COVID-19
DE-SH,00+,2023-09-25,2023-09-05,-20 day ahead inc hosp,mean,,83.9,COVID-19
DE-SH,00+,2023-09-25,2023-09-04,-21 day ahead inc hosp,mean,,87.6,COVID-19
DE-SH,00+,2023-09-25,2023-09-03,-22 day ahead inc hosp,mean,,87.5,COVID-19
DE-SH,00+,2023-09-25,2023-09-02,-23 day ahead inc hosp,mean,,87.5,COVID-19
DE-SH,00+,2023-09-25,2023-09-01,-24 day ahead inc hosp,mean,,90.3,COVID-19
DE-SH,00+,2023-09-25,2023-08-31,-25 day ahead inc hosp,mean,,95.2,COVID-19
DE-SH,00+,2023-09-25,2023-08-30,-26 day ahead inc hosp,mean,,91.1,COVID-19
DE-SH,00+,2023-09-25,2023-08-29,-27 day ahead inc hosp,mean,,115.1,COVID-19
DE-SH,00+,2023-09-25,2023-08-28,-28 day ahead inc hosp,mean,,101.0,COVID-19
DE-SH,00+,2023-09-25,2023-09-25,0 day ahead inc hosp,quantile,0.025,109.653273809524,COVID-19
DE-SH,00+,2023-09-25,2023-09-24,-1 day ahead inc hosp,quantile,0.025,116.311818181818,COVID-19
DE-SH,00+,2023-09-25,2023-09-23,-2 day ahead inc hosp,quantile,0.025,122.478245436105,COVID-19
DE-SH,00+,2023-09-25,2023-09-22,-3 day ahead inc hosp,quantile,0.025,124.642857142857,COVID-19
DE-SH,00+,2023-09-25,2023-09-21,-4 day ahead inc hosp,quantile,0.025,116.181818181818,COVID-19
DE-SH,00+,2023-09-25,2023-09-20,-5 day ahead inc hosp,quantile,0.025,124.29375,COVID-19
DE-SH,00+,2023-09-25,2023-09-19,-6 day ahead inc hosp,quantile,0.025,119.0,COVID-19
DE-SH,00+,2023-09-25,2023-09-18,-7 day ahead inc hosp,quantile,0.025,122.0,COVID-19
DE-SH,00+,2023-09-25,2023-09-17,-8 day ahead inc hosp,quantile,0.025,125.0,COVID-19
DE-SH,00+,2023-09-25,2023-09-16,-9 day ahead inc hosp,quantile,0.025,125.0,COVID-19
DE-SH,00+,2023-09-25,2023-09-15,-10 day ahead inc hosp,quantile,0.025,130.0,COVID-19
DE-SH,00+,2023-09-25,2023-09-14,-11 day ahead inc hosp,quantile,0.025,129.0,COVID-19
DE-SH,00+,2023-09-25,2023-09-13,-12 day ahead inc hosp,quantile,0.025,121.0,COVID-19
DE-SH,00+,2023-09-25,2023-09-12,-13 day ahead inc hosp,quantile,0.025,112.0,COVID-19
DE-SH,00+,2023-09-25,2023-09-11,-14 day ahead inc hosp,quantile,0.025,110.0,COVID-19
DE-SH,00+,2023-09-25,2023-09-10,-15 day ahead inc hosp,quantile,0.025,110.0,COVID-19
DE-SH,00+,2023-09-25,2023-09-09,-16 day ahead inc hosp,quantile,0.025,106.0,COVID-19
DE-SH,00+,2023-09-25,2023-09-08,-17 day ahead inc hosp,quantile,0.025,95.0,COVID-19
DE-SH,00+,2023-09-25,2023-09-07,-18 day ahead inc hosp,quantile,0.025,86.0,COVID-19
DE-SH,00+,2023-09-25,2023-09-06,-19 day ahead inc hosp,quantile,0.025,87.0,COVID-19
DE-SH,00+,2023-09-25,2023-09-05,-20 day ahead inc hosp,quantile,0.025,83.0,COVID-19
DE-SH,00+,2023-09-25,2023-09-04,-21 day ahead inc hosp,quantile,0.025,87.0,COVID-19
DE-SH,00+,2023-09-25,2023-09-03,-22 day ahead inc hosp,quantile,0.025,87.0,COVID-19
DE-SH,00+,2023-09-25,2023-09-02,-23 day ahead inc hosp,quantile,0.025,87.0,COVID-19
DE-SH,00+,2023-09-25,2023-09-01,-24 day ahead inc hosp,quantile,0.025,90.0,COVID-19
DE-SH,00+,2023-09-25,2023-08-31,-25 day ahead inc hosp,quantile,0.025,95.0,COVID-19
DE-SH,00+,2023-09-25,2023-08-30,-26 day ahead inc hosp,quantile,0.025,91.0,COVID-19
DE-SH,00+,2023-09-25,2023-08-29,-27 day ahead inc hosp,quantile,0.025,115.0,COVID-19
DE-SH,00+,2023-09-25,2023-08-28,-28 day ahead inc hosp,quantile,0.025,101.0,COVID-19
DE-SH,00+,2023-09-25,2023-09-25,0 day ahead inc hosp,quantile,0.1,130.383838383838,COVID-19
DE-SH,00+,2023-09-25,2023-09-24,-1 day ahead inc hosp,quantile,0.1,129.511312217195,COVID-19
DE-SH,00+,2023-09-25,2023-09-23,-2 day ahead inc hosp,quantile,0.1,137.42,COVID-19
DE-SH,00+,2023-09-25,2023-09-22,-3 day ahead inc hosp,quantile,0.1,129.736842105263,COVID-19
DE-SH,00+,2023-09-25,2023-09-21,-4 day ahead inc hosp,quantile,0.1,123.0,COVID-19
DE-SH,00+,2023-09-25,2023-09-20,-5 day ahead inc hosp,quantile,0.1,131.259259259259,COVID-19
DE-SH,00+,2023-09-25,2023-09-19,-6 day ahead inc hosp,quantile,0.1,125.555555555556,COVID-19
DE-SH,00+,2023-09-25,2023-09-18,-7 day ahead inc hosp,quantile,0.1,127.2,COVID-19
DE-SH,00+,2023-09-25,2023-09-17,-8 day ahead inc hosp,quantile,0.1,129.764705882353,COVID-19
DE-SH,00+,2023-09-25,2023-09-16,-9 day ahead inc hosp,quantile,0.1,128.5625,COVID-19
DE-SH,00+,2023-09-25,2023-09-15,-10 day ahead inc hosp,quantile,0.1,133.1875,COVID-19
DE-SH,00+,2023-09-25,2023-09-14,-11 day ahead inc hosp,quantile,0.1,131.076923076923,COVID-19
DE-SH,00+,2023-09-25,2023-09-13,-12 day ahead inc hosp,quantile,0.1,122.214285714286,COVID-19
DE-SH,00+,2023-09-25,2023-09-12,-13 day ahead inc hosp,quantile,0.1,112.0,COVID-19
DE-SH,00+,2023-09-25,2023-09-11,-14 day ahead inc hosp,quantile,0.1,110.666666666667,COVID-19
DE-SH,00+,2023-09-25,2023-09-10,-15 day ahead inc hosp,quantile,0.1,110.705882352941,COVID-19
DE-SH,00+,2023-09-25,2023-09-09,-16 day ahead inc hosp,quantile,0.1,106.0,COVID-19
DE-SH,00+,2023-09-25,2023-09-08,-17 day ahead inc hosp,quantile,0.1,96.0,COVID-19
DE-SH,00+,2023-09-25,2023-09-07,-18 day ahead inc hosp,quantile,0.1,86.0,COVID-19
DE-SH,00+,2023-09-25,2023-09-06,-19 day ahead inc hosp,quantile,0.1,87.0,COVID-19
DE-SH,00+,2023-09-25,2023-09-05,-20 day ahead inc hosp,quantile,0.1,83.0,COVID-19
DE-SH,00+,2023-09-25,2023-09-04,-21 day ahead inc hosp,quantile,0.1,87.0,COVID-19
DE-SH,00+,2023-09-25,2023-09-03,-22 day ahead inc hosp,quantile,0.1,87.0,COVID-19
DE-SH,00+,2023-09-25,2023-09-02,-23 day ahead inc hosp,quantile,0.1,87.0,COVID-19
DE-SH,00+,2023-09-25,2023-09-01,-24 day ahead inc hosp,quantile,0.1,90.0,COVID-19
DE-SH,00+,2023-09-25,2023-08-31,-25 day ahead inc hosp,quantile,0.1,95.0,COVID-19
DE-SH,00+,2023-09-25,2023-08-30,-26 day ahead inc hosp,quantile,0.1,91.0,COVID-19
DE-SH,00+,2023-09-25,2023-08-29,-27 day ahead inc hosp,quantile,0.1,115.0,COVID-19
DE-SH,00+,2023-09-25,2023-08-28,-28 day ahead inc hosp,quantile,0.1,101.0,COVID-19
DE-SH,00+,2023-09-25,2023-09-25,0 day ahead inc hosp,quantile,0.25,138.542735042735,COVID-19
DE-SH,00+,2023-09-25,2023-09-24,-1 day ahead inc hosp,quantile,0.25,141.222222222222,COVID-19
DE-SH,00+,2023-09-25,2023-09-23,-2 day ahead inc hosp,quantile,0.25,149.083333333333,COVID-19
DE-SH,00+,2023-09-25,2023-09-22,-3 day ahead inc hosp,quantile,0.25,140.0,COVID-19
DE-SH,00+,2023-09-25,2023-09-21,-4 day ahead inc hosp,quantile,0.25,126.0,COVID-19
DE-SH,00+,2023-09-25,2023-09-20,-5 day ahead inc hosp,quantile,0.25,136.0,COVID-19
DE-SH,00+,2023-09-25,2023-09-19,-6 day ahead inc hosp,quantile,0.25,129.0,COVID-19
DE-SH,00+,2023-09-25,2023-09-18,-7 day ahead inc hosp,quantile,0.25,131.0,COVID-19
DE-SH,00+,2023-09-25,2023-09-17,-8 day ahead inc hosp,quantile,0.25,134.0,COVID-19
DE-SH,00+,2023-09-25,2023-09-16,-9 day ahead inc hosp,quantile,0.25,133.0,COVID-19
DE-SH,00+,2023-09-25,2023-09-15,-10 day ahead inc hosp,quantile,0.25,137.0,COVID-19
DE-SH,00+,2023-09-25,2023-09-14,-11 day ahead inc hosp,quantile,0.25,134.0,COVID-19
DE-SH,00+,2023-09-25,2023-09-13,-12 day ahead inc hosp,quantile,0.25,125.0,COVID-19
DE-SH,00+,2023-09-25,2023-09-12,-13 day ahead inc hosp,quantile,0.25,116.0,COVID-19
DE-SH,00+,2023-09-25,2023-09-11,-14 day ahead inc hosp,quantile,0.25,113.0,COVID-19
DE-SH,00+,2023-09-25,2023-09-10,-15 day ahead inc hosp,quantile,0.25,113.0,COVID-19
DE-SH,00+,2023-09-25,2023-09-09,-16 day ahead inc hosp,quantile,0.25,109.0,COVID-19
DE-SH,00+,2023-09-25,2023-09-08,-17 day ahead inc hosp,quantile,0.25,97.0,COVID-19
DE-SH,00+,2023-09-25,2023-09-07,-18 day ahead inc hosp,quantile,0.25,87.0,COVID-19
DE-SH,00+,2023-09-25,2023-09-06,-19 day ahead inc hosp,quantile,0.25,87.0,COVID-19
DE-SH,00+,2023-09-25,2023-09-05,-20 day ahead inc hosp,quantile,0.25,83.0,COVID-19
DE-SH,00+,2023-09-25,2023-09-04,-21 day ahead inc hosp,quantile,0.25,87.0,COVID-19
DE-SH,00+,2023-09-25,2023-09-03,-22 day ahead inc hosp,quantile,0.25,87.0,COVID-19
DE-SH,00+,2023-09-25,2023-09-02,-23 day ahead inc hosp,quantile,0.25,87.0,COVID-19
DE-SH,00+,2023-09-25,2023-09-01,-24 day ahead inc hosp,quantile,0.25,90.0,COVID-19
DE-SH,00+,2023-09-25,2023-08-31,-25 day ahead inc hosp,quantile,0.25,95.0,COVID-19
DE-SH,00+,2023-09-25,2023-08-30,-26 day ahead inc hosp,quantile,0.25,91.0,COVID-19
DE-SH,00+,2023-09-25,2023-08-29,-27 day ahead inc hosp,quantile,0.25,115.0,COVID-19
DE-SH,00+,2023-09-25,2023-08-28,-28 day ahead inc hosp,quantile,0.25,101.0,COVID-19
DE-SH,00+,2023-09-25,2023-09-25,0 day ahead inc hosp,quantile,0.5,164.0,COVID-19
DE-SH,00+,2023-09-25,2023-09-24,-1 day ahead inc hosp,quantile,0.5,164.0,COVID-19
DE-SH,00+,2023-09-25,2023-09-23,-2 day ahead inc hosp,quantile,0.5,171.0,COVID-19
DE-SH,00+,2023-09-25,2023-09-22,-3 day ahead inc hosp,quantile,0.5,147.0,COVID-19
DE-SH,00+,2023-09-25,2023-09-21,-4 day ahead inc hosp,quantile,0.5,130.0,COVID-19
DE-SH,00+,2023-09-25,2023-09-20,-5 day ahead inc hosp,quantile,0.5,140.0,COVID-19
DE-SH,00+,2023-09-25,2023-09-19,-6 day ahead inc hosp,quantile,0.5,133.0,COVID-19
DE-SH,00+,2023-09-25,2023-09-18,-7 day ahead inc hosp,quantile,0.5,134.0,COVID-19
DE-SH,00+,2023-09-25,2023-09-17,-8 day ahead inc hosp,quantile,0.5,138.0,COVID-19
DE-SH,00+,2023-09-25,2023-09-16,-9 day ahead inc hosp,quantile,0.5,137.0,COVID-19
DE-SH,00+,2023-09-25,2023-09-15,-10 day ahead inc hosp,quantile,0.5,139.0,COVID-19
DE-SH,00+,2023-09-25,2023-09-14,-11 day ahead inc hosp,quantile,0.5,137.0,COVID-19
DE-SH,00+,2023-09-25,2023-09-13,-12 day ahead inc hosp,quantile,0.5,128.0,COVID-19
DE-SH,00+,2023-09-25,2023-09-12,-13 day ahead inc hosp,quantile,0.5,118.0,COVID-19
DE-SH,00+,2023-09-25,2023-09-11,-14 day ahead inc hosp,quantile,0.5,115.0,COVID-19
DE-SH,00+,2023-09-25,2023-09-10,-15 day ahead inc hosp,quantile,0.5,115.0,COVID-19
DE-SH,00+,2023-09-25,2023-09-09,-16 day ahead inc hosp,quantile,0.5,110.0,COVID-19
DE-SH,00+,2023-09-25,2023-09-08,-17 day ahead inc hosp,quantile,0.5,98.0,COVID-19
DE-SH,00+,2023-09-25,2023-09-07,-18 day ahead inc hosp,quantile,0.5,88.0,COVID-19
DE-SH,00+,2023-09-25,2023-09-06,-19 day ahead inc hosp,quantile,0.5,88.0,COVID-19
DE-SH,00+,2023-09-25,2023-09-05,-20 day ahead inc hosp,quantile,0.5,84.0,COVID-19
DE-SH,00+,2023-09-25,2023-09-04,-21 day ahead inc hosp,quantile,0.5,88.0,COVID-19
DE-SH,00+,2023-09-25,2023-09-03,-22 day ahead inc hosp,quantile,0.5,88.0,COVID-19
DE-SH,00+,2023-09-25,2023-09-02,-23 day ahead inc hosp,quantile,0.5,88.0,COVID-19
DE-SH,00+,2023-09-25,2023-09-01,-24 day ahead inc hosp,quantile,0.5,90.0,COVID-19
DE-SH,00+,2023-09-25,2023-08-31,-25 day ahead inc hosp,quantile,0.5,95.0,COVID-19
DE-SH,00+,2023-09-25,2023-08-30,-26 day ahead inc hosp,quantile,0.5,91.0,COVID-19
DE-SH,00+,2023-09-25,2023-08-29,-27 day ahead inc hosp,quantile,0.5,115.0,COVID-19
DE-SH,00+,2023-09-25,2023-08-28,-28 day ahead inc hosp,quantile,0.5,101.0,COVID-19
DE-SH,00+,2023-09-25,2023-09-25,0 day ahead inc hosp,quantile,0.75,200.384615384615,COVID-19
DE-SH,00+,2023-09-25,2023-09-24,-1 day ahead inc hosp,quantile,0.75,196.0,COVID-19
DE-SH,00+,2023-09-25,2023-09-23,-2 day ahead inc hosp,quantile,0.75,204.083333333333,COVID-19
DE-SH,00+,2023-09-25,2023-09-22,-3 day ahead inc hosp,quantile,0.75,156.0,COVID-19
DE-SH,00+,2023-09-25,2023-09-21,-4 day ahead inc hosp,quantile,0.75,136.0,COVID-19
DE-SH,00+,2023-09-25,2023-09-20,-5 day ahead inc hosp,quantile,0.75,145.0,COVID-19
DE-SH,00+,2023-09-25,2023-09-19,-6 day ahead inc hosp,quantile,0.75,137.0,COVID-19
DE-SH,00+,2023-09-25,2023-09-18,-7 day ahead inc hosp,quantile,0.75,139.0,COVID-19
DE-SH,00+,2023-09-25,2023-09-17,-8 day ahead inc hosp,quantile,0.75,142.0,COVID-19
DE-SH,00+,2023-09-25,2023-09-16,-9 day ahead inc hosp,quantile,0.75,141.0,COVID-19
DE-SH,00+,2023-09-25,2023-09-15,-10 day ahead inc hosp,quantile,0.75,143.0,COVID-19
DE-SH,00+,2023-09-25,2023-09-14,-11 day ahead inc hosp,quantile,0.75,140.0,COVID-19
DE-SH,00+,2023-09-25,2023-09-13,-12 day ahead inc hosp,quantile,0.75,131.0,COVID-19
DE-SH,00+,2023-09-25,2023-09-12,-13 day ahead inc hosp,quantile,0.75,121.0,COVID-19
DE-SH,00+,2023-09-25,2023-09-11,-14 day ahead inc hosp,quantile,0.75,118.0,COVID-19
DE-SH,00+,2023-09-25,2023-09-10,-15 day ahead inc hosp,quantile,0.75,118.0,COVID-19
DE-SH,00+,2023-09-25,2023-09-09,-16 day ahead inc hosp,quantile,0.75,113.0,COVID-19
DE-SH,00+,2023-09-25,2023-09-08,-17 day ahead inc hosp,quantile,0.75,100.0,COVID-19
DE-SH,00+,2023-09-25,2023-09-07,-18 day ahead inc hosp,quantile,0.75,89.0,COVID-19
DE-SH,00+,2023-09-25,2023-09-06,-19 day ahead inc hosp,quantile,0.75,90.0,COVID-19
DE-SH,00+,2023-09-25,2023-09-05,-20 day ahead inc hosp,quantile,0.75,85.0,COVID-19
DE-SH,00+,2023-09-25,2023-09-04,-21 day ahead inc hosp,quantile,0.75,89.0,COVID-19
DE-SH,00+,2023-09-25,2023-09-03,-22 day ahead inc hosp,quantile,0.75,89.0,COVID-19
DE-SH,00+,2023-09-25,2023-09-02,-23 day ahead inc hosp,quantile,0.75,89.0,COVID-19
DE-SH,00+,2023-09-25,2023-09-01,-24 day ahead inc hosp,quantile,0.75,91.0,COVID-19
DE-SH,00+,2023-09-25,2023-08-31,-25 day ahead inc hosp,quantile,0.75,96.0,COVID-19
DE-SH,00+,2023-09-25,2023-08-30,-26 day ahead inc hosp,quantile,0.75,92.0,COVID-19
DE-SH,00+,2023-09-25,2023-08-29,-27 day ahead inc hosp,quantile,0.75,115.3,COVID-19
DE-SH,00+,2023-09-25,2023-08-28,-28 day ahead inc hosp,quantile,0.75,101.0,COVID-19
DE-SH,00+,2023-09-25,2023-09-25,0 day ahead inc hosp,quantile,0.9,244.0,COVID-19
DE-SH,00+,2023-09-25,2023-09-24,-1 day ahead inc hosp,quantile,0.9,244.0,COVID-19
DE-SH,00+,2023-09-25,2023-09-23,-2 day ahead inc hosp,quantile,0.9,231.108888888889,COVID-19
DE-SH,00+,2023-09-25,2023-09-22,-3 day ahead inc hosp,quantile,0.9,191.0,COVID-19
DE-SH,00+,2023-09-25,2023-09-21,-4 day ahead inc hosp,quantile,0.9,142.0,COVID-19
DE-SH,00+,2023-09-25,2023-09-20,-5 day ahead inc hosp,quantile,0.9,166.3,COVID-19
DE-SH,00+,2023-09-25,2023-09-19,-6 day ahead inc hosp,quantile,0.9,157.1,COVID-19
DE-SH,00+,2023-09-25,2023-09-18,-7 day ahead inc hosp,quantile,0.9,157.4,COVID-19
DE-SH,00+,2023-09-25,2023-09-17,-8 day ahead inc hosp,quantile,0.9,162.2,COVID-19
DE-SH,00+,2023-09-25,2023-09-16,-9 day ahead inc hosp,quantile,0.9,159.1,COVID-19
DE-SH,00+,2023-09-25,2023-09-15,-10 day ahead inc hosp,quantile,0.9,160.1,COVID-19
DE-SH,00+,2023-09-25,2023-09-14,-11 day ahead inc hosp,quantile,0.9,154.5,COVID-19
DE-SH,00+,2023-09-25,2023-09-13,-12 day ahead inc hosp,quantile,0.9,143.5,COVID-19
DE-SH,00+,2023-09-25,2023-09-12,-13 day ahead inc hosp,quantile,0.9,133.2,COVID-19
DE-SH,00+,2023-09-25,2023-09-11,-14 day ahead inc hosp,quantile,0.9,129.6,COVID-19
DE-SH,00+,2023-09-25,2023-09-10,-15 day ahead inc hosp,quantile,0.9,129.8,COVID-19
DE-SH,00+,2023-09-25,2023-09-09,-16 day ahead inc hosp,quantile,0.9,122.5,COVID-19
DE-SH,00+,2023-09-25,2023-09-08,-17 day ahead inc hosp,quantile,0.9,103.0,COVID-19
DE-SH,00+,2023-09-25,2023-09-07,-18 day ahead inc hosp,quantile,0.9,92.0,COVID-19
DE-SH,00+,2023-09-25,2023-09-06,-19 day ahead inc hosp,quantile,0.9,92.0,COVID-19
DE-SH,00+,2023-09-25,2023-09-05,-20 day ahead inc hosp,quantile,0.9,87.0,COVID-19
DE-SH,00+,2023-09-25,2023-09-04,-21 day ahead inc hosp,quantile,0.9,91.0,COVID-19
DE-SH,00+,2023-09-25,2023-09-03,-22 day ahead inc hosp,quantile,0.9,91.0,COVID-19
DE-SH,00+,2023-09-25,2023-09-02,-23 day ahead inc hosp,quantile,0.9,90.1,COVID-19
DE-SH,00+,2023-09-25,2023-09-01,-24 day ahead inc hosp,quantile,0.9,93.0,COVID-19
DE-SH,00+,2023-09-25,2023-08-31,-25 day ahead inc hosp,quantile,0.9,98.0,COVID-19
DE-SH,00+,2023-09-25,2023-08-30,-26 day ahead inc hosp,quantile,0.9,93.0,COVID-19
DE-SH,00+,2023-09-25,2023-08-29,-27 day ahead inc hosp,quantile,0.9,117.0,COVID-19
DE-SH,00+,2023-09-25,2023-08-28,-28 day ahead inc hosp,quantile,0.9,103.0,COVID-19
DE-SH,00+,2023-09-25,2023-09-25,0 day ahead inc hosp,quantile,0.975,329.2,COVID-19
DE-SH,00+,2023-09-25,2023-09-24,-1 day ahead inc hosp,quantile,0.975,329.2,COVID-19
DE-SH,00+,2023-09-25,2023-09-23,-2 day ahead inc hosp,quantile,0.975,343.9,COVID-19
DE-SH,00+,2023-09-25,2023-09-22,-3 day ahead inc hosp,quantile,0.975,252.0,COVID-19
DE-SH,00+,2023-09-25,2023-09-21,-4 day ahead inc hosp,quantile,0.975,199.8,COVID-19
DE-SH,00+,2023-09-25,2023-09-20,-5 day ahead inc hosp,quantile,0.975,214.1,COVID-19
DE-SH,00+,2023-09-25,2023-09-19,-6 day ahead inc hosp,quantile,0.975,203.7,COVID-19
DE-SH,00+,2023-09-25,2023-09-18,-7 day ahead inc hosp,quantile,0.975,204.2,COVID-19
DE-SH,00+,2023-09-25,2023-09-17,-8 day ahead inc hosp,quantile,0.975,209.6,COVID-19
DE-SH,00+,2023-09-25,2023-09-16,-9 day ahead inc hosp,quantile,0.975,206.1,COVID-19
DE-SH,00+,2023-09-25,2023-09-15,-10 day ahead inc hosp,quantile,0.975,203.1,COVID-19
DE-SH,00+,2023-09-25,2023-09-14,-11 day ahead inc hosp,quantile,0.975,199.1,COVID-19
DE-SH,00+,2023-09-25,2023-09-13,-12 day ahead inc hosp,quantile,0.975,184.5,COVID-19
DE-SH,00+,2023-09-25,2023-09-12,-13 day ahead inc hosp,quantile,0.975,172.8,COVID-19
DE-SH,00+,2023-09-25,2023-09-11,-14 day ahead inc hosp,quantile,0.975,168.8,COVID-19
DE-SH,00+,2023-09-25,2023-09-10,-15 day ahead inc hosp,quantile,0.975,169.0,COVID-19
DE-SH,00+,2023-09-25,2023-09-09,-16 day ahead inc hosp,quantile,0.975,158.7,COVID-19
DE-SH,00+,2023-09-25,2023-09-08,-17 day ahead inc hosp,quantile,0.975,136.5,COVID-19
DE-SH,00+,2023-09-25,2023-09-07,-18 day ahead inc hosp,quantile,0.975,120.5,COVID-19
DE-SH,00+,2023-09-25,2023-09-06,-19 day ahead inc hosp,quantile,0.975,119.9,COVID-19
DE-SH,00+,2023-09-25,2023-09-05,-20 day ahead inc hosp,quantile,0.975,113.5,COVID-19
DE-SH,00+,2023-09-25,2023-09-04,-21 day ahead inc hosp,quantile,0.975,118.4,COVID-19
DE-SH,00+,2023-09-25,2023-09-03,-22 day ahead inc hosp,quantile,0.975,118.5,COVID-19
DE-SH,00+,2023-09-25,2023-09-02,-23 day ahead inc hosp,quantile,0.975,118.5,COVID-19
DE-SH,00+,2023-09-25,2023-09-01,-24 day ahead inc hosp,quantile,0.975,119.9,COVID-19
DE-SH,00+,2023-09-25,2023-08-31,-25 day ahead inc hosp,quantile,0.975,127.8,COVID-19
DE-SH,00+,2023-09-25,2023-08-30,-26 day ahead inc hosp,quantile,0.975,121.3,COVID-19
DE-SH,00+,2023-09-25,2023-08-29,-27 day ahead inc hosp,quantile,0.975,148.7,COVID-19
DE-SH,00+,2023-09-25,2023-08-28,-28 day ahead inc hosp,quantile,0.975,132.8,COVID-19
DE-SL,00+,2023-09-25,2023-09-25,0 day ahead inc hosp,mean,,26.9,COVID-19
DE-SL,00+,2023-09-25,2023-09-24,-1 day ahead inc hosp,mean,,26.9,COVID-19
DE-SL,00+,2023-09-25,2023-09-23,-2 day ahead inc hosp,mean,,26.9,COVID-19
DE-SL,00+,2023-09-25,2023-09-22,-3 day ahead inc hosp,mean,,27.7,COVID-19
DE-SL,00+,2023-09-25,2023-09-21,-4 day ahead inc hosp,mean,,28.0,COVID-19
DE-SL,00+,2023-09-25,2023-09-20,-5 day ahead inc hosp,mean,,28.7,COVID-19
DE-SL,00+,2023-09-25,2023-09-19,-6 day ahead inc hosp,mean,,24.0,COVID-19
DE-SL,00+,2023-09-25,2023-09-18,-7 day ahead inc hosp,mean,,28.8,COVID-19
DE-SL,00+,2023-09-25,2023-09-17,-8 day ahead inc hosp,mean,,28.8,COVID-19
DE-SL,00+,2023-09-25,2023-09-16,-9 day ahead inc hosp,mean,,28.8,COVID-19
DE-SL,00+,2023-09-25,2023-09-15,-10 day ahead inc hosp,mean,,28.6,COVID-19
DE-SL,00+,2023-09-25,2023-09-14,-11 day ahead inc hosp,mean,,27.4,COVID-19
DE-SL,00+,2023-09-25,2023-09-13,-12 day ahead inc hosp,mean,,25.3,COVID-19
DE-SL,00+,2023-09-25,2023-09-12,-13 day ahead inc hosp,mean,,22.2,COVID-19
DE-SL,00+,2023-09-25,2023-09-11,-14 day ahead inc hosp,mean,,14.1,COVID-19
DE-SL,00+,2023-09-25,2023-09-10,-15 day ahead inc hosp,mean,,14.1,COVID-19
DE-SL,00+,2023-09-25,2023-09-09,-16 day ahead inc hosp,mean,,14.1,COVID-19
DE-SL,00+,2023-09-25,2023-09-08,-17 day ahead inc hosp,mean,,13.0,COVID-19
DE-SL,00+,2023-09-25,2023-09-07,-18 day ahead inc hosp,mean,,13.0,COVID-19
DE-SL,00+,2023-09-25,2023-09-06,-19 day ahead inc hosp,mean,,11.0,COVID-19
DE-SL,00+,2023-09-25,2023-09-05,-20 day ahead inc hosp,mean,,11.0,COVID-19
DE-SL,00+,2023-09-25,2023-09-04,-21 day ahead inc hosp,mean,,11.0,COVID-19
DE-SL,00+,2023-09-25,2023-09-03,-22 day ahead inc hosp,mean,,11.0,COVID-19
DE-SL,00+,2023-09-25,2023-09-02,-23 day ahead inc hosp,mean,,11.0,COVID-19
DE-SL,00+,2023-09-25,2023-09-01,-24 day ahead inc hosp,mean,,12.0,COVID-19
DE-SL,00+,2023-09-25,2023-08-31,-25 day ahead inc hosp,mean,,10.0,COVID-19
DE-SL,00+,2023-09-25,2023-08-30,-26 day ahead inc hosp,mean,,9.0,COVID-19
DE-SL,00+,2023-09-25,2023-08-29,-27 day ahead inc hosp,mean,,9.0,COVID-19
DE-SL,00+,2023-09-25,2023-08-28,-28 day ahead inc hosp,mean,,7.0,COVID-19
DE-SL,00+,2023-09-25,2023-09-25,0 day ahead inc hosp,quantile,0.025,24.0,COVID-19
DE-SL,00+,2023-09-25,2023-09-24,-1 day ahead inc hosp,quantile,0.025,24.0,COVID-19
DE-SL,00+,2023-09-25,2023-09-23,-2 day ahead inc hosp,quantile,0.025,24.0,COVID-19
DE-SL,00+,2023-09-25,2023-09-22,-3 day ahead inc hosp,quantile,0.025,25.0,COVID-19
DE-SL,00+,2023-09-25,2023-09-21,-4 day ahead inc hosp,quantile,0.025,26.0,COVID-19
DE-SL,00+,2023-09-25,2023-09-20,-5 day ahead inc hosp,quantile,0.025,27.0,COVID-19
DE-SL,00+,2023-09-25,2023-09-19,-6 day ahead inc hosp,quantile,0.025,23.0,COVID-19
DE-SL,00+,2023-09-25,2023-09-18,-7 day ahead inc hosp,quantile,0.025,28.0,COVID-19
DE-SL,00+,2023-09-25,2023-09-17,-8 day ahead inc hosp,quantile,0.025,28.0,COVID-19
DE-SL,00+,2023-09-25,2023-09-16,-9 day ahead inc hosp,quantile,0.025,28.0,COVID-19
DE-SL,00+,2023-09-25,2023-09-15,-10 day ahead inc hosp,quantile,0.025,28.0,COVID-19
DE-SL,00+,2023-09-25,2023-09-14,-11 day ahead inc hosp,quantile,0.025,27.0,COVID-19
DE-SL,00+,2023-09-25,2023-09-13,-12 day ahead inc hosp,quantile,0.025,25.0,COVID-19
DE-SL,00+,2023-09-25,2023-09-12,-13 day ahead inc hosp,quantile,0.025,22.0,COVID-19
DE-SL,00+,2023-09-25,2023-09-11,-14 day ahead inc hosp,quantile,0.025,14.0,COVID-19
DE-SL,00+,2023-09-25,2023-09-10,-15 day ahead inc hosp,quantile,0.025,14.0,COVID-19
DE-SL,00+,2023-09-25,2023-09-09,-16 day ahead inc hosp,quantile,0.025,14.0,COVID-19
DE-SL,00+,2023-09-25,2023-09-08,-17 day ahead inc hosp,quantile,0.025,13.0,COVID-19
DE-SL,00+,2023-09-25,2023-09-07,-18 day ahead inc hosp,quantile,0.025,13.0,COVID-19
DE-SL,00+,2023-09-25,2023-09-06,-19 day ahead inc hosp,quantile,0.025,11.0,COVID-19
DE-SL,00+,2023-09-25,2023-09-05,-20 day ahead inc hosp,quantile,0.025,11.0,COVID-19
DE-SL,00+,2023-09-25,2023-09-04,-21 day ahead inc hosp,quantile,0.025,11.0,COVID-19
DE-SL,00+,2023-09-25,2023-09-03,-22 day ahead inc hosp,quantile,0.025,11.0,COVID-19
DE-SL,00+,2023-09-25,2023-09-02,-23 day ahead inc hosp,quantile,0.025,11.0,COVID-19
DE-SL,00+,2023-09-25,2023-09-01,-24 day ahead inc hosp,quantile,0.025,12.0,COVID-19
DE-SL,00+,2023-09-25,2023-08-31,-25 day ahead inc hosp,quantile,0.025,10.0,COVID-19
DE-SL,00+,2023-09-25,2023-08-30,-26 day ahead inc hosp,quantile,0.025,9.0,COVID-19
DE-SL,00+,2023-09-25,2023-08-29,-27 day ahead inc hosp,quantile,0.025,9.0,COVID-19
DE-SL,00+,2023-09-25,2023-08-28,-28 day ahead inc hosp,quantile,0.025,7.0,COVID-19
DE-SL,00+,2023-09-25,2023-09-25,0 day ahead inc hosp,quantile,0.1,25.0,COVID-19
DE-SL,00+,2023-09-25,2023-09-24,-1 day ahead inc hosp,quantile,0.1,25.0,COVID-19
DE-SL,00+,2023-09-25,2023-09-23,-2 day ahead inc hosp,quantile,0.1,25.0,COVID-19
DE-SL,00+,2023-09-25,2023-09-22,-3 day ahead inc hosp,quantile,0.1,26.0,COVID-19
DE-SL,00+,2023-09-25,2023-09-21,-4 day ahead inc hosp,quantile,0.1,27.0,COVID-19
DE-SL,00+,2023-09-25,2023-09-20,-5 day ahead inc hosp,quantile,0.1,27.0,COVID-19
DE-SL,00+,2023-09-25,2023-09-19,-6 day ahead inc hosp,quantile,0.1,23.0,COVID-19
DE-SL,00+,2023-09-25,2023-09-18,-7 day ahead inc hosp,quantile,0.1,28.0,COVID-19
DE-SL,00+,2023-09-25,2023-09-17,-8 day ahead inc hosp,quantile,0.1,28.0,COVID-19
DE-SL,00+,2023-09-25,2023-09-16,-9 day ahead inc hosp,quantile,0.1,28.0,COVID-19
DE-SL,00+,2023-09-25,2023-09-15,-10 day ahead inc hosp,quantile,0.1,28.0,COVID-19
DE-SL,00+,2023-09-25,2023-09-14,-11 day ahead inc hosp,quantile,0.1,27.0,COVID-19
DE-SL,00+,2023-09-25,2023-09-13,-12 day ahead inc hosp,quantile,0.1,25.0,COVID-19
DE-SL,00+,2023-09-25,2023-09-12,-13 day ahead inc hosp,quantile,0.1,22.0,COVID-19
DE-SL,00+,2023-09-25,2023-09-11,-14 day ahead inc hosp,quantile,0.1,14.0,COVID-19
DE-SL,00+,2023-09-25,2023-09-10,-15 day ahead inc hosp,quantile,0.1,14.0,COVID-19
DE-SL,00+,2023-09-25,2023-09-09,-16 day ahead inc hosp,quantile,0.1,14.0,COVID-19
DE-SL,00+,2023-09-25,2023-09-08,-17 day ahead inc hosp,quantile,0.1,13.0,COVID-19
DE-SL,00+,2023-09-25,2023-09-07,-18 day ahead inc hosp,quantile,0.1,13.0,COVID-19
DE-SL,00+,2023-09-25,2023-09-06,-19 day ahead inc hosp,quantile,0.1,11.0,COVID-19
DE-SL,00+,2023-09-25,2023-09-05,-20 day ahead inc hosp,quantile,0.1,11.0,COVID-19
DE-SL,00+,2023-09-25,2023-09-04,-21 day ahead inc hosp,quantile,0.1,11.0,COVID-19
DE-SL,00+,2023-09-25,2023-09-03,-22 day ahead inc hosp,quantile,0.1,11.0,COVID-19
DE-SL,00+,2023-09-25,2023-09-02,-23 day ahead inc hosp,quantile,0.1,11.0,COVID-19
DE-SL,00+,2023-09-25,2023-09-01,-24 day ahead inc hosp,quantile,0.1,12.0,COVID-19
DE-SL,00+,2023-09-25,2023-08-31,-25 day ahead inc hosp,quantile,0.1,10.0,COVID-19
DE-SL,00+,2023-09-25,2023-08-30,-26 day ahead inc hosp,quantile,0.1,9.0,COVID-19
DE-SL,00+,2023-09-25,2023-08-29,-27 day ahead inc hosp,quantile,0.1,9.0,COVID-19
DE-SL,00+,2023-09-25,2023-08-28,-28 day ahead inc hosp,quantile,0.1,7.0,COVID-19
DE-SL,00+,2023-09-25,2023-09-25,0 day ahead inc hosp,quantile,0.25,26.0,COVID-19
DE-SL,00+,2023-09-25,2023-09-24,-1 day ahead inc hosp,quantile,0.25,26.0,COVID-19
DE-SL,00+,2023-09-25,2023-09-23,-2 day ahead inc hosp,quantile,0.25,26.0,COVID-19
DE-SL,00+,2023-09-25,2023-09-22,-3 day ahead inc hosp,quantile,0.25,27.0,COVID-19
DE-SL,00+,2023-09-25,2023-09-21,-4 day ahead inc hosp,quantile,0.25,27.0,COVID-19
DE-SL,00+,2023-09-25,2023-09-20,-5 day ahead inc hosp,quantile,0.25,28.0,COVID-19
DE-SL,00+,2023-09-25,2023-09-19,-6 day ahead inc hosp,quantile,0.25,23.0,COVID-19
DE-SL,00+,2023-09-25,2023-09-18,-7 day ahead inc hosp,quantile,0.25,28.0,COVID-19
DE-SL,00+,2023-09-25,2023-09-17,-8 day ahead inc hosp,quantile,0.25,28.0,COVID-19
DE-SL,00+,2023-09-25,2023-09-16,-9 day ahead inc hosp,quantile,0.25,28.0,COVID-19
DE-SL,00+,2023-09-25,2023-09-15,-10 day ahead inc hosp,quantile,0.25,28.0,COVID-19
DE-SL,00+,2023-09-25,2023-09-14,-11 day ahead inc hosp,quantile,0.25,27.0,COVID-19
DE-SL,00+,2023-09-25,2023-09-13,-12 day ahead inc hosp,quantile,0.25,25.0,COVID-19
DE-SL,00+,2023-09-25,2023-09-12,-13 day ahead inc hosp,quantile,0.25,22.0,COVID-19
DE-SL,00+,2023-09-25,2023-09-11,-14 day ahead inc hosp,quantile,0.25,14.0,COVID-19
DE-SL,00+,2023-09-25,2023-09-10,-15 day ahead inc hosp,quantile,0.25,14.0,COVID-19
DE-SL,00+,2023-09-25,2023-09-09,-16 day ahead inc hosp,quantile,0.25,14.0,COVID-19
DE-SL,00+,2023-09-25,2023-09-08,-17 day ahead inc hosp,quantile,0.25,13.0,COVID-19
DE-SL,00+,2023-09-25,2023-09-07,-18 day ahead inc hosp,quantile,0.25,13.0,COVID-19
DE-SL,00+,2023-09-25,2023-09-06,-19 day ahead inc hosp,quantile,0.25,11.0,COVID-19
DE-SL,00+,2023-09-25,2023-09-05,-20 day ahead inc hosp,quantile,0.25,11.0,COVID-19
DE-SL,00+,2023-09-25,2023-09-04,-21 day ahead inc hosp,quantile,0.25,11.0,COVID-19
DE-SL,00+,2023-09-25,2023-09-03,-22 day ahead inc hosp,quantile,0.25,11.0,COVID-19
DE-SL,00+,2023-09-25,2023-09-02,-23 day ahead inc hosp,quantile,0.25,11.0,COVID-19
DE-SL,00+,2023-09-25,2023-09-01,-24 day ahead inc hosp,quantile,0.25,12.0,COVID-19
DE-SL,00+,2023-09-25,2023-08-31,-25 day ahead inc hosp,quantile,0.25,10.0,COVID-19
DE-SL,00+,2023-09-25,2023-08-30,-26 day ahead inc hosp,quantile,0.25,9.0,COVID-19
DE-SL,00+,2023-09-25,2023-08-29,-27 day ahead inc hosp,quantile,0.25,9.0,COVID-19
DE-SL,00+,2023-09-25,2023-08-28,-28 day ahead inc hosp,quantile,0.25,7.0,COVID-19
DE-SL,00+,2023-09-25,2023-09-25,0 day ahead inc hosp,quantile,0.5,28.0,COVID-19
DE-SL,00+,2023-09-25,2023-09-24,-1 day ahead inc hosp,quantile,0.5,28.0,COVID-19
DE-SL,00+,2023-09-25,2023-09-23,-2 day ahead inc hosp,quantile,0.5,28.0,COVID-19
DE-SL,00+,2023-09-25,2023-09-22,-3 day ahead inc hosp,quantile,0.5,29.0,COVID-19
DE-SL,00+,2023-09-25,2023-09-21,-4 day ahead inc hosp,quantile,0.5,29.0,COVID-19
DE-SL,00+,2023-09-25,2023-09-20,-5 day ahead inc hosp,quantile,0.5,29.0,COVID-19
DE-SL,00+,2023-09-25,2023-09-19,-6 day ahead inc hosp,quantile,0.5,24.0,COVID-19
DE-SL,00+,2023-09-25,2023-09-18,-7 day ahead inc hosp,quantile,0.5,29.0,COVID-19
DE-SL,00+,2023-09-25,2023-09-17,-8 day ahead inc hosp,quantile,0.5,29.0,COVID-19
DE-SL,00+,2023-09-25,2023-09-16,-9 day ahead inc hosp,quantile,0.5,29.0,COVID-19
DE-SL,00+,2023-09-25,2023-09-15,-10 day ahead inc hosp,quantile,0.5,29.0,COVID-19
DE-SL,00+,2023-09-25,2023-09-14,-11 day ahead inc hosp,quantile,0.5,27.0,COVID-19
DE-SL,00+,2023-09-25,2023-09-13,-12 day ahead inc hosp,quantile,0.5,25.0,COVID-19
DE-SL,00+,2023-09-25,2023-09-12,-13 day ahead inc hosp,quantile,0.5,22.0,COVID-19
DE-SL,00+,2023-09-25,2023-09-11,-14 day ahead inc hosp,quantile,0.5,14.0,COVID-19
DE-SL,00+,2023-09-25,2023-09-10,-15 day ahead inc hosp,quantile,0.5,14.0,COVID-19
DE-SL,00+,2023-09-25,2023-09-09,-16 day ahead inc hosp,quantile,0.5,14.0,COVID-19
DE-SL,00+,2023-09-25,2023-09-08,-17 day ahead inc hosp,quantile,0.5,13.0,COVID-19
DE-SL,00+,2023-09-25,2023-09-07,-18 day ahead inc hosp,quantile,0.5,13.0,COVID-19
DE-SL,00+,2023-09-25,2023-09-06,-19 day ahead inc hosp,quantile,0.5,11.0,COVID-19
DE-SL,00+,2023-09-25,2023-09-05,-20 day ahead inc hosp,quantile,0.5,11.0,COVID-19
DE-SL,00+,2023-09-25,2023-09-04,-21 day ahead inc hosp,quantile,0.5,11.0,COVID-19
DE-SL,00+,2023-09-25,2023-09-03,-22 day ahead inc hosp,quantile,0.5,11.0,COVID-19
DE-SL,00+,2023-09-25,2023-09-02,-23 day ahead inc hosp,quantile,0.5,11.0,COVID-19
DE-SL,00+,2023-09-25,2023-09-01,-24 day ahead inc hosp,quantile,0.5,12.0,COVID-19
DE-SL,00+,2023-09-25,2023-08-31,-25 day ahead inc hosp,quantile,0.5,10.0,COVID-19
DE-SL,00+,2023-09-25,2023-08-30,-26 day ahead inc hosp,quantile,0.5,9.0,COVID-19
DE-SL,00+,2023-09-25,2023-08-29,-27 day ahead inc hosp,quantile,0.5,9.0,COVID-19
DE-SL,00+,2023-09-25,2023-08-28,-28 day ahead inc hosp,quantile,0.5,7.0,COVID-19
DE-SL,00+,2023-09-25,2023-09-25,0 day ahead inc hosp,quantile,0.75,31.0,COVID-19
DE-SL,00+,2023-09-25,2023-09-24,-1 day ahead inc hosp,quantile,0.75,31.0,COVID-19
DE-SL,00+,2023-09-25,2023-09-23,-2 day ahead inc hosp,quantile,0.75,31.0,COVID-19
DE-SL,00+,2023-09-25,2023-09-22,-3 day ahead inc hosp,quantile,0.75,31.0,COVID-19
DE-SL,00+,2023-09-25,2023-09-21,-4 day ahead inc hosp,quantile,0.75,31.0,COVID-19
DE-SL,00+,2023-09-25,2023-09-20,-5 day ahead inc hosp,quantile,0.75,31.0,COVID-19
DE-SL,00+,2023-09-25,2023-09-19,-6 day ahead inc hosp,quantile,0.75,26.0,COVID-19
DE-SL,00+,2023-09-25,2023-09-18,-7 day ahead inc hosp,quantile,0.75,30.0,COVID-19
DE-SL,00+,2023-09-25,2023-09-17,-8 day ahead inc hosp,quantile,0.75,30.0,COVID-19
DE-SL,00+,2023-09-25,2023-09-16,-9 day ahead inc hosp,quantile,0.75,30.0,COVID-19
DE-SL,00+,2023-09-25,2023-09-15,-10 day ahead inc hosp,quantile,0.75,30.0,COVID-19
DE-SL,00+,2023-09-25,2023-09-14,-11 day ahead inc hosp,quantile,0.75,28.0,COVID-19
DE-SL,00+,2023-09-25,2023-09-13,-12 day ahead inc hosp,quantile,0.75,26.0,COVID-19
DE-SL,00+,2023-09-25,2023-09-12,-13 day ahead inc hosp,quantile,0.75,23.0,COVID-19
DE-SL,00+,2023-09-25,2023-09-11,-14 day ahead inc hosp,quantile,0.75,14.3,COVID-19
DE-SL,00+,2023-09-25,2023-09-10,-15 day ahead inc hosp,quantile,0.75,14.3,COVID-19
DE-SL,00+,2023-09-25,2023-09-09,-16 day ahead inc hosp,quantile,0.75,14.3,COVID-19
DE-SL,00+,2023-09-25,2023-09-08,-17 day ahead inc hosp,quantile,0.75,13.0,COVID-19
DE-SL,00+,2023-09-25,2023-09-07,-18 day ahead inc hosp,quantile,0.75,13.0,COVID-19
DE-SL,00+,2023-09-25,2023-09-06,-19 day ahead inc hosp,quantile,0.75,11.0,COVID-19
DE-SL,00+,2023-09-25,2023-09-05,-20 day ahead inc hosp,quantile,0.75,11.0,COVID-19
DE-SL,00+,2023-09-25,2023-09-04,-21 day ahead inc hosp,quantile,0.75,11.0,COVID-19
DE-SL,00+,2023-09-25,2023-09-03,-22 day ahead inc hosp,quantile,0.75,11.0,COVID-19
DE-SL,00+,2023-09-25,2023-09-02,-23 day ahead inc hosp,quantile,0.75,11.0,COVID-19
DE-SL,00+,2023-09-25,2023-09-01,-24 day ahead inc hosp,quantile,0.75,12.0,COVID-19
DE-SL,00+,2023-09-25,2023-08-31,-25 day ahead inc hosp,quantile,0.75,10.0,COVID-19
DE-SL,00+,2023-09-25,2023-08-30,-26 day ahead inc hosp,quantile,0.75,9.0,COVID-19
DE-SL,00+,2023-09-25,2023-08-29,-27 day ahead inc hosp,quantile,0.75,9.0,COVID-19
DE-SL,00+,2023-09-25,2023-08-28,-28 day ahead inc hosp,quantile,0.75,7.0,COVID-19
DE-SL,00+,2023-09-25,2023-09-25,0 day ahead inc hosp,quantile,0.9,35.0,COVID-19
DE-SL,00+,2023-09-25,2023-09-24,-1 day ahead inc hosp,quantile,0.9,35.0,COVID-19
DE-SL,00+,2023-09-25,2023-09-23,-2 day ahead inc hosp,quantile,0.9,35.0,COVID-19
DE-SL,00+,2023-09-25,2023-09-22,-3 day ahead inc hosp,quantile,0.9,35.0,COVID-19
DE-SL,00+,2023-09-25,2023-09-21,-4 day ahead inc hosp,quantile,0.9,35.0,COVID-19
DE-SL,00+,2023-09-25,2023-09-20,-5 day ahead inc hosp,quantile,0.9,35.0,COVID-19
DE-SL,00+,2023-09-25,2023-09-19,-6 day ahead inc hosp,quantile,0.9,28.0,COVID-19
DE-SL,00+,2023-09-25,2023-09-18,-7 day ahead inc hosp,quantile,0.9,33.0,COVID-19
DE-SL,00+,2023-09-25,2023-09-17,-8 day ahead inc hosp,quantile,0.9,33.0,COVID-19
DE-SL,00+,2023-09-25,2023-09-16,-9 day ahead inc hosp,quantile,0.9,33.0,COVID-19
DE-SL,00+,2023-09-25,2023-09-15,-10 day ahead inc hosp,quantile,0.9,33.0,COVID-19
DE-SL,00+,2023-09-25,2023-09-14,-11 day ahead inc hosp,quantile,0.9,31.0,COVID-19
DE-SL,00+,2023-09-25,2023-09-13,-12 day ahead inc hosp,quantile,0.9,29.0,COVID-19
DE-SL,00+,2023-09-25,2023-09-12,-13 day ahead inc hosp,quantile,0.9,25.0,COVID-19
DE-SL,00+,2023-09-25,2023-09-11,-14 day ahead inc hosp,quantile,0.9,16.0,COVID-19
DE-SL,00+,2023-09-25,2023-09-10,-15 day ahead inc hosp,quantile,0.9,16.0,COVID-19
DE-SL,00+,2023-09-25,2023-09-09,-16 day ahead inc hosp,quantile,0.9,16.0,COVID-19
DE-SL,00+,2023-09-25,2023-09-08,-17 day ahead inc hosp,quantile,0.9,15.0,COVID-19
DE-SL,00+,2023-09-25,2023-09-07,-18 day ahead inc hosp,quantile,0.9,14.0,COVID-19
DE-SL,00+,2023-09-25,2023-09-06,-19 day ahead inc hosp,quantile,0.9,12.0,COVID-19
DE-SL,00+,2023-09-25,2023-09-05,-20 day ahead inc hosp,quantile,0.9,11.0,COVID-19
DE-SL,00+,2023-09-25,2023-09-04,-21 day ahead inc hosp,quantile,0.9,11.0,COVID-19
DE-SL,00+,2023-09-25,2023-09-03,-22 day ahead inc hosp,quantile,0.9,11.0,COVID-19
DE-SL,00+,2023-09-25,2023-09-02,-23 day ahead inc hosp,quantile,0.9,11.0,COVID-19
DE-SL,00+,2023-09-25,2023-09-01,-24 day ahead inc hosp,quantile,0.9,12.0,COVID-19
DE-SL,00+,2023-09-25,2023-08-31,-25 day ahead inc hosp,quantile,0.9,10.0,COVID-19
DE-SL,00+,2023-09-25,2023-08-30,-26 day ahead inc hosp,quantile,0.9,9.0,COVID-19
DE-SL,00+,2023-09-25,2023-08-29,-27 day ahead inc hosp,quantile,0.9,9.0,COVID-19
DE-SL,00+,2023-09-25,2023-08-28,-28 day ahead inc hosp,quantile,0.9,7.0,COVID-19
DE-SL,00+,2023-09-25,2023-09-25,0 day ahead inc hosp,quantile,0.975,59.9,COVID-19
DE-SL,00+,2023-09-25,2023-09-24,-1 day ahead inc hosp,quantile,0.975,43.4,COVID-19
DE-SL,00+,2023-09-25,2023-09-23,-2 day ahead inc hosp,quantile,0.975,43.4,COVID-19
DE-SL,00+,2023-09-25,2023-09-22,-3 day ahead inc hosp,quantile,0.975,43.4,COVID-19
DE-SL,00+,2023-09-25,2023-09-21,-4 day ahead inc hosp,quantile,0.975,42.9,COVID-19
DE-SL,00+,2023-09-25,2023-09-20,-5 day ahead inc hosp,quantile,0.975,42.9,COVID-19
DE-SL,00+,2023-09-25,2023-09-19,-6 day ahead inc hosp,quantile,0.975,34.7,COVID-19
DE-SL,00+,2023-09-25,2023-09-18,-7 day ahead inc hosp,quantile,0.975,40.9,COVID-19
DE-SL,00+,2023-09-25,2023-09-17,-8 day ahead inc hosp,quantile,0.975,40.9,COVID-19
DE-SL,00+,2023-09-25,2023-09-16,-9 day ahead inc hosp,quantile,0.975,40.9,COVID-19
DE-SL,00+,2023-09-25,2023-09-15,-10 day ahead inc hosp,quantile,0.975,40.9,COVID-19
DE-SL,00+,2023-09-25,2023-09-14,-11 day ahead inc hosp,quantile,0.975,38.4,COVID-19
DE-SL,00+,2023-09-25,2023-09-13,-12 day ahead inc hosp,quantile,0.975,35.9,COVID-19
DE-SL,00+,2023-09-25,2023-09-12,-13 day ahead inc hosp,quantile,0.975,31.0,COVID-19
DE-SL,00+,2023-09-25,2023-09-11,-14 day ahead inc hosp,quantile,0.975,19.8,COVID-19
DE-SL,00+,2023-09-25,2023-09-10,-15 day ahead inc hosp,quantile,0.975,19.8,COVID-19
DE-SL,00+,2023-09-25,2023-09-09,-16 day ahead inc hosp,quantile,0.975,19.8,COVID-19
DE-SL,00+,2023-09-25,2023-09-08,-17 day ahead inc hosp,quantile,0.975,18.6,COVID-19
DE-SL,00+,2023-09-25,2023-09-07,-18 day ahead inc hosp,quantile,0.975,17.3,COVID-19
DE-SL,00+,2023-09-25,2023-09-06,-19 day ahead inc hosp,quantile,0.975,13.9,COVID-19
DE-SL,00+,2023-09-25,2023-09-05,-20 day ahead inc hosp,quantile,0.975,12.0,COVID-19
DE-SL,00+,2023-09-25,2023-09-04,-21 day ahead inc hosp,quantile,0.975,11.0,COVID-19
DE-SL,00+,2023-09-25,2023-09-03,-22 day ahead inc hosp,quantile,0.975,11.0,COVID-19
DE-SL,00+,2023-09-25,2023-09-02,-23 day ahead inc hosp,quantile,0.975,11.0,COVID-19
DE-SL,00+,2023-09-25,2023-09-01,-24 day ahead inc hosp,quantile,0.975,12.0,COVID-19
DE-SL,00+,2023-09-25,2023-08-31,-25 day ahead inc hosp,quantile,0.975,10.0,COVID-19
DE-SL,00+,2023-09-25,2023-08-30,-26 day ahead inc hosp,quantile,0.975,9.0,COVID-19
DE-SL,00+,2023-09-25,2023-08-29,-27 day ahead inc hosp,quantile,0.975,9.0,COVID-19
DE-SL,00+,2023-09-25,2023-08-28,-28 day ahead inc hosp,quantile,0.975,7.0,COVID-19
DE-SN,00+,2023-09-25,2023-09-25,0 day ahead inc hosp,mean,,90.5,COVID-19
DE-SN,00+,2023-09-25,2023-09-24,-1 day ahead inc hosp,mean,,92.6,COVID-19
DE-SN,00+,2023-09-25,2023-09-23,-2 day ahead inc hosp,mean,,99.5,COVID-19
DE-SN,00+,2023-09-25,2023-09-22,-3 day ahead inc hosp,mean,,100.0,COVID-19
DE-SN,00+,2023-09-25,2023-09-21,-4 day ahead inc hosp,mean,,102.5,COVID-19
DE-SN,00+,2023-09-25,2023-09-20,-5 day ahead inc hosp,mean,,98.3,COVID-19
DE-SN,00+,2023-09-25,2023-09-19,-6 day ahead inc hosp,mean,,91.9,COVID-19
DE-SN,00+,2023-09-25,2023-09-18,-7 day ahead inc hosp,mean,,87.2,COVID-19
DE-SN,00+,2023-09-25,2023-09-17,-8 day ahead inc hosp,mean,,86.1,COVID-19
DE-SN,00+,2023-09-25,2023-09-16,-9 day ahead inc hosp,mean,,82.3,COVID-19
DE-SN,00+,2023-09-25,2023-09-15,-10 day ahead inc hosp,mean,,82.4,COVID-19
DE-SN,00+,2023-09-25,2023-09-14,-11 day ahead inc hosp,mean,,83.2,COVID-19
DE-SN,00+,2023-09-25,2023-09-13,-12 day ahead inc hosp,mean,,81.8,COVID-19
DE-SN,00+,2023-09-25,2023-09-12,-13 day ahead inc hosp,mean,,81.5,COVID-19
DE-SN,00+,2023-09-25,2023-09-11,-14 day ahead inc hosp,mean,,73.4,COVID-19
DE-SN,00+,2023-09-25,2023-09-10,-15 day ahead inc hosp,mean,,74.4,COVID-19
DE-SN,00+,2023-09-25,2023-09-09,-16 day ahead inc hosp,mean,,71.3,COVID-19
DE-SN,00+,2023-09-25,2023-09-08,-17 day ahead inc hosp,mean,,72.1,COVID-19
DE-SN,00+,2023-09-25,2023-09-07,-18 day ahead inc hosp,mean,,56.0,COVID-19
DE-SN,00+,2023-09-25,2023-09-06,-19 day ahead inc hosp,mean,,54.0,COVID-19
DE-SN,00+,2023-09-25,2023-09-05,-20 day ahead inc hosp,mean,,49.0,COVID-19
DE-SN,00+,2023-09-25,2023-09-04,-21 day ahead inc hosp,mean,,59.0,COVID-19
DE-SN,00+,2023-09-25,2023-09-03,-22 day ahead inc hosp,mean,,60.0,COVID-19
DE-SN,00+,2023-09-25,2023-09-02,-23 day ahead inc hosp,mean,,63.0,COVID-19
DE-SN,00+,2023-09-25,2023-09-01,-24 day ahead inc hosp,mean,,59.0,COVID-19
DE-SN,00+,2023-09-25,2023-08-31,-25 day ahead inc hosp,mean,,65.0,COVID-19
DE-SN,00+,2023-09-25,2023-08-30,-26 day ahead inc hosp,mean,,65.0,COVID-19
DE-SN,00+,2023-09-25,2023-08-29,-27 day ahead inc hosp,mean,,64.0,COVID-19
DE-SN,00+,2023-09-25,2023-08-28,-28 day ahead inc hosp,mean,,52.0,COVID-19
DE-SN,00+,2023-09-25,2023-09-25,0 day ahead inc hosp,quantile,0.025,69.8338235294118,COVID-19
DE-SN,00+,2023-09-25,2023-09-24,-1 day ahead inc hosp,quantile,0.025,75.0720588235294,COVID-19
DE-SN,00+,2023-09-25,2023-09-23,-2 day ahead inc hosp,quantile,0.025,81.0027573529412,COVID-19
DE-SN,00+,2023-09-25,2023-09-22,-3 day ahead inc hosp,quantile,0.025,86.0714285714286,COVID-19
DE-SN,00+,2023-09-25,2023-09-21,-4 day ahead inc hosp,quantile,0.025,93.7406417112299,COVID-19
DE-SN,00+,2023-09-25,2023-09-20,-5 day ahead inc hosp,quantile,0.025,91.7387700534759,COVID-19
DE-SN,00+,2023-09-25,2023-09-19,-6 day ahead inc hosp,quantile,0.025,87.20375,COVID-19
DE-SN,00+,2023-09-25,2023-09-18,-7 day ahead inc hosp,quantile,0.025,83.4021739130435,COVID-19
DE-SN,00+,2023-09-25,2023-09-17,-8 day ahead inc hosp,quantile,0.025,82.4241810199257,COVID-19
DE-SN,00+,2023-09-25,2023-09-16,-9 day ahead inc hosp,quantile,0.025,79.0,COVID-19
DE-SN,00+,2023-09-25,2023-09-15,-10 day ahead inc hosp,quantile,0.025,80.0,COVID-19
DE-SN,00+,2023-09-25,2023-09-14,-11 day ahead inc hosp,quantile,0.025,82.0,COVID-19
DE-SN,00+,2023-09-25,2023-09-13,-12 day ahead inc hosp,quantile,0.025,81.0,COVID-19
DE-SN,00+,2023-09-25,2023-09-12,-13 day ahead inc hosp,quantile,0.025,81.0,COVID-19
DE-SN,00+,2023-09-25,2023-09-11,-14 day ahead inc hosp,quantile,0.025,73.0,COVID-19
DE-SN,00+,2023-09-25,2023-09-10,-15 day ahead inc hosp,quantile,0.025,74.0,COVID-19
DE-SN,00+,2023-09-25,2023-09-09,-16 day ahead inc hosp,quantile,0.025,71.0,COVID-19
DE-SN,00+,2023-09-25,2023-09-08,-17 day ahead inc hosp,quantile,0.025,72.0,COVID-19
DE-SN,00+,2023-09-25,2023-09-07,-18 day ahead inc hosp,quantile,0.025,56.0,COVID-19
DE-SN,00+,2023-09-25,2023-09-06,-19 day ahead inc hosp,quantile,0.025,54.0,COVID-19
DE-SN,00+,2023-09-25,2023-09-05,-20 day ahead inc hosp,quantile,0.025,49.0,COVID-19
DE-SN,00+,2023-09-25,2023-09-04,-21 day ahead inc hosp,quantile,0.025,59.0,COVID-19
DE-SN,00+,2023-09-25,2023-09-03,-22 day ahead inc hosp,quantile,0.025,60.0,COVID-19
DE-SN,00+,2023-09-25,2023-09-02,-23 day ahead inc hosp,quantile,0.025,63.0,COVID-19
DE-SN,00+,2023-09-25,2023-09-01,-24 day ahead inc hosp,quantile,0.025,59.0,COVID-19
DE-SN,00+,2023-09-25,2023-08-31,-25 day ahead inc hosp,quantile,0.025,65.0,COVID-19
DE-SN,00+,2023-09-25,2023-08-30,-26 day ahead inc hosp,quantile,0.025,65.0,COVID-19
DE-SN,00+,2023-09-25,2023-08-29,-27 day ahead inc hosp,quantile,0.025,64.0,COVID-19
DE-SN,00+,2023-09-25,2023-08-28,-28 day ahead inc hosp,quantile,0.025,52.0,COVID-19
DE-SN,00+,2023-09-25,2023-09-25,0 day ahead inc hosp,quantile,0.1,83.0,COVID-19
DE-SN,00+,2023-09-25,2023-09-24,-1 day ahead inc hosp,quantile,0.1,85.0,COVID-19
DE-SN,00+,2023-09-25,2023-09-23,-2 day ahead inc hosp,quantile,0.1,91.7272727272727,COVID-19
DE-SN,00+,2023-09-25,2023-09-22,-3 day ahead inc hosp,quantile,0.1,94.0,COVID-19
DE-SN,00+,2023-09-25,2023-09-21,-4 day ahead inc hosp,quantile,0.1,97.1780821917808,COVID-19
DE-SN,00+,2023-09-25,2023-09-20,-5 day ahead inc hosp,quantile,0.1,95.0,COVID-19
DE-SN,00+,2023-09-25,2023-09-19,-6 day ahead inc hosp,quantile,0.1,89.0,COVID-19
DE-SN,00+,2023-09-25,2023-09-18,-7 day ahead inc hosp,quantile,0.1,85.0,COVID-19
DE-SN,00+,2023-09-25,2023-09-17,-8 day ahead inc hosp,quantile,0.1,84.0,COVID-19
DE-SN,00+,2023-09-25,2023-09-16,-9 day ahead inc hosp,quantile,0.1,80.0,COVID-19
DE-SN,00+,2023-09-25,2023-09-15,-10 day ahead inc hosp,quantile,0.1,81.0,COVID-19
DE-SN,00+,2023-09-25,2023-09-14,-11 day ahead inc hosp,quantile,0.1,82.0,COVID-19
DE-SN,00+,2023-09-25,2023-09-13,-12 day ahead inc hosp,quantile,0.1,81.0,COVID-19
DE-SN,00+,2023-09-25,2023-09-12,-13 day ahead inc hosp,quantile,0.1,81.0,COVID-19
DE-SN,00+,2023-09-25,2023-09-11,-14 day ahead inc hosp,quantile,0.1,73.0,COVID-19
DE-SN,00+,2023-09-25,2023-09-10,-15 day ahead inc hosp,quantile,0.1,74.0,COVID-19
DE-SN,00+,2023-09-25,2023-09-09,-16 day ahead inc hosp,quantile,0.1,71.0,COVID-19
DE-SN,00+,2023-09-25,2023-09-08,-17 day ahead inc hosp,quantile,0.1,72.0,COVID-19
DE-SN,00+,2023-09-25,2023-09-07,-18 day ahead inc hosp,quantile,0.1,56.0,COVID-19
DE-SN,00+,2023-09-25,2023-09-06,-19 day ahead inc hosp,quantile,0.1,54.0,COVID-19
DE-SN,00+,2023-09-25,2023-09-05,-20 day ahead inc hosp,quantile,0.1,49.0,COVID-19
DE-SN,00+,2023-09-25,2023-09-04,-21 day ahead inc hosp,quantile,0.1,59.0,COVID-19
DE-SN,00+,2023-09-25,2023-09-03,-22 day ahead inc hosp,quantile,0.1,60.0,COVID-19
DE-SN,00+,2023-09-25,2023-09-02,-23 day ahead inc hosp,quantile,0.1,63.0,COVID-19
DE-SN,00+,2023-09-25,2023-09-01,-24 day ahead inc hosp,quantile,0.1,59.0,COVID-19
DE-SN,00+,2023-09-25,2023-08-31,-25 day ahead inc hosp,quantile,0.1,65.0,COVID-19
DE-SN,00+,2023-09-25,2023-08-30,-26 day ahead inc hosp,quantile,0.1,65.0,COVID-19
DE-SN,00+,2023-09-25,2023-08-29,-27 day ahead inc hosp,quantile,0.1,64.0,COVID-19
DE-SN,00+,2023-09-25,2023-08-28,-28 day ahead inc hosp,quantile,0.1,52.0,COVID-19
DE-SN,00+,2023-09-25,2023-09-25,0 day ahead inc hosp,quantile,0.25,87.0,COVID-19
DE-SN,00+,2023-09-25,2023-09-24,-1 day ahead inc hosp,quantile,0.25,89.0,COVID-19
DE-SN,00+,2023-09-25,2023-09-23,-2 day ahead inc hosp,quantile,0.25,96.0,COVID-19
DE-SN,00+,2023-09-25,2023-09-22,-3 day ahead inc hosp,quantile,0.25,97.0,COVID-19
DE-SN,00+,2023-09-25,2023-09-21,-4 day ahead inc hosp,quantile,0.25,100.0,COVID-19
DE-SN,00+,2023-09-25,2023-09-20,-5 day ahead inc hosp,quantile,0.25,97.0,COVID-19
DE-SN,00+,2023-09-25,2023-09-19,-6 day ahead inc hosp,quantile,0.25,91.0,COVID-19
DE-SN,00+,2023-09-25,2023-09-18,-7 day ahead inc hosp,quantile,0.25,86.0,COVID-19
DE-SN,00+,2023-09-25,2023-09-17,-8 day ahead inc hosp,quantile,0.25,85.0,COVID-19
DE-SN,00+,2023-09-25,2023-09-16,-9 day ahead inc hosp,quantile,0.25,81.0,COVID-19
DE-SN,00+,2023-09-25,2023-09-15,-10 day ahead inc hosp,quantile,0.25,81.0,COVID-19
DE-SN,00+,2023-09-25,2023-09-14,-11 day ahead inc hosp,quantile,0.25,83.0,COVID-19
DE-SN,00+,2023-09-25,2023-09-13,-12 day ahead inc hosp,quantile,0.25,81.0,COVID-19
DE-SN,00+,2023-09-25,2023-09-12,-13 day ahead inc hosp,quantile,0.25,81.0,COVID-19
DE-SN,00+,2023-09-25,2023-09-11,-14 day ahead inc hosp,quantile,0.25,73.0,COVID-19
DE-SN,00+,2023-09-25,2023-09-10,-15 day ahead inc hosp,quantile,0.25,74.0,COVID-19
DE-SN,00+,2023-09-25,2023-09-09,-16 day ahead inc hosp,quantile,0.25,71.0,COVID-19
DE-SN,00+,2023-09-25,2023-09-08,-17 day ahead inc hosp,quantile,0.25,72.0,COVID-19
DE-SN,00+,2023-09-25,2023-09-07,-18 day ahead inc hosp,quantile,0.25,56.0,COVID-19
DE-SN,00+,2023-09-25,2023-09-06,-19 day ahead inc hosp,quantile,0.25,54.0,COVID-19
DE-SN,00+,2023-09-25,2023-09-05,-20 day ahead inc hosp,quantile,0.25,49.0,COVID-19
DE-SN,00+,2023-09-25,2023-09-04,-21 day ahead inc hosp,quantile,0.25,59.0,COVID-19
DE-SN,00+,2023-09-25,2023-09-03,-22 day ahead inc hosp,quantile,0.25,60.0,COVID-19
DE-SN,00+,2023-09-25,2023-09-02,-23 day ahead inc hosp,quantile,0.25,63.0,COVID-19
DE-SN,00+,2023-09-25,2023-09-01,-24 day ahead inc hosp,quantile,0.25,59.0,COVID-19
DE-SN,00+,2023-09-25,2023-08-31,-25 day ahead inc hosp,quantile,0.25,65.0,COVID-19
DE-SN,00+,2023-09-25,2023-08-30,-26 day ahead inc hosp,quantile,0.25,65.0,COVID-19
DE-SN,00+,2023-09-25,2023-08-29,-27 day ahead inc hosp,quantile,0.25,64.0,COVID-19
DE-SN,00+,2023-09-25,2023-08-28,-28 day ahead inc hosp,quantile,0.25,52.0,COVID-19
DE-SN,00+,2023-09-25,2023-09-25,0 day ahead inc hosp,quantile,0.5,91.0,COVID-19
DE-SN,00+,2023-09-25,2023-09-24,-1 day ahead inc hosp,quantile,0.5,93.0,COVID-19
DE-SN,00+,2023-09-25,2023-09-23,-2 day ahead inc hosp,quantile,0.5,100.0,COVID-19
DE-SN,00+,2023-09-25,2023-09-22,-3 day ahead inc hosp,quantile,0.5,101.0,COVID-19
DE-SN,00+,2023-09-25,2023-09-21,-4 day ahead inc hosp,quantile,0.5,103.0,COVID-19
DE-SN,00+,2023-09-25,2023-09-20,-5 day ahead inc hosp,quantile,0.5,99.0,COVID-19
DE-SN,00+,2023-09-25,2023-09-19,-6 day ahead inc hosp,quantile,0.5,92.0,COVID-19
DE-SN,00+,2023-09-25,2023-09-18,-7 day ahead inc hosp,quantile,0.5,88.0,COVID-19
DE-SN,00+,2023-09-25,2023-09-17,-8 day ahead inc hosp,quantile,0.5,86.0,COVID-19
DE-SN,00+,2023-09-25,2023-09-16,-9 day ahead inc hosp,quantile,0.5,83.0,COVID-19
DE-SN,00+,2023-09-25,2023-09-15,-10 day ahead inc hosp,quantile,0.5,83.0,COVID-19
DE-SN,00+,2023-09-25,2023-09-14,-11 day ahead inc hosp,quantile,0.5,83.0,COVID-19
DE-SN,00+,2023-09-25,2023-09-13,-12 day ahead inc hosp,quantile,0.5,82.0,COVID-19
DE-SN,00+,2023-09-25,2023-09-12,-13 day ahead inc hosp,quantile,0.5,81.0,COVID-19
DE-SN,00+,2023-09-25,2023-09-11,-14 day ahead inc hosp,quantile,0.5,73.0,COVID-19
DE-SN,00+,2023-09-25,2023-09-10,-15 day ahead inc hosp,quantile,0.5,74.0,COVID-19
DE-SN,00+,2023-09-25,2023-09-09,-16 day ahead inc hosp,quantile,0.5,71.0,COVID-19
DE-SN,00+,2023-09-25,2023-09-08,-17 day ahead inc hosp,quantile,0.5,72.0,COVID-19
DE-SN,00+,2023-09-25,2023-09-07,-18 day ahead inc hosp,quantile,0.5,56.0,COVID-19
DE-SN,00+,2023-09-25,2023-09-06,-19 day ahead inc hosp,quantile,0.5,54.0,COVID-19
DE-SN,00+,2023-09-25,2023-09-05,-20 day ahead inc hosp,quantile,0.5,49.0,COVID-19
DE-SN,00+,2023-09-25,2023-09-04,-21 day ahead inc hosp,quantile,0.5,59.0,COVID-19
DE-SN,00+,2023-09-25,2023-09-03,-22 day ahead inc hosp,quantile,0.5,60.0,COVID-19
DE-SN,00+,2023-09-25,2023-09-02,-23 day ahead inc hosp,quantile,0.5,63.0,COVID-19
DE-SN,00+,2023-09-25,2023-09-01,-24 day ahead inc hosp,quantile,0.5,59.0,COVID-19
DE-SN,00+,2023-09-25,2023-08-31,-25 day ahead inc hosp,quantile,0.5,65.0,COVID-19
DE-SN,00+,2023-09-25,2023-08-30,-26 day ahead inc hosp,quantile,0.5,65.0,COVID-19
DE-SN,00+,2023-09-25,2023-08-29,-27 day ahead inc hosp,quantile,0.5,64.0,COVID-19
DE-SN,00+,2023-09-25,2023-08-28,-28 day ahead inc hosp,quantile,0.5,52.0,COVID-19
DE-SN,00+,2023-09-25,2023-09-25,0 day ahead inc hosp,quantile,0.75,97.0,COVID-19
DE-SN,00+,2023-09-25,2023-09-24,-1 day ahead inc hosp,quantile,0.75,99.0,COVID-19
DE-SN,00+,2023-09-25,2023-09-23,-2 day ahead inc hosp,quantile,0.75,106.0,COVID-19
DE-SN,00+,2023-09-25,2023-09-22,-3 day ahead inc hosp,quantile,0.75,105.0,COVID-19
DE-SN,00+,2023-09-25,2023-09-21,-4 day ahead inc hosp,quantile,0.75,106.0,COVID-19
DE-SN,00+,2023-09-25,2023-09-20,-5 day ahead inc hosp,quantile,0.75,101.0,COVID-19
DE-SN,00+,2023-09-25,2023-09-19,-6 day ahead inc hosp,quantile,0.75,95.0,COVID-19
DE-SN,00+,2023-09-25,2023-09-18,-7 day ahead inc hosp,quantile,0.75,90.0,COVID-19
DE-SN,00+,2023-09-25,2023-09-17,-8 day ahead inc hosp,quantile,0.75,89.0,COVID-19
DE-SN,00+,2023-09-25,2023-09-16,-9 day ahead inc hosp,quantile,0.75,84.0,COVID-19
DE-SN,00+,2023-09-25,2023-09-15,-10 day ahead inc hosp,quantile,0.75,84.0,COVID-19
DE-SN,00+,2023-09-25,2023-09-14,-11 day ahead inc hosp,quantile,0.75,85.0,COVID-19
DE-SN,00+,2023-09-25,2023-09-13,-12 day ahead inc hosp,quantile,0.75,83.0,COVID-19
DE-SN,00+,2023-09-25,2023-09-12,-13 day ahead inc hosp,quantile,0.75,82.0,COVID-19
DE-SN,00+,2023-09-25,2023-09-11,-14 day ahead inc hosp,quantile,0.75,74.0,COVID-19
DE-SN,00+,2023-09-25,2023-09-10,-15 day ahead inc hosp,quantile,0.75,75.0,COVID-19
DE-SN,00+,2023-09-25,2023-09-09,-16 day ahead inc hosp,quantile,0.75,72.0,COVID-19
DE-SN,00+,2023-09-25,2023-09-08,-17 day ahead inc hosp,quantile,0.75,72.3,COVID-19
DE-SN,00+,2023-09-25,2023-09-07,-18 day ahead inc hosp,quantile,0.75,56.0,COVID-19
DE-SN,00+,2023-09-25,2023-09-06,-19 day ahead inc hosp,quantile,0.75,54.0,COVID-19
DE-SN,00+,2023-09-25,2023-09-05,-20 day ahead inc hosp,quantile,0.75,49.0,COVID-19
DE-SN,00+,2023-09-25,2023-09-04,-21 day ahead inc hosp,quantile,0.75,59.0,COVID-19
DE-SN,00+,2023-09-25,2023-09-03,-22 day ahead inc hosp,quantile,0.75,60.0,COVID-19
DE-SN,00+,2023-09-25,2023-09-02,-23 day ahead inc hosp,quantile,0.75,63.0,COVID-19
DE-SN,00+,2023-09-25,2023-09-01,-24 day ahead inc hosp,quantile,0.75,59.0,COVID-19
DE-SN,00+,2023-09-25,2023-08-31,-25 day ahead inc hosp,quantile,0.75,65.0,COVID-19
DE-SN,00+,2023-09-25,2023-08-30,-26 day ahead inc hosp,quantile,0.75,65.0,COVID-19
DE-SN,00+,2023-09-25,2023-08-29,-27 day ahead inc hosp,quantile,0.75,64.0,COVID-19
DE-SN,00+,2023-09-25,2023-08-28,-28 day ahead inc hosp,quantile,0.75,52.0,COVID-19
DE-SN,00+,2023-09-25,2023-09-25,0 day ahead inc hosp,quantile,0.9,103.0,COVID-19
DE-SN,00+,2023-09-25,2023-09-24,-1 day ahead inc hosp,quantile,0.9,105.0,COVID-19
DE-SN,00+,2023-09-25,2023-09-23,-2 day ahead inc hosp,quantile,0.9,112.869090909091,COVID-19
DE-SN,00+,2023-09-25,2023-09-22,-3 day ahead inc hosp,quantile,0.9,110.0,COVID-19
DE-SN,00+,2023-09-25,2023-09-21,-4 day ahead inc hosp,quantile,0.9,111.369863013699,COVID-19
DE-SN,00+,2023-09-25,2023-09-20,-5 day ahead inc hosp,quantile,0.9,104.0,COVID-19
DE-SN,00+,2023-09-25,2023-09-19,-6 day ahead inc hosp,quantile,0.9,97.0,COVID-19
DE-SN,00+,2023-09-25,2023-09-18,-7 day ahead inc hosp,quantile,0.9,92.0,COVID-19
DE-SN,00+,2023-09-25,2023-09-17,-8 day ahead inc hosp,quantile,0.9,91.0,COVID-19
DE-SN,00+,2023-09-25,2023-09-16,-9 day ahead inc hosp,quantile,0.9,86.0,COVID-19
DE-SN,00+,2023-09-25,2023-09-15,-10 day ahead inc hosp,quantile,0.9,86.0,COVID-19
DE-SN,00+,2023-09-25,2023-09-14,-11 day ahead inc hosp,quantile,0.9,86.0,COVID-19
DE-SN,00+,2023-09-25,2023-09-13,-12 day ahead inc hosp,quantile,0.9,84.0,COVID-19
DE-SN,00+,2023-09-25,2023-09-12,-13 day ahead inc hosp,quantile,0.9,84.0,COVID-19
DE-SN,00+,2023-09-25,2023-09-11,-14 day ahead inc hosp,quantile,0.9,75.0,COVID-19
DE-SN,00+,2023-09-25,2023-09-10,-15 day ahead inc hosp,quantile,0.9,76.0,COVID-19
DE-SN,00+,2023-09-25,2023-09-09,-16 day ahead inc hosp,quantile,0.9,73.0,COVID-19
DE-SN,00+,2023-09-25,2023-09-08,-17 day ahead inc hosp,quantile,0.9,73.0,COVID-19
DE-SN,00+,2023-09-25,2023-09-07,-18 day ahead inc hosp,quantile,0.9,57.0,COVID-19
DE-SN,00+,2023-09-25,2023-09-06,-19 day ahead inc hosp,quantile,0.9,54.0,COVID-19
DE-SN,00+,2023-09-25,2023-09-05,-20 day ahead inc hosp,quantile,0.9,49.0,COVID-19
DE-SN,00+,2023-09-25,2023-09-04,-21 day ahead inc hosp,quantile,0.9,59.0,COVID-19
DE-SN,00+,2023-09-25,2023-09-03,-22 day ahead inc hosp,quantile,0.9,60.0,COVID-19
DE-SN,00+,2023-09-25,2023-09-02,-23 day ahead inc hosp,quantile,0.9,63.0,COVID-19
DE-SN,00+,2023-09-25,2023-09-01,-24 day ahead inc hosp,quantile,0.9,59.0,COVID-19
DE-SN,00+,2023-09-25,2023-08-31,-25 day ahead inc hosp,quantile,0.9,65.0,COVID-19
DE-SN,00+,2023-09-25,2023-08-30,-26 day ahead inc hosp,quantile,0.9,65.0,COVID-19
DE-SN,00+,2023-09-25,2023-08-29,-27 day ahead inc hosp,quantile,0.9,64.0,COVID-19
DE-SN,00+,2023-09-25,2023-08-28,-28 day ahead inc hosp,quantile,0.9,52.0,COVID-19
DE-SN,00+,2023-09-25,2023-09-25,0 day ahead inc hosp,quantile,0.975,137.5,COVID-19
DE-SN,00+,2023-09-25,2023-09-24,-1 day ahead inc hosp,quantile,0.975,139.4,COVID-19
DE-SN,00+,2023-09-25,2023-09-23,-2 day ahead inc hosp,quantile,0.975,146.5,COVID-19
DE-SN,00+,2023-09-25,2023-09-22,-3 day ahead inc hosp,quantile,0.975,127.857142857143,COVID-19
DE-SN,00+,2023-09-25,2023-09-21,-4 day ahead inc hosp,quantile,0.975,129.5,COVID-19
DE-SN,00+,2023-09-25,2023-09-20,-5 day ahead inc hosp,quantile,0.975,121.7,COVID-19
DE-SN,00+,2023-09-25,2023-09-19,-6 day ahead inc hosp,quantile,0.975,112.1,COVID-19
DE-SN,00+,2023-09-25,2023-09-18,-7 day ahead inc hosp,quantile,0.975,106.8,COVID-19
DE-SN,00+,2023-09-25,2023-09-17,-8 day ahead inc hosp,quantile,0.975,105.9,COVID-19
DE-SN,00+,2023-09-25,2023-09-16,-9 day ahead inc hosp,quantile,0.975,99.7,COVID-19
DE-SN,00+,2023-09-25,2023-09-15,-10 day ahead inc hosp,quantile,0.975,99.6,COVID-19
DE-SN,00+,2023-09-25,2023-09-14,-11 day ahead inc hosp,quantile,0.975,91.0,COVID-19
DE-SN,00+,2023-09-25,2023-09-13,-12 day ahead inc hosp,quantile,0.975,89.0,COVID-19
DE-SN,00+,2023-09-25,2023-09-12,-13 day ahead inc hosp,quantile,0.975,89.0,COVID-19
DE-SN,00+,2023-09-25,2023-09-11,-14 day ahead inc hosp,quantile,0.975,80.6,COVID-19
DE-SN,00+,2023-09-25,2023-09-10,-15 day ahead inc hosp,quantile,0.975,81.0,COVID-19
DE-SN,00+,2023-09-25,2023-09-09,-16 day ahead inc hosp,quantile,0.975,78.0,COVID-19
DE-SN,00+,2023-09-25,2023-09-08,-17 day ahead inc hosp,quantile,0.975,78.0,COVID-19
DE-SN,00+,2023-09-25,2023-09-07,-18 day ahead inc hosp,quantile,0.975,60.0,COVID-19
DE-SN,00+,2023-09-25,2023-09-06,-19 day ahead inc hosp,quantile,0.975,57.0,COVID-19
DE-SN,00+,2023-09-25,2023-09-05,-20 day ahead inc hosp,quantile,0.975,51.0,COVID-19
DE-SN,00+,2023-09-25,2023-09-04,-21 day ahead inc hosp,quantile,0.975,61.0,COVID-19
DE-SN,00+,2023-09-25,2023-09-03,-22 day ahead inc hosp,quantile,0.975,62.0,COVID-19
DE-SN,00+,2023-09-25,2023-09-02,-23 day ahead inc hosp,quantile,0.975,67.0,COVID-19
DE-SN,00+,2023-09-25,2023-09-01,-24 day ahead inc hosp,quantile,0.975,61.0,COVID-19
DE-SN,00+,2023-09-25,2023-08-31,-25 day ahead inc hosp,quantile,0.975,69.0,COVID-19
DE-SN,00+,2023-09-25,2023-08-30,-26 day ahead inc hosp,quantile,0.975,69.0,COVID-19
DE-SN,00+,2023-09-25,2023-08-29,-27 day ahead inc hosp,quantile,0.975,68.0,COVID-19
DE-SN,00+,2023-09-25,2023-08-28,-28 day ahead inc hosp,quantile,0.975,54.0,COVID-19
DE-ST,00+,2023-09-25,2023-09-25,0 day ahead inc hosp,mean,,68.9,COVID-19
DE-ST,00+,2023-09-25,2023-09-24,-1 day ahead inc hosp,mean,,68.9,COVID-19
DE-ST,00+,2023-09-25,2023-09-23,-2 day ahead inc hosp,mean,,76.3,COVID-19
DE-ST,00+,2023-09-25,2023-09-22,-3 day ahead inc hosp,mean,,67.3,COVID-19
DE-ST,00+,2023-09-25,2023-09-21,-4 day ahead inc hosp,mean,,69.1,COVID-19
DE-ST,00+,2023-09-25,2023-09-20,-5 day ahead inc hosp,mean,,72.5,COVID-19
DE-ST,00+,2023-09-25,2023-09-19,-6 day ahead inc hosp,mean,,70.9,COVID-19
DE-ST,00+,2023-09-25,2023-09-18,-7 day ahead inc hosp,mean,,66.0,COVID-19
DE-ST,00+,2023-09-25,2023-09-17,-8 day ahead inc hosp,mean,,67.3,COVID-19
DE-ST,00+,2023-09-25,2023-09-16,-9 day ahead inc hosp,mean,,62.1,COVID-19
DE-ST,00+,2023-09-25,2023-09-15,-10 day ahead inc hosp,mean,,71.2,COVID-19
DE-ST,00+,2023-09-25,2023-09-14,-11 day ahead inc hosp,mean,,67.6,COVID-19
DE-ST,00+,2023-09-25,2023-09-13,-12 day ahead inc hosp,mean,,61.7,COVID-19
DE-ST,00+,2023-09-25,2023-09-12,-13 day ahead inc hosp,mean,,52.9,COVID-19
DE-ST,00+,2023-09-25,2023-09-11,-14 day ahead inc hosp,mean,,49.2,COVID-19
DE-ST,00+,2023-09-25,2023-09-10,-15 day ahead inc hosp,mean,,47.9,COVID-19
DE-ST,00+,2023-09-25,2023-09-09,-16 day ahead inc hosp,mean,,45.7,COVID-19
DE-ST,00+,2023-09-25,2023-09-08,-17 day ahead inc hosp,mean,,35.2,COVID-19
DE-ST,00+,2023-09-25,2023-09-07,-18 day ahead inc hosp,mean,,33.0,COVID-19
DE-ST,00+,2023-09-25,2023-09-06,-19 day ahead inc hosp,mean,,30.8,COVID-19
DE-ST,00+,2023-09-25,2023-09-05,-20 day ahead inc hosp,mean,,31.7,COVID-19
DE-ST,00+,2023-09-25,2023-09-04,-21 day ahead inc hosp,mean,,27.3,COVID-19
DE-ST,00+,2023-09-25,2023-09-03,-22 day ahead inc hosp,mean,,27.3,COVID-19
DE-ST,00+,2023-09-25,2023-09-02,-23 day ahead inc hosp,mean,,27.3,COVID-19
DE-ST,00+,2023-09-25,2023-09-01,-24 day ahead inc hosp,mean,,27.2,COVID-19
DE-ST,00+,2023-09-25,2023-08-31,-25 day ahead inc hosp,mean,,24.2,COVID-19
DE-ST,00+,2023-09-25,2023-08-30,-26 day ahead inc hosp,mean,,25.2,COVID-19
DE-ST,00+,2023-09-25,2023-08-29,-27 day ahead inc hosp,mean,,27.2,COVID-19
DE-ST,00+,2023-09-25,2023-08-28,-28 day ahead inc hosp,mean,,23.1,COVID-19
DE-ST,00+,2023-09-25,2023-09-25,0 day ahead inc hosp,quantile,0.025,58.1981818181818,COVID-19
DE-ST,00+,2023-09-25,2023-09-24,-1 day ahead inc hosp,quantile,0.025,61.7241666666667,COVID-19
DE-ST,00+,2023-09-25,2023-09-23,-2 day ahead inc hosp,quantile,0.025,65.0,COVID-19
DE-ST,00+,2023-09-25,2023-09-22,-3 day ahead inc hosp,quantile,0.025,59.0,COVID-19
DE-ST,00+,2023-09-25,2023-09-21,-4 day ahead inc hosp,quantile,0.025,62.0,COVID-19
DE-ST,00+,2023-09-25,2023-09-20,-5 day ahead inc hosp,quantile,0.025,66.0,COVID-19
DE-ST,00+,2023-09-25,2023-09-19,-6 day ahead inc hosp,quantile,0.025,65.0,COVID-19
DE-ST,00+,2023-09-25,2023-09-18,-7 day ahead inc hosp,quantile,0.025,62.0,COVID-19
DE-ST,00+,2023-09-25,2023-09-17,-8 day ahead inc hosp,quantile,0.025,63.0,COVID-19
DE-ST,00+,2023-09-25,2023-09-16,-9 day ahead inc hosp,quantile,0.025,58.0,COVID-19
DE-ST,00+,2023-09-25,2023-09-15,-10 day ahead inc hosp,quantile,0.025,67.0,COVID-19
DE-ST,00+,2023-09-25,2023-09-14,-11 day ahead inc hosp,quantile,0.025,64.0,COVID-19
DE-ST,00+,2023-09-25,2023-09-13,-12 day ahead inc hosp,quantile,0.025,58.0,COVID-19
DE-ST,00+,2023-09-25,2023-09-12,-13 day ahead inc hosp,quantile,0.025,50.0,COVID-19
DE-ST,00+,2023-09-25,2023-09-11,-14 day ahead inc hosp,quantile,0.025,47.0,COVID-19
DE-ST,00+,2023-09-25,2023-09-10,-15 day ahead inc hosp,quantile,0.025,46.0,COVID-19
DE-ST,00+,2023-09-25,2023-09-09,-16 day ahead inc hosp,quantile,0.025,44.0,COVID-19
DE-ST,00+,2023-09-25,2023-09-08,-17 day ahead inc hosp,quantile,0.025,34.0,COVID-19
DE-ST,00+,2023-09-25,2023-09-07,-18 day ahead inc hosp,quantile,0.025,32.0,COVID-19
DE-ST,00+,2023-09-25,2023-09-06,-19 day ahead inc hosp,quantile,0.025,30.0,COVID-19
DE-ST,00+,2023-09-25,2023-09-05,-20 day ahead inc hosp,quantile,0.025,31.7,COVID-19
DE-ST,00+,2023-09-25,2023-09-04,-21 day ahead inc hosp,quantile,0.025,27.3,COVID-19
DE-ST,00+,2023-09-25,2023-09-03,-22 day ahead inc hosp,quantile,0.025,27.3,COVID-19
DE-ST,00+,2023-09-25,2023-09-02,-23 day ahead inc hosp,quantile,0.025,27.3,COVID-19
DE-ST,00+,2023-09-25,2023-09-01,-24 day ahead inc hosp,quantile,0.025,27.2,COVID-19
DE-ST,00+,2023-09-25,2023-08-31,-25 day ahead inc hosp,quantile,0.025,24.2,COVID-19
DE-ST,00+,2023-09-25,2023-08-30,-26 day ahead inc hosp,quantile,0.025,25.2,COVID-19
DE-ST,00+,2023-09-25,2023-08-29,-27 day ahead inc hosp,quantile,0.025,27.2,COVID-19
DE-ST,00+,2023-09-25,2023-08-28,-28 day ahead inc hosp,quantile,0.025,23.1,COVID-19
DE-ST,00+,2023-09-25,2023-09-25,0 day ahead inc hosp,quantile,0.1,62.0,COVID-19
DE-ST,00+,2023-09-25,2023-09-24,-1 day ahead inc hosp,quantile,0.1,63.9841474654378,COVID-19
DE-ST,00+,2023-09-25,2023-09-23,-2 day ahead inc hosp,quantile,0.1,70.0,COVID-19
DE-ST,00+,2023-09-25,2023-09-22,-3 day ahead inc hosp,quantile,0.1,62.0,COVID-19
DE-ST,00+,2023-09-25,2023-09-21,-4 day ahead inc hosp,quantile,0.1,65.0,COVID-19
DE-ST,00+,2023-09-25,2023-09-20,-5 day ahead inc hosp,quantile,0.1,69.0,COVID-19
DE-ST,00+,2023-09-25,2023-09-19,-6 day ahead inc hosp,quantile,0.1,68.0,COVID-19
DE-ST,00+,2023-09-25,2023-09-18,-7 day ahead inc hosp,quantile,0.1,62.775,COVID-19
DE-ST,00+,2023-09-25,2023-09-17,-8 day ahead inc hosp,quantile,0.1,65.0,COVID-19
DE-ST,00+,2023-09-25,2023-09-16,-9 day ahead inc hosp,quantile,0.1,60.0,COVID-19
DE-ST,00+,2023-09-25,2023-09-15,-10 day ahead inc hosp,quantile,0.1,69.0,COVID-19
DE-ST,00+,2023-09-25,2023-09-14,-11 day ahead inc hosp,quantile,0.1,65.0,COVID-19
DE-ST,00+,2023-09-25,2023-09-13,-12 day ahead inc hosp,quantile,0.1,60.0,COVID-19
DE-ST,00+,2023-09-25,2023-09-12,-13 day ahead inc hosp,quantile,0.1,51.0,COVID-19
DE-ST,00+,2023-09-25,2023-09-11,-14 day ahead inc hosp,quantile,0.1,48.0,COVID-19
DE-ST,00+,2023-09-25,2023-09-10,-15 day ahead inc hosp,quantile,0.1,47.0,COVID-19
DE-ST,00+,2023-09-25,2023-09-09,-16 day ahead inc hosp,quantile,0.1,44.0,COVID-19
DE-ST,00+,2023-09-25,2023-09-08,-17 day ahead inc hosp,quantile,0.1,34.0,COVID-19
DE-ST,00+,2023-09-25,2023-09-07,-18 day ahead inc hosp,quantile,0.1,32.0,COVID-19
DE-ST,00+,2023-09-25,2023-09-06,-19 day ahead inc hosp,quantile,0.1,30.0,COVID-19
DE-ST,00+,2023-09-25,2023-09-05,-20 day ahead inc hosp,quantile,0.1,31.7,COVID-19
DE-ST,00+,2023-09-25,2023-09-04,-21 day ahead inc hosp,quantile,0.1,27.3,COVID-19
DE-ST,00+,2023-09-25,2023-09-03,-22 day ahead inc hosp,quantile,0.1,27.3,COVID-19
DE-ST,00+,2023-09-25,2023-09-02,-23 day ahead inc hosp,quantile,0.1,27.3,COVID-19
DE-ST,00+,2023-09-25,2023-09-01,-24 day ahead inc hosp,quantile,0.1,27.2,COVID-19
DE-ST,00+,2023-09-25,2023-08-31,-25 day ahead inc hosp,quantile,0.1,24.2,COVID-19
DE-ST,00+,2023-09-25,2023-08-30,-26 day ahead inc hosp,quantile,0.1,25.2,COVID-19
DE-ST,00+,2023-09-25,2023-08-29,-27 day ahead inc hosp,quantile,0.1,27.2,COVID-19
DE-ST,00+,2023-09-25,2023-08-28,-28 day ahead inc hosp,quantile,0.1,23.1,COVID-19
DE-ST,00+,2023-09-25,2023-09-25,0 day ahead inc hosp,quantile,0.25,67.0,COVID-19
DE-ST,00+,2023-09-25,2023-09-24,-1 day ahead inc hosp,quantile,0.25,67.0,COVID-19
DE-ST,00+,2023-09-25,2023-09-23,-2 day ahead inc hosp,quantile,0.25,74.0,COVID-19
DE-ST,00+,2023-09-25,2023-09-22,-3 day ahead inc hosp,quantile,0.25,66.0,COVID-19
DE-ST,00+,2023-09-25,2023-09-21,-4 day ahead inc hosp,quantile,0.25,68.0,COVID-19
DE-ST,00+,2023-09-25,2023-09-20,-5 day ahead inc hosp,quantile,0.25,72.0,COVID-19
DE-ST,00+,2023-09-25,2023-09-19,-6 day ahead inc hosp,quantile,0.25,70.0,COVID-19
DE-ST,00+,2023-09-25,2023-09-18,-7 day ahead inc hosp,quantile,0.25,66.0,COVID-19
DE-ST,00+,2023-09-25,2023-09-17,-8 day ahead inc hosp,quantile,0.25,67.0,COVID-19
DE-ST,00+,2023-09-25,2023-09-16,-9 day ahead inc hosp,quantile,0.25,62.0,COVID-19
DE-ST,00+,2023-09-25,2023-09-15,-10 day ahead inc hosp,quantile,0.25,71.0,COVID-19
DE-ST,00+,2023-09-25,2023-09-14,-11 day ahead inc hosp,quantile,0.25,67.0,COVID-19
DE-ST,00+,2023-09-25,2023-09-13,-12 day ahead inc hosp,quantile,0.25,61.0,COVID-19
DE-ST,00+,2023-09-25,2023-09-12,-13 day ahead inc hosp,quantile,0.25,52.0,COVID-19
DE-ST,00+,2023-09-25,2023-09-11,-14 day ahead inc hosp,quantile,0.25,49.0,COVID-19
DE-ST,00+,2023-09-25,2023-09-10,-15 day ahead inc hosp,quantile,0.25,47.8,COVID-19
DE-ST,00+,2023-09-25,2023-09-09,-16 day ahead inc hosp,quantile,0.25,45.35,COVID-19
DE-ST,00+,2023-09-25,2023-09-08,-17 day ahead inc hosp,quantile,0.25,35.2,COVID-19
DE-ST,00+,2023-09-25,2023-09-07,-18 day ahead inc hosp,quantile,0.25,33.0,COVID-19
DE-ST,00+,2023-09-25,2023-09-06,-19 day ahead inc hosp,quantile,0.25,30.8,COVID-19
DE-ST,00+,2023-09-25,2023-09-05,-20 day ahead inc hosp,quantile,0.25,31.7,COVID-19
DE-ST,00+,2023-09-25,2023-09-04,-21 day ahead inc hosp,quantile,0.25,27.3,COVID-19
DE-ST,00+,2023-09-25,2023-09-03,-22 day ahead inc hosp,quantile,0.25,27.3,COVID-19
DE-ST,00+,2023-09-25,2023-09-02,-23 day ahead inc hosp,quantile,0.25,27.3,COVID-19
DE-ST,00+,2023-09-25,2023-09-01,-24 day ahead inc hosp,quantile,0.25,27.2,COVID-19
DE-ST,00+,2023-09-25,2023-08-31,-25 day ahead inc hosp,quantile,0.25,24.2,COVID-19
DE-ST,00+,2023-09-25,2023-08-30,-26 day ahead inc hosp,quantile,0.25,25.2,COVID-19
DE-ST,00+,2023-09-25,2023-08-29,-27 day ahead inc hosp,quantile,0.25,27.2,COVID-19
DE-ST,00+,2023-09-25,2023-08-28,-28 day ahead inc hosp,quantile,0.25,23.1,COVID-19
DE-ST,00+,2023-09-25,2023-09-25,0 day ahead inc hosp,quantile,0.5,73.0,COVID-19
DE-ST,00+,2023-09-25,2023-09-24,-1 day ahead inc hosp,quantile,0.5,73.0,COVID-19
DE-ST,00+,2023-09-25,2023-09-23,-2 day ahead inc hosp,quantile,0.5,81.0,COVID-19
DE-ST,00+,2023-09-25,2023-09-22,-3 day ahead inc hosp,quantile,0.5,72.0,COVID-19
DE-ST,00+,2023-09-25,2023-09-21,-4 day ahead inc hosp,quantile,0.5,74.0,COVID-19
DE-ST,00+,2023-09-25,2023-09-20,-5 day ahead inc hosp,quantile,0.5,77.0,COVID-19
DE-ST,00+,2023-09-25,2023-09-19,-6 day ahead inc hosp,quantile,0.5,75.0,COVID-19
DE-ST,00+,2023-09-25,2023-09-18,-7 day ahead inc hosp,quantile,0.5,70.0,COVID-19
DE-ST,00+,2023-09-25,2023-09-17,-8 day ahead inc hosp,quantile,0.5,71.0,COVID-19
DE-ST,00+,2023-09-25,2023-09-16,-9 day ahead inc hosp,quantile,0.5,65.0,COVID-19
DE-ST,00+,2023-09-25,2023-09-15,-10 day ahead inc hosp,quantile,0.5,74.0,COVID-19
DE-ST,00+,2023-09-25,2023-09-14,-11 day ahead inc hosp,quantile,0.5,70.0,COVID-19
DE-ST,00+,2023-09-25,2023-09-13,-12 day ahead inc hosp,quantile,0.5,64.0,COVID-19
DE-ST,00+,2023-09-25,2023-09-12,-13 day ahead inc hosp,quantile,0.5,55.0,COVID-19
DE-ST,00+,2023-09-25,2023-09-11,-14 day ahead inc hosp,quantile,0.5,51.0,COVID-19
DE-ST,00+,2023-09-25,2023-09-10,-15 day ahead inc hosp,quantile,0.5,49.0,COVID-19
DE-ST,00+,2023-09-25,2023-09-09,-16 day ahead inc hosp,quantile,0.5,47.0,COVID-19
DE-ST,00+,2023-09-25,2023-09-08,-17 day ahead inc hosp,quantile,0.5,36.0,COVID-19
DE-ST,00+,2023-09-25,2023-09-07,-18 day ahead inc hosp,quantile,0.5,34.0,COVID-19
DE-ST,00+,2023-09-25,2023-09-06,-19 day ahead inc hosp,quantile,0.5,31.0,COVID-19
DE-ST,00+,2023-09-25,2023-09-05,-20 day ahead inc hosp,quantile,0.5,32.0,COVID-19
DE-ST,00+,2023-09-25,2023-09-04,-21 day ahead inc hosp,quantile,0.5,28.0,COVID-19
DE-ST,00+,2023-09-25,2023-09-03,-22 day ahead inc hosp,quantile,0.5,28.0,COVID-19
DE-ST,00+,2023-09-25,2023-09-02,-23 day ahead inc hosp,quantile,0.5,28.0,COVID-19
DE-ST,00+,2023-09-25,2023-09-01,-24 day ahead inc hosp,quantile,0.5,27.0,COVID-19
DE-ST,00+,2023-09-25,2023-08-31,-25 day ahead inc hosp,quantile,0.5,24.0,COVID-19
DE-ST,00+,2023-09-25,2023-08-30,-26 day ahead inc hosp,quantile,0.5,25.0,COVID-19
DE-ST,00+,2023-09-25,2023-08-29,-27 day ahead inc hosp,quantile,0.5,27.0,COVID-19
DE-ST,00+,2023-09-25,2023-08-28,-28 day ahead inc hosp,quantile,0.5,23.0,COVID-19
DE-ST,00+,2023-09-25,2023-09-25,0 day ahead inc hosp,quantile,0.75,82.0,COVID-19
DE-ST,00+,2023-09-25,2023-09-24,-1 day ahead inc hosp,quantile,0.75,82.0,COVID-19
DE-ST,00+,2023-09-25,2023-09-23,-2 day ahead inc hosp,quantile,0.75,92.0,COVID-19
DE-ST,00+,2023-09-25,2023-09-22,-3 day ahead inc hosp,quantile,0.75,80.0,COVID-19
DE-ST,00+,2023-09-25,2023-09-21,-4 day ahead inc hosp,quantile,0.75,82.0,COVID-19
DE-ST,00+,2023-09-25,2023-09-20,-5 day ahead inc hosp,quantile,0.75,87.0,COVID-19
DE-ST,00+,2023-09-25,2023-09-19,-6 day ahead inc hosp,quantile,0.75,84.0,COVID-19
DE-ST,00+,2023-09-25,2023-09-18,-7 day ahead inc hosp,quantile,0.75,77.0,COVID-19
DE-ST,00+,2023-09-25,2023-09-17,-8 day ahead inc hosp,quantile,0.75,79.0,COVID-19
DE-ST,00+,2023-09-25,2023-09-16,-9 day ahead inc hosp,quantile,0.75,72.0,COVID-19
DE-ST,00+,2023-09-25,2023-09-15,-10 day ahead inc hosp,quantile,0.75,82.0,COVID-19
DE-ST,00+,2023-09-25,2023-09-14,-11 day ahead inc hosp,quantile,0.75,77.0,COVID-19
DE-ST,00+,2023-09-25,2023-09-13,-12 day ahead inc hosp,quantile,0.75,69.0,COVID-19
DE-ST,00+,2023-09-25,2023-09-12,-13 day ahead inc hosp,quantile,0.75,59.0,COVID-19
DE-ST,00+,2023-09-25,2023-09-11,-14 day ahead inc hosp,quantile,0.75,55.0,COVID-19
DE-ST,00+,2023-09-25,2023-09-10,-15 day ahead inc hosp,quantile,0.75,53.0,COVID-19
DE-ST,00+,2023-09-25,2023-09-09,-16 day ahead inc hosp,quantile,0.75,56.3,COVID-19
DE-ST,00+,2023-09-25,2023-09-08,-17 day ahead inc hosp,quantile,0.75,42.8,COVID-19
DE-ST,00+,2023-09-25,2023-09-07,-18 day ahead inc hosp,quantile,0.75,41.0,COVID-19
DE-ST,00+,2023-09-25,2023-09-06,-19 day ahead inc hosp,quantile,0.75,35.2,COVID-19
DE-ST,00+,2023-09-25,2023-09-05,-20 day ahead inc hosp,quantile,0.75,36.3,COVID-19
DE-ST,00+,2023-09-25,2023-09-04,-21 day ahead inc hosp,quantile,0.75,30.7,COVID-19
DE-ST,00+,2023-09-25,2023-09-03,-22 day ahead inc hosp,quantile,0.75,30.7,COVID-19
DE-ST,00+,2023-09-25,2023-09-02,-23 day ahead inc hosp,quantile,0.75,30.7,COVID-19
DE-ST,00+,2023-09-25,2023-09-01,-24 day ahead inc hosp,quantile,0.75,28.8,COVID-19
DE-ST,00+,2023-09-25,2023-08-31,-25 day ahead inc hosp,quantile,0.75,27.8,COVID-19
DE-ST,00+,2023-09-25,2023-08-30,-26 day ahead inc hosp,quantile,0.75,28.8,COVID-19
DE-ST,00+,2023-09-25,2023-08-29,-27 day ahead inc hosp,quantile,0.75,30.8,COVID-19
DE-ST,00+,2023-09-25,2023-08-28,-28 day ahead inc hosp,quantile,0.75,24.9,COVID-19
DE-ST,00+,2023-09-25,2023-09-25,0 day ahead inc hosp,quantile,0.9,96.0,COVID-19
DE-ST,00+,2023-09-25,2023-09-24,-1 day ahead inc hosp,quantile,0.9,123.1,COVID-19
DE-ST,00+,2023-09-25,2023-09-23,-2 day ahead inc hosp,quantile,0.9,109.0,COVID-19
DE-ST,00+,2023-09-25,2023-09-22,-3 day ahead inc hosp,quantile,0.9,95.0,COVID-19
DE-ST,00+,2023-09-25,2023-09-21,-4 day ahead inc hosp,quantile,0.9,98.7,COVID-19
DE-ST,00+,2023-09-25,2023-09-20,-5 day ahead inc hosp,quantile,0.9,109.1,COVID-19
DE-ST,00+,2023-09-25,2023-09-19,-6 day ahead inc hosp,quantile,0.9,106.8,COVID-19
DE-ST,00+,2023-09-25,2023-09-18,-7 day ahead inc hosp,quantile,0.9,129.8,COVID-19
DE-ST,00+,2023-09-25,2023-09-17,-8 day ahead inc hosp,quantile,0.9,100.2,COVID-19
DE-ST,00+,2023-09-25,2023-09-16,-9 day ahead inc hosp,quantile,0.9,90.1,COVID-19
DE-ST,00+,2023-09-25,2023-09-15,-10 day ahead inc hosp,quantile,0.9,102.4,COVID-19
DE-ST,00+,2023-09-25,2023-09-14,-11 day ahead inc hosp,quantile,0.9,95.7,COVID-19
DE-ST,00+,2023-09-25,2023-09-13,-12 day ahead inc hosp,quantile,0.9,80.0,COVID-19
DE-ST,00+,2023-09-25,2023-09-12,-13 day ahead inc hosp,quantile,0.9,72.0,COVID-19
DE-ST,00+,2023-09-25,2023-09-11,-14 day ahead inc hosp,quantile,0.9,66.8,COVID-19
DE-ST,00+,2023-09-25,2023-09-10,-15 day ahead inc hosp,quantile,0.9,65.0,COVID-19
DE-ST,00+,2023-09-25,2023-09-09,-16 day ahead inc hosp,quantile,0.9,62.3,COVID-19
DE-ST,00+,2023-09-25,2023-09-08,-17 day ahead inc hosp,quantile,0.9,47.0,COVID-19
DE-ST,00+,2023-09-25,2023-09-07,-18 day ahead inc hosp,quantile,0.9,44.0,COVID-19
DE-ST,00+,2023-09-25,2023-09-06,-19 day ahead inc hosp,quantile,0.9,38.7,COVID-19
DE-ST,00+,2023-09-25,2023-09-05,-20 day ahead inc hosp,quantile,0.9,46.3,COVID-19
DE-ST,00+,2023-09-25,2023-09-04,-21 day ahead inc hosp,quantile,0.9,40.7,COVID-19
DE-ST,00+,2023-09-25,2023-09-03,-22 day ahead inc hosp,quantile,0.9,40.7,COVID-19
DE-ST,00+,2023-09-25,2023-09-02,-23 day ahead inc hosp,quantile,0.9,40.7,COVID-19
DE-ST,00+,2023-09-25,2023-09-01,-24 day ahead inc hosp,quantile,0.9,34.8,COVID-19
DE-ST,00+,2023-09-25,2023-08-31,-25 day ahead inc hosp,quantile,0.9,33.8,COVID-19
DE-ST,00+,2023-09-25,2023-08-30,-26 day ahead inc hosp,quantile,0.9,38.8,COVID-19
DE-ST,00+,2023-09-25,2023-08-29,-27 day ahead inc hosp,quantile,0.9,40.8,COVID-19
DE-ST,00+,2023-09-25,2023-08-28,-28 day ahead inc hosp,quantile,0.9,32.9,COVID-19
DE-ST,00+,2023-09-25,2023-09-25,0 day ahead inc hosp,quantile,0.975,168.9,COVID-19
DE-ST,00+,2023-09-25,2023-09-24,-1 day ahead inc hosp,quantile,0.975,168.9,COVID-19
DE-ST,00+,2023-09-25,2023-09-23,-2 day ahead inc hosp,quantile,0.975,135.0,COVID-19
DE-ST,00+,2023-09-25,2023-09-22,-3 day ahead inc hosp,quantile,0.975,117.7,COVID-19
DE-ST,00+,2023-09-25,2023-09-21,-4 day ahead inc hosp,quantile,0.975,122.3,COVID-19
DE-ST,00+,2023-09-25,2023-09-20,-5 day ahead inc hosp,quantile,0.975,135.1,COVID-19
DE-ST,00+,2023-09-25,2023-09-19,-6 day ahead inc hosp,quantile,0.975,132.3,COVID-19
DE-ST,00+,2023-09-25,2023-09-18,-7 day ahead inc hosp,quantile,0.975,121.3,COVID-19
DE-ST,00+,2023-09-25,2023-09-17,-8 day ahead inc hosp,quantile,0.975,124.1,COVID-19
DE-ST,00+,2023-09-25,2023-09-16,-9 day ahead inc hosp,quantile,0.975,111.7,COVID-19
DE-ST,00+,2023-09-25,2023-09-15,-10 day ahead inc hosp,quantile,0.975,126.8,COVID-19
DE-ST,00+,2023-09-25,2023-09-14,-11 day ahead inc hosp,quantile,0.975,118.6,COVID-19
DE-ST,00+,2023-09-25,2023-09-13,-12 day ahead inc hosp,quantile,0.975,99.1,COVID-19
DE-ST,00+,2023-09-25,2023-09-12,-13 day ahead inc hosp,quantile,0.975,89.2,COVID-19
DE-ST,00+,2023-09-25,2023-09-11,-14 day ahead inc hosp,quantile,0.975,82.7,COVID-19
DE-ST,00+,2023-09-25,2023-09-10,-15 day ahead inc hosp,quantile,0.975,80.5,COVID-19
DE-ST,00+,2023-09-25,2023-09-09,-16 day ahead inc hosp,quantile,0.975,77.2,COVID-19
DE-ST,00+,2023-09-25,2023-09-08,-17 day ahead inc hosp,quantile,0.975,58.2,COVID-19
DE-ST,00+,2023-09-25,2023-09-07,-18 day ahead inc hosp,quantile,0.975,54.5,COVID-19
DE-ST,00+,2023-09-25,2023-09-06,-19 day ahead inc hosp,quantile,0.975,47.9,COVID-19
DE-ST,00+,2023-09-25,2023-09-05,-20 day ahead inc hosp,quantile,0.975,64.9,COVID-19
DE-ST,00+,2023-09-25,2023-09-04,-21 day ahead inc hosp,quantile,0.975,56.9,COVID-19
DE-ST,00+,2023-09-25,2023-09-03,-22 day ahead inc hosp,quantile,0.975,56.9,COVID-19
DE-ST,00+,2023-09-25,2023-09-02,-23 day ahead inc hosp,quantile,0.975,56.9,COVID-19
DE-ST,00+,2023-09-25,2023-09-01,-24 day ahead inc hosp,quantile,0.975,49.6,COVID-19
DE-ST,00+,2023-09-25,2023-08-31,-25 day ahead inc hosp,quantile,0.975,47.6,COVID-19
DE-ST,00+,2023-09-25,2023-08-30,-26 day ahead inc hosp,quantile,0.975,54.0,COVID-19
DE-ST,00+,2023-09-25,2023-08-29,-27 day ahead inc hosp,quantile,0.975,57.0,COVID-19
DE-ST,00+,2023-09-25,2023-08-28,-28 day ahead inc hosp,quantile,0.975,46.3,COVID-19
DE-TH,00+,2023-09-25,2023-09-25,0 day ahead inc hosp,mean,,45.1,COVID-19
DE-TH,00+,2023-09-25,2023-09-24,-1 day ahead inc hosp,mean,,46.2,COVID-19
DE-TH,00+,2023-09-25,2023-09-23,-2 day ahead inc hosp,mean,,47.3,COVID-19
DE-TH,00+,2023-09-25,2023-09-22,-3 day ahead inc hosp,mean,,46.7,COVID-19
DE-TH,00+,2023-09-25,2023-09-21,-4 day ahead inc hosp,mean,,47.4,COVID-19
DE-TH,00+,2023-09-25,2023-09-20,-5 day ahead inc hosp,mean,,49.3,COVID-19
DE-TH,00+,2023-09-25,2023-09-19,-6 day ahead inc hosp,mean,,49.5,COVID-19
DE-TH,00+,2023-09-25,2023-09-18,-7 day ahead inc hosp,mean,,47.0,COVID-19
DE-TH,00+,2023-09-25,2023-09-17,-8 day ahead inc hosp,mean,,45.9,COVID-19
DE-TH,00+,2023-09-25,2023-09-16,-9 day ahead inc hosp,mean,,44.9,COVID-19
DE-TH,00+,2023-09-25,2023-09-15,-10 day ahead inc hosp,mean,,42.6,COVID-19
DE-TH,00+,2023-09-25,2023-09-14,-11 day ahead inc hosp,mean,,38.3,COVID-19
DE-TH,00+,2023-09-25,2023-09-13,-12 day ahead inc hosp,mean,,45.2,COVID-19
DE-TH,00+,2023-09-25,2023-09-12,-13 day ahead inc hosp,mean,,44.1,COVID-19
DE-TH,00+,2023-09-25,2023-09-11,-14 day ahead inc hosp,mean,,45.0,COVID-19
DE-TH,00+,2023-09-25,2023-09-10,-15 day ahead inc hosp,mean,,45.0,COVID-19
DE-TH,00+,2023-09-25,2023-09-09,-16 day ahead inc hosp,mean,,45.0,COVID-19
DE-TH,00+,2023-09-25,2023-09-08,-17 day ahead inc hosp,mean,,52.0,COVID-19
DE-TH,00+,2023-09-25,2023-09-07,-18 day ahead inc hosp,mean,,54.0,COVID-19
DE-TH,00+,2023-09-25,2023-09-06,-19 day ahead inc hosp,mean,,49.0,COVID-19
DE-TH,00+,2023-09-25,2023-09-05,-20 day ahead inc hosp,mean,,44.0,COVID-19
DE-TH,00+,2023-09-25,2023-09-04,-21 day ahead inc hosp,mean,,37.0,COVID-19
DE-TH,00+,2023-09-25,2023-09-03,-22 day ahead inc hosp,mean,,37.0,COVID-19
DE-TH,00+,2023-09-25,2023-09-02,-23 day ahead inc hosp,mean,,37.0,COVID-19
DE-TH,00+,2023-09-25,2023-09-01,-24 day ahead inc hosp,mean,,28.0,COVID-19
DE-TH,00+,2023-09-25,2023-08-31,-25 day ahead inc hosp,mean,,24.0,COVID-19
DE-TH,00+,2023-09-25,2023-08-30,-26 day ahead inc hosp,mean,,21.0,COVID-19
DE-TH,00+,2023-09-25,2023-08-29,-27 day ahead inc hosp,mean,,32.0,COVID-19
DE-TH,00+,2023-09-25,2023-08-28,-28 day ahead inc hosp,mean,,39.0,COVID-19
DE-TH,00+,2023-09-25,2023-09-25,0 day ahead inc hosp,quantile,0.025,37.0,COVID-19
DE-TH,00+,2023-09-25,2023-09-24,-1 day ahead inc hosp,quantile,0.025,38.0,COVID-19
DE-TH,00+,2023-09-25,2023-09-23,-2 day ahead inc hosp,quantile,0.025,39.1433155080214,COVID-19
DE-TH,00+,2023-09-25,2023-09-22,-3 day ahead inc hosp,quantile,0.025,42.4484036796537,COVID-19
DE-TH,00+,2023-09-25,2023-09-21,-4 day ahead inc hosp,quantile,0.025,45.0,COVID-19
DE-TH,00+,2023-09-25,2023-09-20,-5 day ahead inc hosp,quantile,0.025,47.0,COVID-19
DE-TH,00+,2023-09-25,2023-09-19,-6 day ahead inc hosp,quantile,0.025,48.0,COVID-19
DE-TH,00+,2023-09-25,2023-09-18,-7 day ahead inc hosp,quantile,0.025,46.0,COVID-19
DE-TH,00+,2023-09-25,2023-09-17,-8 day ahead inc hosp,quantile,0.025,45.0,COVID-19
DE-TH,00+,2023-09-25,2023-09-16,-9 day ahead inc hosp,quantile,0.025,44.0,COVID-19
DE-TH,00+,2023-09-25,2023-09-15,-10 day ahead inc hosp,quantile,0.025,42.0,COVID-19
DE-TH,00+,2023-09-25,2023-09-14,-11 day ahead inc hosp,quantile,0.025,38.0,COVID-19
DE-TH,00+,2023-09-25,2023-09-13,-12 day ahead inc hosp,quantile,0.025,45.0,COVID-19
DE-TH,00+,2023-09-25,2023-09-12,-13 day ahead inc hosp,quantile,0.025,44.0,COVID-19
DE-TH,00+,2023-09-25,2023-09-11,-14 day ahead inc hosp,quantile,0.025,45.0,COVID-19
DE-TH,00+,2023-09-25,2023-09-10,-15 day ahead inc hosp,quantile,0.025,45.0,COVID-19
DE-TH,00+,2023-09-25,2023-09-09,-16 day ahead inc hosp,quantile,0.025,45.0,COVID-19
DE-TH,00+,2023-09-25,2023-09-08,-17 day ahead inc hosp,quantile,0.025,52.0,COVID-19
DE-TH,00+,2023-09-25,2023-09-07,-18 day ahead inc hosp,quantile,0.025,54.0,COVID-19
DE-TH,00+,2023-09-25,2023-09-06,-19 day ahead inc hosp,quantile,0.025,49.0,COVID-19
DE-TH,00+,2023-09-25,2023-09-05,-20 day ahead inc hosp,quantile,0.025,44.0,COVID-19
DE-TH,00+,2023-09-25,2023-09-04,-21 day ahead inc hosp,quantile,0.025,37.0,COVID-19
DE-TH,00+,2023-09-25,2023-09-03,-22 day ahead inc hosp,quantile,0.025,37.0,COVID-19
DE-TH,00+,2023-09-25,2023-09-02,-23 day ahead inc hosp,quantile,0.025,37.0,COVID-19
DE-TH,00+,2023-09-25,2023-09-01,-24 day ahead inc hosp,quantile,0.025,28.0,COVID-19
DE-TH,00+,2023-09-25,2023-08-31,-25 day ahead inc hosp,quantile,0.025,24.0,COVID-19
DE-TH,00+,2023-09-25,2023-08-30,-26 day ahead inc hosp,quantile,0.025,21.0,COVID-19
DE-TH,00+,2023-09-25,2023-08-29,-27 day ahead inc hosp,quantile,0.025,32.0,COVID-19
DE-TH,00+,2023-09-25,2023-08-28,-28 day ahead inc hosp,quantile,0.025,39.0,COVID-19
DE-TH,00+,2023-09-25,2023-09-25,0 day ahead inc hosp,quantile,0.1,38.304072987944,COVID-19
DE-TH,00+,2023-09-25,2023-09-24,-1 day ahead inc hosp,quantile,0.1,39.1034482758621,COVID-19
DE-TH,00+,2023-09-25,2023-09-23,-2 day ahead inc hosp,quantile,0.1,40.5210643015521,COVID-19
DE-TH,00+,2023-09-25,2023-09-22,-3 day ahead inc hosp,quantile,0.1,42.5,COVID-19
DE-TH,00+,2023-09-25,2023-09-21,-4 day ahead inc hosp,quantile,0.1,45.2631578947368,COVID-19
DE-TH,00+,2023-09-25,2023-09-20,-5 day ahead inc hosp,quantile,0.1,47.0,COVID-19
DE-TH,00+,2023-09-25,2023-09-19,-6 day ahead inc hosp,quantile,0.1,48.0,COVID-19
DE-TH,00+,2023-09-25,2023-09-18,-7 day ahead inc hosp,quantile,0.1,46.0,COVID-19
DE-TH,00+,2023-09-25,2023-09-17,-8 day ahead inc hosp,quantile,0.1,45.0,COVID-19
DE-TH,00+,2023-09-25,2023-09-16,-9 day ahead inc hosp,quantile,0.1,44.0,COVID-19
DE-TH,00+,2023-09-25,2023-09-15,-10 day ahead inc hosp,quantile,0.1,42.0,COVID-19
DE-TH,00+,2023-09-25,2023-09-14,-11 day ahead inc hosp,quantile,0.1,38.0,COVID-19
DE-TH,00+,2023-09-25,2023-09-13,-12 day ahead inc hosp,quantile,0.1,45.0,COVID-19
DE-TH,00+,2023-09-25,2023-09-12,-13 day ahead inc hosp,quantile,0.1,44.0,COVID-19
DE-TH,00+,2023-09-25,2023-09-11,-14 day ahead inc hosp,quantile,0.1,45.0,COVID-19
DE-TH,00+,2023-09-25,2023-09-10,-15 day ahead inc hosp,quantile,0.1,45.0,COVID-19
DE-TH,00+,2023-09-25,2023-09-09,-16 day ahead inc hosp,quantile,0.1,45.0,COVID-19
DE-TH,00+,2023-09-25,2023-09-08,-17 day ahead inc hosp,quantile,0.1,52.0,COVID-19
DE-TH,00+,2023-09-25,2023-09-07,-18 day ahead inc hosp,quantile,0.1,54.0,COVID-19
DE-TH,00+,2023-09-25,2023-09-06,-19 day ahead inc hosp,quantile,0.1,49.0,COVID-19
DE-TH,00+,2023-09-25,2023-09-05,-20 day ahead inc hosp,quantile,0.1,44.0,COVID-19
DE-TH,00+,2023-09-25,2023-09-04,-21 day ahead inc hosp,quantile,0.1,37.0,COVID-19
DE-TH,00+,2023-09-25,2023-09-03,-22 day ahead inc hosp,quantile,0.1,37.0,COVID-19
DE-TH,00+,2023-09-25,2023-09-02,-23 day ahead inc hosp,quantile,0.1,37.0,COVID-19
DE-TH,00+,2023-09-25,2023-09-01,-24 day ahead inc hosp,quantile,0.1,28.0,COVID-19
DE-TH,00+,2023-09-25,2023-08-31,-25 day ahead inc hosp,quantile,0.1,24.0,COVID-19
DE-TH,00+,2023-09-25,2023-08-30,-26 day ahead inc hosp,quantile,0.1,21.0,COVID-19
DE-TH,00+,2023-09-25,2023-08-29,-27 day ahead inc hosp,quantile,0.1,32.0,COVID-19
DE-TH,00+,2023-09-25,2023-08-28,-28 day ahead inc hosp,quantile,0.1,39.0,COVID-19
DE-TH,00+,2023-09-25,2023-09-25,0 day ahead inc hosp,quantile,0.25,39.5,COVID-19
DE-TH,00+,2023-09-25,2023-09-24,-1 day ahead inc hosp,quantile,0.25,40.7,COVID-19
DE-TH,00+,2023-09-25,2023-09-23,-2 day ahead inc hosp,quantile,0.25,42.5268817204301,COVID-19
DE-TH,00+,2023-09-25,2023-09-22,-3 day ahead inc hosp,quantile,0.25,42.9930555555556,COVID-19
DE-TH,00+,2023-09-25,2023-09-21,-4 day ahead inc hosp,quantile,0.25,45.0,COVID-19
DE-TH,00+,2023-09-25,2023-09-20,-5 day ahead inc hosp,quantile,0.25,47.0,COVID-19
DE-TH,00+,2023-09-25,2023-09-19,-6 day ahead inc hosp,quantile,0.25,49.0,COVID-19
DE-TH,00+,2023-09-25,2023-09-18,-7 day ahead inc hosp,quantile,0.25,46.0,COVID-19
DE-TH,00+,2023-09-25,2023-09-17,-8 day ahead inc hosp,quantile,0.25,45.0,COVID-19
DE-TH,00+,2023-09-25,2023-09-16,-9 day ahead inc hosp,quantile,0.25,44.0,COVID-19
DE-TH,00+,2023-09-25,2023-09-15,-10 day ahead inc hosp,quantile,0.25,42.0,COVID-19
DE-TH,00+,2023-09-25,2023-09-14,-11 day ahead inc hosp,quantile,0.25,38.0,COVID-19
DE-TH,00+,2023-09-25,2023-09-13,-12 day ahead inc hosp,quantile,0.25,45.0,COVID-19
DE-TH,00+,2023-09-25,2023-09-12,-13 day ahead inc hosp,quantile,0.25,44.0,COVID-19
DE-TH,00+,2023-09-25,2023-09-11,-14 day ahead inc hosp,quantile,0.25,45.0,COVID-19
DE-TH,00+,2023-09-25,2023-09-10,-15 day ahead inc hosp,quantile,0.25,45.0,COVID-19
DE-TH,00+,2023-09-25,2023-09-09,-16 day ahead inc hosp,quantile,0.25,45.0,COVID-19
DE-TH,00+,2023-09-25,2023-09-08,-17 day ahead inc hosp,quantile,0.25,52.0,COVID-19
DE-TH,00+,2023-09-25,2023-09-07,-18 day ahead inc hosp,quantile,0.25,54.0,COVID-19
DE-TH,00+,2023-09-25,2023-09-06,-19 day ahead inc hosp,quantile,0.25,49.0,COVID-19
DE-TH,00+,2023-09-25,2023-09-05,-20 day ahead inc hosp,quantile,0.25,44.0,COVID-19
DE-TH,00+,2023-09-25,2023-09-04,-21 day ahead inc hosp,quantile,0.25,37.0,COVID-19
DE-TH,00+,2023-09-25,2023-09-03,-22 day ahead inc hosp,quantile,0.25,37.0,COVID-19
DE-TH,00+,2023-09-25,2023-09-02,-23 day ahead inc hosp,quantile,0.25,37.0,COVID-19
DE-TH,00+,2023-09-25,2023-09-01,-24 day ahead inc hosp,quantile,0.25,28.0,COVID-19
DE-TH,00+,2023-09-25,2023-08-31,-25 day ahead inc hosp,quantile,0.25,24.0,COVID-19
DE-TH,00+,2023-09-25,2023-08-30,-26 day ahead inc hosp,quantile,0.25,21.0,COVID-19
DE-TH,00+,2023-09-25,2023-08-29,-27 day ahead inc hosp,quantile,0.25,32.0,COVID-19
DE-TH,00+,2023-09-25,2023-08-28,-28 day ahead inc hosp,quantile,0.25,39.0,COVID-19
DE-TH,00+,2023-09-25,2023-09-25,0 day ahead inc hosp,quantile,0.5,45.0,COVID-19
DE-TH,00+,2023-09-25,2023-09-24,-1 day ahead inc hosp,quantile,0.5,46.0,COVID-19
DE-TH,00+,2023-09-25,2023-09-23,-2 day ahead inc hosp,quantile,0.5,47.0,COVID-19
DE-TH,00+,2023-09-25,2023-09-22,-3 day ahead inc hosp,quantile,0.5,47.0,COVID-19
DE-TH,00+,2023-09-25,2023-09-21,-4 day ahead inc hosp,quantile,0.5,47.0,COVID-19
DE-TH,00+,2023-09-25,2023-09-20,-5 day ahead inc hosp,quantile,0.5,49.0,COVID-19
DE-TH,00+,2023-09-25,2023-09-19,-6 day ahead inc hosp,quantile,0.5,49.0,COVID-19
DE-TH,00+,2023-09-25,2023-09-18,-7 day ahead inc hosp,quantile,0.5,47.0,COVID-19
DE-TH,00+,2023-09-25,2023-09-17,-8 day ahead inc hosp,quantile,0.5,46.0,COVID-19
DE-TH,00+,2023-09-25,2023-09-16,-9 day ahead inc hosp,quantile,0.5,45.0,COVID-19
DE-TH,00+,2023-09-25,2023-09-15,-10 day ahead inc hosp,quantile,0.5,42.0,COVID-19
DE-TH,00+,2023-09-25,2023-09-14,-11 day ahead inc hosp,quantile,0.5,38.0,COVID-19
DE-TH,00+,2023-09-25,2023-09-13,-12 day ahead inc hosp,quantile,0.5,45.0,COVID-19
DE-TH,00+,2023-09-25,2023-09-12,-13 day ahead inc hosp,quantile,0.5,44.0,COVID-19
DE-TH,00+,2023-09-25,2023-09-11,-14 day ahead inc hosp,quantile,0.5,45.0,COVID-19
DE-TH,00+,2023-09-25,2023-09-10,-15 day ahead inc hosp,quantile,0.5,45.0,COVID-19
DE-TH,00+,2023-09-25,2023-09-09,-16 day ahead inc hosp,quantile,0.5,45.0,COVID-19
DE-TH,00+,2023-09-25,2023-09-08,-17 day ahead inc hosp,quantile,0.5,52.0,COVID-19
DE-TH,00+,2023-09-25,2023-09-07,-18 day ahead inc hosp,quantile,0.5,54.0,COVID-19
DE-TH,00+,2023-09-25,2023-09-06,-19 day ahead inc hosp,quantile,0.5,49.0,COVID-19
DE-TH,00+,2023-09-25,2023-09-05,-20 day ahead inc hosp,quantile,0.5,44.0,COVID-19
DE-TH,00+,2023-09-25,2023-09-04,-21 day ahead inc hosp,quantile,0.5,37.0,COVID-19
DE-TH,00+,2023-09-25,2023-09-03,-22 day ahead inc hosp,quantile,0.5,37.0,COVID-19
DE-TH,00+,2023-09-25,2023-09-02,-23 day ahead inc hosp,quantile,0.5,37.0,COVID-19
DE-TH,00+,2023-09-25,2023-09-01,-24 day ahead inc hosp,quantile,0.5,28.0,COVID-19
DE-TH,00+,2023-09-25,2023-08-31,-25 day ahead inc hosp,quantile,0.5,24.0,COVID-19
DE-TH,00+,2023-09-25,2023-08-30,-26 day ahead inc hosp,quantile,0.5,21.0,COVID-19
DE-TH,00+,2023-09-25,2023-08-29,-27 day ahead inc hosp,quantile,0.5,32.0,COVID-19
DE-TH,00+,2023-09-25,2023-08-28,-28 day ahead inc hosp,quantile,0.5,39.0,COVID-19
DE-TH,00+,2023-09-25,2023-09-25,0 day ahead inc hosp,quantile,0.75,52.8333333333333,COVID-19
DE-TH,00+,2023-09-25,2023-09-24,-1 day ahead inc hosp,quantile,0.75,53.2,COVID-19
DE-TH,00+,2023-09-25,2023-09-23,-2 day ahead inc hosp,quantile,0.75,52.9032258064516,COVID-19
DE-TH,00+,2023-09-25,2023-09-22,-3 day ahead inc hosp,quantile,0.75,51.7152777777778,COVID-19
DE-TH,00+,2023-09-25,2023-09-21,-4 day ahead inc hosp,quantile,0.75,50.7777777777778,COVID-19
DE-TH,00+,2023-09-25,2023-09-20,-5 day ahead inc hosp,quantile,0.75,52.3076923076923,COVID-19
DE-TH,00+,2023-09-25,2023-09-19,-6 day ahead inc hosp,quantile,0.75,51.0,COVID-19
DE-TH,00+,2023-09-25,2023-09-18,-7 day ahead inc hosp,quantile,0.75,48.0,COVID-19
DE-TH,00+,2023-09-25,2023-09-17,-8 day ahead inc hosp,quantile,0.75,47.0,COVID-19
DE-TH,00+,2023-09-25,2023-09-16,-9 day ahead inc hosp,quantile,0.75,46.0,COVID-19
DE-TH,00+,2023-09-25,2023-09-15,-10 day ahead inc hosp,quantile,0.75,43.0,COVID-19
DE-TH,00+,2023-09-25,2023-09-14,-11 day ahead inc hosp,quantile,0.75,39.0,COVID-19
DE-TH,00+,2023-09-25,2023-09-13,-12 day ahead inc hosp,quantile,0.75,46.0,COVID-19
DE-TH,00+,2023-09-25,2023-09-12,-13 day ahead inc hosp,quantile,0.75,44.3,COVID-19
DE-TH,00+,2023-09-25,2023-09-11,-14 day ahead inc hosp,quantile,0.75,45.0,COVID-19
DE-TH,00+,2023-09-25,2023-09-10,-15 day ahead inc hosp,quantile,0.75,45.0,COVID-19
DE-TH,00+,2023-09-25,2023-09-09,-16 day ahead inc hosp,quantile,0.75,45.0,COVID-19
DE-TH,00+,2023-09-25,2023-09-08,-17 day ahead inc hosp,quantile,0.75,52.0,COVID-19
DE-TH,00+,2023-09-25,2023-09-07,-18 day ahead inc hosp,quantile,0.75,54.0,COVID-19
DE-TH,00+,2023-09-25,2023-09-06,-19 day ahead inc hosp,quantile,0.75,49.0,COVID-19
DE-TH,00+,2023-09-25,2023-09-05,-20 day ahead inc hosp,quantile,0.75,44.0,COVID-19
DE-TH,00+,2023-09-25,2023-09-04,-21 day ahead inc hosp,quantile,0.75,37.0,COVID-19
DE-TH,00+,2023-09-25,2023-09-03,-22 day ahead inc hosp,quantile,0.75,37.0,COVID-19
DE-TH,00+,2023-09-25,2023-09-02,-23 day ahead inc hosp,quantile,0.75,37.0,COVID-19
DE-TH,00+,2023-09-25,2023-09-01,-24 day ahead inc hosp,quantile,0.75,28.0,COVID-19
DE-TH,00+,2023-09-25,2023-08-31,-25 day ahead inc hosp,quantile,0.75,24.0,COVID-19
DE-TH,00+,2023-09-25,2023-08-30,-26 day ahead inc hosp,quantile,0.75,21.0,COVID-19
DE-TH,00+,2023-09-25,2023-08-29,-27 day ahead inc hosp,quantile,0.75,32.0,COVID-19
DE-TH,00+,2023-09-25,2023-08-28,-28 day ahead inc hosp,quantile,0.75,39.0,COVID-19
DE-TH,00+,2023-09-25,2023-09-25,0 day ahead inc hosp,quantile,0.9,56.5370478983382,COVID-19
DE-TH,00+,2023-09-25,2023-09-24,-1 day ahead inc hosp,quantile,0.9,57.6896551724138,COVID-19
DE-TH,00+,2023-09-25,2023-09-23,-2 day ahead inc hosp,quantile,0.9,57.8625277161863,COVID-19
DE-TH,00+,2023-09-25,2023-09-22,-3 day ahead inc hosp,quantile,0.9,53.3888888888889,COVID-19
DE-TH,00+,2023-09-25,2023-09-21,-4 day ahead inc hosp,quantile,0.9,51.3684210526316,COVID-19
DE-TH,00+,2023-09-25,2023-09-20,-5 day ahead inc hosp,quantile,0.9,52.0,COVID-19
DE-TH,00+,2023-09-25,2023-09-19,-6 day ahead inc hosp,quantile,0.9,52.0,COVID-19
DE-TH,00+,2023-09-25,2023-09-18,-7 day ahead inc hosp,quantile,0.9,49.0,COVID-19
DE-TH,00+,2023-09-25,2023-09-17,-8 day ahead inc hosp,quantile,0.9,48.0,COVID-19
DE-TH,00+,2023-09-25,2023-09-16,-9 day ahead inc hosp,quantile,0.9,47.0,COVID-19
DE-TH,00+,2023-09-25,2023-09-15,-10 day ahead inc hosp,quantile,0.9,44.0,COVID-19
DE-TH,00+,2023-09-25,2023-09-14,-11 day ahead inc hosp,quantile,0.9,39.0,COVID-19
DE-TH,00+,2023-09-25,2023-09-13,-12 day ahead inc hosp,quantile,0.9,46.0,COVID-19
DE-TH,00+,2023-09-25,2023-09-12,-13 day ahead inc hosp,quantile,0.9,45.0,COVID-19
DE-TH,00+,2023-09-25,2023-09-11,-14 day ahead inc hosp,quantile,0.9,46.0,COVID-19
DE-TH,00+,2023-09-25,2023-09-10,-15 day ahead inc hosp,quantile,0.9,46.0,COVID-19
DE-TH,00+,2023-09-25,2023-09-09,-16 day ahead inc hosp,quantile,0.9,46.0,COVID-19
DE-TH,00+,2023-09-25,2023-09-08,-17 day ahead inc hosp,quantile,0.9,53.0,COVID-19
DE-TH,00+,2023-09-25,2023-09-07,-18 day ahead inc hosp,quantile,0.9,54.0,COVID-19
DE-TH,00+,2023-09-25,2023-09-06,-19 day ahead inc hosp,quantile,0.9,49.0,COVID-19
DE-TH,00+,2023-09-25,2023-09-05,-20 day ahead inc hosp,quantile,0.9,44.0,COVID-19
DE-TH,00+,2023-09-25,2023-09-04,-21 day ahead inc hosp,quantile,0.9,37.0,COVID-19
DE-TH,00+,2023-09-25,2023-09-03,-22 day ahead inc hosp,quantile,0.9,37.0,COVID-19
DE-TH,00+,2023-09-25,2023-09-02,-23 day ahead inc hosp,quantile,0.9,37.0,COVID-19
DE-TH,00+,2023-09-25,2023-09-01,-24 day ahead inc hosp,quantile,0.9,28.0,COVID-19
DE-TH,00+,2023-09-25,2023-08-31,-25 day ahead inc hosp,quantile,0.9,24.0,COVID-19
DE-TH,00+,2023-09-25,2023-08-30,-26 day ahead inc hosp,quantile,0.9,21.0,COVID-19
DE-TH,00+,2023-09-25,2023-08-29,-27 day ahead inc hosp,quantile,0.9,32.0,COVID-19
DE-TH,00+,2023-09-25,2023-08-28,-28 day ahead inc hosp,quantile,0.9,39.0,COVID-19
DE-TH,00+,2023-09-25,2023-09-25,0 day ahead inc hosp,quantile,0.975,68.9,COVID-19
DE-TH,00+,2023-09-25,2023-09-24,-1 day ahead inc hosp,quantile,0.975,69.8,COVID-19
DE-TH,00+,2023-09-25,2023-09-23,-2 day ahead inc hosp,quantile,0.975,62.448128342246,COVID-19
DE-TH,00+,2023-09-25,2023-09-22,-3 day ahead inc hosp,quantile,0.975,55.0882846320346,COVID-19
DE-TH,00+,2023-09-25,2023-09-21,-4 day ahead inc hosp,quantile,0.975,53.0,COVID-19
DE-TH,00+,2023-09-25,2023-09-20,-5 day ahead inc hosp,quantile,0.975,55.0,COVID-19
DE-TH,00+,2023-09-25,2023-09-19,-6 day ahead inc hosp,quantile,0.975,55.0,COVID-19
DE-TH,00+,2023-09-25,2023-09-18,-7 day ahead inc hosp,quantile,0.975,52.0,COVID-19
DE-TH,00+,2023-09-25,2023-09-17,-8 day ahead inc hosp,quantile,0.975,50.2,COVID-19
DE-TH,00+,2023-09-25,2023-09-16,-9 day ahead inc hosp,quantile,0.975,49.0,COVID-19
DE-TH,00+,2023-09-25,2023-09-15,-10 day ahead inc hosp,quantile,0.975,47.0,COVID-19
DE-TH,00+,2023-09-25,2023-09-14,-11 day ahead inc hosp,quantile,0.975,43.7,COVID-19
DE-TH,00+,2023-09-25,2023-09-13,-12 day ahead inc hosp,quantile,0.975,52.8,COVID-19
DE-TH,00+,2023-09-25,2023-09-12,-13 day ahead inc hosp,quantile,0.975,51.9,COVID-19
DE-TH,00+,2023-09-25,2023-09-11,-14 day ahead inc hosp,quantile,0.975,51.0,COVID-19
DE-TH,00+,2023-09-25,2023-09-10,-15 day ahead inc hosp,quantile,0.975,51.0,COVID-19
DE-TH,00+,2023-09-25,2023-09-09,-16 day ahead inc hosp,quantile,0.975,51.0,COVID-19
DE-TH,00+,2023-09-25,2023-09-08,-17 day ahead inc hosp,quantile,0.975,60.0,COVID-19
DE-TH,00+,2023-09-25,2023-09-07,-18 day ahead inc hosp,quantile,0.975,62.4,COVID-19
DE-TH,00+,2023-09-25,2023-09-06,-19 day ahead inc hosp,quantile,0.975,57.0,COVID-19
DE-TH,00+,2023-09-25,2023-09-05,-20 day ahead inc hosp,quantile,0.975,52.0,COVID-19
DE-TH,00+,2023-09-25,2023-09-04,-21 day ahead inc hosp,quantile,0.975,43.0,COVID-19
DE-TH,00+,2023-09-25,2023-09-03,-22 day ahead inc hosp,quantile,0.975,43.0,COVID-19
DE-TH,00+,2023-09-25,2023-09-02,-23 day ahead inc hosp,quantile,0.975,40.0,COVID-19
DE-TH,00+,2023-09-25,2023-09-01,-24 day ahead inc hosp,quantile,0.975,30.0,COVID-19
DE-TH,00+,2023-09-25,2023-08-31,-25 day ahead inc hosp,quantile,0.975,25.0,COVID-19
DE-TH,00+,2023-09-25,2023-08-30,-26 day ahead inc hosp,quantile,0.975,22.0,COVID-19
DE-TH,00+,2023-09-25,2023-08-29,-27 day ahead inc hosp,quantile,0.975,32.2,COVID-19
DE-TH,00+,2023-09-25,2023-08-28,-28 day ahead inc hosp,quantile,0.975,39.0,COVID-19
