"location","age_group","forecast_date","target_end_date","target","type","quantile","value","pathogen"
"DE","00-04",2023-04-20,2023-03-23,"-28 day ahead inc hosp","mean",NA,167,"COVID-19"
"DE","00+",2023-04-20,2023-03-23,"-28 day ahead inc hosp","mean",NA,8360,"COVID-19"
"DE","05-14",2023-04-20,2023-03-23,"-28 day ahead inc hosp","mean",NA,49,"COVID-19"
"DE","15-34",2023-04-20,2023-03-23,"-28 day ahead inc hosp","mean",NA,364,"COVID-19"
"DE","35-59",2023-04-20,2023-03-23,"-28 day ahead inc hosp","mean",NA,1005,"COVID-19"
"DE","60-79",2023-04-20,2023-03-23,"-28 day ahead inc hosp","mean",NA,2978,"COVID-19"
"DE","80+",2023-04-20,2023-03-23,"-28 day ahead inc hosp","mean",NA,3792,"COVID-19"
"DE-BB","00+",2023-04-20,2023-03-23,"-28 day ahead inc hosp","mean",NA,356,"COVID-19"
"DE-BE","00+",2023-04-20,2023-03-23,"-28 day ahead inc hosp","mean",NA,638,"COVID-19"
"DE-BW","00+",2023-04-20,2023-03-23,"-28 day ahead inc hosp","mean",NA,459,"COVID-19"
"DE-BY","00+",2023-04-20,2023-03-23,"-28 day ahead inc hosp","mean",NA,1397,"COVID-19"
"DE-HB","00+",2023-04-20,2023-03-23,"-28 day ahead inc hosp","mean",NA,53,"COVID-19"
"DE-HE","00+",2023-04-20,2023-03-23,"-28 day ahead inc hosp","mean",NA,563,"COVID-19"
"DE-HH","00+",2023-04-20,2023-03-23,"-28 day ahead inc hosp","mean",NA,222,"COVID-19"
"DE-MV","00+",2023-04-20,2023-03-23,"-28 day ahead inc hosp","mean",NA,263,"COVID-19"
"DE-NI","00+",2023-04-20,2023-03-23,"-28 day ahead inc hosp","mean",NA,616,"COVID-19"
"DE-NW","00+",2023-04-20,2023-03-23,"-28 day ahead inc hosp","mean",NA,1982,"COVID-19"
"DE-RP","00+",2023-04-20,2023-03-23,"-28 day ahead inc hosp","mean",NA,409,"COVID-19"
"DE-SH","00+",2023-04-20,2023-03-23,"-28 day ahead inc hosp","mean",NA,264,"COVID-19"
"DE-SL","00+",2023-04-20,2023-03-23,"-28 day ahead inc hosp","mean",NA,102,"COVID-19"
"DE-SN","00+",2023-04-20,2023-03-23,"-28 day ahead inc hosp","mean",NA,433,"COVID-19"
"DE-ST","00+",2023-04-20,2023-03-23,"-28 day ahead inc hosp","mean",NA,287,"COVID-19"
"DE-TH","00+",2023-04-20,2023-03-23,"-28 day ahead inc hosp","mean",NA,325,"COVID-19"
"DE","00-04",2023-04-20,2023-03-23,"-28 day ahead inc hosp","quantile",0.025,166,"COVID-19"
"DE","00+",2023-04-20,2023-03-23,"-28 day ahead inc hosp","quantile",0.025,8318,"COVID-19"
"DE","05-14",2023-04-20,2023-03-23,"-28 day ahead inc hosp","quantile",0.025,49,"COVID-19"
"DE","15-34",2023-04-20,2023-03-23,"-28 day ahead inc hosp","quantile",0.025,362,"COVID-19"
"DE","35-59",2023-04-20,2023-03-23,"-28 day ahead inc hosp","quantile",0.025,998,"COVID-19"
"DE","60-79",2023-04-20,2023-03-23,"-28 day ahead inc hosp","quantile",0.025,2961,"COVID-19"
"DE","80+",2023-04-20,2023-03-23,"-28 day ahead inc hosp","quantile",0.025,3771,"COVID-19"
"DE-BB","00+",2023-04-20,2023-03-23,"-28 day ahead inc hosp","quantile",0.025,349,"COVID-19"
"DE-BE","00+",2023-04-20,2023-03-23,"-28 day ahead inc hosp","quantile",0.025,635,"COVID-19"
"DE-BW","00+",2023-04-20,2023-03-23,"-28 day ahead inc hosp","quantile",0.025,456,"COVID-19"
"DE-BY","00+",2023-04-20,2023-03-23,"-28 day ahead inc hosp","quantile",0.025,1388,"COVID-19"
"DE-HB","00+",2023-04-20,2023-03-23,"-28 day ahead inc hosp","quantile",0.025,51,"COVID-19"
"DE-HE","00+",2023-04-20,2023-03-23,"-28 day ahead inc hosp","quantile",0.025,559,"COVID-19"
"DE-HH","00+",2023-04-20,2023-03-23,"-28 day ahead inc hosp","quantile",0.025,220,"COVID-19"
"DE-MV","00+",2023-04-20,2023-03-23,"-28 day ahead inc hosp","quantile",0.025,261,"COVID-19"
"DE-NI","00+",2023-04-20,2023-03-23,"-28 day ahead inc hosp","quantile",0.025,609,"COVID-19"
"DE-NW","00+",2023-04-20,2023-03-23,"-28 day ahead inc hosp","quantile",0.025,1973,"COVID-19"
"DE-RP","00+",2023-04-20,2023-03-23,"-28 day ahead inc hosp","quantile",0.025,406,"COVID-19"
"DE-SH","00+",2023-04-20,2023-03-23,"-28 day ahead inc hosp","quantile",0.025,262,"COVID-19"
"DE-SL","00+",2023-04-20,2023-03-23,"-28 day ahead inc hosp","quantile",0.025,102,"COVID-19"
"DE-SN","00+",2023-04-20,2023-03-23,"-28 day ahead inc hosp","quantile",0.025,431,"COVID-19"
"DE-ST","00+",2023-04-20,2023-03-23,"-28 day ahead inc hosp","quantile",0.025,285,"COVID-19"
"DE-TH","00+",2023-04-20,2023-03-23,"-28 day ahead inc hosp","quantile",0.025,323,"COVID-19"
"DE","00-04",2023-04-20,2023-03-23,"-28 day ahead inc hosp","quantile",0.1,166,"COVID-19"
"DE","00+",2023-04-20,2023-03-23,"-28 day ahead inc hosp","quantile",0.1,8327,"COVID-19"
"DE","05-14",2023-04-20,2023-03-23,"-28 day ahead inc hosp","quantile",0.1,49,"COVID-19"
"DE","15-34",2023-04-20,2023-03-23,"-28 day ahead inc hosp","quantile",0.1,362,"COVID-19"
"DE","35-59",2023-04-20,2023-03-23,"-28 day ahead inc hosp","quantile",0.1,999,"COVID-19"
"DE","60-79",2023-04-20,2023-03-23,"-28 day ahead inc hosp","quantile",0.1,2965,"COVID-19"
"DE","80+",2023-04-20,2023-03-23,"-28 day ahead inc hosp","quantile",0.1,3776,"COVID-19"
"DE-BB","00+",2023-04-20,2023-03-23,"-28 day ahead inc hosp","quantile",0.1,350,"COVID-19"
"DE-BE","00+",2023-04-20,2023-03-23,"-28 day ahead inc hosp","quantile",0.1,635,"COVID-19"
"DE-BW","00+",2023-04-20,2023-03-23,"-28 day ahead inc hosp","quantile",0.1,457,"COVID-19"
"DE-BY","00+",2023-04-20,2023-03-23,"-28 day ahead inc hosp","quantile",0.1,1390,"COVID-19"
"DE-HB","00+",2023-04-20,2023-03-23,"-28 day ahead inc hosp","quantile",0.1,51,"COVID-19"
"DE-HE","00+",2023-04-20,2023-03-23,"-28 day ahead inc hosp","quantile",0.1,559,"COVID-19"
"DE-HH","00+",2023-04-20,2023-03-23,"-28 day ahead inc hosp","quantile",0.1,220,"COVID-19"
"DE-MV","00+",2023-04-20,2023-03-23,"-28 day ahead inc hosp","quantile",0.1,261,"COVID-19"
"DE-NI","00+",2023-04-20,2023-03-23,"-28 day ahead inc hosp","quantile",0.1,611,"COVID-19"
"DE-NW","00+",2023-04-20,2023-03-23,"-28 day ahead inc hosp","quantile",0.1,1976,"COVID-19"
"DE-RP","00+",2023-04-20,2023-03-23,"-28 day ahead inc hosp","quantile",0.1,406,"COVID-19"
"DE-SH","00+",2023-04-20,2023-03-23,"-28 day ahead inc hosp","quantile",0.1,262,"COVID-19"
"DE-SL","00+",2023-04-20,2023-03-23,"-28 day ahead inc hosp","quantile",0.1,102,"COVID-19"
"DE-SN","00+",2023-04-20,2023-03-23,"-28 day ahead inc hosp","quantile",0.1,431,"COVID-19"
"DE-ST","00+",2023-04-20,2023-03-23,"-28 day ahead inc hosp","quantile",0.1,285,"COVID-19"
"DE-TH","00+",2023-04-20,2023-03-23,"-28 day ahead inc hosp","quantile",0.1,323,"COVID-19"
"DE","00-04",2023-04-20,2023-03-23,"-28 day ahead inc hosp","quantile",0.25,166,"COVID-19"
"DE","00+",2023-04-20,2023-03-23,"-28 day ahead inc hosp","quantile",0.25,8339,"COVID-19"
"DE","05-14",2023-04-20,2023-03-23,"-28 day ahead inc hosp","quantile",0.25,49,"COVID-19"
"DE","15-34",2023-04-20,2023-03-23,"-28 day ahead inc hosp","quantile",0.25,363,"COVID-19"
"DE","35-59",2023-04-20,2023-03-23,"-28 day ahead inc hosp","quantile",0.25,1001,"COVID-19"
"DE","60-79",2023-04-20,2023-03-23,"-28 day ahead inc hosp","quantile",0.25,2969,"COVID-19"
"DE","80+",2023-04-20,2023-03-23,"-28 day ahead inc hosp","quantile",0.25,3782,"COVID-19"
"DE-BB","00+",2023-04-20,2023-03-23,"-28 day ahead inc hosp","quantile",0.25,351,"COVID-19"
"DE-BE","00+",2023-04-20,2023-03-23,"-28 day ahead inc hosp","quantile",0.25,636,"COVID-19"
"DE-BW","00+",2023-04-20,2023-03-23,"-28 day ahead inc hosp","quantile",0.25,458,"COVID-19"
"DE-BY","00+",2023-04-20,2023-03-23,"-28 day ahead inc hosp","quantile",0.25,1392,"COVID-19"
"DE-HB","00+",2023-04-20,2023-03-23,"-28 day ahead inc hosp","quantile",0.25,51,"COVID-19"
"DE-HE","00+",2023-04-20,2023-03-23,"-28 day ahead inc hosp","quantile",0.25,561,"COVID-19"
"DE-HH","00+",2023-04-20,2023-03-23,"-28 day ahead inc hosp","quantile",0.25,221,"COVID-19"
"DE-MV","00+",2023-04-20,2023-03-23,"-28 day ahead inc hosp","quantile",0.25,262,"COVID-19"
"DE-NI","00+",2023-04-20,2023-03-23,"-28 day ahead inc hosp","quantile",0.25,612,"COVID-19"
"DE-NW","00+",2023-04-20,2023-03-23,"-28 day ahead inc hosp","quantile",0.25,1978,"COVID-19"
"DE-RP","00+",2023-04-20,2023-03-23,"-28 day ahead inc hosp","quantile",0.25,407,"COVID-19"
"DE-SH","00+",2023-04-20,2023-03-23,"-28 day ahead inc hosp","quantile",0.25,263,"COVID-19"
"DE-SL","00+",2023-04-20,2023-03-23,"-28 day ahead inc hosp","quantile",0.25,102,"COVID-19"
"DE-SN","00+",2023-04-20,2023-03-23,"-28 day ahead inc hosp","quantile",0.25,432,"COVID-19"
"DE-ST","00+",2023-04-20,2023-03-23,"-28 day ahead inc hosp","quantile",0.25,286,"COVID-19"
"DE-TH","00+",2023-04-20,2023-03-23,"-28 day ahead inc hosp","quantile",0.25,324,"COVID-19"
"DE","00-04",2023-04-20,2023-03-23,"-28 day ahead inc hosp","quantile",0.5,167,"COVID-19"
"DE","00+",2023-04-20,2023-03-23,"-28 day ahead inc hosp","quantile",0.5,8356,"COVID-19"
"DE","05-14",2023-04-20,2023-03-23,"-28 day ahead inc hosp","quantile",0.5,49,"COVID-19"
"DE","15-34",2023-04-20,2023-03-23,"-28 day ahead inc hosp","quantile",0.5,364,"COVID-19"
"DE","35-59",2023-04-20,2023-03-23,"-28 day ahead inc hosp","quantile",0.5,1004,"COVID-19"
"DE","60-79",2023-04-20,2023-03-23,"-28 day ahead inc hosp","quantile",0.5,2976,"COVID-19"
"DE","80+",2023-04-20,2023-03-23,"-28 day ahead inc hosp","quantile",0.5,3790,"COVID-19"
"DE-BB","00+",2023-04-20,2023-03-23,"-28 day ahead inc hosp","quantile",0.5,354,"COVID-19"
"DE-BE","00+",2023-04-20,2023-03-23,"-28 day ahead inc hosp","quantile",0.5,637,"COVID-19"
"DE-BW","00+",2023-04-20,2023-03-23,"-28 day ahead inc hosp","quantile",0.5,459,"COVID-19"
"DE-BY","00+",2023-04-20,2023-03-23,"-28 day ahead inc hosp","quantile",0.5,1395,"COVID-19"
"DE-HB","00+",2023-04-20,2023-03-23,"-28 day ahead inc hosp","quantile",0.5,52,"COVID-19"
"DE-HE","00+",2023-04-20,2023-03-23,"-28 day ahead inc hosp","quantile",0.5,563,"COVID-19"
"DE-HH","00+",2023-04-20,2023-03-23,"-28 day ahead inc hosp","quantile",0.5,223,"COVID-19"
"DE-MV","00+",2023-04-20,2023-03-23,"-28 day ahead inc hosp","quantile",0.5,262,"COVID-19"
"DE-NI","00+",2023-04-20,2023-03-23,"-28 day ahead inc hosp","quantile",0.5,615,"COVID-19"
"DE-NW","00+",2023-04-20,2023-03-23,"-28 day ahead inc hosp","quantile",0.5,1982,"COVID-19"
"DE-RP","00+",2023-04-20,2023-03-23,"-28 day ahead inc hosp","quantile",0.5,408,"COVID-19"
"DE-SH","00+",2023-04-20,2023-03-23,"-28 day ahead inc hosp","quantile",0.5,264,"COVID-19"
"DE-SL","00+",2023-04-20,2023-03-23,"-28 day ahead inc hosp","quantile",0.5,102,"COVID-19"
"DE-SN","00+",2023-04-20,2023-03-23,"-28 day ahead inc hosp","quantile",0.5,433,"COVID-19"
"DE-ST","00+",2023-04-20,2023-03-23,"-28 day ahead inc hosp","quantile",0.5,286,"COVID-19"
"DE-TH","00+",2023-04-20,2023-03-23,"-28 day ahead inc hosp","quantile",0.5,325,"COVID-19"
"DE","00-04",2023-04-20,2023-03-23,"-28 day ahead inc hosp","quantile",0.75,168,"COVID-19"
"DE","00+",2023-04-20,2023-03-23,"-28 day ahead inc hosp","quantile",0.75,8377,"COVID-19"
"DE","05-14",2023-04-20,2023-03-23,"-28 day ahead inc hosp","quantile",0.75,50,"COVID-19"
"DE","15-34",2023-04-20,2023-03-23,"-28 day ahead inc hosp","quantile",0.75,365,"COVID-19"
"DE","35-59",2023-04-20,2023-03-23,"-28 day ahead inc hosp","quantile",0.75,1007,"COVID-19"
"DE","60-79",2023-04-20,2023-03-23,"-28 day ahead inc hosp","quantile",0.75,2984,"COVID-19"
"DE","80+",2023-04-20,2023-03-23,"-28 day ahead inc hosp","quantile",0.75,3800,"COVID-19"
"DE-BB","00+",2023-04-20,2023-03-23,"-28 day ahead inc hosp","quantile",0.75,359,"COVID-19"
"DE-BE","00+",2023-04-20,2023-03-23,"-28 day ahead inc hosp","quantile",0.75,641,"COVID-19"
"DE-BW","00+",2023-04-20,2023-03-23,"-28 day ahead inc hosp","quantile",0.75,461,"COVID-19"
"DE-BY","00+",2023-04-20,2023-03-23,"-28 day ahead inc hosp","quantile",0.75,1400,"COVID-19"
"DE-HB","00+",2023-04-20,2023-03-23,"-28 day ahead inc hosp","quantile",0.75,53,"COVID-19"
"DE-HE","00+",2023-04-20,2023-03-23,"-28 day ahead inc hosp","quantile",0.75,565,"COVID-19"
"DE-HH","00+",2023-04-20,2023-03-23,"-28 day ahead inc hosp","quantile",0.75,225,"COVID-19"
"DE-MV","00+",2023-04-20,2023-03-23,"-28 day ahead inc hosp","quantile",0.75,264,"COVID-19"
"DE-NI","00+",2023-04-20,2023-03-23,"-28 day ahead inc hosp","quantile",0.75,618,"COVID-19"
"DE-NW","00+",2023-04-20,2023-03-23,"-28 day ahead inc hosp","quantile",0.75,1986,"COVID-19"
"DE-RP","00+",2023-04-20,2023-03-23,"-28 day ahead inc hosp","quantile",0.75,410,"COVID-19"
"DE-SH","00+",2023-04-20,2023-03-23,"-28 day ahead inc hosp","quantile",0.75,265,"COVID-19"
"DE-SL","00+",2023-04-20,2023-03-23,"-28 day ahead inc hosp","quantile",0.75,102,"COVID-19"
"DE-SN","00+",2023-04-20,2023-03-23,"-28 day ahead inc hosp","quantile",0.75,436,"COVID-19"
"DE-ST","00+",2023-04-20,2023-03-23,"-28 day ahead inc hosp","quantile",0.75,287,"COVID-19"
"DE-TH","00+",2023-04-20,2023-03-23,"-28 day ahead inc hosp","quantile",0.75,326,"COVID-19"
"DE","00-04",2023-04-20,2023-03-23,"-28 day ahead inc hosp","quantile",0.9,171,"COVID-19"
"DE","00+",2023-04-20,2023-03-23,"-28 day ahead inc hosp","quantile",0.9,8400,"COVID-19"
"DE","05-14",2023-04-20,2023-03-23,"-28 day ahead inc hosp","quantile",0.9,51,"COVID-19"
"DE","15-34",2023-04-20,2023-03-23,"-28 day ahead inc hosp","quantile",0.9,368,"COVID-19"
"DE","35-59",2023-04-20,2023-03-23,"-28 day ahead inc hosp","quantile",0.9,1012,"COVID-19"
"DE","60-79",2023-04-20,2023-03-23,"-28 day ahead inc hosp","quantile",0.9,2993,"COVID-19"
"DE","80+",2023-04-20,2023-03-23,"-28 day ahead inc hosp","quantile",0.9,3810,"COVID-19"
"DE-BB","00+",2023-04-20,2023-03-23,"-28 day ahead inc hosp","quantile",0.9,365,"COVID-19"
"DE-BE","00+",2023-04-20,2023-03-23,"-28 day ahead inc hosp","quantile",0.9,647,"COVID-19"
"DE-BW","00+",2023-04-20,2023-03-23,"-28 day ahead inc hosp","quantile",0.9,462,"COVID-19"
"DE-BY","00+",2023-04-20,2023-03-23,"-28 day ahead inc hosp","quantile",0.9,1406,"COVID-19"
"DE-HB","00+",2023-04-20,2023-03-23,"-28 day ahead inc hosp","quantile",0.9,57,"COVID-19"
"DE-HE","00+",2023-04-20,2023-03-23,"-28 day ahead inc hosp","quantile",0.9,569,"COVID-19"
"DE-HH","00+",2023-04-20,2023-03-23,"-28 day ahead inc hosp","quantile",0.9,232,"COVID-19"
"DE-MV","00+",2023-04-20,2023-03-23,"-28 day ahead inc hosp","quantile",0.9,266,"COVID-19"
"DE-NI","00+",2023-04-20,2023-03-23,"-28 day ahead inc hosp","quantile",0.9,621,"COVID-19"
"DE-NW","00+",2023-04-20,2023-03-23,"-28 day ahead inc hosp","quantile",0.9,1990,"COVID-19"
"DE-RP","00+",2023-04-20,2023-03-23,"-28 day ahead inc hosp","quantile",0.9,414,"COVID-19"
"DE-SH","00+",2023-04-20,2023-03-23,"-28 day ahead inc hosp","quantile",0.9,267,"COVID-19"
"DE-SL","00+",2023-04-20,2023-03-23,"-28 day ahead inc hosp","quantile",0.9,103,"COVID-19"
"DE-SN","00+",2023-04-20,2023-03-23,"-28 day ahead inc hosp","quantile",0.9,440,"COVID-19"
"DE-ST","00+",2023-04-20,2023-03-23,"-28 day ahead inc hosp","quantile",0.9,288,"COVID-19"
"DE-TH","00+",2023-04-20,2023-03-23,"-28 day ahead inc hosp","quantile",0.9,328,"COVID-19"
"DE","00-04",2023-04-20,2023-03-23,"-28 day ahead inc hosp","quantile",0.975,172,"COVID-19"
"DE","00+",2023-04-20,2023-03-23,"-28 day ahead inc hosp","quantile",0.975,8430,"COVID-19"
"DE","05-14",2023-04-20,2023-03-23,"-28 day ahead inc hosp","quantile",0.975,52,"COVID-19"
"DE","15-34",2023-04-20,2023-03-23,"-28 day ahead inc hosp","quantile",0.975,370,"COVID-19"
"DE","35-59",2023-04-20,2023-03-23,"-28 day ahead inc hosp","quantile",0.975,1018,"COVID-19"
"DE","60-79",2023-04-20,2023-03-23,"-28 day ahead inc hosp","quantile",0.975,3005,"COVID-19"
"DE","80+",2023-04-20,2023-03-23,"-28 day ahead inc hosp","quantile",0.975,3824,"COVID-19"
"DE-BB","00+",2023-04-20,2023-03-23,"-28 day ahead inc hosp","quantile",0.975,367,"COVID-19"
"DE-BE","00+",2023-04-20,2023-03-23,"-28 day ahead inc hosp","quantile",0.975,653,"COVID-19"
"DE-BW","00+",2023-04-20,2023-03-23,"-28 day ahead inc hosp","quantile",0.975,465,"COVID-19"
"DE-BY","00+",2023-04-20,2023-03-23,"-28 day ahead inc hosp","quantile",0.975,1410,"COVID-19"
"DE-HB","00+",2023-04-20,2023-03-23,"-28 day ahead inc hosp","quantile",0.975,60,"COVID-19"
"DE-HE","00+",2023-04-20,2023-03-23,"-28 day ahead inc hosp","quantile",0.975,573,"COVID-19"
"DE-HH","00+",2023-04-20,2023-03-23,"-28 day ahead inc hosp","quantile",0.975,237,"COVID-19"
"DE-MV","00+",2023-04-20,2023-03-23,"-28 day ahead inc hosp","quantile",0.975,268,"COVID-19"
"DE-NI","00+",2023-04-20,2023-03-23,"-28 day ahead inc hosp","quantile",0.975,626,"COVID-19"
"DE-NW","00+",2023-04-20,2023-03-23,"-28 day ahead inc hosp","quantile",0.975,1996,"COVID-19"
"DE-RP","00+",2023-04-20,2023-03-23,"-28 day ahead inc hosp","quantile",0.975,418,"COVID-19"
"DE-SH","00+",2023-04-20,2023-03-23,"-28 day ahead inc hosp","quantile",0.975,270,"COVID-19"
"DE-SL","00+",2023-04-20,2023-03-23,"-28 day ahead inc hosp","quantile",0.975,106,"COVID-19"
"DE-SN","00+",2023-04-20,2023-03-23,"-28 day ahead inc hosp","quantile",0.975,446,"COVID-19"
"DE-ST","00+",2023-04-20,2023-03-23,"-28 day ahead inc hosp","quantile",0.975,290,"COVID-19"
"DE-TH","00+",2023-04-20,2023-03-23,"-28 day ahead inc hosp","quantile",0.975,330,"COVID-19"
"DE","00-04",2023-04-20,2023-03-24,"-27 day ahead inc hosp","mean",NA,165,"COVID-19"
"DE","00+",2023-04-20,2023-03-24,"-27 day ahead inc hosp","mean",NA,8048,"COVID-19"
"DE","05-14",2023-04-20,2023-03-24,"-27 day ahead inc hosp","mean",NA,46,"COVID-19"
"DE","15-34",2023-04-20,2023-03-24,"-27 day ahead inc hosp","mean",NA,342,"COVID-19"
"DE","35-59",2023-04-20,2023-03-24,"-27 day ahead inc hosp","mean",NA,955,"COVID-19"
"DE","60-79",2023-04-20,2023-03-24,"-27 day ahead inc hosp","mean",NA,2885,"COVID-19"
"DE","80+",2023-04-20,2023-03-24,"-27 day ahead inc hosp","mean",NA,3648,"COVID-19"
"DE-BB","00+",2023-04-20,2023-03-24,"-27 day ahead inc hosp","mean",NA,344,"COVID-19"
"DE-BE","00+",2023-04-20,2023-03-24,"-27 day ahead inc hosp","mean",NA,624,"COVID-19"
"DE-BW","00+",2023-04-20,2023-03-24,"-27 day ahead inc hosp","mean",NA,435,"COVID-19"
"DE-BY","00+",2023-04-20,2023-03-24,"-27 day ahead inc hosp","mean",NA,1348,"COVID-19"
"DE-HB","00+",2023-04-20,2023-03-24,"-27 day ahead inc hosp","mean",NA,51,"COVID-19"
"DE-HE","00+",2023-04-20,2023-03-24,"-27 day ahead inc hosp","mean",NA,542,"COVID-19"
"DE-HH","00+",2023-04-20,2023-03-24,"-27 day ahead inc hosp","mean",NA,211,"COVID-19"
"DE-MV","00+",2023-04-20,2023-03-24,"-27 day ahead inc hosp","mean",NA,268,"COVID-19"
"DE-NI","00+",2023-04-20,2023-03-24,"-27 day ahead inc hosp","mean",NA,588,"COVID-19"
"DE-NW","00+",2023-04-20,2023-03-24,"-27 day ahead inc hosp","mean",NA,1898,"COVID-19"
"DE-RP","00+",2023-04-20,2023-03-24,"-27 day ahead inc hosp","mean",NA,371,"COVID-19"
"DE-SH","00+",2023-04-20,2023-03-24,"-27 day ahead inc hosp","mean",NA,254,"COVID-19"
"DE-SL","00+",2023-04-20,2023-03-24,"-27 day ahead inc hosp","mean",NA,98,"COVID-19"
"DE-SN","00+",2023-04-20,2023-03-24,"-27 day ahead inc hosp","mean",NA,420,"COVID-19"
"DE-ST","00+",2023-04-20,2023-03-24,"-27 day ahead inc hosp","mean",NA,286,"COVID-19"
"DE-TH","00+",2023-04-20,2023-03-24,"-27 day ahead inc hosp","mean",NA,320,"COVID-19"
"DE","00-04",2023-04-20,2023-03-24,"-27 day ahead inc hosp","quantile",0.025,164,"COVID-19"
"DE","00+",2023-04-20,2023-03-24,"-27 day ahead inc hosp","quantile",0.025,8003,"COVID-19"
"DE","05-14",2023-04-20,2023-03-24,"-27 day ahead inc hosp","quantile",0.025,46,"COVID-19"
"DE","15-34",2023-04-20,2023-03-24,"-27 day ahead inc hosp","quantile",0.025,340,"COVID-19"
"DE","35-59",2023-04-20,2023-03-24,"-27 day ahead inc hosp","quantile",0.025,948,"COVID-19"
"DE","60-79",2023-04-20,2023-03-24,"-27 day ahead inc hosp","quantile",0.025,2868,"COVID-19"
"DE","80+",2023-04-20,2023-03-24,"-27 day ahead inc hosp","quantile",0.025,3626,"COVID-19"
"DE-BB","00+",2023-04-20,2023-03-24,"-27 day ahead inc hosp","quantile",0.025,337,"COVID-19"
"DE-BE","00+",2023-04-20,2023-03-24,"-27 day ahead inc hosp","quantile",0.025,621,"COVID-19"
"DE-BW","00+",2023-04-20,2023-03-24,"-27 day ahead inc hosp","quantile",0.025,432,"COVID-19"
"DE-BY","00+",2023-04-20,2023-03-24,"-27 day ahead inc hosp","quantile",0.025,1339,"COVID-19"
"DE-HB","00+",2023-04-20,2023-03-24,"-27 day ahead inc hosp","quantile",0.025,49,"COVID-19"
"DE-HE","00+",2023-04-20,2023-03-24,"-27 day ahead inc hosp","quantile",0.025,537,"COVID-19"
"DE-HH","00+",2023-04-20,2023-03-24,"-27 day ahead inc hosp","quantile",0.025,208,"COVID-19"
"DE-MV","00+",2023-04-20,2023-03-24,"-27 day ahead inc hosp","quantile",0.025,266,"COVID-19"
"DE-NI","00+",2023-04-20,2023-03-24,"-27 day ahead inc hosp","quantile",0.025,581,"COVID-19"
"DE-NW","00+",2023-04-20,2023-03-24,"-27 day ahead inc hosp","quantile",0.025,1888,"COVID-19"
"DE-RP","00+",2023-04-20,2023-03-24,"-27 day ahead inc hosp","quantile",0.025,368,"COVID-19"
"DE-SH","00+",2023-04-20,2023-03-24,"-27 day ahead inc hosp","quantile",0.025,251,"COVID-19"
"DE-SL","00+",2023-04-20,2023-03-24,"-27 day ahead inc hosp","quantile",0.025,98,"COVID-19"
"DE-SN","00+",2023-04-20,2023-03-24,"-27 day ahead inc hosp","quantile",0.025,418,"COVID-19"
"DE-ST","00+",2023-04-20,2023-03-24,"-27 day ahead inc hosp","quantile",0.025,284,"COVID-19"
"DE-TH","00+",2023-04-20,2023-03-24,"-27 day ahead inc hosp","quantile",0.025,317,"COVID-19"
"DE","00-04",2023-04-20,2023-03-24,"-27 day ahead inc hosp","quantile",0.1,164,"COVID-19"
"DE","00+",2023-04-20,2023-03-24,"-27 day ahead inc hosp","quantile",0.1,8013,"COVID-19"
"DE","05-14",2023-04-20,2023-03-24,"-27 day ahead inc hosp","quantile",0.1,46,"COVID-19"
"DE","15-34",2023-04-20,2023-03-24,"-27 day ahead inc hosp","quantile",0.1,340,"COVID-19"
"DE","35-59",2023-04-20,2023-03-24,"-27 day ahead inc hosp","quantile",0.1,949,"COVID-19"
"DE","60-79",2023-04-20,2023-03-24,"-27 day ahead inc hosp","quantile",0.1,2872,"COVID-19"
"DE","80+",2023-04-20,2023-03-24,"-27 day ahead inc hosp","quantile",0.1,3632,"COVID-19"
"DE-BB","00+",2023-04-20,2023-03-24,"-27 day ahead inc hosp","quantile",0.1,338,"COVID-19"
"DE-BE","00+",2023-04-20,2023-03-24,"-27 day ahead inc hosp","quantile",0.1,621,"COVID-19"
"DE-BW","00+",2023-04-20,2023-03-24,"-27 day ahead inc hosp","quantile",0.1,433,"COVID-19"
"DE-BY","00+",2023-04-20,2023-03-24,"-27 day ahead inc hosp","quantile",0.1,1341,"COVID-19"
"DE-HB","00+",2023-04-20,2023-03-24,"-27 day ahead inc hosp","quantile",0.1,49,"COVID-19"
"DE-HE","00+",2023-04-20,2023-03-24,"-27 day ahead inc hosp","quantile",0.1,538,"COVID-19"
"DE-HH","00+",2023-04-20,2023-03-24,"-27 day ahead inc hosp","quantile",0.1,208,"COVID-19"
"DE-MV","00+",2023-04-20,2023-03-24,"-27 day ahead inc hosp","quantile",0.1,266,"COVID-19"
"DE-NI","00+",2023-04-20,2023-03-24,"-27 day ahead inc hosp","quantile",0.1,583,"COVID-19"
"DE-NW","00+",2023-04-20,2023-03-24,"-27 day ahead inc hosp","quantile",0.1,1891,"COVID-19"
"DE-RP","00+",2023-04-20,2023-03-24,"-27 day ahead inc hosp","quantile",0.1,368,"COVID-19"
"DE-SH","00+",2023-04-20,2023-03-24,"-27 day ahead inc hosp","quantile",0.1,251,"COVID-19"
"DE-SL","00+",2023-04-20,2023-03-24,"-27 day ahead inc hosp","quantile",0.1,98,"COVID-19"
"DE-SN","00+",2023-04-20,2023-03-24,"-27 day ahead inc hosp","quantile",0.1,418,"COVID-19"
"DE-ST","00+",2023-04-20,2023-03-24,"-27 day ahead inc hosp","quantile",0.1,284,"COVID-19"
"DE-TH","00+",2023-04-20,2023-03-24,"-27 day ahead inc hosp","quantile",0.1,317,"COVID-19"
"DE","00-04",2023-04-20,2023-03-24,"-27 day ahead inc hosp","quantile",0.25,164,"COVID-19"
"DE","00+",2023-04-20,2023-03-24,"-27 day ahead inc hosp","quantile",0.25,8026,"COVID-19"
"DE","05-14",2023-04-20,2023-03-24,"-27 day ahead inc hosp","quantile",0.25,46,"COVID-19"
"DE","15-34",2023-04-20,2023-03-24,"-27 day ahead inc hosp","quantile",0.25,341,"COVID-19"
"DE","35-59",2023-04-20,2023-03-24,"-27 day ahead inc hosp","quantile",0.25,951,"COVID-19"
"DE","60-79",2023-04-20,2023-03-24,"-27 day ahead inc hosp","quantile",0.25,2877,"COVID-19"
"DE","80+",2023-04-20,2023-03-24,"-27 day ahead inc hosp","quantile",0.25,3638,"COVID-19"
"DE-BB","00+",2023-04-20,2023-03-24,"-27 day ahead inc hosp","quantile",0.25,339,"COVID-19"
"DE-BE","00+",2023-04-20,2023-03-24,"-27 day ahead inc hosp","quantile",0.25,621,"COVID-19"
"DE-BW","00+",2023-04-20,2023-03-24,"-27 day ahead inc hosp","quantile",0.25,434,"COVID-19"
"DE-BY","00+",2023-04-20,2023-03-24,"-27 day ahead inc hosp","quantile",0.25,1343,"COVID-19"
"DE-HB","00+",2023-04-20,2023-03-24,"-27 day ahead inc hosp","quantile",0.25,49,"COVID-19"
"DE-HE","00+",2023-04-20,2023-03-24,"-27 day ahead inc hosp","quantile",0.25,539,"COVID-19"
"DE-HH","00+",2023-04-20,2023-03-24,"-27 day ahead inc hosp","quantile",0.25,209,"COVID-19"
"DE-MV","00+",2023-04-20,2023-03-24,"-27 day ahead inc hosp","quantile",0.25,266,"COVID-19"
"DE-NI","00+",2023-04-20,2023-03-24,"-27 day ahead inc hosp","quantile",0.25,585,"COVID-19"
"DE-NW","00+",2023-04-20,2023-03-24,"-27 day ahead inc hosp","quantile",0.25,1894,"COVID-19"
"DE-RP","00+",2023-04-20,2023-03-24,"-27 day ahead inc hosp","quantile",0.25,369,"COVID-19"
"DE-SH","00+",2023-04-20,2023-03-24,"-27 day ahead inc hosp","quantile",0.25,252,"COVID-19"
"DE-SL","00+",2023-04-20,2023-03-24,"-27 day ahead inc hosp","quantile",0.25,98,"COVID-19"
"DE-SN","00+",2023-04-20,2023-03-24,"-27 day ahead inc hosp","quantile",0.25,419,"COVID-19"
"DE-ST","00+",2023-04-20,2023-03-24,"-27 day ahead inc hosp","quantile",0.25,284,"COVID-19"
"DE-TH","00+",2023-04-20,2023-03-24,"-27 day ahead inc hosp","quantile",0.25,318,"COVID-19"
"DE","00-04",2023-04-20,2023-03-24,"-27 day ahead inc hosp","quantile",0.5,165,"COVID-19"
"DE","00+",2023-04-20,2023-03-24,"-27 day ahead inc hosp","quantile",0.5,8043,"COVID-19"
"DE","05-14",2023-04-20,2023-03-24,"-27 day ahead inc hosp","quantile",0.5,46,"COVID-19"
"DE","15-34",2023-04-20,2023-03-24,"-27 day ahead inc hosp","quantile",0.5,342,"COVID-19"
"DE","35-59",2023-04-20,2023-03-24,"-27 day ahead inc hosp","quantile",0.5,954,"COVID-19"
"DE","60-79",2023-04-20,2023-03-24,"-27 day ahead inc hosp","quantile",0.5,2884,"COVID-19"
"DE","80+",2023-04-20,2023-03-24,"-27 day ahead inc hosp","quantile",0.5,3646,"COVID-19"
"DE-BB","00+",2023-04-20,2023-03-24,"-27 day ahead inc hosp","quantile",0.5,342,"COVID-19"
"DE-BE","00+",2023-04-20,2023-03-24,"-27 day ahead inc hosp","quantile",0.5,623,"COVID-19"
"DE-BW","00+",2023-04-20,2023-03-24,"-27 day ahead inc hosp","quantile",0.5,435,"COVID-19"
"DE-BY","00+",2023-04-20,2023-03-24,"-27 day ahead inc hosp","quantile",0.5,1347,"COVID-19"
"DE-HB","00+",2023-04-20,2023-03-24,"-27 day ahead inc hosp","quantile",0.5,50,"COVID-19"
"DE-HE","00+",2023-04-20,2023-03-24,"-27 day ahead inc hosp","quantile",0.5,541,"COVID-19"
"DE-HH","00+",2023-04-20,2023-03-24,"-27 day ahead inc hosp","quantile",0.5,211,"COVID-19"
"DE-MV","00+",2023-04-20,2023-03-24,"-27 day ahead inc hosp","quantile",0.5,268,"COVID-19"
"DE-NI","00+",2023-04-20,2023-03-24,"-27 day ahead inc hosp","quantile",0.5,587,"COVID-19"
"DE-NW","00+",2023-04-20,2023-03-24,"-27 day ahead inc hosp","quantile",0.5,1897,"COVID-19"
"DE-RP","00+",2023-04-20,2023-03-24,"-27 day ahead inc hosp","quantile",0.5,370,"COVID-19"
"DE-SH","00+",2023-04-20,2023-03-24,"-27 day ahead inc hosp","quantile",0.5,253,"COVID-19"
"DE-SL","00+",2023-04-20,2023-03-24,"-27 day ahead inc hosp","quantile",0.5,98,"COVID-19"
"DE-SN","00+",2023-04-20,2023-03-24,"-27 day ahead inc hosp","quantile",0.5,420,"COVID-19"
"DE-ST","00+",2023-04-20,2023-03-24,"-27 day ahead inc hosp","quantile",0.5,285,"COVID-19"
"DE-TH","00+",2023-04-20,2023-03-24,"-27 day ahead inc hosp","quantile",0.5,319,"COVID-19"
"DE","00-04",2023-04-20,2023-03-24,"-27 day ahead inc hosp","quantile",0.75,167,"COVID-19"
"DE","00+",2023-04-20,2023-03-24,"-27 day ahead inc hosp","quantile",0.75,8065,"COVID-19"
"DE","05-14",2023-04-20,2023-03-24,"-27 day ahead inc hosp","quantile",0.75,47,"COVID-19"
"DE","15-34",2023-04-20,2023-03-24,"-27 day ahead inc hosp","quantile",0.75,344,"COVID-19"
"DE","35-59",2023-04-20,2023-03-24,"-27 day ahead inc hosp","quantile",0.75,958,"COVID-19"
"DE","60-79",2023-04-20,2023-03-24,"-27 day ahead inc hosp","quantile",0.75,2892,"COVID-19"
"DE","80+",2023-04-20,2023-03-24,"-27 day ahead inc hosp","quantile",0.75,3656,"COVID-19"
"DE-BB","00+",2023-04-20,2023-03-24,"-27 day ahead inc hosp","quantile",0.75,347,"COVID-19"
"DE-BE","00+",2023-04-20,2023-03-24,"-27 day ahead inc hosp","quantile",0.75,626,"COVID-19"
"DE-BW","00+",2023-04-20,2023-03-24,"-27 day ahead inc hosp","quantile",0.75,437,"COVID-19"
"DE-BY","00+",2023-04-20,2023-03-24,"-27 day ahead inc hosp","quantile",0.75,1352,"COVID-19"
"DE-HB","00+",2023-04-20,2023-03-24,"-27 day ahead inc hosp","quantile",0.75,51,"COVID-19"
"DE-HE","00+",2023-04-20,2023-03-24,"-27 day ahead inc hosp","quantile",0.75,544,"COVID-19"
"DE-HH","00+",2023-04-20,2023-03-24,"-27 day ahead inc hosp","quantile",0.75,213,"COVID-19"
"DE-MV","00+",2023-04-20,2023-03-24,"-27 day ahead inc hosp","quantile",0.75,269,"COVID-19"
"DE-NI","00+",2023-04-20,2023-03-24,"-27 day ahead inc hosp","quantile",0.75,591,"COVID-19"
"DE-NW","00+",2023-04-20,2023-03-24,"-27 day ahead inc hosp","quantile",0.75,1902,"COVID-19"
"DE-RP","00+",2023-04-20,2023-03-24,"-27 day ahead inc hosp","quantile",0.75,373,"COVID-19"
"DE-SH","00+",2023-04-20,2023-03-24,"-27 day ahead inc hosp","quantile",0.75,255,"COVID-19"
"DE-SL","00+",2023-04-20,2023-03-24,"-27 day ahead inc hosp","quantile",0.75,98,"COVID-19"
"DE-SN","00+",2023-04-20,2023-03-24,"-27 day ahead inc hosp","quantile",0.75,422,"COVID-19"
"DE-ST","00+",2023-04-20,2023-03-24,"-27 day ahead inc hosp","quantile",0.75,286,"COVID-19"
"DE-TH","00+",2023-04-20,2023-03-24,"-27 day ahead inc hosp","quantile",0.75,321,"COVID-19"
"DE","00-04",2023-04-20,2023-03-24,"-27 day ahead inc hosp","quantile",0.9,169,"COVID-19"
"DE","00+",2023-04-20,2023-03-24,"-27 day ahead inc hosp","quantile",0.9,8089,"COVID-19"
"DE","05-14",2023-04-20,2023-03-24,"-27 day ahead inc hosp","quantile",0.9,48,"COVID-19"
"DE","15-34",2023-04-20,2023-03-24,"-27 day ahead inc hosp","quantile",0.9,346,"COVID-19"
"DE","35-59",2023-04-20,2023-03-24,"-27 day ahead inc hosp","quantile",0.9,962,"COVID-19"
"DE","60-79",2023-04-20,2023-03-24,"-27 day ahead inc hosp","quantile",0.9,2901,"COVID-19"
"DE","80+",2023-04-20,2023-03-24,"-27 day ahead inc hosp","quantile",0.9,3668,"COVID-19"
"DE-BB","00+",2023-04-20,2023-03-24,"-27 day ahead inc hosp","quantile",0.9,353,"COVID-19"
"DE-BE","00+",2023-04-20,2023-03-24,"-27 day ahead inc hosp","quantile",0.9,633,"COVID-19"
"DE-BW","00+",2023-04-20,2023-03-24,"-27 day ahead inc hosp","quantile",0.9,438,"COVID-19"
"DE-BY","00+",2023-04-20,2023-03-24,"-27 day ahead inc hosp","quantile",0.9,1358,"COVID-19"
"DE-HB","00+",2023-04-20,2023-03-24,"-27 day ahead inc hosp","quantile",0.9,55,"COVID-19"
"DE-HE","00+",2023-04-20,2023-03-24,"-27 day ahead inc hosp","quantile",0.9,547,"COVID-19"
"DE-HH","00+",2023-04-20,2023-03-24,"-27 day ahead inc hosp","quantile",0.9,220,"COVID-19"
"DE-MV","00+",2023-04-20,2023-03-24,"-27 day ahead inc hosp","quantile",0.9,270,"COVID-19"
"DE-NI","00+",2023-04-20,2023-03-24,"-27 day ahead inc hosp","quantile",0.9,594,"COVID-19"
"DE-NW","00+",2023-04-20,2023-03-24,"-27 day ahead inc hosp","quantile",0.9,1906,"COVID-19"
"DE-RP","00+",2023-04-20,2023-03-24,"-27 day ahead inc hosp","quantile",0.9,376,"COVID-19"
"DE-SH","00+",2023-04-20,2023-03-24,"-27 day ahead inc hosp","quantile",0.9,257,"COVID-19"
"DE-SL","00+",2023-04-20,2023-03-24,"-27 day ahead inc hosp","quantile",0.9,99,"COVID-19"
"DE-SN","00+",2023-04-20,2023-03-24,"-27 day ahead inc hosp","quantile",0.9,426,"COVID-19"
"DE-ST","00+",2023-04-20,2023-03-24,"-27 day ahead inc hosp","quantile",0.9,287,"COVID-19"
"DE-TH","00+",2023-04-20,2023-03-24,"-27 day ahead inc hosp","quantile",0.9,322,"COVID-19"
"DE","00-04",2023-04-20,2023-03-24,"-27 day ahead inc hosp","quantile",0.975,171,"COVID-19"
"DE","00+",2023-04-20,2023-03-24,"-27 day ahead inc hosp","quantile",0.975,8120,"COVID-19"
"DE","05-14",2023-04-20,2023-03-24,"-27 day ahead inc hosp","quantile",0.975,49,"COVID-19"
"DE","15-34",2023-04-20,2023-03-24,"-27 day ahead inc hosp","quantile",0.975,350,"COVID-19"
"DE","35-59",2023-04-20,2023-03-24,"-27 day ahead inc hosp","quantile",0.975,968,"COVID-19"
"DE","60-79",2023-04-20,2023-03-24,"-27 day ahead inc hosp","quantile",0.975,2913,"COVID-19"
"DE","80+",2023-04-20,2023-03-24,"-27 day ahead inc hosp","quantile",0.975,3682,"COVID-19"
"DE-BB","00+",2023-04-20,2023-03-24,"-27 day ahead inc hosp","quantile",0.975,356,"COVID-19"
"DE-BE","00+",2023-04-20,2023-03-24,"-27 day ahead inc hosp","quantile",0.975,641,"COVID-19"
"DE-BW","00+",2023-04-20,2023-03-24,"-27 day ahead inc hosp","quantile",0.975,441,"COVID-19"
"DE-BY","00+",2023-04-20,2023-03-24,"-27 day ahead inc hosp","quantile",0.975,1362,"COVID-19"
"DE-HB","00+",2023-04-20,2023-03-24,"-27 day ahead inc hosp","quantile",0.975,58,"COVID-19"
"DE-HE","00+",2023-04-20,2023-03-24,"-27 day ahead inc hosp","quantile",0.975,552,"COVID-19"
"DE-HH","00+",2023-04-20,2023-03-24,"-27 day ahead inc hosp","quantile",0.975,225,"COVID-19"
"DE-MV","00+",2023-04-20,2023-03-24,"-27 day ahead inc hosp","quantile",0.975,272,"COVID-19"
"DE-NI","00+",2023-04-20,2023-03-24,"-27 day ahead inc hosp","quantile",0.975,599,"COVID-19"
"DE-NW","00+",2023-04-20,2023-03-24,"-27 day ahead inc hosp","quantile",0.975,1912,"COVID-19"
"DE-RP","00+",2023-04-20,2023-03-24,"-27 day ahead inc hosp","quantile",0.975,380,"COVID-19"
"DE-SH","00+",2023-04-20,2023-03-24,"-27 day ahead inc hosp","quantile",0.975,261,"COVID-19"
"DE-SL","00+",2023-04-20,2023-03-24,"-27 day ahead inc hosp","quantile",0.975,102,"COVID-19"
"DE-SN","00+",2023-04-20,2023-03-24,"-27 day ahead inc hosp","quantile",0.975,433,"COVID-19"
"DE-ST","00+",2023-04-20,2023-03-24,"-27 day ahead inc hosp","quantile",0.975,289,"COVID-19"
"DE-TH","00+",2023-04-20,2023-03-24,"-27 day ahead inc hosp","quantile",0.975,325,"COVID-19"
"DE","00-04",2023-04-20,2023-03-25,"-26 day ahead inc hosp","mean",NA,165,"COVID-19"
"DE","00+",2023-04-20,2023-03-25,"-26 day ahead inc hosp","mean",NA,7817,"COVID-19"
"DE","05-14",2023-04-20,2023-03-25,"-26 day ahead inc hosp","mean",NA,47,"COVID-19"
"DE","15-34",2023-04-20,2023-03-25,"-26 day ahead inc hosp","mean",NA,332,"COVID-19"
"DE","35-59",2023-04-20,2023-03-25,"-26 day ahead inc hosp","mean",NA,896,"COVID-19"
"DE","60-79",2023-04-20,2023-03-25,"-26 day ahead inc hosp","mean",NA,2840,"COVID-19"
"DE","80+",2023-04-20,2023-03-25,"-26 day ahead inc hosp","mean",NA,3532,"COVID-19"
"DE-BB","00+",2023-04-20,2023-03-25,"-26 day ahead inc hosp","mean",NA,349,"COVID-19"
"DE-BE","00+",2023-04-20,2023-03-25,"-26 day ahead inc hosp","mean",NA,595,"COVID-19"
"DE-BW","00+",2023-04-20,2023-03-25,"-26 day ahead inc hosp","mean",NA,415,"COVID-19"
"DE-BY","00+",2023-04-20,2023-03-25,"-26 day ahead inc hosp","mean",NA,1282,"COVID-19"
"DE-HB","00+",2023-04-20,2023-03-25,"-26 day ahead inc hosp","mean",NA,51,"COVID-19"
"DE-HE","00+",2023-04-20,2023-03-25,"-26 day ahead inc hosp","mean",NA,522,"COVID-19"
"DE-HH","00+",2023-04-20,2023-03-25,"-26 day ahead inc hosp","mean",NA,220,"COVID-19"
"DE-MV","00+",2023-04-20,2023-03-25,"-26 day ahead inc hosp","mean",NA,290,"COVID-19"
"DE-NI","00+",2023-04-20,2023-03-25,"-26 day ahead inc hosp","mean",NA,562,"COVID-19"
"DE-NW","00+",2023-04-20,2023-03-25,"-26 day ahead inc hosp","mean",NA,1848,"COVID-19"
"DE-RP","00+",2023-04-20,2023-03-25,"-26 day ahead inc hosp","mean",NA,353,"COVID-19"
"DE-SH","00+",2023-04-20,2023-03-25,"-26 day ahead inc hosp","mean",NA,257,"COVID-19"
"DE-SL","00+",2023-04-20,2023-03-25,"-26 day ahead inc hosp","mean",NA,92,"COVID-19"
"DE-SN","00+",2023-04-20,2023-03-25,"-26 day ahead inc hosp","mean",NA,410,"COVID-19"
"DE-ST","00+",2023-04-20,2023-03-25,"-26 day ahead inc hosp","mean",NA,281,"COVID-19"
"DE-TH","00+",2023-04-20,2023-03-25,"-26 day ahead inc hosp","mean",NA,302,"COVID-19"
"DE","00-04",2023-04-20,2023-03-25,"-26 day ahead inc hosp","quantile",0.025,163,"COVID-19"
"DE","00+",2023-04-20,2023-03-25,"-26 day ahead inc hosp","quantile",0.025,7770,"COVID-19"
"DE","05-14",2023-04-20,2023-03-25,"-26 day ahead inc hosp","quantile",0.025,47,"COVID-19"
"DE","15-34",2023-04-20,2023-03-25,"-26 day ahead inc hosp","quantile",0.025,330,"COVID-19"
"DE","35-59",2023-04-20,2023-03-25,"-26 day ahead inc hosp","quantile",0.025,889,"COVID-19"
"DE","60-79",2023-04-20,2023-03-25,"-26 day ahead inc hosp","quantile",0.025,2822,"COVID-19"
"DE","80+",2023-04-20,2023-03-25,"-26 day ahead inc hosp","quantile",0.025,3509,"COVID-19"
"DE-BB","00+",2023-04-20,2023-03-25,"-26 day ahead inc hosp","quantile",0.025,341,"COVID-19"
"DE-BE","00+",2023-04-20,2023-03-25,"-26 day ahead inc hosp","quantile",0.025,591,"COVID-19"
"DE-BW","00+",2023-04-20,2023-03-25,"-26 day ahead inc hosp","quantile",0.025,412,"COVID-19"
"DE-BY","00+",2023-04-20,2023-03-25,"-26 day ahead inc hosp","quantile",0.025,1273,"COVID-19"
"DE-HB","00+",2023-04-20,2023-03-25,"-26 day ahead inc hosp","quantile",0.025,49,"COVID-19"
"DE-HE","00+",2023-04-20,2023-03-25,"-26 day ahead inc hosp","quantile",0.025,517,"COVID-19"
"DE-HH","00+",2023-04-20,2023-03-25,"-26 day ahead inc hosp","quantile",0.025,217,"COVID-19"
"DE-MV","00+",2023-04-20,2023-03-25,"-26 day ahead inc hosp","quantile",0.025,288,"COVID-19"
"DE-NI","00+",2023-04-20,2023-03-25,"-26 day ahead inc hosp","quantile",0.025,555,"COVID-19"
"DE-NW","00+",2023-04-20,2023-03-25,"-26 day ahead inc hosp","quantile",0.025,1838,"COVID-19"
"DE-RP","00+",2023-04-20,2023-03-25,"-26 day ahead inc hosp","quantile",0.025,350,"COVID-19"
"DE-SH","00+",2023-04-20,2023-03-25,"-26 day ahead inc hosp","quantile",0.025,254,"COVID-19"
"DE-SL","00+",2023-04-20,2023-03-25,"-26 day ahead inc hosp","quantile",0.025,92,"COVID-19"
"DE-SN","00+",2023-04-20,2023-03-25,"-26 day ahead inc hosp","quantile",0.025,407,"COVID-19"
"DE-ST","00+",2023-04-20,2023-03-25,"-26 day ahead inc hosp","quantile",0.025,279,"COVID-19"
"DE-TH","00+",2023-04-20,2023-03-25,"-26 day ahead inc hosp","quantile",0.025,299,"COVID-19"
"DE","00-04",2023-04-20,2023-03-25,"-26 day ahead inc hosp","quantile",0.1,163,"COVID-19"
"DE","00+",2023-04-20,2023-03-25,"-26 day ahead inc hosp","quantile",0.1,7781,"COVID-19"
"DE","05-14",2023-04-20,2023-03-25,"-26 day ahead inc hosp","quantile",0.1,47,"COVID-19"
"DE","15-34",2023-04-20,2023-03-25,"-26 day ahead inc hosp","quantile",0.1,330,"COVID-19"
"DE","35-59",2023-04-20,2023-03-25,"-26 day ahead inc hosp","quantile",0.1,891,"COVID-19"
"DE","60-79",2023-04-20,2023-03-25,"-26 day ahead inc hosp","quantile",0.1,2826,"COVID-19"
"DE","80+",2023-04-20,2023-03-25,"-26 day ahead inc hosp","quantile",0.1,3514,"COVID-19"
"DE-BB","00+",2023-04-20,2023-03-25,"-26 day ahead inc hosp","quantile",0.1,342,"COVID-19"
"DE-BE","00+",2023-04-20,2023-03-25,"-26 day ahead inc hosp","quantile",0.1,591,"COVID-19"
"DE-BW","00+",2023-04-20,2023-03-25,"-26 day ahead inc hosp","quantile",0.1,413,"COVID-19"
"DE-BY","00+",2023-04-20,2023-03-25,"-26 day ahead inc hosp","quantile",0.1,1274,"COVID-19"
"DE-HB","00+",2023-04-20,2023-03-25,"-26 day ahead inc hosp","quantile",0.1,49,"COVID-19"
"DE-HE","00+",2023-04-20,2023-03-25,"-26 day ahead inc hosp","quantile",0.1,518,"COVID-19"
"DE-HH","00+",2023-04-20,2023-03-25,"-26 day ahead inc hosp","quantile",0.1,218,"COVID-19"
"DE-MV","00+",2023-04-20,2023-03-25,"-26 day ahead inc hosp","quantile",0.1,288,"COVID-19"
"DE-NI","00+",2023-04-20,2023-03-25,"-26 day ahead inc hosp","quantile",0.1,557,"COVID-19"
"DE-NW","00+",2023-04-20,2023-03-25,"-26 day ahead inc hosp","quantile",0.1,1840,"COVID-19"
"DE-RP","00+",2023-04-20,2023-03-25,"-26 day ahead inc hosp","quantile",0.1,350,"COVID-19"
"DE-SH","00+",2023-04-20,2023-03-25,"-26 day ahead inc hosp","quantile",0.1,255,"COVID-19"
"DE-SL","00+",2023-04-20,2023-03-25,"-26 day ahead inc hosp","quantile",0.1,92,"COVID-19"
"DE-SN","00+",2023-04-20,2023-03-25,"-26 day ahead inc hosp","quantile",0.1,407,"COVID-19"
"DE-ST","00+",2023-04-20,2023-03-25,"-26 day ahead inc hosp","quantile",0.1,280,"COVID-19"
"DE-TH","00+",2023-04-20,2023-03-25,"-26 day ahead inc hosp","quantile",0.1,299,"COVID-19"
"DE","00-04",2023-04-20,2023-03-25,"-26 day ahead inc hosp","quantile",0.25,163,"COVID-19"
"DE","00+",2023-04-20,2023-03-25,"-26 day ahead inc hosp","quantile",0.25,7794,"COVID-19"
"DE","05-14",2023-04-20,2023-03-25,"-26 day ahead inc hosp","quantile",0.25,47,"COVID-19"
"DE","15-34",2023-04-20,2023-03-25,"-26 day ahead inc hosp","quantile",0.25,331,"COVID-19"
"DE","35-59",2023-04-20,2023-03-25,"-26 day ahead inc hosp","quantile",0.25,892,"COVID-19"
"DE","60-79",2023-04-20,2023-03-25,"-26 day ahead inc hosp","quantile",0.25,2831,"COVID-19"
"DE","80+",2023-04-20,2023-03-25,"-26 day ahead inc hosp","quantile",0.25,3521,"COVID-19"
"DE-BB","00+",2023-04-20,2023-03-25,"-26 day ahead inc hosp","quantile",0.25,344,"COVID-19"
"DE-BE","00+",2023-04-20,2023-03-25,"-26 day ahead inc hosp","quantile",0.25,591,"COVID-19"
"DE-BW","00+",2023-04-20,2023-03-25,"-26 day ahead inc hosp","quantile",0.25,414,"COVID-19"
"DE-BY","00+",2023-04-20,2023-03-25,"-26 day ahead inc hosp","quantile",0.25,1276,"COVID-19"
"DE-HB","00+",2023-04-20,2023-03-25,"-26 day ahead inc hosp","quantile",0.25,50,"COVID-19"
"DE-HE","00+",2023-04-20,2023-03-25,"-26 day ahead inc hosp","quantile",0.25,519,"COVID-19"
"DE-HH","00+",2023-04-20,2023-03-25,"-26 day ahead inc hosp","quantile",0.25,219,"COVID-19"
"DE-MV","00+",2023-04-20,2023-03-25,"-26 day ahead inc hosp","quantile",0.25,290,"COVID-19"
"DE-NI","00+",2023-04-20,2023-03-25,"-26 day ahead inc hosp","quantile",0.25,559,"COVID-19"
"DE-NW","00+",2023-04-20,2023-03-25,"-26 day ahead inc hosp","quantile",0.25,1843,"COVID-19"
"DE-RP","00+",2023-04-20,2023-03-25,"-26 day ahead inc hosp","quantile",0.25,351,"COVID-19"
"DE-SH","00+",2023-04-20,2023-03-25,"-26 day ahead inc hosp","quantile",0.25,256,"COVID-19"
"DE-SL","00+",2023-04-20,2023-03-25,"-26 day ahead inc hosp","quantile",0.25,92,"COVID-19"
"DE-SN","00+",2023-04-20,2023-03-25,"-26 day ahead inc hosp","quantile",0.25,408,"COVID-19"
"DE-ST","00+",2023-04-20,2023-03-25,"-26 day ahead inc hosp","quantile",0.25,280,"COVID-19"
"DE-TH","00+",2023-04-20,2023-03-25,"-26 day ahead inc hosp","quantile",0.25,300,"COVID-19"
"DE","00-04",2023-04-20,2023-03-25,"-26 day ahead inc hosp","quantile",0.5,164,"COVID-19"
"DE","00+",2023-04-20,2023-03-25,"-26 day ahead inc hosp","quantile",0.5,7812,"COVID-19"
"DE","05-14",2023-04-20,2023-03-25,"-26 day ahead inc hosp","quantile",0.5,47,"COVID-19"
"DE","15-34",2023-04-20,2023-03-25,"-26 day ahead inc hosp","quantile",0.5,332,"COVID-19"
"DE","35-59",2023-04-20,2023-03-25,"-26 day ahead inc hosp","quantile",0.5,895,"COVID-19"
"DE","60-79",2023-04-20,2023-03-25,"-26 day ahead inc hosp","quantile",0.5,2839,"COVID-19"
"DE","80+",2023-04-20,2023-03-25,"-26 day ahead inc hosp","quantile",0.5,3529,"COVID-19"
"DE-BB","00+",2023-04-20,2023-03-25,"-26 day ahead inc hosp","quantile",0.5,347,"COVID-19"
"DE-BE","00+",2023-04-20,2023-03-25,"-26 day ahead inc hosp","quantile",0.5,594,"COVID-19"
"DE-BW","00+",2023-04-20,2023-03-25,"-26 day ahead inc hosp","quantile",0.5,415,"COVID-19"
"DE-BY","00+",2023-04-20,2023-03-25,"-26 day ahead inc hosp","quantile",0.5,1280,"COVID-19"
"DE-HB","00+",2023-04-20,2023-03-25,"-26 day ahead inc hosp","quantile",0.5,50,"COVID-19"
"DE-HE","00+",2023-04-20,2023-03-25,"-26 day ahead inc hosp","quantile",0.5,521,"COVID-19"
"DE-HH","00+",2023-04-20,2023-03-25,"-26 day ahead inc hosp","quantile",0.5,220,"COVID-19"
"DE-MV","00+",2023-04-20,2023-03-25,"-26 day ahead inc hosp","quantile",0.5,290,"COVID-19"
"DE-NI","00+",2023-04-20,2023-03-25,"-26 day ahead inc hosp","quantile",0.5,562,"COVID-19"
"DE-NW","00+",2023-04-20,2023-03-25,"-26 day ahead inc hosp","quantile",0.5,1847,"COVID-19"
"DE-RP","00+",2023-04-20,2023-03-25,"-26 day ahead inc hosp","quantile",0.5,352,"COVID-19"
"DE-SH","00+",2023-04-20,2023-03-25,"-26 day ahead inc hosp","quantile",0.5,257,"COVID-19"
"DE-SL","00+",2023-04-20,2023-03-25,"-26 day ahead inc hosp","quantile",0.5,92,"COVID-19"
"DE-SN","00+",2023-04-20,2023-03-25,"-26 day ahead inc hosp","quantile",0.5,409,"COVID-19"
"DE-ST","00+",2023-04-20,2023-03-25,"-26 day ahead inc hosp","quantile",0.5,280,"COVID-19"
"DE-TH","00+",2023-04-20,2023-03-25,"-26 day ahead inc hosp","quantile",0.5,302,"COVID-19"
"DE","00-04",2023-04-20,2023-03-25,"-26 day ahead inc hosp","quantile",0.75,166,"COVID-19"
"DE","00+",2023-04-20,2023-03-25,"-26 day ahead inc hosp","quantile",0.75,7835,"COVID-19"
"DE","05-14",2023-04-20,2023-03-25,"-26 day ahead inc hosp","quantile",0.75,48,"COVID-19"
"DE","15-34",2023-04-20,2023-03-25,"-26 day ahead inc hosp","quantile",0.75,335,"COVID-19"
"DE","35-59",2023-04-20,2023-03-25,"-26 day ahead inc hosp","quantile",0.75,899,"COVID-19"
"DE","60-79",2023-04-20,2023-03-25,"-26 day ahead inc hosp","quantile",0.75,2847,"COVID-19"
"DE","80+",2023-04-20,2023-03-25,"-26 day ahead inc hosp","quantile",0.75,3540,"COVID-19"
"DE-BB","00+",2023-04-20,2023-03-25,"-26 day ahead inc hosp","quantile",0.75,352,"COVID-19"
"DE-BE","00+",2023-04-20,2023-03-25,"-26 day ahead inc hosp","quantile",0.75,599,"COVID-19"
"DE-BW","00+",2023-04-20,2023-03-25,"-26 day ahead inc hosp","quantile",0.75,417,"COVID-19"
"DE-BY","00+",2023-04-20,2023-03-25,"-26 day ahead inc hosp","quantile",0.75,1285,"COVID-19"
"DE-HB","00+",2023-04-20,2023-03-25,"-26 day ahead inc hosp","quantile",0.75,51,"COVID-19"
"DE-HE","00+",2023-04-20,2023-03-25,"-26 day ahead inc hosp","quantile",0.75,524,"COVID-19"
"DE-HH","00+",2023-04-20,2023-03-25,"-26 day ahead inc hosp","quantile",0.75,222,"COVID-19"
"DE-MV","00+",2023-04-20,2023-03-25,"-26 day ahead inc hosp","quantile",0.75,291,"COVID-19"
"DE-NI","00+",2023-04-20,2023-03-25,"-26 day ahead inc hosp","quantile",0.75,565,"COVID-19"
"DE-NW","00+",2023-04-20,2023-03-25,"-26 day ahead inc hosp","quantile",0.75,1852,"COVID-19"
"DE-RP","00+",2023-04-20,2023-03-25,"-26 day ahead inc hosp","quantile",0.75,355,"COVID-19"
"DE-SH","00+",2023-04-20,2023-03-25,"-26 day ahead inc hosp","quantile",0.75,258,"COVID-19"
"DE-SL","00+",2023-04-20,2023-03-25,"-26 day ahead inc hosp","quantile",0.75,92,"COVID-19"
"DE-SN","00+",2023-04-20,2023-03-25,"-26 day ahead inc hosp","quantile",0.75,411,"COVID-19"
"DE-ST","00+",2023-04-20,2023-03-25,"-26 day ahead inc hosp","quantile",0.75,282,"COVID-19"
"DE-TH","00+",2023-04-20,2023-03-25,"-26 day ahead inc hosp","quantile",0.75,303,"COVID-19"
"DE","00-04",2023-04-20,2023-03-25,"-26 day ahead inc hosp","quantile",0.9,168,"COVID-19"
"DE","00+",2023-04-20,2023-03-25,"-26 day ahead inc hosp","quantile",0.9,7860,"COVID-19"
"DE","05-14",2023-04-20,2023-03-25,"-26 day ahead inc hosp","quantile",0.9,49,"COVID-19"
"DE","15-34",2023-04-20,2023-03-25,"-26 day ahead inc hosp","quantile",0.9,336,"COVID-19"
"DE","35-59",2023-04-20,2023-03-25,"-26 day ahead inc hosp","quantile",0.9,903,"COVID-19"
"DE","60-79",2023-04-20,2023-03-25,"-26 day ahead inc hosp","quantile",0.9,2857,"COVID-19"
"DE","80+",2023-04-20,2023-03-25,"-26 day ahead inc hosp","quantile",0.9,3552,"COVID-19"
"DE-BB","00+",2023-04-20,2023-03-25,"-26 day ahead inc hosp","quantile",0.9,358,"COVID-19"
"DE-BE","00+",2023-04-20,2023-03-25,"-26 day ahead inc hosp","quantile",0.9,603,"COVID-19"
"DE-BW","00+",2023-04-20,2023-03-25,"-26 day ahead inc hosp","quantile",0.9,419,"COVID-19"
"DE-BY","00+",2023-04-20,2023-03-25,"-26 day ahead inc hosp","quantile",0.9,1291,"COVID-19"
"DE-HB","00+",2023-04-20,2023-03-25,"-26 day ahead inc hosp","quantile",0.9,55,"COVID-19"
"DE-HE","00+",2023-04-20,2023-03-25,"-26 day ahead inc hosp","quantile",0.9,528,"COVID-19"
"DE-HH","00+",2023-04-20,2023-03-25,"-26 day ahead inc hosp","quantile",0.9,225,"COVID-19"
"DE-MV","00+",2023-04-20,2023-03-25,"-26 day ahead inc hosp","quantile",0.9,292,"COVID-19"
"DE-NI","00+",2023-04-20,2023-03-25,"-26 day ahead inc hosp","quantile",0.9,569,"COVID-19"
"DE-NW","00+",2023-04-20,2023-03-25,"-26 day ahead inc hosp","quantile",0.9,1856,"COVID-19"
"DE-RP","00+",2023-04-20,2023-03-25,"-26 day ahead inc hosp","quantile",0.9,358,"COVID-19"
"DE-SH","00+",2023-04-20,2023-03-25,"-26 day ahead inc hosp","quantile",0.9,260,"COVID-19"
"DE-SL","00+",2023-04-20,2023-03-25,"-26 day ahead inc hosp","quantile",0.9,92,"COVID-19"
"DE-SN","00+",2023-04-20,2023-03-25,"-26 day ahead inc hosp","quantile",0.9,415,"COVID-19"
"DE-ST","00+",2023-04-20,2023-03-25,"-26 day ahead inc hosp","quantile",0.9,283,"COVID-19"
"DE-TH","00+",2023-04-20,2023-03-25,"-26 day ahead inc hosp","quantile",0.9,304,"COVID-19"
"DE","00-04",2023-04-20,2023-03-25,"-26 day ahead inc hosp","quantile",0.975,170,"COVID-19"
"DE","00+",2023-04-20,2023-03-25,"-26 day ahead inc hosp","quantile",0.975,7892,"COVID-19"
"DE","05-14",2023-04-20,2023-03-25,"-26 day ahead inc hosp","quantile",0.975,50,"COVID-19"
"DE","15-34",2023-04-20,2023-03-25,"-26 day ahead inc hosp","quantile",0.975,340,"COVID-19"
"DE","35-59",2023-04-20,2023-03-25,"-26 day ahead inc hosp","quantile",0.975,909,"COVID-19"
"DE","60-79",2023-04-20,2023-03-25,"-26 day ahead inc hosp","quantile",0.975,2870,"COVID-19"
"DE","80+",2023-04-20,2023-03-25,"-26 day ahead inc hosp","quantile",0.975,3567,"COVID-19"
"DE-BB","00+",2023-04-20,2023-03-25,"-26 day ahead inc hosp","quantile",0.975,362,"COVID-19"
"DE-BE","00+",2023-04-20,2023-03-25,"-26 day ahead inc hosp","quantile",0.975,612,"COVID-19"
"DE-BW","00+",2023-04-20,2023-03-25,"-26 day ahead inc hosp","quantile",0.975,421,"COVID-19"
"DE-BY","00+",2023-04-20,2023-03-25,"-26 day ahead inc hosp","quantile",0.975,1295,"COVID-19"
"DE-HB","00+",2023-04-20,2023-03-25,"-26 day ahead inc hosp","quantile",0.975,58,"COVID-19"
"DE-HE","00+",2023-04-20,2023-03-25,"-26 day ahead inc hosp","quantile",0.975,533,"COVID-19"
"DE-HH","00+",2023-04-20,2023-03-25,"-26 day ahead inc hosp","quantile",0.975,234,"COVID-19"
"DE-MV","00+",2023-04-20,2023-03-25,"-26 day ahead inc hosp","quantile",0.975,294,"COVID-19"
"DE-NI","00+",2023-04-20,2023-03-25,"-26 day ahead inc hosp","quantile",0.975,574,"COVID-19"
"DE-NW","00+",2023-04-20,2023-03-25,"-26 day ahead inc hosp","quantile",0.975,1862,"COVID-19"
"DE-RP","00+",2023-04-20,2023-03-25,"-26 day ahead inc hosp","quantile",0.975,363,"COVID-19"
"DE-SH","00+",2023-04-20,2023-03-25,"-26 day ahead inc hosp","quantile",0.975,265,"COVID-19"
"DE-SL","00+",2023-04-20,2023-03-25,"-26 day ahead inc hosp","quantile",0.975,96,"COVID-19"
"DE-SN","00+",2023-04-20,2023-03-25,"-26 day ahead inc hosp","quantile",0.975,423,"COVID-19"
"DE-ST","00+",2023-04-20,2023-03-25,"-26 day ahead inc hosp","quantile",0.975,284,"COVID-19"
"DE-TH","00+",2023-04-20,2023-03-25,"-26 day ahead inc hosp","quantile",0.975,307,"COVID-19"
"DE","00-04",2023-04-20,2023-03-26,"-25 day ahead inc hosp","mean",NA,162,"COVID-19"
"DE","00+",2023-04-20,2023-03-26,"-25 day ahead inc hosp","mean",NA,7705,"COVID-19"
"DE","05-14",2023-04-20,2023-03-26,"-25 day ahead inc hosp","mean",NA,44,"COVID-19"
"DE","15-34",2023-04-20,2023-03-26,"-25 day ahead inc hosp","mean",NA,326,"COVID-19"
"DE","35-59",2023-04-20,2023-03-26,"-25 day ahead inc hosp","mean",NA,896,"COVID-19"
"DE","60-79",2023-04-20,2023-03-26,"-25 day ahead inc hosp","mean",NA,2812,"COVID-19"
"DE","80+",2023-04-20,2023-03-26,"-25 day ahead inc hosp","mean",NA,3459,"COVID-19"
"DE-BB","00+",2023-04-20,2023-03-26,"-25 day ahead inc hosp","mean",NA,348,"COVID-19"
"DE-BE","00+",2023-04-20,2023-03-26,"-25 day ahead inc hosp","mean",NA,596,"COVID-19"
"DE-BW","00+",2023-04-20,2023-03-26,"-25 day ahead inc hosp","mean",NA,410,"COVID-19"
"DE-BY","00+",2023-04-20,2023-03-26,"-25 day ahead inc hosp","mean",NA,1277,"COVID-19"
"DE-HB","00+",2023-04-20,2023-03-26,"-25 day ahead inc hosp","mean",NA,51,"COVID-19"
"DE-HE","00+",2023-04-20,2023-03-26,"-25 day ahead inc hosp","mean",NA,521,"COVID-19"
"DE-HH","00+",2023-04-20,2023-03-26,"-25 day ahead inc hosp","mean",NA,217,"COVID-19"
"DE-MV","00+",2023-04-20,2023-03-26,"-25 day ahead inc hosp","mean",NA,290,"COVID-19"
"DE-NI","00+",2023-04-20,2023-03-26,"-25 day ahead inc hosp","mean",NA,550,"COVID-19"
"DE-NW","00+",2023-04-20,2023-03-26,"-25 day ahead inc hosp","mean",NA,1781,"COVID-19"
"DE-RP","00+",2023-04-20,2023-03-26,"-25 day ahead inc hosp","mean",NA,344,"COVID-19"
"DE-SH","00+",2023-04-20,2023-03-26,"-25 day ahead inc hosp","mean",NA,255,"COVID-19"
"DE-SL","00+",2023-04-20,2023-03-26,"-25 day ahead inc hosp","mean",NA,92,"COVID-19"
"DE-SN","00+",2023-04-20,2023-03-26,"-25 day ahead inc hosp","mean",NA,408,"COVID-19"
"DE-ST","00+",2023-04-20,2023-03-26,"-25 day ahead inc hosp","mean",NA,280,"COVID-19"
"DE-TH","00+",2023-04-20,2023-03-26,"-25 day ahead inc hosp","mean",NA,297,"COVID-19"
"DE","00-04",2023-04-20,2023-03-26,"-25 day ahead inc hosp","quantile",0.025,160,"COVID-19"
"DE","00+",2023-04-20,2023-03-26,"-25 day ahead inc hosp","quantile",0.025,7658,"COVID-19"
"DE","05-14",2023-04-20,2023-03-26,"-25 day ahead inc hosp","quantile",0.025,44,"COVID-19"
"DE","15-34",2023-04-20,2023-03-26,"-25 day ahead inc hosp","quantile",0.025,324,"COVID-19"
"DE","35-59",2023-04-20,2023-03-26,"-25 day ahead inc hosp","quantile",0.025,890,"COVID-19"
"DE","60-79",2023-04-20,2023-03-26,"-25 day ahead inc hosp","quantile",0.025,2793,"COVID-19"
"DE","80+",2023-04-20,2023-03-26,"-25 day ahead inc hosp","quantile",0.025,3437,"COVID-19"
"DE-BB","00+",2023-04-20,2023-03-26,"-25 day ahead inc hosp","quantile",0.025,340,"COVID-19"
"DE-BE","00+",2023-04-20,2023-03-26,"-25 day ahead inc hosp","quantile",0.025,592,"COVID-19"
"DE-BW","00+",2023-04-20,2023-03-26,"-25 day ahead inc hosp","quantile",0.025,406,"COVID-19"
"DE-BY","00+",2023-04-20,2023-03-26,"-25 day ahead inc hosp","quantile",0.025,1268,"COVID-19"
"DE-HB","00+",2023-04-20,2023-03-26,"-25 day ahead inc hosp","quantile",0.025,49,"COVID-19"
"DE-HE","00+",2023-04-20,2023-03-26,"-25 day ahead inc hosp","quantile",0.025,516,"COVID-19"
"DE-HH","00+",2023-04-20,2023-03-26,"-25 day ahead inc hosp","quantile",0.025,214,"COVID-19"
"DE-MV","00+",2023-04-20,2023-03-26,"-25 day ahead inc hosp","quantile",0.025,288,"COVID-19"
"DE-NI","00+",2023-04-20,2023-03-26,"-25 day ahead inc hosp","quantile",0.025,543,"COVID-19"
"DE-NW","00+",2023-04-20,2023-03-26,"-25 day ahead inc hosp","quantile",0.025,1770,"COVID-19"
"DE-RP","00+",2023-04-20,2023-03-26,"-25 day ahead inc hosp","quantile",0.025,341,"COVID-19"
"DE-SH","00+",2023-04-20,2023-03-26,"-25 day ahead inc hosp","quantile",0.025,252,"COVID-19"
"DE-SL","00+",2023-04-20,2023-03-26,"-25 day ahead inc hosp","quantile",0.025,92,"COVID-19"
"DE-SN","00+",2023-04-20,2023-03-26,"-25 day ahead inc hosp","quantile",0.025,405,"COVID-19"
"DE-ST","00+",2023-04-20,2023-03-26,"-25 day ahead inc hosp","quantile",0.025,278,"COVID-19"
"DE-TH","00+",2023-04-20,2023-03-26,"-25 day ahead inc hosp","quantile",0.025,294,"COVID-19"
"DE","00-04",2023-04-20,2023-03-26,"-25 day ahead inc hosp","quantile",0.1,160,"COVID-19"
"DE","00+",2023-04-20,2023-03-26,"-25 day ahead inc hosp","quantile",0.1,7669,"COVID-19"
"DE","05-14",2023-04-20,2023-03-26,"-25 day ahead inc hosp","quantile",0.1,44,"COVID-19"
"DE","15-34",2023-04-20,2023-03-26,"-25 day ahead inc hosp","quantile",0.1,324,"COVID-19"
"DE","35-59",2023-04-20,2023-03-26,"-25 day ahead inc hosp","quantile",0.1,891,"COVID-19"
"DE","60-79",2023-04-20,2023-03-26,"-25 day ahead inc hosp","quantile",0.1,2797,"COVID-19"
"DE","80+",2023-04-20,2023-03-26,"-25 day ahead inc hosp","quantile",0.1,3442,"COVID-19"
"DE-BB","00+",2023-04-20,2023-03-26,"-25 day ahead inc hosp","quantile",0.1,341,"COVID-19"
"DE-BE","00+",2023-04-20,2023-03-26,"-25 day ahead inc hosp","quantile",0.1,592,"COVID-19"
"DE-BW","00+",2023-04-20,2023-03-26,"-25 day ahead inc hosp","quantile",0.1,407,"COVID-19"
"DE-BY","00+",2023-04-20,2023-03-26,"-25 day ahead inc hosp","quantile",0.1,1269,"COVID-19"
"DE-HB","00+",2023-04-20,2023-03-26,"-25 day ahead inc hosp","quantile",0.1,49,"COVID-19"
"DE-HE","00+",2023-04-20,2023-03-26,"-25 day ahead inc hosp","quantile",0.1,517,"COVID-19"
"DE-HH","00+",2023-04-20,2023-03-26,"-25 day ahead inc hosp","quantile",0.1,215,"COVID-19"
"DE-MV","00+",2023-04-20,2023-03-26,"-25 day ahead inc hosp","quantile",0.1,288,"COVID-19"
"DE-NI","00+",2023-04-20,2023-03-26,"-25 day ahead inc hosp","quantile",0.1,545,"COVID-19"
"DE-NW","00+",2023-04-20,2023-03-26,"-25 day ahead inc hosp","quantile",0.1,1773,"COVID-19"
"DE-RP","00+",2023-04-20,2023-03-26,"-25 day ahead inc hosp","quantile",0.1,341,"COVID-19"
"DE-SH","00+",2023-04-20,2023-03-26,"-25 day ahead inc hosp","quantile",0.1,253,"COVID-19"
"DE-SL","00+",2023-04-20,2023-03-26,"-25 day ahead inc hosp","quantile",0.1,92,"COVID-19"
"DE-SN","00+",2023-04-20,2023-03-26,"-25 day ahead inc hosp","quantile",0.1,405,"COVID-19"
"DE-ST","00+",2023-04-20,2023-03-26,"-25 day ahead inc hosp","quantile",0.1,278,"COVID-19"
"DE-TH","00+",2023-04-20,2023-03-26,"-25 day ahead inc hosp","quantile",0.1,295,"COVID-19"
"DE","00-04",2023-04-20,2023-03-26,"-25 day ahead inc hosp","quantile",0.25,160,"COVID-19"
"DE","00+",2023-04-20,2023-03-26,"-25 day ahead inc hosp","quantile",0.25,7681,"COVID-19"
"DE","05-14",2023-04-20,2023-03-26,"-25 day ahead inc hosp","quantile",0.25,44,"COVID-19"
"DE","15-34",2023-04-20,2023-03-26,"-25 day ahead inc hosp","quantile",0.25,325,"COVID-19"
"DE","35-59",2023-04-20,2023-03-26,"-25 day ahead inc hosp","quantile",0.25,892,"COVID-19"
"DE","60-79",2023-04-20,2023-03-26,"-25 day ahead inc hosp","quantile",0.25,2803,"COVID-19"
"DE","80+",2023-04-20,2023-03-26,"-25 day ahead inc hosp","quantile",0.25,3449,"COVID-19"
"DE-BB","00+",2023-04-20,2023-03-26,"-25 day ahead inc hosp","quantile",0.25,343,"COVID-19"
"DE-BE","00+",2023-04-20,2023-03-26,"-25 day ahead inc hosp","quantile",0.25,592,"COVID-19"
"DE-BW","00+",2023-04-20,2023-03-26,"-25 day ahead inc hosp","quantile",0.25,408,"COVID-19"
"DE-BY","00+",2023-04-20,2023-03-26,"-25 day ahead inc hosp","quantile",0.25,1272,"COVID-19"
"DE-HB","00+",2023-04-20,2023-03-26,"-25 day ahead inc hosp","quantile",0.25,50,"COVID-19"
"DE-HE","00+",2023-04-20,2023-03-26,"-25 day ahead inc hosp","quantile",0.25,518,"COVID-19"
"DE-HH","00+",2023-04-20,2023-03-26,"-25 day ahead inc hosp","quantile",0.25,216,"COVID-19"
"DE-MV","00+",2023-04-20,2023-03-26,"-25 day ahead inc hosp","quantile",0.25,290,"COVID-19"
"DE-NI","00+",2023-04-20,2023-03-26,"-25 day ahead inc hosp","quantile",0.25,547,"COVID-19"
"DE-NW","00+",2023-04-20,2023-03-26,"-25 day ahead inc hosp","quantile",0.25,1776,"COVID-19"
"DE-RP","00+",2023-04-20,2023-03-26,"-25 day ahead inc hosp","quantile",0.25,342,"COVID-19"
"DE-SH","00+",2023-04-20,2023-03-26,"-25 day ahead inc hosp","quantile",0.25,254,"COVID-19"
"DE-SL","00+",2023-04-20,2023-03-26,"-25 day ahead inc hosp","quantile",0.25,92,"COVID-19"
"DE-SN","00+",2023-04-20,2023-03-26,"-25 day ahead inc hosp","quantile",0.25,406,"COVID-19"
"DE-ST","00+",2023-04-20,2023-03-26,"-25 day ahead inc hosp","quantile",0.25,278,"COVID-19"
"DE-TH","00+",2023-04-20,2023-03-26,"-25 day ahead inc hosp","quantile",0.25,295,"COVID-19"
"DE","00-04",2023-04-20,2023-03-26,"-25 day ahead inc hosp","quantile",0.5,161,"COVID-19"
"DE","00+",2023-04-20,2023-03-26,"-25 day ahead inc hosp","quantile",0.5,7700,"COVID-19"
"DE","05-14",2023-04-20,2023-03-26,"-25 day ahead inc hosp","quantile",0.5,44,"COVID-19"
"DE","15-34",2023-04-20,2023-03-26,"-25 day ahead inc hosp","quantile",0.5,326,"COVID-19"
"DE","35-59",2023-04-20,2023-03-26,"-25 day ahead inc hosp","quantile",0.5,895,"COVID-19"
"DE","60-79",2023-04-20,2023-03-26,"-25 day ahead inc hosp","quantile",0.5,2810,"COVID-19"
"DE","80+",2023-04-20,2023-03-26,"-25 day ahead inc hosp","quantile",0.5,3457,"COVID-19"
"DE-BB","00+",2023-04-20,2023-03-26,"-25 day ahead inc hosp","quantile",0.5,346,"COVID-19"
"DE-BE","00+",2023-04-20,2023-03-26,"-25 day ahead inc hosp","quantile",0.5,595,"COVID-19"
"DE-BW","00+",2023-04-20,2023-03-26,"-25 day ahead inc hosp","quantile",0.5,409,"COVID-19"
"DE-BY","00+",2023-04-20,2023-03-26,"-25 day ahead inc hosp","quantile",0.5,1275,"COVID-19"
"DE-HB","00+",2023-04-20,2023-03-26,"-25 day ahead inc hosp","quantile",0.5,50,"COVID-19"
"DE-HE","00+",2023-04-20,2023-03-26,"-25 day ahead inc hosp","quantile",0.5,520,"COVID-19"
"DE-HH","00+",2023-04-20,2023-03-26,"-25 day ahead inc hosp","quantile",0.5,217,"COVID-19"
"DE-MV","00+",2023-04-20,2023-03-26,"-25 day ahead inc hosp","quantile",0.5,290,"COVID-19"
"DE-NI","00+",2023-04-20,2023-03-26,"-25 day ahead inc hosp","quantile",0.5,550,"COVID-19"
"DE-NW","00+",2023-04-20,2023-03-26,"-25 day ahead inc hosp","quantile",0.5,1780,"COVID-19"
"DE-RP","00+",2023-04-20,2023-03-26,"-25 day ahead inc hosp","quantile",0.5,343,"COVID-19"
"DE-SH","00+",2023-04-20,2023-03-26,"-25 day ahead inc hosp","quantile",0.5,255,"COVID-19"
"DE-SL","00+",2023-04-20,2023-03-26,"-25 day ahead inc hosp","quantile",0.5,92,"COVID-19"
"DE-SN","00+",2023-04-20,2023-03-26,"-25 day ahead inc hosp","quantile",0.5,407,"COVID-19"
"DE-ST","00+",2023-04-20,2023-03-26,"-25 day ahead inc hosp","quantile",0.5,280,"COVID-19"
"DE-TH","00+",2023-04-20,2023-03-26,"-25 day ahead inc hosp","quantile",0.5,297,"COVID-19"
"DE","00-04",2023-04-20,2023-03-26,"-25 day ahead inc hosp","quantile",0.75,163,"COVID-19"
"DE","00+",2023-04-20,2023-03-26,"-25 day ahead inc hosp","quantile",0.75,7722,"COVID-19"
"DE","05-14",2023-04-20,2023-03-26,"-25 day ahead inc hosp","quantile",0.75,45,"COVID-19"
"DE","15-34",2023-04-20,2023-03-26,"-25 day ahead inc hosp","quantile",0.75,328,"COVID-19"
"DE","35-59",2023-04-20,2023-03-26,"-25 day ahead inc hosp","quantile",0.75,899,"COVID-19"
"DE","60-79",2023-04-20,2023-03-26,"-25 day ahead inc hosp","quantile",0.75,2819,"COVID-19"
"DE","80+",2023-04-20,2023-03-26,"-25 day ahead inc hosp","quantile",0.75,3468,"COVID-19"
"DE-BB","00+",2023-04-20,2023-03-26,"-25 day ahead inc hosp","quantile",0.75,351,"COVID-19"
"DE-BE","00+",2023-04-20,2023-03-26,"-25 day ahead inc hosp","quantile",0.75,600,"COVID-19"
"DE-BW","00+",2023-04-20,2023-03-26,"-25 day ahead inc hosp","quantile",0.75,411,"COVID-19"
"DE-BY","00+",2023-04-20,2023-03-26,"-25 day ahead inc hosp","quantile",0.75,1280,"COVID-19"
"DE-HB","00+",2023-04-20,2023-03-26,"-25 day ahead inc hosp","quantile",0.75,51,"COVID-19"
"DE-HE","00+",2023-04-20,2023-03-26,"-25 day ahead inc hosp","quantile",0.75,523,"COVID-19"
"DE-HH","00+",2023-04-20,2023-03-26,"-25 day ahead inc hosp","quantile",0.75,219,"COVID-19"
"DE-MV","00+",2023-04-20,2023-03-26,"-25 day ahead inc hosp","quantile",0.75,291,"COVID-19"
"DE-NI","00+",2023-04-20,2023-03-26,"-25 day ahead inc hosp","quantile",0.75,553,"COVID-19"
"DE-NW","00+",2023-04-20,2023-03-26,"-25 day ahead inc hosp","quantile",0.75,1784,"COVID-19"
"DE-RP","00+",2023-04-20,2023-03-26,"-25 day ahead inc hosp","quantile",0.75,346,"COVID-19"
"DE-SH","00+",2023-04-20,2023-03-26,"-25 day ahead inc hosp","quantile",0.75,257,"COVID-19"
"DE-SL","00+",2023-04-20,2023-03-26,"-25 day ahead inc hosp","quantile",0.75,92,"COVID-19"
"DE-SN","00+",2023-04-20,2023-03-26,"-25 day ahead inc hosp","quantile",0.75,409,"COVID-19"
"DE-ST","00+",2023-04-20,2023-03-26,"-25 day ahead inc hosp","quantile",0.75,281,"COVID-19"
"DE-TH","00+",2023-04-20,2023-03-26,"-25 day ahead inc hosp","quantile",0.75,298,"COVID-19"
"DE","00-04",2023-04-20,2023-03-26,"-25 day ahead inc hosp","quantile",0.9,165,"COVID-19"
"DE","00+",2023-04-20,2023-03-26,"-25 day ahead inc hosp","quantile",0.9,7747,"COVID-19"
"DE","05-14",2023-04-20,2023-03-26,"-25 day ahead inc hosp","quantile",0.9,46,"COVID-19"
"DE","15-34",2023-04-20,2023-03-26,"-25 day ahead inc hosp","quantile",0.9,330,"COVID-19"
"DE","35-59",2023-04-20,2023-03-26,"-25 day ahead inc hosp","quantile",0.9,903,"COVID-19"
"DE","60-79",2023-04-20,2023-03-26,"-25 day ahead inc hosp","quantile",0.9,2828,"COVID-19"
"DE","80+",2023-04-20,2023-03-26,"-25 day ahead inc hosp","quantile",0.9,3479,"COVID-19"
"DE-BB","00+",2023-04-20,2023-03-26,"-25 day ahead inc hosp","quantile",0.9,357,"COVID-19"
"DE-BE","00+",2023-04-20,2023-03-26,"-25 day ahead inc hosp","quantile",0.9,604,"COVID-19"
"DE-BW","00+",2023-04-20,2023-03-26,"-25 day ahead inc hosp","quantile",0.9,413,"COVID-19"
"DE-BY","00+",2023-04-20,2023-03-26,"-25 day ahead inc hosp","quantile",0.9,1286,"COVID-19"
"DE-HB","00+",2023-04-20,2023-03-26,"-25 day ahead inc hosp","quantile",0.9,55,"COVID-19"
"DE-HE","00+",2023-04-20,2023-03-26,"-25 day ahead inc hosp","quantile",0.9,527,"COVID-19"
"DE-HH","00+",2023-04-20,2023-03-26,"-25 day ahead inc hosp","quantile",0.9,222,"COVID-19"
"DE-MV","00+",2023-04-20,2023-03-26,"-25 day ahead inc hosp","quantile",0.9,292,"COVID-19"
"DE-NI","00+",2023-04-20,2023-03-26,"-25 day ahead inc hosp","quantile",0.9,557,"COVID-19"
"DE-NW","00+",2023-04-20,2023-03-26,"-25 day ahead inc hosp","quantile",0.9,1789,"COVID-19"
"DE-RP","00+",2023-04-20,2023-03-26,"-25 day ahead inc hosp","quantile",0.9,349,"COVID-19"
"DE-SH","00+",2023-04-20,2023-03-26,"-25 day ahead inc hosp","quantile",0.9,259,"COVID-19"
"DE-SL","00+",2023-04-20,2023-03-26,"-25 day ahead inc hosp","quantile",0.9,92,"COVID-19"
"DE-SN","00+",2023-04-20,2023-03-26,"-25 day ahead inc hosp","quantile",0.9,413,"COVID-19"
"DE-ST","00+",2023-04-20,2023-03-26,"-25 day ahead inc hosp","quantile",0.9,282,"COVID-19"
"DE-TH","00+",2023-04-20,2023-03-26,"-25 day ahead inc hosp","quantile",0.9,299,"COVID-19"
"DE","00-04",2023-04-20,2023-03-26,"-25 day ahead inc hosp","quantile",0.975,167,"COVID-19"
"DE","00+",2023-04-20,2023-03-26,"-25 day ahead inc hosp","quantile",0.975,7779,"COVID-19"
"DE","05-14",2023-04-20,2023-03-26,"-25 day ahead inc hosp","quantile",0.975,47,"COVID-19"
"DE","15-34",2023-04-20,2023-03-26,"-25 day ahead inc hosp","quantile",0.975,334,"COVID-19"
"DE","35-59",2023-04-20,2023-03-26,"-25 day ahead inc hosp","quantile",0.975,909,"COVID-19"
"DE","60-79",2023-04-20,2023-03-26,"-25 day ahead inc hosp","quantile",0.975,2841,"COVID-19"
"DE","80+",2023-04-20,2023-03-26,"-25 day ahead inc hosp","quantile",0.975,3494,"COVID-19"
"DE-BB","00+",2023-04-20,2023-03-26,"-25 day ahead inc hosp","quantile",0.975,361,"COVID-19"
"DE-BE","00+",2023-04-20,2023-03-26,"-25 day ahead inc hosp","quantile",0.975,613,"COVID-19"
"DE-BW","00+",2023-04-20,2023-03-26,"-25 day ahead inc hosp","quantile",0.975,415,"COVID-19"
"DE-BY","00+",2023-04-20,2023-03-26,"-25 day ahead inc hosp","quantile",0.975,1290,"COVID-19"
"DE-HB","00+",2023-04-20,2023-03-26,"-25 day ahead inc hosp","quantile",0.975,58,"COVID-19"
"DE-HE","00+",2023-04-20,2023-03-26,"-25 day ahead inc hosp","quantile",0.975,532,"COVID-19"
"DE-HH","00+",2023-04-20,2023-03-26,"-25 day ahead inc hosp","quantile",0.975,231,"COVID-19"
"DE-MV","00+",2023-04-20,2023-03-26,"-25 day ahead inc hosp","quantile",0.975,294,"COVID-19"
"DE-NI","00+",2023-04-20,2023-03-26,"-25 day ahead inc hosp","quantile",0.975,562,"COVID-19"
"DE-NW","00+",2023-04-20,2023-03-26,"-25 day ahead inc hosp","quantile",0.975,1796,"COVID-19"
"DE-RP","00+",2023-04-20,2023-03-26,"-25 day ahead inc hosp","quantile",0.975,354,"COVID-19"
"DE-SH","00+",2023-04-20,2023-03-26,"-25 day ahead inc hosp","quantile",0.975,263,"COVID-19"
"DE-SL","00+",2023-04-20,2023-03-26,"-25 day ahead inc hosp","quantile",0.975,96,"COVID-19"
"DE-SN","00+",2023-04-20,2023-03-26,"-25 day ahead inc hosp","quantile",0.975,421,"COVID-19"
"DE-ST","00+",2023-04-20,2023-03-26,"-25 day ahead inc hosp","quantile",0.975,283,"COVID-19"
"DE-TH","00+",2023-04-20,2023-03-26,"-25 day ahead inc hosp","quantile",0.975,301,"COVID-19"
"DE","00-04",2023-04-20,2023-03-27,"-24 day ahead inc hosp","mean",NA,159,"COVID-19"
"DE","00+",2023-04-20,2023-03-27,"-24 day ahead inc hosp","mean",NA,7643,"COVID-19"
"DE","05-14",2023-04-20,2023-03-27,"-24 day ahead inc hosp","mean",NA,45,"COVID-19"
"DE","15-34",2023-04-20,2023-03-27,"-24 day ahead inc hosp","mean",NA,324,"COVID-19"
"DE","35-59",2023-04-20,2023-03-27,"-24 day ahead inc hosp","mean",NA,900,"COVID-19"
"DE","60-79",2023-04-20,2023-03-27,"-24 day ahead inc hosp","mean",NA,2762,"COVID-19"
"DE","80+",2023-04-20,2023-03-27,"-24 day ahead inc hosp","mean",NA,3448,"COVID-19"
"DE-BB","00+",2023-04-20,2023-03-27,"-24 day ahead inc hosp","mean",NA,343,"COVID-19"
"DE-BE","00+",2023-04-20,2023-03-27,"-24 day ahead inc hosp","mean",NA,600,"COVID-19"
"DE-BW","00+",2023-04-20,2023-03-27,"-24 day ahead inc hosp","mean",NA,408,"COVID-19"
"DE-BY","00+",2023-04-20,2023-03-27,"-24 day ahead inc hosp","mean",NA,1271,"COVID-19"
"DE-HB","00+",2023-04-20,2023-03-27,"-24 day ahead inc hosp","mean",NA,51,"COVID-19"
"DE-HE","00+",2023-04-20,2023-03-27,"-24 day ahead inc hosp","mean",NA,519,"COVID-19"
"DE-HH","00+",2023-04-20,2023-03-27,"-24 day ahead inc hosp","mean",NA,218,"COVID-19"
"DE-MV","00+",2023-04-20,2023-03-27,"-24 day ahead inc hosp","mean",NA,292,"COVID-19"
"DE-NI","00+",2023-04-20,2023-03-27,"-24 day ahead inc hosp","mean",NA,546,"COVID-19"
"DE-NW","00+",2023-04-20,2023-03-27,"-24 day ahead inc hosp","mean",NA,1743,"COVID-19"
"DE-RP","00+",2023-04-20,2023-03-27,"-24 day ahead inc hosp","mean",NA,340,"COVID-19"
"DE-SH","00+",2023-04-20,2023-03-27,"-24 day ahead inc hosp","mean",NA,249,"COVID-19"
"DE-SL","00+",2023-04-20,2023-03-27,"-24 day ahead inc hosp","mean",NA,92,"COVID-19"
"DE-SN","00+",2023-04-20,2023-03-27,"-24 day ahead inc hosp","mean",NA,409,"COVID-19"
"DE-ST","00+",2023-04-20,2023-03-27,"-24 day ahead inc hosp","mean",NA,279,"COVID-19"
"DE-TH","00+",2023-04-20,2023-03-27,"-24 day ahead inc hosp","mean",NA,295,"COVID-19"
"DE","00-04",2023-04-20,2023-03-27,"-24 day ahead inc hosp","quantile",0.025,157,"COVID-19"
"DE","00+",2023-04-20,2023-03-27,"-24 day ahead inc hosp","quantile",0.025,7596,"COVID-19"
"DE","05-14",2023-04-20,2023-03-27,"-24 day ahead inc hosp","quantile",0.025,45,"COVID-19"
"DE","15-34",2023-04-20,2023-03-27,"-24 day ahead inc hosp","quantile",0.025,322,"COVID-19"
"DE","35-59",2023-04-20,2023-03-27,"-24 day ahead inc hosp","quantile",0.025,893,"COVID-19"
"DE","60-79",2023-04-20,2023-03-27,"-24 day ahead inc hosp","quantile",0.025,2743,"COVID-19"
"DE","80+",2023-04-20,2023-03-27,"-24 day ahead inc hosp","quantile",0.025,3425,"COVID-19"
"DE-BB","00+",2023-04-20,2023-03-27,"-24 day ahead inc hosp","quantile",0.025,335,"COVID-19"
"DE-BE","00+",2023-04-20,2023-03-27,"-24 day ahead inc hosp","quantile",0.025,596,"COVID-19"
"DE-BW","00+",2023-04-20,2023-03-27,"-24 day ahead inc hosp","quantile",0.025,404,"COVID-19"
"DE-BY","00+",2023-04-20,2023-03-27,"-24 day ahead inc hosp","quantile",0.025,1262,"COVID-19"
"DE-HB","00+",2023-04-20,2023-03-27,"-24 day ahead inc hosp","quantile",0.025,49,"COVID-19"
"DE-HE","00+",2023-04-20,2023-03-27,"-24 day ahead inc hosp","quantile",0.025,514,"COVID-19"
"DE-HH","00+",2023-04-20,2023-03-27,"-24 day ahead inc hosp","quantile",0.025,215,"COVID-19"
"DE-MV","00+",2023-04-20,2023-03-27,"-24 day ahead inc hosp","quantile",0.025,290,"COVID-19"
"DE-NI","00+",2023-04-20,2023-03-27,"-24 day ahead inc hosp","quantile",0.025,539,"COVID-19"
"DE-NW","00+",2023-04-20,2023-03-27,"-24 day ahead inc hosp","quantile",0.025,1733,"COVID-19"
"DE-RP","00+",2023-04-20,2023-03-27,"-24 day ahead inc hosp","quantile",0.025,337,"COVID-19"
"DE-SH","00+",2023-04-20,2023-03-27,"-24 day ahead inc hosp","quantile",0.025,246,"COVID-19"
"DE-SL","00+",2023-04-20,2023-03-27,"-24 day ahead inc hosp","quantile",0.025,92,"COVID-19"
"DE-SN","00+",2023-04-20,2023-03-27,"-24 day ahead inc hosp","quantile",0.025,406,"COVID-19"
"DE-ST","00+",2023-04-20,2023-03-27,"-24 day ahead inc hosp","quantile",0.025,277,"COVID-19"
"DE-TH","00+",2023-04-20,2023-03-27,"-24 day ahead inc hosp","quantile",0.025,292,"COVID-19"
"DE","00-04",2023-04-20,2023-03-27,"-24 day ahead inc hosp","quantile",0.1,157,"COVID-19"
"DE","00+",2023-04-20,2023-03-27,"-24 day ahead inc hosp","quantile",0.1,7607,"COVID-19"
"DE","05-14",2023-04-20,2023-03-27,"-24 day ahead inc hosp","quantile",0.1,45,"COVID-19"
"DE","15-34",2023-04-20,2023-03-27,"-24 day ahead inc hosp","quantile",0.1,322,"COVID-19"
"DE","35-59",2023-04-20,2023-03-27,"-24 day ahead inc hosp","quantile",0.1,895,"COVID-19"
"DE","60-79",2023-04-20,2023-03-27,"-24 day ahead inc hosp","quantile",0.1,2748,"COVID-19"
"DE","80+",2023-04-20,2023-03-27,"-24 day ahead inc hosp","quantile",0.1,3431,"COVID-19"
"DE-BB","00+",2023-04-20,2023-03-27,"-24 day ahead inc hosp","quantile",0.1,336,"COVID-19"
"DE-BE","00+",2023-04-20,2023-03-27,"-24 day ahead inc hosp","quantile",0.1,596,"COVID-19"
"DE-BW","00+",2023-04-20,2023-03-27,"-24 day ahead inc hosp","quantile",0.1,405,"COVID-19"
"DE-BY","00+",2023-04-20,2023-03-27,"-24 day ahead inc hosp","quantile",0.1,1263,"COVID-19"
"DE-HB","00+",2023-04-20,2023-03-27,"-24 day ahead inc hosp","quantile",0.1,49,"COVID-19"
"DE-HE","00+",2023-04-20,2023-03-27,"-24 day ahead inc hosp","quantile",0.1,515,"COVID-19"
"DE-HH","00+",2023-04-20,2023-03-27,"-24 day ahead inc hosp","quantile",0.1,216,"COVID-19"
"DE-MV","00+",2023-04-20,2023-03-27,"-24 day ahead inc hosp","quantile",0.1,290,"COVID-19"
"DE-NI","00+",2023-04-20,2023-03-27,"-24 day ahead inc hosp","quantile",0.1,541,"COVID-19"
"DE-NW","00+",2023-04-20,2023-03-27,"-24 day ahead inc hosp","quantile",0.1,1736,"COVID-19"
"DE-RP","00+",2023-04-20,2023-03-27,"-24 day ahead inc hosp","quantile",0.1,337,"COVID-19"
"DE-SH","00+",2023-04-20,2023-03-27,"-24 day ahead inc hosp","quantile",0.1,247,"COVID-19"
"DE-SL","00+",2023-04-20,2023-03-27,"-24 day ahead inc hosp","quantile",0.1,92,"COVID-19"
"DE-SN","00+",2023-04-20,2023-03-27,"-24 day ahead inc hosp","quantile",0.1,406,"COVID-19"
"DE-ST","00+",2023-04-20,2023-03-27,"-24 day ahead inc hosp","quantile",0.1,278,"COVID-19"
"DE-TH","00+",2023-04-20,2023-03-27,"-24 day ahead inc hosp","quantile",0.1,293,"COVID-19"
"DE","00-04",2023-04-20,2023-03-27,"-24 day ahead inc hosp","quantile",0.25,157,"COVID-19"
"DE","00+",2023-04-20,2023-03-27,"-24 day ahead inc hosp","quantile",0.25,7620,"COVID-19"
"DE","05-14",2023-04-20,2023-03-27,"-24 day ahead inc hosp","quantile",0.25,45,"COVID-19"
"DE","15-34",2023-04-20,2023-03-27,"-24 day ahead inc hosp","quantile",0.25,323,"COVID-19"
"DE","35-59",2023-04-20,2023-03-27,"-24 day ahead inc hosp","quantile",0.25,896,"COVID-19"
"DE","60-79",2023-04-20,2023-03-27,"-24 day ahead inc hosp","quantile",0.25,2753,"COVID-19"
"DE","80+",2023-04-20,2023-03-27,"-24 day ahead inc hosp","quantile",0.25,3437,"COVID-19"
"DE-BB","00+",2023-04-20,2023-03-27,"-24 day ahead inc hosp","quantile",0.25,338,"COVID-19"
"DE-BE","00+",2023-04-20,2023-03-27,"-24 day ahead inc hosp","quantile",0.25,597,"COVID-19"
"DE-BW","00+",2023-04-20,2023-03-27,"-24 day ahead inc hosp","quantile",0.25,406,"COVID-19"
"DE-BY","00+",2023-04-20,2023-03-27,"-24 day ahead inc hosp","quantile",0.25,1266,"COVID-19"
"DE-HB","00+",2023-04-20,2023-03-27,"-24 day ahead inc hosp","quantile",0.25,50,"COVID-19"
"DE-HE","00+",2023-04-20,2023-03-27,"-24 day ahead inc hosp","quantile",0.25,516,"COVID-19"
"DE-HH","00+",2023-04-20,2023-03-27,"-24 day ahead inc hosp","quantile",0.25,217,"COVID-19"
"DE-MV","00+",2023-04-20,2023-03-27,"-24 day ahead inc hosp","quantile",0.25,292,"COVID-19"
"DE-NI","00+",2023-04-20,2023-03-27,"-24 day ahead inc hosp","quantile",0.25,543,"COVID-19"
"DE-NW","00+",2023-04-20,2023-03-27,"-24 day ahead inc hosp","quantile",0.25,1738,"COVID-19"
"DE-RP","00+",2023-04-20,2023-03-27,"-24 day ahead inc hosp","quantile",0.25,338,"COVID-19"
"DE-SH","00+",2023-04-20,2023-03-27,"-24 day ahead inc hosp","quantile",0.25,248,"COVID-19"
"DE-SL","00+",2023-04-20,2023-03-27,"-24 day ahead inc hosp","quantile",0.25,92,"COVID-19"
"DE-SN","00+",2023-04-20,2023-03-27,"-24 day ahead inc hosp","quantile",0.25,407,"COVID-19"
"DE-ST","00+",2023-04-20,2023-03-27,"-24 day ahead inc hosp","quantile",0.25,278,"COVID-19"
"DE-TH","00+",2023-04-20,2023-03-27,"-24 day ahead inc hosp","quantile",0.25,293,"COVID-19"
"DE","00-04",2023-04-20,2023-03-27,"-24 day ahead inc hosp","quantile",0.5,158,"COVID-19"
"DE","00+",2023-04-20,2023-03-27,"-24 day ahead inc hosp","quantile",0.5,7638,"COVID-19"
"DE","05-14",2023-04-20,2023-03-27,"-24 day ahead inc hosp","quantile",0.5,45,"COVID-19"
"DE","15-34",2023-04-20,2023-03-27,"-24 day ahead inc hosp","quantile",0.5,324,"COVID-19"
"DE","35-59",2023-04-20,2023-03-27,"-24 day ahead inc hosp","quantile",0.5,899,"COVID-19"
"DE","60-79",2023-04-20,2023-03-27,"-24 day ahead inc hosp","quantile",0.5,2760,"COVID-19"
"DE","80+",2023-04-20,2023-03-27,"-24 day ahead inc hosp","quantile",0.5,3446,"COVID-19"
"DE-BB","00+",2023-04-20,2023-03-27,"-24 day ahead inc hosp","quantile",0.5,341,"COVID-19"
"DE-BE","00+",2023-04-20,2023-03-27,"-24 day ahead inc hosp","quantile",0.5,599,"COVID-19"
"DE-BW","00+",2023-04-20,2023-03-27,"-24 day ahead inc hosp","quantile",0.5,407,"COVID-19"
"DE-BY","00+",2023-04-20,2023-03-27,"-24 day ahead inc hosp","quantile",0.5,1269,"COVID-19"
"DE-HB","00+",2023-04-20,2023-03-27,"-24 day ahead inc hosp","quantile",0.5,50,"COVID-19"
"DE-HE","00+",2023-04-20,2023-03-27,"-24 day ahead inc hosp","quantile",0.5,518,"COVID-19"
"DE-HH","00+",2023-04-20,2023-03-27,"-24 day ahead inc hosp","quantile",0.5,218,"COVID-19"
"DE-MV","00+",2023-04-20,2023-03-27,"-24 day ahead inc hosp","quantile",0.5,292,"COVID-19"
"DE-NI","00+",2023-04-20,2023-03-27,"-24 day ahead inc hosp","quantile",0.5,546,"COVID-19"
"DE-NW","00+",2023-04-20,2023-03-27,"-24 day ahead inc hosp","quantile",0.5,1742,"COVID-19"
"DE-RP","00+",2023-04-20,2023-03-27,"-24 day ahead inc hosp","quantile",0.5,339,"COVID-19"
"DE-SH","00+",2023-04-20,2023-03-27,"-24 day ahead inc hosp","quantile",0.5,249,"COVID-19"
"DE-SL","00+",2023-04-20,2023-03-27,"-24 day ahead inc hosp","quantile",0.5,92,"COVID-19"
"DE-SN","00+",2023-04-20,2023-03-27,"-24 day ahead inc hosp","quantile",0.5,409,"COVID-19"
"DE-ST","00+",2023-04-20,2023-03-27,"-24 day ahead inc hosp","quantile",0.5,278,"COVID-19"
"DE-TH","00+",2023-04-20,2023-03-27,"-24 day ahead inc hosp","quantile",0.5,295,"COVID-19"
"DE","00-04",2023-04-20,2023-03-27,"-24 day ahead inc hosp","quantile",0.75,160,"COVID-19"
"DE","00+",2023-04-20,2023-03-27,"-24 day ahead inc hosp","quantile",0.75,7661,"COVID-19"
"DE","05-14",2023-04-20,2023-03-27,"-24 day ahead inc hosp","quantile",0.75,46,"COVID-19"
"DE","15-34",2023-04-20,2023-03-27,"-24 day ahead inc hosp","quantile",0.75,327,"COVID-19"
"DE","35-59",2023-04-20,2023-03-27,"-24 day ahead inc hosp","quantile",0.75,903,"COVID-19"
"DE","60-79",2023-04-20,2023-03-27,"-24 day ahead inc hosp","quantile",0.75,2769,"COVID-19"
"DE","80+",2023-04-20,2023-03-27,"-24 day ahead inc hosp","quantile",0.75,3457,"COVID-19"
"DE-BB","00+",2023-04-20,2023-03-27,"-24 day ahead inc hosp","quantile",0.75,346,"COVID-19"
"DE-BE","00+",2023-04-20,2023-03-27,"-24 day ahead inc hosp","quantile",0.75,604,"COVID-19"
"DE-BW","00+",2023-04-20,2023-03-27,"-24 day ahead inc hosp","quantile",0.75,409,"COVID-19"
"DE-BY","00+",2023-04-20,2023-03-27,"-24 day ahead inc hosp","quantile",0.75,1275,"COVID-19"
"DE-HB","00+",2023-04-20,2023-03-27,"-24 day ahead inc hosp","quantile",0.75,51,"COVID-19"
"DE-HE","00+",2023-04-20,2023-03-27,"-24 day ahead inc hosp","quantile",0.75,521,"COVID-19"
"DE-HH","00+",2023-04-20,2023-03-27,"-24 day ahead inc hosp","quantile",0.75,220,"COVID-19"
"DE-MV","00+",2023-04-20,2023-03-27,"-24 day ahead inc hosp","quantile",0.75,293,"COVID-19"
"DE-NI","00+",2023-04-20,2023-03-27,"-24 day ahead inc hosp","quantile",0.75,549,"COVID-19"
"DE-NW","00+",2023-04-20,2023-03-27,"-24 day ahead inc hosp","quantile",0.75,1746,"COVID-19"
"DE-RP","00+",2023-04-20,2023-03-27,"-24 day ahead inc hosp","quantile",0.75,342,"COVID-19"
"DE-SH","00+",2023-04-20,2023-03-27,"-24 day ahead inc hosp","quantile",0.75,251,"COVID-19"
"DE-SL","00+",2023-04-20,2023-03-27,"-24 day ahead inc hosp","quantile",0.75,92,"COVID-19"
"DE-SN","00+",2023-04-20,2023-03-27,"-24 day ahead inc hosp","quantile",0.75,412,"COVID-19"
"DE-ST","00+",2023-04-20,2023-03-27,"-24 day ahead inc hosp","quantile",0.75,280,"COVID-19"
"DE-TH","00+",2023-04-20,2023-03-27,"-24 day ahead inc hosp","quantile",0.75,296,"COVID-19"
"DE","00-04",2023-04-20,2023-03-27,"-24 day ahead inc hosp","quantile",0.9,162,"COVID-19"
"DE","00+",2023-04-20,2023-03-27,"-24 day ahead inc hosp","quantile",0.9,7686,"COVID-19"
"DE","05-14",2023-04-20,2023-03-27,"-24 day ahead inc hosp","quantile",0.9,47,"COVID-19"
"DE","15-34",2023-04-20,2023-03-27,"-24 day ahead inc hosp","quantile",0.9,328,"COVID-19"
"DE","35-59",2023-04-20,2023-03-27,"-24 day ahead inc hosp","quantile",0.9,907,"COVID-19"
"DE","60-79",2023-04-20,2023-03-27,"-24 day ahead inc hosp","quantile",0.9,2778,"COVID-19"
"DE","80+",2023-04-20,2023-03-27,"-24 day ahead inc hosp","quantile",0.9,3468,"COVID-19"
"DE-BB","00+",2023-04-20,2023-03-27,"-24 day ahead inc hosp","quantile",0.9,351,"COVID-19"
"DE-BE","00+",2023-04-20,2023-03-27,"-24 day ahead inc hosp","quantile",0.9,610,"COVID-19"
"DE-BW","00+",2023-04-20,2023-03-27,"-24 day ahead inc hosp","quantile",0.9,411,"COVID-19"
"DE-BY","00+",2023-04-20,2023-03-27,"-24 day ahead inc hosp","quantile",0.9,1280,"COVID-19"
"DE-HB","00+",2023-04-20,2023-03-27,"-24 day ahead inc hosp","quantile",0.9,55,"COVID-19"
"DE-HE","00+",2023-04-20,2023-03-27,"-24 day ahead inc hosp","quantile",0.9,525,"COVID-19"
"DE-HH","00+",2023-04-20,2023-03-27,"-24 day ahead inc hosp","quantile",0.9,223,"COVID-19"
"DE-MV","00+",2023-04-20,2023-03-27,"-24 day ahead inc hosp","quantile",0.9,294,"COVID-19"
"DE-NI","00+",2023-04-20,2023-03-27,"-24 day ahead inc hosp","quantile",0.9,553,"COVID-19"
"DE-NW","00+",2023-04-20,2023-03-27,"-24 day ahead inc hosp","quantile",0.9,1752,"COVID-19"
"DE-RP","00+",2023-04-20,2023-03-27,"-24 day ahead inc hosp","quantile",0.9,345,"COVID-19"
"DE-SH","00+",2023-04-20,2023-03-27,"-24 day ahead inc hosp","quantile",0.9,253,"COVID-19"
"DE-SL","00+",2023-04-20,2023-03-27,"-24 day ahead inc hosp","quantile",0.9,92,"COVID-19"
"DE-SN","00+",2023-04-20,2023-03-27,"-24 day ahead inc hosp","quantile",0.9,416,"COVID-19"
"DE-ST","00+",2023-04-20,2023-03-27,"-24 day ahead inc hosp","quantile",0.9,281,"COVID-19"
"DE-TH","00+",2023-04-20,2023-03-27,"-24 day ahead inc hosp","quantile",0.9,297,"COVID-19"
"DE","00-04",2023-04-20,2023-03-27,"-24 day ahead inc hosp","quantile",0.975,164,"COVID-19"
"DE","00+",2023-04-20,2023-03-27,"-24 day ahead inc hosp","quantile",0.975,7718,"COVID-19"
"DE","05-14",2023-04-20,2023-03-27,"-24 day ahead inc hosp","quantile",0.975,48,"COVID-19"
"DE","15-34",2023-04-20,2023-03-27,"-24 day ahead inc hosp","quantile",0.975,332,"COVID-19"
"DE","35-59",2023-04-20,2023-03-27,"-24 day ahead inc hosp","quantile",0.975,913,"COVID-19"
"DE","60-79",2023-04-20,2023-03-27,"-24 day ahead inc hosp","quantile",0.975,2791,"COVID-19"
"DE","80+",2023-04-20,2023-03-27,"-24 day ahead inc hosp","quantile",0.975,3483,"COVID-19"
"DE-BB","00+",2023-04-20,2023-03-27,"-24 day ahead inc hosp","quantile",0.975,356,"COVID-19"
"DE-BE","00+",2023-04-20,2023-03-27,"-24 day ahead inc hosp","quantile",0.975,617,"COVID-19"
"DE-BW","00+",2023-04-20,2023-03-27,"-24 day ahead inc hosp","quantile",0.975,413,"COVID-19"
"DE-BY","00+",2023-04-20,2023-03-27,"-24 day ahead inc hosp","quantile",0.975,1284,"COVID-19"
"DE-HB","00+",2023-04-20,2023-03-27,"-24 day ahead inc hosp","quantile",0.975,58,"COVID-19"
"DE-HE","00+",2023-04-20,2023-03-27,"-24 day ahead inc hosp","quantile",0.975,530,"COVID-19"
"DE-HH","00+",2023-04-20,2023-03-27,"-24 day ahead inc hosp","quantile",0.975,232,"COVID-19"
"DE-MV","00+",2023-04-20,2023-03-27,"-24 day ahead inc hosp","quantile",0.975,296,"COVID-19"
"DE-NI","00+",2023-04-20,2023-03-27,"-24 day ahead inc hosp","quantile",0.975,558,"COVID-19"
"DE-NW","00+",2023-04-20,2023-03-27,"-24 day ahead inc hosp","quantile",0.975,1758,"COVID-19"
"DE-RP","00+",2023-04-20,2023-03-27,"-24 day ahead inc hosp","quantile",0.975,350,"COVID-19"
"DE-SH","00+",2023-04-20,2023-03-27,"-24 day ahead inc hosp","quantile",0.975,257,"COVID-19"
"DE-SL","00+",2023-04-20,2023-03-27,"-24 day ahead inc hosp","quantile",0.975,96,"COVID-19"
"DE-SN","00+",2023-04-20,2023-03-27,"-24 day ahead inc hosp","quantile",0.975,422,"COVID-19"
"DE-ST","00+",2023-04-20,2023-03-27,"-24 day ahead inc hosp","quantile",0.975,282,"COVID-19"
"DE-TH","00+",2023-04-20,2023-03-27,"-24 day ahead inc hosp","quantile",0.975,299,"COVID-19"
"DE","00-04",2023-04-20,2023-03-28,"-23 day ahead inc hosp","mean",NA,141,"COVID-19"
"DE","00+",2023-04-20,2023-03-28,"-23 day ahead inc hosp","mean",NA,7100,"COVID-19"
"DE","05-14",2023-04-20,2023-03-28,"-23 day ahead inc hosp","mean",NA,39,"COVID-19"
"DE","15-34",2023-04-20,2023-03-28,"-23 day ahead inc hosp","mean",NA,297,"COVID-19"
"DE","35-59",2023-04-20,2023-03-28,"-23 day ahead inc hosp","mean",NA,824,"COVID-19"
"DE","60-79",2023-04-20,2023-03-28,"-23 day ahead inc hosp","mean",NA,2568,"COVID-19"
"DE","80+",2023-04-20,2023-03-28,"-23 day ahead inc hosp","mean",NA,3227,"COVID-19"
"DE-BB","00+",2023-04-20,2023-03-28,"-23 day ahead inc hosp","mean",NA,337,"COVID-19"
"DE-BE","00+",2023-04-20,2023-03-28,"-23 day ahead inc hosp","mean",NA,541,"COVID-19"
"DE-BW","00+",2023-04-20,2023-03-28,"-23 day ahead inc hosp","mean",NA,377,"COVID-19"
"DE-BY","00+",2023-04-20,2023-03-28,"-23 day ahead inc hosp","mean",NA,1182,"COVID-19"
"DE-HB","00+",2023-04-20,2023-03-28,"-23 day ahead inc hosp","mean",NA,50,"COVID-19"
"DE-HE","00+",2023-04-20,2023-03-28,"-23 day ahead inc hosp","mean",NA,498,"COVID-19"
"DE-HH","00+",2023-04-20,2023-03-28,"-23 day ahead inc hosp","mean",NA,196,"COVID-19"
"DE-MV","00+",2023-04-20,2023-03-28,"-23 day ahead inc hosp","mean",NA,295,"COVID-19"
"DE-NI","00+",2023-04-20,2023-03-28,"-23 day ahead inc hosp","mean",NA,508,"COVID-19"
"DE-NW","00+",2023-04-20,2023-03-28,"-23 day ahead inc hosp","mean",NA,1586,"COVID-19"
"DE-RP","00+",2023-04-20,2023-03-28,"-23 day ahead inc hosp","mean",NA,329,"COVID-19"
"DE-SH","00+",2023-04-20,2023-03-28,"-23 day ahead inc hosp","mean",NA,278,"COVID-19"
"DE-SL","00+",2023-04-20,2023-03-28,"-23 day ahead inc hosp","mean",NA,70,"COVID-19"
"DE-SN","00+",2023-04-20,2023-03-28,"-23 day ahead inc hosp","mean",NA,383,"COVID-19"
"DE-ST","00+",2023-04-20,2023-03-28,"-23 day ahead inc hosp","mean",NA,214,"COVID-19"
"DE-TH","00+",2023-04-20,2023-03-28,"-23 day ahead inc hosp","mean",NA,269,"COVID-19"
"DE","00-04",2023-04-20,2023-03-28,"-23 day ahead inc hosp","quantile",0.025,139,"COVID-19"
"DE","00+",2023-04-20,2023-03-28,"-23 day ahead inc hosp","quantile",0.025,7047,"COVID-19"
"DE","05-14",2023-04-20,2023-03-28,"-23 day ahead inc hosp","quantile",0.025,39,"COVID-19"
"DE","15-34",2023-04-20,2023-03-28,"-23 day ahead inc hosp","quantile",0.025,295,"COVID-19"
"DE","35-59",2023-04-20,2023-03-28,"-23 day ahead inc hosp","quantile",0.025,817,"COVID-19"
"DE","60-79",2023-04-20,2023-03-28,"-23 day ahead inc hosp","quantile",0.025,2548,"COVID-19"
"DE","80+",2023-04-20,2023-03-28,"-23 day ahead inc hosp","quantile",0.025,3201,"COVID-19"
"DE-BB","00+",2023-04-20,2023-03-28,"-23 day ahead inc hosp","quantile",0.025,328,"COVID-19"
"DE-BE","00+",2023-04-20,2023-03-28,"-23 day ahead inc hosp","quantile",0.025,536,"COVID-19"
"DE-BW","00+",2023-04-20,2023-03-28,"-23 day ahead inc hosp","quantile",0.025,373,"COVID-19"
"DE-BY","00+",2023-04-20,2023-03-28,"-23 day ahead inc hosp","quantile",0.025,1172,"COVID-19"
"DE-HB","00+",2023-04-20,2023-03-28,"-23 day ahead inc hosp","quantile",0.025,48,"COVID-19"
"DE-HE","00+",2023-04-20,2023-03-28,"-23 day ahead inc hosp","quantile",0.025,492,"COVID-19"
"DE-HH","00+",2023-04-20,2023-03-28,"-23 day ahead inc hosp","quantile",0.025,193,"COVID-19"
"DE-MV","00+",2023-04-20,2023-03-28,"-23 day ahead inc hosp","quantile",0.025,293,"COVID-19"
"DE-NI","00+",2023-04-20,2023-03-28,"-23 day ahead inc hosp","quantile",0.025,500,"COVID-19"
"DE-NW","00+",2023-04-20,2023-03-28,"-23 day ahead inc hosp","quantile",0.025,1575,"COVID-19"
"DE-RP","00+",2023-04-20,2023-03-28,"-23 day ahead inc hosp","quantile",0.025,324,"COVID-19"
"DE-SH","00+",2023-04-20,2023-03-28,"-23 day ahead inc hosp","quantile",0.025,274,"COVID-19"
"DE-SL","00+",2023-04-20,2023-03-28,"-23 day ahead inc hosp","quantile",0.025,70,"COVID-19"
"DE-SN","00+",2023-04-20,2023-03-28,"-23 day ahead inc hosp","quantile",0.025,379,"COVID-19"
"DE-ST","00+",2023-04-20,2023-03-28,"-23 day ahead inc hosp","quantile",0.025,212,"COVID-19"
"DE-TH","00+",2023-04-20,2023-03-28,"-23 day ahead inc hosp","quantile",0.025,266,"COVID-19"
"DE","00-04",2023-04-20,2023-03-28,"-23 day ahead inc hosp","quantile",0.1,139,"COVID-19"
"DE","00+",2023-04-20,2023-03-28,"-23 day ahead inc hosp","quantile",0.1,7059,"COVID-19"
"DE","05-14",2023-04-20,2023-03-28,"-23 day ahead inc hosp","quantile",0.1,39,"COVID-19"
"DE","15-34",2023-04-20,2023-03-28,"-23 day ahead inc hosp","quantile",0.1,295,"COVID-19"
"DE","35-59",2023-04-20,2023-03-28,"-23 day ahead inc hosp","quantile",0.1,818,"COVID-19"
"DE","60-79",2023-04-20,2023-03-28,"-23 day ahead inc hosp","quantile",0.1,2553,"COVID-19"
"DE","80+",2023-04-20,2023-03-28,"-23 day ahead inc hosp","quantile",0.1,3208,"COVID-19"
"DE-BB","00+",2023-04-20,2023-03-28,"-23 day ahead inc hosp","quantile",0.1,330,"COVID-19"
"DE-BE","00+",2023-04-20,2023-03-28,"-23 day ahead inc hosp","quantile",0.1,536,"COVID-19"
"DE-BW","00+",2023-04-20,2023-03-28,"-23 day ahead inc hosp","quantile",0.1,374,"COVID-19"
"DE-BY","00+",2023-04-20,2023-03-28,"-23 day ahead inc hosp","quantile",0.1,1174,"COVID-19"
"DE-HB","00+",2023-04-20,2023-03-28,"-23 day ahead inc hosp","quantile",0.1,48,"COVID-19"
"DE-HE","00+",2023-04-20,2023-03-28,"-23 day ahead inc hosp","quantile",0.1,493,"COVID-19"
"DE-HH","00+",2023-04-20,2023-03-28,"-23 day ahead inc hosp","quantile",0.1,194,"COVID-19"
"DE-MV","00+",2023-04-20,2023-03-28,"-23 day ahead inc hosp","quantile",0.1,294,"COVID-19"
"DE-NI","00+",2023-04-20,2023-03-28,"-23 day ahead inc hosp","quantile",0.1,502,"COVID-19"
"DE-NW","00+",2023-04-20,2023-03-28,"-23 day ahead inc hosp","quantile",0.1,1578,"COVID-19"
"DE-RP","00+",2023-04-20,2023-03-28,"-23 day ahead inc hosp","quantile",0.1,324,"COVID-19"
"DE-SH","00+",2023-04-20,2023-03-28,"-23 day ahead inc hosp","quantile",0.1,275,"COVID-19"
"DE-SL","00+",2023-04-20,2023-03-28,"-23 day ahead inc hosp","quantile",0.1,70,"COVID-19"
"DE-SN","00+",2023-04-20,2023-03-28,"-23 day ahead inc hosp","quantile",0.1,379,"COVID-19"
"DE-ST","00+",2023-04-20,2023-03-28,"-23 day ahead inc hosp","quantile",0.1,212,"COVID-19"
"DE-TH","00+",2023-04-20,2023-03-28,"-23 day ahead inc hosp","quantile",0.1,267,"COVID-19"
"DE","00-04",2023-04-20,2023-03-28,"-23 day ahead inc hosp","quantile",0.25,139,"COVID-19"
"DE","00+",2023-04-20,2023-03-28,"-23 day ahead inc hosp","quantile",0.25,7074,"COVID-19"
"DE","05-14",2023-04-20,2023-03-28,"-23 day ahead inc hosp","quantile",0.25,39,"COVID-19"
"DE","15-34",2023-04-20,2023-03-28,"-23 day ahead inc hosp","quantile",0.25,296,"COVID-19"
"DE","35-59",2023-04-20,2023-03-28,"-23 day ahead inc hosp","quantile",0.25,820,"COVID-19"
"DE","60-79",2023-04-20,2023-03-28,"-23 day ahead inc hosp","quantile",0.25,2559,"COVID-19"
"DE","80+",2023-04-20,2023-03-28,"-23 day ahead inc hosp","quantile",0.25,3215,"COVID-19"
"DE-BB","00+",2023-04-20,2023-03-28,"-23 day ahead inc hosp","quantile",0.25,331,"COVID-19"
"DE-BE","00+",2023-04-20,2023-03-28,"-23 day ahead inc hosp","quantile",0.25,536,"COVID-19"
"DE-BW","00+",2023-04-20,2023-03-28,"-23 day ahead inc hosp","quantile",0.25,375,"COVID-19"
"DE-BY","00+",2023-04-20,2023-03-28,"-23 day ahead inc hosp","quantile",0.25,1176,"COVID-19"
"DE-HB","00+",2023-04-20,2023-03-28,"-23 day ahead inc hosp","quantile",0.25,49,"COVID-19"
"DE-HE","00+",2023-04-20,2023-03-28,"-23 day ahead inc hosp","quantile",0.25,495,"COVID-19"
"DE-HH","00+",2023-04-20,2023-03-28,"-23 day ahead inc hosp","quantile",0.25,195,"COVID-19"
"DE-MV","00+",2023-04-20,2023-03-28,"-23 day ahead inc hosp","quantile",0.25,294,"COVID-19"
"DE-NI","00+",2023-04-20,2023-03-28,"-23 day ahead inc hosp","quantile",0.25,504,"COVID-19"
"DE-NW","00+",2023-04-20,2023-03-28,"-23 day ahead inc hosp","quantile",0.25,1580,"COVID-19"
"DE-RP","00+",2023-04-20,2023-03-28,"-23 day ahead inc hosp","quantile",0.25,325,"COVID-19"
"DE-SH","00+",2023-04-20,2023-03-28,"-23 day ahead inc hosp","quantile",0.25,276,"COVID-19"
"DE-SL","00+",2023-04-20,2023-03-28,"-23 day ahead inc hosp","quantile",0.25,70,"COVID-19"
"DE-SN","00+",2023-04-20,2023-03-28,"-23 day ahead inc hosp","quantile",0.25,380,"COVID-19"
"DE-ST","00+",2023-04-20,2023-03-28,"-23 day ahead inc hosp","quantile",0.25,213,"COVID-19"
"DE-TH","00+",2023-04-20,2023-03-28,"-23 day ahead inc hosp","quantile",0.25,267,"COVID-19"
"DE","00-04",2023-04-20,2023-03-28,"-23 day ahead inc hosp","quantile",0.5,140,"COVID-19"
"DE","00+",2023-04-20,2023-03-28,"-23 day ahead inc hosp","quantile",0.5,7094,"COVID-19"
"DE","05-14",2023-04-20,2023-03-28,"-23 day ahead inc hosp","quantile",0.5,39,"COVID-19"
"DE","15-34",2023-04-20,2023-03-28,"-23 day ahead inc hosp","quantile",0.5,297,"COVID-19"
"DE","35-59",2023-04-20,2023-03-28,"-23 day ahead inc hosp","quantile",0.5,823,"COVID-19"
"DE","60-79",2023-04-20,2023-03-28,"-23 day ahead inc hosp","quantile",0.5,2566,"COVID-19"
"DE","80+",2023-04-20,2023-03-28,"-23 day ahead inc hosp","quantile",0.5,3224,"COVID-19"
"DE-BB","00+",2023-04-20,2023-03-28,"-23 day ahead inc hosp","quantile",0.5,335,"COVID-19"
"DE-BE","00+",2023-04-20,2023-03-28,"-23 day ahead inc hosp","quantile",0.5,539,"COVID-19"
"DE-BW","00+",2023-04-20,2023-03-28,"-23 day ahead inc hosp","quantile",0.5,377,"COVID-19"
"DE-BY","00+",2023-04-20,2023-03-28,"-23 day ahead inc hosp","quantile",0.5,1180,"COVID-19"
"DE-HB","00+",2023-04-20,2023-03-28,"-23 day ahead inc hosp","quantile",0.5,50,"COVID-19"
"DE-HE","00+",2023-04-20,2023-03-28,"-23 day ahead inc hosp","quantile",0.5,497,"COVID-19"
"DE-HH","00+",2023-04-20,2023-03-28,"-23 day ahead inc hosp","quantile",0.5,197,"COVID-19"
"DE-MV","00+",2023-04-20,2023-03-28,"-23 day ahead inc hosp","quantile",0.5,296,"COVID-19"
"DE-NI","00+",2023-04-20,2023-03-28,"-23 day ahead inc hosp","quantile",0.5,507,"COVID-19"
"DE-NW","00+",2023-04-20,2023-03-28,"-23 day ahead inc hosp","quantile",0.5,1585,"COVID-19"
"DE-RP","00+",2023-04-20,2023-03-28,"-23 day ahead inc hosp","quantile",0.5,328,"COVID-19"
"DE-SH","00+",2023-04-20,2023-03-28,"-23 day ahead inc hosp","quantile",0.5,278,"COVID-19"
"DE-SL","00+",2023-04-20,2023-03-28,"-23 day ahead inc hosp","quantile",0.5,70,"COVID-19"
"DE-SN","00+",2023-04-20,2023-03-28,"-23 day ahead inc hosp","quantile",0.5,382,"COVID-19"
"DE-ST","00+",2023-04-20,2023-03-28,"-23 day ahead inc hosp","quantile",0.5,214,"COVID-19"
"DE-TH","00+",2023-04-20,2023-03-28,"-23 day ahead inc hosp","quantile",0.5,269,"COVID-19"
"DE","00-04",2023-04-20,2023-03-28,"-23 day ahead inc hosp","quantile",0.75,142,"COVID-19"
"DE","00+",2023-04-20,2023-03-28,"-23 day ahead inc hosp","quantile",0.75,7119,"COVID-19"
"DE","05-14",2023-04-20,2023-03-28,"-23 day ahead inc hosp","quantile",0.75,40,"COVID-19"
"DE","15-34",2023-04-20,2023-03-28,"-23 day ahead inc hosp","quantile",0.75,299,"COVID-19"
"DE","35-59",2023-04-20,2023-03-28,"-23 day ahead inc hosp","quantile",0.75,827,"COVID-19"
"DE","60-79",2023-04-20,2023-03-28,"-23 day ahead inc hosp","quantile",0.75,2576,"COVID-19"
"DE","80+",2023-04-20,2023-03-28,"-23 day ahead inc hosp","quantile",0.75,3236,"COVID-19"
"DE-BB","00+",2023-04-20,2023-03-28,"-23 day ahead inc hosp","quantile",0.75,340,"COVID-19"
"DE-BE","00+",2023-04-20,2023-03-28,"-23 day ahead inc hosp","quantile",0.75,543,"COVID-19"
"DE-BW","00+",2023-04-20,2023-03-28,"-23 day ahead inc hosp","quantile",0.75,379,"COVID-19"
"DE-BY","00+",2023-04-20,2023-03-28,"-23 day ahead inc hosp","quantile",0.75,1186,"COVID-19"
"DE-HB","00+",2023-04-20,2023-03-28,"-23 day ahead inc hosp","quantile",0.75,51,"COVID-19"
"DE-HE","00+",2023-04-20,2023-03-28,"-23 day ahead inc hosp","quantile",0.75,501,"COVID-19"
"DE-HH","00+",2023-04-20,2023-03-28,"-23 day ahead inc hosp","quantile",0.75,199,"COVID-19"
"DE-MV","00+",2023-04-20,2023-03-28,"-23 day ahead inc hosp","quantile",0.75,297,"COVID-19"
"DE-NI","00+",2023-04-20,2023-03-28,"-23 day ahead inc hosp","quantile",0.75,510,"COVID-19"
"DE-NW","00+",2023-04-20,2023-03-28,"-23 day ahead inc hosp","quantile",0.75,1590,"COVID-19"
"DE-RP","00+",2023-04-20,2023-03-28,"-23 day ahead inc hosp","quantile",0.75,331,"COVID-19"
"DE-SH","00+",2023-04-20,2023-03-28,"-23 day ahead inc hosp","quantile",0.75,280,"COVID-19"
"DE-SL","00+",2023-04-20,2023-03-28,"-23 day ahead inc hosp","quantile",0.75,70,"COVID-19"
"DE-SN","00+",2023-04-20,2023-03-28,"-23 day ahead inc hosp","quantile",0.75,385,"COVID-19"
"DE-ST","00+",2023-04-20,2023-03-28,"-23 day ahead inc hosp","quantile",0.75,215,"COVID-19"
"DE-TH","00+",2023-04-20,2023-03-28,"-23 day ahead inc hosp","quantile",0.75,270,"COVID-19"
"DE","00-04",2023-04-20,2023-03-28,"-23 day ahead inc hosp","quantile",0.9,144,"COVID-19"
"DE","00+",2023-04-20,2023-03-28,"-23 day ahead inc hosp","quantile",0.9,7147,"COVID-19"
"DE","05-14",2023-04-20,2023-03-28,"-23 day ahead inc hosp","quantile",0.9,40,"COVID-19"
"DE","15-34",2023-04-20,2023-03-28,"-23 day ahead inc hosp","quantile",0.9,301,"COVID-19"
"DE","35-59",2023-04-20,2023-03-28,"-23 day ahead inc hosp","quantile",0.9,831,"COVID-19"
"DE","60-79",2023-04-20,2023-03-28,"-23 day ahead inc hosp","quantile",0.9,2587,"COVID-19"
"DE","80+",2023-04-20,2023-03-28,"-23 day ahead inc hosp","quantile",0.9,3249,"COVID-19"
"DE-BB","00+",2023-04-20,2023-03-28,"-23 day ahead inc hosp","quantile",0.9,346,"COVID-19"
"DE-BE","00+",2023-04-20,2023-03-28,"-23 day ahead inc hosp","quantile",0.9,550,"COVID-19"
"DE-BW","00+",2023-04-20,2023-03-28,"-23 day ahead inc hosp","quantile",0.9,381,"COVID-19"
"DE-BY","00+",2023-04-20,2023-03-28,"-23 day ahead inc hosp","quantile",0.9,1191,"COVID-19"
"DE-HB","00+",2023-04-20,2023-03-28,"-23 day ahead inc hosp","quantile",0.9,54,"COVID-19"
"DE-HE","00+",2023-04-20,2023-03-28,"-23 day ahead inc hosp","quantile",0.9,505,"COVID-19"
"DE-HH","00+",2023-04-20,2023-03-28,"-23 day ahead inc hosp","quantile",0.9,201,"COVID-19"
"DE-MV","00+",2023-04-20,2023-03-28,"-23 day ahead inc hosp","quantile",0.9,298,"COVID-19"
"DE-NI","00+",2023-04-20,2023-03-28,"-23 day ahead inc hosp","quantile",0.9,514,"COVID-19"
"DE-NW","00+",2023-04-20,2023-03-28,"-23 day ahead inc hosp","quantile",0.9,1596,"COVID-19"
"DE-RP","00+",2023-04-20,2023-03-28,"-23 day ahead inc hosp","quantile",0.9,336,"COVID-19"
"DE-SH","00+",2023-04-20,2023-03-28,"-23 day ahead inc hosp","quantile",0.9,282,"COVID-19"
"DE-SL","00+",2023-04-20,2023-03-28,"-23 day ahead inc hosp","quantile",0.9,71,"COVID-19"
"DE-SN","00+",2023-04-20,2023-03-28,"-23 day ahead inc hosp","quantile",0.9,389,"COVID-19"
"DE-ST","00+",2023-04-20,2023-03-28,"-23 day ahead inc hosp","quantile",0.9,216,"COVID-19"
"DE-TH","00+",2023-04-20,2023-03-28,"-23 day ahead inc hosp","quantile",0.9,271,"COVID-19"
"DE","00-04",2023-04-20,2023-03-28,"-23 day ahead inc hosp","quantile",0.975,146,"COVID-19"
"DE","00+",2023-04-20,2023-03-28,"-23 day ahead inc hosp","quantile",0.975,7182,"COVID-19"
"DE","05-14",2023-04-20,2023-03-28,"-23 day ahead inc hosp","quantile",0.975,41,"COVID-19"
"DE","15-34",2023-04-20,2023-03-28,"-23 day ahead inc hosp","quantile",0.975,305,"COVID-19"
"DE","35-59",2023-04-20,2023-03-28,"-23 day ahead inc hosp","quantile",0.975,838,"COVID-19"
"DE","60-79",2023-04-20,2023-03-28,"-23 day ahead inc hosp","quantile",0.975,2600,"COVID-19"
"DE","80+",2023-04-20,2023-03-28,"-23 day ahead inc hosp","quantile",0.975,3265,"COVID-19"
"DE-BB","00+",2023-04-20,2023-03-28,"-23 day ahead inc hosp","quantile",0.975,349,"COVID-19"
"DE-BE","00+",2023-04-20,2023-03-28,"-23 day ahead inc hosp","quantile",0.975,559,"COVID-19"
"DE-BW","00+",2023-04-20,2023-03-28,"-23 day ahead inc hosp","quantile",0.975,383,"COVID-19"
"DE-BY","00+",2023-04-20,2023-03-28,"-23 day ahead inc hosp","quantile",0.975,1194,"COVID-19"
"DE-HB","00+",2023-04-20,2023-03-28,"-23 day ahead inc hosp","quantile",0.975,56,"COVID-19"
"DE-HE","00+",2023-04-20,2023-03-28,"-23 day ahead inc hosp","quantile",0.975,510,"COVID-19"
"DE-HH","00+",2023-04-20,2023-03-28,"-23 day ahead inc hosp","quantile",0.975,211,"COVID-19"
"DE-MV","00+",2023-04-20,2023-03-28,"-23 day ahead inc hosp","quantile",0.975,300,"COVID-19"
"DE-NI","00+",2023-04-20,2023-03-28,"-23 day ahead inc hosp","quantile",0.975,519,"COVID-19"
"DE-NW","00+",2023-04-20,2023-03-28,"-23 day ahead inc hosp","quantile",0.975,1603,"COVID-19"
"DE-RP","00+",2023-04-20,2023-03-28,"-23 day ahead inc hosp","quantile",0.975,342,"COVID-19"
"DE-SH","00+",2023-04-20,2023-03-28,"-23 day ahead inc hosp","quantile",0.975,285,"COVID-19"
"DE-SL","00+",2023-04-20,2023-03-28,"-23 day ahead inc hosp","quantile",0.975,74,"COVID-19"
"DE-SN","00+",2023-04-20,2023-03-28,"-23 day ahead inc hosp","quantile",0.975,395,"COVID-19"
"DE-ST","00+",2023-04-20,2023-03-28,"-23 day ahead inc hosp","quantile",0.975,218,"COVID-19"
"DE-TH","00+",2023-04-20,2023-03-28,"-23 day ahead inc hosp","quantile",0.975,273,"COVID-19"
"DE","00-04",2023-04-20,2023-03-29,"-22 day ahead inc hosp","mean",NA,142,"COVID-19"
"DE","00+",2023-04-20,2023-03-29,"-22 day ahead inc hosp","mean",NA,6647,"COVID-19"
"DE","05-14",2023-04-20,2023-03-29,"-22 day ahead inc hosp","mean",NA,36,"COVID-19"
"DE","15-34",2023-04-20,2023-03-29,"-22 day ahead inc hosp","mean",NA,277,"COVID-19"
"DE","35-59",2023-04-20,2023-03-29,"-22 day ahead inc hosp","mean",NA,731,"COVID-19"
"DE","60-79",2023-04-20,2023-03-29,"-22 day ahead inc hosp","mean",NA,2447,"COVID-19"
"DE","80+",2023-04-20,2023-03-29,"-22 day ahead inc hosp","mean",NA,3013,"COVID-19"
"DE-BB","00+",2023-04-20,2023-03-29,"-22 day ahead inc hosp","mean",NA,324,"COVID-19"
"DE-BE","00+",2023-04-20,2023-03-29,"-22 day ahead inc hosp","mean",NA,445,"COVID-19"
"DE-BW","00+",2023-04-20,2023-03-29,"-22 day ahead inc hosp","mean",NA,368,"COVID-19"
"DE-BY","00+",2023-04-20,2023-03-29,"-22 day ahead inc hosp","mean",NA,1139,"COVID-19"
"DE-HB","00+",2023-04-20,2023-03-29,"-22 day ahead inc hosp","mean",NA,37,"COVID-19"
"DE-HE","00+",2023-04-20,2023-03-29,"-22 day ahead inc hosp","mean",NA,469,"COVID-19"
"DE-HH","00+",2023-04-20,2023-03-29,"-22 day ahead inc hosp","mean",NA,178,"COVID-19"
"DE-MV","00+",2023-04-20,2023-03-29,"-22 day ahead inc hosp","mean",NA,277,"COVID-19"
"DE-NI","00+",2023-04-20,2023-03-29,"-22 day ahead inc hosp","mean",NA,474,"COVID-19"
"DE-NW","00+",2023-04-20,2023-03-29,"-22 day ahead inc hosp","mean",NA,1487,"COVID-19"
"DE-RP","00+",2023-04-20,2023-03-29,"-22 day ahead inc hosp","mean",NA,325,"COVID-19"
"DE-SH","00+",2023-04-20,2023-03-29,"-22 day ahead inc hosp","mean",NA,270,"COVID-19"
"DE-SL","00+",2023-04-20,2023-03-29,"-22 day ahead inc hosp","mean",NA,50,"COVID-19"
"DE-SN","00+",2023-04-20,2023-03-29,"-22 day ahead inc hosp","mean",NA,394,"COVID-19"
"DE-ST","00+",2023-04-20,2023-03-29,"-22 day ahead inc hosp","mean",NA,183,"COVID-19"
"DE-TH","00+",2023-04-20,2023-03-29,"-22 day ahead inc hosp","mean",NA,242,"COVID-19"
"DE","00-04",2023-04-20,2023-03-29,"-22 day ahead inc hosp","quantile",0.025,140,"COVID-19"
"DE","00+",2023-04-20,2023-03-29,"-22 day ahead inc hosp","quantile",0.025,6592,"COVID-19"
"DE","05-14",2023-04-20,2023-03-29,"-22 day ahead inc hosp","quantile",0.025,36,"COVID-19"
"DE","15-34",2023-04-20,2023-03-29,"-22 day ahead inc hosp","quantile",0.025,274,"COVID-19"
"DE","35-59",2023-04-20,2023-03-29,"-22 day ahead inc hosp","quantile",0.025,724,"COVID-19"
"DE","60-79",2023-04-20,2023-03-29,"-22 day ahead inc hosp","quantile",0.025,2425,"COVID-19"
"DE","80+",2023-04-20,2023-03-29,"-22 day ahead inc hosp","quantile",0.025,2987,"COVID-19"
"DE-BB","00+",2023-04-20,2023-03-29,"-22 day ahead inc hosp","quantile",0.025,315,"COVID-19"
"DE-BE","00+",2023-04-20,2023-03-29,"-22 day ahead inc hosp","quantile",0.025,440,"COVID-19"
"DE-BW","00+",2023-04-20,2023-03-29,"-22 day ahead inc hosp","quantile",0.025,364,"COVID-19"
"DE-BY","00+",2023-04-20,2023-03-29,"-22 day ahead inc hosp","quantile",0.025,1128,"COVID-19"
"DE-HB","00+",2023-04-20,2023-03-29,"-22 day ahead inc hosp","quantile",0.025,35,"COVID-19"
"DE-HE","00+",2023-04-20,2023-03-29,"-22 day ahead inc hosp","quantile",0.025,462,"COVID-19"
"DE-HH","00+",2023-04-20,2023-03-29,"-22 day ahead inc hosp","quantile",0.025,174,"COVID-19"
"DE-MV","00+",2023-04-20,2023-03-29,"-22 day ahead inc hosp","quantile",0.025,275,"COVID-19"
"DE-NI","00+",2023-04-20,2023-03-29,"-22 day ahead inc hosp","quantile",0.025,466,"COVID-19"
"DE-NW","00+",2023-04-20,2023-03-29,"-22 day ahead inc hosp","quantile",0.025,1476,"COVID-19"
"DE-RP","00+",2023-04-20,2023-03-29,"-22 day ahead inc hosp","quantile",0.025,319,"COVID-19"
"DE-SH","00+",2023-04-20,2023-03-29,"-22 day ahead inc hosp","quantile",0.025,266,"COVID-19"
"DE-SL","00+",2023-04-20,2023-03-29,"-22 day ahead inc hosp","quantile",0.025,50,"COVID-19"
"DE-SN","00+",2023-04-20,2023-03-29,"-22 day ahead inc hosp","quantile",0.025,389,"COVID-19"
"DE-ST","00+",2023-04-20,2023-03-29,"-22 day ahead inc hosp","quantile",0.025,181,"COVID-19"
"DE-TH","00+",2023-04-20,2023-03-29,"-22 day ahead inc hosp","quantile",0.025,239,"COVID-19"
"DE","00-04",2023-04-20,2023-03-29,"-22 day ahead inc hosp","quantile",0.1,140,"COVID-19"
"DE","00+",2023-04-20,2023-03-29,"-22 day ahead inc hosp","quantile",0.1,6605,"COVID-19"
"DE","05-14",2023-04-20,2023-03-29,"-22 day ahead inc hosp","quantile",0.1,36,"COVID-19"
"DE","15-34",2023-04-20,2023-03-29,"-22 day ahead inc hosp","quantile",0.1,274,"COVID-19"
"DE","35-59",2023-04-20,2023-03-29,"-22 day ahead inc hosp","quantile",0.1,725,"COVID-19"
"DE","60-79",2023-04-20,2023-03-29,"-22 day ahead inc hosp","quantile",0.1,2430,"COVID-19"
"DE","80+",2023-04-20,2023-03-29,"-22 day ahead inc hosp","quantile",0.1,2994,"COVID-19"
"DE-BB","00+",2023-04-20,2023-03-29,"-22 day ahead inc hosp","quantile",0.1,317,"COVID-19"
"DE-BE","00+",2023-04-20,2023-03-29,"-22 day ahead inc hosp","quantile",0.1,440,"COVID-19"
"DE-BW","00+",2023-04-20,2023-03-29,"-22 day ahead inc hosp","quantile",0.1,365,"COVID-19"
"DE-BY","00+",2023-04-20,2023-03-29,"-22 day ahead inc hosp","quantile",0.1,1130,"COVID-19"
"DE-HB","00+",2023-04-20,2023-03-29,"-22 day ahead inc hosp","quantile",0.1,35,"COVID-19"
"DE-HE","00+",2023-04-20,2023-03-29,"-22 day ahead inc hosp","quantile",0.1,463,"COVID-19"
"DE-HH","00+",2023-04-20,2023-03-29,"-22 day ahead inc hosp","quantile",0.1,175,"COVID-19"
"DE-MV","00+",2023-04-20,2023-03-29,"-22 day ahead inc hosp","quantile",0.1,276,"COVID-19"
"DE-NI","00+",2023-04-20,2023-03-29,"-22 day ahead inc hosp","quantile",0.1,468,"COVID-19"
"DE-NW","00+",2023-04-20,2023-03-29,"-22 day ahead inc hosp","quantile",0.1,1478,"COVID-19"
"DE-RP","00+",2023-04-20,2023-03-29,"-22 day ahead inc hosp","quantile",0.1,319,"COVID-19"
"DE-SH","00+",2023-04-20,2023-03-29,"-22 day ahead inc hosp","quantile",0.1,267,"COVID-19"
"DE-SL","00+",2023-04-20,2023-03-29,"-22 day ahead inc hosp","quantile",0.1,50,"COVID-19"
"DE-SN","00+",2023-04-20,2023-03-29,"-22 day ahead inc hosp","quantile",0.1,390,"COVID-19"
"DE-ST","00+",2023-04-20,2023-03-29,"-22 day ahead inc hosp","quantile",0.1,182,"COVID-19"
"DE-TH","00+",2023-04-20,2023-03-29,"-22 day ahead inc hosp","quantile",0.1,239,"COVID-19"
"DE","00-04",2023-04-20,2023-03-29,"-22 day ahead inc hosp","quantile",0.25,140,"COVID-19"
"DE","00+",2023-04-20,2023-03-29,"-22 day ahead inc hosp","quantile",0.25,6620,"COVID-19"
"DE","05-14",2023-04-20,2023-03-29,"-22 day ahead inc hosp","quantile",0.25,36,"COVID-19"
"DE","15-34",2023-04-20,2023-03-29,"-22 day ahead inc hosp","quantile",0.25,275,"COVID-19"
"DE","35-59",2023-04-20,2023-03-29,"-22 day ahead inc hosp","quantile",0.25,727,"COVID-19"
"DE","60-79",2023-04-20,2023-03-29,"-22 day ahead inc hosp","quantile",0.25,2436,"COVID-19"
"DE","80+",2023-04-20,2023-03-29,"-22 day ahead inc hosp","quantile",0.25,3001,"COVID-19"
"DE-BB","00+",2023-04-20,2023-03-29,"-22 day ahead inc hosp","quantile",0.25,318,"COVID-19"
"DE-BE","00+",2023-04-20,2023-03-29,"-22 day ahead inc hosp","quantile",0.25,440,"COVID-19"
"DE-BW","00+",2023-04-20,2023-03-29,"-22 day ahead inc hosp","quantile",0.25,366,"COVID-19"
"DE-BY","00+",2023-04-20,2023-03-29,"-22 day ahead inc hosp","quantile",0.25,1133,"COVID-19"
"DE-HB","00+",2023-04-20,2023-03-29,"-22 day ahead inc hosp","quantile",0.25,35,"COVID-19"
"DE-HE","00+",2023-04-20,2023-03-29,"-22 day ahead inc hosp","quantile",0.25,465,"COVID-19"
"DE-HH","00+",2023-04-20,2023-03-29,"-22 day ahead inc hosp","quantile",0.25,176,"COVID-19"
"DE-MV","00+",2023-04-20,2023-03-29,"-22 day ahead inc hosp","quantile",0.25,276,"COVID-19"
"DE-NI","00+",2023-04-20,2023-03-29,"-22 day ahead inc hosp","quantile",0.25,470,"COVID-19"
"DE-NW","00+",2023-04-20,2023-03-29,"-22 day ahead inc hosp","quantile",0.25,1482,"COVID-19"
"DE-RP","00+",2023-04-20,2023-03-29,"-22 day ahead inc hosp","quantile",0.25,321,"COVID-19"
"DE-SH","00+",2023-04-20,2023-03-29,"-22 day ahead inc hosp","quantile",0.25,268,"COVID-19"
"DE-SL","00+",2023-04-20,2023-03-29,"-22 day ahead inc hosp","quantile",0.25,50,"COVID-19"
"DE-SN","00+",2023-04-20,2023-03-29,"-22 day ahead inc hosp","quantile",0.25,391,"COVID-19"
"DE-ST","00+",2023-04-20,2023-03-29,"-22 day ahead inc hosp","quantile",0.25,182,"COVID-19"
"DE-TH","00+",2023-04-20,2023-03-29,"-22 day ahead inc hosp","quantile",0.25,240,"COVID-19"
"DE","00-04",2023-04-20,2023-03-29,"-22 day ahead inc hosp","quantile",0.5,141,"COVID-19"
"DE","00+",2023-04-20,2023-03-29,"-22 day ahead inc hosp","quantile",0.5,6641,"COVID-19"
"DE","05-14",2023-04-20,2023-03-29,"-22 day ahead inc hosp","quantile",0.5,36,"COVID-19"
"DE","15-34",2023-04-20,2023-03-29,"-22 day ahead inc hosp","quantile",0.5,276,"COVID-19"
"DE","35-59",2023-04-20,2023-03-29,"-22 day ahead inc hosp","quantile",0.5,730,"COVID-19"
"DE","60-79",2023-04-20,2023-03-29,"-22 day ahead inc hosp","quantile",0.5,2445,"COVID-19"
"DE","80+",2023-04-20,2023-03-29,"-22 day ahead inc hosp","quantile",0.5,3011,"COVID-19"
"DE-BB","00+",2023-04-20,2023-03-29,"-22 day ahead inc hosp","quantile",0.5,322,"COVID-19"
"DE-BE","00+",2023-04-20,2023-03-29,"-22 day ahead inc hosp","quantile",0.5,443,"COVID-19"
"DE-BW","00+",2023-04-20,2023-03-29,"-22 day ahead inc hosp","quantile",0.5,368,"COVID-19"
"DE-BY","00+",2023-04-20,2023-03-29,"-22 day ahead inc hosp","quantile",0.5,1137,"COVID-19"
"DE-HB","00+",2023-04-20,2023-03-29,"-22 day ahead inc hosp","quantile",0.5,36,"COVID-19"
"DE-HE","00+",2023-04-20,2023-03-29,"-22 day ahead inc hosp","quantile",0.5,468,"COVID-19"
"DE-HH","00+",2023-04-20,2023-03-29,"-22 day ahead inc hosp","quantile",0.5,178,"COVID-19"
"DE-MV","00+",2023-04-20,2023-03-29,"-22 day ahead inc hosp","quantile",0.5,278,"COVID-19"
"DE-NI","00+",2023-04-20,2023-03-29,"-22 day ahead inc hosp","quantile",0.5,473,"COVID-19"
"DE-NW","00+",2023-04-20,2023-03-29,"-22 day ahead inc hosp","quantile",0.5,1486,"COVID-19"
"DE-RP","00+",2023-04-20,2023-03-29,"-22 day ahead inc hosp","quantile",0.5,323,"COVID-19"
"DE-SH","00+",2023-04-20,2023-03-29,"-22 day ahead inc hosp","quantile",0.5,270,"COVID-19"
"DE-SL","00+",2023-04-20,2023-03-29,"-22 day ahead inc hosp","quantile",0.5,50,"COVID-19"
"DE-SN","00+",2023-04-20,2023-03-29,"-22 day ahead inc hosp","quantile",0.5,393,"COVID-19"
"DE-ST","00+",2023-04-20,2023-03-29,"-22 day ahead inc hosp","quantile",0.5,183,"COVID-19"
"DE-TH","00+",2023-04-20,2023-03-29,"-22 day ahead inc hosp","quantile",0.5,241,"COVID-19"
"DE","00-04",2023-04-20,2023-03-29,"-22 day ahead inc hosp","quantile",0.75,143,"COVID-19"
"DE","00+",2023-04-20,2023-03-29,"-22 day ahead inc hosp","quantile",0.75,6668,"COVID-19"
"DE","05-14",2023-04-20,2023-03-29,"-22 day ahead inc hosp","quantile",0.75,37,"COVID-19"
"DE","15-34",2023-04-20,2023-03-29,"-22 day ahead inc hosp","quantile",0.75,278,"COVID-19"
"DE","35-59",2023-04-20,2023-03-29,"-22 day ahead inc hosp","quantile",0.75,734,"COVID-19"
"DE","60-79",2023-04-20,2023-03-29,"-22 day ahead inc hosp","quantile",0.75,2455,"COVID-19"
"DE","80+",2023-04-20,2023-03-29,"-22 day ahead inc hosp","quantile",0.75,3023,"COVID-19"
"DE-BB","00+",2023-04-20,2023-03-29,"-22 day ahead inc hosp","quantile",0.75,327,"COVID-19"
"DE-BE","00+",2023-04-20,2023-03-29,"-22 day ahead inc hosp","quantile",0.75,447,"COVID-19"
"DE-BW","00+",2023-04-20,2023-03-29,"-22 day ahead inc hosp","quantile",0.75,370,"COVID-19"
"DE-BY","00+",2023-04-20,2023-03-29,"-22 day ahead inc hosp","quantile",0.75,1143,"COVID-19"
"DE-HB","00+",2023-04-20,2023-03-29,"-22 day ahead inc hosp","quantile",0.75,38,"COVID-19"
"DE-HE","00+",2023-04-20,2023-03-29,"-22 day ahead inc hosp","quantile",0.75,471,"COVID-19"
"DE-HH","00+",2023-04-20,2023-03-29,"-22 day ahead inc hosp","quantile",0.75,180,"COVID-19"
"DE-MV","00+",2023-04-20,2023-03-29,"-22 day ahead inc hosp","quantile",0.75,279,"COVID-19"
"DE-NI","00+",2023-04-20,2023-03-29,"-22 day ahead inc hosp","quantile",0.75,476,"COVID-19"
"DE-NW","00+",2023-04-20,2023-03-29,"-22 day ahead inc hosp","quantile",0.75,1491,"COVID-19"
"DE-RP","00+",2023-04-20,2023-03-29,"-22 day ahead inc hosp","quantile",0.75,328,"COVID-19"
"DE-SH","00+",2023-04-20,2023-03-29,"-22 day ahead inc hosp","quantile",0.75,272,"COVID-19"
"DE-SL","00+",2023-04-20,2023-03-29,"-22 day ahead inc hosp","quantile",0.75,50,"COVID-19"
"DE-SN","00+",2023-04-20,2023-03-29,"-22 day ahead inc hosp","quantile",0.75,395,"COVID-19"
"DE-ST","00+",2023-04-20,2023-03-29,"-22 day ahead inc hosp","quantile",0.75,184,"COVID-19"
"DE-TH","00+",2023-04-20,2023-03-29,"-22 day ahead inc hosp","quantile",0.75,243,"COVID-19"
"DE","00-04",2023-04-20,2023-03-29,"-22 day ahead inc hosp","quantile",0.9,145,"COVID-19"
"DE","00+",2023-04-20,2023-03-29,"-22 day ahead inc hosp","quantile",0.9,6696,"COVID-19"
"DE","05-14",2023-04-20,2023-03-29,"-22 day ahead inc hosp","quantile",0.9,38,"COVID-19"
"DE","15-34",2023-04-20,2023-03-29,"-22 day ahead inc hosp","quantile",0.9,282,"COVID-19"
"DE","35-59",2023-04-20,2023-03-29,"-22 day ahead inc hosp","quantile",0.9,738,"COVID-19"
"DE","60-79",2023-04-20,2023-03-29,"-22 day ahead inc hosp","quantile",0.9,2466,"COVID-19"
"DE","80+",2023-04-20,2023-03-29,"-22 day ahead inc hosp","quantile",0.9,3036,"COVID-19"
"DE-BB","00+",2023-04-20,2023-03-29,"-22 day ahead inc hosp","quantile",0.9,333,"COVID-19"
"DE-BE","00+",2023-04-20,2023-03-29,"-22 day ahead inc hosp","quantile",0.9,455,"COVID-19"
"DE-BW","00+",2023-04-20,2023-03-29,"-22 day ahead inc hosp","quantile",0.9,372,"COVID-19"
"DE-BY","00+",2023-04-20,2023-03-29,"-22 day ahead inc hosp","quantile",0.9,1147,"COVID-19"
"DE-HB","00+",2023-04-20,2023-03-29,"-22 day ahead inc hosp","quantile",0.9,41,"COVID-19"
"DE-HE","00+",2023-04-20,2023-03-29,"-22 day ahead inc hosp","quantile",0.9,475,"COVID-19"
"DE-HH","00+",2023-04-20,2023-03-29,"-22 day ahead inc hosp","quantile",0.9,183,"COVID-19"
"DE-MV","00+",2023-04-20,2023-03-29,"-22 day ahead inc hosp","quantile",0.9,280,"COVID-19"
"DE-NI","00+",2023-04-20,2023-03-29,"-22 day ahead inc hosp","quantile",0.9,480,"COVID-19"
"DE-NW","00+",2023-04-20,2023-03-29,"-22 day ahead inc hosp","quantile",0.9,1497,"COVID-19"
"DE-RP","00+",2023-04-20,2023-03-29,"-22 day ahead inc hosp","quantile",0.9,333,"COVID-19"
"DE-SH","00+",2023-04-20,2023-03-29,"-22 day ahead inc hosp","quantile",0.9,275,"COVID-19"
"DE-SL","00+",2023-04-20,2023-03-29,"-22 day ahead inc hosp","quantile",0.9,51,"COVID-19"
"DE-SN","00+",2023-04-20,2023-03-29,"-22 day ahead inc hosp","quantile",0.9,399,"COVID-19"
"DE-ST","00+",2023-04-20,2023-03-29,"-22 day ahead inc hosp","quantile",0.9,185,"COVID-19"
"DE-TH","00+",2023-04-20,2023-03-29,"-22 day ahead inc hosp","quantile",0.9,244,"COVID-19"
"DE","00-04",2023-04-20,2023-03-29,"-22 day ahead inc hosp","quantile",0.975,147,"COVID-19"
"DE","00+",2023-04-20,2023-03-29,"-22 day ahead inc hosp","quantile",0.975,6733,"COVID-19"
"DE","05-14",2023-04-20,2023-03-29,"-22 day ahead inc hosp","quantile",0.975,39,"COVID-19"
"DE","15-34",2023-04-20,2023-03-29,"-22 day ahead inc hosp","quantile",0.975,284,"COVID-19"
"DE","35-59",2023-04-20,2023-03-29,"-22 day ahead inc hosp","quantile",0.975,745,"COVID-19"
"DE","60-79",2023-04-20,2023-03-29,"-22 day ahead inc hosp","quantile",0.975,2481,"COVID-19"
"DE","80+",2023-04-20,2023-03-29,"-22 day ahead inc hosp","quantile",0.975,3052,"COVID-19"
"DE-BB","00+",2023-04-20,2023-03-29,"-22 day ahead inc hosp","quantile",0.975,337,"COVID-19"
"DE-BE","00+",2023-04-20,2023-03-29,"-22 day ahead inc hosp","quantile",0.975,463,"COVID-19"
"DE-BW","00+",2023-04-20,2023-03-29,"-22 day ahead inc hosp","quantile",0.975,375,"COVID-19"
"DE-BY","00+",2023-04-20,2023-03-29,"-22 day ahead inc hosp","quantile",0.975,1150,"COVID-19"
"DE-HB","00+",2023-04-20,2023-03-29,"-22 day ahead inc hosp","quantile",0.975,43,"COVID-19"
"DE-HE","00+",2023-04-20,2023-03-29,"-22 day ahead inc hosp","quantile",0.975,481,"COVID-19"
"DE-HH","00+",2023-04-20,2023-03-29,"-22 day ahead inc hosp","quantile",0.975,192,"COVID-19"
"DE-MV","00+",2023-04-20,2023-03-29,"-22 day ahead inc hosp","quantile",0.975,282,"COVID-19"
"DE-NI","00+",2023-04-20,2023-03-29,"-22 day ahead inc hosp","quantile",0.975,485,"COVID-19"
"DE-NW","00+",2023-04-20,2023-03-29,"-22 day ahead inc hosp","quantile",0.975,1505,"COVID-19"
"DE-RP","00+",2023-04-20,2023-03-29,"-22 day ahead inc hosp","quantile",0.975,341,"COVID-19"
"DE-SH","00+",2023-04-20,2023-03-29,"-22 day ahead inc hosp","quantile",0.975,277,"COVID-19"
"DE-SL","00+",2023-04-20,2023-03-29,"-22 day ahead inc hosp","quantile",0.975,54,"COVID-19"
"DE-SN","00+",2023-04-20,2023-03-29,"-22 day ahead inc hosp","quantile",0.975,406,"COVID-19"
"DE-ST","00+",2023-04-20,2023-03-29,"-22 day ahead inc hosp","quantile",0.975,188,"COVID-19"
"DE-TH","00+",2023-04-20,2023-03-29,"-22 day ahead inc hosp","quantile",0.975,246,"COVID-19"
"DE","00-04",2023-04-20,2023-03-30,"-21 day ahead inc hosp","mean",NA,131,"COVID-19"
"DE","00+",2023-04-20,2023-03-30,"-21 day ahead inc hosp","mean",NA,6304,"COVID-19"
"DE","05-14",2023-04-20,2023-03-30,"-21 day ahead inc hosp","mean",NA,29,"COVID-19"
"DE","15-34",2023-04-20,2023-03-30,"-21 day ahead inc hosp","mean",NA,252,"COVID-19"
"DE","35-59",2023-04-20,2023-03-30,"-21 day ahead inc hosp","mean",NA,700,"COVID-19"
"DE","60-79",2023-04-20,2023-03-30,"-21 day ahead inc hosp","mean",NA,2285,"COVID-19"
"DE","80+",2023-04-20,2023-03-30,"-21 day ahead inc hosp","mean",NA,2905,"COVID-19"
"DE-BB","00+",2023-04-20,2023-03-30,"-21 day ahead inc hosp","mean",NA,307,"COVID-19"
"DE-BE","00+",2023-04-20,2023-03-30,"-21 day ahead inc hosp","mean",NA,435,"COVID-19"
"DE-BW","00+",2023-04-20,2023-03-30,"-21 day ahead inc hosp","mean",NA,336,"COVID-19"
"DE-BY","00+",2023-04-20,2023-03-30,"-21 day ahead inc hosp","mean",NA,1067,"COVID-19"
"DE-HB","00+",2023-04-20,2023-03-30,"-21 day ahead inc hosp","mean",NA,34,"COVID-19"
"DE-HE","00+",2023-04-20,2023-03-30,"-21 day ahead inc hosp","mean",NA,428,"COVID-19"
"DE-HH","00+",2023-04-20,2023-03-30,"-21 day ahead inc hosp","mean",NA,174,"COVID-19"
"DE-MV","00+",2023-04-20,2023-03-30,"-21 day ahead inc hosp","mean",NA,262,"COVID-19"
"DE-NI","00+",2023-04-20,2023-03-30,"-21 day ahead inc hosp","mean",NA,449,"COVID-19"
"DE-NW","00+",2023-04-20,2023-03-30,"-21 day ahead inc hosp","mean",NA,1423,"COVID-19"
"DE-RP","00+",2023-04-20,2023-03-30,"-21 day ahead inc hosp","mean",NA,305,"COVID-19"
"DE-SH","00+",2023-04-20,2023-03-30,"-21 day ahead inc hosp","mean",NA,262,"COVID-19"
"DE-SL","00+",2023-04-20,2023-03-30,"-21 day ahead inc hosp","mean",NA,47,"COVID-19"
"DE-SN","00+",2023-04-20,2023-03-30,"-21 day ahead inc hosp","mean",NA,382,"COVID-19"
"DE-ST","00+",2023-04-20,2023-03-30,"-21 day ahead inc hosp","mean",NA,179,"COVID-19"
"DE-TH","00+",2023-04-20,2023-03-30,"-21 day ahead inc hosp","mean",NA,231,"COVID-19"
"DE","00-04",2023-04-20,2023-03-30,"-21 day ahead inc hosp","quantile",0.025,129,"COVID-19"
"DE","00+",2023-04-20,2023-03-30,"-21 day ahead inc hosp","quantile",0.025,6246,"COVID-19"
"DE","05-14",2023-04-20,2023-03-30,"-21 day ahead inc hosp","quantile",0.025,29,"COVID-19"
"DE","15-34",2023-04-20,2023-03-30,"-21 day ahead inc hosp","quantile",0.025,249,"COVID-19"
"DE","35-59",2023-04-20,2023-03-30,"-21 day ahead inc hosp","quantile",0.025,692,"COVID-19"
"DE","60-79",2023-04-20,2023-03-30,"-21 day ahead inc hosp","quantile",0.025,2262,"COVID-19"
"DE","80+",2023-04-20,2023-03-30,"-21 day ahead inc hosp","quantile",0.025,2877,"COVID-19"
"DE-BB","00+",2023-04-20,2023-03-30,"-21 day ahead inc hosp","quantile",0.025,298,"COVID-19"
"DE-BE","00+",2023-04-20,2023-03-30,"-21 day ahead inc hosp","quantile",0.025,428,"COVID-19"
"DE-BW","00+",2023-04-20,2023-03-30,"-21 day ahead inc hosp","quantile",0.025,332,"COVID-19"
"DE-BY","00+",2023-04-20,2023-03-30,"-21 day ahead inc hosp","quantile",0.025,1056,"COVID-19"
"DE-HB","00+",2023-04-20,2023-03-30,"-21 day ahead inc hosp","quantile",0.025,32,"COVID-19"
"DE-HE","00+",2023-04-20,2023-03-30,"-21 day ahead inc hosp","quantile",0.025,421,"COVID-19"
"DE-HH","00+",2023-04-20,2023-03-30,"-21 day ahead inc hosp","quantile",0.025,170,"COVID-19"
"DE-MV","00+",2023-04-20,2023-03-30,"-21 day ahead inc hosp","quantile",0.025,259,"COVID-19"
"DE-NI","00+",2023-04-20,2023-03-30,"-21 day ahead inc hosp","quantile",0.025,442,"COVID-19"
"DE-NW","00+",2023-04-20,2023-03-30,"-21 day ahead inc hosp","quantile",0.025,1410,"COVID-19"
"DE-RP","00+",2023-04-20,2023-03-30,"-21 day ahead inc hosp","quantile",0.025,298,"COVID-19"
"DE-SH","00+",2023-04-20,2023-03-30,"-21 day ahead inc hosp","quantile",0.025,257,"COVID-19"
"DE-SL","00+",2023-04-20,2023-03-30,"-21 day ahead inc hosp","quantile",0.025,47,"COVID-19"
"DE-SN","00+",2023-04-20,2023-03-30,"-21 day ahead inc hosp","quantile",0.025,377,"COVID-19"
"DE-ST","00+",2023-04-20,2023-03-30,"-21 day ahead inc hosp","quantile",0.025,176,"COVID-19"
"DE-TH","00+",2023-04-20,2023-03-30,"-21 day ahead inc hosp","quantile",0.025,228,"COVID-19"
"DE","00-04",2023-04-20,2023-03-30,"-21 day ahead inc hosp","quantile",0.1,129,"COVID-19"
"DE","00+",2023-04-20,2023-03-30,"-21 day ahead inc hosp","quantile",0.1,6260,"COVID-19"
"DE","05-14",2023-04-20,2023-03-30,"-21 day ahead inc hosp","quantile",0.1,29,"COVID-19"
"DE","15-34",2023-04-20,2023-03-30,"-21 day ahead inc hosp","quantile",0.1,249,"COVID-19"
"DE","35-59",2023-04-20,2023-03-30,"-21 day ahead inc hosp","quantile",0.1,694,"COVID-19"
"DE","60-79",2023-04-20,2023-03-30,"-21 day ahead inc hosp","quantile",0.1,2267,"COVID-19"
"DE","80+",2023-04-20,2023-03-30,"-21 day ahead inc hosp","quantile",0.1,2884,"COVID-19"
"DE-BB","00+",2023-04-20,2023-03-30,"-21 day ahead inc hosp","quantile",0.1,299,"COVID-19"
"DE-BE","00+",2023-04-20,2023-03-30,"-21 day ahead inc hosp","quantile",0.1,428,"COVID-19"
"DE-BW","00+",2023-04-20,2023-03-30,"-21 day ahead inc hosp","quantile",0.1,333,"COVID-19"
"DE-BY","00+",2023-04-20,2023-03-30,"-21 day ahead inc hosp","quantile",0.1,1059,"COVID-19"
"DE-HB","00+",2023-04-20,2023-03-30,"-21 day ahead inc hosp","quantile",0.1,32,"COVID-19"
"DE-HE","00+",2023-04-20,2023-03-30,"-21 day ahead inc hosp","quantile",0.1,422,"COVID-19"
"DE-HH","00+",2023-04-20,2023-03-30,"-21 day ahead inc hosp","quantile",0.1,172,"COVID-19"
"DE-MV","00+",2023-04-20,2023-03-30,"-21 day ahead inc hosp","quantile",0.1,260,"COVID-19"
"DE-NI","00+",2023-04-20,2023-03-30,"-21 day ahead inc hosp","quantile",0.1,443,"COVID-19"
"DE-NW","00+",2023-04-20,2023-03-30,"-21 day ahead inc hosp","quantile",0.1,1414,"COVID-19"
"DE-RP","00+",2023-04-20,2023-03-30,"-21 day ahead inc hosp","quantile",0.1,299,"COVID-19"
"DE-SH","00+",2023-04-20,2023-03-30,"-21 day ahead inc hosp","quantile",0.1,258,"COVID-19"
"DE-SL","00+",2023-04-20,2023-03-30,"-21 day ahead inc hosp","quantile",0.1,47,"COVID-19"
"DE-SN","00+",2023-04-20,2023-03-30,"-21 day ahead inc hosp","quantile",0.1,378,"COVID-19"
"DE-ST","00+",2023-04-20,2023-03-30,"-21 day ahead inc hosp","quantile",0.1,176,"COVID-19"
"DE-TH","00+",2023-04-20,2023-03-30,"-21 day ahead inc hosp","quantile",0.1,228,"COVID-19"
"DE","00-04",2023-04-20,2023-03-30,"-21 day ahead inc hosp","quantile",0.25,129,"COVID-19"
"DE","00+",2023-04-20,2023-03-30,"-21 day ahead inc hosp","quantile",0.25,6276,"COVID-19"
"DE","05-14",2023-04-20,2023-03-30,"-21 day ahead inc hosp","quantile",0.25,29,"COVID-19"
"DE","15-34",2023-04-20,2023-03-30,"-21 day ahead inc hosp","quantile",0.25,250,"COVID-19"
"DE","35-59",2023-04-20,2023-03-30,"-21 day ahead inc hosp","quantile",0.25,695,"COVID-19"
"DE","60-79",2023-04-20,2023-03-30,"-21 day ahead inc hosp","quantile",0.25,2274,"COVID-19"
"DE","80+",2023-04-20,2023-03-30,"-21 day ahead inc hosp","quantile",0.25,2892,"COVID-19"
"DE-BB","00+",2023-04-20,2023-03-30,"-21 day ahead inc hosp","quantile",0.25,301,"COVID-19"
"DE-BE","00+",2023-04-20,2023-03-30,"-21 day ahead inc hosp","quantile",0.25,430,"COVID-19"
"DE-BW","00+",2023-04-20,2023-03-30,"-21 day ahead inc hosp","quantile",0.25,334,"COVID-19"
"DE-BY","00+",2023-04-20,2023-03-30,"-21 day ahead inc hosp","quantile",0.25,1061,"COVID-19"
"DE-HB","00+",2023-04-20,2023-03-30,"-21 day ahead inc hosp","quantile",0.25,32,"COVID-19"
"DE-HE","00+",2023-04-20,2023-03-30,"-21 day ahead inc hosp","quantile",0.25,424,"COVID-19"
"DE-HH","00+",2023-04-20,2023-03-30,"-21 day ahead inc hosp","quantile",0.25,173,"COVID-19"
"DE-MV","00+",2023-04-20,2023-03-30,"-21 day ahead inc hosp","quantile",0.25,260,"COVID-19"
"DE-NI","00+",2023-04-20,2023-03-30,"-21 day ahead inc hosp","quantile",0.25,445,"COVID-19"
"DE-NW","00+",2023-04-20,2023-03-30,"-21 day ahead inc hosp","quantile",0.25,1416,"COVID-19"
"DE-RP","00+",2023-04-20,2023-03-30,"-21 day ahead inc hosp","quantile",0.25,301,"COVID-19"
"DE-SH","00+",2023-04-20,2023-03-30,"-21 day ahead inc hosp","quantile",0.25,260,"COVID-19"
"DE-SL","00+",2023-04-20,2023-03-30,"-21 day ahead inc hosp","quantile",0.25,47,"COVID-19"
"DE-SN","00+",2023-04-20,2023-03-30,"-21 day ahead inc hosp","quantile",0.25,379,"COVID-19"
"DE-ST","00+",2023-04-20,2023-03-30,"-21 day ahead inc hosp","quantile",0.25,177,"COVID-19"
"DE-TH","00+",2023-04-20,2023-03-30,"-21 day ahead inc hosp","quantile",0.25,229,"COVID-19"
"DE","00-04",2023-04-20,2023-03-30,"-21 day ahead inc hosp","quantile",0.5,130,"COVID-19"
"DE","00+",2023-04-20,2023-03-30,"-21 day ahead inc hosp","quantile",0.5,6298,"COVID-19"
"DE","05-14",2023-04-20,2023-03-30,"-21 day ahead inc hosp","quantile",0.5,29,"COVID-19"
"DE","15-34",2023-04-20,2023-03-30,"-21 day ahead inc hosp","quantile",0.5,251,"COVID-19"
"DE","35-59",2023-04-20,2023-03-30,"-21 day ahead inc hosp","quantile",0.5,698,"COVID-19"
"DE","60-79",2023-04-20,2023-03-30,"-21 day ahead inc hosp","quantile",0.5,2282,"COVID-19"
"DE","80+",2023-04-20,2023-03-30,"-21 day ahead inc hosp","quantile",0.5,2902,"COVID-19"
"DE-BB","00+",2023-04-20,2023-03-30,"-21 day ahead inc hosp","quantile",0.5,305,"COVID-19"
"DE-BE","00+",2023-04-20,2023-03-30,"-21 day ahead inc hosp","quantile",0.5,432,"COVID-19"
"DE-BW","00+",2023-04-20,2023-03-30,"-21 day ahead inc hosp","quantile",0.5,336,"COVID-19"
"DE-BY","00+",2023-04-20,2023-03-30,"-21 day ahead inc hosp","quantile",0.5,1066,"COVID-19"
"DE-HB","00+",2023-04-20,2023-03-30,"-21 day ahead inc hosp","quantile",0.5,33,"COVID-19"
"DE-HE","00+",2023-04-20,2023-03-30,"-21 day ahead inc hosp","quantile",0.5,427,"COVID-19"
"DE-HH","00+",2023-04-20,2023-03-30,"-21 day ahead inc hosp","quantile",0.5,174,"COVID-19"
"DE-MV","00+",2023-04-20,2023-03-30,"-21 day ahead inc hosp","quantile",0.5,262,"COVID-19"
"DE-NI","00+",2023-04-20,2023-03-30,"-21 day ahead inc hosp","quantile",0.5,448,"COVID-19"
"DE-NW","00+",2023-04-20,2023-03-30,"-21 day ahead inc hosp","quantile",0.5,1422,"COVID-19"
"DE-RP","00+",2023-04-20,2023-03-30,"-21 day ahead inc hosp","quantile",0.5,303,"COVID-19"
"DE-SH","00+",2023-04-20,2023-03-30,"-21 day ahead inc hosp","quantile",0.5,261,"COVID-19"
"DE-SL","00+",2023-04-20,2023-03-30,"-21 day ahead inc hosp","quantile",0.5,47,"COVID-19"
"DE-SN","00+",2023-04-20,2023-03-30,"-21 day ahead inc hosp","quantile",0.5,381,"COVID-19"
"DE-ST","00+",2023-04-20,2023-03-30,"-21 day ahead inc hosp","quantile",0.5,178,"COVID-19"
"DE-TH","00+",2023-04-20,2023-03-30,"-21 day ahead inc hosp","quantile",0.5,230,"COVID-19"
"DE","00-04",2023-04-20,2023-03-30,"-21 day ahead inc hosp","quantile",0.75,132,"COVID-19"
"DE","00+",2023-04-20,2023-03-30,"-21 day ahead inc hosp","quantile",0.75,6326,"COVID-19"
"DE","05-14",2023-04-20,2023-03-30,"-21 day ahead inc hosp","quantile",0.75,30,"COVID-19"
"DE","15-34",2023-04-20,2023-03-30,"-21 day ahead inc hosp","quantile",0.75,253,"COVID-19"
"DE","35-59",2023-04-20,2023-03-30,"-21 day ahead inc hosp","quantile",0.75,703,"COVID-19"
"DE","60-79",2023-04-20,2023-03-30,"-21 day ahead inc hosp","quantile",0.75,2293,"COVID-19"
"DE","80+",2023-04-20,2023-03-30,"-21 day ahead inc hosp","quantile",0.75,2915,"COVID-19"
"DE-BB","00+",2023-04-20,2023-03-30,"-21 day ahead inc hosp","quantile",0.75,310,"COVID-19"
"DE-BE","00+",2023-04-20,2023-03-30,"-21 day ahead inc hosp","quantile",0.75,437,"COVID-19"
"DE-BW","00+",2023-04-20,2023-03-30,"-21 day ahead inc hosp","quantile",0.75,338,"COVID-19"
"DE-BY","00+",2023-04-20,2023-03-30,"-21 day ahead inc hosp","quantile",0.75,1071,"COVID-19"
"DE-HB","00+",2023-04-20,2023-03-30,"-21 day ahead inc hosp","quantile",0.75,35,"COVID-19"
"DE-HE","00+",2023-04-20,2023-03-30,"-21 day ahead inc hosp","quantile",0.75,430,"COVID-19"
"DE-HH","00+",2023-04-20,2023-03-30,"-21 day ahead inc hosp","quantile",0.75,177,"COVID-19"
"DE-MV","00+",2023-04-20,2023-03-30,"-21 day ahead inc hosp","quantile",0.75,263,"COVID-19"
"DE-NI","00+",2023-04-20,2023-03-30,"-21 day ahead inc hosp","quantile",0.75,451,"COVID-19"
"DE-NW","00+",2023-04-20,2023-03-30,"-21 day ahead inc hosp","quantile",0.75,1427,"COVID-19"
"DE-RP","00+",2023-04-20,2023-03-30,"-21 day ahead inc hosp","quantile",0.75,308,"COVID-19"
"DE-SH","00+",2023-04-20,2023-03-30,"-21 day ahead inc hosp","quantile",0.75,264,"COVID-19"
"DE-SL","00+",2023-04-20,2023-03-30,"-21 day ahead inc hosp","quantile",0.75,47,"COVID-19"
"DE-SN","00+",2023-04-20,2023-03-30,"-21 day ahead inc hosp","quantile",0.75,384,"COVID-19"
"DE-ST","00+",2023-04-20,2023-03-30,"-21 day ahead inc hosp","quantile",0.75,179,"COVID-19"
"DE-TH","00+",2023-04-20,2023-03-30,"-21 day ahead inc hosp","quantile",0.75,232,"COVID-19"
"DE","00-04",2023-04-20,2023-03-30,"-21 day ahead inc hosp","quantile",0.9,134,"COVID-19"
"DE","00+",2023-04-20,2023-03-30,"-21 day ahead inc hosp","quantile",0.9,6355,"COVID-19"
"DE","05-14",2023-04-20,2023-03-30,"-21 day ahead inc hosp","quantile",0.9,30,"COVID-19"
"DE","15-34",2023-04-20,2023-03-30,"-21 day ahead inc hosp","quantile",0.9,257,"COVID-19"
"DE","35-59",2023-04-20,2023-03-30,"-21 day ahead inc hosp","quantile",0.9,708,"COVID-19"
"DE","60-79",2023-04-20,2023-03-30,"-21 day ahead inc hosp","quantile",0.9,2304,"COVID-19"
"DE","80+",2023-04-20,2023-03-30,"-21 day ahead inc hosp","quantile",0.9,2928,"COVID-19"
"DE-BB","00+",2023-04-20,2023-03-30,"-21 day ahead inc hosp","quantile",0.9,316,"COVID-19"
"DE-BE","00+",2023-04-20,2023-03-30,"-21 day ahead inc hosp","quantile",0.9,446,"COVID-19"
"DE-BW","00+",2023-04-20,2023-03-30,"-21 day ahead inc hosp","quantile",0.9,340,"COVID-19"
"DE-BY","00+",2023-04-20,2023-03-30,"-21 day ahead inc hosp","quantile",0.9,1075,"COVID-19"
"DE-HB","00+",2023-04-20,2023-03-30,"-21 day ahead inc hosp","quantile",0.9,37,"COVID-19"
"DE-HE","00+",2023-04-20,2023-03-30,"-21 day ahead inc hosp","quantile",0.9,434,"COVID-19"
"DE-HH","00+",2023-04-20,2023-03-30,"-21 day ahead inc hosp","quantile",0.9,180,"COVID-19"
"DE-MV","00+",2023-04-20,2023-03-30,"-21 day ahead inc hosp","quantile",0.9,264,"COVID-19"
"DE-NI","00+",2023-04-20,2023-03-30,"-21 day ahead inc hosp","quantile",0.9,455,"COVID-19"
"DE-NW","00+",2023-04-20,2023-03-30,"-21 day ahead inc hosp","quantile",0.9,1434,"COVID-19"
"DE-RP","00+",2023-04-20,2023-03-30,"-21 day ahead inc hosp","quantile",0.9,313,"COVID-19"
"DE-SH","00+",2023-04-20,2023-03-30,"-21 day ahead inc hosp","quantile",0.9,267,"COVID-19"
"DE-SL","00+",2023-04-20,2023-03-30,"-21 day ahead inc hosp","quantile",0.9,48,"COVID-19"
"DE-SN","00+",2023-04-20,2023-03-30,"-21 day ahead inc hosp","quantile",0.9,388,"COVID-19"
"DE-ST","00+",2023-04-20,2023-03-30,"-21 day ahead inc hosp","quantile",0.9,181,"COVID-19"
"DE-TH","00+",2023-04-20,2023-03-30,"-21 day ahead inc hosp","quantile",0.9,233,"COVID-19"
"DE","00-04",2023-04-20,2023-03-30,"-21 day ahead inc hosp","quantile",0.975,136,"COVID-19"
"DE","00+",2023-04-20,2023-03-30,"-21 day ahead inc hosp","quantile",0.975,6394,"COVID-19"
"DE","05-14",2023-04-20,2023-03-30,"-21 day ahead inc hosp","quantile",0.975,32,"COVID-19"
"DE","15-34",2023-04-20,2023-03-30,"-21 day ahead inc hosp","quantile",0.975,259,"COVID-19"
"DE","35-59",2023-04-20,2023-03-30,"-21 day ahead inc hosp","quantile",0.975,714,"COVID-19"
"DE","60-79",2023-04-20,2023-03-30,"-21 day ahead inc hosp","quantile",0.975,2319,"COVID-19"
"DE","80+",2023-04-20,2023-03-30,"-21 day ahead inc hosp","quantile",0.975,2946,"COVID-19"
"DE-BB","00+",2023-04-20,2023-03-30,"-21 day ahead inc hosp","quantile",0.975,320,"COVID-19"
"DE-BE","00+",2023-04-20,2023-03-30,"-21 day ahead inc hosp","quantile",0.975,452,"COVID-19"
"DE-BW","00+",2023-04-20,2023-03-30,"-21 day ahead inc hosp","quantile",0.975,344,"COVID-19"
"DE-BY","00+",2023-04-20,2023-03-30,"-21 day ahead inc hosp","quantile",0.975,1079,"COVID-19"
"DE-HB","00+",2023-04-20,2023-03-30,"-21 day ahead inc hosp","quantile",0.975,39,"COVID-19"
"DE-HE","00+",2023-04-20,2023-03-30,"-21 day ahead inc hosp","quantile",0.975,440,"COVID-19"
"DE-HH","00+",2023-04-20,2023-03-30,"-21 day ahead inc hosp","quantile",0.975,189,"COVID-19"
"DE-MV","00+",2023-04-20,2023-03-30,"-21 day ahead inc hosp","quantile",0.975,266,"COVID-19"
"DE-NI","00+",2023-04-20,2023-03-30,"-21 day ahead inc hosp","quantile",0.975,459,"COVID-19"
"DE-NW","00+",2023-04-20,2023-03-30,"-21 day ahead inc hosp","quantile",0.975,1442,"COVID-19"
"DE-RP","00+",2023-04-20,2023-03-30,"-21 day ahead inc hosp","quantile",0.975,322,"COVID-19"
"DE-SH","00+",2023-04-20,2023-03-30,"-21 day ahead inc hosp","quantile",0.975,269,"COVID-19"
"DE-SL","00+",2023-04-20,2023-03-30,"-21 day ahead inc hosp","quantile",0.975,51,"COVID-19"
"DE-SN","00+",2023-04-20,2023-03-30,"-21 day ahead inc hosp","quantile",0.975,394,"COVID-19"
"DE-ST","00+",2023-04-20,2023-03-30,"-21 day ahead inc hosp","quantile",0.975,184,"COVID-19"
"DE-TH","00+",2023-04-20,2023-03-30,"-21 day ahead inc hosp","quantile",0.975,235,"COVID-19"
"DE","00-04",2023-04-20,2023-03-31,"-20 day ahead inc hosp","mean",NA,122,"COVID-19"
"DE","00+",2023-04-20,2023-03-31,"-20 day ahead inc hosp","mean",NA,6018,"COVID-19"
"DE","05-14",2023-04-20,2023-03-31,"-20 day ahead inc hosp","mean",NA,29,"COVID-19"
"DE","15-34",2023-04-20,2023-03-31,"-20 day ahead inc hosp","mean",NA,235,"COVID-19"
"DE","35-59",2023-04-20,2023-03-31,"-20 day ahead inc hosp","mean",NA,687,"COVID-19"
"DE","60-79",2023-04-20,2023-03-31,"-20 day ahead inc hosp","mean",NA,2193,"COVID-19"
"DE","80+",2023-04-20,2023-03-31,"-20 day ahead inc hosp","mean",NA,2749,"COVID-19"
"DE-BB","00+",2023-04-20,2023-03-31,"-20 day ahead inc hosp","mean",NA,320,"COVID-19"
"DE-BE","00+",2023-04-20,2023-03-31,"-20 day ahead inc hosp","mean",NA,404,"COVID-19"
"DE-BW","00+",2023-04-20,2023-03-31,"-20 day ahead inc hosp","mean",NA,317,"COVID-19"
"DE-BY","00+",2023-04-20,2023-03-31,"-20 day ahead inc hosp","mean",NA,987,"COVID-19"
"DE-HB","00+",2023-04-20,2023-03-31,"-20 day ahead inc hosp","mean",NA,32,"COVID-19"
"DE-HE","00+",2023-04-20,2023-03-31,"-20 day ahead inc hosp","mean",NA,414,"COVID-19"
"DE-HH","00+",2023-04-20,2023-03-31,"-20 day ahead inc hosp","mean",NA,171,"COVID-19"
"DE-MV","00+",2023-04-20,2023-03-31,"-20 day ahead inc hosp","mean",NA,251,"COVID-19"
"DE-NI","00+",2023-04-20,2023-03-31,"-20 day ahead inc hosp","mean",NA,416,"COVID-19"
"DE-NW","00+",2023-04-20,2023-03-31,"-20 day ahead inc hosp","mean",NA,1343,"COVID-19"
"DE-RP","00+",2023-04-20,2023-03-31,"-20 day ahead inc hosp","mean",NA,311,"COVID-19"
"DE-SH","00+",2023-04-20,2023-03-31,"-20 day ahead inc hosp","mean",NA,261,"COVID-19"
"DE-SL","00+",2023-04-20,2023-03-31,"-20 day ahead inc hosp","mean",NA,36,"COVID-19"
"DE-SN","00+",2023-04-20,2023-03-31,"-20 day ahead inc hosp","mean",NA,372,"COVID-19"
"DE-ST","00+",2023-04-20,2023-03-31,"-20 day ahead inc hosp","mean",NA,174,"COVID-19"
"DE-TH","00+",2023-04-20,2023-03-31,"-20 day ahead inc hosp","mean",NA,224,"COVID-19"
"DE","00-04",2023-04-20,2023-03-31,"-20 day ahead inc hosp","quantile",0.025,120,"COVID-19"
"DE","00+",2023-04-20,2023-03-31,"-20 day ahead inc hosp","quantile",0.025,5958,"COVID-19"
"DE","05-14",2023-04-20,2023-03-31,"-20 day ahead inc hosp","quantile",0.025,29,"COVID-19"
"DE","15-34",2023-04-20,2023-03-31,"-20 day ahead inc hosp","quantile",0.025,232,"COVID-19"
"DE","35-59",2023-04-20,2023-03-31,"-20 day ahead inc hosp","quantile",0.025,679,"COVID-19"
"DE","60-79",2023-04-20,2023-03-31,"-20 day ahead inc hosp","quantile",0.025,2169,"COVID-19"
"DE","80+",2023-04-20,2023-03-31,"-20 day ahead inc hosp","quantile",0.025,2721,"COVID-19"
"DE-BB","00+",2023-04-20,2023-03-31,"-20 day ahead inc hosp","quantile",0.025,310,"COVID-19"
"DE-BE","00+",2023-04-20,2023-03-31,"-20 day ahead inc hosp","quantile",0.025,397,"COVID-19"
"DE-BW","00+",2023-04-20,2023-03-31,"-20 day ahead inc hosp","quantile",0.025,312,"COVID-19"
"DE-BY","00+",2023-04-20,2023-03-31,"-20 day ahead inc hosp","quantile",0.025,977,"COVID-19"
"DE-HB","00+",2023-04-20,2023-03-31,"-20 day ahead inc hosp","quantile",0.025,30,"COVID-19"
"DE-HE","00+",2023-04-20,2023-03-31,"-20 day ahead inc hosp","quantile",0.025,407,"COVID-19"
"DE-HH","00+",2023-04-20,2023-03-31,"-20 day ahead inc hosp","quantile",0.025,167,"COVID-19"
"DE-MV","00+",2023-04-20,2023-03-31,"-20 day ahead inc hosp","quantile",0.025,248,"COVID-19"
"DE-NI","00+",2023-04-20,2023-03-31,"-20 day ahead inc hosp","quantile",0.025,410,"COVID-19"
"DE-NW","00+",2023-04-20,2023-03-31,"-20 day ahead inc hosp","quantile",0.025,1331,"COVID-19"
"DE-RP","00+",2023-04-20,2023-03-31,"-20 day ahead inc hosp","quantile",0.025,303,"COVID-19"
"DE-SH","00+",2023-04-20,2023-03-31,"-20 day ahead inc hosp","quantile",0.025,256,"COVID-19"
"DE-SL","00+",2023-04-20,2023-03-31,"-20 day ahead inc hosp","quantile",0.025,36,"COVID-19"
"DE-SN","00+",2023-04-20,2023-03-31,"-20 day ahead inc hosp","quantile",0.025,367,"COVID-19"
"DE-ST","00+",2023-04-20,2023-03-31,"-20 day ahead inc hosp","quantile",0.025,171,"COVID-19"
"DE-TH","00+",2023-04-20,2023-03-31,"-20 day ahead inc hosp","quantile",0.025,221,"COVID-19"
"DE","00-04",2023-04-20,2023-03-31,"-20 day ahead inc hosp","quantile",0.1,120,"COVID-19"
"DE","00+",2023-04-20,2023-03-31,"-20 day ahead inc hosp","quantile",0.1,5972,"COVID-19"
"DE","05-14",2023-04-20,2023-03-31,"-20 day ahead inc hosp","quantile",0.1,29,"COVID-19"
"DE","15-34",2023-04-20,2023-03-31,"-20 day ahead inc hosp","quantile",0.1,232,"COVID-19"
"DE","35-59",2023-04-20,2023-03-31,"-20 day ahead inc hosp","quantile",0.1,681,"COVID-19"
"DE","60-79",2023-04-20,2023-03-31,"-20 day ahead inc hosp","quantile",0.1,2175,"COVID-19"
"DE","80+",2023-04-20,2023-03-31,"-20 day ahead inc hosp","quantile",0.1,2728,"COVID-19"
"DE-BB","00+",2023-04-20,2023-03-31,"-20 day ahead inc hosp","quantile",0.1,312,"COVID-19"
"DE-BE","00+",2023-04-20,2023-03-31,"-20 day ahead inc hosp","quantile",0.1,397,"COVID-19"
"DE-BW","00+",2023-04-20,2023-03-31,"-20 day ahead inc hosp","quantile",0.1,313,"COVID-19"
"DE-BY","00+",2023-04-20,2023-03-31,"-20 day ahead inc hosp","quantile",0.1,979,"COVID-19"
"DE-HB","00+",2023-04-20,2023-03-31,"-20 day ahead inc hosp","quantile",0.1,30,"COVID-19"
"DE-HE","00+",2023-04-20,2023-03-31,"-20 day ahead inc hosp","quantile",0.1,409,"COVID-19"
"DE-HH","00+",2023-04-20,2023-03-31,"-20 day ahead inc hosp","quantile",0.1,168,"COVID-19"
"DE-MV","00+",2023-04-20,2023-03-31,"-20 day ahead inc hosp","quantile",0.1,248,"COVID-19"
"DE-NI","00+",2023-04-20,2023-03-31,"-20 day ahead inc hosp","quantile",0.1,411,"COVID-19"
"DE-NW","00+",2023-04-20,2023-03-31,"-20 day ahead inc hosp","quantile",0.1,1334,"COVID-19"
"DE-RP","00+",2023-04-20,2023-03-31,"-20 day ahead inc hosp","quantile",0.1,304,"COVID-19"
"DE-SH","00+",2023-04-20,2023-03-31,"-20 day ahead inc hosp","quantile",0.1,257,"COVID-19"
"DE-SL","00+",2023-04-20,2023-03-31,"-20 day ahead inc hosp","quantile",0.1,36,"COVID-19"
"DE-SN","00+",2023-04-20,2023-03-31,"-20 day ahead inc hosp","quantile",0.1,368,"COVID-19"
"DE-ST","00+",2023-04-20,2023-03-31,"-20 day ahead inc hosp","quantile",0.1,172,"COVID-19"
"DE-TH","00+",2023-04-20,2023-03-31,"-20 day ahead inc hosp","quantile",0.1,222,"COVID-19"
"DE","00-04",2023-04-20,2023-03-31,"-20 day ahead inc hosp","quantile",0.25,120,"COVID-19"
"DE","00+",2023-04-20,2023-03-31,"-20 day ahead inc hosp","quantile",0.25,5989,"COVID-19"
"DE","05-14",2023-04-20,2023-03-31,"-20 day ahead inc hosp","quantile",0.25,29,"COVID-19"
"DE","15-34",2023-04-20,2023-03-31,"-20 day ahead inc hosp","quantile",0.25,233,"COVID-19"
"DE","35-59",2023-04-20,2023-03-31,"-20 day ahead inc hosp","quantile",0.25,683,"COVID-19"
"DE","60-79",2023-04-20,2023-03-31,"-20 day ahead inc hosp","quantile",0.25,2182,"COVID-19"
"DE","80+",2023-04-20,2023-03-31,"-20 day ahead inc hosp","quantile",0.25,2736,"COVID-19"
"DE-BB","00+",2023-04-20,2023-03-31,"-20 day ahead inc hosp","quantile",0.25,314,"COVID-19"
"DE-BE","00+",2023-04-20,2023-03-31,"-20 day ahead inc hosp","quantile",0.25,398,"COVID-19"
"DE-BW","00+",2023-04-20,2023-03-31,"-20 day ahead inc hosp","quantile",0.25,315,"COVID-19"
"DE-BY","00+",2023-04-20,2023-03-31,"-20 day ahead inc hosp","quantile",0.25,982,"COVID-19"
"DE-HB","00+",2023-04-20,2023-03-31,"-20 day ahead inc hosp","quantile",0.25,30,"COVID-19"
"DE-HE","00+",2023-04-20,2023-03-31,"-20 day ahead inc hosp","quantile",0.25,410,"COVID-19"
"DE-HH","00+",2023-04-20,2023-03-31,"-20 day ahead inc hosp","quantile",0.25,169,"COVID-19"
"DE-MV","00+",2023-04-20,2023-03-31,"-20 day ahead inc hosp","quantile",0.25,250,"COVID-19"
"DE-NI","00+",2023-04-20,2023-03-31,"-20 day ahead inc hosp","quantile",0.25,413,"COVID-19"
"DE-NW","00+",2023-04-20,2023-03-31,"-20 day ahead inc hosp","quantile",0.25,1337,"COVID-19"
"DE-RP","00+",2023-04-20,2023-03-31,"-20 day ahead inc hosp","quantile",0.25,306,"COVID-19"
"DE-SH","00+",2023-04-20,2023-03-31,"-20 day ahead inc hosp","quantile",0.25,259,"COVID-19"
"DE-SL","00+",2023-04-20,2023-03-31,"-20 day ahead inc hosp","quantile",0.25,36,"COVID-19"
"DE-SN","00+",2023-04-20,2023-03-31,"-20 day ahead inc hosp","quantile",0.25,369,"COVID-19"
"DE-ST","00+",2023-04-20,2023-03-31,"-20 day ahead inc hosp","quantile",0.25,172,"COVID-19"
"DE-TH","00+",2023-04-20,2023-03-31,"-20 day ahead inc hosp","quantile",0.25,222,"COVID-19"
"DE","00-04",2023-04-20,2023-03-31,"-20 day ahead inc hosp","quantile",0.5,121,"COVID-19"
"DE","00+",2023-04-20,2023-03-31,"-20 day ahead inc hosp","quantile",0.5,6012,"COVID-19"
"DE","05-14",2023-04-20,2023-03-31,"-20 day ahead inc hosp","quantile",0.5,29,"COVID-19"
"DE","15-34",2023-04-20,2023-03-31,"-20 day ahead inc hosp","quantile",0.5,234,"COVID-19"
"DE","35-59",2023-04-20,2023-03-31,"-20 day ahead inc hosp","quantile",0.5,686,"COVID-19"
"DE","60-79",2023-04-20,2023-03-31,"-20 day ahead inc hosp","quantile",0.5,2191,"COVID-19"
"DE","80+",2023-04-20,2023-03-31,"-20 day ahead inc hosp","quantile",0.5,2747,"COVID-19"
"DE-BB","00+",2023-04-20,2023-03-31,"-20 day ahead inc hosp","quantile",0.5,318,"COVID-19"
"DE-BE","00+",2023-04-20,2023-03-31,"-20 day ahead inc hosp","quantile",0.5,401,"COVID-19"
"DE-BW","00+",2023-04-20,2023-03-31,"-20 day ahead inc hosp","quantile",0.5,316,"COVID-19"
"DE-BY","00+",2023-04-20,2023-03-31,"-20 day ahead inc hosp","quantile",0.5,986,"COVID-19"
"DE-HB","00+",2023-04-20,2023-03-31,"-20 day ahead inc hosp","quantile",0.5,31,"COVID-19"
"DE-HE","00+",2023-04-20,2023-03-31,"-20 day ahead inc hosp","quantile",0.5,413,"COVID-19"
"DE-HH","00+",2023-04-20,2023-03-31,"-20 day ahead inc hosp","quantile",0.5,171,"COVID-19"
"DE-MV","00+",2023-04-20,2023-03-31,"-20 day ahead inc hosp","quantile",0.5,250,"COVID-19"
"DE-NI","00+",2023-04-20,2023-03-31,"-20 day ahead inc hosp","quantile",0.5,416,"COVID-19"
"DE-NW","00+",2023-04-20,2023-03-31,"-20 day ahead inc hosp","quantile",0.5,1342,"COVID-19"
"DE-RP","00+",2023-04-20,2023-03-31,"-20 day ahead inc hosp","quantile",0.5,309,"COVID-19"
"DE-SH","00+",2023-04-20,2023-03-31,"-20 day ahead inc hosp","quantile",0.5,261,"COVID-19"
"DE-SL","00+",2023-04-20,2023-03-31,"-20 day ahead inc hosp","quantile",0.5,36,"COVID-19"
"DE-SN","00+",2023-04-20,2023-03-31,"-20 day ahead inc hosp","quantile",0.5,371,"COVID-19"
"DE-ST","00+",2023-04-20,2023-03-31,"-20 day ahead inc hosp","quantile",0.5,173,"COVID-19"
"DE-TH","00+",2023-04-20,2023-03-31,"-20 day ahead inc hosp","quantile",0.5,224,"COVID-19"
"DE","00-04",2023-04-20,2023-03-31,"-20 day ahead inc hosp","quantile",0.75,123,"COVID-19"
"DE","00+",2023-04-20,2023-03-31,"-20 day ahead inc hosp","quantile",0.75,6041,"COVID-19"
"DE","05-14",2023-04-20,2023-03-31,"-20 day ahead inc hosp","quantile",0.75,30,"COVID-19"
"DE","15-34",2023-04-20,2023-03-31,"-20 day ahead inc hosp","quantile",0.75,238,"COVID-19"
"DE","35-59",2023-04-20,2023-03-31,"-20 day ahead inc hosp","quantile",0.75,691,"COVID-19"
"DE","60-79",2023-04-20,2023-03-31,"-20 day ahead inc hosp","quantile",0.75,2202,"COVID-19"
"DE","80+",2023-04-20,2023-03-31,"-20 day ahead inc hosp","quantile",0.75,2760,"COVID-19"
"DE-BB","00+",2023-04-20,2023-03-31,"-20 day ahead inc hosp","quantile",0.75,324,"COVID-19"
"DE-BE","00+",2023-04-20,2023-03-31,"-20 day ahead inc hosp","quantile",0.75,407,"COVID-19"
"DE-BW","00+",2023-04-20,2023-03-31,"-20 day ahead inc hosp","quantile",0.75,318,"COVID-19"
"DE-BY","00+",2023-04-20,2023-03-31,"-20 day ahead inc hosp","quantile",0.75,992,"COVID-19"
"DE-HB","00+",2023-04-20,2023-03-31,"-20 day ahead inc hosp","quantile",0.75,33,"COVID-19"
"DE-HE","00+",2023-04-20,2023-03-31,"-20 day ahead inc hosp","quantile",0.75,417,"COVID-19"
"DE-HH","00+",2023-04-20,2023-03-31,"-20 day ahead inc hosp","quantile",0.75,173,"COVID-19"
"DE-MV","00+",2023-04-20,2023-03-31,"-20 day ahead inc hosp","quantile",0.75,252,"COVID-19"
"DE-NI","00+",2023-04-20,2023-03-31,"-20 day ahead inc hosp","quantile",0.75,419,"COVID-19"
"DE-NW","00+",2023-04-20,2023-03-31,"-20 day ahead inc hosp","quantile",0.75,1348,"COVID-19"
"DE-RP","00+",2023-04-20,2023-03-31,"-20 day ahead inc hosp","quantile",0.75,314,"COVID-19"
"DE-SH","00+",2023-04-20,2023-03-31,"-20 day ahead inc hosp","quantile",0.75,263,"COVID-19"
"DE-SL","00+",2023-04-20,2023-03-31,"-20 day ahead inc hosp","quantile",0.75,36,"COVID-19"
"DE-SN","00+",2023-04-20,2023-03-31,"-20 day ahead inc hosp","quantile",0.75,375,"COVID-19"
"DE-ST","00+",2023-04-20,2023-03-31,"-20 day ahead inc hosp","quantile",0.75,174,"COVID-19"
"DE-TH","00+",2023-04-20,2023-03-31,"-20 day ahead inc hosp","quantile",0.75,225,"COVID-19"
"DE","00-04",2023-04-20,2023-03-31,"-20 day ahead inc hosp","quantile",0.9,125,"COVID-19"
"DE","00+",2023-04-20,2023-03-31,"-20 day ahead inc hosp","quantile",0.9,6071,"COVID-19"
"DE","05-14",2023-04-20,2023-03-31,"-20 day ahead inc hosp","quantile",0.9,31,"COVID-19"
"DE","15-34",2023-04-20,2023-03-31,"-20 day ahead inc hosp","quantile",0.9,240,"COVID-19"
"DE","35-59",2023-04-20,2023-03-31,"-20 day ahead inc hosp","quantile",0.9,696,"COVID-19"
"DE","60-79",2023-04-20,2023-03-31,"-20 day ahead inc hosp","quantile",0.9,2214,"COVID-19"
"DE","80+",2023-04-20,2023-03-31,"-20 day ahead inc hosp","quantile",0.9,2773,"COVID-19"
"DE-BB","00+",2023-04-20,2023-03-31,"-20 day ahead inc hosp","quantile",0.9,329,"COVID-19"
"DE-BE","00+",2023-04-20,2023-03-31,"-20 day ahead inc hosp","quantile",0.9,416,"COVID-19"
"DE-BW","00+",2023-04-20,2023-03-31,"-20 day ahead inc hosp","quantile",0.9,321,"COVID-19"
"DE-BY","00+",2023-04-20,2023-03-31,"-20 day ahead inc hosp","quantile",0.9,995,"COVID-19"
"DE-HB","00+",2023-04-20,2023-03-31,"-20 day ahead inc hosp","quantile",0.9,35,"COVID-19"
"DE-HE","00+",2023-04-20,2023-03-31,"-20 day ahead inc hosp","quantile",0.9,421,"COVID-19"
"DE-HH","00+",2023-04-20,2023-03-31,"-20 day ahead inc hosp","quantile",0.9,176,"COVID-19"
"DE-MV","00+",2023-04-20,2023-03-31,"-20 day ahead inc hosp","quantile",0.9,253,"COVID-19"
"DE-NI","00+",2023-04-20,2023-03-31,"-20 day ahead inc hosp","quantile",0.9,422,"COVID-19"
"DE-NW","00+",2023-04-20,2023-03-31,"-20 day ahead inc hosp","quantile",0.9,1354,"COVID-19"
"DE-RP","00+",2023-04-20,2023-03-31,"-20 day ahead inc hosp","quantile",0.9,321,"COVID-19"
"DE-SH","00+",2023-04-20,2023-03-31,"-20 day ahead inc hosp","quantile",0.9,266,"COVID-19"
"DE-SL","00+",2023-04-20,2023-03-31,"-20 day ahead inc hosp","quantile",0.9,37,"COVID-19"
"DE-SN","00+",2023-04-20,2023-03-31,"-20 day ahead inc hosp","quantile",0.9,378,"COVID-19"
"DE-ST","00+",2023-04-20,2023-03-31,"-20 day ahead inc hosp","quantile",0.9,176,"COVID-19"
"DE-TH","00+",2023-04-20,2023-03-31,"-20 day ahead inc hosp","quantile",0.9,227,"COVID-19"
"DE","00-04",2023-04-20,2023-03-31,"-20 day ahead inc hosp","quantile",0.975,127,"COVID-19"
"DE","00+",2023-04-20,2023-03-31,"-20 day ahead inc hosp","quantile",0.975,6111,"COVID-19"
"DE","05-14",2023-04-20,2023-03-31,"-20 day ahead inc hosp","quantile",0.975,32,"COVID-19"
"DE","15-34",2023-04-20,2023-03-31,"-20 day ahead inc hosp","quantile",0.975,242,"COVID-19"
"DE","35-59",2023-04-20,2023-03-31,"-20 day ahead inc hosp","quantile",0.975,703,"COVID-19"
"DE","60-79",2023-04-20,2023-03-31,"-20 day ahead inc hosp","quantile",0.975,2229,"COVID-19"
"DE","80+",2023-04-20,2023-03-31,"-20 day ahead inc hosp","quantile",0.975,2791,"COVID-19"
"DE-BB","00+",2023-04-20,2023-03-31,"-20 day ahead inc hosp","quantile",0.975,333,"COVID-19"
"DE-BE","00+",2023-04-20,2023-03-31,"-20 day ahead inc hosp","quantile",0.975,422,"COVID-19"
"DE-BW","00+",2023-04-20,2023-03-31,"-20 day ahead inc hosp","quantile",0.975,324,"COVID-19"
"DE-BY","00+",2023-04-20,2023-03-31,"-20 day ahead inc hosp","quantile",0.975,998,"COVID-19"
"DE-HB","00+",2023-04-20,2023-03-31,"-20 day ahead inc hosp","quantile",0.975,37,"COVID-19"
"DE-HE","00+",2023-04-20,2023-03-31,"-20 day ahead inc hosp","quantile",0.975,427,"COVID-19"
"DE-HH","00+",2023-04-20,2023-03-31,"-20 day ahead inc hosp","quantile",0.975,185,"COVID-19"
"DE-MV","00+",2023-04-20,2023-03-31,"-20 day ahead inc hosp","quantile",0.975,254,"COVID-19"
"DE-NI","00+",2023-04-20,2023-03-31,"-20 day ahead inc hosp","quantile",0.975,427,"COVID-19"
"DE-NW","00+",2023-04-20,2023-03-31,"-20 day ahead inc hosp","quantile",0.975,1364,"COVID-19"
"DE-RP","00+",2023-04-20,2023-03-31,"-20 day ahead inc hosp","quantile",0.975,330,"COVID-19"
"DE-SH","00+",2023-04-20,2023-03-31,"-20 day ahead inc hosp","quantile",0.975,270,"COVID-19"
"DE-SL","00+",2023-04-20,2023-03-31,"-20 day ahead inc hosp","quantile",0.975,40,"COVID-19"
"DE-SN","00+",2023-04-20,2023-03-31,"-20 day ahead inc hosp","quantile",0.975,384,"COVID-19"
"DE-ST","00+",2023-04-20,2023-03-31,"-20 day ahead inc hosp","quantile",0.975,178,"COVID-19"
"DE-TH","00+",2023-04-20,2023-03-31,"-20 day ahead inc hosp","quantile",0.975,228,"COVID-19"
"DE","00-04",2023-04-20,2023-04-01,"-19 day ahead inc hosp","mean",NA,121,"COVID-19"
"DE","00+",2023-04-20,2023-04-01,"-19 day ahead inc hosp","mean",NA,5757,"COVID-19"
"DE","05-14",2023-04-20,2023-04-01,"-19 day ahead inc hosp","mean",NA,28,"COVID-19"
"DE","15-34",2023-04-20,2023-04-01,"-19 day ahead inc hosp","mean",NA,223,"COVID-19"
"DE","35-59",2023-04-20,2023-04-01,"-19 day ahead inc hosp","mean",NA,665,"COVID-19"
"DE","60-79",2023-04-20,2023-04-01,"-19 day ahead inc hosp","mean",NA,2087,"COVID-19"
"DE","80+",2023-04-20,2023-04-01,"-19 day ahead inc hosp","mean",NA,2631,"COVID-19"
"DE-BB","00+",2023-04-20,2023-04-01,"-19 day ahead inc hosp","mean",NA,306,"COVID-19"
"DE-BE","00+",2023-04-20,2023-04-01,"-19 day ahead inc hosp","mean",NA,376,"COVID-19"
"DE-BW","00+",2023-04-20,2023-04-01,"-19 day ahead inc hosp","mean",NA,308,"COVID-19"
"DE-BY","00+",2023-04-20,2023-04-01,"-19 day ahead inc hosp","mean",NA,950,"COVID-19"
"DE-HB","00+",2023-04-20,2023-04-01,"-19 day ahead inc hosp","mean",NA,31,"COVID-19"
"DE-HE","00+",2023-04-20,2023-04-01,"-19 day ahead inc hosp","mean",NA,397,"COVID-19"
"DE-HH","00+",2023-04-20,2023-04-01,"-19 day ahead inc hosp","mean",NA,164,"COVID-19"
"DE-MV","00+",2023-04-20,2023-04-01,"-19 day ahead inc hosp","mean",NA,235,"COVID-19"
"DE-NI","00+",2023-04-20,2023-04-01,"-19 day ahead inc hosp","mean",NA,406,"COVID-19"
"DE-NW","00+",2023-04-20,2023-04-01,"-19 day ahead inc hosp","mean",NA,1298,"COVID-19"
"DE-RP","00+",2023-04-20,2023-04-01,"-19 day ahead inc hosp","mean",NA,297,"COVID-19"
"DE-SH","00+",2023-04-20,2023-04-01,"-19 day ahead inc hosp","mean",NA,260,"COVID-19"
"DE-SL","00+",2023-04-20,2023-04-01,"-19 day ahead inc hosp","mean",NA,30,"COVID-19"
"DE-SN","00+",2023-04-20,2023-04-01,"-19 day ahead inc hosp","mean",NA,351,"COVID-19"
"DE-ST","00+",2023-04-20,2023-04-01,"-19 day ahead inc hosp","mean",NA,162,"COVID-19"
"DE-TH","00+",2023-04-20,2023-04-01,"-19 day ahead inc hosp","mean",NA,203,"COVID-19"
"DE","00-04",2023-04-20,2023-04-01,"-19 day ahead inc hosp","quantile",0.025,119,"COVID-19"
"DE","00+",2023-04-20,2023-04-01,"-19 day ahead inc hosp","quantile",0.025,5695,"COVID-19"
"DE","05-14",2023-04-20,2023-04-01,"-19 day ahead inc hosp","quantile",0.025,28,"COVID-19"
"DE","15-34",2023-04-20,2023-04-01,"-19 day ahead inc hosp","quantile",0.025,220,"COVID-19"
"DE","35-59",2023-04-20,2023-04-01,"-19 day ahead inc hosp","quantile",0.025,656,"COVID-19"
"DE","60-79",2023-04-20,2023-04-01,"-19 day ahead inc hosp","quantile",0.025,2062,"COVID-19"
"DE","80+",2023-04-20,2023-04-01,"-19 day ahead inc hosp","quantile",0.025,2603,"COVID-19"
"DE-BB","00+",2023-04-20,2023-04-01,"-19 day ahead inc hosp","quantile",0.025,296,"COVID-19"
"DE-BE","00+",2023-04-20,2023-04-01,"-19 day ahead inc hosp","quantile",0.025,368,"COVID-19"
"DE-BW","00+",2023-04-20,2023-04-01,"-19 day ahead inc hosp","quantile",0.025,304,"COVID-19"
"DE-BY","00+",2023-04-20,2023-04-01,"-19 day ahead inc hosp","quantile",0.025,939,"COVID-19"
"DE-HB","00+",2023-04-20,2023-04-01,"-19 day ahead inc hosp","quantile",0.025,29,"COVID-19"
"DE-HE","00+",2023-04-20,2023-04-01,"-19 day ahead inc hosp","quantile",0.025,390,"COVID-19"
"DE-HH","00+",2023-04-20,2023-04-01,"-19 day ahead inc hosp","quantile",0.025,160,"COVID-19"
"DE-MV","00+",2023-04-20,2023-04-01,"-19 day ahead inc hosp","quantile",0.025,232,"COVID-19"
"DE-NI","00+",2023-04-20,2023-04-01,"-19 day ahead inc hosp","quantile",0.025,399,"COVID-19"
"DE-NW","00+",2023-04-20,2023-04-01,"-19 day ahead inc hosp","quantile",0.025,1285,"COVID-19"
"DE-RP","00+",2023-04-20,2023-04-01,"-19 day ahead inc hosp","quantile",0.025,288,"COVID-19"
"DE-SH","00+",2023-04-20,2023-04-01,"-19 day ahead inc hosp","quantile",0.025,255,"COVID-19"
"DE-SL","00+",2023-04-20,2023-04-01,"-19 day ahead inc hosp","quantile",0.025,30,"COVID-19"
"DE-SN","00+",2023-04-20,2023-04-01,"-19 day ahead inc hosp","quantile",0.025,345,"COVID-19"
"DE-ST","00+",2023-04-20,2023-04-01,"-19 day ahead inc hosp","quantile",0.025,159,"COVID-19"
"DE-TH","00+",2023-04-20,2023-04-01,"-19 day ahead inc hosp","quantile",0.025,200,"COVID-19"
"DE","00-04",2023-04-20,2023-04-01,"-19 day ahead inc hosp","quantile",0.1,119,"COVID-19"
"DE","00+",2023-04-20,2023-04-01,"-19 day ahead inc hosp","quantile",0.1,5710,"COVID-19"
"DE","05-14",2023-04-20,2023-04-01,"-19 day ahead inc hosp","quantile",0.1,28,"COVID-19"
"DE","15-34",2023-04-20,2023-04-01,"-19 day ahead inc hosp","quantile",0.1,220,"COVID-19"
"DE","35-59",2023-04-20,2023-04-01,"-19 day ahead inc hosp","quantile",0.1,658,"COVID-19"
"DE","60-79",2023-04-20,2023-04-01,"-19 day ahead inc hosp","quantile",0.1,2068,"COVID-19"
"DE","80+",2023-04-20,2023-04-01,"-19 day ahead inc hosp","quantile",0.1,2609,"COVID-19"
"DE-BB","00+",2023-04-20,2023-04-01,"-19 day ahead inc hosp","quantile",0.1,297,"COVID-19"
"DE-BE","00+",2023-04-20,2023-04-01,"-19 day ahead inc hosp","quantile",0.1,368,"COVID-19"
"DE-BW","00+",2023-04-20,2023-04-01,"-19 day ahead inc hosp","quantile",0.1,305,"COVID-19"
"DE-BY","00+",2023-04-20,2023-04-01,"-19 day ahead inc hosp","quantile",0.1,941,"COVID-19"
"DE-HB","00+",2023-04-20,2023-04-01,"-19 day ahead inc hosp","quantile",0.1,29,"COVID-19"
"DE-HE","00+",2023-04-20,2023-04-01,"-19 day ahead inc hosp","quantile",0.1,392,"COVID-19"
"DE-HH","00+",2023-04-20,2023-04-01,"-19 day ahead inc hosp","quantile",0.1,161,"COVID-19"
"DE-MV","00+",2023-04-20,2023-04-01,"-19 day ahead inc hosp","quantile",0.1,232,"COVID-19"
"DE-NI","00+",2023-04-20,2023-04-01,"-19 day ahead inc hosp","quantile",0.1,401,"COVID-19"
"DE-NW","00+",2023-04-20,2023-04-01,"-19 day ahead inc hosp","quantile",0.1,1288,"COVID-19"
"DE-RP","00+",2023-04-20,2023-04-01,"-19 day ahead inc hosp","quantile",0.1,289,"COVID-19"
"DE-SH","00+",2023-04-20,2023-04-01,"-19 day ahead inc hosp","quantile",0.1,256,"COVID-19"
"DE-SL","00+",2023-04-20,2023-04-01,"-19 day ahead inc hosp","quantile",0.1,30,"COVID-19"
"DE-SN","00+",2023-04-20,2023-04-01,"-19 day ahead inc hosp","quantile",0.1,346,"COVID-19"
"DE-ST","00+",2023-04-20,2023-04-01,"-19 day ahead inc hosp","quantile",0.1,160,"COVID-19"
"DE-TH","00+",2023-04-20,2023-04-01,"-19 day ahead inc hosp","quantile",0.1,200,"COVID-19"
"DE","00-04",2023-04-20,2023-04-01,"-19 day ahead inc hosp","quantile",0.25,120,"COVID-19"
"DE","00+",2023-04-20,2023-04-01,"-19 day ahead inc hosp","quantile",0.25,5727,"COVID-19"
"DE","05-14",2023-04-20,2023-04-01,"-19 day ahead inc hosp","quantile",0.25,28,"COVID-19"
"DE","15-34",2023-04-20,2023-04-01,"-19 day ahead inc hosp","quantile",0.25,221,"COVID-19"
"DE","35-59",2023-04-20,2023-04-01,"-19 day ahead inc hosp","quantile",0.25,660,"COVID-19"
"DE","60-79",2023-04-20,2023-04-01,"-19 day ahead inc hosp","quantile",0.25,2075,"COVID-19"
"DE","80+",2023-04-20,2023-04-01,"-19 day ahead inc hosp","quantile",0.25,2617,"COVID-19"
"DE-BB","00+",2023-04-20,2023-04-01,"-19 day ahead inc hosp","quantile",0.25,300,"COVID-19"
"DE-BE","00+",2023-04-20,2023-04-01,"-19 day ahead inc hosp","quantile",0.25,369,"COVID-19"
"DE-BW","00+",2023-04-20,2023-04-01,"-19 day ahead inc hosp","quantile",0.25,306,"COVID-19"
"DE-BY","00+",2023-04-20,2023-04-01,"-19 day ahead inc hosp","quantile",0.25,944,"COVID-19"
"DE-HB","00+",2023-04-20,2023-04-01,"-19 day ahead inc hosp","quantile",0.25,29,"COVID-19"
"DE-HE","00+",2023-04-20,2023-04-01,"-19 day ahead inc hosp","quantile",0.25,393,"COVID-19"
"DE-HH","00+",2023-04-20,2023-04-01,"-19 day ahead inc hosp","quantile",0.25,162,"COVID-19"
"DE-MV","00+",2023-04-20,2023-04-01,"-19 day ahead inc hosp","quantile",0.25,234,"COVID-19"
"DE-NI","00+",2023-04-20,2023-04-01,"-19 day ahead inc hosp","quantile",0.25,403,"COVID-19"
"DE-NW","00+",2023-04-20,2023-04-01,"-19 day ahead inc hosp","quantile",0.25,1292,"COVID-19"
"DE-RP","00+",2023-04-20,2023-04-01,"-19 day ahead inc hosp","quantile",0.25,291,"COVID-19"
"DE-SH","00+",2023-04-20,2023-04-01,"-19 day ahead inc hosp","quantile",0.25,257,"COVID-19"
"DE-SL","00+",2023-04-20,2023-04-01,"-19 day ahead inc hosp","quantile",0.25,30,"COVID-19"
"DE-SN","00+",2023-04-20,2023-04-01,"-19 day ahead inc hosp","quantile",0.25,347,"COVID-19"
"DE-ST","00+",2023-04-20,2023-04-01,"-19 day ahead inc hosp","quantile",0.25,160,"COVID-19"
"DE-TH","00+",2023-04-20,2023-04-01,"-19 day ahead inc hosp","quantile",0.25,201,"COVID-19"
"DE","00-04",2023-04-20,2023-04-01,"-19 day ahead inc hosp","quantile",0.5,121,"COVID-19"
"DE","00+",2023-04-20,2023-04-01,"-19 day ahead inc hosp","quantile",0.5,5751,"COVID-19"
"DE","05-14",2023-04-20,2023-04-01,"-19 day ahead inc hosp","quantile",0.5,28,"COVID-19"
"DE","15-34",2023-04-20,2023-04-01,"-19 day ahead inc hosp","quantile",0.5,223,"COVID-19"
"DE","35-59",2023-04-20,2023-04-01,"-19 day ahead inc hosp","quantile",0.5,664,"COVID-19"
"DE","60-79",2023-04-20,2023-04-01,"-19 day ahead inc hosp","quantile",0.5,2085,"COVID-19"
"DE","80+",2023-04-20,2023-04-01,"-19 day ahead inc hosp","quantile",0.5,2629,"COVID-19"
"DE-BB","00+",2023-04-20,2023-04-01,"-19 day ahead inc hosp","quantile",0.5,303,"COVID-19"
"DE-BE","00+",2023-04-20,2023-04-01,"-19 day ahead inc hosp","quantile",0.5,373,"COVID-19"
"DE-BW","00+",2023-04-20,2023-04-01,"-19 day ahead inc hosp","quantile",0.5,308,"COVID-19"
"DE-BY","00+",2023-04-20,2023-04-01,"-19 day ahead inc hosp","quantile",0.5,948,"COVID-19"
"DE-HB","00+",2023-04-20,2023-04-01,"-19 day ahead inc hosp","quantile",0.5,30,"COVID-19"
"DE-HE","00+",2023-04-20,2023-04-01,"-19 day ahead inc hosp","quantile",0.5,396,"COVID-19"
"DE-HH","00+",2023-04-20,2023-04-01,"-19 day ahead inc hosp","quantile",0.5,164,"COVID-19"
"DE-MV","00+",2023-04-20,2023-04-01,"-19 day ahead inc hosp","quantile",0.5,235,"COVID-19"
"DE-NI","00+",2023-04-20,2023-04-01,"-19 day ahead inc hosp","quantile",0.5,405,"COVID-19"
"DE-NW","00+",2023-04-20,2023-04-01,"-19 day ahead inc hosp","quantile",0.5,1296,"COVID-19"
"DE-RP","00+",2023-04-20,2023-04-01,"-19 day ahead inc hosp","quantile",0.5,295,"COVID-19"
"DE-SH","00+",2023-04-20,2023-04-01,"-19 day ahead inc hosp","quantile",0.5,260,"COVID-19"
"DE-SL","00+",2023-04-20,2023-04-01,"-19 day ahead inc hosp","quantile",0.5,30,"COVID-19"
"DE-SN","00+",2023-04-20,2023-04-01,"-19 day ahead inc hosp","quantile",0.5,350,"COVID-19"
"DE-ST","00+",2023-04-20,2023-04-01,"-19 day ahead inc hosp","quantile",0.5,161,"COVID-19"
"DE-TH","00+",2023-04-20,2023-04-01,"-19 day ahead inc hosp","quantile",0.5,202,"COVID-19"
"DE","00-04",2023-04-20,2023-04-01,"-19 day ahead inc hosp","quantile",0.75,123,"COVID-19"
"DE","00+",2023-04-20,2023-04-01,"-19 day ahead inc hosp","quantile",0.75,5780,"COVID-19"
"DE","05-14",2023-04-20,2023-04-01,"-19 day ahead inc hosp","quantile",0.75,29,"COVID-19"
"DE","15-34",2023-04-20,2023-04-01,"-19 day ahead inc hosp","quantile",0.75,225,"COVID-19"
"DE","35-59",2023-04-20,2023-04-01,"-19 day ahead inc hosp","quantile",0.75,668,"COVID-19"
"DE","60-79",2023-04-20,2023-04-01,"-19 day ahead inc hosp","quantile",0.75,2096,"COVID-19"
"DE","80+",2023-04-20,2023-04-01,"-19 day ahead inc hosp","quantile",0.75,2642,"COVID-19"
"DE-BB","00+",2023-04-20,2023-04-01,"-19 day ahead inc hosp","quantile",0.75,309,"COVID-19"
"DE-BE","00+",2023-04-20,2023-04-01,"-19 day ahead inc hosp","quantile",0.75,379,"COVID-19"
"DE-BW","00+",2023-04-20,2023-04-01,"-19 day ahead inc hosp","quantile",0.75,310,"COVID-19"
"DE-BY","00+",2023-04-20,2023-04-01,"-19 day ahead inc hosp","quantile",0.75,955,"COVID-19"
"DE-HB","00+",2023-04-20,2023-04-01,"-19 day ahead inc hosp","quantile",0.75,32,"COVID-19"
"DE-HE","00+",2023-04-20,2023-04-01,"-19 day ahead inc hosp","quantile",0.75,400,"COVID-19"
"DE-HH","00+",2023-04-20,2023-04-01,"-19 day ahead inc hosp","quantile",0.75,166,"COVID-19"
"DE-MV","00+",2023-04-20,2023-04-01,"-19 day ahead inc hosp","quantile",0.75,236,"COVID-19"
"DE-NI","00+",2023-04-20,2023-04-01,"-19 day ahead inc hosp","quantile",0.75,409,"COVID-19"
"DE-NW","00+",2023-04-20,2023-04-01,"-19 day ahead inc hosp","quantile",0.75,1303,"COVID-19"
"DE-RP","00+",2023-04-20,2023-04-01,"-19 day ahead inc hosp","quantile",0.75,300,"COVID-19"
"DE-SH","00+",2023-04-20,2023-04-01,"-19 day ahead inc hosp","quantile",0.75,263,"COVID-19"
"DE-SL","00+",2023-04-20,2023-04-01,"-19 day ahead inc hosp","quantile",0.75,30,"COVID-19"
"DE-SN","00+",2023-04-20,2023-04-01,"-19 day ahead inc hosp","quantile",0.75,353,"COVID-19"
"DE-ST","00+",2023-04-20,2023-04-01,"-19 day ahead inc hosp","quantile",0.75,162,"COVID-19"
"DE-TH","00+",2023-04-20,2023-04-01,"-19 day ahead inc hosp","quantile",0.75,204,"COVID-19"
"DE","00-04",2023-04-20,2023-04-01,"-19 day ahead inc hosp","quantile",0.9,124,"COVID-19"
"DE","00+",2023-04-20,2023-04-01,"-19 day ahead inc hosp","quantile",0.9,5811,"COVID-19"
"DE","05-14",2023-04-20,2023-04-01,"-19 day ahead inc hosp","quantile",0.9,30,"COVID-19"
"DE","15-34",2023-04-20,2023-04-01,"-19 day ahead inc hosp","quantile",0.9,227,"COVID-19"
"DE","35-59",2023-04-20,2023-04-01,"-19 day ahead inc hosp","quantile",0.9,674,"COVID-19"
"DE","60-79",2023-04-20,2023-04-01,"-19 day ahead inc hosp","quantile",0.9,2108,"COVID-19"
"DE","80+",2023-04-20,2023-04-01,"-19 day ahead inc hosp","quantile",0.9,2656,"COVID-19"
"DE-BB","00+",2023-04-20,2023-04-01,"-19 day ahead inc hosp","quantile",0.9,315,"COVID-19"
"DE-BE","00+",2023-04-20,2023-04-01,"-19 day ahead inc hosp","quantile",0.9,388,"COVID-19"
"DE-BW","00+",2023-04-20,2023-04-01,"-19 day ahead inc hosp","quantile",0.9,312,"COVID-19"
"DE-BY","00+",2023-04-20,2023-04-01,"-19 day ahead inc hosp","quantile",0.9,959,"COVID-19"
"DE-HB","00+",2023-04-20,2023-04-01,"-19 day ahead inc hosp","quantile",0.9,34,"COVID-19"
"DE-HE","00+",2023-04-20,2023-04-01,"-19 day ahead inc hosp","quantile",0.9,405,"COVID-19"
"DE-HH","00+",2023-04-20,2023-04-01,"-19 day ahead inc hosp","quantile",0.9,175,"COVID-19"
"DE-MV","00+",2023-04-20,2023-04-01,"-19 day ahead inc hosp","quantile",0.9,238,"COVID-19"
"DE-NI","00+",2023-04-20,2023-04-01,"-19 day ahead inc hosp","quantile",0.9,412,"COVID-19"
"DE-NW","00+",2023-04-20,2023-04-01,"-19 day ahead inc hosp","quantile",0.9,1310,"COVID-19"
"DE-RP","00+",2023-04-20,2023-04-01,"-19 day ahead inc hosp","quantile",0.9,306,"COVID-19"
"DE-SH","00+",2023-04-20,2023-04-01,"-19 day ahead inc hosp","quantile",0.9,265,"COVID-19"
"DE-SL","00+",2023-04-20,2023-04-01,"-19 day ahead inc hosp","quantile",0.9,31,"COVID-19"
"DE-SN","00+",2023-04-20,2023-04-01,"-19 day ahead inc hosp","quantile",0.9,356,"COVID-19"
"DE-ST","00+",2023-04-20,2023-04-01,"-19 day ahead inc hosp","quantile",0.9,164,"COVID-19"
"DE-TH","00+",2023-04-20,2023-04-01,"-19 day ahead inc hosp","quantile",0.9,205,"COVID-19"
"DE","00-04",2023-04-20,2023-04-01,"-19 day ahead inc hosp","quantile",0.975,127,"COVID-19"
"DE","00+",2023-04-20,2023-04-01,"-19 day ahead inc hosp","quantile",0.975,5852,"COVID-19"
"DE","05-14",2023-04-20,2023-04-01,"-19 day ahead inc hosp","quantile",0.975,31,"COVID-19"
"DE","15-34",2023-04-20,2023-04-01,"-19 day ahead inc hosp","quantile",0.975,231,"COVID-19"
"DE","35-59",2023-04-20,2023-04-01,"-19 day ahead inc hosp","quantile",0.975,681,"COVID-19"
"DE","60-79",2023-04-20,2023-04-01,"-19 day ahead inc hosp","quantile",0.975,2123,"COVID-19"
"DE","80+",2023-04-20,2023-04-01,"-19 day ahead inc hosp","quantile",0.975,2675,"COVID-19"
"DE-BB","00+",2023-04-20,2023-04-01,"-19 day ahead inc hosp","quantile",0.975,319,"COVID-19"
"DE-BE","00+",2023-04-20,2023-04-01,"-19 day ahead inc hosp","quantile",0.975,394,"COVID-19"
"DE-BW","00+",2023-04-20,2023-04-01,"-19 day ahead inc hosp","quantile",0.975,316,"COVID-19"
"DE-BY","00+",2023-04-20,2023-04-01,"-19 day ahead inc hosp","quantile",0.975,962,"COVID-19"
"DE-HB","00+",2023-04-20,2023-04-01,"-19 day ahead inc hosp","quantile",0.975,36,"COVID-19"
"DE-HE","00+",2023-04-20,2023-04-01,"-19 day ahead inc hosp","quantile",0.975,411,"COVID-19"
"DE-HH","00+",2023-04-20,2023-04-01,"-19 day ahead inc hosp","quantile",0.975,179,"COVID-19"
"DE-MV","00+",2023-04-20,2023-04-01,"-19 day ahead inc hosp","quantile",0.975,240,"COVID-19"
"DE-NI","00+",2023-04-20,2023-04-01,"-19 day ahead inc hosp","quantile",0.975,418,"COVID-19"
"DE-NW","00+",2023-04-20,2023-04-01,"-19 day ahead inc hosp","quantile",0.975,1320,"COVID-19"
"DE-RP","00+",2023-04-20,2023-04-01,"-19 day ahead inc hosp","quantile",0.975,314,"COVID-19"
"DE-SH","00+",2023-04-20,2023-04-01,"-19 day ahead inc hosp","quantile",0.975,269,"COVID-19"
"DE-SL","00+",2023-04-20,2023-04-01,"-19 day ahead inc hosp","quantile",0.975,34,"COVID-19"
"DE-SN","00+",2023-04-20,2023-04-01,"-19 day ahead inc hosp","quantile",0.975,362,"COVID-19"
"DE-ST","00+",2023-04-20,2023-04-01,"-19 day ahead inc hosp","quantile",0.975,166,"COVID-19"
"DE-TH","00+",2023-04-20,2023-04-01,"-19 day ahead inc hosp","quantile",0.975,207,"COVID-19"
"DE","00-04",2023-04-20,2023-04-02,"-18 day ahead inc hosp","mean",NA,122,"COVID-19"
"DE","00+",2023-04-20,2023-04-02,"-18 day ahead inc hosp","mean",NA,5744,"COVID-19"
"DE","05-14",2023-04-20,2023-04-02,"-18 day ahead inc hosp","mean",NA,28,"COVID-19"
"DE","15-34",2023-04-20,2023-04-02,"-18 day ahead inc hosp","mean",NA,221,"COVID-19"
"DE","35-59",2023-04-20,2023-04-02,"-18 day ahead inc hosp","mean",NA,656,"COVID-19"
"DE","60-79",2023-04-20,2023-04-02,"-18 day ahead inc hosp","mean",NA,2077,"COVID-19"
"DE","80+",2023-04-20,2023-04-02,"-18 day ahead inc hosp","mean",NA,2637,"COVID-19"
"DE-BB","00+",2023-04-20,2023-04-02,"-18 day ahead inc hosp","mean",NA,304,"COVID-19"
"DE-BE","00+",2023-04-20,2023-04-02,"-18 day ahead inc hosp","mean",NA,375,"COVID-19"
"DE-BW","00+",2023-04-20,2023-04-02,"-18 day ahead inc hosp","mean",NA,299,"COVID-19"
"DE-BY","00+",2023-04-20,2023-04-02,"-18 day ahead inc hosp","mean",NA,950,"COVID-19"
"DE-HB","00+",2023-04-20,2023-04-02,"-18 day ahead inc hosp","mean",NA,31,"COVID-19"
"DE-HE","00+",2023-04-20,2023-04-02,"-18 day ahead inc hosp","mean",NA,392,"COVID-19"
"DE-HH","00+",2023-04-20,2023-04-02,"-18 day ahead inc hosp","mean",NA,167,"COVID-19"
"DE-MV","00+",2023-04-20,2023-04-02,"-18 day ahead inc hosp","mean",NA,235,"COVID-19"
"DE-NI","00+",2023-04-20,2023-04-02,"-18 day ahead inc hosp","mean",NA,408,"COVID-19"
"DE-NW","00+",2023-04-20,2023-04-02,"-18 day ahead inc hosp","mean",NA,1289,"COVID-19"
"DE-RP","00+",2023-04-20,2023-04-02,"-18 day ahead inc hosp","mean",NA,293,"COVID-19"
"DE-SH","00+",2023-04-20,2023-04-02,"-18 day ahead inc hosp","mean",NA,257,"COVID-19"
"DE-SL","00+",2023-04-20,2023-04-02,"-18 day ahead inc hosp","mean",NA,30,"COVID-19"
"DE-SN","00+",2023-04-20,2023-04-02,"-18 day ahead inc hosp","mean",NA,363,"COVID-19"
"DE-ST","00+",2023-04-20,2023-04-02,"-18 day ahead inc hosp","mean",NA,162,"COVID-19"
"DE-TH","00+",2023-04-20,2023-04-02,"-18 day ahead inc hosp","mean",NA,203,"COVID-19"
"DE","00-04",2023-04-20,2023-04-02,"-18 day ahead inc hosp","quantile",0.025,120,"COVID-19"
"DE","00+",2023-04-20,2023-04-02,"-18 day ahead inc hosp","quantile",0.025,5682,"COVID-19"
"DE","05-14",2023-04-20,2023-04-02,"-18 day ahead inc hosp","quantile",0.025,28,"COVID-19"
"DE","15-34",2023-04-20,2023-04-02,"-18 day ahead inc hosp","quantile",0.025,218,"COVID-19"
"DE","35-59",2023-04-20,2023-04-02,"-18 day ahead inc hosp","quantile",0.025,647,"COVID-19"
"DE","60-79",2023-04-20,2023-04-02,"-18 day ahead inc hosp","quantile",0.025,2053,"COVID-19"
"DE","80+",2023-04-20,2023-04-02,"-18 day ahead inc hosp","quantile",0.025,2608,"COVID-19"
"DE-BB","00+",2023-04-20,2023-04-02,"-18 day ahead inc hosp","quantile",0.025,295,"COVID-19"
"DE-BE","00+",2023-04-20,2023-04-02,"-18 day ahead inc hosp","quantile",0.025,367,"COVID-19"
"DE-BW","00+",2023-04-20,2023-04-02,"-18 day ahead inc hosp","quantile",0.025,295,"COVID-19"
"DE-BY","00+",2023-04-20,2023-04-02,"-18 day ahead inc hosp","quantile",0.025,939,"COVID-19"
"DE-HB","00+",2023-04-20,2023-04-02,"-18 day ahead inc hosp","quantile",0.025,29,"COVID-19"
"DE-HE","00+",2023-04-20,2023-04-02,"-18 day ahead inc hosp","quantile",0.025,385,"COVID-19"
"DE-HH","00+",2023-04-20,2023-04-02,"-18 day ahead inc hosp","quantile",0.025,163,"COVID-19"
"DE-MV","00+",2023-04-20,2023-04-02,"-18 day ahead inc hosp","quantile",0.025,232,"COVID-19"
"DE-NI","00+",2023-04-20,2023-04-02,"-18 day ahead inc hosp","quantile",0.025,401,"COVID-19"
"DE-NW","00+",2023-04-20,2023-04-02,"-18 day ahead inc hosp","quantile",0.025,1273,"COVID-19"
"DE-RP","00+",2023-04-20,2023-04-02,"-18 day ahead inc hosp","quantile",0.025,285,"COVID-19"
"DE-SH","00+",2023-04-20,2023-04-02,"-18 day ahead inc hosp","quantile",0.025,252,"COVID-19"
"DE-SL","00+",2023-04-20,2023-04-02,"-18 day ahead inc hosp","quantile",0.025,30,"COVID-19"
"DE-SN","00+",2023-04-20,2023-04-02,"-18 day ahead inc hosp","quantile",0.025,357,"COVID-19"
"DE-ST","00+",2023-04-20,2023-04-02,"-18 day ahead inc hosp","quantile",0.025,159,"COVID-19"
"DE-TH","00+",2023-04-20,2023-04-02,"-18 day ahead inc hosp","quantile",0.025,200,"COVID-19"
"DE","00-04",2023-04-20,2023-04-02,"-18 day ahead inc hosp","quantile",0.1,120,"COVID-19"
"DE","00+",2023-04-20,2023-04-02,"-18 day ahead inc hosp","quantile",0.1,5697,"COVID-19"
"DE","05-14",2023-04-20,2023-04-02,"-18 day ahead inc hosp","quantile",0.1,28,"COVID-19"
"DE","15-34",2023-04-20,2023-04-02,"-18 day ahead inc hosp","quantile",0.1,218,"COVID-19"
"DE","35-59",2023-04-20,2023-04-02,"-18 day ahead inc hosp","quantile",0.1,649,"COVID-19"
"DE","60-79",2023-04-20,2023-04-02,"-18 day ahead inc hosp","quantile",0.1,2059,"COVID-19"
"DE","80+",2023-04-20,2023-04-02,"-18 day ahead inc hosp","quantile",0.1,2615,"COVID-19"
"DE-BB","00+",2023-04-20,2023-04-02,"-18 day ahead inc hosp","quantile",0.1,296,"COVID-19"
"DE-BE","00+",2023-04-20,2023-04-02,"-18 day ahead inc hosp","quantile",0.1,367,"COVID-19"
"DE-BW","00+",2023-04-20,2023-04-02,"-18 day ahead inc hosp","quantile",0.1,296,"COVID-19"
"DE-BY","00+",2023-04-20,2023-04-02,"-18 day ahead inc hosp","quantile",0.1,942,"COVID-19"
"DE-HB","00+",2023-04-20,2023-04-02,"-18 day ahead inc hosp","quantile",0.1,29,"COVID-19"
"DE-HE","00+",2023-04-20,2023-04-02,"-18 day ahead inc hosp","quantile",0.1,387,"COVID-19"
"DE-HH","00+",2023-04-20,2023-04-02,"-18 day ahead inc hosp","quantile",0.1,163,"COVID-19"
"DE-MV","00+",2023-04-20,2023-04-02,"-18 day ahead inc hosp","quantile",0.1,233,"COVID-19"
"DE-NI","00+",2023-04-20,2023-04-02,"-18 day ahead inc hosp","quantile",0.1,403,"COVID-19"
"DE-NW","00+",2023-04-20,2023-04-02,"-18 day ahead inc hosp","quantile",0.1,1278,"COVID-19"
"DE-RP","00+",2023-04-20,2023-04-02,"-18 day ahead inc hosp","quantile",0.1,286,"COVID-19"
"DE-SH","00+",2023-04-20,2023-04-02,"-18 day ahead inc hosp","quantile",0.1,253,"COVID-19"
"DE-SL","00+",2023-04-20,2023-04-02,"-18 day ahead inc hosp","quantile",0.1,30,"COVID-19"
"DE-SN","00+",2023-04-20,2023-04-02,"-18 day ahead inc hosp","quantile",0.1,358,"COVID-19"
"DE-ST","00+",2023-04-20,2023-04-02,"-18 day ahead inc hosp","quantile",0.1,160,"COVID-19"
"DE-TH","00+",2023-04-20,2023-04-02,"-18 day ahead inc hosp","quantile",0.1,200,"COVID-19"
"DE","00-04",2023-04-20,2023-04-02,"-18 day ahead inc hosp","quantile",0.25,121,"COVID-19"
"DE","00+",2023-04-20,2023-04-02,"-18 day ahead inc hosp","quantile",0.25,5715,"COVID-19"
"DE","05-14",2023-04-20,2023-04-02,"-18 day ahead inc hosp","quantile",0.25,28,"COVID-19"
"DE","15-34",2023-04-20,2023-04-02,"-18 day ahead inc hosp","quantile",0.25,219,"COVID-19"
"DE","35-59",2023-04-20,2023-04-02,"-18 day ahead inc hosp","quantile",0.25,651,"COVID-19"
"DE","60-79",2023-04-20,2023-04-02,"-18 day ahead inc hosp","quantile",0.25,2066,"COVID-19"
"DE","80+",2023-04-20,2023-04-02,"-18 day ahead inc hosp","quantile",0.25,2623,"COVID-19"
"DE-BB","00+",2023-04-20,2023-04-02,"-18 day ahead inc hosp","quantile",0.25,298,"COVID-19"
"DE-BE","00+",2023-04-20,2023-04-02,"-18 day ahead inc hosp","quantile",0.25,368,"COVID-19"
"DE-BW","00+",2023-04-20,2023-04-02,"-18 day ahead inc hosp","quantile",0.25,297,"COVID-19"
"DE-BY","00+",2023-04-20,2023-04-02,"-18 day ahead inc hosp","quantile",0.25,944,"COVID-19"
"DE-HB","00+",2023-04-20,2023-04-02,"-18 day ahead inc hosp","quantile",0.25,29,"COVID-19"
"DE-HE","00+",2023-04-20,2023-04-02,"-18 day ahead inc hosp","quantile",0.25,388,"COVID-19"
"DE-HH","00+",2023-04-20,2023-04-02,"-18 day ahead inc hosp","quantile",0.25,166,"COVID-19"
"DE-MV","00+",2023-04-20,2023-04-02,"-18 day ahead inc hosp","quantile",0.25,234,"COVID-19"
"DE-NI","00+",2023-04-20,2023-04-02,"-18 day ahead inc hosp","quantile",0.25,405,"COVID-19"
"DE-NW","00+",2023-04-20,2023-04-02,"-18 day ahead inc hosp","quantile",0.25,1283,"COVID-19"
"DE-RP","00+",2023-04-20,2023-04-02,"-18 day ahead inc hosp","quantile",0.25,288,"COVID-19"
"DE-SH","00+",2023-04-20,2023-04-02,"-18 day ahead inc hosp","quantile",0.25,254,"COVID-19"
"DE-SL","00+",2023-04-20,2023-04-02,"-18 day ahead inc hosp","quantile",0.25,30,"COVID-19"
"DE-SN","00+",2023-04-20,2023-04-02,"-18 day ahead inc hosp","quantile",0.25,360,"COVID-19"
"DE-ST","00+",2023-04-20,2023-04-02,"-18 day ahead inc hosp","quantile",0.25,160,"COVID-19"
"DE-TH","00+",2023-04-20,2023-04-02,"-18 day ahead inc hosp","quantile",0.25,201,"COVID-19"
"DE","00-04",2023-04-20,2023-04-02,"-18 day ahead inc hosp","quantile",0.5,122,"COVID-19"
"DE","00+",2023-04-20,2023-04-02,"-18 day ahead inc hosp","quantile",0.5,5738,"COVID-19"
"DE","05-14",2023-04-20,2023-04-02,"-18 day ahead inc hosp","quantile",0.5,28,"COVID-19"
"DE","15-34",2023-04-20,2023-04-02,"-18 day ahead inc hosp","quantile",0.5,221,"COVID-19"
"DE","35-59",2023-04-20,2023-04-02,"-18 day ahead inc hosp","quantile",0.5,655,"COVID-19"
"DE","60-79",2023-04-20,2023-04-02,"-18 day ahead inc hosp","quantile",0.5,2075,"COVID-19"
"DE","80+",2023-04-20,2023-04-02,"-18 day ahead inc hosp","quantile",0.5,2635,"COVID-19"
"DE-BB","00+",2023-04-20,2023-04-02,"-18 day ahead inc hosp","quantile",0.5,302,"COVID-19"
"DE-BE","00+",2023-04-20,2023-04-02,"-18 day ahead inc hosp","quantile",0.5,372,"COVID-19"
"DE-BW","00+",2023-04-20,2023-04-02,"-18 day ahead inc hosp","quantile",0.5,299,"COVID-19"
"DE-BY","00+",2023-04-20,2023-04-02,"-18 day ahead inc hosp","quantile",0.5,949,"COVID-19"
"DE-HB","00+",2023-04-20,2023-04-02,"-18 day ahead inc hosp","quantile",0.5,30,"COVID-19"
"DE-HE","00+",2023-04-20,2023-04-02,"-18 day ahead inc hosp","quantile",0.5,391,"COVID-19"
"DE-HH","00+",2023-04-20,2023-04-02,"-18 day ahead inc hosp","quantile",0.5,167,"COVID-19"
"DE-MV","00+",2023-04-20,2023-04-02,"-18 day ahead inc hosp","quantile",0.5,234,"COVID-19"
"DE-NI","00+",2023-04-20,2023-04-02,"-18 day ahead inc hosp","quantile",0.5,408,"COVID-19"
"DE-NW","00+",2023-04-20,2023-04-02,"-18 day ahead inc hosp","quantile",0.5,1288,"COVID-19"
"DE-RP","00+",2023-04-20,2023-04-02,"-18 day ahead inc hosp","quantile",0.5,291,"COVID-19"
"DE-SH","00+",2023-04-20,2023-04-02,"-18 day ahead inc hosp","quantile",0.5,257,"COVID-19"
"DE-SL","00+",2023-04-20,2023-04-02,"-18 day ahead inc hosp","quantile",0.5,30,"COVID-19"
"DE-SN","00+",2023-04-20,2023-04-02,"-18 day ahead inc hosp","quantile",0.5,362,"COVID-19"
"DE-ST","00+",2023-04-20,2023-04-02,"-18 day ahead inc hosp","quantile",0.5,161,"COVID-19"
"DE-TH","00+",2023-04-20,2023-04-02,"-18 day ahead inc hosp","quantile",0.5,202,"COVID-19"
"DE","00-04",2023-04-20,2023-04-02,"-18 day ahead inc hosp","quantile",0.75,124,"COVID-19"
"DE","00+",2023-04-20,2023-04-02,"-18 day ahead inc hosp","quantile",0.75,5767,"COVID-19"
"DE","05-14",2023-04-20,2023-04-02,"-18 day ahead inc hosp","quantile",0.75,29,"COVID-19"
"DE","15-34",2023-04-20,2023-04-02,"-18 day ahead inc hosp","quantile",0.75,225,"COVID-19"
"DE","35-59",2023-04-20,2023-04-02,"-18 day ahead inc hosp","quantile",0.75,659,"COVID-19"
"DE","60-79",2023-04-20,2023-04-02,"-18 day ahead inc hosp","quantile",0.75,2086,"COVID-19"
"DE","80+",2023-04-20,2023-04-02,"-18 day ahead inc hosp","quantile",0.75,2648,"COVID-19"
"DE-BB","00+",2023-04-20,2023-04-02,"-18 day ahead inc hosp","quantile",0.75,308,"COVID-19"
"DE-BE","00+",2023-04-20,2023-04-02,"-18 day ahead inc hosp","quantile",0.75,378,"COVID-19"
"DE-BW","00+",2023-04-20,2023-04-02,"-18 day ahead inc hosp","quantile",0.75,301,"COVID-19"
"DE-BY","00+",2023-04-20,2023-04-02,"-18 day ahead inc hosp","quantile",0.75,955,"COVID-19"
"DE-HB","00+",2023-04-20,2023-04-02,"-18 day ahead inc hosp","quantile",0.75,32,"COVID-19"
"DE-HE","00+",2023-04-20,2023-04-02,"-18 day ahead inc hosp","quantile",0.75,395,"COVID-19"
"DE-HH","00+",2023-04-20,2023-04-02,"-18 day ahead inc hosp","quantile",0.75,173,"COVID-19"
"DE-MV","00+",2023-04-20,2023-04-02,"-18 day ahead inc hosp","quantile",0.75,236,"COVID-19"
"DE-NI","00+",2023-04-20,2023-04-02,"-18 day ahead inc hosp","quantile",0.75,411,"COVID-19"
"DE-NW","00+",2023-04-20,2023-04-02,"-18 day ahead inc hosp","quantile",0.75,1295,"COVID-19"
"DE-RP","00+",2023-04-20,2023-04-02,"-18 day ahead inc hosp","quantile",0.75,296,"COVID-19"
"DE-SH","00+",2023-04-20,2023-04-02,"-18 day ahead inc hosp","quantile",0.75,260,"COVID-19"
"DE-SL","00+",2023-04-20,2023-04-02,"-18 day ahead inc hosp","quantile",0.75,30,"COVID-19"
"DE-SN","00+",2023-04-20,2023-04-02,"-18 day ahead inc hosp","quantile",0.75,366,"COVID-19"
"DE-ST","00+",2023-04-20,2023-04-02,"-18 day ahead inc hosp","quantile",0.75,162,"COVID-19"
"DE-TH","00+",2023-04-20,2023-04-02,"-18 day ahead inc hosp","quantile",0.75,204,"COVID-19"
"DE","00-04",2023-04-20,2023-04-02,"-18 day ahead inc hosp","quantile",0.9,125,"COVID-19"
"DE","00+",2023-04-20,2023-04-02,"-18 day ahead inc hosp","quantile",0.9,5797,"COVID-19"
"DE","05-14",2023-04-20,2023-04-02,"-18 day ahead inc hosp","quantile",0.9,30,"COVID-19"
"DE","15-34",2023-04-20,2023-04-02,"-18 day ahead inc hosp","quantile",0.9,225,"COVID-19"
"DE","35-59",2023-04-20,2023-04-02,"-18 day ahead inc hosp","quantile",0.9,665,"COVID-19"
"DE","60-79",2023-04-20,2023-04-02,"-18 day ahead inc hosp","quantile",0.9,2098,"COVID-19"
"DE","80+",2023-04-20,2023-04-02,"-18 day ahead inc hosp","quantile",0.9,2662,"COVID-19"
"DE-BB","00+",2023-04-20,2023-04-02,"-18 day ahead inc hosp","quantile",0.9,314,"COVID-19"
"DE-BE","00+",2023-04-20,2023-04-02,"-18 day ahead inc hosp","quantile",0.9,386,"COVID-19"
"DE-BW","00+",2023-04-20,2023-04-02,"-18 day ahead inc hosp","quantile",0.9,303,"COVID-19"
"DE-BY","00+",2023-04-20,2023-04-02,"-18 day ahead inc hosp","quantile",0.9,959,"COVID-19"
"DE-HB","00+",2023-04-20,2023-04-02,"-18 day ahead inc hosp","quantile",0.9,34,"COVID-19"
"DE-HE","00+",2023-04-20,2023-04-02,"-18 day ahead inc hosp","quantile",0.9,399,"COVID-19"
"DE-HH","00+",2023-04-20,2023-04-02,"-18 day ahead inc hosp","quantile",0.9,174,"COVID-19"
"DE-MV","00+",2023-04-20,2023-04-02,"-18 day ahead inc hosp","quantile",0.9,238,"COVID-19"
"DE-NI","00+",2023-04-20,2023-04-02,"-18 day ahead inc hosp","quantile",0.9,415,"COVID-19"
"DE-NW","00+",2023-04-20,2023-04-02,"-18 day ahead inc hosp","quantile",0.9,1301,"COVID-19"
"DE-RP","00+",2023-04-20,2023-04-02,"-18 day ahead inc hosp","quantile",0.9,301,"COVID-19"
"DE-SH","00+",2023-04-20,2023-04-02,"-18 day ahead inc hosp","quantile",0.9,262,"COVID-19"
"DE-SL","00+",2023-04-20,2023-04-02,"-18 day ahead inc hosp","quantile",0.9,31,"COVID-19"
"DE-SN","00+",2023-04-20,2023-04-02,"-18 day ahead inc hosp","quantile",0.9,371,"COVID-19"
"DE-ST","00+",2023-04-20,2023-04-02,"-18 day ahead inc hosp","quantile",0.9,164,"COVID-19"
"DE-TH","00+",2023-04-20,2023-04-02,"-18 day ahead inc hosp","quantile",0.9,206,"COVID-19"
"DE","00-04",2023-04-20,2023-04-02,"-18 day ahead inc hosp","quantile",0.975,128,"COVID-19"
"DE","00+",2023-04-20,2023-04-02,"-18 day ahead inc hosp","quantile",0.975,5835,"COVID-19"
"DE","05-14",2023-04-20,2023-04-02,"-18 day ahead inc hosp","quantile",0.975,31,"COVID-19"
"DE","15-34",2023-04-20,2023-04-02,"-18 day ahead inc hosp","quantile",0.975,229,"COVID-19"
"DE","35-59",2023-04-20,2023-04-02,"-18 day ahead inc hosp","quantile",0.975,672,"COVID-19"
"DE","60-79",2023-04-20,2023-04-02,"-18 day ahead inc hosp","quantile",0.975,2112,"COVID-19"
"DE","80+",2023-04-20,2023-04-02,"-18 day ahead inc hosp","quantile",0.975,2681,"COVID-19"
"DE-BB","00+",2023-04-20,2023-04-02,"-18 day ahead inc hosp","quantile",0.975,317,"COVID-19"
"DE-BE","00+",2023-04-20,2023-04-02,"-18 day ahead inc hosp","quantile",0.975,393,"COVID-19"
"DE-BW","00+",2023-04-20,2023-04-02,"-18 day ahead inc hosp","quantile",0.975,306,"COVID-19"
"DE-BY","00+",2023-04-20,2023-04-02,"-18 day ahead inc hosp","quantile",0.975,963,"COVID-19"
"DE-HB","00+",2023-04-20,2023-04-02,"-18 day ahead inc hosp","quantile",0.975,36,"COVID-19"
"DE-HE","00+",2023-04-20,2023-04-02,"-18 day ahead inc hosp","quantile",0.975,406,"COVID-19"
"DE-HH","00+",2023-04-20,2023-04-02,"-18 day ahead inc hosp","quantile",0.975,182,"COVID-19"
"DE-MV","00+",2023-04-20,2023-04-02,"-18 day ahead inc hosp","quantile",0.975,240,"COVID-19"
"DE-NI","00+",2023-04-20,2023-04-02,"-18 day ahead inc hosp","quantile",0.975,422,"COVID-19"
"DE-NW","00+",2023-04-20,2023-04-02,"-18 day ahead inc hosp","quantile",0.975,1305,"COVID-19"
"DE-RP","00+",2023-04-20,2023-04-02,"-18 day ahead inc hosp","quantile",0.975,309,"COVID-19"
"DE-SH","00+",2023-04-20,2023-04-02,"-18 day ahead inc hosp","quantile",0.975,266,"COVID-19"
"DE-SL","00+",2023-04-20,2023-04-02,"-18 day ahead inc hosp","quantile",0.975,34,"COVID-19"
"DE-SN","00+",2023-04-20,2023-04-02,"-18 day ahead inc hosp","quantile",0.975,375,"COVID-19"
"DE-ST","00+",2023-04-20,2023-04-02,"-18 day ahead inc hosp","quantile",0.975,166,"COVID-19"
"DE-TH","00+",2023-04-20,2023-04-02,"-18 day ahead inc hosp","quantile",0.975,207,"COVID-19"
"DE","00-04",2023-04-20,2023-04-03,"-17 day ahead inc hosp","mean",NA,122,"COVID-19"
"DE","00+",2023-04-20,2023-04-03,"-17 day ahead inc hosp","mean",NA,5703,"COVID-19"
"DE","05-14",2023-04-20,2023-04-03,"-17 day ahead inc hosp","mean",NA,28,"COVID-19"
"DE","15-34",2023-04-20,2023-04-03,"-17 day ahead inc hosp","mean",NA,222,"COVID-19"
"DE","35-59",2023-04-20,2023-04-03,"-17 day ahead inc hosp","mean",NA,649,"COVID-19"
"DE","60-79",2023-04-20,2023-04-03,"-17 day ahead inc hosp","mean",NA,2074,"COVID-19"
"DE","80+",2023-04-20,2023-04-03,"-17 day ahead inc hosp","mean",NA,2607,"COVID-19"
"DE-BB","00+",2023-04-20,2023-04-03,"-17 day ahead inc hosp","mean",NA,306,"COVID-19"
"DE-BE","00+",2023-04-20,2023-04-03,"-17 day ahead inc hosp","mean",NA,371,"COVID-19"
"DE-BW","00+",2023-04-20,2023-04-03,"-17 day ahead inc hosp","mean",NA,299,"COVID-19"
"DE-BY","00+",2023-04-20,2023-04-03,"-17 day ahead inc hosp","mean",NA,938,"COVID-19"
"DE-HB","00+",2023-04-20,2023-04-03,"-17 day ahead inc hosp","mean",NA,31,"COVID-19"
"DE-HE","00+",2023-04-20,2023-04-03,"-17 day ahead inc hosp","mean",NA,391,"COVID-19"
"DE-HH","00+",2023-04-20,2023-04-03,"-17 day ahead inc hosp","mean",NA,181,"COVID-19"
"DE-MV","00+",2023-04-20,2023-04-03,"-17 day ahead inc hosp","mean",NA,236,"COVID-19"
"DE-NI","00+",2023-04-20,2023-04-03,"-17 day ahead inc hosp","mean",NA,396,"COVID-19"
"DE-NW","00+",2023-04-20,2023-04-03,"-17 day ahead inc hosp","mean",NA,1271,"COVID-19"
"DE-RP","00+",2023-04-20,2023-04-03,"-17 day ahead inc hosp","mean",NA,295,"COVID-19"
"DE-SH","00+",2023-04-20,2023-04-03,"-17 day ahead inc hosp","mean",NA,258,"COVID-19"
"DE-SL","00+",2023-04-20,2023-04-03,"-17 day ahead inc hosp","mean",NA,30,"COVID-19"
"DE-SN","00+",2023-04-20,2023-04-03,"-17 day ahead inc hosp","mean",NA,344,"COVID-19"
"DE-ST","00+",2023-04-20,2023-04-03,"-17 day ahead inc hosp","mean",NA,162,"COVID-19"
"DE-TH","00+",2023-04-20,2023-04-03,"-17 day ahead inc hosp","mean",NA,206,"COVID-19"
"DE","00-04",2023-04-20,2023-04-03,"-17 day ahead inc hosp","quantile",0.025,120,"COVID-19"
"DE","00+",2023-04-20,2023-04-03,"-17 day ahead inc hosp","quantile",0.025,5642,"COVID-19"
"DE","05-14",2023-04-20,2023-04-03,"-17 day ahead inc hosp","quantile",0.025,27,"COVID-19"
"DE","15-34",2023-04-20,2023-04-03,"-17 day ahead inc hosp","quantile",0.025,219,"COVID-19"
"DE","35-59",2023-04-20,2023-04-03,"-17 day ahead inc hosp","quantile",0.025,640,"COVID-19"
"DE","60-79",2023-04-20,2023-04-03,"-17 day ahead inc hosp","quantile",0.025,2050,"COVID-19"
"DE","80+",2023-04-20,2023-04-03,"-17 day ahead inc hosp","quantile",0.025,2577,"COVID-19"
"DE-BB","00+",2023-04-20,2023-04-03,"-17 day ahead inc hosp","quantile",0.025,296,"COVID-19"
"DE-BE","00+",2023-04-20,2023-04-03,"-17 day ahead inc hosp","quantile",0.025,363,"COVID-19"
"DE-BW","00+",2023-04-20,2023-04-03,"-17 day ahead inc hosp","quantile",0.025,295,"COVID-19"
"DE-BY","00+",2023-04-20,2023-04-03,"-17 day ahead inc hosp","quantile",0.025,928,"COVID-19"
"DE-HB","00+",2023-04-20,2023-04-03,"-17 day ahead inc hosp","quantile",0.025,29,"COVID-19"
"DE-HE","00+",2023-04-20,2023-04-03,"-17 day ahead inc hosp","quantile",0.025,384,"COVID-19"
"DE-HH","00+",2023-04-20,2023-04-03,"-17 day ahead inc hosp","quantile",0.025,176,"COVID-19"
"DE-MV","00+",2023-04-20,2023-04-03,"-17 day ahead inc hosp","quantile",0.025,233,"COVID-19"
"DE-NI","00+",2023-04-20,2023-04-03,"-17 day ahead inc hosp","quantile",0.025,389,"COVID-19"
"DE-NW","00+",2023-04-20,2023-04-03,"-17 day ahead inc hosp","quantile",0.025,1255,"COVID-19"
"DE-RP","00+",2023-04-20,2023-04-03,"-17 day ahead inc hosp","quantile",0.025,287,"COVID-19"
"DE-SH","00+",2023-04-20,2023-04-03,"-17 day ahead inc hosp","quantile",0.025,253,"COVID-19"
"DE-SL","00+",2023-04-20,2023-04-03,"-17 day ahead inc hosp","quantile",0.025,30,"COVID-19"
"DE-SN","00+",2023-04-20,2023-04-03,"-17 day ahead inc hosp","quantile",0.025,338,"COVID-19"
"DE-ST","00+",2023-04-20,2023-04-03,"-17 day ahead inc hosp","quantile",0.025,159,"COVID-19"
"DE-TH","00+",2023-04-20,2023-04-03,"-17 day ahead inc hosp","quantile",0.025,203,"COVID-19"
"DE","00-04",2023-04-20,2023-04-03,"-17 day ahead inc hosp","quantile",0.1,120,"COVID-19"
"DE","00+",2023-04-20,2023-04-03,"-17 day ahead inc hosp","quantile",0.1,5658,"COVID-19"
"DE","05-14",2023-04-20,2023-04-03,"-17 day ahead inc hosp","quantile",0.1,27,"COVID-19"
"DE","15-34",2023-04-20,2023-04-03,"-17 day ahead inc hosp","quantile",0.1,219,"COVID-19"
"DE","35-59",2023-04-20,2023-04-03,"-17 day ahead inc hosp","quantile",0.1,642,"COVID-19"
"DE","60-79",2023-04-20,2023-04-03,"-17 day ahead inc hosp","quantile",0.1,2056,"COVID-19"
"DE","80+",2023-04-20,2023-04-03,"-17 day ahead inc hosp","quantile",0.1,2585,"COVID-19"
"DE-BB","00+",2023-04-20,2023-04-03,"-17 day ahead inc hosp","quantile",0.1,298,"COVID-19"
"DE-BE","00+",2023-04-20,2023-04-03,"-17 day ahead inc hosp","quantile",0.1,363,"COVID-19"
"DE-BW","00+",2023-04-20,2023-04-03,"-17 day ahead inc hosp","quantile",0.1,296,"COVID-19"
"DE-BY","00+",2023-04-20,2023-04-03,"-17 day ahead inc hosp","quantile",0.1,930,"COVID-19"
"DE-HB","00+",2023-04-20,2023-04-03,"-17 day ahead inc hosp","quantile",0.1,29,"COVID-19"
"DE-HE","00+",2023-04-20,2023-04-03,"-17 day ahead inc hosp","quantile",0.1,386,"COVID-19"
"DE-HH","00+",2023-04-20,2023-04-03,"-17 day ahead inc hosp","quantile",0.1,177,"COVID-19"
"DE-MV","00+",2023-04-20,2023-04-03,"-17 day ahead inc hosp","quantile",0.1,234,"COVID-19"
"DE-NI","00+",2023-04-20,2023-04-03,"-17 day ahead inc hosp","quantile",0.1,391,"COVID-19"
"DE-NW","00+",2023-04-20,2023-04-03,"-17 day ahead inc hosp","quantile",0.1,1260,"COVID-19"
"DE-RP","00+",2023-04-20,2023-04-03,"-17 day ahead inc hosp","quantile",0.1,288,"COVID-19"
"DE-SH","00+",2023-04-20,2023-04-03,"-17 day ahead inc hosp","quantile",0.1,254,"COVID-19"
"DE-SL","00+",2023-04-20,2023-04-03,"-17 day ahead inc hosp","quantile",0.1,30,"COVID-19"
"DE-SN","00+",2023-04-20,2023-04-03,"-17 day ahead inc hosp","quantile",0.1,339,"COVID-19"
"DE-ST","00+",2023-04-20,2023-04-03,"-17 day ahead inc hosp","quantile",0.1,160,"COVID-19"
"DE-TH","00+",2023-04-20,2023-04-03,"-17 day ahead inc hosp","quantile",0.1,204,"COVID-19"
"DE","00-04",2023-04-20,2023-04-03,"-17 day ahead inc hosp","quantile",0.25,121,"COVID-19"
"DE","00+",2023-04-20,2023-04-03,"-17 day ahead inc hosp","quantile",0.25,5675,"COVID-19"
"DE","05-14",2023-04-20,2023-04-03,"-17 day ahead inc hosp","quantile",0.25,27,"COVID-19"
"DE","15-34",2023-04-20,2023-04-03,"-17 day ahead inc hosp","quantile",0.25,220,"COVID-19"
"DE","35-59",2023-04-20,2023-04-03,"-17 day ahead inc hosp","quantile",0.25,644,"COVID-19"
"DE","60-79",2023-04-20,2023-04-03,"-17 day ahead inc hosp","quantile",0.25,2063,"COVID-19"
"DE","80+",2023-04-20,2023-04-03,"-17 day ahead inc hosp","quantile",0.25,2593,"COVID-19"
"DE-BB","00+",2023-04-20,2023-04-03,"-17 day ahead inc hosp","quantile",0.25,299,"COVID-19"
"DE-BE","00+",2023-04-20,2023-04-03,"-17 day ahead inc hosp","quantile",0.25,365,"COVID-19"
"DE-BW","00+",2023-04-20,2023-04-03,"-17 day ahead inc hosp","quantile",0.25,297,"COVID-19"
"DE-BY","00+",2023-04-20,2023-04-03,"-17 day ahead inc hosp","quantile",0.25,933,"COVID-19"
"DE-HB","00+",2023-04-20,2023-04-03,"-17 day ahead inc hosp","quantile",0.25,29,"COVID-19"
"DE-HE","00+",2023-04-20,2023-04-03,"-17 day ahead inc hosp","quantile",0.25,387,"COVID-19"
"DE-HH","00+",2023-04-20,2023-04-03,"-17 day ahead inc hosp","quantile",0.25,178,"COVID-19"
"DE-MV","00+",2023-04-20,2023-04-03,"-17 day ahead inc hosp","quantile",0.25,234,"COVID-19"
"DE-NI","00+",2023-04-20,2023-04-03,"-17 day ahead inc hosp","quantile",0.25,393,"COVID-19"
"DE-NW","00+",2023-04-20,2023-04-03,"-17 day ahead inc hosp","quantile",0.25,1265,"COVID-19"
"DE-RP","00+",2023-04-20,2023-04-03,"-17 day ahead inc hosp","quantile",0.25,290,"COVID-19"
"DE-SH","00+",2023-04-20,2023-04-03,"-17 day ahead inc hosp","quantile",0.25,256,"COVID-19"
"DE-SL","00+",2023-04-20,2023-04-03,"-17 day ahead inc hosp","quantile",0.25,30,"COVID-19"
"DE-SN","00+",2023-04-20,2023-04-03,"-17 day ahead inc hosp","quantile",0.25,341,"COVID-19"
"DE-ST","00+",2023-04-20,2023-04-03,"-17 day ahead inc hosp","quantile",0.25,160,"COVID-19"
"DE-TH","00+",2023-04-20,2023-04-03,"-17 day ahead inc hosp","quantile",0.25,204,"COVID-19"
"DE","00-04",2023-04-20,2023-04-03,"-17 day ahead inc hosp","quantile",0.5,122,"COVID-19"
"DE","00+",2023-04-20,2023-04-03,"-17 day ahead inc hosp","quantile",0.5,5698,"COVID-19"
"DE","05-14",2023-04-20,2023-04-03,"-17 day ahead inc hosp","quantile",0.5,27,"COVID-19"
"DE","15-34",2023-04-20,2023-04-03,"-17 day ahead inc hosp","quantile",0.5,222,"COVID-19"
"DE","35-59",2023-04-20,2023-04-03,"-17 day ahead inc hosp","quantile",0.5,648,"COVID-19"
"DE","60-79",2023-04-20,2023-04-03,"-17 day ahead inc hosp","quantile",0.5,2072,"COVID-19"
"DE","80+",2023-04-20,2023-04-03,"-17 day ahead inc hosp","quantile",0.5,2604,"COVID-19"
"DE-BB","00+",2023-04-20,2023-04-03,"-17 day ahead inc hosp","quantile",0.5,303,"COVID-19"
"DE-BE","00+",2023-04-20,2023-04-03,"-17 day ahead inc hosp","quantile",0.5,368,"COVID-19"
"DE-BW","00+",2023-04-20,2023-04-03,"-17 day ahead inc hosp","quantile",0.5,299,"COVID-19"
"DE-BY","00+",2023-04-20,2023-04-03,"-17 day ahead inc hosp","quantile",0.5,937,"COVID-19"
"DE-HB","00+",2023-04-20,2023-04-03,"-17 day ahead inc hosp","quantile",0.5,30,"COVID-19"
"DE-HE","00+",2023-04-20,2023-04-03,"-17 day ahead inc hosp","quantile",0.5,390,"COVID-19"
"DE-HH","00+",2023-04-20,2023-04-03,"-17 day ahead inc hosp","quantile",0.5,181,"COVID-19"
"DE-MV","00+",2023-04-20,2023-04-03,"-17 day ahead inc hosp","quantile",0.5,236,"COVID-19"
"DE-NI","00+",2023-04-20,2023-04-03,"-17 day ahead inc hosp","quantile",0.5,396,"COVID-19"
"DE-NW","00+",2023-04-20,2023-04-03,"-17 day ahead inc hosp","quantile",0.5,1270,"COVID-19"
"DE-RP","00+",2023-04-20,2023-04-03,"-17 day ahead inc hosp","quantile",0.5,293,"COVID-19"
"DE-SH","00+",2023-04-20,2023-04-03,"-17 day ahead inc hosp","quantile",0.5,258,"COVID-19"
"DE-SL","00+",2023-04-20,2023-04-03,"-17 day ahead inc hosp","quantile",0.5,30,"COVID-19"
"DE-SN","00+",2023-04-20,2023-04-03,"-17 day ahead inc hosp","quantile",0.5,343,"COVID-19"
"DE-ST","00+",2023-04-20,2023-04-03,"-17 day ahead inc hosp","quantile",0.5,161,"COVID-19"
"DE-TH","00+",2023-04-20,2023-04-03,"-17 day ahead inc hosp","quantile",0.5,206,"COVID-19"
"DE","00-04",2023-04-20,2023-04-03,"-17 day ahead inc hosp","quantile",0.75,124,"COVID-19"
"DE","00+",2023-04-20,2023-04-03,"-17 day ahead inc hosp","quantile",0.75,5726,"COVID-19"
"DE","05-14",2023-04-20,2023-04-03,"-17 day ahead inc hosp","quantile",0.75,28,"COVID-19"
"DE","15-34",2023-04-20,2023-04-03,"-17 day ahead inc hosp","quantile",0.75,226,"COVID-19"
"DE","35-59",2023-04-20,2023-04-03,"-17 day ahead inc hosp","quantile",0.75,653,"COVID-19"
"DE","60-79",2023-04-20,2023-04-03,"-17 day ahead inc hosp","quantile",0.75,2083,"COVID-19"
"DE","80+",2023-04-20,2023-04-03,"-17 day ahead inc hosp","quantile",0.75,2618,"COVID-19"
"DE-BB","00+",2023-04-20,2023-04-03,"-17 day ahead inc hosp","quantile",0.75,309,"COVID-19"
"DE-BE","00+",2023-04-20,2023-04-03,"-17 day ahead inc hosp","quantile",0.75,374,"COVID-19"
"DE-BW","00+",2023-04-20,2023-04-03,"-17 day ahead inc hosp","quantile",0.75,301,"COVID-19"
"DE-BY","00+",2023-04-20,2023-04-03,"-17 day ahead inc hosp","quantile",0.75,943,"COVID-19"
"DE-HB","00+",2023-04-20,2023-04-03,"-17 day ahead inc hosp","quantile",0.75,32,"COVID-19"
"DE-HE","00+",2023-04-20,2023-04-03,"-17 day ahead inc hosp","quantile",0.75,394,"COVID-19"
"DE-HH","00+",2023-04-20,2023-04-03,"-17 day ahead inc hosp","quantile",0.75,188,"COVID-19"
"DE-MV","00+",2023-04-20,2023-04-03,"-17 day ahead inc hosp","quantile",0.75,237,"COVID-19"
"DE-NI","00+",2023-04-20,2023-04-03,"-17 day ahead inc hosp","quantile",0.75,399,"COVID-19"
"DE-NW","00+",2023-04-20,2023-04-03,"-17 day ahead inc hosp","quantile",0.75,1277,"COVID-19"
"DE-RP","00+",2023-04-20,2023-04-03,"-17 day ahead inc hosp","quantile",0.75,298,"COVID-19"
"DE-SH","00+",2023-04-20,2023-04-03,"-17 day ahead inc hosp","quantile",0.75,261,"COVID-19"
"DE-SL","00+",2023-04-20,2023-04-03,"-17 day ahead inc hosp","quantile",0.75,30,"COVID-19"
"DE-SN","00+",2023-04-20,2023-04-03,"-17 day ahead inc hosp","quantile",0.75,348,"COVID-19"
"DE-ST","00+",2023-04-20,2023-04-03,"-17 day ahead inc hosp","quantile",0.75,163,"COVID-19"
"DE-TH","00+",2023-04-20,2023-04-03,"-17 day ahead inc hosp","quantile",0.75,207,"COVID-19"
"DE","00-04",2023-04-20,2023-04-03,"-17 day ahead inc hosp","quantile",0.9,125,"COVID-19"
"DE","00+",2023-04-20,2023-04-03,"-17 day ahead inc hosp","quantile",0.9,5755,"COVID-19"
"DE","05-14",2023-04-20,2023-04-03,"-17 day ahead inc hosp","quantile",0.9,29,"COVID-19"
"DE","15-34",2023-04-20,2023-04-03,"-17 day ahead inc hosp","quantile",0.9,226,"COVID-19"
"DE","35-59",2023-04-20,2023-04-03,"-17 day ahead inc hosp","quantile",0.9,658,"COVID-19"
"DE","60-79",2023-04-20,2023-04-03,"-17 day ahead inc hosp","quantile",0.9,2094,"COVID-19"
"DE","80+",2023-04-20,2023-04-03,"-17 day ahead inc hosp","quantile",0.9,2632,"COVID-19"
"DE-BB","00+",2023-04-20,2023-04-03,"-17 day ahead inc hosp","quantile",0.9,315,"COVID-19"
"DE-BE","00+",2023-04-20,2023-04-03,"-17 day ahead inc hosp","quantile",0.9,382,"COVID-19"
"DE-BW","00+",2023-04-20,2023-04-03,"-17 day ahead inc hosp","quantile",0.9,303,"COVID-19"
"DE-BY","00+",2023-04-20,2023-04-03,"-17 day ahead inc hosp","quantile",0.9,947,"COVID-19"
"DE-HB","00+",2023-04-20,2023-04-03,"-17 day ahead inc hosp","quantile",0.9,34,"COVID-19"
"DE-HE","00+",2023-04-20,2023-04-03,"-17 day ahead inc hosp","quantile",0.9,399,"COVID-19"
"DE-HH","00+",2023-04-20,2023-04-03,"-17 day ahead inc hosp","quantile",0.9,192,"COVID-19"
"DE-MV","00+",2023-04-20,2023-04-03,"-17 day ahead inc hosp","quantile",0.9,239,"COVID-19"
"DE-NI","00+",2023-04-20,2023-04-03,"-17 day ahead inc hosp","quantile",0.9,403,"COVID-19"
"DE-NW","00+",2023-04-20,2023-04-03,"-17 day ahead inc hosp","quantile",0.9,1283,"COVID-19"
"DE-RP","00+",2023-04-20,2023-04-03,"-17 day ahead inc hosp","quantile",0.9,303,"COVID-19"
"DE-SH","00+",2023-04-20,2023-04-03,"-17 day ahead inc hosp","quantile",0.9,263,"COVID-19"
"DE-SL","00+",2023-04-20,2023-04-03,"-17 day ahead inc hosp","quantile",0.9,31,"COVID-19"
"DE-SN","00+",2023-04-20,2023-04-03,"-17 day ahead inc hosp","quantile",0.9,352,"COVID-19"
"DE-ST","00+",2023-04-20,2023-04-03,"-17 day ahead inc hosp","quantile",0.9,164,"COVID-19"
"DE-TH","00+",2023-04-20,2023-04-03,"-17 day ahead inc hosp","quantile",0.9,209,"COVID-19"
"DE","00-04",2023-04-20,2023-04-03,"-17 day ahead inc hosp","quantile",0.975,128,"COVID-19"
"DE","00+",2023-04-20,2023-04-03,"-17 day ahead inc hosp","quantile",0.975,5792,"COVID-19"
"DE","05-14",2023-04-20,2023-04-03,"-17 day ahead inc hosp","quantile",0.975,30,"COVID-19"
"DE","15-34",2023-04-20,2023-04-03,"-17 day ahead inc hosp","quantile",0.975,230,"COVID-19"
"DE","35-59",2023-04-20,2023-04-03,"-17 day ahead inc hosp","quantile",0.975,664,"COVID-19"
"DE","60-79",2023-04-20,2023-04-03,"-17 day ahead inc hosp","quantile",0.975,2108,"COVID-19"
"DE","80+",2023-04-20,2023-04-03,"-17 day ahead inc hosp","quantile",0.975,2650,"COVID-19"
"DE-BB","00+",2023-04-20,2023-04-03,"-17 day ahead inc hosp","quantile",0.975,318,"COVID-19"
"DE-BE","00+",2023-04-20,2023-04-03,"-17 day ahead inc hosp","quantile",0.975,389,"COVID-19"
"DE-BW","00+",2023-04-20,2023-04-03,"-17 day ahead inc hosp","quantile",0.975,306,"COVID-19"
"DE-BY","00+",2023-04-20,2023-04-03,"-17 day ahead inc hosp","quantile",0.975,951,"COVID-19"
"DE-HB","00+",2023-04-20,2023-04-03,"-17 day ahead inc hosp","quantile",0.975,36,"COVID-19"
"DE-HE","00+",2023-04-20,2023-04-03,"-17 day ahead inc hosp","quantile",0.975,405,"COVID-19"
"DE-HH","00+",2023-04-20,2023-04-03,"-17 day ahead inc hosp","quantile",0.975,195,"COVID-19"
"DE-MV","00+",2023-04-20,2023-04-03,"-17 day ahead inc hosp","quantile",0.975,242,"COVID-19"
"DE-NI","00+",2023-04-20,2023-04-03,"-17 day ahead inc hosp","quantile",0.975,410,"COVID-19"
"DE-NW","00+",2023-04-20,2023-04-03,"-17 day ahead inc hosp","quantile",0.975,1286,"COVID-19"
"DE-RP","00+",2023-04-20,2023-04-03,"-17 day ahead inc hosp","quantile",0.975,311,"COVID-19"
"DE-SH","00+",2023-04-20,2023-04-03,"-17 day ahead inc hosp","quantile",0.975,267,"COVID-19"
"DE-SL","00+",2023-04-20,2023-04-03,"-17 day ahead inc hosp","quantile",0.975,33,"COVID-19"
"DE-SN","00+",2023-04-20,2023-04-03,"-17 day ahead inc hosp","quantile",0.975,356,"COVID-19"
"DE-ST","00+",2023-04-20,2023-04-03,"-17 day ahead inc hosp","quantile",0.975,166,"COVID-19"
"DE-TH","00+",2023-04-20,2023-04-03,"-17 day ahead inc hosp","quantile",0.975,211,"COVID-19"
"DE","00-04",2023-04-20,2023-04-04,"-16 day ahead inc hosp","mean",NA,115,"COVID-19"
"DE","00+",2023-04-20,2023-04-04,"-16 day ahead inc hosp","mean",NA,5282,"COVID-19"
"DE","05-14",2023-04-20,2023-04-04,"-16 day ahead inc hosp","mean",NA,32,"COVID-19"
"DE","15-34",2023-04-20,2023-04-04,"-16 day ahead inc hosp","mean",NA,222,"COVID-19"
"DE","35-59",2023-04-20,2023-04-04,"-16 day ahead inc hosp","mean",NA,613,"COVID-19"
"DE","60-79",2023-04-20,2023-04-04,"-16 day ahead inc hosp","mean",NA,1926,"COVID-19"
"DE","80+",2023-04-20,2023-04-04,"-16 day ahead inc hosp","mean",NA,2375,"COVID-19"
"DE-BB","00+",2023-04-20,2023-04-04,"-16 day ahead inc hosp","mean",NA,276,"COVID-19"
"DE-BE","00+",2023-04-20,2023-04-04,"-16 day ahead inc hosp","mean",NA,353,"COVID-19"
"DE-BW","00+",2023-04-20,2023-04-04,"-16 day ahead inc hosp","mean",NA,280,"COVID-19"
"DE-BY","00+",2023-04-20,2023-04-04,"-16 day ahead inc hosp","mean",NA,872,"COVID-19"
"DE-HB","00+",2023-04-20,2023-04-04,"-16 day ahead inc hosp","mean",NA,26,"COVID-19"
"DE-HE","00+",2023-04-20,2023-04-04,"-16 day ahead inc hosp","mean",NA,357,"COVID-19"
"DE-HH","00+",2023-04-20,2023-04-04,"-16 day ahead inc hosp","mean",NA,154,"COVID-19"
"DE-MV","00+",2023-04-20,2023-04-04,"-16 day ahead inc hosp","mean",NA,214,"COVID-19"
"DE-NI","00+",2023-04-20,2023-04-04,"-16 day ahead inc hosp","mean",NA,363,"COVID-19"
"DE-NW","00+",2023-04-20,2023-04-04,"-16 day ahead inc hosp","mean",NA,1173,"COVID-19"
"DE-RP","00+",2023-04-20,2023-04-04,"-16 day ahead inc hosp","mean",NA,270,"COVID-19"
"DE-SH","00+",2023-04-20,2023-04-04,"-16 day ahead inc hosp","mean",NA,223,"COVID-19"
"DE-SL","00+",2023-04-20,2023-04-04,"-16 day ahead inc hosp","mean",NA,43,"COVID-19"
"DE-SN","00+",2023-04-20,2023-04-04,"-16 day ahead inc hosp","mean",NA,334,"COVID-19"
"DE-ST","00+",2023-04-20,2023-04-04,"-16 day ahead inc hosp","mean",NA,169,"COVID-19"
"DE-TH","00+",2023-04-20,2023-04-04,"-16 day ahead inc hosp","mean",NA,188,"COVID-19"
"DE","00-04",2023-04-20,2023-04-04,"-16 day ahead inc hosp","quantile",0.025,112,"COVID-19"
"DE","00+",2023-04-20,2023-04-04,"-16 day ahead inc hosp","quantile",0.025,5214,"COVID-19"
"DE","05-14",2023-04-20,2023-04-04,"-16 day ahead inc hosp","quantile",0.025,31,"COVID-19"
"DE","15-34",2023-04-20,2023-04-04,"-16 day ahead inc hosp","quantile",0.025,218,"COVID-19"
"DE","35-59",2023-04-20,2023-04-04,"-16 day ahead inc hosp","quantile",0.025,603,"COVID-19"
"DE","60-79",2023-04-20,2023-04-04,"-16 day ahead inc hosp","quantile",0.025,1900,"COVID-19"
"DE","80+",2023-04-20,2023-04-04,"-16 day ahead inc hosp","quantile",0.025,2342,"COVID-19"
"DE-BB","00+",2023-04-20,2023-04-04,"-16 day ahead inc hosp","quantile",0.025,268,"COVID-19"
"DE-BE","00+",2023-04-20,2023-04-04,"-16 day ahead inc hosp","quantile",0.025,344,"COVID-19"
"DE-BW","00+",2023-04-20,2023-04-04,"-16 day ahead inc hosp","quantile",0.025,274,"COVID-19"
"DE-BY","00+",2023-04-20,2023-04-04,"-16 day ahead inc hosp","quantile",0.025,860,"COVID-19"
"DE-HB","00+",2023-04-20,2023-04-04,"-16 day ahead inc hosp","quantile",0.025,24,"COVID-19"
"DE-HE","00+",2023-04-20,2023-04-04,"-16 day ahead inc hosp","quantile",0.025,349,"COVID-19"
"DE-HH","00+",2023-04-20,2023-04-04,"-16 day ahead inc hosp","quantile",0.025,149,"COVID-19"
"DE-MV","00+",2023-04-20,2023-04-04,"-16 day ahead inc hosp","quantile",0.025,211,"COVID-19"
"DE-NI","00+",2023-04-20,2023-04-04,"-16 day ahead inc hosp","quantile",0.025,354,"COVID-19"
"DE-NW","00+",2023-04-20,2023-04-04,"-16 day ahead inc hosp","quantile",0.025,1160,"COVID-19"
"DE-RP","00+",2023-04-20,2023-04-04,"-16 day ahead inc hosp","quantile",0.025,261,"COVID-19"
"DE-SH","00+",2023-04-20,2023-04-04,"-16 day ahead inc hosp","quantile",0.025,217,"COVID-19"
"DE-SL","00+",2023-04-20,2023-04-04,"-16 day ahead inc hosp","quantile",0.025,43,"COVID-19"
"DE-SN","00+",2023-04-20,2023-04-04,"-16 day ahead inc hosp","quantile",0.025,326,"COVID-19"
"DE-ST","00+",2023-04-20,2023-04-04,"-16 day ahead inc hosp","quantile",0.025,166,"COVID-19"
"DE-TH","00+",2023-04-20,2023-04-04,"-16 day ahead inc hosp","quantile",0.025,185,"COVID-19"
"DE","00-04",2023-04-20,2023-04-04,"-16 day ahead inc hosp","quantile",0.1,112,"COVID-19"
"DE","00+",2023-04-20,2023-04-04,"-16 day ahead inc hosp","quantile",0.1,5232,"COVID-19"
"DE","05-14",2023-04-20,2023-04-04,"-16 day ahead inc hosp","quantile",0.1,31,"COVID-19"
"DE","15-34",2023-04-20,2023-04-04,"-16 day ahead inc hosp","quantile",0.1,219,"COVID-19"
"DE","35-59",2023-04-20,2023-04-04,"-16 day ahead inc hosp","quantile",0.1,605,"COVID-19"
"DE","60-79",2023-04-20,2023-04-04,"-16 day ahead inc hosp","quantile",0.1,1907,"COVID-19"
"DE","80+",2023-04-20,2023-04-04,"-16 day ahead inc hosp","quantile",0.1,2350,"COVID-19"
"DE-BB","00+",2023-04-20,2023-04-04,"-16 day ahead inc hosp","quantile",0.1,269,"COVID-19"
"DE-BE","00+",2023-04-20,2023-04-04,"-16 day ahead inc hosp","quantile",0.1,344,"COVID-19"
"DE-BW","00+",2023-04-20,2023-04-04,"-16 day ahead inc hosp","quantile",0.1,276,"COVID-19"
"DE-BY","00+",2023-04-20,2023-04-04,"-16 day ahead inc hosp","quantile",0.1,863,"COVID-19"
"DE-HB","00+",2023-04-20,2023-04-04,"-16 day ahead inc hosp","quantile",0.1,24,"COVID-19"
"DE-HE","00+",2023-04-20,2023-04-04,"-16 day ahead inc hosp","quantile",0.1,351,"COVID-19"
"DE-HH","00+",2023-04-20,2023-04-04,"-16 day ahead inc hosp","quantile",0.1,150,"COVID-19"
"DE-MV","00+",2023-04-20,2023-04-04,"-16 day ahead inc hosp","quantile",0.1,212,"COVID-19"
"DE-NI","00+",2023-04-20,2023-04-04,"-16 day ahead inc hosp","quantile",0.1,356,"COVID-19"
"DE-NW","00+",2023-04-20,2023-04-04,"-16 day ahead inc hosp","quantile",0.1,1162,"COVID-19"
"DE-RP","00+",2023-04-20,2023-04-04,"-16 day ahead inc hosp","quantile",0.1,263,"COVID-19"
"DE-SH","00+",2023-04-20,2023-04-04,"-16 day ahead inc hosp","quantile",0.1,218,"COVID-19"
"DE-SL","00+",2023-04-20,2023-04-04,"-16 day ahead inc hosp","quantile",0.1,43,"COVID-19"
"DE-SN","00+",2023-04-20,2023-04-04,"-16 day ahead inc hosp","quantile",0.1,328,"COVID-19"
"DE-ST","00+",2023-04-20,2023-04-04,"-16 day ahead inc hosp","quantile",0.1,166,"COVID-19"
"DE-TH","00+",2023-04-20,2023-04-04,"-16 day ahead inc hosp","quantile",0.1,185,"COVID-19"
"DE","00-04",2023-04-20,2023-04-04,"-16 day ahead inc hosp","quantile",0.25,113,"COVID-19"
"DE","00+",2023-04-20,2023-04-04,"-16 day ahead inc hosp","quantile",0.25,5251,"COVID-19"
"DE","05-14",2023-04-20,2023-04-04,"-16 day ahead inc hosp","quantile",0.25,31,"COVID-19"
"DE","15-34",2023-04-20,2023-04-04,"-16 day ahead inc hosp","quantile",0.25,220,"COVID-19"
"DE","35-59",2023-04-20,2023-04-04,"-16 day ahead inc hosp","quantile",0.25,608,"COVID-19"
"DE","60-79",2023-04-20,2023-04-04,"-16 day ahead inc hosp","quantile",0.25,1914,"COVID-19"
"DE","80+",2023-04-20,2023-04-04,"-16 day ahead inc hosp","quantile",0.25,2360,"COVID-19"
"DE-BB","00+",2023-04-20,2023-04-04,"-16 day ahead inc hosp","quantile",0.25,272,"COVID-19"
"DE-BE","00+",2023-04-20,2023-04-04,"-16 day ahead inc hosp","quantile",0.25,346,"COVID-19"
"DE-BW","00+",2023-04-20,2023-04-04,"-16 day ahead inc hosp","quantile",0.25,277,"COVID-19"
"DE-BY","00+",2023-04-20,2023-04-04,"-16 day ahead inc hosp","quantile",0.25,866,"COVID-19"
"DE-HB","00+",2023-04-20,2023-04-04,"-16 day ahead inc hosp","quantile",0.25,24,"COVID-19"
"DE-HE","00+",2023-04-20,2023-04-04,"-16 day ahead inc hosp","quantile",0.25,353,"COVID-19"
"DE-HH","00+",2023-04-20,2023-04-04,"-16 day ahead inc hosp","quantile",0.25,152,"COVID-19"
"DE-MV","00+",2023-04-20,2023-04-04,"-16 day ahead inc hosp","quantile",0.25,212,"COVID-19"
"DE-NI","00+",2023-04-20,2023-04-04,"-16 day ahead inc hosp","quantile",0.25,359,"COVID-19"
"DE-NW","00+",2023-04-20,2023-04-04,"-16 day ahead inc hosp","quantile",0.25,1167,"COVID-19"
"DE-RP","00+",2023-04-20,2023-04-04,"-16 day ahead inc hosp","quantile",0.25,265,"COVID-19"
"DE-SH","00+",2023-04-20,2023-04-04,"-16 day ahead inc hosp","quantile",0.25,220,"COVID-19"
"DE-SL","00+",2023-04-20,2023-04-04,"-16 day ahead inc hosp","quantile",0.25,43,"COVID-19"
"DE-SN","00+",2023-04-20,2023-04-04,"-16 day ahead inc hosp","quantile",0.25,329,"COVID-19"
"DE-ST","00+",2023-04-20,2023-04-04,"-16 day ahead inc hosp","quantile",0.25,167,"COVID-19"
"DE-TH","00+",2023-04-20,2023-04-04,"-16 day ahead inc hosp","quantile",0.25,187,"COVID-19"
"DE","00-04",2023-04-20,2023-04-04,"-16 day ahead inc hosp","quantile",0.5,114,"COVID-19"
"DE","00+",2023-04-20,2023-04-04,"-16 day ahead inc hosp","quantile",0.5,5277,"COVID-19"
"DE","05-14",2023-04-20,2023-04-04,"-16 day ahead inc hosp","quantile",0.5,32,"COVID-19"
"DE","15-34",2023-04-20,2023-04-04,"-16 day ahead inc hosp","quantile",0.5,221,"COVID-19"
"DE","35-59",2023-04-20,2023-04-04,"-16 day ahead inc hosp","quantile",0.5,612,"COVID-19"
"DE","60-79",2023-04-20,2023-04-04,"-16 day ahead inc hosp","quantile",0.5,1924,"COVID-19"
"DE","80+",2023-04-20,2023-04-04,"-16 day ahead inc hosp","quantile",0.5,2372,"COVID-19"
"DE-BB","00+",2023-04-20,2023-04-04,"-16 day ahead inc hosp","quantile",0.5,275,"COVID-19"
"DE-BE","00+",2023-04-20,2023-04-04,"-16 day ahead inc hosp","quantile",0.5,350,"COVID-19"
"DE-BW","00+",2023-04-20,2023-04-04,"-16 day ahead inc hosp","quantile",0.5,279,"COVID-19"
"DE-BY","00+",2023-04-20,2023-04-04,"-16 day ahead inc hosp","quantile",0.5,871,"COVID-19"
"DE-HB","00+",2023-04-20,2023-04-04,"-16 day ahead inc hosp","quantile",0.5,25,"COVID-19"
"DE-HE","00+",2023-04-20,2023-04-04,"-16 day ahead inc hosp","quantile",0.5,356,"COVID-19"
"DE-HH","00+",2023-04-20,2023-04-04,"-16 day ahead inc hosp","quantile",0.5,155,"COVID-19"
"DE-MV","00+",2023-04-20,2023-04-04,"-16 day ahead inc hosp","quantile",0.5,214,"COVID-19"
"DE-NI","00+",2023-04-20,2023-04-04,"-16 day ahead inc hosp","quantile",0.5,362,"COVID-19"
"DE-NW","00+",2023-04-20,2023-04-04,"-16 day ahead inc hosp","quantile",0.5,1172,"COVID-19"
"DE-RP","00+",2023-04-20,2023-04-04,"-16 day ahead inc hosp","quantile",0.5,269,"COVID-19"
"DE-SH","00+",2023-04-20,2023-04-04,"-16 day ahead inc hosp","quantile",0.5,222,"COVID-19"
"DE-SL","00+",2023-04-20,2023-04-04,"-16 day ahead inc hosp","quantile",0.5,43,"COVID-19"
"DE-SN","00+",2023-04-20,2023-04-04,"-16 day ahead inc hosp","quantile",0.5,332,"COVID-19"
"DE-ST","00+",2023-04-20,2023-04-04,"-16 day ahead inc hosp","quantile",0.5,168,"COVID-19"
"DE-TH","00+",2023-04-20,2023-04-04,"-16 day ahead inc hosp","quantile",0.5,188,"COVID-19"
"DE","00-04",2023-04-20,2023-04-04,"-16 day ahead inc hosp","quantile",0.75,116,"COVID-19"
"DE","00+",2023-04-20,2023-04-04,"-16 day ahead inc hosp","quantile",0.75,5307,"COVID-19"
"DE","05-14",2023-04-20,2023-04-04,"-16 day ahead inc hosp","quantile",0.75,32,"COVID-19"
"DE","15-34",2023-04-20,2023-04-04,"-16 day ahead inc hosp","quantile",0.75,225,"COVID-19"
"DE","35-59",2023-04-20,2023-04-04,"-16 day ahead inc hosp","quantile",0.75,617,"COVID-19"
"DE","60-79",2023-04-20,2023-04-04,"-16 day ahead inc hosp","quantile",0.75,1936,"COVID-19"
"DE","80+",2023-04-20,2023-04-04,"-16 day ahead inc hosp","quantile",0.75,2387,"COVID-19"
"DE-BB","00+",2023-04-20,2023-04-04,"-16 day ahead inc hosp","quantile",0.75,280,"COVID-19"
"DE-BE","00+",2023-04-20,2023-04-04,"-16 day ahead inc hosp","quantile",0.75,357,"COVID-19"
"DE-BW","00+",2023-04-20,2023-04-04,"-16 day ahead inc hosp","quantile",0.75,282,"COVID-19"
"DE-BY","00+",2023-04-20,2023-04-04,"-16 day ahead inc hosp","quantile",0.75,876,"COVID-19"
"DE-HB","00+",2023-04-20,2023-04-04,"-16 day ahead inc hosp","quantile",0.75,27,"COVID-19"
"DE-HE","00+",2023-04-20,2023-04-04,"-16 day ahead inc hosp","quantile",0.75,361,"COVID-19"
"DE-HH","00+",2023-04-20,2023-04-04,"-16 day ahead inc hosp","quantile",0.75,160,"COVID-19"
"DE-MV","00+",2023-04-20,2023-04-04,"-16 day ahead inc hosp","quantile",0.75,216,"COVID-19"
"DE-NI","00+",2023-04-20,2023-04-04,"-16 day ahead inc hosp","quantile",0.75,368,"COVID-19"
"DE-NW","00+",2023-04-20,2023-04-04,"-16 day ahead inc hosp","quantile",0.75,1181,"COVID-19"
"DE-RP","00+",2023-04-20,2023-04-04,"-16 day ahead inc hosp","quantile",0.75,274,"COVID-19"
"DE-SH","00+",2023-04-20,2023-04-04,"-16 day ahead inc hosp","quantile",0.75,225,"COVID-19"
"DE-SL","00+",2023-04-20,2023-04-04,"-16 day ahead inc hosp","quantile",0.75,44,"COVID-19"
"DE-SN","00+",2023-04-20,2023-04-04,"-16 day ahead inc hosp","quantile",0.75,337,"COVID-19"
"DE-ST","00+",2023-04-20,2023-04-04,"-16 day ahead inc hosp","quantile",0.75,170,"COVID-19"
"DE-TH","00+",2023-04-20,2023-04-04,"-16 day ahead inc hosp","quantile",0.75,189,"COVID-19"
"DE","00-04",2023-04-20,2023-04-04,"-16 day ahead inc hosp","quantile",0.9,118,"COVID-19"
"DE","00+",2023-04-20,2023-04-04,"-16 day ahead inc hosp","quantile",0.9,5339,"COVID-19"
"DE","05-14",2023-04-20,2023-04-04,"-16 day ahead inc hosp","quantile",0.9,33,"COVID-19"
"DE","15-34",2023-04-20,2023-04-04,"-16 day ahead inc hosp","quantile",0.9,227,"COVID-19"
"DE","35-59",2023-04-20,2023-04-04,"-16 day ahead inc hosp","quantile",0.9,622,"COVID-19"
"DE","60-79",2023-04-20,2023-04-04,"-16 day ahead inc hosp","quantile",0.9,1948,"COVID-19"
"DE","80+",2023-04-20,2023-04-04,"-16 day ahead inc hosp","quantile",0.9,2403,"COVID-19"
"DE-BB","00+",2023-04-20,2023-04-04,"-16 day ahead inc hosp","quantile",0.9,286,"COVID-19"
"DE-BE","00+",2023-04-20,2023-04-04,"-16 day ahead inc hosp","quantile",0.9,366,"COVID-19"
"DE-BW","00+",2023-04-20,2023-04-04,"-16 day ahead inc hosp","quantile",0.9,284,"COVID-19"
"DE-BY","00+",2023-04-20,2023-04-04,"-16 day ahead inc hosp","quantile",0.9,882,"COVID-19"
"DE-HB","00+",2023-04-20,2023-04-04,"-16 day ahead inc hosp","quantile",0.9,29,"COVID-19"
"DE-HE","00+",2023-04-20,2023-04-04,"-16 day ahead inc hosp","quantile",0.9,365,"COVID-19"
"DE-HH","00+",2023-04-20,2023-04-04,"-16 day ahead inc hosp","quantile",0.9,166,"COVID-19"
"DE-MV","00+",2023-04-20,2023-04-04,"-16 day ahead inc hosp","quantile",0.9,218,"COVID-19"
"DE-NI","00+",2023-04-20,2023-04-04,"-16 day ahead inc hosp","quantile",0.9,370,"COVID-19"
"DE-NW","00+",2023-04-20,2023-04-04,"-16 day ahead inc hosp","quantile",0.9,1186,"COVID-19"
"DE-RP","00+",2023-04-20,2023-04-04,"-16 day ahead inc hosp","quantile",0.9,279,"COVID-19"
"DE-SH","00+",2023-04-20,2023-04-04,"-16 day ahead inc hosp","quantile",0.9,228,"COVID-19"
"DE-SL","00+",2023-04-20,2023-04-04,"-16 day ahead inc hosp","quantile",0.9,45,"COVID-19"
"DE-SN","00+",2023-04-20,2023-04-04,"-16 day ahead inc hosp","quantile",0.9,341,"COVID-19"
"DE-ST","00+",2023-04-20,2023-04-04,"-16 day ahead inc hosp","quantile",0.9,172,"COVID-19"
"DE-TH","00+",2023-04-20,2023-04-04,"-16 day ahead inc hosp","quantile",0.9,191,"COVID-19"
"DE","00-04",2023-04-20,2023-04-04,"-16 day ahead inc hosp","quantile",0.975,122,"COVID-19"
"DE","00+",2023-04-20,2023-04-04,"-16 day ahead inc hosp","quantile",0.975,5374,"COVID-19"
"DE","05-14",2023-04-20,2023-04-04,"-16 day ahead inc hosp","quantile",0.975,34,"COVID-19"
"DE","15-34",2023-04-20,2023-04-04,"-16 day ahead inc hosp","quantile",0.975,230,"COVID-19"
"DE","35-59",2023-04-20,2023-04-04,"-16 day ahead inc hosp","quantile",0.975,628,"COVID-19"
"DE","60-79",2023-04-20,2023-04-04,"-16 day ahead inc hosp","quantile",0.975,1961,"COVID-19"
"DE","80+",2023-04-20,2023-04-04,"-16 day ahead inc hosp","quantile",0.975,2422,"COVID-19"
"DE-BB","00+",2023-04-20,2023-04-04,"-16 day ahead inc hosp","quantile",0.975,290,"COVID-19"
"DE-BE","00+",2023-04-20,2023-04-04,"-16 day ahead inc hosp","quantile",0.975,371,"COVID-19"
"DE-BW","00+",2023-04-20,2023-04-04,"-16 day ahead inc hosp","quantile",0.975,287,"COVID-19"
"DE-BY","00+",2023-04-20,2023-04-04,"-16 day ahead inc hosp","quantile",0.975,888,"COVID-19"
"DE-HB","00+",2023-04-20,2023-04-04,"-16 day ahead inc hosp","quantile",0.975,30,"COVID-19"
"DE-HE","00+",2023-04-20,2023-04-04,"-16 day ahead inc hosp","quantile",0.975,370,"COVID-19"
"DE-HH","00+",2023-04-20,2023-04-04,"-16 day ahead inc hosp","quantile",0.975,169,"COVID-19"
"DE-MV","00+",2023-04-20,2023-04-04,"-16 day ahead inc hosp","quantile",0.975,221,"COVID-19"
"DE-NI","00+",2023-04-20,2023-04-04,"-16 day ahead inc hosp","quantile",0.975,376,"COVID-19"
"DE-NW","00+",2023-04-20,2023-04-04,"-16 day ahead inc hosp","quantile",0.975,1196,"COVID-19"
"DE-RP","00+",2023-04-20,2023-04-04,"-16 day ahead inc hosp","quantile",0.975,287,"COVID-19"
"DE-SH","00+",2023-04-20,2023-04-04,"-16 day ahead inc hosp","quantile",0.975,231,"COVID-19"
"DE-SL","00+",2023-04-20,2023-04-04,"-16 day ahead inc hosp","quantile",0.975,47,"COVID-19"
"DE-SN","00+",2023-04-20,2023-04-04,"-16 day ahead inc hosp","quantile",0.975,347,"COVID-19"
"DE-ST","00+",2023-04-20,2023-04-04,"-16 day ahead inc hosp","quantile",0.975,174,"COVID-19"
"DE-TH","00+",2023-04-20,2023-04-04,"-16 day ahead inc hosp","quantile",0.975,193,"COVID-19"
"DE","00-04",2023-04-20,2023-04-05,"-15 day ahead inc hosp","mean",NA,116,"COVID-19"
"DE","00+",2023-04-20,2023-04-05,"-15 day ahead inc hosp","mean",NA,5137,"COVID-19"
"DE","05-14",2023-04-20,2023-04-05,"-15 day ahead inc hosp","mean",NA,33,"COVID-19"
"DE","15-34",2023-04-20,2023-04-05,"-15 day ahead inc hosp","mean",NA,226,"COVID-19"
"DE","35-59",2023-04-20,2023-04-05,"-15 day ahead inc hosp","mean",NA,609,"COVID-19"
"DE","60-79",2023-04-20,2023-04-05,"-15 day ahead inc hosp","mean",NA,1865,"COVID-19"
"DE","80+",2023-04-20,2023-04-05,"-15 day ahead inc hosp","mean",NA,2285,"COVID-19"
"DE-BB","00+",2023-04-20,2023-04-05,"-15 day ahead inc hosp","mean",NA,278,"COVID-19"
"DE-BE","00+",2023-04-20,2023-04-05,"-15 day ahead inc hosp","mean",NA,353,"COVID-19"
"DE-BW","00+",2023-04-20,2023-04-05,"-15 day ahead inc hosp","mean",NA,264,"COVID-19"
"DE-BY","00+",2023-04-20,2023-04-05,"-15 day ahead inc hosp","mean",NA,848,"COVID-19"
"DE-HB","00+",2023-04-20,2023-04-05,"-15 day ahead inc hosp","mean",NA,30,"COVID-19"
"DE-HE","00+",2023-04-20,2023-04-05,"-15 day ahead inc hosp","mean",NA,356,"COVID-19"
"DE-HH","00+",2023-04-20,2023-04-05,"-15 day ahead inc hosp","mean",NA,142,"COVID-19"
"DE-MV","00+",2023-04-20,2023-04-05,"-15 day ahead inc hosp","mean",NA,224,"COVID-19"
"DE-NI","00+",2023-04-20,2023-04-05,"-15 day ahead inc hosp","mean",NA,360,"COVID-19"
"DE-NW","00+",2023-04-20,2023-04-05,"-15 day ahead inc hosp","mean",NA,1137,"COVID-19"
"DE-RP","00+",2023-04-20,2023-04-05,"-15 day ahead inc hosp","mean",NA,227,"COVID-19"
"DE-SH","00+",2023-04-20,2023-04-05,"-15 day ahead inc hosp","mean",NA,215,"COVID-19"
"DE-SL","00+",2023-04-20,2023-04-05,"-15 day ahead inc hosp","mean",NA,48,"COVID-19"
"DE-SN","00+",2023-04-20,2023-04-05,"-15 day ahead inc hosp","mean",NA,326,"COVID-19"
"DE-ST","00+",2023-04-20,2023-04-05,"-15 day ahead inc hosp","mean",NA,155,"COVID-19"
"DE-TH","00+",2023-04-20,2023-04-05,"-15 day ahead inc hosp","mean",NA,185,"COVID-19"
"DE","00-04",2023-04-20,2023-04-05,"-15 day ahead inc hosp","quantile",0.025,113,"COVID-19"
"DE","00+",2023-04-20,2023-04-05,"-15 day ahead inc hosp","quantile",0.025,5064,"COVID-19"
"DE","05-14",2023-04-20,2023-04-05,"-15 day ahead inc hosp","quantile",0.025,32,"COVID-19"
"DE","15-34",2023-04-20,2023-04-05,"-15 day ahead inc hosp","quantile",0.025,221,"COVID-19"
"DE","35-59",2023-04-20,2023-04-05,"-15 day ahead inc hosp","quantile",0.025,598,"COVID-19"
"DE","60-79",2023-04-20,2023-04-05,"-15 day ahead inc hosp","quantile",0.025,1838,"COVID-19"
"DE","80+",2023-04-20,2023-04-05,"-15 day ahead inc hosp","quantile",0.025,2250,"COVID-19"
"DE-BB","00+",2023-04-20,2023-04-05,"-15 day ahead inc hosp","quantile",0.025,269,"COVID-19"
"DE-BE","00+",2023-04-20,2023-04-05,"-15 day ahead inc hosp","quantile",0.025,343,"COVID-19"
"DE-BW","00+",2023-04-20,2023-04-05,"-15 day ahead inc hosp","quantile",0.025,258,"COVID-19"
"DE-BY","00+",2023-04-20,2023-04-05,"-15 day ahead inc hosp","quantile",0.025,836,"COVID-19"
"DE-HB","00+",2023-04-20,2023-04-05,"-15 day ahead inc hosp","quantile",0.025,28,"COVID-19"
"DE-HE","00+",2023-04-20,2023-04-05,"-15 day ahead inc hosp","quantile",0.025,347,"COVID-19"
"DE-HH","00+",2023-04-20,2023-04-05,"-15 day ahead inc hosp","quantile",0.025,136,"COVID-19"
"DE-MV","00+",2023-04-20,2023-04-05,"-15 day ahead inc hosp","quantile",0.025,220,"COVID-19"
"DE-NI","00+",2023-04-20,2023-04-05,"-15 day ahead inc hosp","quantile",0.025,351,"COVID-19"
"DE-NW","00+",2023-04-20,2023-04-05,"-15 day ahead inc hosp","quantile",0.025,1122,"COVID-19"
"DE-RP","00+",2023-04-20,2023-04-05,"-15 day ahead inc hosp","quantile",0.025,218,"COVID-19"
"DE-SH","00+",2023-04-20,2023-04-05,"-15 day ahead inc hosp","quantile",0.025,209,"COVID-19"
"DE-SL","00+",2023-04-20,2023-04-05,"-15 day ahead inc hosp","quantile",0.025,47,"COVID-19"
"DE-SN","00+",2023-04-20,2023-04-05,"-15 day ahead inc hosp","quantile",0.025,318,"COVID-19"
"DE-ST","00+",2023-04-20,2023-04-05,"-15 day ahead inc hosp","quantile",0.025,152,"COVID-19"
"DE-TH","00+",2023-04-20,2023-04-05,"-15 day ahead inc hosp","quantile",0.025,182,"COVID-19"
"DE","00-04",2023-04-20,2023-04-05,"-15 day ahead inc hosp","quantile",0.1,113,"COVID-19"
"DE","00+",2023-04-20,2023-04-05,"-15 day ahead inc hosp","quantile",0.1,5083,"COVID-19"
"DE","05-14",2023-04-20,2023-04-05,"-15 day ahead inc hosp","quantile",0.1,32,"COVID-19"
"DE","15-34",2023-04-20,2023-04-05,"-15 day ahead inc hosp","quantile",0.1,222,"COVID-19"
"DE","35-59",2023-04-20,2023-04-05,"-15 day ahead inc hosp","quantile",0.1,600,"COVID-19"
"DE","60-79",2023-04-20,2023-04-05,"-15 day ahead inc hosp","quantile",0.1,1845,"COVID-19"
"DE","80+",2023-04-20,2023-04-05,"-15 day ahead inc hosp","quantile",0.1,2259,"COVID-19"
"DE-BB","00+",2023-04-20,2023-04-05,"-15 day ahead inc hosp","quantile",0.1,271,"COVID-19"
"DE-BE","00+",2023-04-20,2023-04-05,"-15 day ahead inc hosp","quantile",0.1,344,"COVID-19"
"DE-BW","00+",2023-04-20,2023-04-05,"-15 day ahead inc hosp","quantile",0.1,259,"COVID-19"
"DE-BY","00+",2023-04-20,2023-04-05,"-15 day ahead inc hosp","quantile",0.1,840,"COVID-19"
"DE-HB","00+",2023-04-20,2023-04-05,"-15 day ahead inc hosp","quantile",0.1,28,"COVID-19"
"DE-HE","00+",2023-04-20,2023-04-05,"-15 day ahead inc hosp","quantile",0.1,349,"COVID-19"
"DE-HH","00+",2023-04-20,2023-04-05,"-15 day ahead inc hosp","quantile",0.1,137,"COVID-19"
"DE-MV","00+",2023-04-20,2023-04-05,"-15 day ahead inc hosp","quantile",0.1,221,"COVID-19"
"DE-NI","00+",2023-04-20,2023-04-05,"-15 day ahead inc hosp","quantile",0.1,353,"COVID-19"
"DE-NW","00+",2023-04-20,2023-04-05,"-15 day ahead inc hosp","quantile",0.1,1126,"COVID-19"
"DE-RP","00+",2023-04-20,2023-04-05,"-15 day ahead inc hosp","quantile",0.1,220,"COVID-19"
"DE-SH","00+",2023-04-20,2023-04-05,"-15 day ahead inc hosp","quantile",0.1,211,"COVID-19"
"DE-SL","00+",2023-04-20,2023-04-05,"-15 day ahead inc hosp","quantile",0.1,47,"COVID-19"
"DE-SN","00+",2023-04-20,2023-04-05,"-15 day ahead inc hosp","quantile",0.1,319,"COVID-19"
"DE-ST","00+",2023-04-20,2023-04-05,"-15 day ahead inc hosp","quantile",0.1,153,"COVID-19"
"DE-TH","00+",2023-04-20,2023-04-05,"-15 day ahead inc hosp","quantile",0.1,183,"COVID-19"
"DE","00-04",2023-04-20,2023-04-05,"-15 day ahead inc hosp","quantile",0.25,114,"COVID-19"
"DE","00+",2023-04-20,2023-04-05,"-15 day ahead inc hosp","quantile",0.25,5104,"COVID-19"
"DE","05-14",2023-04-20,2023-04-05,"-15 day ahead inc hosp","quantile",0.25,32,"COVID-19"
"DE","15-34",2023-04-20,2023-04-05,"-15 day ahead inc hosp","quantile",0.25,223,"COVID-19"
"DE","35-59",2023-04-20,2023-04-05,"-15 day ahead inc hosp","quantile",0.25,603,"COVID-19"
"DE","60-79",2023-04-20,2023-04-05,"-15 day ahead inc hosp","quantile",0.25,1853,"COVID-19"
"DE","80+",2023-04-20,2023-04-05,"-15 day ahead inc hosp","quantile",0.25,2269,"COVID-19"
"DE-BB","00+",2023-04-20,2023-04-05,"-15 day ahead inc hosp","quantile",0.25,273,"COVID-19"
"DE-BE","00+",2023-04-20,2023-04-05,"-15 day ahead inc hosp","quantile",0.25,346,"COVID-19"
"DE-BW","00+",2023-04-20,2023-04-05,"-15 day ahead inc hosp","quantile",0.25,261,"COVID-19"
"DE-BY","00+",2023-04-20,2023-04-05,"-15 day ahead inc hosp","quantile",0.25,843,"COVID-19"
"DE-HB","00+",2023-04-20,2023-04-05,"-15 day ahead inc hosp","quantile",0.25,28,"COVID-19"
"DE-HE","00+",2023-04-20,2023-04-05,"-15 day ahead inc hosp","quantile",0.25,351,"COVID-19"
"DE-HH","00+",2023-04-20,2023-04-05,"-15 day ahead inc hosp","quantile",0.25,140,"COVID-19"
"DE-MV","00+",2023-04-20,2023-04-05,"-15 day ahead inc hosp","quantile",0.25,222,"COVID-19"
"DE-NI","00+",2023-04-20,2023-04-05,"-15 day ahead inc hosp","quantile",0.25,356,"COVID-19"
"DE-NW","00+",2023-04-20,2023-04-05,"-15 day ahead inc hosp","quantile",0.25,1130,"COVID-19"
"DE-RP","00+",2023-04-20,2023-04-05,"-15 day ahead inc hosp","quantile",0.25,222,"COVID-19"
"DE-SH","00+",2023-04-20,2023-04-05,"-15 day ahead inc hosp","quantile",0.25,213,"COVID-19"
"DE-SL","00+",2023-04-20,2023-04-05,"-15 day ahead inc hosp","quantile",0.25,47,"COVID-19"
"DE-SN","00+",2023-04-20,2023-04-05,"-15 day ahead inc hosp","quantile",0.25,321,"COVID-19"
"DE-ST","00+",2023-04-20,2023-04-05,"-15 day ahead inc hosp","quantile",0.25,154,"COVID-19"
"DE-TH","00+",2023-04-20,2023-04-05,"-15 day ahead inc hosp","quantile",0.25,184,"COVID-19"
"DE","00-04",2023-04-20,2023-04-05,"-15 day ahead inc hosp","quantile",0.5,116,"COVID-19"
"DE","00+",2023-04-20,2023-04-05,"-15 day ahead inc hosp","quantile",0.5,5131,"COVID-19"
"DE","05-14",2023-04-20,2023-04-05,"-15 day ahead inc hosp","quantile",0.5,32,"COVID-19"
"DE","15-34",2023-04-20,2023-04-05,"-15 day ahead inc hosp","quantile",0.5,225,"COVID-19"
"DE","35-59",2023-04-20,2023-04-05,"-15 day ahead inc hosp","quantile",0.5,607,"COVID-19"
"DE","60-79",2023-04-20,2023-04-05,"-15 day ahead inc hosp","quantile",0.5,1863,"COVID-19"
"DE","80+",2023-04-20,2023-04-05,"-15 day ahead inc hosp","quantile",0.5,2282,"COVID-19"
"DE-BB","00+",2023-04-20,2023-04-05,"-15 day ahead inc hosp","quantile",0.5,276,"COVID-19"
"DE-BE","00+",2023-04-20,2023-04-05,"-15 day ahead inc hosp","quantile",0.5,350,"COVID-19"
"DE-BW","00+",2023-04-20,2023-04-05,"-15 day ahead inc hosp","quantile",0.5,263,"COVID-19"
"DE-BY","00+",2023-04-20,2023-04-05,"-15 day ahead inc hosp","quantile",0.5,847,"COVID-19"
"DE-HB","00+",2023-04-20,2023-04-05,"-15 day ahead inc hosp","quantile",0.5,29,"COVID-19"
"DE-HE","00+",2023-04-20,2023-04-05,"-15 day ahead inc hosp","quantile",0.5,355,"COVID-19"
"DE-HH","00+",2023-04-20,2023-04-05,"-15 day ahead inc hosp","quantile",0.5,143,"COVID-19"
"DE-MV","00+",2023-04-20,2023-04-05,"-15 day ahead inc hosp","quantile",0.5,224,"COVID-19"
"DE-NI","00+",2023-04-20,2023-04-05,"-15 day ahead inc hosp","quantile",0.5,360,"COVID-19"
"DE-NW","00+",2023-04-20,2023-04-05,"-15 day ahead inc hosp","quantile",0.5,1136,"COVID-19"
"DE-RP","00+",2023-04-20,2023-04-05,"-15 day ahead inc hosp","quantile",0.5,225,"COVID-19"
"DE-SH","00+",2023-04-20,2023-04-05,"-15 day ahead inc hosp","quantile",0.5,215,"COVID-19"
"DE-SL","00+",2023-04-20,2023-04-05,"-15 day ahead inc hosp","quantile",0.5,47,"COVID-19"
"DE-SN","00+",2023-04-20,2023-04-05,"-15 day ahead inc hosp","quantile",0.5,325,"COVID-19"
"DE-ST","00+",2023-04-20,2023-04-05,"-15 day ahead inc hosp","quantile",0.5,154,"COVID-19"
"DE-TH","00+",2023-04-20,2023-04-05,"-15 day ahead inc hosp","quantile",0.5,185,"COVID-19"
"DE","00-04",2023-04-20,2023-04-05,"-15 day ahead inc hosp","quantile",0.75,118,"COVID-19"
"DE","00+",2023-04-20,2023-04-05,"-15 day ahead inc hosp","quantile",0.75,5163,"COVID-19"
"DE","05-14",2023-04-20,2023-04-05,"-15 day ahead inc hosp","quantile",0.75,33,"COVID-19"
"DE","15-34",2023-04-20,2023-04-05,"-15 day ahead inc hosp","quantile",0.75,229,"COVID-19"
"DE","35-59",2023-04-20,2023-04-05,"-15 day ahead inc hosp","quantile",0.75,613,"COVID-19"
"DE","60-79",2023-04-20,2023-04-05,"-15 day ahead inc hosp","quantile",0.75,1876,"COVID-19"
"DE","80+",2023-04-20,2023-04-05,"-15 day ahead inc hosp","quantile",0.75,2298,"COVID-19"
"DE-BB","00+",2023-04-20,2023-04-05,"-15 day ahead inc hosp","quantile",0.75,282,"COVID-19"
"DE-BE","00+",2023-04-20,2023-04-05,"-15 day ahead inc hosp","quantile",0.75,358,"COVID-19"
"DE-BW","00+",2023-04-20,2023-04-05,"-15 day ahead inc hosp","quantile",0.75,266,"COVID-19"
"DE-BY","00+",2023-04-20,2023-04-05,"-15 day ahead inc hosp","quantile",0.75,853,"COVID-19"
"DE-HB","00+",2023-04-20,2023-04-05,"-15 day ahead inc hosp","quantile",0.75,31,"COVID-19"
"DE-HE","00+",2023-04-20,2023-04-05,"-15 day ahead inc hosp","quantile",0.75,361,"COVID-19"
"DE-HH","00+",2023-04-20,2023-04-05,"-15 day ahead inc hosp","quantile",0.75,148,"COVID-19"
"DE-MV","00+",2023-04-20,2023-04-05,"-15 day ahead inc hosp","quantile",0.75,226,"COVID-19"
"DE-NI","00+",2023-04-20,2023-04-05,"-15 day ahead inc hosp","quantile",0.75,367,"COVID-19"
"DE-NW","00+",2023-04-20,2023-04-05,"-15 day ahead inc hosp","quantile",0.75,1144,"COVID-19"
"DE-RP","00+",2023-04-20,2023-04-05,"-15 day ahead inc hosp","quantile",0.75,230,"COVID-19"
"DE-SH","00+",2023-04-20,2023-04-05,"-15 day ahead inc hosp","quantile",0.75,218,"COVID-19"
"DE-SL","00+",2023-04-20,2023-04-05,"-15 day ahead inc hosp","quantile",0.75,48,"COVID-19"
"DE-SN","00+",2023-04-20,2023-04-05,"-15 day ahead inc hosp","quantile",0.75,329,"COVID-19"
"DE-ST","00+",2023-04-20,2023-04-05,"-15 day ahead inc hosp","quantile",0.75,156,"COVID-19"
"DE-TH","00+",2023-04-20,2023-04-05,"-15 day ahead inc hosp","quantile",0.75,187,"COVID-19"
"DE","00-04",2023-04-20,2023-04-05,"-15 day ahead inc hosp","quantile",0.9,120,"COVID-19"
"DE","00+",2023-04-20,2023-04-05,"-15 day ahead inc hosp","quantile",0.9,5197,"COVID-19"
"DE","05-14",2023-04-20,2023-04-05,"-15 day ahead inc hosp","quantile",0.9,34,"COVID-19"
"DE","15-34",2023-04-20,2023-04-05,"-15 day ahead inc hosp","quantile",0.9,231,"COVID-19"
"DE","35-59",2023-04-20,2023-04-05,"-15 day ahead inc hosp","quantile",0.9,619,"COVID-19"
"DE","60-79",2023-04-20,2023-04-05,"-15 day ahead inc hosp","quantile",0.9,1888,"COVID-19"
"DE","80+",2023-04-20,2023-04-05,"-15 day ahead inc hosp","quantile",0.9,2314,"COVID-19"
"DE-BB","00+",2023-04-20,2023-04-05,"-15 day ahead inc hosp","quantile",0.9,288,"COVID-19"
"DE-BE","00+",2023-04-20,2023-04-05,"-15 day ahead inc hosp","quantile",0.9,367,"COVID-19"
"DE-BW","00+",2023-04-20,2023-04-05,"-15 day ahead inc hosp","quantile",0.9,268,"COVID-19"
"DE-BY","00+",2023-04-20,2023-04-05,"-15 day ahead inc hosp","quantile",0.9,859,"COVID-19"
"DE-HB","00+",2023-04-20,2023-04-05,"-15 day ahead inc hosp","quantile",0.9,33,"COVID-19"
"DE-HE","00+",2023-04-20,2023-04-05,"-15 day ahead inc hosp","quantile",0.9,364,"COVID-19"
"DE-HH","00+",2023-04-20,2023-04-05,"-15 day ahead inc hosp","quantile",0.9,152,"COVID-19"
"DE-MV","00+",2023-04-20,2023-04-05,"-15 day ahead inc hosp","quantile",0.9,228,"COVID-19"
"DE-NI","00+",2023-04-20,2023-04-05,"-15 day ahead inc hosp","quantile",0.9,370,"COVID-19"
"DE-NW","00+",2023-04-20,2023-04-05,"-15 day ahead inc hosp","quantile",0.9,1151,"COVID-19"
"DE-RP","00+",2023-04-20,2023-04-05,"-15 day ahead inc hosp","quantile",0.9,235,"COVID-19"
"DE-SH","00+",2023-04-20,2023-04-05,"-15 day ahead inc hosp","quantile",0.9,221,"COVID-19"
"DE-SL","00+",2023-04-20,2023-04-05,"-15 day ahead inc hosp","quantile",0.9,50,"COVID-19"
"DE-SN","00+",2023-04-20,2023-04-05,"-15 day ahead inc hosp","quantile",0.9,333,"COVID-19"
"DE-ST","00+",2023-04-20,2023-04-05,"-15 day ahead inc hosp","quantile",0.9,158,"COVID-19"
"DE-TH","00+",2023-04-20,2023-04-05,"-15 day ahead inc hosp","quantile",0.9,189,"COVID-19"
"DE","00-04",2023-04-20,2023-04-05,"-15 day ahead inc hosp","quantile",0.975,123,"COVID-19"
"DE","00+",2023-04-20,2023-04-05,"-15 day ahead inc hosp","quantile",0.975,5227,"COVID-19"
"DE","05-14",2023-04-20,2023-04-05,"-15 day ahead inc hosp","quantile",0.975,35,"COVID-19"
"DE","15-34",2023-04-20,2023-04-05,"-15 day ahead inc hosp","quantile",0.975,234,"COVID-19"
"DE","35-59",2023-04-20,2023-04-05,"-15 day ahead inc hosp","quantile",0.975,623,"COVID-19"
"DE","60-79",2023-04-20,2023-04-05,"-15 day ahead inc hosp","quantile",0.975,1899,"COVID-19"
"DE","80+",2023-04-20,2023-04-05,"-15 day ahead inc hosp","quantile",0.975,2330,"COVID-19"
"DE-BB","00+",2023-04-20,2023-04-05,"-15 day ahead inc hosp","quantile",0.975,292,"COVID-19"
"DE-BE","00+",2023-04-20,2023-04-05,"-15 day ahead inc hosp","quantile",0.975,372,"COVID-19"
"DE-BW","00+",2023-04-20,2023-04-05,"-15 day ahead inc hosp","quantile",0.975,272,"COVID-19"
"DE-BY","00+",2023-04-20,2023-04-05,"-15 day ahead inc hosp","quantile",0.975,867,"COVID-19"
"DE-HB","00+",2023-04-20,2023-04-05,"-15 day ahead inc hosp","quantile",0.975,34,"COVID-19"
"DE-HE","00+",2023-04-20,2023-04-05,"-15 day ahead inc hosp","quantile",0.975,368,"COVID-19"
"DE-HH","00+",2023-04-20,2023-04-05,"-15 day ahead inc hosp","quantile",0.975,158,"COVID-19"
"DE-MV","00+",2023-04-20,2023-04-05,"-15 day ahead inc hosp","quantile",0.975,231,"COVID-19"
"DE-NI","00+",2023-04-20,2023-04-05,"-15 day ahead inc hosp","quantile",0.975,374,"COVID-19"
"DE-NW","00+",2023-04-20,2023-04-05,"-15 day ahead inc hosp","quantile",0.975,1160,"COVID-19"
"DE-RP","00+",2023-04-20,2023-04-05,"-15 day ahead inc hosp","quantile",0.975,242,"COVID-19"
"DE-SH","00+",2023-04-20,2023-04-05,"-15 day ahead inc hosp","quantile",0.975,224,"COVID-19"
"DE-SL","00+",2023-04-20,2023-04-05,"-15 day ahead inc hosp","quantile",0.975,51,"COVID-19"
"DE-SN","00+",2023-04-20,2023-04-05,"-15 day ahead inc hosp","quantile",0.975,339,"COVID-19"
"DE-ST","00+",2023-04-20,2023-04-05,"-15 day ahead inc hosp","quantile",0.975,160,"COVID-19"
"DE-TH","00+",2023-04-20,2023-04-05,"-15 day ahead inc hosp","quantile",0.975,192,"COVID-19"
"DE","00-04",2023-04-20,2023-04-06,"-14 day ahead inc hosp","mean",NA,114,"COVID-19"
"DE","00+",2023-04-20,2023-04-06,"-14 day ahead inc hosp","mean",NA,4849,"COVID-19"
"DE","05-14",2023-04-20,2023-04-06,"-14 day ahead inc hosp","mean",NA,35,"COVID-19"
"DE","15-34",2023-04-20,2023-04-06,"-14 day ahead inc hosp","mean",NA,218,"COVID-19"
"DE","35-59",2023-04-20,2023-04-06,"-14 day ahead inc hosp","mean",NA,556,"COVID-19"
"DE","60-79",2023-04-20,2023-04-06,"-14 day ahead inc hosp","mean",NA,1781,"COVID-19"
"DE","80+",2023-04-20,2023-04-06,"-14 day ahead inc hosp","mean",NA,2144,"COVID-19"
"DE-BB","00+",2023-04-20,2023-04-06,"-14 day ahead inc hosp","mean",NA,286,"COVID-19"
"DE-BE","00+",2023-04-20,2023-04-06,"-14 day ahead inc hosp","mean",NA,322,"COVID-19"
"DE-BW","00+",2023-04-20,2023-04-06,"-14 day ahead inc hosp","mean",NA,257,"COVID-19"
"DE-BY","00+",2023-04-20,2023-04-06,"-14 day ahead inc hosp","mean",NA,813,"COVID-19"
"DE-HB","00+",2023-04-20,2023-04-06,"-14 day ahead inc hosp","mean",NA,33,"COVID-19"
"DE-HE","00+",2023-04-20,2023-04-06,"-14 day ahead inc hosp","mean",NA,316,"COVID-19"
"DE-HH","00+",2023-04-20,2023-04-06,"-14 day ahead inc hosp","mean",NA,127,"COVID-19"
"DE-MV","00+",2023-04-20,2023-04-06,"-14 day ahead inc hosp","mean",NA,217,"COVID-19"
"DE-NI","00+",2023-04-20,2023-04-06,"-14 day ahead inc hosp","mean",NA,337,"COVID-19"
"DE-NW","00+",2023-04-20,2023-04-06,"-14 day ahead inc hosp","mean",NA,1052,"COVID-19"
"DE-RP","00+",2023-04-20,2023-04-06,"-14 day ahead inc hosp","mean",NA,198,"COVID-19"
"DE-SH","00+",2023-04-20,2023-04-06,"-14 day ahead inc hosp","mean",NA,219,"COVID-19"
"DE-SL","00+",2023-04-20,2023-04-06,"-14 day ahead inc hosp","mean",NA,45,"COVID-19"
"DE-SN","00+",2023-04-20,2023-04-06,"-14 day ahead inc hosp","mean",NA,314,"COVID-19"
"DE-ST","00+",2023-04-20,2023-04-06,"-14 day ahead inc hosp","mean",NA,141,"COVID-19"
"DE-TH","00+",2023-04-20,2023-04-06,"-14 day ahead inc hosp","mean",NA,183,"COVID-19"
"DE","00-04",2023-04-20,2023-04-06,"-14 day ahead inc hosp","quantile",0.025,111,"COVID-19"
"DE","00+",2023-04-20,2023-04-06,"-14 day ahead inc hosp","quantile",0.025,4774,"COVID-19"
"DE","05-14",2023-04-20,2023-04-06,"-14 day ahead inc hosp","quantile",0.025,34,"COVID-19"
"DE","15-34",2023-04-20,2023-04-06,"-14 day ahead inc hosp","quantile",0.025,213,"COVID-19"
"DE","35-59",2023-04-20,2023-04-06,"-14 day ahead inc hosp","quantile",0.025,545,"COVID-19"
"DE","60-79",2023-04-20,2023-04-06,"-14 day ahead inc hosp","quantile",0.025,1752,"COVID-19"
"DE","80+",2023-04-20,2023-04-06,"-14 day ahead inc hosp","quantile",0.025,2107,"COVID-19"
"DE-BB","00+",2023-04-20,2023-04-06,"-14 day ahead inc hosp","quantile",0.025,276,"COVID-19"
"DE-BE","00+",2023-04-20,2023-04-06,"-14 day ahead inc hosp","quantile",0.025,311,"COVID-19"
"DE-BW","00+",2023-04-20,2023-04-06,"-14 day ahead inc hosp","quantile",0.025,251,"COVID-19"
"DE-BY","00+",2023-04-20,2023-04-06,"-14 day ahead inc hosp","quantile",0.025,802,"COVID-19"
"DE-HB","00+",2023-04-20,2023-04-06,"-14 day ahead inc hosp","quantile",0.025,31,"COVID-19"
"DE-HE","00+",2023-04-20,2023-04-06,"-14 day ahead inc hosp","quantile",0.025,308,"COVID-19"
"DE-HH","00+",2023-04-20,2023-04-06,"-14 day ahead inc hosp","quantile",0.025,121,"COVID-19"
"DE-MV","00+",2023-04-20,2023-04-06,"-14 day ahead inc hosp","quantile",0.025,212,"COVID-19"
"DE-NI","00+",2023-04-20,2023-04-06,"-14 day ahead inc hosp","quantile",0.025,327,"COVID-19"
"DE-NW","00+",2023-04-20,2023-04-06,"-14 day ahead inc hosp","quantile",0.025,1036,"COVID-19"
"DE-RP","00+",2023-04-20,2023-04-06,"-14 day ahead inc hosp","quantile",0.025,190,"COVID-19"
"DE-SH","00+",2023-04-20,2023-04-06,"-14 day ahead inc hosp","quantile",0.025,213,"COVID-19"
"DE-SL","00+",2023-04-20,2023-04-06,"-14 day ahead inc hosp","quantile",0.025,44,"COVID-19"
"DE-SN","00+",2023-04-20,2023-04-06,"-14 day ahead inc hosp","quantile",0.025,305,"COVID-19"
"DE-ST","00+",2023-04-20,2023-04-06,"-14 day ahead inc hosp","quantile",0.025,138,"COVID-19"
"DE-TH","00+",2023-04-20,2023-04-06,"-14 day ahead inc hosp","quantile",0.025,179,"COVID-19"
"DE","00-04",2023-04-20,2023-04-06,"-14 day ahead inc hosp","quantile",0.1,112,"COVID-19"
"DE","00+",2023-04-20,2023-04-06,"-14 day ahead inc hosp","quantile",0.1,4794,"COVID-19"
"DE","05-14",2023-04-20,2023-04-06,"-14 day ahead inc hosp","quantile",0.1,34,"COVID-19"
"DE","15-34",2023-04-20,2023-04-06,"-14 day ahead inc hosp","quantile",0.1,214,"COVID-19"
"DE","35-59",2023-04-20,2023-04-06,"-14 day ahead inc hosp","quantile",0.1,547,"COVID-19"
"DE","60-79",2023-04-20,2023-04-06,"-14 day ahead inc hosp","quantile",0.1,1760,"COVID-19"
"DE","80+",2023-04-20,2023-04-06,"-14 day ahead inc hosp","quantile",0.1,2117,"COVID-19"
"DE-BB","00+",2023-04-20,2023-04-06,"-14 day ahead inc hosp","quantile",0.1,279,"COVID-19"
"DE-BE","00+",2023-04-20,2023-04-06,"-14 day ahead inc hosp","quantile",0.1,312,"COVID-19"
"DE-BW","00+",2023-04-20,2023-04-06,"-14 day ahead inc hosp","quantile",0.1,253,"COVID-19"
"DE-BY","00+",2023-04-20,2023-04-06,"-14 day ahead inc hosp","quantile",0.1,805,"COVID-19"
"DE-HB","00+",2023-04-20,2023-04-06,"-14 day ahead inc hosp","quantile",0.1,31,"COVID-19"
"DE-HE","00+",2023-04-20,2023-04-06,"-14 day ahead inc hosp","quantile",0.1,310,"COVID-19"
"DE-HH","00+",2023-04-20,2023-04-06,"-14 day ahead inc hosp","quantile",0.1,122,"COVID-19"
"DE-MV","00+",2023-04-20,2023-04-06,"-14 day ahead inc hosp","quantile",0.1,213,"COVID-19"
"DE-NI","00+",2023-04-20,2023-04-06,"-14 day ahead inc hosp","quantile",0.1,330,"COVID-19"
"DE-NW","00+",2023-04-20,2023-04-06,"-14 day ahead inc hosp","quantile",0.1,1040,"COVID-19"
"DE-RP","00+",2023-04-20,2023-04-06,"-14 day ahead inc hosp","quantile",0.1,192,"COVID-19"
"DE-SH","00+",2023-04-20,2023-04-06,"-14 day ahead inc hosp","quantile",0.1,214,"COVID-19"
"DE-SL","00+",2023-04-20,2023-04-06,"-14 day ahead inc hosp","quantile",0.1,44,"COVID-19"
"DE-SN","00+",2023-04-20,2023-04-06,"-14 day ahead inc hosp","quantile",0.1,306,"COVID-19"
"DE-ST","00+",2023-04-20,2023-04-06,"-14 day ahead inc hosp","quantile",0.1,139,"COVID-19"
"DE-TH","00+",2023-04-20,2023-04-06,"-14 day ahead inc hosp","quantile",0.1,180,"COVID-19"
"DE","00-04",2023-04-20,2023-04-06,"-14 day ahead inc hosp","quantile",0.25,113,"COVID-19"
"DE","00+",2023-04-20,2023-04-06,"-14 day ahead inc hosp","quantile",0.25,4816,"COVID-19"
"DE","05-14",2023-04-20,2023-04-06,"-14 day ahead inc hosp","quantile",0.25,34,"COVID-19"
"DE","15-34",2023-04-20,2023-04-06,"-14 day ahead inc hosp","quantile",0.25,215,"COVID-19"
"DE","35-59",2023-04-20,2023-04-06,"-14 day ahead inc hosp","quantile",0.25,550,"COVID-19"
"DE","60-79",2023-04-20,2023-04-06,"-14 day ahead inc hosp","quantile",0.25,1768,"COVID-19"
"DE","80+",2023-04-20,2023-04-06,"-14 day ahead inc hosp","quantile",0.25,2127,"COVID-19"
"DE-BB","00+",2023-04-20,2023-04-06,"-14 day ahead inc hosp","quantile",0.25,281,"COVID-19"
"DE-BE","00+",2023-04-20,2023-04-06,"-14 day ahead inc hosp","quantile",0.25,314,"COVID-19"
"DE-BW","00+",2023-04-20,2023-04-06,"-14 day ahead inc hosp","quantile",0.25,254,"COVID-19"
"DE-BY","00+",2023-04-20,2023-04-06,"-14 day ahead inc hosp","quantile",0.25,809,"COVID-19"
"DE-HB","00+",2023-04-20,2023-04-06,"-14 day ahead inc hosp","quantile",0.25,32,"COVID-19"
"DE-HE","00+",2023-04-20,2023-04-06,"-14 day ahead inc hosp","quantile",0.25,312,"COVID-19"
"DE-HH","00+",2023-04-20,2023-04-06,"-14 day ahead inc hosp","quantile",0.25,125,"COVID-19"
"DE-MV","00+",2023-04-20,2023-04-06,"-14 day ahead inc hosp","quantile",0.25,214,"COVID-19"
"DE-NI","00+",2023-04-20,2023-04-06,"-14 day ahead inc hosp","quantile",0.25,333,"COVID-19"
"DE-NW","00+",2023-04-20,2023-04-06,"-14 day ahead inc hosp","quantile",0.25,1044,"COVID-19"
"DE-RP","00+",2023-04-20,2023-04-06,"-14 day ahead inc hosp","quantile",0.25,194,"COVID-19"
"DE-SH","00+",2023-04-20,2023-04-06,"-14 day ahead inc hosp","quantile",0.25,216,"COVID-19"
"DE-SL","00+",2023-04-20,2023-04-06,"-14 day ahead inc hosp","quantile",0.25,44,"COVID-19"
"DE-SN","00+",2023-04-20,2023-04-06,"-14 day ahead inc hosp","quantile",0.25,309,"COVID-19"
"DE-ST","00+",2023-04-20,2023-04-06,"-14 day ahead inc hosp","quantile",0.25,140,"COVID-19"
"DE-TH","00+",2023-04-20,2023-04-06,"-14 day ahead inc hosp","quantile",0.25,181,"COVID-19"
"DE","00-04",2023-04-20,2023-04-06,"-14 day ahead inc hosp","quantile",0.5,114,"COVID-19"
"DE","00+",2023-04-20,2023-04-06,"-14 day ahead inc hosp","quantile",0.5,4844,"COVID-19"
"DE","05-14",2023-04-20,2023-04-06,"-14 day ahead inc hosp","quantile",0.5,35,"COVID-19"
"DE","15-34",2023-04-20,2023-04-06,"-14 day ahead inc hosp","quantile",0.5,217,"COVID-19"
"DE","35-59",2023-04-20,2023-04-06,"-14 day ahead inc hosp","quantile",0.5,555,"COVID-19"
"DE","60-79",2023-04-20,2023-04-06,"-14 day ahead inc hosp","quantile",0.5,1779,"COVID-19"
"DE","80+",2023-04-20,2023-04-06,"-14 day ahead inc hosp","quantile",0.5,2141,"COVID-19"
"DE-BB","00+",2023-04-20,2023-04-06,"-14 day ahead inc hosp","quantile",0.5,284,"COVID-19"
"DE-BE","00+",2023-04-20,2023-04-06,"-14 day ahead inc hosp","quantile",0.5,319,"COVID-19"
"DE-BW","00+",2023-04-20,2023-04-06,"-14 day ahead inc hosp","quantile",0.5,257,"COVID-19"
"DE-BY","00+",2023-04-20,2023-04-06,"-14 day ahead inc hosp","quantile",0.5,812,"COVID-19"
"DE-HB","00+",2023-04-20,2023-04-06,"-14 day ahead inc hosp","quantile",0.5,33,"COVID-19"
"DE-HE","00+",2023-04-20,2023-04-06,"-14 day ahead inc hosp","quantile",0.5,316,"COVID-19"
"DE-HH","00+",2023-04-20,2023-04-06,"-14 day ahead inc hosp","quantile",0.5,128,"COVID-19"
"DE-MV","00+",2023-04-20,2023-04-06,"-14 day ahead inc hosp","quantile",0.5,216,"COVID-19"
"DE-NI","00+",2023-04-20,2023-04-06,"-14 day ahead inc hosp","quantile",0.5,336,"COVID-19"
"DE-NW","00+",2023-04-20,2023-04-06,"-14 day ahead inc hosp","quantile",0.5,1050,"COVID-19"
"DE-RP","00+",2023-04-20,2023-04-06,"-14 day ahead inc hosp","quantile",0.5,197,"COVID-19"
"DE-SH","00+",2023-04-20,2023-04-06,"-14 day ahead inc hosp","quantile",0.5,219,"COVID-19"
"DE-SL","00+",2023-04-20,2023-04-06,"-14 day ahead inc hosp","quantile",0.5,44,"COVID-19"
"DE-SN","00+",2023-04-20,2023-04-06,"-14 day ahead inc hosp","quantile",0.5,312,"COVID-19"
"DE-ST","00+",2023-04-20,2023-04-06,"-14 day ahead inc hosp","quantile",0.5,142,"COVID-19"
"DE-TH","00+",2023-04-20,2023-04-06,"-14 day ahead inc hosp","quantile",0.5,182,"COVID-19"
"DE","00-04",2023-04-20,2023-04-06,"-14 day ahead inc hosp","quantile",0.75,116,"COVID-19"
"DE","00+",2023-04-20,2023-04-06,"-14 day ahead inc hosp","quantile",0.75,4876,"COVID-19"
"DE","05-14",2023-04-20,2023-04-06,"-14 day ahead inc hosp","quantile",0.75,35,"COVID-19"
"DE","15-34",2023-04-20,2023-04-06,"-14 day ahead inc hosp","quantile",0.75,221,"COVID-19"
"DE","35-59",2023-04-20,2023-04-06,"-14 day ahead inc hosp","quantile",0.75,560,"COVID-19"
"DE","60-79",2023-04-20,2023-04-06,"-14 day ahead inc hosp","quantile",0.75,1791,"COVID-19"
"DE","80+",2023-04-20,2023-04-06,"-14 day ahead inc hosp","quantile",0.75,2157,"COVID-19"
"DE-BB","00+",2023-04-20,2023-04-06,"-14 day ahead inc hosp","quantile",0.75,290,"COVID-19"
"DE-BE","00+",2023-04-20,2023-04-06,"-14 day ahead inc hosp","quantile",0.75,326,"COVID-19"
"DE-BW","00+",2023-04-20,2023-04-06,"-14 day ahead inc hosp","quantile",0.75,260,"COVID-19"
"DE-BY","00+",2023-04-20,2023-04-06,"-14 day ahead inc hosp","quantile",0.75,819,"COVID-19"
"DE-HB","00+",2023-04-20,2023-04-06,"-14 day ahead inc hosp","quantile",0.75,34,"COVID-19"
"DE-HE","00+",2023-04-20,2023-04-06,"-14 day ahead inc hosp","quantile",0.75,320,"COVID-19"
"DE-HH","00+",2023-04-20,2023-04-06,"-14 day ahead inc hosp","quantile",0.75,133,"COVID-19"
"DE-MV","00+",2023-04-20,2023-04-06,"-14 day ahead inc hosp","quantile",0.75,218,"COVID-19"
"DE-NI","00+",2023-04-20,2023-04-06,"-14 day ahead inc hosp","quantile",0.75,344,"COVID-19"
"DE-NW","00+",2023-04-20,2023-04-06,"-14 day ahead inc hosp","quantile",0.75,1061,"COVID-19"
"DE-RP","00+",2023-04-20,2023-04-06,"-14 day ahead inc hosp","quantile",0.75,202,"COVID-19"
"DE-SH","00+",2023-04-20,2023-04-06,"-14 day ahead inc hosp","quantile",0.75,222,"COVID-19"
"DE-SL","00+",2023-04-20,2023-04-06,"-14 day ahead inc hosp","quantile",0.75,45,"COVID-19"
"DE-SN","00+",2023-04-20,2023-04-06,"-14 day ahead inc hosp","quantile",0.75,318,"COVID-19"
"DE-ST","00+",2023-04-20,2023-04-06,"-14 day ahead inc hosp","quantile",0.75,143,"COVID-19"
"DE-TH","00+",2023-04-20,2023-04-06,"-14 day ahead inc hosp","quantile",0.75,184,"COVID-19"
"DE","00-04",2023-04-20,2023-04-06,"-14 day ahead inc hosp","quantile",0.9,118,"COVID-19"
"DE","00+",2023-04-20,2023-04-06,"-14 day ahead inc hosp","quantile",0.9,4910,"COVID-19"
"DE","05-14",2023-04-20,2023-04-06,"-14 day ahead inc hosp","quantile",0.9,36,"COVID-19"
"DE","15-34",2023-04-20,2023-04-06,"-14 day ahead inc hosp","quantile",0.9,223,"COVID-19"
"DE","35-59",2023-04-20,2023-04-06,"-14 day ahead inc hosp","quantile",0.9,566,"COVID-19"
"DE","60-79",2023-04-20,2023-04-06,"-14 day ahead inc hosp","quantile",0.9,1804,"COVID-19"
"DE","80+",2023-04-20,2023-04-06,"-14 day ahead inc hosp","quantile",0.9,2174,"COVID-19"
"DE-BB","00+",2023-04-20,2023-04-06,"-14 day ahead inc hosp","quantile",0.9,296,"COVID-19"
"DE-BE","00+",2023-04-20,2023-04-06,"-14 day ahead inc hosp","quantile",0.9,336,"COVID-19"
"DE-BW","00+",2023-04-20,2023-04-06,"-14 day ahead inc hosp","quantile",0.9,262,"COVID-19"
"DE-BY","00+",2023-04-20,2023-04-06,"-14 day ahead inc hosp","quantile",0.9,825,"COVID-19"
"DE-HB","00+",2023-04-20,2023-04-06,"-14 day ahead inc hosp","quantile",0.9,36,"COVID-19"
"DE-HE","00+",2023-04-20,2023-04-06,"-14 day ahead inc hosp","quantile",0.9,324,"COVID-19"
"DE-HH","00+",2023-04-20,2023-04-06,"-14 day ahead inc hosp","quantile",0.9,137,"COVID-19"
"DE-MV","00+",2023-04-20,2023-04-06,"-14 day ahead inc hosp","quantile",0.9,221,"COVID-19"
"DE-NI","00+",2023-04-20,2023-04-06,"-14 day ahead inc hosp","quantile",0.9,348,"COVID-19"
"DE-NW","00+",2023-04-20,2023-04-06,"-14 day ahead inc hosp","quantile",0.9,1067,"COVID-19"
"DE-RP","00+",2023-04-20,2023-04-06,"-14 day ahead inc hosp","quantile",0.9,207,"COVID-19"
"DE-SH","00+",2023-04-20,2023-04-06,"-14 day ahead inc hosp","quantile",0.9,225,"COVID-19"
"DE-SL","00+",2023-04-20,2023-04-06,"-14 day ahead inc hosp","quantile",0.9,47,"COVID-19"
"DE-SN","00+",2023-04-20,2023-04-06,"-14 day ahead inc hosp","quantile",0.9,320,"COVID-19"
"DE-ST","00+",2023-04-20,2023-04-06,"-14 day ahead inc hosp","quantile",0.9,144,"COVID-19"
"DE-TH","00+",2023-04-20,2023-04-06,"-14 day ahead inc hosp","quantile",0.9,186,"COVID-19"
"DE","00-04",2023-04-20,2023-04-06,"-14 day ahead inc hosp","quantile",0.975,120,"COVID-19"
"DE","00+",2023-04-20,2023-04-06,"-14 day ahead inc hosp","quantile",0.975,4943,"COVID-19"
"DE","05-14",2023-04-20,2023-04-06,"-14 day ahead inc hosp","quantile",0.975,37,"COVID-19"
"DE","15-34",2023-04-20,2023-04-06,"-14 day ahead inc hosp","quantile",0.975,227,"COVID-19"
"DE","35-59",2023-04-20,2023-04-06,"-14 day ahead inc hosp","quantile",0.975,571,"COVID-19"
"DE","60-79",2023-04-20,2023-04-06,"-14 day ahead inc hosp","quantile",0.975,1816,"COVID-19"
"DE","80+",2023-04-20,2023-04-06,"-14 day ahead inc hosp","quantile",0.975,2190,"COVID-19"
"DE-BB","00+",2023-04-20,2023-04-06,"-14 day ahead inc hosp","quantile",0.975,299,"COVID-19"
"DE-BE","00+",2023-04-20,2023-04-06,"-14 day ahead inc hosp","quantile",0.975,341,"COVID-19"
"DE-BW","00+",2023-04-20,2023-04-06,"-14 day ahead inc hosp","quantile",0.975,266,"COVID-19"
"DE-BY","00+",2023-04-20,2023-04-06,"-14 day ahead inc hosp","quantile",0.975,832,"COVID-19"
"DE-HB","00+",2023-04-20,2023-04-06,"-14 day ahead inc hosp","quantile",0.975,37,"COVID-19"
"DE-HE","00+",2023-04-20,2023-04-06,"-14 day ahead inc hosp","quantile",0.975,330,"COVID-19"
"DE-HH","00+",2023-04-20,2023-04-06,"-14 day ahead inc hosp","quantile",0.975,144,"COVID-19"
"DE-MV","00+",2023-04-20,2023-04-06,"-14 day ahead inc hosp","quantile",0.975,224,"COVID-19"
"DE-NI","00+",2023-04-20,2023-04-06,"-14 day ahead inc hosp","quantile",0.975,351,"COVID-19"
"DE-NW","00+",2023-04-20,2023-04-06,"-14 day ahead inc hosp","quantile",0.975,1074,"COVID-19"
"DE-RP","00+",2023-04-20,2023-04-06,"-14 day ahead inc hosp","quantile",0.975,214,"COVID-19"
"DE-SH","00+",2023-04-20,2023-04-06,"-14 day ahead inc hosp","quantile",0.975,229,"COVID-19"
"DE-SL","00+",2023-04-20,2023-04-06,"-14 day ahead inc hosp","quantile",0.975,48,"COVID-19"
"DE-SN","00+",2023-04-20,2023-04-06,"-14 day ahead inc hosp","quantile",0.975,326,"COVID-19"
"DE-ST","00+",2023-04-20,2023-04-06,"-14 day ahead inc hosp","quantile",0.975,147,"COVID-19"
"DE-TH","00+",2023-04-20,2023-04-06,"-14 day ahead inc hosp","quantile",0.975,189,"COVID-19"
"DE","00-04",2023-04-20,2023-04-07,"-13 day ahead inc hosp","mean",NA,104,"COVID-19"
"DE","00+",2023-04-20,2023-04-07,"-13 day ahead inc hosp","mean",NA,4649,"COVID-19"
"DE","05-14",2023-04-20,2023-04-07,"-13 day ahead inc hosp","mean",NA,31,"COVID-19"
"DE","15-34",2023-04-20,2023-04-07,"-13 day ahead inc hosp","mean",NA,221,"COVID-19"
"DE","35-59",2023-04-20,2023-04-07,"-13 day ahead inc hosp","mean",NA,505,"COVID-19"
"DE","60-79",2023-04-20,2023-04-07,"-13 day ahead inc hosp","mean",NA,1694,"COVID-19"
"DE","80+",2023-04-20,2023-04-07,"-13 day ahead inc hosp","mean",NA,2093,"COVID-19"
"DE-BB","00+",2023-04-20,2023-04-07,"-13 day ahead inc hosp","mean",NA,262,"COVID-19"
"DE-BE","00+",2023-04-20,2023-04-07,"-13 day ahead inc hosp","mean",NA,330,"COVID-19"
"DE-BW","00+",2023-04-20,2023-04-07,"-13 day ahead inc hosp","mean",NA,251,"COVID-19"
"DE-BY","00+",2023-04-20,2023-04-07,"-13 day ahead inc hosp","mean",NA,802,"COVID-19"
"DE-HB","00+",2023-04-20,2023-04-07,"-13 day ahead inc hosp","mean",NA,31,"COVID-19"
"DE-HE","00+",2023-04-20,2023-04-07,"-13 day ahead inc hosp","mean",NA,302,"COVID-19"
"DE-HH","00+",2023-04-20,2023-04-07,"-13 day ahead inc hosp","mean",NA,122,"COVID-19"
"DE-MV","00+",2023-04-20,2023-04-07,"-13 day ahead inc hosp","mean",NA,211,"COVID-19"
"DE-NI","00+",2023-04-20,2023-04-07,"-13 day ahead inc hosp","mean",NA,335,"COVID-19"
"DE-NW","00+",2023-04-20,2023-04-07,"-13 day ahead inc hosp","mean",NA,976,"COVID-19"
"DE-RP","00+",2023-04-20,2023-04-07,"-13 day ahead inc hosp","mean",NA,179,"COVID-19"
"DE-SH","00+",2023-04-20,2023-04-07,"-13 day ahead inc hosp","mean",NA,210,"COVID-19"
"DE-SL","00+",2023-04-20,2023-04-07,"-13 day ahead inc hosp","mean",NA,46,"COVID-19"
"DE-SN","00+",2023-04-20,2023-04-07,"-13 day ahead inc hosp","mean",NA,296,"COVID-19"
"DE-ST","00+",2023-04-20,2023-04-07,"-13 day ahead inc hosp","mean",NA,132,"COVID-19"
"DE-TH","00+",2023-04-20,2023-04-07,"-13 day ahead inc hosp","mean",NA,174,"COVID-19"
"DE","00-04",2023-04-20,2023-04-07,"-13 day ahead inc hosp","quantile",0.025,101,"COVID-19"
"DE","00+",2023-04-20,2023-04-07,"-13 day ahead inc hosp","quantile",0.025,4572,"COVID-19"
"DE","05-14",2023-04-20,2023-04-07,"-13 day ahead inc hosp","quantile",0.025,30,"COVID-19"
"DE","15-34",2023-04-20,2023-04-07,"-13 day ahead inc hosp","quantile",0.025,215,"COVID-19"
"DE","35-59",2023-04-20,2023-04-07,"-13 day ahead inc hosp","quantile",0.025,494,"COVID-19"
"DE","60-79",2023-04-20,2023-04-07,"-13 day ahead inc hosp","quantile",0.025,1664,"COVID-19"
"DE","80+",2023-04-20,2023-04-07,"-13 day ahead inc hosp","quantile",0.025,2054,"COVID-19"
"DE-BB","00+",2023-04-20,2023-04-07,"-13 day ahead inc hosp","quantile",0.025,254,"COVID-19"
"DE-BE","00+",2023-04-20,2023-04-07,"-13 day ahead inc hosp","quantile",0.025,318,"COVID-19"
"DE-BW","00+",2023-04-20,2023-04-07,"-13 day ahead inc hosp","quantile",0.025,244,"COVID-19"
"DE-BY","00+",2023-04-20,2023-04-07,"-13 day ahead inc hosp","quantile",0.025,791,"COVID-19"
"DE-HB","00+",2023-04-20,2023-04-07,"-13 day ahead inc hosp","quantile",0.025,29,"COVID-19"
"DE-HE","00+",2023-04-20,2023-04-07,"-13 day ahead inc hosp","quantile",0.025,294,"COVID-19"
"DE-HH","00+",2023-04-20,2023-04-07,"-13 day ahead inc hosp","quantile",0.025,115,"COVID-19"
"DE-MV","00+",2023-04-20,2023-04-07,"-13 day ahead inc hosp","quantile",0.025,206,"COVID-19"
"DE-NI","00+",2023-04-20,2023-04-07,"-13 day ahead inc hosp","quantile",0.025,325,"COVID-19"
"DE-NW","00+",2023-04-20,2023-04-07,"-13 day ahead inc hosp","quantile",0.025,961,"COVID-19"
"DE-RP","00+",2023-04-20,2023-04-07,"-13 day ahead inc hosp","quantile",0.025,172,"COVID-19"
"DE-SH","00+",2023-04-20,2023-04-07,"-13 day ahead inc hosp","quantile",0.025,203,"COVID-19"
"DE-SL","00+",2023-04-20,2023-04-07,"-13 day ahead inc hosp","quantile",0.025,45,"COVID-19"
"DE-SN","00+",2023-04-20,2023-04-07,"-13 day ahead inc hosp","quantile",0.025,286,"COVID-19"
"DE-ST","00+",2023-04-20,2023-04-07,"-13 day ahead inc hosp","quantile",0.025,128,"COVID-19"
"DE-TH","00+",2023-04-20,2023-04-07,"-13 day ahead inc hosp","quantile",0.025,170,"COVID-19"
"DE","00-04",2023-04-20,2023-04-07,"-13 day ahead inc hosp","quantile",0.1,102,"COVID-19"
"DE","00+",2023-04-20,2023-04-07,"-13 day ahead inc hosp","quantile",0.1,4593,"COVID-19"
"DE","05-14",2023-04-20,2023-04-07,"-13 day ahead inc hosp","quantile",0.1,30,"COVID-19"
"DE","15-34",2023-04-20,2023-04-07,"-13 day ahead inc hosp","quantile",0.1,216,"COVID-19"
"DE","35-59",2023-04-20,2023-04-07,"-13 day ahead inc hosp","quantile",0.1,497,"COVID-19"
"DE","60-79",2023-04-20,2023-04-07,"-13 day ahead inc hosp","quantile",0.1,1673,"COVID-19"
"DE","80+",2023-04-20,2023-04-07,"-13 day ahead inc hosp","quantile",0.1,2065,"COVID-19"
"DE-BB","00+",2023-04-20,2023-04-07,"-13 day ahead inc hosp","quantile",0.1,256,"COVID-19"
"DE-BE","00+",2023-04-20,2023-04-07,"-13 day ahead inc hosp","quantile",0.1,319,"COVID-19"
"DE-BW","00+",2023-04-20,2023-04-07,"-13 day ahead inc hosp","quantile",0.1,246,"COVID-19"
"DE-BY","00+",2023-04-20,2023-04-07,"-13 day ahead inc hosp","quantile",0.1,795,"COVID-19"
"DE-HB","00+",2023-04-20,2023-04-07,"-13 day ahead inc hosp","quantile",0.1,29,"COVID-19"
"DE-HE","00+",2023-04-20,2023-04-07,"-13 day ahead inc hosp","quantile",0.1,295,"COVID-19"
"DE-HH","00+",2023-04-20,2023-04-07,"-13 day ahead inc hosp","quantile",0.1,116,"COVID-19"
"DE-MV","00+",2023-04-20,2023-04-07,"-13 day ahead inc hosp","quantile",0.1,207,"COVID-19"
"DE-NI","00+",2023-04-20,2023-04-07,"-13 day ahead inc hosp","quantile",0.1,328,"COVID-19"
"DE-NW","00+",2023-04-20,2023-04-07,"-13 day ahead inc hosp","quantile",0.1,964,"COVID-19"
"DE-RP","00+",2023-04-20,2023-04-07,"-13 day ahead inc hosp","quantile",0.1,173,"COVID-19"
"DE-SH","00+",2023-04-20,2023-04-07,"-13 day ahead inc hosp","quantile",0.1,205,"COVID-19"
"DE-SL","00+",2023-04-20,2023-04-07,"-13 day ahead inc hosp","quantile",0.1,45,"COVID-19"
"DE-SN","00+",2023-04-20,2023-04-07,"-13 day ahead inc hosp","quantile",0.1,288,"COVID-19"
"DE-ST","00+",2023-04-20,2023-04-07,"-13 day ahead inc hosp","quantile",0.1,129,"COVID-19"
"DE-TH","00+",2023-04-20,2023-04-07,"-13 day ahead inc hosp","quantile",0.1,171,"COVID-19"
"DE","00-04",2023-04-20,2023-04-07,"-13 day ahead inc hosp","quantile",0.25,103,"COVID-19"
"DE","00+",2023-04-20,2023-04-07,"-13 day ahead inc hosp","quantile",0.25,4615,"COVID-19"
"DE","05-14",2023-04-20,2023-04-07,"-13 day ahead inc hosp","quantile",0.25,30,"COVID-19"
"DE","15-34",2023-04-20,2023-04-07,"-13 day ahead inc hosp","quantile",0.25,218,"COVID-19"
"DE","35-59",2023-04-20,2023-04-07,"-13 day ahead inc hosp","quantile",0.25,500,"COVID-19"
"DE","60-79",2023-04-20,2023-04-07,"-13 day ahead inc hosp","quantile",0.25,1681,"COVID-19"
"DE","80+",2023-04-20,2023-04-07,"-13 day ahead inc hosp","quantile",0.25,2076,"COVID-19"
"DE-BB","00+",2023-04-20,2023-04-07,"-13 day ahead inc hosp","quantile",0.25,257,"COVID-19"
"DE-BE","00+",2023-04-20,2023-04-07,"-13 day ahead inc hosp","quantile",0.25,322,"COVID-19"
"DE-BW","00+",2023-04-20,2023-04-07,"-13 day ahead inc hosp","quantile",0.25,248,"COVID-19"
"DE-BY","00+",2023-04-20,2023-04-07,"-13 day ahead inc hosp","quantile",0.25,799,"COVID-19"
"DE-HB","00+",2023-04-20,2023-04-07,"-13 day ahead inc hosp","quantile",0.25,29,"COVID-19"
"DE-HE","00+",2023-04-20,2023-04-07,"-13 day ahead inc hosp","quantile",0.25,299,"COVID-19"
"DE-HH","00+",2023-04-20,2023-04-07,"-13 day ahead inc hosp","quantile",0.25,119,"COVID-19"
"DE-MV","00+",2023-04-20,2023-04-07,"-13 day ahead inc hosp","quantile",0.25,208,"COVID-19"
"DE-NI","00+",2023-04-20,2023-04-07,"-13 day ahead inc hosp","quantile",0.25,330,"COVID-19"
"DE-NW","00+",2023-04-20,2023-04-07,"-13 day ahead inc hosp","quantile",0.25,969,"COVID-19"
"DE-RP","00+",2023-04-20,2023-04-07,"-13 day ahead inc hosp","quantile",0.25,175,"COVID-19"
"DE-SH","00+",2023-04-20,2023-04-07,"-13 day ahead inc hosp","quantile",0.25,207,"COVID-19"
"DE-SL","00+",2023-04-20,2023-04-07,"-13 day ahead inc hosp","quantile",0.25,45,"COVID-19"
"DE-SN","00+",2023-04-20,2023-04-07,"-13 day ahead inc hosp","quantile",0.25,290,"COVID-19"
"DE-ST","00+",2023-04-20,2023-04-07,"-13 day ahead inc hosp","quantile",0.25,130,"COVID-19"
"DE-TH","00+",2023-04-20,2023-04-07,"-13 day ahead inc hosp","quantile",0.25,172,"COVID-19"
"DE","00-04",2023-04-20,2023-04-07,"-13 day ahead inc hosp","quantile",0.5,104,"COVID-19"
"DE","00+",2023-04-20,2023-04-07,"-13 day ahead inc hosp","quantile",0.5,4644,"COVID-19"
"DE","05-14",2023-04-20,2023-04-07,"-13 day ahead inc hosp","quantile",0.5,31,"COVID-19"
"DE","15-34",2023-04-20,2023-04-07,"-13 day ahead inc hosp","quantile",0.5,220,"COVID-19"
"DE","35-59",2023-04-20,2023-04-07,"-13 day ahead inc hosp","quantile",0.5,504,"COVID-19"
"DE","60-79",2023-04-20,2023-04-07,"-13 day ahead inc hosp","quantile",0.5,1693,"COVID-19"
"DE","80+",2023-04-20,2023-04-07,"-13 day ahead inc hosp","quantile",0.5,2090,"COVID-19"
"DE-BB","00+",2023-04-20,2023-04-07,"-13 day ahead inc hosp","quantile",0.5,261,"COVID-19"
"DE-BE","00+",2023-04-20,2023-04-07,"-13 day ahead inc hosp","quantile",0.5,327,"COVID-19"
"DE-BW","00+",2023-04-20,2023-04-07,"-13 day ahead inc hosp","quantile",0.5,251,"COVID-19"
"DE-BY","00+",2023-04-20,2023-04-07,"-13 day ahead inc hosp","quantile",0.5,803,"COVID-19"
"DE-HB","00+",2023-04-20,2023-04-07,"-13 day ahead inc hosp","quantile",0.5,31,"COVID-19"
"DE-HE","00+",2023-04-20,2023-04-07,"-13 day ahead inc hosp","quantile",0.5,302,"COVID-19"
"DE-HH","00+",2023-04-20,2023-04-07,"-13 day ahead inc hosp","quantile",0.5,122,"COVID-19"
"DE-MV","00+",2023-04-20,2023-04-07,"-13 day ahead inc hosp","quantile",0.5,210,"COVID-19"
"DE-NI","00+",2023-04-20,2023-04-07,"-13 day ahead inc hosp","quantile",0.5,335,"COVID-19"
"DE-NW","00+",2023-04-20,2023-04-07,"-13 day ahead inc hosp","quantile",0.5,975,"COVID-19"
"DE-RP","00+",2023-04-20,2023-04-07,"-13 day ahead inc hosp","quantile",0.5,178,"COVID-19"
"DE-SH","00+",2023-04-20,2023-04-07,"-13 day ahead inc hosp","quantile",0.5,210,"COVID-19"
"DE-SL","00+",2023-04-20,2023-04-07,"-13 day ahead inc hosp","quantile",0.5,46,"COVID-19"
"DE-SN","00+",2023-04-20,2023-04-07,"-13 day ahead inc hosp","quantile",0.5,294,"COVID-19"
"DE-ST","00+",2023-04-20,2023-04-07,"-13 day ahead inc hosp","quantile",0.5,132,"COVID-19"
"DE-TH","00+",2023-04-20,2023-04-07,"-13 day ahead inc hosp","quantile",0.5,174,"COVID-19"
"DE","00-04",2023-04-20,2023-04-07,"-13 day ahead inc hosp","quantile",0.75,106,"COVID-19"
"DE","00+",2023-04-20,2023-04-07,"-13 day ahead inc hosp","quantile",0.75,4678,"COVID-19"
"DE","05-14",2023-04-20,2023-04-07,"-13 day ahead inc hosp","quantile",0.75,31,"COVID-19"
"DE","15-34",2023-04-20,2023-04-07,"-13 day ahead inc hosp","quantile",0.75,224,"COVID-19"
"DE","35-59",2023-04-20,2023-04-07,"-13 day ahead inc hosp","quantile",0.75,510,"COVID-19"
"DE","60-79",2023-04-20,2023-04-07,"-13 day ahead inc hosp","quantile",0.75,1705,"COVID-19"
"DE","80+",2023-04-20,2023-04-07,"-13 day ahead inc hosp","quantile",0.75,2107,"COVID-19"
"DE-BB","00+",2023-04-20,2023-04-07,"-13 day ahead inc hosp","quantile",0.75,266,"COVID-19"
"DE-BE","00+",2023-04-20,2023-04-07,"-13 day ahead inc hosp","quantile",0.75,335,"COVID-19"
"DE-BW","00+",2023-04-20,2023-04-07,"-13 day ahead inc hosp","quantile",0.75,254,"COVID-19"
"DE-BY","00+",2023-04-20,2023-04-07,"-13 day ahead inc hosp","quantile",0.75,809,"COVID-19"
"DE-HB","00+",2023-04-20,2023-04-07,"-13 day ahead inc hosp","quantile",0.75,32,"COVID-19"
"DE-HE","00+",2023-04-20,2023-04-07,"-13 day ahead inc hosp","quantile",0.75,305,"COVID-19"
"DE-HH","00+",2023-04-20,2023-04-07,"-13 day ahead inc hosp","quantile",0.75,126,"COVID-19"
"DE-MV","00+",2023-04-20,2023-04-07,"-13 day ahead inc hosp","quantile",0.75,212,"COVID-19"
"DE-NI","00+",2023-04-20,2023-04-07,"-13 day ahead inc hosp","quantile",0.75,343,"COVID-19"
"DE-NW","00+",2023-04-20,2023-04-07,"-13 day ahead inc hosp","quantile",0.75,985,"COVID-19"
"DE-RP","00+",2023-04-20,2023-04-07,"-13 day ahead inc hosp","quantile",0.75,183,"COVID-19"
"DE-SH","00+",2023-04-20,2023-04-07,"-13 day ahead inc hosp","quantile",0.75,213,"COVID-19"
"DE-SL","00+",2023-04-20,2023-04-07,"-13 day ahead inc hosp","quantile",0.75,46,"COVID-19"
"DE-SN","00+",2023-04-20,2023-04-07,"-13 day ahead inc hosp","quantile",0.75,299,"COVID-19"
"DE-ST","00+",2023-04-20,2023-04-07,"-13 day ahead inc hosp","quantile",0.75,133,"COVID-19"
"DE-TH","00+",2023-04-20,2023-04-07,"-13 day ahead inc hosp","quantile",0.75,176,"COVID-19"
"DE","00-04",2023-04-20,2023-04-07,"-13 day ahead inc hosp","quantile",0.9,107,"COVID-19"
"DE","00+",2023-04-20,2023-04-07,"-13 day ahead inc hosp","quantile",0.9,4712,"COVID-19"
"DE","05-14",2023-04-20,2023-04-07,"-13 day ahead inc hosp","quantile",0.9,32,"COVID-19"
"DE","15-34",2023-04-20,2023-04-07,"-13 day ahead inc hosp","quantile",0.9,226,"COVID-19"
"DE","35-59",2023-04-20,2023-04-07,"-13 day ahead inc hosp","quantile",0.9,516,"COVID-19"
"DE","60-79",2023-04-20,2023-04-07,"-13 day ahead inc hosp","quantile",0.9,1718,"COVID-19"
"DE","80+",2023-04-20,2023-04-07,"-13 day ahead inc hosp","quantile",0.9,2124,"COVID-19"
"DE-BB","00+",2023-04-20,2023-04-07,"-13 day ahead inc hosp","quantile",0.9,274,"COVID-19"
"DE-BE","00+",2023-04-20,2023-04-07,"-13 day ahead inc hosp","quantile",0.9,346,"COVID-19"
"DE-BW","00+",2023-04-20,2023-04-07,"-13 day ahead inc hosp","quantile",0.9,257,"COVID-19"
"DE-BY","00+",2023-04-20,2023-04-07,"-13 day ahead inc hosp","quantile",0.9,815,"COVID-19"
"DE-HB","00+",2023-04-20,2023-04-07,"-13 day ahead inc hosp","quantile",0.9,34,"COVID-19"
"DE-HE","00+",2023-04-20,2023-04-07,"-13 day ahead inc hosp","quantile",0.9,312,"COVID-19"
"DE-HH","00+",2023-04-20,2023-04-07,"-13 day ahead inc hosp","quantile",0.9,133,"COVID-19"
"DE-MV","00+",2023-04-20,2023-04-07,"-13 day ahead inc hosp","quantile",0.9,215,"COVID-19"
"DE-NI","00+",2023-04-20,2023-04-07,"-13 day ahead inc hosp","quantile",0.9,346,"COVID-19"
"DE-NW","00+",2023-04-20,2023-04-07,"-13 day ahead inc hosp","quantile",0.9,990,"COVID-19"
"DE-RP","00+",2023-04-20,2023-04-07,"-13 day ahead inc hosp","quantile",0.9,188,"COVID-19"
"DE-SH","00+",2023-04-20,2023-04-07,"-13 day ahead inc hosp","quantile",0.9,216,"COVID-19"
"DE-SL","00+",2023-04-20,2023-04-07,"-13 day ahead inc hosp","quantile",0.9,48,"COVID-19"
"DE-SN","00+",2023-04-20,2023-04-07,"-13 day ahead inc hosp","quantile",0.9,304,"COVID-19"
"DE-ST","00+",2023-04-20,2023-04-07,"-13 day ahead inc hosp","quantile",0.9,136,"COVID-19"
"DE-TH","00+",2023-04-20,2023-04-07,"-13 day ahead inc hosp","quantile",0.9,178,"COVID-19"
"DE","00-04",2023-04-20,2023-04-07,"-13 day ahead inc hosp","quantile",0.975,110,"COVID-19"
"DE","00+",2023-04-20,2023-04-07,"-13 day ahead inc hosp","quantile",0.975,4746,"COVID-19"
"DE","05-14",2023-04-20,2023-04-07,"-13 day ahead inc hosp","quantile",0.975,33,"COVID-19"
"DE","15-34",2023-04-20,2023-04-07,"-13 day ahead inc hosp","quantile",0.975,230,"COVID-19"
"DE","35-59",2023-04-20,2023-04-07,"-13 day ahead inc hosp","quantile",0.975,522,"COVID-19"
"DE","60-79",2023-04-20,2023-04-07,"-13 day ahead inc hosp","quantile",0.975,1731,"COVID-19"
"DE","80+",2023-04-20,2023-04-07,"-13 day ahead inc hosp","quantile",0.975,2141,"COVID-19"
"DE-BB","00+",2023-04-20,2023-04-07,"-13 day ahead inc hosp","quantile",0.975,277,"COVID-19"
"DE-BE","00+",2023-04-20,2023-04-07,"-13 day ahead inc hosp","quantile",0.975,350,"COVID-19"
"DE-BW","00+",2023-04-20,2023-04-07,"-13 day ahead inc hosp","quantile",0.975,261,"COVID-19"
"DE-BY","00+",2023-04-20,2023-04-07,"-13 day ahead inc hosp","quantile",0.975,822,"COVID-19"
"DE-HB","00+",2023-04-20,2023-04-07,"-13 day ahead inc hosp","quantile",0.975,35,"COVID-19"
"DE-HE","00+",2023-04-20,2023-04-07,"-13 day ahead inc hosp","quantile",0.975,316,"COVID-19"
"DE-HH","00+",2023-04-20,2023-04-07,"-13 day ahead inc hosp","quantile",0.975,139,"COVID-19"
"DE-MV","00+",2023-04-20,2023-04-07,"-13 day ahead inc hosp","quantile",0.975,218,"COVID-19"
"DE-NI","00+",2023-04-20,2023-04-07,"-13 day ahead inc hosp","quantile",0.975,351,"COVID-19"
"DE-NW","00+",2023-04-20,2023-04-07,"-13 day ahead inc hosp","quantile",0.975,1000,"COVID-19"
"DE-RP","00+",2023-04-20,2023-04-07,"-13 day ahead inc hosp","quantile",0.975,194,"COVID-19"
"DE-SH","00+",2023-04-20,2023-04-07,"-13 day ahead inc hosp","quantile",0.975,220,"COVID-19"
"DE-SL","00+",2023-04-20,2023-04-07,"-13 day ahead inc hosp","quantile",0.975,49,"COVID-19"
"DE-SN","00+",2023-04-20,2023-04-07,"-13 day ahead inc hosp","quantile",0.975,308,"COVID-19"
"DE-ST","00+",2023-04-20,2023-04-07,"-13 day ahead inc hosp","quantile",0.975,138,"COVID-19"
"DE-TH","00+",2023-04-20,2023-04-07,"-13 day ahead inc hosp","quantile",0.975,181,"COVID-19"
"DE","00-04",2023-04-20,2023-04-08,"-12 day ahead inc hosp","mean",NA,87,"COVID-19"
"DE","00+",2023-04-20,2023-04-08,"-12 day ahead inc hosp","mean",NA,4031,"COVID-19"
"DE","05-14",2023-04-20,2023-04-08,"-12 day ahead inc hosp","mean",NA,27,"COVID-19"
"DE","15-34",2023-04-20,2023-04-08,"-12 day ahead inc hosp","mean",NA,204,"COVID-19"
"DE","35-59",2023-04-20,2023-04-08,"-12 day ahead inc hosp","mean",NA,438,"COVID-19"
"DE","60-79",2023-04-20,2023-04-08,"-12 day ahead inc hosp","mean",NA,1465,"COVID-19"
"DE","80+",2023-04-20,2023-04-08,"-12 day ahead inc hosp","mean",NA,1809,"COVID-19"
"DE-BB","00+",2023-04-20,2023-04-08,"-12 day ahead inc hosp","mean",NA,224,"COVID-19"
"DE-BE","00+",2023-04-20,2023-04-08,"-12 day ahead inc hosp","mean",NA,294,"COVID-19"
"DE-BW","00+",2023-04-20,2023-04-08,"-12 day ahead inc hosp","mean",NA,222,"COVID-19"
"DE-BY","00+",2023-04-20,2023-04-08,"-12 day ahead inc hosp","mean",NA,706,"COVID-19"
"DE-HB","00+",2023-04-20,2023-04-08,"-12 day ahead inc hosp","mean",NA,29,"COVID-19"
"DE-HE","00+",2023-04-20,2023-04-08,"-12 day ahead inc hosp","mean",NA,248,"COVID-19"
"DE-HH","00+",2023-04-20,2023-04-08,"-12 day ahead inc hosp","mean",NA,99,"COVID-19"
"DE-MV","00+",2023-04-20,2023-04-08,"-12 day ahead inc hosp","mean",NA,182,"COVID-19"
"DE-NI","00+",2023-04-20,2023-04-08,"-12 day ahead inc hosp","mean",NA,287,"COVID-19"
"DE-NW","00+",2023-04-20,2023-04-08,"-12 day ahead inc hosp","mean",NA,819,"COVID-19"
"DE-RP","00+",2023-04-20,2023-04-08,"-12 day ahead inc hosp","mean",NA,158,"COVID-19"
"DE-SH","00+",2023-04-20,2023-04-08,"-12 day ahead inc hosp","mean",NA,180,"COVID-19"
"DE-SL","00+",2023-04-20,2023-04-08,"-12 day ahead inc hosp","mean",NA,40,"COVID-19"
"DE-SN","00+",2023-04-20,2023-04-08,"-12 day ahead inc hosp","mean",NA,279,"COVID-19"
"DE-ST","00+",2023-04-20,2023-04-08,"-12 day ahead inc hosp","mean",NA,117,"COVID-19"
"DE-TH","00+",2023-04-20,2023-04-08,"-12 day ahead inc hosp","mean",NA,163,"COVID-19"
"DE","00-04",2023-04-20,2023-04-08,"-12 day ahead inc hosp","quantile",0.025,84,"COVID-19"
"DE","00+",2023-04-20,2023-04-08,"-12 day ahead inc hosp","quantile",0.025,3961,"COVID-19"
"DE","05-14",2023-04-20,2023-04-08,"-12 day ahead inc hosp","quantile",0.025,26,"COVID-19"
"DE","15-34",2023-04-20,2023-04-08,"-12 day ahead inc hosp","quantile",0.025,199,"COVID-19"
"DE","35-59",2023-04-20,2023-04-08,"-12 day ahead inc hosp","quantile",0.025,428,"COVID-19"
"DE","60-79",2023-04-20,2023-04-08,"-12 day ahead inc hosp","quantile",0.025,1438,"COVID-19"
"DE","80+",2023-04-20,2023-04-08,"-12 day ahead inc hosp","quantile",0.025,1774,"COVID-19"
"DE-BB","00+",2023-04-20,2023-04-08,"-12 day ahead inc hosp","quantile",0.025,216,"COVID-19"
"DE-BE","00+",2023-04-20,2023-04-08,"-12 day ahead inc hosp","quantile",0.025,283,"COVID-19"
"DE-BW","00+",2023-04-20,2023-04-08,"-12 day ahead inc hosp","quantile",0.025,216,"COVID-19"
"DE-BY","00+",2023-04-20,2023-04-08,"-12 day ahead inc hosp","quantile",0.025,694,"COVID-19"
"DE-HB","00+",2023-04-20,2023-04-08,"-12 day ahead inc hosp","quantile",0.025,27,"COVID-19"
"DE-HE","00+",2023-04-20,2023-04-08,"-12 day ahead inc hosp","quantile",0.025,241,"COVID-19"
"DE-HH","00+",2023-04-20,2023-04-08,"-12 day ahead inc hosp","quantile",0.025,93,"COVID-19"
"DE-MV","00+",2023-04-20,2023-04-08,"-12 day ahead inc hosp","quantile",0.025,178,"COVID-19"
"DE-NI","00+",2023-04-20,2023-04-08,"-12 day ahead inc hosp","quantile",0.025,278,"COVID-19"
"DE-NW","00+",2023-04-20,2023-04-08,"-12 day ahead inc hosp","quantile",0.025,804,"COVID-19"
"DE-RP","00+",2023-04-20,2023-04-08,"-12 day ahead inc hosp","quantile",0.025,150,"COVID-19"
"DE-SH","00+",2023-04-20,2023-04-08,"-12 day ahead inc hosp","quantile",0.025,174,"COVID-19"
"DE-SL","00+",2023-04-20,2023-04-08,"-12 day ahead inc hosp","quantile",0.025,39,"COVID-19"
"DE-SN","00+",2023-04-20,2023-04-08,"-12 day ahead inc hosp","quantile",0.025,269,"COVID-19"
"DE-ST","00+",2023-04-20,2023-04-08,"-12 day ahead inc hosp","quantile",0.025,114,"COVID-19"
"DE-TH","00+",2023-04-20,2023-04-08,"-12 day ahead inc hosp","quantile",0.025,159,"COVID-19"
"DE","00-04",2023-04-20,2023-04-08,"-12 day ahead inc hosp","quantile",0.1,85,"COVID-19"
"DE","00+",2023-04-20,2023-04-08,"-12 day ahead inc hosp","quantile",0.1,3980,"COVID-19"
"DE","05-14",2023-04-20,2023-04-08,"-12 day ahead inc hosp","quantile",0.1,26,"COVID-19"
"DE","15-34",2023-04-20,2023-04-08,"-12 day ahead inc hosp","quantile",0.1,200,"COVID-19"
"DE","35-59",2023-04-20,2023-04-08,"-12 day ahead inc hosp","quantile",0.1,430,"COVID-19"
"DE","60-79",2023-04-20,2023-04-08,"-12 day ahead inc hosp","quantile",0.1,1445,"COVID-19"
"DE","80+",2023-04-20,2023-04-08,"-12 day ahead inc hosp","quantile",0.1,1784,"COVID-19"
"DE-BB","00+",2023-04-20,2023-04-08,"-12 day ahead inc hosp","quantile",0.1,218,"COVID-19"
"DE-BE","00+",2023-04-20,2023-04-08,"-12 day ahead inc hosp","quantile",0.1,284,"COVID-19"
"DE-BW","00+",2023-04-20,2023-04-08,"-12 day ahead inc hosp","quantile",0.1,218,"COVID-19"
"DE-BY","00+",2023-04-20,2023-04-08,"-12 day ahead inc hosp","quantile",0.1,698,"COVID-19"
"DE-HB","00+",2023-04-20,2023-04-08,"-12 day ahead inc hosp","quantile",0.1,27,"COVID-19"
"DE-HE","00+",2023-04-20,2023-04-08,"-12 day ahead inc hosp","quantile",0.1,242,"COVID-19"
"DE-HH","00+",2023-04-20,2023-04-08,"-12 day ahead inc hosp","quantile",0.1,94,"COVID-19"
"DE-MV","00+",2023-04-20,2023-04-08,"-12 day ahead inc hosp","quantile",0.1,178,"COVID-19"
"DE-NI","00+",2023-04-20,2023-04-08,"-12 day ahead inc hosp","quantile",0.1,280,"COVID-19"
"DE-NW","00+",2023-04-20,2023-04-08,"-12 day ahead inc hosp","quantile",0.1,808,"COVID-19"
"DE-RP","00+",2023-04-20,2023-04-08,"-12 day ahead inc hosp","quantile",0.1,152,"COVID-19"
"DE-SH","00+",2023-04-20,2023-04-08,"-12 day ahead inc hosp","quantile",0.1,175,"COVID-19"
"DE-SL","00+",2023-04-20,2023-04-08,"-12 day ahead inc hosp","quantile",0.1,39,"COVID-19"
"DE-SN","00+",2023-04-20,2023-04-08,"-12 day ahead inc hosp","quantile",0.1,271,"COVID-19"
"DE-ST","00+",2023-04-20,2023-04-08,"-12 day ahead inc hosp","quantile",0.1,114,"COVID-19"
"DE-TH","00+",2023-04-20,2023-04-08,"-12 day ahead inc hosp","quantile",0.1,160,"COVID-19"
"DE","00-04",2023-04-20,2023-04-08,"-12 day ahead inc hosp","quantile",0.25,86,"COVID-19"
"DE","00+",2023-04-20,2023-04-08,"-12 day ahead inc hosp","quantile",0.25,4001,"COVID-19"
"DE","05-14",2023-04-20,2023-04-08,"-12 day ahead inc hosp","quantile",0.25,26,"COVID-19"
"DE","15-34",2023-04-20,2023-04-08,"-12 day ahead inc hosp","quantile",0.25,202,"COVID-19"
"DE","35-59",2023-04-20,2023-04-08,"-12 day ahead inc hosp","quantile",0.25,433,"COVID-19"
"DE","60-79",2023-04-20,2023-04-08,"-12 day ahead inc hosp","quantile",0.25,1453,"COVID-19"
"DE","80+",2023-04-20,2023-04-08,"-12 day ahead inc hosp","quantile",0.25,1794,"COVID-19"
"DE-BB","00+",2023-04-20,2023-04-08,"-12 day ahead inc hosp","quantile",0.25,219,"COVID-19"
"DE-BE","00+",2023-04-20,2023-04-08,"-12 day ahead inc hosp","quantile",0.25,287,"COVID-19"
"DE-BW","00+",2023-04-20,2023-04-08,"-12 day ahead inc hosp","quantile",0.25,220,"COVID-19"
"DE-BY","00+",2023-04-20,2023-04-08,"-12 day ahead inc hosp","quantile",0.25,701,"COVID-19"
"DE-HB","00+",2023-04-20,2023-04-08,"-12 day ahead inc hosp","quantile",0.25,27,"COVID-19"
"DE-HE","00+",2023-04-20,2023-04-08,"-12 day ahead inc hosp","quantile",0.25,244,"COVID-19"
"DE-HH","00+",2023-04-20,2023-04-08,"-12 day ahead inc hosp","quantile",0.25,96,"COVID-19"
"DE-MV","00+",2023-04-20,2023-04-08,"-12 day ahead inc hosp","quantile",0.25,180,"COVID-19"
"DE-NI","00+",2023-04-20,2023-04-08,"-12 day ahead inc hosp","quantile",0.25,283,"COVID-19"
"DE-NW","00+",2023-04-20,2023-04-08,"-12 day ahead inc hosp","quantile",0.25,812,"COVID-19"
"DE-RP","00+",2023-04-20,2023-04-08,"-12 day ahead inc hosp","quantile",0.25,154,"COVID-19"
"DE-SH","00+",2023-04-20,2023-04-08,"-12 day ahead inc hosp","quantile",0.25,177,"COVID-19"
"DE-SL","00+",2023-04-20,2023-04-08,"-12 day ahead inc hosp","quantile",0.25,39,"COVID-19"
"DE-SN","00+",2023-04-20,2023-04-08,"-12 day ahead inc hosp","quantile",0.25,273,"COVID-19"
"DE-ST","00+",2023-04-20,2023-04-08,"-12 day ahead inc hosp","quantile",0.25,115,"COVID-19"
"DE-TH","00+",2023-04-20,2023-04-08,"-12 day ahead inc hosp","quantile",0.25,162,"COVID-19"
"DE","00-04",2023-04-20,2023-04-08,"-12 day ahead inc hosp","quantile",0.5,87,"COVID-19"
"DE","00+",2023-04-20,2023-04-08,"-12 day ahead inc hosp","quantile",0.5,4027,"COVID-19"
"DE","05-14",2023-04-20,2023-04-08,"-12 day ahead inc hosp","quantile",0.5,27,"COVID-19"
"DE","15-34",2023-04-20,2023-04-08,"-12 day ahead inc hosp","quantile",0.5,204,"COVID-19"
"DE","35-59",2023-04-20,2023-04-08,"-12 day ahead inc hosp","quantile",0.5,437,"COVID-19"
"DE","60-79",2023-04-20,2023-04-08,"-12 day ahead inc hosp","quantile",0.5,1463,"COVID-19"
"DE","80+",2023-04-20,2023-04-08,"-12 day ahead inc hosp","quantile",0.5,1806,"COVID-19"
"DE-BB","00+",2023-04-20,2023-04-08,"-12 day ahead inc hosp","quantile",0.5,222,"COVID-19"
"DE-BE","00+",2023-04-20,2023-04-08,"-12 day ahead inc hosp","quantile",0.5,291,"COVID-19"
"DE-BW","00+",2023-04-20,2023-04-08,"-12 day ahead inc hosp","quantile",0.5,222,"COVID-19"
"DE-BY","00+",2023-04-20,2023-04-08,"-12 day ahead inc hosp","quantile",0.5,705,"COVID-19"
"DE-HB","00+",2023-04-20,2023-04-08,"-12 day ahead inc hosp","quantile",0.5,29,"COVID-19"
"DE-HE","00+",2023-04-20,2023-04-08,"-12 day ahead inc hosp","quantile",0.5,247,"COVID-19"
"DE-HH","00+",2023-04-20,2023-04-08,"-12 day ahead inc hosp","quantile",0.5,99,"COVID-19"
"DE-MV","00+",2023-04-20,2023-04-08,"-12 day ahead inc hosp","quantile",0.5,182,"COVID-19"
"DE-NI","00+",2023-04-20,2023-04-08,"-12 day ahead inc hosp","quantile",0.5,287,"COVID-19"
"DE-NW","00+",2023-04-20,2023-04-08,"-12 day ahead inc hosp","quantile",0.5,818,"COVID-19"
"DE-RP","00+",2023-04-20,2023-04-08,"-12 day ahead inc hosp","quantile",0.5,157,"COVID-19"
"DE-SH","00+",2023-04-20,2023-04-08,"-12 day ahead inc hosp","quantile",0.5,180,"COVID-19"
"DE-SL","00+",2023-04-20,2023-04-08,"-12 day ahead inc hosp","quantile",0.5,39,"COVID-19"
"DE-SN","00+",2023-04-20,2023-04-08,"-12 day ahead inc hosp","quantile",0.5,277,"COVID-19"
"DE-ST","00+",2023-04-20,2023-04-08,"-12 day ahead inc hosp","quantile",0.5,116,"COVID-19"
"DE-TH","00+",2023-04-20,2023-04-08,"-12 day ahead inc hosp","quantile",0.5,163,"COVID-19"
"DE","00-04",2023-04-20,2023-04-08,"-12 day ahead inc hosp","quantile",0.75,89,"COVID-19"
"DE","00+",2023-04-20,2023-04-08,"-12 day ahead inc hosp","quantile",0.75,4057,"COVID-19"
"DE","05-14",2023-04-20,2023-04-08,"-12 day ahead inc hosp","quantile",0.75,27,"COVID-19"
"DE","15-34",2023-04-20,2023-04-08,"-12 day ahead inc hosp","quantile",0.75,208,"COVID-19"
"DE","35-59",2023-04-20,2023-04-08,"-12 day ahead inc hosp","quantile",0.75,442,"COVID-19"
"DE","60-79",2023-04-20,2023-04-08,"-12 day ahead inc hosp","quantile",0.75,1475,"COVID-19"
"DE","80+",2023-04-20,2023-04-08,"-12 day ahead inc hosp","quantile",0.75,1821,"COVID-19"
"DE-BB","00+",2023-04-20,2023-04-08,"-12 day ahead inc hosp","quantile",0.75,228,"COVID-19"
"DE-BE","00+",2023-04-20,2023-04-08,"-12 day ahead inc hosp","quantile",0.75,299,"COVID-19"
"DE-BW","00+",2023-04-20,2023-04-08,"-12 day ahead inc hosp","quantile",0.75,225,"COVID-19"
"DE-BY","00+",2023-04-20,2023-04-08,"-12 day ahead inc hosp","quantile",0.75,710,"COVID-19"
"DE-HB","00+",2023-04-20,2023-04-08,"-12 day ahead inc hosp","quantile",0.75,30,"COVID-19"
"DE-HE","00+",2023-04-20,2023-04-08,"-12 day ahead inc hosp","quantile",0.75,251,"COVID-19"
"DE-HH","00+",2023-04-20,2023-04-08,"-12 day ahead inc hosp","quantile",0.75,104,"COVID-19"
"DE-MV","00+",2023-04-20,2023-04-08,"-12 day ahead inc hosp","quantile",0.75,184,"COVID-19"
"DE-NI","00+",2023-04-20,2023-04-08,"-12 day ahead inc hosp","quantile",0.75,294,"COVID-19"
"DE-NW","00+",2023-04-20,2023-04-08,"-12 day ahead inc hosp","quantile",0.75,829,"COVID-19"
"DE-RP","00+",2023-04-20,2023-04-08,"-12 day ahead inc hosp","quantile",0.75,161,"COVID-19"
"DE-SH","00+",2023-04-20,2023-04-08,"-12 day ahead inc hosp","quantile",0.75,184,"COVID-19"
"DE-SL","00+",2023-04-20,2023-04-08,"-12 day ahead inc hosp","quantile",0.75,40,"COVID-19"
"DE-SN","00+",2023-04-20,2023-04-08,"-12 day ahead inc hosp","quantile",0.75,283,"COVID-19"
"DE-ST","00+",2023-04-20,2023-04-08,"-12 day ahead inc hosp","quantile",0.75,118,"COVID-19"
"DE-TH","00+",2023-04-20,2023-04-08,"-12 day ahead inc hosp","quantile",0.75,164,"COVID-19"
"DE","00-04",2023-04-20,2023-04-08,"-12 day ahead inc hosp","quantile",0.9,90,"COVID-19"
"DE","00+",2023-04-20,2023-04-08,"-12 day ahead inc hosp","quantile",0.9,4087,"COVID-19"
"DE","05-14",2023-04-20,2023-04-08,"-12 day ahead inc hosp","quantile",0.9,28,"COVID-19"
"DE","15-34",2023-04-20,2023-04-08,"-12 day ahead inc hosp","quantile",0.9,210,"COVID-19"
"DE","35-59",2023-04-20,2023-04-08,"-12 day ahead inc hosp","quantile",0.9,448,"COVID-19"
"DE","60-79",2023-04-20,2023-04-08,"-12 day ahead inc hosp","quantile",0.9,1486,"COVID-19"
"DE","80+",2023-04-20,2023-04-08,"-12 day ahead inc hosp","quantile",0.9,1836,"COVID-19"
"DE-BB","00+",2023-04-20,2023-04-08,"-12 day ahead inc hosp","quantile",0.9,235,"COVID-19"
"DE-BE","00+",2023-04-20,2023-04-08,"-12 day ahead inc hosp","quantile",0.9,308,"COVID-19"
"DE-BW","00+",2023-04-20,2023-04-08,"-12 day ahead inc hosp","quantile",0.9,228,"COVID-19"
"DE-BY","00+",2023-04-20,2023-04-08,"-12 day ahead inc hosp","quantile",0.9,715,"COVID-19"
"DE-HB","00+",2023-04-20,2023-04-08,"-12 day ahead inc hosp","quantile",0.9,32,"COVID-19"
"DE-HE","00+",2023-04-20,2023-04-08,"-12 day ahead inc hosp","quantile",0.9,256,"COVID-19"
"DE-HH","00+",2023-04-20,2023-04-08,"-12 day ahead inc hosp","quantile",0.9,108,"COVID-19"
"DE-MV","00+",2023-04-20,2023-04-08,"-12 day ahead inc hosp","quantile",0.9,186,"COVID-19"
"DE-NI","00+",2023-04-20,2023-04-08,"-12 day ahead inc hosp","quantile",0.9,300,"COVID-19"
"DE-NW","00+",2023-04-20,2023-04-08,"-12 day ahead inc hosp","quantile",0.9,831,"COVID-19"
"DE-RP","00+",2023-04-20,2023-04-08,"-12 day ahead inc hosp","quantile",0.9,165,"COVID-19"
"DE-SH","00+",2023-04-20,2023-04-08,"-12 day ahead inc hosp","quantile",0.9,186,"COVID-19"
"DE-SL","00+",2023-04-20,2023-04-08,"-12 day ahead inc hosp","quantile",0.9,42,"COVID-19"
"DE-SN","00+",2023-04-20,2023-04-08,"-12 day ahead inc hosp","quantile",0.9,286,"COVID-19"
"DE-ST","00+",2023-04-20,2023-04-08,"-12 day ahead inc hosp","quantile",0.9,120,"COVID-19"
"DE-TH","00+",2023-04-20,2023-04-08,"-12 day ahead inc hosp","quantile",0.9,166,"COVID-19"
"DE","00-04",2023-04-20,2023-04-08,"-12 day ahead inc hosp","quantile",0.975,92,"COVID-19"
"DE","00+",2023-04-20,2023-04-08,"-12 day ahead inc hosp","quantile",0.975,4126,"COVID-19"
"DE","05-14",2023-04-20,2023-04-08,"-12 day ahead inc hosp","quantile",0.975,29,"COVID-19"
"DE","15-34",2023-04-20,2023-04-08,"-12 day ahead inc hosp","quantile",0.975,214,"COVID-19"
"DE","35-59",2023-04-20,2023-04-08,"-12 day ahead inc hosp","quantile",0.975,455,"COVID-19"
"DE","60-79",2023-04-20,2023-04-08,"-12 day ahead inc hosp","quantile",0.975,1501,"COVID-19"
"DE","80+",2023-04-20,2023-04-08,"-12 day ahead inc hosp","quantile",0.975,1855,"COVID-19"
"DE-BB","00+",2023-04-20,2023-04-08,"-12 day ahead inc hosp","quantile",0.975,242,"COVID-19"
"DE-BE","00+",2023-04-20,2023-04-08,"-12 day ahead inc hosp","quantile",0.975,318,"COVID-19"
"DE-BW","00+",2023-04-20,2023-04-08,"-12 day ahead inc hosp","quantile",0.975,232,"COVID-19"
"DE-BY","00+",2023-04-20,2023-04-08,"-12 day ahead inc hosp","quantile",0.975,722,"COVID-19"
"DE-HB","00+",2023-04-20,2023-04-08,"-12 day ahead inc hosp","quantile",0.975,33,"COVID-19"
"DE-HE","00+",2023-04-20,2023-04-08,"-12 day ahead inc hosp","quantile",0.975,260,"COVID-19"
"DE-HH","00+",2023-04-20,2023-04-08,"-12 day ahead inc hosp","quantile",0.975,114,"COVID-19"
"DE-MV","00+",2023-04-20,2023-04-08,"-12 day ahead inc hosp","quantile",0.975,190,"COVID-19"
"DE-NI","00+",2023-04-20,2023-04-08,"-12 day ahead inc hosp","quantile",0.975,301,"COVID-19"
"DE-NW","00+",2023-04-20,2023-04-08,"-12 day ahead inc hosp","quantile",0.975,840,"COVID-19"
"DE-RP","00+",2023-04-20,2023-04-08,"-12 day ahead inc hosp","quantile",0.975,171,"COVID-19"
"DE-SH","00+",2023-04-20,2023-04-08,"-12 day ahead inc hosp","quantile",0.975,190,"COVID-19"
"DE-SL","00+",2023-04-20,2023-04-08,"-12 day ahead inc hosp","quantile",0.975,43,"COVID-19"
"DE-SN","00+",2023-04-20,2023-04-08,"-12 day ahead inc hosp","quantile",0.975,289,"COVID-19"
"DE-ST","00+",2023-04-20,2023-04-08,"-12 day ahead inc hosp","quantile",0.975,123,"COVID-19"
"DE-TH","00+",2023-04-20,2023-04-08,"-12 day ahead inc hosp","quantile",0.975,169,"COVID-19"
"DE","00-04",2023-04-20,2023-04-09,"-11 day ahead inc hosp","mean",NA,85,"COVID-19"
"DE","00+",2023-04-20,2023-04-09,"-11 day ahead inc hosp","mean",NA,4009,"COVID-19"
"DE","05-14",2023-04-20,2023-04-09,"-11 day ahead inc hosp","mean",NA,26,"COVID-19"
"DE","15-34",2023-04-20,2023-04-09,"-11 day ahead inc hosp","mean",NA,205,"COVID-19"
"DE","35-59",2023-04-20,2023-04-09,"-11 day ahead inc hosp","mean",NA,430,"COVID-19"
"DE","60-79",2023-04-20,2023-04-09,"-11 day ahead inc hosp","mean",NA,1461,"COVID-19"
"DE","80+",2023-04-20,2023-04-09,"-11 day ahead inc hosp","mean",NA,1801,"COVID-19"
"DE-BB","00+",2023-04-20,2023-04-09,"-11 day ahead inc hosp","mean",NA,227,"COVID-19"
"DE-BE","00+",2023-04-20,2023-04-09,"-11 day ahead inc hosp","mean",NA,294,"COVID-19"
"DE-BW","00+",2023-04-20,2023-04-09,"-11 day ahead inc hosp","mean",NA,228,"COVID-19"
"DE-BY","00+",2023-04-20,2023-04-09,"-11 day ahead inc hosp","mean",NA,705,"COVID-19"
"DE-HB","00+",2023-04-20,2023-04-09,"-11 day ahead inc hosp","mean",NA,29,"COVID-19"
"DE-HE","00+",2023-04-20,2023-04-09,"-11 day ahead inc hosp","mean",NA,249,"COVID-19"
"DE-HH","00+",2023-04-20,2023-04-09,"-11 day ahead inc hosp","mean",NA,97,"COVID-19"
"DE-MV","00+",2023-04-20,2023-04-09,"-11 day ahead inc hosp","mean",NA,185,"COVID-19"
"DE-NI","00+",2023-04-20,2023-04-09,"-11 day ahead inc hosp","mean",NA,291,"COVID-19"
"DE-NW","00+",2023-04-20,2023-04-09,"-11 day ahead inc hosp","mean",NA,812,"COVID-19"
"DE-RP","00+",2023-04-20,2023-04-09,"-11 day ahead inc hosp","mean",NA,158,"COVID-19"
"DE-SH","00+",2023-04-20,2023-04-09,"-11 day ahead inc hosp","mean",NA,181,"COVID-19"
"DE-SL","00+",2023-04-20,2023-04-09,"-11 day ahead inc hosp","mean",NA,40,"COVID-19"
"DE-SN","00+",2023-04-20,2023-04-09,"-11 day ahead inc hosp","mean",NA,252,"COVID-19"
"DE-ST","00+",2023-04-20,2023-04-09,"-11 day ahead inc hosp","mean",NA,116,"COVID-19"
"DE-TH","00+",2023-04-20,2023-04-09,"-11 day ahead inc hosp","mean",NA,162,"COVID-19"
"DE","00-04",2023-04-20,2023-04-09,"-11 day ahead inc hosp","quantile",0.025,82,"COVID-19"
"DE","00+",2023-04-20,2023-04-09,"-11 day ahead inc hosp","quantile",0.025,3939,"COVID-19"
"DE","05-14",2023-04-20,2023-04-09,"-11 day ahead inc hosp","quantile",0.025,25,"COVID-19"
"DE","15-34",2023-04-20,2023-04-09,"-11 day ahead inc hosp","quantile",0.025,200,"COVID-19"
"DE","35-59",2023-04-20,2023-04-09,"-11 day ahead inc hosp","quantile",0.025,420,"COVID-19"
"DE","60-79",2023-04-20,2023-04-09,"-11 day ahead inc hosp","quantile",0.025,1433,"COVID-19"
"DE","80+",2023-04-20,2023-04-09,"-11 day ahead inc hosp","quantile",0.025,1766,"COVID-19"
"DE-BB","00+",2023-04-20,2023-04-09,"-11 day ahead inc hosp","quantile",0.025,219,"COVID-19"
"DE-BE","00+",2023-04-20,2023-04-09,"-11 day ahead inc hosp","quantile",0.025,283,"COVID-19"
"DE-BW","00+",2023-04-20,2023-04-09,"-11 day ahead inc hosp","quantile",0.025,221,"COVID-19"
"DE-BY","00+",2023-04-20,2023-04-09,"-11 day ahead inc hosp","quantile",0.025,693,"COVID-19"
"DE-HB","00+",2023-04-20,2023-04-09,"-11 day ahead inc hosp","quantile",0.025,27,"COVID-19"
"DE-HE","00+",2023-04-20,2023-04-09,"-11 day ahead inc hosp","quantile",0.025,242,"COVID-19"
"DE-HH","00+",2023-04-20,2023-04-09,"-11 day ahead inc hosp","quantile",0.025,91,"COVID-19"
"DE-MV","00+",2023-04-20,2023-04-09,"-11 day ahead inc hosp","quantile",0.025,180,"COVID-19"
"DE-NI","00+",2023-04-20,2023-04-09,"-11 day ahead inc hosp","quantile",0.025,280,"COVID-19"
"DE-NW","00+",2023-04-20,2023-04-09,"-11 day ahead inc hosp","quantile",0.025,797,"COVID-19"
"DE-RP","00+",2023-04-20,2023-04-09,"-11 day ahead inc hosp","quantile",0.025,150,"COVID-19"
"DE-SH","00+",2023-04-20,2023-04-09,"-11 day ahead inc hosp","quantile",0.025,174,"COVID-19"
"DE-SL","00+",2023-04-20,2023-04-09,"-11 day ahead inc hosp","quantile",0.025,39,"COVID-19"
"DE-SN","00+",2023-04-20,2023-04-09,"-11 day ahead inc hosp","quantile",0.025,243,"COVID-19"
"DE-ST","00+",2023-04-20,2023-04-09,"-11 day ahead inc hosp","quantile",0.025,113,"COVID-19"
"DE-TH","00+",2023-04-20,2023-04-09,"-11 day ahead inc hosp","quantile",0.025,158,"COVID-19"
"DE","00-04",2023-04-20,2023-04-09,"-11 day ahead inc hosp","quantile",0.1,83,"COVID-19"
"DE","00+",2023-04-20,2023-04-09,"-11 day ahead inc hosp","quantile",0.1,3959,"COVID-19"
"DE","05-14",2023-04-20,2023-04-09,"-11 day ahead inc hosp","quantile",0.1,25,"COVID-19"
"DE","15-34",2023-04-20,2023-04-09,"-11 day ahead inc hosp","quantile",0.1,201,"COVID-19"
"DE","35-59",2023-04-20,2023-04-09,"-11 day ahead inc hosp","quantile",0.1,423,"COVID-19"
"DE","60-79",2023-04-20,2023-04-09,"-11 day ahead inc hosp","quantile",0.1,1441,"COVID-19"
"DE","80+",2023-04-20,2023-04-09,"-11 day ahead inc hosp","quantile",0.1,1776,"COVID-19"
"DE-BB","00+",2023-04-20,2023-04-09,"-11 day ahead inc hosp","quantile",0.1,220,"COVID-19"
"DE-BE","00+",2023-04-20,2023-04-09,"-11 day ahead inc hosp","quantile",0.1,284,"COVID-19"
"DE-BW","00+",2023-04-20,2023-04-09,"-11 day ahead inc hosp","quantile",0.1,223,"COVID-19"
"DE-BY","00+",2023-04-20,2023-04-09,"-11 day ahead inc hosp","quantile",0.1,696,"COVID-19"
"DE-HB","00+",2023-04-20,2023-04-09,"-11 day ahead inc hosp","quantile",0.1,27,"COVID-19"
"DE-HE","00+",2023-04-20,2023-04-09,"-11 day ahead inc hosp","quantile",0.1,243,"COVID-19"
"DE-HH","00+",2023-04-20,2023-04-09,"-11 day ahead inc hosp","quantile",0.1,92,"COVID-19"
"DE-MV","00+",2023-04-20,2023-04-09,"-11 day ahead inc hosp","quantile",0.1,182,"COVID-19"
"DE-NI","00+",2023-04-20,2023-04-09,"-11 day ahead inc hosp","quantile",0.1,283,"COVID-19"
"DE-NW","00+",2023-04-20,2023-04-09,"-11 day ahead inc hosp","quantile",0.1,801,"COVID-19"
"DE-RP","00+",2023-04-20,2023-04-09,"-11 day ahead inc hosp","quantile",0.1,152,"COVID-19"
"DE-SH","00+",2023-04-20,2023-04-09,"-11 day ahead inc hosp","quantile",0.1,176,"COVID-19"
"DE-SL","00+",2023-04-20,2023-04-09,"-11 day ahead inc hosp","quantile",0.1,39,"COVID-19"
"DE-SN","00+",2023-04-20,2023-04-09,"-11 day ahead inc hosp","quantile",0.1,245,"COVID-19"
"DE-ST","00+",2023-04-20,2023-04-09,"-11 day ahead inc hosp","quantile",0.1,114,"COVID-19"
"DE-TH","00+",2023-04-20,2023-04-09,"-11 day ahead inc hosp","quantile",0.1,159,"COVID-19"
"DE","00-04",2023-04-20,2023-04-09,"-11 day ahead inc hosp","quantile",0.25,84,"COVID-19"
"DE","00+",2023-04-20,2023-04-09,"-11 day ahead inc hosp","quantile",0.25,3979,"COVID-19"
"DE","05-14",2023-04-20,2023-04-09,"-11 day ahead inc hosp","quantile",0.25,25,"COVID-19"
"DE","15-34",2023-04-20,2023-04-09,"-11 day ahead inc hosp","quantile",0.25,203,"COVID-19"
"DE","35-59",2023-04-20,2023-04-09,"-11 day ahead inc hosp","quantile",0.25,425,"COVID-19"
"DE","60-79",2023-04-20,2023-04-09,"-11 day ahead inc hosp","quantile",0.25,1449,"COVID-19"
"DE","80+",2023-04-20,2023-04-09,"-11 day ahead inc hosp","quantile",0.25,1786,"COVID-19"
"DE-BB","00+",2023-04-20,2023-04-09,"-11 day ahead inc hosp","quantile",0.25,224,"COVID-19"
"DE-BE","00+",2023-04-20,2023-04-09,"-11 day ahead inc hosp","quantile",0.25,287,"COVID-19"
"DE-BW","00+",2023-04-20,2023-04-09,"-11 day ahead inc hosp","quantile",0.25,225,"COVID-19"
"DE-BY","00+",2023-04-20,2023-04-09,"-11 day ahead inc hosp","quantile",0.25,700,"COVID-19"
"DE-HB","00+",2023-04-20,2023-04-09,"-11 day ahead inc hosp","quantile",0.25,28,"COVID-19"
"DE-HE","00+",2023-04-20,2023-04-09,"-11 day ahead inc hosp","quantile",0.25,245,"COVID-19"
"DE-HH","00+",2023-04-20,2023-04-09,"-11 day ahead inc hosp","quantile",0.25,94,"COVID-19"
"DE-MV","00+",2023-04-20,2023-04-09,"-11 day ahead inc hosp","quantile",0.25,182,"COVID-19"
"DE-NI","00+",2023-04-20,2023-04-09,"-11 day ahead inc hosp","quantile",0.25,285,"COVID-19"
"DE-NW","00+",2023-04-20,2023-04-09,"-11 day ahead inc hosp","quantile",0.25,805,"COVID-19"
"DE-RP","00+",2023-04-20,2023-04-09,"-11 day ahead inc hosp","quantile",0.25,154,"COVID-19"
"DE-SH","00+",2023-04-20,2023-04-09,"-11 day ahead inc hosp","quantile",0.25,178,"COVID-19"
"DE-SL","00+",2023-04-20,2023-04-09,"-11 day ahead inc hosp","quantile",0.25,39,"COVID-19"
"DE-SN","00+",2023-04-20,2023-04-09,"-11 day ahead inc hosp","quantile",0.25,247,"COVID-19"
"DE-ST","00+",2023-04-20,2023-04-09,"-11 day ahead inc hosp","quantile",0.25,114,"COVID-19"
"DE-TH","00+",2023-04-20,2023-04-09,"-11 day ahead inc hosp","quantile",0.25,161,"COVID-19"
"DE","00-04",2023-04-20,2023-04-09,"-11 day ahead inc hosp","quantile",0.5,85,"COVID-19"
"DE","00+",2023-04-20,2023-04-09,"-11 day ahead inc hosp","quantile",0.5,4005,"COVID-19"
"DE","05-14",2023-04-20,2023-04-09,"-11 day ahead inc hosp","quantile",0.5,25,"COVID-19"
"DE","15-34",2023-04-20,2023-04-09,"-11 day ahead inc hosp","quantile",0.5,205,"COVID-19"
"DE","35-59",2023-04-20,2023-04-09,"-11 day ahead inc hosp","quantile",0.5,429,"COVID-19"
"DE","60-79",2023-04-20,2023-04-09,"-11 day ahead inc hosp","quantile",0.5,1459,"COVID-19"
"DE","80+",2023-04-20,2023-04-09,"-11 day ahead inc hosp","quantile",0.5,1798,"COVID-19"
"DE-BB","00+",2023-04-20,2023-04-09,"-11 day ahead inc hosp","quantile",0.5,226,"COVID-19"
"DE-BE","00+",2023-04-20,2023-04-09,"-11 day ahead inc hosp","quantile",0.5,292,"COVID-19"
"DE-BW","00+",2023-04-20,2023-04-09,"-11 day ahead inc hosp","quantile",0.5,227,"COVID-19"
"DE-BY","00+",2023-04-20,2023-04-09,"-11 day ahead inc hosp","quantile",0.5,704,"COVID-19"
"DE-HB","00+",2023-04-20,2023-04-09,"-11 day ahead inc hosp","quantile",0.5,29,"COVID-19"
"DE-HE","00+",2023-04-20,2023-04-09,"-11 day ahead inc hosp","quantile",0.5,248,"COVID-19"
"DE-HH","00+",2023-04-20,2023-04-09,"-11 day ahead inc hosp","quantile",0.5,97,"COVID-19"
"DE-MV","00+",2023-04-20,2023-04-09,"-11 day ahead inc hosp","quantile",0.5,184,"COVID-19"
"DE-NI","00+",2023-04-20,2023-04-09,"-11 day ahead inc hosp","quantile",0.5,291,"COVID-19"
"DE-NW","00+",2023-04-20,2023-04-09,"-11 day ahead inc hosp","quantile",0.5,811,"COVID-19"
"DE-RP","00+",2023-04-20,2023-04-09,"-11 day ahead inc hosp","quantile",0.5,157,"COVID-19"
"DE-SH","00+",2023-04-20,2023-04-09,"-11 day ahead inc hosp","quantile",0.5,181,"COVID-19"
"DE-SL","00+",2023-04-20,2023-04-09,"-11 day ahead inc hosp","quantile",0.5,39,"COVID-19"
"DE-SN","00+",2023-04-20,2023-04-09,"-11 day ahead inc hosp","quantile",0.5,251,"COVID-19"
"DE-ST","00+",2023-04-20,2023-04-09,"-11 day ahead inc hosp","quantile",0.5,116,"COVID-19"
"DE-TH","00+",2023-04-20,2023-04-09,"-11 day ahead inc hosp","quantile",0.5,162,"COVID-19"
"DE","00-04",2023-04-20,2023-04-09,"-11 day ahead inc hosp","quantile",0.75,87,"COVID-19"
"DE","00+",2023-04-20,2023-04-09,"-11 day ahead inc hosp","quantile",0.75,4038,"COVID-19"
"DE","05-14",2023-04-20,2023-04-09,"-11 day ahead inc hosp","quantile",0.75,26,"COVID-19"
"DE","15-34",2023-04-20,2023-04-09,"-11 day ahead inc hosp","quantile",0.75,210,"COVID-19"
"DE","35-59",2023-04-20,2023-04-09,"-11 day ahead inc hosp","quantile",0.75,434,"COVID-19"
"DE","60-79",2023-04-20,2023-04-09,"-11 day ahead inc hosp","quantile",0.75,1471,"COVID-19"
"DE","80+",2023-04-20,2023-04-09,"-11 day ahead inc hosp","quantile",0.75,1813,"COVID-19"
"DE-BB","00+",2023-04-20,2023-04-09,"-11 day ahead inc hosp","quantile",0.75,231,"COVID-19"
"DE-BE","00+",2023-04-20,2023-04-09,"-11 day ahead inc hosp","quantile",0.75,301,"COVID-19"
"DE-BW","00+",2023-04-20,2023-04-09,"-11 day ahead inc hosp","quantile",0.75,232,"COVID-19"
"DE-BY","00+",2023-04-20,2023-04-09,"-11 day ahead inc hosp","quantile",0.75,709,"COVID-19"
"DE-HB","00+",2023-04-20,2023-04-09,"-11 day ahead inc hosp","quantile",0.75,30,"COVID-19"
"DE-HE","00+",2023-04-20,2023-04-09,"-11 day ahead inc hosp","quantile",0.75,252,"COVID-19"
"DE-HH","00+",2023-04-20,2023-04-09,"-11 day ahead inc hosp","quantile",0.75,102,"COVID-19"
"DE-MV","00+",2023-04-20,2023-04-09,"-11 day ahead inc hosp","quantile",0.75,186,"COVID-19"
"DE-NI","00+",2023-04-20,2023-04-09,"-11 day ahead inc hosp","quantile",0.75,299,"COVID-19"
"DE-NW","00+",2023-04-20,2023-04-09,"-11 day ahead inc hosp","quantile",0.75,821,"COVID-19"
"DE-RP","00+",2023-04-20,2023-04-09,"-11 day ahead inc hosp","quantile",0.75,161,"COVID-19"
"DE-SH","00+",2023-04-20,2023-04-09,"-11 day ahead inc hosp","quantile",0.75,185,"COVID-19"
"DE-SL","00+",2023-04-20,2023-04-09,"-11 day ahead inc hosp","quantile",0.75,40,"COVID-19"
"DE-SN","00+",2023-04-20,2023-04-09,"-11 day ahead inc hosp","quantile",0.75,256,"COVID-19"
"DE-ST","00+",2023-04-20,2023-04-09,"-11 day ahead inc hosp","quantile",0.75,118,"COVID-19"
"DE-TH","00+",2023-04-20,2023-04-09,"-11 day ahead inc hosp","quantile",0.75,163,"COVID-19"
"DE","00-04",2023-04-20,2023-04-09,"-11 day ahead inc hosp","quantile",0.9,88,"COVID-19"
"DE","00+",2023-04-20,2023-04-09,"-11 day ahead inc hosp","quantile",0.9,4065,"COVID-19"
"DE","05-14",2023-04-20,2023-04-09,"-11 day ahead inc hosp","quantile",0.9,27,"COVID-19"
"DE","15-34",2023-04-20,2023-04-09,"-11 day ahead inc hosp","quantile",0.9,211,"COVID-19"
"DE","35-59",2023-04-20,2023-04-09,"-11 day ahead inc hosp","quantile",0.9,439,"COVID-19"
"DE","60-79",2023-04-20,2023-04-09,"-11 day ahead inc hosp","quantile",0.9,1483,"COVID-19"
"DE","80+",2023-04-20,2023-04-09,"-11 day ahead inc hosp","quantile",0.9,1828,"COVID-19"
"DE-BB","00+",2023-04-20,2023-04-09,"-11 day ahead inc hosp","quantile",0.9,238,"COVID-19"
"DE-BE","00+",2023-04-20,2023-04-09,"-11 day ahead inc hosp","quantile",0.9,308,"COVID-19"
"DE-BW","00+",2023-04-20,2023-04-09,"-11 day ahead inc hosp","quantile",0.9,235,"COVID-19"
"DE-BY","00+",2023-04-20,2023-04-09,"-11 day ahead inc hosp","quantile",0.9,714,"COVID-19"
"DE-HB","00+",2023-04-20,2023-04-09,"-11 day ahead inc hosp","quantile",0.9,32,"COVID-19"
"DE-HE","00+",2023-04-20,2023-04-09,"-11 day ahead inc hosp","quantile",0.9,257,"COVID-19"
"DE-HH","00+",2023-04-20,2023-04-09,"-11 day ahead inc hosp","quantile",0.9,106,"COVID-19"
"DE-MV","00+",2023-04-20,2023-04-09,"-11 day ahead inc hosp","quantile",0.9,189,"COVID-19"
"DE-NI","00+",2023-04-20,2023-04-09,"-11 day ahead inc hosp","quantile",0.9,303,"COVID-19"
"DE-NW","00+",2023-04-20,2023-04-09,"-11 day ahead inc hosp","quantile",0.9,826,"COVID-19"
"DE-RP","00+",2023-04-20,2023-04-09,"-11 day ahead inc hosp","quantile",0.9,165,"COVID-19"
"DE-SH","00+",2023-04-20,2023-04-09,"-11 day ahead inc hosp","quantile",0.9,188,"COVID-19"
"DE-SL","00+",2023-04-20,2023-04-09,"-11 day ahead inc hosp","quantile",0.9,42,"COVID-19"
"DE-SN","00+",2023-04-20,2023-04-09,"-11 day ahead inc hosp","quantile",0.9,260,"COVID-19"
"DE-ST","00+",2023-04-20,2023-04-09,"-11 day ahead inc hosp","quantile",0.9,119,"COVID-19"
"DE-TH","00+",2023-04-20,2023-04-09,"-11 day ahead inc hosp","quantile",0.9,165,"COVID-19"
"DE","00-04",2023-04-20,2023-04-09,"-11 day ahead inc hosp","quantile",0.975,90,"COVID-19"
"DE","00+",2023-04-20,2023-04-09,"-11 day ahead inc hosp","quantile",0.975,4103,"COVID-19"
"DE","05-14",2023-04-20,2023-04-09,"-11 day ahead inc hosp","quantile",0.975,28,"COVID-19"
"DE","15-34",2023-04-20,2023-04-09,"-11 day ahead inc hosp","quantile",0.975,215,"COVID-19"
"DE","35-59",2023-04-20,2023-04-09,"-11 day ahead inc hosp","quantile",0.975,446,"COVID-19"
"DE","60-79",2023-04-20,2023-04-09,"-11 day ahead inc hosp","quantile",0.975,1498,"COVID-19"
"DE","80+",2023-04-20,2023-04-09,"-11 day ahead inc hosp","quantile",0.975,1847,"COVID-19"
"DE-BB","00+",2023-04-20,2023-04-09,"-11 day ahead inc hosp","quantile",0.975,246,"COVID-19"
"DE-BE","00+",2023-04-20,2023-04-09,"-11 day ahead inc hosp","quantile",0.975,318,"COVID-19"
"DE-BW","00+",2023-04-20,2023-04-09,"-11 day ahead inc hosp","quantile",0.975,238,"COVID-19"
"DE-BY","00+",2023-04-20,2023-04-09,"-11 day ahead inc hosp","quantile",0.975,720,"COVID-19"
"DE-HB","00+",2023-04-20,2023-04-09,"-11 day ahead inc hosp","quantile",0.975,33,"COVID-19"
"DE-HE","00+",2023-04-20,2023-04-09,"-11 day ahead inc hosp","quantile",0.975,262,"COVID-19"
"DE-HH","00+",2023-04-20,2023-04-09,"-11 day ahead inc hosp","quantile",0.975,112,"COVID-19"
"DE-MV","00+",2023-04-20,2023-04-09,"-11 day ahead inc hosp","quantile",0.975,192,"COVID-19"
"DE-NI","00+",2023-04-20,2023-04-09,"-11 day ahead inc hosp","quantile",0.975,308,"COVID-19"
"DE-NW","00+",2023-04-20,2023-04-09,"-11 day ahead inc hosp","quantile",0.975,832,"COVID-19"
"DE-RP","00+",2023-04-20,2023-04-09,"-11 day ahead inc hosp","quantile",0.975,171,"COVID-19"
"DE-SH","00+",2023-04-20,2023-04-09,"-11 day ahead inc hosp","quantile",0.975,192,"COVID-19"
"DE-SL","00+",2023-04-20,2023-04-09,"-11 day ahead inc hosp","quantile",0.975,43,"COVID-19"
"DE-SN","00+",2023-04-20,2023-04-09,"-11 day ahead inc hosp","quantile",0.975,263,"COVID-19"
"DE-ST","00+",2023-04-20,2023-04-09,"-11 day ahead inc hosp","quantile",0.975,122,"COVID-19"
"DE-TH","00+",2023-04-20,2023-04-09,"-11 day ahead inc hosp","quantile",0.975,168,"COVID-19"
"DE","00-04",2023-04-20,2023-04-10,"-10 day ahead inc hosp","mean",NA,85,"COVID-19"
"DE","00+",2023-04-20,2023-04-10,"-10 day ahead inc hosp","mean",NA,3986,"COVID-19"
"DE","05-14",2023-04-20,2023-04-10,"-10 day ahead inc hosp","mean",NA,26,"COVID-19"
"DE","15-34",2023-04-20,2023-04-10,"-10 day ahead inc hosp","mean",NA,206,"COVID-19"
"DE","35-59",2023-04-20,2023-04-10,"-10 day ahead inc hosp","mean",NA,430,"COVID-19"
"DE","60-79",2023-04-20,2023-04-10,"-10 day ahead inc hosp","mean",NA,1440,"COVID-19"
"DE","80+",2023-04-20,2023-04-10,"-10 day ahead inc hosp","mean",NA,1799,"COVID-19"
"DE-BB","00+",2023-04-20,2023-04-10,"-10 day ahead inc hosp","mean",NA,234,"COVID-19"
"DE-BE","00+",2023-04-20,2023-04-10,"-10 day ahead inc hosp","mean",NA,294,"COVID-19"
"DE-BW","00+",2023-04-20,2023-04-10,"-10 day ahead inc hosp","mean",NA,230,"COVID-19"
"DE-BY","00+",2023-04-20,2023-04-10,"-10 day ahead inc hosp","mean",NA,710,"COVID-19"
"DE-HB","00+",2023-04-20,2023-04-10,"-10 day ahead inc hosp","mean",NA,29,"COVID-19"
"DE-HE","00+",2023-04-20,2023-04-10,"-10 day ahead inc hosp","mean",NA,242,"COVID-19"
"DE-HH","00+",2023-04-20,2023-04-10,"-10 day ahead inc hosp","mean",NA,80,"COVID-19"
"DE-MV","00+",2023-04-20,2023-04-10,"-10 day ahead inc hosp","mean",NA,182,"COVID-19"
"DE-NI","00+",2023-04-20,2023-04-10,"-10 day ahead inc hosp","mean",NA,287,"COVID-19"
"DE-NW","00+",2023-04-20,2023-04-10,"-10 day ahead inc hosp","mean",NA,805,"COVID-19"
"DE-RP","00+",2023-04-20,2023-04-10,"-10 day ahead inc hosp","mean",NA,162,"COVID-19"
"DE-SH","00+",2023-04-20,2023-04-10,"-10 day ahead inc hosp","mean",NA,177,"COVID-19"
"DE-SL","00+",2023-04-20,2023-04-10,"-10 day ahead inc hosp","mean",NA,40,"COVID-19"
"DE-SN","00+",2023-04-20,2023-04-10,"-10 day ahead inc hosp","mean",NA,244,"COVID-19"
"DE-ST","00+",2023-04-20,2023-04-10,"-10 day ahead inc hosp","mean",NA,117,"COVID-19"
"DE-TH","00+",2023-04-20,2023-04-10,"-10 day ahead inc hosp","mean",NA,160,"COVID-19"
"DE","00-04",2023-04-20,2023-04-10,"-10 day ahead inc hosp","quantile",0.025,82,"COVID-19"
"DE","00+",2023-04-20,2023-04-10,"-10 day ahead inc hosp","quantile",0.025,3916,"COVID-19"
"DE","05-14",2023-04-20,2023-04-10,"-10 day ahead inc hosp","quantile",0.025,25,"COVID-19"
"DE","15-34",2023-04-20,2023-04-10,"-10 day ahead inc hosp","quantile",0.025,200,"COVID-19"
"DE","35-59",2023-04-20,2023-04-10,"-10 day ahead inc hosp","quantile",0.025,419,"COVID-19"
"DE","60-79",2023-04-20,2023-04-10,"-10 day ahead inc hosp","quantile",0.025,1412,"COVID-19"
"DE","80+",2023-04-20,2023-04-10,"-10 day ahead inc hosp","quantile",0.025,1764,"COVID-19"
"DE-BB","00+",2023-04-20,2023-04-10,"-10 day ahead inc hosp","quantile",0.025,226,"COVID-19"
"DE-BE","00+",2023-04-20,2023-04-10,"-10 day ahead inc hosp","quantile",0.025,283,"COVID-19"
"DE-BW","00+",2023-04-20,2023-04-10,"-10 day ahead inc hosp","quantile",0.025,223,"COVID-19"
"DE-BY","00+",2023-04-20,2023-04-10,"-10 day ahead inc hosp","quantile",0.025,698,"COVID-19"
"DE-HB","00+",2023-04-20,2023-04-10,"-10 day ahead inc hosp","quantile",0.025,27,"COVID-19"
"DE-HE","00+",2023-04-20,2023-04-10,"-10 day ahead inc hosp","quantile",0.025,235,"COVID-19"
"DE-HH","00+",2023-04-20,2023-04-10,"-10 day ahead inc hosp","quantile",0.025,75,"COVID-19"
"DE-MV","00+",2023-04-20,2023-04-10,"-10 day ahead inc hosp","quantile",0.025,178,"COVID-19"
"DE-NI","00+",2023-04-20,2023-04-10,"-10 day ahead inc hosp","quantile",0.025,277,"COVID-19"
"DE-NW","00+",2023-04-20,2023-04-10,"-10 day ahead inc hosp","quantile",0.025,790,"COVID-19"
"DE-RP","00+",2023-04-20,2023-04-10,"-10 day ahead inc hosp","quantile",0.025,154,"COVID-19"
"DE-SH","00+",2023-04-20,2023-04-10,"-10 day ahead inc hosp","quantile",0.025,170,"COVID-19"
"DE-SL","00+",2023-04-20,2023-04-10,"-10 day ahead inc hosp","quantile",0.025,39,"COVID-19"
"DE-SN","00+",2023-04-20,2023-04-10,"-10 day ahead inc hosp","quantile",0.025,235,"COVID-19"
"DE-ST","00+",2023-04-20,2023-04-10,"-10 day ahead inc hosp","quantile",0.025,114,"COVID-19"
"DE-TH","00+",2023-04-20,2023-04-10,"-10 day ahead inc hosp","quantile",0.025,156,"COVID-19"
"DE","00-04",2023-04-20,2023-04-10,"-10 day ahead inc hosp","quantile",0.1,83,"COVID-19"
"DE","00+",2023-04-20,2023-04-10,"-10 day ahead inc hosp","quantile",0.1,3936,"COVID-19"
"DE","05-14",2023-04-20,2023-04-10,"-10 day ahead inc hosp","quantile",0.1,25,"COVID-19"
"DE","15-34",2023-04-20,2023-04-10,"-10 day ahead inc hosp","quantile",0.1,201,"COVID-19"
"DE","35-59",2023-04-20,2023-04-10,"-10 day ahead inc hosp","quantile",0.1,422,"COVID-19"
"DE","60-79",2023-04-20,2023-04-10,"-10 day ahead inc hosp","quantile",0.1,1420,"COVID-19"
"DE","80+",2023-04-20,2023-04-10,"-10 day ahead inc hosp","quantile",0.1,1774,"COVID-19"
"DE-BB","00+",2023-04-20,2023-04-10,"-10 day ahead inc hosp","quantile",0.1,228,"COVID-19"
"DE-BE","00+",2023-04-20,2023-04-10,"-10 day ahead inc hosp","quantile",0.1,285,"COVID-19"
"DE-BW","00+",2023-04-20,2023-04-10,"-10 day ahead inc hosp","quantile",0.1,225,"COVID-19"
"DE-BY","00+",2023-04-20,2023-04-10,"-10 day ahead inc hosp","quantile",0.1,702,"COVID-19"
"DE-HB","00+",2023-04-20,2023-04-10,"-10 day ahead inc hosp","quantile",0.1,27,"COVID-19"
"DE-HE","00+",2023-04-20,2023-04-10,"-10 day ahead inc hosp","quantile",0.1,236,"COVID-19"
"DE-HH","00+",2023-04-20,2023-04-10,"-10 day ahead inc hosp","quantile",0.1,75,"COVID-19"
"DE-MV","00+",2023-04-20,2023-04-10,"-10 day ahead inc hosp","quantile",0.1,178,"COVID-19"
"DE-NI","00+",2023-04-20,2023-04-10,"-10 day ahead inc hosp","quantile",0.1,279,"COVID-19"
"DE-NW","00+",2023-04-20,2023-04-10,"-10 day ahead inc hosp","quantile",0.1,794,"COVID-19"
"DE-RP","00+",2023-04-20,2023-04-10,"-10 day ahead inc hosp","quantile",0.1,156,"COVID-19"
"DE-SH","00+",2023-04-20,2023-04-10,"-10 day ahead inc hosp","quantile",0.1,172,"COVID-19"
"DE-SL","00+",2023-04-20,2023-04-10,"-10 day ahead inc hosp","quantile",0.1,39,"COVID-19"
"DE-SN","00+",2023-04-20,2023-04-10,"-10 day ahead inc hosp","quantile",0.1,237,"COVID-19"
"DE-ST","00+",2023-04-20,2023-04-10,"-10 day ahead inc hosp","quantile",0.1,114,"COVID-19"
"DE-TH","00+",2023-04-20,2023-04-10,"-10 day ahead inc hosp","quantile",0.1,158,"COVID-19"
"DE","00-04",2023-04-20,2023-04-10,"-10 day ahead inc hosp","quantile",0.25,84,"COVID-19"
"DE","00+",2023-04-20,2023-04-10,"-10 day ahead inc hosp","quantile",0.25,3956,"COVID-19"
"DE","05-14",2023-04-20,2023-04-10,"-10 day ahead inc hosp","quantile",0.25,25,"COVID-19"
"DE","15-34",2023-04-20,2023-04-10,"-10 day ahead inc hosp","quantile",0.25,203,"COVID-19"
"DE","35-59",2023-04-20,2023-04-10,"-10 day ahead inc hosp","quantile",0.25,425,"COVID-19"
"DE","60-79",2023-04-20,2023-04-10,"-10 day ahead inc hosp","quantile",0.25,1428,"COVID-19"
"DE","80+",2023-04-20,2023-04-10,"-10 day ahead inc hosp","quantile",0.25,1784,"COVID-19"
"DE-BB","00+",2023-04-20,2023-04-10,"-10 day ahead inc hosp","quantile",0.25,229,"COVID-19"
"DE-BE","00+",2023-04-20,2023-04-10,"-10 day ahead inc hosp","quantile",0.25,287,"COVID-19"
"DE-BW","00+",2023-04-20,2023-04-10,"-10 day ahead inc hosp","quantile",0.25,227,"COVID-19"
"DE-BY","00+",2023-04-20,2023-04-10,"-10 day ahead inc hosp","quantile",0.25,705,"COVID-19"
"DE-HB","00+",2023-04-20,2023-04-10,"-10 day ahead inc hosp","quantile",0.25,28,"COVID-19"
"DE-HE","00+",2023-04-20,2023-04-10,"-10 day ahead inc hosp","quantile",0.25,238,"COVID-19"
"DE-HH","00+",2023-04-20,2023-04-10,"-10 day ahead inc hosp","quantile",0.25,77,"COVID-19"
"DE-MV","00+",2023-04-20,2023-04-10,"-10 day ahead inc hosp","quantile",0.25,180,"COVID-19"
"DE-NI","00+",2023-04-20,2023-04-10,"-10 day ahead inc hosp","quantile",0.25,282,"COVID-19"
"DE-NW","00+",2023-04-20,2023-04-10,"-10 day ahead inc hosp","quantile",0.25,798,"COVID-19"
"DE-RP","00+",2023-04-20,2023-04-10,"-10 day ahead inc hosp","quantile",0.25,158,"COVID-19"
"DE-SH","00+",2023-04-20,2023-04-10,"-10 day ahead inc hosp","quantile",0.25,174,"COVID-19"
"DE-SL","00+",2023-04-20,2023-04-10,"-10 day ahead inc hosp","quantile",0.25,39,"COVID-19"
"DE-SN","00+",2023-04-20,2023-04-10,"-10 day ahead inc hosp","quantile",0.25,240,"COVID-19"
"DE-ST","00+",2023-04-20,2023-04-10,"-10 day ahead inc hosp","quantile",0.25,115,"COVID-19"
"DE-TH","00+",2023-04-20,2023-04-10,"-10 day ahead inc hosp","quantile",0.25,159,"COVID-19"
"DE","00-04",2023-04-20,2023-04-10,"-10 day ahead inc hosp","quantile",0.5,85,"COVID-19"
"DE","00+",2023-04-20,2023-04-10,"-10 day ahead inc hosp","quantile",0.5,3982,"COVID-19"
"DE","05-14",2023-04-20,2023-04-10,"-10 day ahead inc hosp","quantile",0.5,25,"COVID-19"
"DE","15-34",2023-04-20,2023-04-10,"-10 day ahead inc hosp","quantile",0.5,205,"COVID-19"
"DE","35-59",2023-04-20,2023-04-10,"-10 day ahead inc hosp","quantile",0.5,429,"COVID-19"
"DE","60-79",2023-04-20,2023-04-10,"-10 day ahead inc hosp","quantile",0.5,1438,"COVID-19"
"DE","80+",2023-04-20,2023-04-10,"-10 day ahead inc hosp","quantile",0.5,1797,"COVID-19"
"DE-BB","00+",2023-04-20,2023-04-10,"-10 day ahead inc hosp","quantile",0.5,232,"COVID-19"
"DE-BE","00+",2023-04-20,2023-04-10,"-10 day ahead inc hosp","quantile",0.5,292,"COVID-19"
"DE-BW","00+",2023-04-20,2023-04-10,"-10 day ahead inc hosp","quantile",0.5,230,"COVID-19"
"DE-BY","00+",2023-04-20,2023-04-10,"-10 day ahead inc hosp","quantile",0.5,709,"COVID-19"
"DE-HB","00+",2023-04-20,2023-04-10,"-10 day ahead inc hosp","quantile",0.5,29,"COVID-19"
"DE-HE","00+",2023-04-20,2023-04-10,"-10 day ahead inc hosp","quantile",0.5,241,"COVID-19"
"DE-HH","00+",2023-04-20,2023-04-10,"-10 day ahead inc hosp","quantile",0.5,80,"COVID-19"
"DE-MV","00+",2023-04-20,2023-04-10,"-10 day ahead inc hosp","quantile",0.5,182,"COVID-19"
"DE-NI","00+",2023-04-20,2023-04-10,"-10 day ahead inc hosp","quantile",0.5,287,"COVID-19"
"DE-NW","00+",2023-04-20,2023-04-10,"-10 day ahead inc hosp","quantile",0.5,805,"COVID-19"
"DE-RP","00+",2023-04-20,2023-04-10,"-10 day ahead inc hosp","quantile",0.5,161,"COVID-19"
"DE-SH","00+",2023-04-20,2023-04-10,"-10 day ahead inc hosp","quantile",0.5,177,"COVID-19"
"DE-SL","00+",2023-04-20,2023-04-10,"-10 day ahead inc hosp","quantile",0.5,39,"COVID-19"
"DE-SN","00+",2023-04-20,2023-04-10,"-10 day ahead inc hosp","quantile",0.5,243,"COVID-19"
"DE-ST","00+",2023-04-20,2023-04-10,"-10 day ahead inc hosp","quantile",0.5,117,"COVID-19"
"DE-TH","00+",2023-04-20,2023-04-10,"-10 day ahead inc hosp","quantile",0.5,160,"COVID-19"
"DE","00-04",2023-04-20,2023-04-10,"-10 day ahead inc hosp","quantile",0.75,86,"COVID-19"
"DE","00+",2023-04-20,2023-04-10,"-10 day ahead inc hosp","quantile",0.75,4021,"COVID-19"
"DE","05-14",2023-04-20,2023-04-10,"-10 day ahead inc hosp","quantile",0.75,26,"COVID-19"
"DE","15-34",2023-04-20,2023-04-10,"-10 day ahead inc hosp","quantile",0.75,210,"COVID-19"
"DE","35-59",2023-04-20,2023-04-10,"-10 day ahead inc hosp","quantile",0.75,434,"COVID-19"
"DE","60-79",2023-04-20,2023-04-10,"-10 day ahead inc hosp","quantile",0.75,1450,"COVID-19"
"DE","80+",2023-04-20,2023-04-10,"-10 day ahead inc hosp","quantile",0.75,1812,"COVID-19"
"DE-BB","00+",2023-04-20,2023-04-10,"-10 day ahead inc hosp","quantile",0.75,237,"COVID-19"
"DE-BE","00+",2023-04-20,2023-04-10,"-10 day ahead inc hosp","quantile",0.75,300,"COVID-19"
"DE-BW","00+",2023-04-20,2023-04-10,"-10 day ahead inc hosp","quantile",0.75,236,"COVID-19"
"DE-BY","00+",2023-04-20,2023-04-10,"-10 day ahead inc hosp","quantile",0.75,714,"COVID-19"
"DE-HB","00+",2023-04-20,2023-04-10,"-10 day ahead inc hosp","quantile",0.75,30,"COVID-19"
"DE-HE","00+",2023-04-20,2023-04-10,"-10 day ahead inc hosp","quantile",0.75,245,"COVID-19"
"DE-HH","00+",2023-04-20,2023-04-10,"-10 day ahead inc hosp","quantile",0.75,82,"COVID-19"
"DE-MV","00+",2023-04-20,2023-04-10,"-10 day ahead inc hosp","quantile",0.75,184,"COVID-19"
"DE-NI","00+",2023-04-20,2023-04-10,"-10 day ahead inc hosp","quantile",0.75,296,"COVID-19"
"DE-NW","00+",2023-04-20,2023-04-10,"-10 day ahead inc hosp","quantile",0.75,816,"COVID-19"
"DE-RP","00+",2023-04-20,2023-04-10,"-10 day ahead inc hosp","quantile",0.75,165,"COVID-19"
"DE-SH","00+",2023-04-20,2023-04-10,"-10 day ahead inc hosp","quantile",0.75,182,"COVID-19"
"DE-SL","00+",2023-04-20,2023-04-10,"-10 day ahead inc hosp","quantile",0.75,40,"COVID-19"
"DE-SN","00+",2023-04-20,2023-04-10,"-10 day ahead inc hosp","quantile",0.75,248,"COVID-19"
"DE-ST","00+",2023-04-20,2023-04-10,"-10 day ahead inc hosp","quantile",0.75,118,"COVID-19"
"DE-TH","00+",2023-04-20,2023-04-10,"-10 day ahead inc hosp","quantile",0.75,162,"COVID-19"
"DE","00-04",2023-04-20,2023-04-10,"-10 day ahead inc hosp","quantile",0.9,88,"COVID-19"
"DE","00+",2023-04-20,2023-04-10,"-10 day ahead inc hosp","quantile",0.9,4041,"COVID-19"
"DE","05-14",2023-04-20,2023-04-10,"-10 day ahead inc hosp","quantile",0.9,27,"COVID-19"
"DE","15-34",2023-04-20,2023-04-10,"-10 day ahead inc hosp","quantile",0.9,212,"COVID-19"
"DE","35-59",2023-04-20,2023-04-10,"-10 day ahead inc hosp","quantile",0.9,439,"COVID-19"
"DE","60-79",2023-04-20,2023-04-10,"-10 day ahead inc hosp","quantile",0.9,1461,"COVID-19"
"DE","80+",2023-04-20,2023-04-10,"-10 day ahead inc hosp","quantile",0.9,1827,"COVID-19"
"DE-BB","00+",2023-04-20,2023-04-10,"-10 day ahead inc hosp","quantile",0.9,244,"COVID-19"
"DE-BE","00+",2023-04-20,2023-04-10,"-10 day ahead inc hosp","quantile",0.9,307,"COVID-19"
"DE-BW","00+",2023-04-20,2023-04-10,"-10 day ahead inc hosp","quantile",0.9,239,"COVID-19"
"DE-BY","00+",2023-04-20,2023-04-10,"-10 day ahead inc hosp","quantile",0.9,719,"COVID-19"
"DE-HB","00+",2023-04-20,2023-04-10,"-10 day ahead inc hosp","quantile",0.9,32,"COVID-19"
"DE-HE","00+",2023-04-20,2023-04-10,"-10 day ahead inc hosp","quantile",0.9,249,"COVID-19"
"DE-HH","00+",2023-04-20,2023-04-10,"-10 day ahead inc hosp","quantile",0.9,86,"COVID-19"
"DE-MV","00+",2023-04-20,2023-04-10,"-10 day ahead inc hosp","quantile",0.9,186,"COVID-19"
"DE-NI","00+",2023-04-20,2023-04-10,"-10 day ahead inc hosp","quantile",0.9,300,"COVID-19"
"DE-NW","00+",2023-04-20,2023-04-10,"-10 day ahead inc hosp","quantile",0.9,825,"COVID-19"
"DE-RP","00+",2023-04-20,2023-04-10,"-10 day ahead inc hosp","quantile",0.9,170,"COVID-19"
"DE-SH","00+",2023-04-20,2023-04-10,"-10 day ahead inc hosp","quantile",0.9,184,"COVID-19"
"DE-SL","00+",2023-04-20,2023-04-10,"-10 day ahead inc hosp","quantile",0.9,42,"COVID-19"
"DE-SN","00+",2023-04-20,2023-04-10,"-10 day ahead inc hosp","quantile",0.9,253,"COVID-19"
"DE-ST","00+",2023-04-20,2023-04-10,"-10 day ahead inc hosp","quantile",0.9,120,"COVID-19"
"DE-TH","00+",2023-04-20,2023-04-10,"-10 day ahead inc hosp","quantile",0.9,163,"COVID-19"
"DE","00-04",2023-04-20,2023-04-10,"-10 day ahead inc hosp","quantile",0.975,90,"COVID-19"
"DE","00+",2023-04-20,2023-04-10,"-10 day ahead inc hosp","quantile",0.975,4078,"COVID-19"
"DE","05-14",2023-04-20,2023-04-10,"-10 day ahead inc hosp","quantile",0.975,28,"COVID-19"
"DE","15-34",2023-04-20,2023-04-10,"-10 day ahead inc hosp","quantile",0.975,215,"COVID-19"
"DE","35-59",2023-04-20,2023-04-10,"-10 day ahead inc hosp","quantile",0.975,445,"COVID-19"
"DE","60-79",2023-04-20,2023-04-10,"-10 day ahead inc hosp","quantile",0.975,1476,"COVID-19"
"DE","80+",2023-04-20,2023-04-10,"-10 day ahead inc hosp","quantile",0.975,1845,"COVID-19"
"DE-BB","00+",2023-04-20,2023-04-10,"-10 day ahead inc hosp","quantile",0.975,251,"COVID-19"
"DE-BE","00+",2023-04-20,2023-04-10,"-10 day ahead inc hosp","quantile",0.975,318,"COVID-19"
"DE-BW","00+",2023-04-20,2023-04-10,"-10 day ahead inc hosp","quantile",0.975,241,"COVID-19"
"DE-BY","00+",2023-04-20,2023-04-10,"-10 day ahead inc hosp","quantile",0.975,724,"COVID-19"
"DE-HB","00+",2023-04-20,2023-04-10,"-10 day ahead inc hosp","quantile",0.975,33,"COVID-19"
"DE-HE","00+",2023-04-20,2023-04-10,"-10 day ahead inc hosp","quantile",0.975,254,"COVID-19"
"DE-HH","00+",2023-04-20,2023-04-10,"-10 day ahead inc hosp","quantile",0.975,92,"COVID-19"
"DE-MV","00+",2023-04-20,2023-04-10,"-10 day ahead inc hosp","quantile",0.975,189,"COVID-19"
"DE-NI","00+",2023-04-20,2023-04-10,"-10 day ahead inc hosp","quantile",0.975,304,"COVID-19"
"DE-NW","00+",2023-04-20,2023-04-10,"-10 day ahead inc hosp","quantile",0.975,825,"COVID-19"
"DE-RP","00+",2023-04-20,2023-04-10,"-10 day ahead inc hosp","quantile",0.975,176,"COVID-19"
"DE-SH","00+",2023-04-20,2023-04-10,"-10 day ahead inc hosp","quantile",0.975,189,"COVID-19"
"DE-SL","00+",2023-04-20,2023-04-10,"-10 day ahead inc hosp","quantile",0.975,43,"COVID-19"
"DE-SN","00+",2023-04-20,2023-04-10,"-10 day ahead inc hosp","quantile",0.975,256,"COVID-19"
"DE-ST","00+",2023-04-20,2023-04-10,"-10 day ahead inc hosp","quantile",0.975,123,"COVID-19"
"DE-TH","00+",2023-04-20,2023-04-10,"-10 day ahead inc hosp","quantile",0.975,166,"COVID-19"
"DE","00-04",2023-04-20,2023-04-11,"-9 day ahead inc hosp","mean",NA,55,"COVID-19"
"DE","00+",2023-04-20,2023-04-11,"-9 day ahead inc hosp","mean",NA,2652,"COVID-19"
"DE","05-14",2023-04-20,2023-04-11,"-9 day ahead inc hosp","mean",NA,14,"COVID-19"
"DE","15-34",2023-04-20,2023-04-11,"-9 day ahead inc hosp","mean",NA,140,"COVID-19"
"DE","35-59",2023-04-20,2023-04-11,"-9 day ahead inc hosp","mean",NA,281,"COVID-19"
"DE","60-79",2023-04-20,2023-04-11,"-9 day ahead inc hosp","mean",NA,963,"COVID-19"
"DE","80+",2023-04-20,2023-04-11,"-9 day ahead inc hosp","mean",NA,1196,"COVID-19"
"DE-BB","00+",2023-04-20,2023-04-11,"-9 day ahead inc hosp","mean",NA,149,"COVID-19"
"DE-BE","00+",2023-04-20,2023-04-11,"-9 day ahead inc hosp","mean",NA,179,"COVID-19"
"DE-BW","00+",2023-04-20,2023-04-11,"-9 day ahead inc hosp","mean",NA,158,"COVID-19"
"DE-BY","00+",2023-04-20,2023-04-11,"-9 day ahead inc hosp","mean",NA,454,"COVID-19"
"DE-HB","00+",2023-04-20,2023-04-11,"-9 day ahead inc hosp","mean",NA,17,"COVID-19"
"DE-HE","00+",2023-04-20,2023-04-11,"-9 day ahead inc hosp","mean",NA,157,"COVID-19"
"DE-HH","00+",2023-04-20,2023-04-11,"-9 day ahead inc hosp","mean",NA,56,"COVID-19"
"DE-MV","00+",2023-04-20,2023-04-11,"-9 day ahead inc hosp","mean",NA,126,"COVID-19"
"DE-NI","00+",2023-04-20,2023-04-11,"-9 day ahead inc hosp","mean",NA,215,"COVID-19"
"DE-NW","00+",2023-04-20,2023-04-11,"-9 day ahead inc hosp","mean",NA,563,"COVID-19"
"DE-RP","00+",2023-04-20,2023-04-11,"-9 day ahead inc hosp","mean",NA,95,"COVID-19"
"DE-SH","00+",2023-04-20,2023-04-11,"-9 day ahead inc hosp","mean",NA,140,"COVID-19"
"DE-SL","00+",2023-04-20,2023-04-11,"-9 day ahead inc hosp","mean",NA,18,"COVID-19"
"DE-SN","00+",2023-04-20,2023-04-11,"-9 day ahead inc hosp","mean",NA,169,"COVID-19"
"DE-ST","00+",2023-04-20,2023-04-11,"-9 day ahead inc hosp","mean",NA,67,"COVID-19"
"DE-TH","00+",2023-04-20,2023-04-11,"-9 day ahead inc hosp","mean",NA,114,"COVID-19"
"DE","00-04",2023-04-20,2023-04-11,"-9 day ahead inc hosp","quantile",0.025,53,"COVID-19"
"DE","00+",2023-04-20,2023-04-11,"-9 day ahead inc hosp","quantile",0.025,2600,"COVID-19"
"DE","05-14",2023-04-20,2023-04-11,"-9 day ahead inc hosp","quantile",0.025,14,"COVID-19"
"DE","15-34",2023-04-20,2023-04-11,"-9 day ahead inc hosp","quantile",0.025,136,"COVID-19"
"DE","35-59",2023-04-20,2023-04-11,"-9 day ahead inc hosp","quantile",0.025,273,"COVID-19"
"DE","60-79",2023-04-20,2023-04-11,"-9 day ahead inc hosp","quantile",0.025,942,"COVID-19"
"DE","80+",2023-04-20,2023-04-11,"-9 day ahead inc hosp","quantile",0.025,1170,"COVID-19"
"DE-BB","00+",2023-04-20,2023-04-11,"-9 day ahead inc hosp","quantile",0.025,143,"COVID-19"
"DE-BE","00+",2023-04-20,2023-04-11,"-9 day ahead inc hosp","quantile",0.025,172,"COVID-19"
"DE-BW","00+",2023-04-20,2023-04-11,"-9 day ahead inc hosp","quantile",0.025,153,"COVID-19"
"DE-BY","00+",2023-04-20,2023-04-11,"-9 day ahead inc hosp","quantile",0.025,444,"COVID-19"
"DE-HB","00+",2023-04-20,2023-04-11,"-9 day ahead inc hosp","quantile",0.025,16,"COVID-19"
"DE-HE","00+",2023-04-20,2023-04-11,"-9 day ahead inc hosp","quantile",0.025,151,"COVID-19"
"DE-HH","00+",2023-04-20,2023-04-11,"-9 day ahead inc hosp","quantile",0.025,52,"COVID-19"
"DE-MV","00+",2023-04-20,2023-04-11,"-9 day ahead inc hosp","quantile",0.025,122,"COVID-19"
"DE-NI","00+",2023-04-20,2023-04-11,"-9 day ahead inc hosp","quantile",0.025,205,"COVID-19"
"DE-NW","00+",2023-04-20,2023-04-11,"-9 day ahead inc hosp","quantile",0.025,548,"COVID-19"
"DE-RP","00+",2023-04-20,2023-04-11,"-9 day ahead inc hosp","quantile",0.025,90,"COVID-19"
"DE-SH","00+",2023-04-20,2023-04-11,"-9 day ahead inc hosp","quantile",0.025,133,"COVID-19"
"DE-SL","00+",2023-04-20,2023-04-11,"-9 day ahead inc hosp","quantile",0.025,18,"COVID-19"
"DE-SN","00+",2023-04-20,2023-04-11,"-9 day ahead inc hosp","quantile",0.025,161,"COVID-19"
"DE-ST","00+",2023-04-20,2023-04-11,"-9 day ahead inc hosp","quantile",0.025,64,"COVID-19"
"DE-TH","00+",2023-04-20,2023-04-11,"-9 day ahead inc hosp","quantile",0.025,110,"COVID-19"
"DE","00-04",2023-04-20,2023-04-11,"-9 day ahead inc hosp","quantile",0.1,53,"COVID-19"
"DE","00+",2023-04-20,2023-04-11,"-9 day ahead inc hosp","quantile",0.1,2615,"COVID-19"
"DE","05-14",2023-04-20,2023-04-11,"-9 day ahead inc hosp","quantile",0.1,14,"COVID-19"
"DE","15-34",2023-04-20,2023-04-11,"-9 day ahead inc hosp","quantile",0.1,137,"COVID-19"
"DE","35-59",2023-04-20,2023-04-11,"-9 day ahead inc hosp","quantile",0.1,275,"COVID-19"
"DE","60-79",2023-04-20,2023-04-11,"-9 day ahead inc hosp","quantile",0.1,948,"COVID-19"
"DE","80+",2023-04-20,2023-04-11,"-9 day ahead inc hosp","quantile",0.1,1177,"COVID-19"
"DE-BB","00+",2023-04-20,2023-04-11,"-9 day ahead inc hosp","quantile",0.1,143,"COVID-19"
"DE-BE","00+",2023-04-20,2023-04-11,"-9 day ahead inc hosp","quantile",0.1,173,"COVID-19"
"DE-BW","00+",2023-04-20,2023-04-11,"-9 day ahead inc hosp","quantile",0.1,154,"COVID-19"
"DE-BY","00+",2023-04-20,2023-04-11,"-9 day ahead inc hosp","quantile",0.1,447,"COVID-19"
"DE-HB","00+",2023-04-20,2023-04-11,"-9 day ahead inc hosp","quantile",0.1,16,"COVID-19"
"DE-HE","00+",2023-04-20,2023-04-11,"-9 day ahead inc hosp","quantile",0.1,152,"COVID-19"
"DE-HH","00+",2023-04-20,2023-04-11,"-9 day ahead inc hosp","quantile",0.1,52,"COVID-19"
"DE-MV","00+",2023-04-20,2023-04-11,"-9 day ahead inc hosp","quantile",0.1,122,"COVID-19"
"DE-NI","00+",2023-04-20,2023-04-11,"-9 day ahead inc hosp","quantile",0.1,207,"COVID-19"
"DE-NW","00+",2023-04-20,2023-04-11,"-9 day ahead inc hosp","quantile",0.1,552,"COVID-19"
"DE-RP","00+",2023-04-20,2023-04-11,"-9 day ahead inc hosp","quantile",0.1,91,"COVID-19"
"DE-SH","00+",2023-04-20,2023-04-11,"-9 day ahead inc hosp","quantile",0.1,134,"COVID-19"
"DE-SL","00+",2023-04-20,2023-04-11,"-9 day ahead inc hosp","quantile",0.1,18,"COVID-19"
"DE-SN","00+",2023-04-20,2023-04-11,"-9 day ahead inc hosp","quantile",0.1,162,"COVID-19"
"DE-ST","00+",2023-04-20,2023-04-11,"-9 day ahead inc hosp","quantile",0.1,65,"COVID-19"
"DE-TH","00+",2023-04-20,2023-04-11,"-9 day ahead inc hosp","quantile",0.1,111,"COVID-19"
"DE","00-04",2023-04-20,2023-04-11,"-9 day ahead inc hosp","quantile",0.25,54,"COVID-19"
"DE","00+",2023-04-20,2023-04-11,"-9 day ahead inc hosp","quantile",0.25,2630,"COVID-19"
"DE","05-14",2023-04-20,2023-04-11,"-9 day ahead inc hosp","quantile",0.25,14,"COVID-19"
"DE","15-34",2023-04-20,2023-04-11,"-9 day ahead inc hosp","quantile",0.25,138,"COVID-19"
"DE","35-59",2023-04-20,2023-04-11,"-9 day ahead inc hosp","quantile",0.25,278,"COVID-19"
"DE","60-79",2023-04-20,2023-04-11,"-9 day ahead inc hosp","quantile",0.25,954,"COVID-19"
"DE","80+",2023-04-20,2023-04-11,"-9 day ahead inc hosp","quantile",0.25,1185,"COVID-19"
"DE-BB","00+",2023-04-20,2023-04-11,"-9 day ahead inc hosp","quantile",0.25,147,"COVID-19"
"DE-BE","00+",2023-04-20,2023-04-11,"-9 day ahead inc hosp","quantile",0.25,175,"COVID-19"
"DE-BW","00+",2023-04-20,2023-04-11,"-9 day ahead inc hosp","quantile",0.25,156,"COVID-19"
"DE-BY","00+",2023-04-20,2023-04-11,"-9 day ahead inc hosp","quantile",0.25,449,"COVID-19"
"DE-HB","00+",2023-04-20,2023-04-11,"-9 day ahead inc hosp","quantile",0.25,16,"COVID-19"
"DE-HE","00+",2023-04-20,2023-04-11,"-9 day ahead inc hosp","quantile",0.25,154,"COVID-19"
"DE-HH","00+",2023-04-20,2023-04-11,"-9 day ahead inc hosp","quantile",0.25,53,"COVID-19"
"DE-MV","00+",2023-04-20,2023-04-11,"-9 day ahead inc hosp","quantile",0.25,124,"COVID-19"
"DE-NI","00+",2023-04-20,2023-04-11,"-9 day ahead inc hosp","quantile",0.25,209,"COVID-19"
"DE-NW","00+",2023-04-20,2023-04-11,"-9 day ahead inc hosp","quantile",0.25,556,"COVID-19"
"DE-RP","00+",2023-04-20,2023-04-11,"-9 day ahead inc hosp","quantile",0.25,93,"COVID-19"
"DE-SH","00+",2023-04-20,2023-04-11,"-9 day ahead inc hosp","quantile",0.25,137,"COVID-19"
"DE-SL","00+",2023-04-20,2023-04-11,"-9 day ahead inc hosp","quantile",0.25,18,"COVID-19"
"DE-SN","00+",2023-04-20,2023-04-11,"-9 day ahead inc hosp","quantile",0.25,164,"COVID-19"
"DE-ST","00+",2023-04-20,2023-04-11,"-9 day ahead inc hosp","quantile",0.25,66,"COVID-19"
"DE-TH","00+",2023-04-20,2023-04-11,"-9 day ahead inc hosp","quantile",0.25,112,"COVID-19"
"DE","00-04",2023-04-20,2023-04-11,"-9 day ahead inc hosp","quantile",0.5,55,"COVID-19"
"DE","00+",2023-04-20,2023-04-11,"-9 day ahead inc hosp","quantile",0.5,2649,"COVID-19"
"DE","05-14",2023-04-20,2023-04-11,"-9 day ahead inc hosp","quantile",0.5,14,"COVID-19"
"DE","15-34",2023-04-20,2023-04-11,"-9 day ahead inc hosp","quantile",0.5,140,"COVID-19"
"DE","35-59",2023-04-20,2023-04-11,"-9 day ahead inc hosp","quantile",0.5,281,"COVID-19"
"DE","60-79",2023-04-20,2023-04-11,"-9 day ahead inc hosp","quantile",0.5,962,"COVID-19"
"DE","80+",2023-04-20,2023-04-11,"-9 day ahead inc hosp","quantile",0.5,1194,"COVID-19"
"DE-BB","00+",2023-04-20,2023-04-11,"-9 day ahead inc hosp","quantile",0.5,149,"COVID-19"
"DE-BE","00+",2023-04-20,2023-04-11,"-9 day ahead inc hosp","quantile",0.5,178,"COVID-19"
"DE-BW","00+",2023-04-20,2023-04-11,"-9 day ahead inc hosp","quantile",0.5,158,"COVID-19"
"DE-BY","00+",2023-04-20,2023-04-11,"-9 day ahead inc hosp","quantile",0.5,454,"COVID-19"
"DE-HB","00+",2023-04-20,2023-04-11,"-9 day ahead inc hosp","quantile",0.5,17,"COVID-19"
"DE-HE","00+",2023-04-20,2023-04-11,"-9 day ahead inc hosp","quantile",0.5,157,"COVID-19"
"DE-HH","00+",2023-04-20,2023-04-11,"-9 day ahead inc hosp","quantile",0.5,56,"COVID-19"
"DE-MV","00+",2023-04-20,2023-04-11,"-9 day ahead inc hosp","quantile",0.5,126,"COVID-19"
"DE-NI","00+",2023-04-20,2023-04-11,"-9 day ahead inc hosp","quantile",0.5,216,"COVID-19"
"DE-NW","00+",2023-04-20,2023-04-11,"-9 day ahead inc hosp","quantile",0.5,562,"COVID-19"
"DE-RP","00+",2023-04-20,2023-04-11,"-9 day ahead inc hosp","quantile",0.5,95,"COVID-19"
"DE-SH","00+",2023-04-20,2023-04-11,"-9 day ahead inc hosp","quantile",0.5,139,"COVID-19"
"DE-SL","00+",2023-04-20,2023-04-11,"-9 day ahead inc hosp","quantile",0.5,18,"COVID-19"
"DE-SN","00+",2023-04-20,2023-04-11,"-9 day ahead inc hosp","quantile",0.5,168,"COVID-19"
"DE-ST","00+",2023-04-20,2023-04-11,"-9 day ahead inc hosp","quantile",0.5,67,"COVID-19"
"DE-TH","00+",2023-04-20,2023-04-11,"-9 day ahead inc hosp","quantile",0.5,114,"COVID-19"
"DE","00-04",2023-04-20,2023-04-11,"-9 day ahead inc hosp","quantile",0.75,58,"COVID-19"
"DE","00+",2023-04-20,2023-04-11,"-9 day ahead inc hosp","quantile",0.75,2702,"COVID-19"
"DE","05-14",2023-04-20,2023-04-11,"-9 day ahead inc hosp","quantile",0.75,15,"COVID-19"
"DE","15-34",2023-04-20,2023-04-11,"-9 day ahead inc hosp","quantile",0.75,147,"COVID-19"
"DE","35-59",2023-04-20,2023-04-11,"-9 day ahead inc hosp","quantile",0.75,286,"COVID-19"
"DE","60-79",2023-04-20,2023-04-11,"-9 day ahead inc hosp","quantile",0.75,976,"COVID-19"
"DE","80+",2023-04-20,2023-04-11,"-9 day ahead inc hosp","quantile",0.75,1212,"COVID-19"
"DE-BB","00+",2023-04-20,2023-04-11,"-9 day ahead inc hosp","quantile",0.75,152,"COVID-19"
"DE-BE","00+",2023-04-20,2023-04-11,"-9 day ahead inc hosp","quantile",0.75,185,"COVID-19"
"DE-BW","00+",2023-04-20,2023-04-11,"-9 day ahead inc hosp","quantile",0.75,164,"COVID-19"
"DE-BY","00+",2023-04-20,2023-04-11,"-9 day ahead inc hosp","quantile",0.75,467,"COVID-19"
"DE-HB","00+",2023-04-20,2023-04-11,"-9 day ahead inc hosp","quantile",0.75,18,"COVID-19"
"DE-HE","00+",2023-04-20,2023-04-11,"-9 day ahead inc hosp","quantile",0.75,160,"COVID-19"
"DE-HH","00+",2023-04-20,2023-04-11,"-9 day ahead inc hosp","quantile",0.75,59,"COVID-19"
"DE-MV","00+",2023-04-20,2023-04-11,"-9 day ahead inc hosp","quantile",0.75,128,"COVID-19"
"DE-NI","00+",2023-04-20,2023-04-11,"-9 day ahead inc hosp","quantile",0.75,225,"COVID-19"
"DE-NW","00+",2023-04-20,2023-04-11,"-9 day ahead inc hosp","quantile",0.75,572,"COVID-19"
"DE-RP","00+",2023-04-20,2023-04-11,"-9 day ahead inc hosp","quantile",0.75,99,"COVID-19"
"DE-SH","00+",2023-04-20,2023-04-11,"-9 day ahead inc hosp","quantile",0.75,145,"COVID-19"
"DE-SL","00+",2023-04-20,2023-04-11,"-9 day ahead inc hosp","quantile",0.75,20,"COVID-19"
"DE-SN","00+",2023-04-20,2023-04-11,"-9 day ahead inc hosp","quantile",0.75,172,"COVID-19"
"DE-ST","00+",2023-04-20,2023-04-11,"-9 day ahead inc hosp","quantile",0.75,68,"COVID-19"
"DE-TH","00+",2023-04-20,2023-04-11,"-9 day ahead inc hosp","quantile",0.75,115,"COVID-19"
"DE","00-04",2023-04-20,2023-04-11,"-9 day ahead inc hosp","quantile",0.9,59,"COVID-19"
"DE","00+",2023-04-20,2023-04-11,"-9 day ahead inc hosp","quantile",0.9,2703,"COVID-19"
"DE","05-14",2023-04-20,2023-04-11,"-9 day ahead inc hosp","quantile",0.9,16,"COVID-19"
"DE","15-34",2023-04-20,2023-04-11,"-9 day ahead inc hosp","quantile",0.9,148,"COVID-19"
"DE","35-59",2023-04-20,2023-04-11,"-9 day ahead inc hosp","quantile",0.9,289,"COVID-19"
"DE","60-79",2023-04-20,2023-04-11,"-9 day ahead inc hosp","quantile",0.9,983,"COVID-19"
"DE","80+",2023-04-20,2023-04-11,"-9 day ahead inc hosp","quantile",0.9,1218,"COVID-19"
"DE-BB","00+",2023-04-20,2023-04-11,"-9 day ahead inc hosp","quantile",0.9,156,"COVID-19"
"DE-BE","00+",2023-04-20,2023-04-11,"-9 day ahead inc hosp","quantile",0.9,188,"COVID-19"
"DE-BW","00+",2023-04-20,2023-04-11,"-9 day ahead inc hosp","quantile",0.9,168,"COVID-19"
"DE-BY","00+",2023-04-20,2023-04-11,"-9 day ahead inc hosp","quantile",0.9,471,"COVID-19"
"DE-HB","00+",2023-04-20,2023-04-11,"-9 day ahead inc hosp","quantile",0.9,19,"COVID-19"
"DE-HE","00+",2023-04-20,2023-04-11,"-9 day ahead inc hosp","quantile",0.9,162,"COVID-19"
"DE-HH","00+",2023-04-20,2023-04-11,"-9 day ahead inc hosp","quantile",0.9,62,"COVID-19"
"DE-MV","00+",2023-04-20,2023-04-11,"-9 day ahead inc hosp","quantile",0.9,129,"COVID-19"
"DE-NI","00+",2023-04-20,2023-04-11,"-9 day ahead inc hosp","quantile",0.9,229,"COVID-19"
"DE-NW","00+",2023-04-20,2023-04-11,"-9 day ahead inc hosp","quantile",0.9,573,"COVID-19"
"DE-RP","00+",2023-04-20,2023-04-11,"-9 day ahead inc hosp","quantile",0.9,102,"COVID-19"
"DE-SH","00+",2023-04-20,2023-04-11,"-9 day ahead inc hosp","quantile",0.9,148,"COVID-19"
"DE-SL","00+",2023-04-20,2023-04-11,"-9 day ahead inc hosp","quantile",0.9,21,"COVID-19"
"DE-SN","00+",2023-04-20,2023-04-11,"-9 day ahead inc hosp","quantile",0.9,176,"COVID-19"
"DE-ST","00+",2023-04-20,2023-04-11,"-9 day ahead inc hosp","quantile",0.9,70,"COVID-19"
"DE-TH","00+",2023-04-20,2023-04-11,"-9 day ahead inc hosp","quantile",0.9,117,"COVID-19"
"DE","00-04",2023-04-20,2023-04-11,"-9 day ahead inc hosp","quantile",0.975,61,"COVID-19"
"DE","00+",2023-04-20,2023-04-11,"-9 day ahead inc hosp","quantile",0.975,2720,"COVID-19"
"DE","05-14",2023-04-20,2023-04-11,"-9 day ahead inc hosp","quantile",0.975,17,"COVID-19"
"DE","15-34",2023-04-20,2023-04-11,"-9 day ahead inc hosp","quantile",0.975,150,"COVID-19"
"DE","35-59",2023-04-20,2023-04-11,"-9 day ahead inc hosp","quantile",0.975,294,"COVID-19"
"DE","60-79",2023-04-20,2023-04-11,"-9 day ahead inc hosp","quantile",0.975,992,"COVID-19"
"DE","80+",2023-04-20,2023-04-11,"-9 day ahead inc hosp","quantile",0.975,1230,"COVID-19"
"DE-BB","00+",2023-04-20,2023-04-11,"-9 day ahead inc hosp","quantile",0.975,162,"COVID-19"
"DE-BE","00+",2023-04-20,2023-04-11,"-9 day ahead inc hosp","quantile",0.975,196,"COVID-19"
"DE-BW","00+",2023-04-20,2023-04-11,"-9 day ahead inc hosp","quantile",0.975,170,"COVID-19"
"DE-BY","00+",2023-04-20,2023-04-11,"-9 day ahead inc hosp","quantile",0.975,474,"COVID-19"
"DE-HB","00+",2023-04-20,2023-04-11,"-9 day ahead inc hosp","quantile",0.975,21,"COVID-19"
"DE-HE","00+",2023-04-20,2023-04-11,"-9 day ahead inc hosp","quantile",0.975,166,"COVID-19"
"DE-HH","00+",2023-04-20,2023-04-11,"-9 day ahead inc hosp","quantile",0.975,66,"COVID-19"
"DE-MV","00+",2023-04-20,2023-04-11,"-9 day ahead inc hosp","quantile",0.975,132,"COVID-19"
"DE-NI","00+",2023-04-20,2023-04-11,"-9 day ahead inc hosp","quantile",0.975,234,"COVID-19"
"DE-NW","00+",2023-04-20,2023-04-11,"-9 day ahead inc hosp","quantile",0.975,580,"COVID-19"
"DE-RP","00+",2023-04-20,2023-04-11,"-9 day ahead inc hosp","quantile",0.975,105,"COVID-19"
"DE-SH","00+",2023-04-20,2023-04-11,"-9 day ahead inc hosp","quantile",0.975,152,"COVID-19"
"DE-SL","00+",2023-04-20,2023-04-11,"-9 day ahead inc hosp","quantile",0.975,23,"COVID-19"
"DE-SN","00+",2023-04-20,2023-04-11,"-9 day ahead inc hosp","quantile",0.975,182,"COVID-19"
"DE-ST","00+",2023-04-20,2023-04-11,"-9 day ahead inc hosp","quantile",0.975,72,"COVID-19"
"DE-TH","00+",2023-04-20,2023-04-11,"-9 day ahead inc hosp","quantile",0.975,120,"COVID-19"
"DE","00-04",2023-04-20,2023-04-12,"-8 day ahead inc hosp","mean",NA,62,"COVID-19"
"DE","00+",2023-04-20,2023-04-12,"-8 day ahead inc hosp","mean",NA,3455,"COVID-19"
"DE","05-14",2023-04-20,2023-04-12,"-8 day ahead inc hosp","mean",NA,10,"COVID-19"
"DE","15-34",2023-04-20,2023-04-12,"-8 day ahead inc hosp","mean",NA,138,"COVID-19"
"DE","35-59",2023-04-20,2023-04-12,"-8 day ahead inc hosp","mean",NA,342,"COVID-19"
"DE","60-79",2023-04-20,2023-04-12,"-8 day ahead inc hosp","mean",NA,1261,"COVID-19"
"DE","80+",2023-04-20,2023-04-12,"-8 day ahead inc hosp","mean",NA,1642,"COVID-19"
"DE-BB","00+",2023-04-20,2023-04-12,"-8 day ahead inc hosp","mean",NA,230,"COVID-19"
"DE-BE","00+",2023-04-20,2023-04-12,"-8 day ahead inc hosp","mean",NA,273,"COVID-19"
"DE-BW","00+",2023-04-20,2023-04-12,"-8 day ahead inc hosp","mean",NA,209,"COVID-19"
"DE-BY","00+",2023-04-20,2023-04-12,"-8 day ahead inc hosp","mean",NA,536,"COVID-19"
"DE-HB","00+",2023-04-20,2023-04-12,"-8 day ahead inc hosp","mean",NA,18,"COVID-19"
"DE-HE","00+",2023-04-20,2023-04-12,"-8 day ahead inc hosp","mean",NA,229,"COVID-19"
"DE-HH","00+",2023-04-20,2023-04-12,"-8 day ahead inc hosp","mean",NA,90,"COVID-19"
"DE-MV","00+",2023-04-20,2023-04-12,"-8 day ahead inc hosp","mean",NA,155,"COVID-19"
"DE-NI","00+",2023-04-20,2023-04-12,"-8 day ahead inc hosp","mean",NA,242,"COVID-19"
"DE-NW","00+",2023-04-20,2023-04-12,"-8 day ahead inc hosp","mean",NA,659,"COVID-19"
"DE-RP","00+",2023-04-20,2023-04-12,"-8 day ahead inc hosp","mean",NA,137,"COVID-19"
"DE-SH","00+",2023-04-20,2023-04-12,"-8 day ahead inc hosp","mean",NA,197,"COVID-19"
"DE-SL","00+",2023-04-20,2023-04-12,"-8 day ahead inc hosp","mean",NA,26,"COVID-19"
"DE-SN","00+",2023-04-20,2023-04-12,"-8 day ahead inc hosp","mean",NA,220,"COVID-19"
"DE-ST","00+",2023-04-20,2023-04-12,"-8 day ahead inc hosp","mean",NA,115,"COVID-19"
"DE-TH","00+",2023-04-20,2023-04-12,"-8 day ahead inc hosp","mean",NA,135,"COVID-19"
"DE","00-04",2023-04-20,2023-04-12,"-8 day ahead inc hosp","quantile",0.025,58,"COVID-19"
"DE","00+",2023-04-20,2023-04-12,"-8 day ahead inc hosp","quantile",0.025,3358,"COVID-19"
"DE","05-14",2023-04-20,2023-04-12,"-8 day ahead inc hosp","quantile",0.025,10,"COVID-19"
"DE","15-34",2023-04-20,2023-04-12,"-8 day ahead inc hosp","quantile",0.025,133,"COVID-19"
"DE","35-59",2023-04-20,2023-04-12,"-8 day ahead inc hosp","quantile",0.025,328,"COVID-19"
"DE","60-79",2023-04-20,2023-04-12,"-8 day ahead inc hosp","quantile",0.025,1223,"COVID-19"
"DE","80+",2023-04-20,2023-04-12,"-8 day ahead inc hosp","quantile",0.025,1593,"COVID-19"
"DE-BB","00+",2023-04-20,2023-04-12,"-8 day ahead inc hosp","quantile",0.025,218,"COVID-19"
"DE-BE","00+",2023-04-20,2023-04-12,"-8 day ahead inc hosp","quantile",0.025,254,"COVID-19"
"DE-BW","00+",2023-04-20,2023-04-12,"-8 day ahead inc hosp","quantile",0.025,199,"COVID-19"
"DE-BY","00+",2023-04-20,2023-04-12,"-8 day ahead inc hosp","quantile",0.025,522,"COVID-19"
"DE-HB","00+",2023-04-20,2023-04-12,"-8 day ahead inc hosp","quantile",0.025,16,"COVID-19"
"DE-HE","00+",2023-04-20,2023-04-12,"-8 day ahead inc hosp","quantile",0.025,218,"COVID-19"
"DE-HH","00+",2023-04-20,2023-04-12,"-8 day ahead inc hosp","quantile",0.025,80,"COVID-19"
"DE-MV","00+",2023-04-20,2023-04-12,"-8 day ahead inc hosp","quantile",0.025,149,"COVID-19"
"DE-NI","00+",2023-04-20,2023-04-12,"-8 day ahead inc hosp","quantile",0.025,229,"COVID-19"
"DE-NW","00+",2023-04-20,2023-04-12,"-8 day ahead inc hosp","quantile",0.025,640,"COVID-19"
"DE-RP","00+",2023-04-20,2023-04-12,"-8 day ahead inc hosp","quantile",0.025,128,"COVID-19"
"DE-SH","00+",2023-04-20,2023-04-12,"-8 day ahead inc hosp","quantile",0.025,186,"COVID-19"
"DE-SL","00+",2023-04-20,2023-04-12,"-8 day ahead inc hosp","quantile",0.025,25,"COVID-19"
"DE-SN","00+",2023-04-20,2023-04-12,"-8 day ahead inc hosp","quantile",0.025,205,"COVID-19"
"DE-ST","00+",2023-04-20,2023-04-12,"-8 day ahead inc hosp","quantile",0.025,110,"COVID-19"
"DE-TH","00+",2023-04-20,2023-04-12,"-8 day ahead inc hosp","quantile",0.025,131,"COVID-19"
"DE","00-04",2023-04-20,2023-04-12,"-8 day ahead inc hosp","quantile",0.1,59,"COVID-19"
"DE","00+",2023-04-20,2023-04-12,"-8 day ahead inc hosp","quantile",0.1,3386,"COVID-19"
"DE","05-14",2023-04-20,2023-04-12,"-8 day ahead inc hosp","quantile",0.1,10,"COVID-19"
"DE","15-34",2023-04-20,2023-04-12,"-8 day ahead inc hosp","quantile",0.1,134,"COVID-19"
"DE","35-59",2023-04-20,2023-04-12,"-8 day ahead inc hosp","quantile",0.1,332,"COVID-19"
"DE","60-79",2023-04-20,2023-04-12,"-8 day ahead inc hosp","quantile",0.1,1234,"COVID-19"
"DE","80+",2023-04-20,2023-04-12,"-8 day ahead inc hosp","quantile",0.1,1607,"COVID-19"
"DE-BB","00+",2023-04-20,2023-04-12,"-8 day ahead inc hosp","quantile",0.1,220,"COVID-19"
"DE-BE","00+",2023-04-20,2023-04-12,"-8 day ahead inc hosp","quantile",0.1,257,"COVID-19"
"DE-BW","00+",2023-04-20,2023-04-12,"-8 day ahead inc hosp","quantile",0.1,202,"COVID-19"
"DE-BY","00+",2023-04-20,2023-04-12,"-8 day ahead inc hosp","quantile",0.1,526,"COVID-19"
"DE-HB","00+",2023-04-20,2023-04-12,"-8 day ahead inc hosp","quantile",0.1,16,"COVID-19"
"DE-HE","00+",2023-04-20,2023-04-12,"-8 day ahead inc hosp","quantile",0.1,220,"COVID-19"
"DE-HH","00+",2023-04-20,2023-04-12,"-8 day ahead inc hosp","quantile",0.1,81,"COVID-19"
"DE-MV","00+",2023-04-20,2023-04-12,"-8 day ahead inc hosp","quantile",0.1,150,"COVID-19"
"DE-NI","00+",2023-04-20,2023-04-12,"-8 day ahead inc hosp","quantile",0.1,232,"COVID-19"
"DE-NW","00+",2023-04-20,2023-04-12,"-8 day ahead inc hosp","quantile",0.1,645,"COVID-19"
"DE-RP","00+",2023-04-20,2023-04-12,"-8 day ahead inc hosp","quantile",0.1,130,"COVID-19"
"DE-SH","00+",2023-04-20,2023-04-12,"-8 day ahead inc hosp","quantile",0.1,189,"COVID-19"
"DE-SL","00+",2023-04-20,2023-04-12,"-8 day ahead inc hosp","quantile",0.1,25,"COVID-19"
"DE-SN","00+",2023-04-20,2023-04-12,"-8 day ahead inc hosp","quantile",0.1,208,"COVID-19"
"DE-ST","00+",2023-04-20,2023-04-12,"-8 day ahead inc hosp","quantile",0.1,111,"COVID-19"
"DE-TH","00+",2023-04-20,2023-04-12,"-8 day ahead inc hosp","quantile",0.1,131,"COVID-19"
"DE","00-04",2023-04-20,2023-04-12,"-8 day ahead inc hosp","quantile",0.25,60,"COVID-19"
"DE","00+",2023-04-20,2023-04-12,"-8 day ahead inc hosp","quantile",0.25,3414,"COVID-19"
"DE","05-14",2023-04-20,2023-04-12,"-8 day ahead inc hosp","quantile",0.25,10,"COVID-19"
"DE","15-34",2023-04-20,2023-04-12,"-8 day ahead inc hosp","quantile",0.25,136,"COVID-19"
"DE","35-59",2023-04-20,2023-04-12,"-8 day ahead inc hosp","quantile",0.25,335,"COVID-19"
"DE","60-79",2023-04-20,2023-04-12,"-8 day ahead inc hosp","quantile",0.25,1245,"COVID-19"
"DE","80+",2023-04-20,2023-04-12,"-8 day ahead inc hosp","quantile",0.25,1622,"COVID-19"
"DE-BB","00+",2023-04-20,2023-04-12,"-8 day ahead inc hosp","quantile",0.25,224,"COVID-19"
"DE-BE","00+",2023-04-20,2023-04-12,"-8 day ahead inc hosp","quantile",0.25,261,"COVID-19"
"DE-BW","00+",2023-04-20,2023-04-12,"-8 day ahead inc hosp","quantile",0.25,205,"COVID-19"
"DE-BY","00+",2023-04-20,2023-04-12,"-8 day ahead inc hosp","quantile",0.25,530,"COVID-19"
"DE-HB","00+",2023-04-20,2023-04-12,"-8 day ahead inc hosp","quantile",0.25,16,"COVID-19"
"DE-HE","00+",2023-04-20,2023-04-12,"-8 day ahead inc hosp","quantile",0.25,223,"COVID-19"
"DE-HH","00+",2023-04-20,2023-04-12,"-8 day ahead inc hosp","quantile",0.25,84,"COVID-19"
"DE-MV","00+",2023-04-20,2023-04-12,"-8 day ahead inc hosp","quantile",0.25,152,"COVID-19"
"DE-NI","00+",2023-04-20,2023-04-12,"-8 day ahead inc hosp","quantile",0.25,236,"COVID-19"
"DE-NW","00+",2023-04-20,2023-04-12,"-8 day ahead inc hosp","quantile",0.25,651,"COVID-19"
"DE-RP","00+",2023-04-20,2023-04-12,"-8 day ahead inc hosp","quantile",0.25,132,"COVID-19"
"DE-SH","00+",2023-04-20,2023-04-12,"-8 day ahead inc hosp","quantile",0.25,192,"COVID-19"
"DE-SL","00+",2023-04-20,2023-04-12,"-8 day ahead inc hosp","quantile",0.25,25,"COVID-19"
"DE-SN","00+",2023-04-20,2023-04-12,"-8 day ahead inc hosp","quantile",0.25,212,"COVID-19"
"DE-ST","00+",2023-04-20,2023-04-12,"-8 day ahead inc hosp","quantile",0.25,112,"COVID-19"
"DE-TH","00+",2023-04-20,2023-04-12,"-8 day ahead inc hosp","quantile",0.25,133,"COVID-19"
"DE","00-04",2023-04-20,2023-04-12,"-8 day ahead inc hosp","quantile",0.5,61,"COVID-19"
"DE","00+",2023-04-20,2023-04-12,"-8 day ahead inc hosp","quantile",0.5,3450,"COVID-19"
"DE","05-14",2023-04-20,2023-04-12,"-8 day ahead inc hosp","quantile",0.5,10,"COVID-19"
"DE","15-34",2023-04-20,2023-04-12,"-8 day ahead inc hosp","quantile",0.5,138,"COVID-19"
"DE","35-59",2023-04-20,2023-04-12,"-8 day ahead inc hosp","quantile",0.5,341,"COVID-19"
"DE","60-79",2023-04-20,2023-04-12,"-8 day ahead inc hosp","quantile",0.5,1259,"COVID-19"
"DE","80+",2023-04-20,2023-04-12,"-8 day ahead inc hosp","quantile",0.5,1640,"COVID-19"
"DE-BB","00+",2023-04-20,2023-04-12,"-8 day ahead inc hosp","quantile",0.5,227,"COVID-19"
"DE-BE","00+",2023-04-20,2023-04-12,"-8 day ahead inc hosp","quantile",0.5,269,"COVID-19"
"DE-BW","00+",2023-04-20,2023-04-12,"-8 day ahead inc hosp","quantile",0.5,208,"COVID-19"
"DE-BY","00+",2023-04-20,2023-04-12,"-8 day ahead inc hosp","quantile",0.5,535,"COVID-19"
"DE-HB","00+",2023-04-20,2023-04-12,"-8 day ahead inc hosp","quantile",0.5,17,"COVID-19"
"DE-HE","00+",2023-04-20,2023-04-12,"-8 day ahead inc hosp","quantile",0.5,228,"COVID-19"
"DE-HH","00+",2023-04-20,2023-04-12,"-8 day ahead inc hosp","quantile",0.5,88,"COVID-19"
"DE-MV","00+",2023-04-20,2023-04-12,"-8 day ahead inc hosp","quantile",0.5,154,"COVID-19"
"DE-NI","00+",2023-04-20,2023-04-12,"-8 day ahead inc hosp","quantile",0.5,243,"COVID-19"
"DE-NW","00+",2023-04-20,2023-04-12,"-8 day ahead inc hosp","quantile",0.5,658,"COVID-19"
"DE-RP","00+",2023-04-20,2023-04-12,"-8 day ahead inc hosp","quantile",0.5,136,"COVID-19"
"DE-SH","00+",2023-04-20,2023-04-12,"-8 day ahead inc hosp","quantile",0.5,196,"COVID-19"
"DE-SL","00+",2023-04-20,2023-04-12,"-8 day ahead inc hosp","quantile",0.5,26,"COVID-19"
"DE-SN","00+",2023-04-20,2023-04-12,"-8 day ahead inc hosp","quantile",0.5,218,"COVID-19"
"DE-ST","00+",2023-04-20,2023-04-12,"-8 day ahead inc hosp","quantile",0.5,114,"COVID-19"
"DE-TH","00+",2023-04-20,2023-04-12,"-8 day ahead inc hosp","quantile",0.5,135,"COVID-19"
"DE","00-04",2023-04-20,2023-04-12,"-8 day ahead inc hosp","quantile",0.75,63,"COVID-19"
"DE","00+",2023-04-20,2023-04-12,"-8 day ahead inc hosp","quantile",0.75,3490,"COVID-19"
"DE","05-14",2023-04-20,2023-04-12,"-8 day ahead inc hosp","quantile",0.75,12,"COVID-19"
"DE","15-34",2023-04-20,2023-04-12,"-8 day ahead inc hosp","quantile",0.75,143,"COVID-19"
"DE","35-59",2023-04-20,2023-04-12,"-8 day ahead inc hosp","quantile",0.75,347,"COVID-19"
"DE","60-79",2023-04-20,2023-04-12,"-8 day ahead inc hosp","quantile",0.75,1275,"COVID-19"
"DE","80+",2023-04-20,2023-04-12,"-8 day ahead inc hosp","quantile",0.75,1660,"COVID-19"
"DE-BB","00+",2023-04-20,2023-04-12,"-8 day ahead inc hosp","quantile",0.75,235,"COVID-19"
"DE-BE","00+",2023-04-20,2023-04-12,"-8 day ahead inc hosp","quantile",0.75,280,"COVID-19"
"DE-BW","00+",2023-04-20,2023-04-12,"-8 day ahead inc hosp","quantile",0.75,217,"COVID-19"
"DE-BY","00+",2023-04-20,2023-04-12,"-8 day ahead inc hosp","quantile",0.75,541,"COVID-19"
"DE-HB","00+",2023-04-20,2023-04-12,"-8 day ahead inc hosp","quantile",0.75,19,"COVID-19"
"DE-HE","00+",2023-04-20,2023-04-12,"-8 day ahead inc hosp","quantile",0.75,233,"COVID-19"
"DE-HH","00+",2023-04-20,2023-04-12,"-8 day ahead inc hosp","quantile",0.75,95,"COVID-19"
"DE-MV","00+",2023-04-20,2023-04-12,"-8 day ahead inc hosp","quantile",0.75,158,"COVID-19"
"DE-NI","00+",2023-04-20,2023-04-12,"-8 day ahead inc hosp","quantile",0.75,254,"COVID-19"
"DE-NW","00+",2023-04-20,2023-04-12,"-8 day ahead inc hosp","quantile",0.75,670,"COVID-19"
"DE-RP","00+",2023-04-20,2023-04-12,"-8 day ahead inc hosp","quantile",0.75,141,"COVID-19"
"DE-SH","00+",2023-04-20,2023-04-12,"-8 day ahead inc hosp","quantile",0.75,200,"COVID-19"
"DE-SL","00+",2023-04-20,2023-04-12,"-8 day ahead inc hosp","quantile",0.75,28,"COVID-19"
"DE-SN","00+",2023-04-20,2023-04-12,"-8 day ahead inc hosp","quantile",0.75,223,"COVID-19"
"DE-ST","00+",2023-04-20,2023-04-12,"-8 day ahead inc hosp","quantile",0.75,117,"COVID-19"
"DE-TH","00+",2023-04-20,2023-04-12,"-8 day ahead inc hosp","quantile",0.75,137,"COVID-19"
"DE","00-04",2023-04-20,2023-04-12,"-8 day ahead inc hosp","quantile",0.9,65,"COVID-19"
"DE","00+",2023-04-20,2023-04-12,"-8 day ahead inc hosp","quantile",0.9,3530,"COVID-19"
"DE","05-14",2023-04-20,2023-04-12,"-8 day ahead inc hosp","quantile",0.9,12,"COVID-19"
"DE","15-34",2023-04-20,2023-04-12,"-8 day ahead inc hosp","quantile",0.9,146,"COVID-19"
"DE","35-59",2023-04-20,2023-04-12,"-8 day ahead inc hosp","quantile",0.9,353,"COVID-19"
"DE","60-79",2023-04-20,2023-04-12,"-8 day ahead inc hosp","quantile",0.9,1292,"COVID-19"
"DE","80+",2023-04-20,2023-04-12,"-8 day ahead inc hosp","quantile",0.9,1681,"COVID-19"
"DE-BB","00+",2023-04-20,2023-04-12,"-8 day ahead inc hosp","quantile",0.9,243,"COVID-19"
"DE-BE","00+",2023-04-20,2023-04-12,"-8 day ahead inc hosp","quantile",0.9,293,"COVID-19"
"DE-BW","00+",2023-04-20,2023-04-12,"-8 day ahead inc hosp","quantile",0.9,220,"COVID-19"
"DE-BY","00+",2023-04-20,2023-04-12,"-8 day ahead inc hosp","quantile",0.9,546,"COVID-19"
"DE-HB","00+",2023-04-20,2023-04-12,"-8 day ahead inc hosp","quantile",0.9,20,"COVID-19"
"DE-HE","00+",2023-04-20,2023-04-12,"-8 day ahead inc hosp","quantile",0.9,239,"COVID-19"
"DE-HH","00+",2023-04-20,2023-04-12,"-8 day ahead inc hosp","quantile",0.9,102,"COVID-19"
"DE-MV","00+",2023-04-20,2023-04-12,"-8 day ahead inc hosp","quantile",0.9,160,"COVID-19"
"DE-NI","00+",2023-04-20,2023-04-12,"-8 day ahead inc hosp","quantile",0.9,258,"COVID-19"
"DE-NW","00+",2023-04-20,2023-04-12,"-8 day ahead inc hosp","quantile",0.9,675,"COVID-19"
"DE-RP","00+",2023-04-20,2023-04-12,"-8 day ahead inc hosp","quantile",0.9,146,"COVID-19"
"DE-SH","00+",2023-04-20,2023-04-12,"-8 day ahead inc hosp","quantile",0.9,205,"COVID-19"
"DE-SL","00+",2023-04-20,2023-04-12,"-8 day ahead inc hosp","quantile",0.9,29,"COVID-19"
"DE-SN","00+",2023-04-20,2023-04-12,"-8 day ahead inc hosp","quantile",0.9,228,"COVID-19"
"DE-ST","00+",2023-04-20,2023-04-12,"-8 day ahead inc hosp","quantile",0.9,120,"COVID-19"
"DE-TH","00+",2023-04-20,2023-04-12,"-8 day ahead inc hosp","quantile",0.9,139,"COVID-19"
"DE","00-04",2023-04-20,2023-04-12,"-8 day ahead inc hosp","quantile",0.975,67,"COVID-19"
"DE","00+",2023-04-20,2023-04-12,"-8 day ahead inc hosp","quantile",0.975,3580,"COVID-19"
"DE","05-14",2023-04-20,2023-04-12,"-8 day ahead inc hosp","quantile",0.975,13,"COVID-19"
"DE","15-34",2023-04-20,2023-04-12,"-8 day ahead inc hosp","quantile",0.975,148,"COVID-19"
"DE","35-59",2023-04-20,2023-04-12,"-8 day ahead inc hosp","quantile",0.975,361,"COVID-19"
"DE","60-79",2023-04-20,2023-04-12,"-8 day ahead inc hosp","quantile",0.975,1304,"COVID-19"
"DE","80+",2023-04-20,2023-04-12,"-8 day ahead inc hosp","quantile",0.975,1694,"COVID-19"
"DE-BB","00+",2023-04-20,2023-04-12,"-8 day ahead inc hosp","quantile",0.975,248,"COVID-19"
"DE-BE","00+",2023-04-20,2023-04-12,"-8 day ahead inc hosp","quantile",0.975,300,"COVID-19"
"DE-BW","00+",2023-04-20,2023-04-12,"-8 day ahead inc hosp","quantile",0.975,223,"COVID-19"
"DE-BY","00+",2023-04-20,2023-04-12,"-8 day ahead inc hosp","quantile",0.975,552,"COVID-19"
"DE-HB","00+",2023-04-20,2023-04-12,"-8 day ahead inc hosp","quantile",0.975,22,"COVID-19"
"DE-HE","00+",2023-04-20,2023-04-12,"-8 day ahead inc hosp","quantile",0.975,244,"COVID-19"
"DE-HH","00+",2023-04-20,2023-04-12,"-8 day ahead inc hosp","quantile",0.975,113,"COVID-19"
"DE-MV","00+",2023-04-20,2023-04-12,"-8 day ahead inc hosp","quantile",0.975,164,"COVID-19"
"DE-NI","00+",2023-04-20,2023-04-12,"-8 day ahead inc hosp","quantile",0.975,263,"COVID-19"
"DE-NW","00+",2023-04-20,2023-04-12,"-8 day ahead inc hosp","quantile",0.975,682,"COVID-19"
"DE-RP","00+",2023-04-20,2023-04-12,"-8 day ahead inc hosp","quantile",0.975,152,"COVID-19"
"DE-SH","00+",2023-04-20,2023-04-12,"-8 day ahead inc hosp","quantile",0.975,207,"COVID-19"
"DE-SL","00+",2023-04-20,2023-04-12,"-8 day ahead inc hosp","quantile",0.975,30,"COVID-19"
"DE-SN","00+",2023-04-20,2023-04-12,"-8 day ahead inc hosp","quantile",0.975,229,"COVID-19"
"DE-ST","00+",2023-04-20,2023-04-12,"-8 day ahead inc hosp","quantile",0.975,124,"COVID-19"
"DE-TH","00+",2023-04-20,2023-04-12,"-8 day ahead inc hosp","quantile",0.975,141,"COVID-19"
"DE","00-04",2023-04-20,2023-04-13,"-7 day ahead inc hosp","mean",NA,64,"COVID-19"
"DE","00+",2023-04-20,2023-04-13,"-7 day ahead inc hosp","mean",NA,3548,"COVID-19"
"DE","05-14",2023-04-20,2023-04-13,"-7 day ahead inc hosp","mean",NA,6,"COVID-19"
"DE","15-34",2023-04-20,2023-04-13,"-7 day ahead inc hosp","mean",NA,140,"COVID-19"
"DE","35-59",2023-04-20,2023-04-13,"-7 day ahead inc hosp","mean",NA,359,"COVID-19"
"DE","60-79",2023-04-20,2023-04-13,"-7 day ahead inc hosp","mean",NA,1282,"COVID-19"
"DE","80+",2023-04-20,2023-04-13,"-7 day ahead inc hosp","mean",NA,1696,"COVID-19"
"DE-BB","00+",2023-04-20,2023-04-13,"-7 day ahead inc hosp","mean",NA,245,"COVID-19"
"DE-BE","00+",2023-04-20,2023-04-13,"-7 day ahead inc hosp","mean",NA,286,"COVID-19"
"DE-BW","00+",2023-04-20,2023-04-13,"-7 day ahead inc hosp","mean",NA,214,"COVID-19"
"DE-BY","00+",2023-04-20,2023-04-13,"-7 day ahead inc hosp","mean",NA,518,"COVID-19"
"DE-HB","00+",2023-04-20,2023-04-13,"-7 day ahead inc hosp","mean",NA,10,"COVID-19"
"DE-HE","00+",2023-04-20,2023-04-13,"-7 day ahead inc hosp","mean",NA,253,"COVID-19"
"DE-HH","00+",2023-04-20,2023-04-13,"-7 day ahead inc hosp","mean",NA,90,"COVID-19"
"DE-MV","00+",2023-04-20,2023-04-13,"-7 day ahead inc hosp","mean",NA,153,"COVID-19"
"DE-NI","00+",2023-04-20,2023-04-13,"-7 day ahead inc hosp","mean",NA,283,"COVID-19"
"DE-NW","00+",2023-04-20,2023-04-13,"-7 day ahead inc hosp","mean",NA,651,"COVID-19"
"DE-RP","00+",2023-04-20,2023-04-13,"-7 day ahead inc hosp","mean",NA,135,"COVID-19"
"DE-SH","00+",2023-04-20,2023-04-13,"-7 day ahead inc hosp","mean",NA,185,"COVID-19"
"DE-SL","00+",2023-04-20,2023-04-13,"-7 day ahead inc hosp","mean",NA,24,"COVID-19"
"DE-SN","00+",2023-04-20,2023-04-13,"-7 day ahead inc hosp","mean",NA,235,"COVID-19"
"DE-ST","00+",2023-04-20,2023-04-13,"-7 day ahead inc hosp","mean",NA,124,"COVID-19"
"DE-TH","00+",2023-04-20,2023-04-13,"-7 day ahead inc hosp","mean",NA,139,"COVID-19"
"DE","00-04",2023-04-20,2023-04-13,"-7 day ahead inc hosp","quantile",0.025,61,"COVID-19"
"DE","00+",2023-04-20,2023-04-13,"-7 day ahead inc hosp","quantile",0.025,3435,"COVID-19"
"DE","05-14",2023-04-20,2023-04-13,"-7 day ahead inc hosp","quantile",0.025,6,"COVID-19"
"DE","15-34",2023-04-20,2023-04-13,"-7 day ahead inc hosp","quantile",0.025,134,"COVID-19"
"DE","35-59",2023-04-20,2023-04-13,"-7 day ahead inc hosp","quantile",0.025,343,"COVID-19"
"DE","60-79",2023-04-20,2023-04-13,"-7 day ahead inc hosp","quantile",0.025,1239,"COVID-19"
"DE","80+",2023-04-20,2023-04-13,"-7 day ahead inc hosp","quantile",0.025,1639,"COVID-19"
"DE-BB","00+",2023-04-20,2023-04-13,"-7 day ahead inc hosp","quantile",0.025,230,"COVID-19"
"DE-BE","00+",2023-04-20,2023-04-13,"-7 day ahead inc hosp","quantile",0.025,263,"COVID-19"
"DE-BW","00+",2023-04-20,2023-04-13,"-7 day ahead inc hosp","quantile",0.025,203,"COVID-19"
"DE-BY","00+",2023-04-20,2023-04-13,"-7 day ahead inc hosp","quantile",0.025,504,"COVID-19"
"DE-HB","00+",2023-04-20,2023-04-13,"-7 day ahead inc hosp","quantile",0.025,9,"COVID-19"
"DE-HE","00+",2023-04-20,2023-04-13,"-7 day ahead inc hosp","quantile",0.025,240,"COVID-19"
"DE-HH","00+",2023-04-20,2023-04-13,"-7 day ahead inc hosp","quantile",0.025,78,"COVID-19"
"DE-MV","00+",2023-04-20,2023-04-13,"-7 day ahead inc hosp","quantile",0.025,146,"COVID-19"
"DE-NI","00+",2023-04-20,2023-04-13,"-7 day ahead inc hosp","quantile",0.025,266,"COVID-19"
"DE-NW","00+",2023-04-20,2023-04-13,"-7 day ahead inc hosp","quantile",0.025,622,"COVID-19"
"DE-RP","00+",2023-04-20,2023-04-13,"-7 day ahead inc hosp","quantile",0.025,125,"COVID-19"
"DE-SH","00+",2023-04-20,2023-04-13,"-7 day ahead inc hosp","quantile",0.025,173,"COVID-19"
"DE-SL","00+",2023-04-20,2023-04-13,"-7 day ahead inc hosp","quantile",0.025,23,"COVID-19"
"DE-SN","00+",2023-04-20,2023-04-13,"-7 day ahead inc hosp","quantile",0.025,219,"COVID-19"
"DE-ST","00+",2023-04-20,2023-04-13,"-7 day ahead inc hosp","quantile",0.025,117,"COVID-19"
"DE-TH","00+",2023-04-20,2023-04-13,"-7 day ahead inc hosp","quantile",0.025,134,"COVID-19"
"DE","00-04",2023-04-20,2023-04-13,"-7 day ahead inc hosp","quantile",0.1,62,"COVID-19"
"DE","00+",2023-04-20,2023-04-13,"-7 day ahead inc hosp","quantile",0.1,3468,"COVID-19"
"DE","05-14",2023-04-20,2023-04-13,"-7 day ahead inc hosp","quantile",0.1,6,"COVID-19"
"DE","15-34",2023-04-20,2023-04-13,"-7 day ahead inc hosp","quantile",0.1,135,"COVID-19"
"DE","35-59",2023-04-20,2023-04-13,"-7 day ahead inc hosp","quantile",0.1,347,"COVID-19"
"DE","60-79",2023-04-20,2023-04-13,"-7 day ahead inc hosp","quantile",0.1,1251,"COVID-19"
"DE","80+",2023-04-20,2023-04-13,"-7 day ahead inc hosp","quantile",0.1,1656,"COVID-19"
"DE-BB","00+",2023-04-20,2023-04-13,"-7 day ahead inc hosp","quantile",0.1,233,"COVID-19"
"DE-BE","00+",2023-04-20,2023-04-13,"-7 day ahead inc hosp","quantile",0.1,267,"COVID-19"
"DE-BW","00+",2023-04-20,2023-04-13,"-7 day ahead inc hosp","quantile",0.1,206,"COVID-19"
"DE-BY","00+",2023-04-20,2023-04-13,"-7 day ahead inc hosp","quantile",0.1,508,"COVID-19"
"DE-HB","00+",2023-04-20,2023-04-13,"-7 day ahead inc hosp","quantile",0.1,9,"COVID-19"
"DE-HE","00+",2023-04-20,2023-04-13,"-7 day ahead inc hosp","quantile",0.1,243,"COVID-19"
"DE-HH","00+",2023-04-20,2023-04-13,"-7 day ahead inc hosp","quantile",0.1,80,"COVID-19"
"DE-MV","00+",2023-04-20,2023-04-13,"-7 day ahead inc hosp","quantile",0.1,148,"COVID-19"
"DE-NI","00+",2023-04-20,2023-04-13,"-7 day ahead inc hosp","quantile",0.1,271,"COVID-19"
"DE-NW","00+",2023-04-20,2023-04-13,"-7 day ahead inc hosp","quantile",0.1,626,"COVID-19"
"DE-RP","00+",2023-04-20,2023-04-13,"-7 day ahead inc hosp","quantile",0.1,127,"COVID-19"
"DE-SH","00+",2023-04-20,2023-04-13,"-7 day ahead inc hosp","quantile",0.1,176,"COVID-19"
"DE-SL","00+",2023-04-20,2023-04-13,"-7 day ahead inc hosp","quantile",0.1,23,"COVID-19"
"DE-SN","00+",2023-04-20,2023-04-13,"-7 day ahead inc hosp","quantile",0.1,223,"COVID-19"
"DE-ST","00+",2023-04-20,2023-04-13,"-7 day ahead inc hosp","quantile",0.1,118,"COVID-19"
"DE-TH","00+",2023-04-20,2023-04-13,"-7 day ahead inc hosp","quantile",0.1,135,"COVID-19"
"DE","00-04",2023-04-20,2023-04-13,"-7 day ahead inc hosp","quantile",0.25,63,"COVID-19"
"DE","00+",2023-04-20,2023-04-13,"-7 day ahead inc hosp","quantile",0.25,3501,"COVID-19"
"DE","05-14",2023-04-20,2023-04-13,"-7 day ahead inc hosp","quantile",0.25,6,"COVID-19"
"DE","15-34",2023-04-20,2023-04-13,"-7 day ahead inc hosp","quantile",0.25,137,"COVID-19"
"DE","35-59",2023-04-20,2023-04-13,"-7 day ahead inc hosp","quantile",0.25,352,"COVID-19"
"DE","60-79",2023-04-20,2023-04-13,"-7 day ahead inc hosp","quantile",0.25,1264,"COVID-19"
"DE","80+",2023-04-20,2023-04-13,"-7 day ahead inc hosp","quantile",0.25,1673,"COVID-19"
"DE-BB","00+",2023-04-20,2023-04-13,"-7 day ahead inc hosp","quantile",0.25,238,"COVID-19"
"DE-BE","00+",2023-04-20,2023-04-13,"-7 day ahead inc hosp","quantile",0.25,272,"COVID-19"
"DE-BW","00+",2023-04-20,2023-04-13,"-7 day ahead inc hosp","quantile",0.25,209,"COVID-19"
"DE-BY","00+",2023-04-20,2023-04-13,"-7 day ahead inc hosp","quantile",0.25,513,"COVID-19"
"DE-HB","00+",2023-04-20,2023-04-13,"-7 day ahead inc hosp","quantile",0.25,9,"COVID-19"
"DE-HE","00+",2023-04-20,2023-04-13,"-7 day ahead inc hosp","quantile",0.25,247,"COVID-19"
"DE-HH","00+",2023-04-20,2023-04-13,"-7 day ahead inc hosp","quantile",0.25,82,"COVID-19"
"DE-MV","00+",2023-04-20,2023-04-13,"-7 day ahead inc hosp","quantile",0.25,150,"COVID-19"
"DE-NI","00+",2023-04-20,2023-04-13,"-7 day ahead inc hosp","quantile",0.25,276,"COVID-19"
"DE-NW","00+",2023-04-20,2023-04-13,"-7 day ahead inc hosp","quantile",0.25,633,"COVID-19"
"DE-RP","00+",2023-04-20,2023-04-13,"-7 day ahead inc hosp","quantile",0.25,130,"COVID-19"
"DE-SH","00+",2023-04-20,2023-04-13,"-7 day ahead inc hosp","quantile",0.25,179,"COVID-19"
"DE-SL","00+",2023-04-20,2023-04-13,"-7 day ahead inc hosp","quantile",0.25,23,"COVID-19"
"DE-SN","00+",2023-04-20,2023-04-13,"-7 day ahead inc hosp","quantile",0.25,228,"COVID-19"
"DE-ST","00+",2023-04-20,2023-04-13,"-7 day ahead inc hosp","quantile",0.25,120,"COVID-19"
"DE-TH","00+",2023-04-20,2023-04-13,"-7 day ahead inc hosp","quantile",0.25,137,"COVID-19"
"DE","00-04",2023-04-20,2023-04-13,"-7 day ahead inc hosp","quantile",0.5,64,"COVID-19"
"DE","00+",2023-04-20,2023-04-13,"-7 day ahead inc hosp","quantile",0.5,3542,"COVID-19"
"DE","05-14",2023-04-20,2023-04-13,"-7 day ahead inc hosp","quantile",0.5,6,"COVID-19"
"DE","15-34",2023-04-20,2023-04-13,"-7 day ahead inc hosp","quantile",0.5,140,"COVID-19"
"DE","35-59",2023-04-20,2023-04-13,"-7 day ahead inc hosp","quantile",0.5,358,"COVID-19"
"DE","60-79",2023-04-20,2023-04-13,"-7 day ahead inc hosp","quantile",0.5,1280,"COVID-19"
"DE","80+",2023-04-20,2023-04-13,"-7 day ahead inc hosp","quantile",0.5,1694,"COVID-19"
"DE-BB","00+",2023-04-20,2023-04-13,"-7 day ahead inc hosp","quantile",0.5,243,"COVID-19"
"DE-BE","00+",2023-04-20,2023-04-13,"-7 day ahead inc hosp","quantile",0.5,281,"COVID-19"
"DE-BW","00+",2023-04-20,2023-04-13,"-7 day ahead inc hosp","quantile",0.5,213,"COVID-19"
"DE-BY","00+",2023-04-20,2023-04-13,"-7 day ahead inc hosp","quantile",0.5,518,"COVID-19"
"DE-HB","00+",2023-04-20,2023-04-13,"-7 day ahead inc hosp","quantile",0.5,10,"COVID-19"
"DE-HE","00+",2023-04-20,2023-04-13,"-7 day ahead inc hosp","quantile",0.5,252,"COVID-19"
"DE-HH","00+",2023-04-20,2023-04-13,"-7 day ahead inc hosp","quantile",0.5,87,"COVID-19"
"DE-MV","00+",2023-04-20,2023-04-13,"-7 day ahead inc hosp","quantile",0.5,152,"COVID-19"
"DE-NI","00+",2023-04-20,2023-04-13,"-7 day ahead inc hosp","quantile",0.5,284,"COVID-19"
"DE-NW","00+",2023-04-20,2023-04-13,"-7 day ahead inc hosp","quantile",0.5,650,"COVID-19"
"DE-RP","00+",2023-04-20,2023-04-13,"-7 day ahead inc hosp","quantile",0.5,134,"COVID-19"
"DE-SH","00+",2023-04-20,2023-04-13,"-7 day ahead inc hosp","quantile",0.5,184,"COVID-19"
"DE-SL","00+",2023-04-20,2023-04-13,"-7 day ahead inc hosp","quantile",0.5,24,"COVID-19"
"DE-SN","00+",2023-04-20,2023-04-13,"-7 day ahead inc hosp","quantile",0.5,235,"COVID-19"
"DE-ST","00+",2023-04-20,2023-04-13,"-7 day ahead inc hosp","quantile",0.5,123,"COVID-19"
"DE-TH","00+",2023-04-20,2023-04-13,"-7 day ahead inc hosp","quantile",0.5,139,"COVID-19"
"DE","00-04",2023-04-20,2023-04-13,"-7 day ahead inc hosp","quantile",0.75,66,"COVID-19"
"DE","00+",2023-04-20,2023-04-13,"-7 day ahead inc hosp","quantile",0.75,3588,"COVID-19"
"DE","05-14",2023-04-20,2023-04-13,"-7 day ahead inc hosp","quantile",0.75,8,"COVID-19"
"DE","15-34",2023-04-20,2023-04-13,"-7 day ahead inc hosp","quantile",0.75,144,"COVID-19"
"DE","35-59",2023-04-20,2023-04-13,"-7 day ahead inc hosp","quantile",0.75,365,"COVID-19"
"DE","60-79",2023-04-20,2023-04-13,"-7 day ahead inc hosp","quantile",0.75,1298,"COVID-19"
"DE","80+",2023-04-20,2023-04-13,"-7 day ahead inc hosp","quantile",0.75,1717,"COVID-19"
"DE-BB","00+",2023-04-20,2023-04-13,"-7 day ahead inc hosp","quantile",0.75,251,"COVID-19"
"DE-BE","00+",2023-04-20,2023-04-13,"-7 day ahead inc hosp","quantile",0.75,295,"COVID-19"
"DE-BW","00+",2023-04-20,2023-04-13,"-7 day ahead inc hosp","quantile",0.75,222,"COVID-19"
"DE-BY","00+",2023-04-20,2023-04-13,"-7 day ahead inc hosp","quantile",0.75,525,"COVID-19"
"DE-HB","00+",2023-04-20,2023-04-13,"-7 day ahead inc hosp","quantile",0.75,11,"COVID-19"
"DE-HE","00+",2023-04-20,2023-04-13,"-7 day ahead inc hosp","quantile",0.75,258,"COVID-19"
"DE-HH","00+",2023-04-20,2023-04-13,"-7 day ahead inc hosp","quantile",0.75,95,"COVID-19"
"DE-MV","00+",2023-04-20,2023-04-13,"-7 day ahead inc hosp","quantile",0.75,156,"COVID-19"
"DE-NI","00+",2023-04-20,2023-04-13,"-7 day ahead inc hosp","quantile",0.75,293,"COVID-19"
"DE-NW","00+",2023-04-20,2023-04-13,"-7 day ahead inc hosp","quantile",0.75,668,"COVID-19"
"DE-RP","00+",2023-04-20,2023-04-13,"-7 day ahead inc hosp","quantile",0.75,139,"COVID-19"
"DE-SH","00+",2023-04-20,2023-04-13,"-7 day ahead inc hosp","quantile",0.75,189,"COVID-19"
"DE-SL","00+",2023-04-20,2023-04-13,"-7 day ahead inc hosp","quantile",0.75,26,"COVID-19"
"DE-SN","00+",2023-04-20,2023-04-13,"-7 day ahead inc hosp","quantile",0.75,239,"COVID-19"
"DE-ST","00+",2023-04-20,2023-04-13,"-7 day ahead inc hosp","quantile",0.75,126,"COVID-19"
"DE-TH","00+",2023-04-20,2023-04-13,"-7 day ahead inc hosp","quantile",0.75,141,"COVID-19"
"DE","00-04",2023-04-20,2023-04-13,"-7 day ahead inc hosp","quantile",0.9,68,"COVID-19"
"DE","00+",2023-04-20,2023-04-13,"-7 day ahead inc hosp","quantile",0.9,3634,"COVID-19"
"DE","05-14",2023-04-20,2023-04-13,"-7 day ahead inc hosp","quantile",0.9,8,"COVID-19"
"DE","15-34",2023-04-20,2023-04-13,"-7 day ahead inc hosp","quantile",0.9,146,"COVID-19"
"DE","35-59",2023-04-20,2023-04-13,"-7 day ahead inc hosp","quantile",0.9,373,"COVID-19"
"DE","60-79",2023-04-20,2023-04-13,"-7 day ahead inc hosp","quantile",0.9,1315,"COVID-19"
"DE","80+",2023-04-20,2023-04-13,"-7 day ahead inc hosp","quantile",0.9,1732,"COVID-19"
"DE-BB","00+",2023-04-20,2023-04-13,"-7 day ahead inc hosp","quantile",0.9,258,"COVID-19"
"DE-BE","00+",2023-04-20,2023-04-13,"-7 day ahead inc hosp","quantile",0.9,308,"COVID-19"
"DE-BW","00+",2023-04-20,2023-04-13,"-7 day ahead inc hosp","quantile",0.9,226,"COVID-19"
"DE-BY","00+",2023-04-20,2023-04-13,"-7 day ahead inc hosp","quantile",0.9,530,"COVID-19"
"DE-HB","00+",2023-04-20,2023-04-13,"-7 day ahead inc hosp","quantile",0.9,12,"COVID-19"
"DE-HE","00+",2023-04-20,2023-04-13,"-7 day ahead inc hosp","quantile",0.9,262,"COVID-19"
"DE-HH","00+",2023-04-20,2023-04-13,"-7 day ahead inc hosp","quantile",0.9,104,"COVID-19"
"DE-MV","00+",2023-04-20,2023-04-13,"-7 day ahead inc hosp","quantile",0.9,159,"COVID-19"
"DE-NI","00+",2023-04-20,2023-04-13,"-7 day ahead inc hosp","quantile",0.9,297,"COVID-19"
"DE-NW","00+",2023-04-20,2023-04-13,"-7 day ahead inc hosp","quantile",0.9,681,"COVID-19"
"DE-RP","00+",2023-04-20,2023-04-13,"-7 day ahead inc hosp","quantile",0.9,144,"COVID-19"
"DE-SH","00+",2023-04-20,2023-04-13,"-7 day ahead inc hosp","quantile",0.9,192,"COVID-19"
"DE-SL","00+",2023-04-20,2023-04-13,"-7 day ahead inc hosp","quantile",0.9,26,"COVID-19"
"DE-SN","00+",2023-04-20,2023-04-13,"-7 day ahead inc hosp","quantile",0.9,242,"COVID-19"
"DE-ST","00+",2023-04-20,2023-04-13,"-7 day ahead inc hosp","quantile",0.9,130,"COVID-19"
"DE-TH","00+",2023-04-20,2023-04-13,"-7 day ahead inc hosp","quantile",0.9,144,"COVID-19"
"DE","00-04",2023-04-20,2023-04-13,"-7 day ahead inc hosp","quantile",0.975,70,"COVID-19"
"DE","00+",2023-04-20,2023-04-13,"-7 day ahead inc hosp","quantile",0.975,3678,"COVID-19"
"DE","05-14",2023-04-20,2023-04-13,"-7 day ahead inc hosp","quantile",0.975,9,"COVID-19"
"DE","15-34",2023-04-20,2023-04-13,"-7 day ahead inc hosp","quantile",0.975,150,"COVID-19"
"DE","35-59",2023-04-20,2023-04-13,"-7 day ahead inc hosp","quantile",0.975,382,"COVID-19"
"DE","60-79",2023-04-20,2023-04-13,"-7 day ahead inc hosp","quantile",0.975,1326,"COVID-19"
"DE","80+",2023-04-20,2023-04-13,"-7 day ahead inc hosp","quantile",0.975,1746,"COVID-19"
"DE-BB","00+",2023-04-20,2023-04-13,"-7 day ahead inc hosp","quantile",0.975,262,"COVID-19"
"DE-BE","00+",2023-04-20,2023-04-13,"-7 day ahead inc hosp","quantile",0.975,313,"COVID-19"
"DE-BW","00+",2023-04-20,2023-04-13,"-7 day ahead inc hosp","quantile",0.975,230,"COVID-19"
"DE-BY","00+",2023-04-20,2023-04-13,"-7 day ahead inc hosp","quantile",0.975,536,"COVID-19"
"DE-HB","00+",2023-04-20,2023-04-13,"-7 day ahead inc hosp","quantile",0.975,13,"COVID-19"
"DE-HE","00+",2023-04-20,2023-04-13,"-7 day ahead inc hosp","quantile",0.975,267,"COVID-19"
"DE-HH","00+",2023-04-20,2023-04-13,"-7 day ahead inc hosp","quantile",0.975,114,"COVID-19"
"DE-MV","00+",2023-04-20,2023-04-13,"-7 day ahead inc hosp","quantile",0.975,163,"COVID-19"
"DE-NI","00+",2023-04-20,2023-04-13,"-7 day ahead inc hosp","quantile",0.975,302,"COVID-19"
"DE-NW","00+",2023-04-20,2023-04-13,"-7 day ahead inc hosp","quantile",0.975,689,"COVID-19"
"DE-RP","00+",2023-04-20,2023-04-13,"-7 day ahead inc hosp","quantile",0.975,151,"COVID-19"
"DE-SH","00+",2023-04-20,2023-04-13,"-7 day ahead inc hosp","quantile",0.975,195,"COVID-19"
"DE-SL","00+",2023-04-20,2023-04-13,"-7 day ahead inc hosp","quantile",0.975,28,"COVID-19"
"DE-SN","00+",2023-04-20,2023-04-13,"-7 day ahead inc hosp","quantile",0.975,246,"COVID-19"
"DE-ST","00+",2023-04-20,2023-04-13,"-7 day ahead inc hosp","quantile",0.975,135,"COVID-19"
"DE-TH","00+",2023-04-20,2023-04-13,"-7 day ahead inc hosp","quantile",0.975,146,"COVID-19"
"DE","00-04",2023-04-20,2023-04-14,"-6 day ahead inc hosp","mean",NA,73,"COVID-19"
"DE","00+",2023-04-20,2023-04-14,"-6 day ahead inc hosp","mean",NA,3628,"COVID-19"
"DE","05-14",2023-04-20,2023-04-14,"-6 day ahead inc hosp","mean",NA,5,"COVID-19"
"DE","15-34",2023-04-20,2023-04-14,"-6 day ahead inc hosp","mean",NA,132,"COVID-19"
"DE","35-59",2023-04-20,2023-04-14,"-6 day ahead inc hosp","mean",NA,376,"COVID-19"
"DE","60-79",2023-04-20,2023-04-14,"-6 day ahead inc hosp","mean",NA,1265,"COVID-19"
"DE","80+",2023-04-20,2023-04-14,"-6 day ahead inc hosp","mean",NA,1778,"COVID-19"
"DE-BB","00+",2023-04-20,2023-04-14,"-6 day ahead inc hosp","mean",NA,241,"COVID-19"
"DE-BE","00+",2023-04-20,2023-04-14,"-6 day ahead inc hosp","mean",NA,277,"COVID-19"
"DE-BW","00+",2023-04-20,2023-04-14,"-6 day ahead inc hosp","mean",NA,230,"COVID-19"
"DE-BY","00+",2023-04-20,2023-04-14,"-6 day ahead inc hosp","mean",NA,526,"COVID-19"
"DE-HB","00+",2023-04-20,2023-04-14,"-6 day ahead inc hosp","mean",NA,10,"COVID-19"
"DE-HE","00+",2023-04-20,2023-04-14,"-6 day ahead inc hosp","mean",NA,252,"COVID-19"
"DE-HH","00+",2023-04-20,2023-04-14,"-6 day ahead inc hosp","mean",NA,108,"COVID-19"
"DE-MV","00+",2023-04-20,2023-04-14,"-6 day ahead inc hosp","mean",NA,168,"COVID-19"
"DE-NI","00+",2023-04-20,2023-04-14,"-6 day ahead inc hosp","mean",NA,304,"COVID-19"
"DE-NW","00+",2023-04-20,2023-04-14,"-6 day ahead inc hosp","mean",NA,663,"COVID-19"
"DE-RP","00+",2023-04-20,2023-04-14,"-6 day ahead inc hosp","mean",NA,142,"COVID-19"
"DE-SH","00+",2023-04-20,2023-04-14,"-6 day ahead inc hosp","mean",NA,186,"COVID-19"
"DE-SL","00+",2023-04-20,2023-04-14,"-6 day ahead inc hosp","mean",NA,24,"COVID-19"
"DE-SN","00+",2023-04-20,2023-04-14,"-6 day ahead inc hosp","mean",NA,230,"COVID-19"
"DE-ST","00+",2023-04-20,2023-04-14,"-6 day ahead inc hosp","mean",NA,132,"COVID-19"
"DE-TH","00+",2023-04-20,2023-04-14,"-6 day ahead inc hosp","mean",NA,132,"COVID-19"
"DE","00-04",2023-04-20,2023-04-14,"-6 day ahead inc hosp","quantile",0.025,68,"COVID-19"
"DE","00+",2023-04-20,2023-04-14,"-6 day ahead inc hosp","quantile",0.025,3493,"COVID-19"
"DE","05-14",2023-04-20,2023-04-14,"-6 day ahead inc hosp","quantile",0.025,5,"COVID-19"
"DE","15-34",2023-04-20,2023-04-14,"-6 day ahead inc hosp","quantile",0.025,125,"COVID-19"
"DE","35-59",2023-04-20,2023-04-14,"-6 day ahead inc hosp","quantile",0.025,356,"COVID-19"
"DE","60-79",2023-04-20,2023-04-14,"-6 day ahead inc hosp","quantile",0.025,1218,"COVID-19"
"DE","80+",2023-04-20,2023-04-14,"-6 day ahead inc hosp","quantile",0.025,1707,"COVID-19"
"DE-BB","00+",2023-04-20,2023-04-14,"-6 day ahead inc hosp","quantile",0.025,224,"COVID-19"
"DE-BE","00+",2023-04-20,2023-04-14,"-6 day ahead inc hosp","quantile",0.025,251,"COVID-19"
"DE-BW","00+",2023-04-20,2023-04-14,"-6 day ahead inc hosp","quantile",0.025,215,"COVID-19"
"DE-BY","00+",2023-04-20,2023-04-14,"-6 day ahead inc hosp","quantile",0.025,510,"COVID-19"
"DE-HB","00+",2023-04-20,2023-04-14,"-6 day ahead inc hosp","quantile",0.025,9,"COVID-19"
"DE-HE","00+",2023-04-20,2023-04-14,"-6 day ahead inc hosp","quantile",0.025,238,"COVID-19"
"DE-HH","00+",2023-04-20,2023-04-14,"-6 day ahead inc hosp","quantile",0.025,92,"COVID-19"
"DE-MV","00+",2023-04-20,2023-04-14,"-6 day ahead inc hosp","quantile",0.025,160,"COVID-19"
"DE-NI","00+",2023-04-20,2023-04-14,"-6 day ahead inc hosp","quantile",0.025,282,"COVID-19"
"DE-NW","00+",2023-04-20,2023-04-14,"-6 day ahead inc hosp","quantile",0.025,641,"COVID-19"
"DE-RP","00+",2023-04-20,2023-04-14,"-6 day ahead inc hosp","quantile",0.025,130,"COVID-19"
"DE-SH","00+",2023-04-20,2023-04-14,"-6 day ahead inc hosp","quantile",0.025,172,"COVID-19"
"DE-SL","00+",2023-04-20,2023-04-14,"-6 day ahead inc hosp","quantile",0.025,23,"COVID-19"
"DE-SN","00+",2023-04-20,2023-04-14,"-6 day ahead inc hosp","quantile",0.025,211,"COVID-19"
"DE-ST","00+",2023-04-20,2023-04-14,"-6 day ahead inc hosp","quantile",0.025,124,"COVID-19"
"DE-TH","00+",2023-04-20,2023-04-14,"-6 day ahead inc hosp","quantile",0.025,127,"COVID-19"
"DE","00-04",2023-04-20,2023-04-14,"-6 day ahead inc hosp","quantile",0.1,70,"COVID-19"
"DE","00+",2023-04-20,2023-04-14,"-6 day ahead inc hosp","quantile",0.1,3532,"COVID-19"
"DE","05-14",2023-04-20,2023-04-14,"-6 day ahead inc hosp","quantile",0.1,5,"COVID-19"
"DE","15-34",2023-04-20,2023-04-14,"-6 day ahead inc hosp","quantile",0.1,127,"COVID-19"
"DE","35-59",2023-04-20,2023-04-14,"-6 day ahead inc hosp","quantile",0.1,361,"COVID-19"
"DE","60-79",2023-04-20,2023-04-14,"-6 day ahead inc hosp","quantile",0.1,1232,"COVID-19"
"DE","80+",2023-04-20,2023-04-14,"-6 day ahead inc hosp","quantile",0.1,1727,"COVID-19"
"DE-BB","00+",2023-04-20,2023-04-14,"-6 day ahead inc hosp","quantile",0.1,228,"COVID-19"
"DE-BE","00+",2023-04-20,2023-04-14,"-6 day ahead inc hosp","quantile",0.1,256,"COVID-19"
"DE-BW","00+",2023-04-20,2023-04-14,"-6 day ahead inc hosp","quantile",0.1,219,"COVID-19"
"DE-BY","00+",2023-04-20,2023-04-14,"-6 day ahead inc hosp","quantile",0.1,515,"COVID-19"
"DE-HB","00+",2023-04-20,2023-04-14,"-6 day ahead inc hosp","quantile",0.1,9,"COVID-19"
"DE-HE","00+",2023-04-20,2023-04-14,"-6 day ahead inc hosp","quantile",0.1,241,"COVID-19"
"DE-HH","00+",2023-04-20,2023-04-14,"-6 day ahead inc hosp","quantile",0.1,94,"COVID-19"
"DE-MV","00+",2023-04-20,2023-04-14,"-6 day ahead inc hosp","quantile",0.1,162,"COVID-19"
"DE-NI","00+",2023-04-20,2023-04-14,"-6 day ahead inc hosp","quantile",0.1,287,"COVID-19"
"DE-NW","00+",2023-04-20,2023-04-14,"-6 day ahead inc hosp","quantile",0.1,647,"COVID-19"
"DE-RP","00+",2023-04-20,2023-04-14,"-6 day ahead inc hosp","quantile",0.1,133,"COVID-19"
"DE-SH","00+",2023-04-20,2023-04-14,"-6 day ahead inc hosp","quantile",0.1,176,"COVID-19"
"DE-SL","00+",2023-04-20,2023-04-14,"-6 day ahead inc hosp","quantile",0.1,23,"COVID-19"
"DE-SN","00+",2023-04-20,2023-04-14,"-6 day ahead inc hosp","quantile",0.1,216,"COVID-19"
"DE-ST","00+",2023-04-20,2023-04-14,"-6 day ahead inc hosp","quantile",0.1,126,"COVID-19"
"DE-TH","00+",2023-04-20,2023-04-14,"-6 day ahead inc hosp","quantile",0.1,127,"COVID-19"
"DE","00-04",2023-04-20,2023-04-14,"-6 day ahead inc hosp","quantile",0.25,71,"COVID-19"
"DE","00+",2023-04-20,2023-04-14,"-6 day ahead inc hosp","quantile",0.25,3572,"COVID-19"
"DE","05-14",2023-04-20,2023-04-14,"-6 day ahead inc hosp","quantile",0.25,5,"COVID-19"
"DE","15-34",2023-04-20,2023-04-14,"-6 day ahead inc hosp","quantile",0.25,129,"COVID-19"
"DE","35-59",2023-04-20,2023-04-14,"-6 day ahead inc hosp","quantile",0.25,367,"COVID-19"
"DE","60-79",2023-04-20,2023-04-14,"-6 day ahead inc hosp","quantile",0.25,1246,"COVID-19"
"DE","80+",2023-04-20,2023-04-14,"-6 day ahead inc hosp","quantile",0.25,1749,"COVID-19"
"DE-BB","00+",2023-04-20,2023-04-14,"-6 day ahead inc hosp","quantile",0.25,232,"COVID-19"
"DE-BE","00+",2023-04-20,2023-04-14,"-6 day ahead inc hosp","quantile",0.25,262,"COVID-19"
"DE-BW","00+",2023-04-20,2023-04-14,"-6 day ahead inc hosp","quantile",0.25,223,"COVID-19"
"DE-BY","00+",2023-04-20,2023-04-14,"-6 day ahead inc hosp","quantile",0.25,520,"COVID-19"
"DE-HB","00+",2023-04-20,2023-04-14,"-6 day ahead inc hosp","quantile",0.25,9,"COVID-19"
"DE-HE","00+",2023-04-20,2023-04-14,"-6 day ahead inc hosp","quantile",0.25,246,"COVID-19"
"DE-HH","00+",2023-04-20,2023-04-14,"-6 day ahead inc hosp","quantile",0.25,98,"COVID-19"
"DE-MV","00+",2023-04-20,2023-04-14,"-6 day ahead inc hosp","quantile",0.25,164,"COVID-19"
"DE-NI","00+",2023-04-20,2023-04-14,"-6 day ahead inc hosp","quantile",0.25,296,"COVID-19"
"DE-NW","00+",2023-04-20,2023-04-14,"-6 day ahead inc hosp","quantile",0.25,653,"COVID-19"
"DE-RP","00+",2023-04-20,2023-04-14,"-6 day ahead inc hosp","quantile",0.25,136,"COVID-19"
"DE-SH","00+",2023-04-20,2023-04-14,"-6 day ahead inc hosp","quantile",0.25,179,"COVID-19"
"DE-SL","00+",2023-04-20,2023-04-14,"-6 day ahead inc hosp","quantile",0.25,24,"COVID-19"
"DE-SN","00+",2023-04-20,2023-04-14,"-6 day ahead inc hosp","quantile",0.25,221,"COVID-19"
"DE-ST","00+",2023-04-20,2023-04-14,"-6 day ahead inc hosp","quantile",0.25,128,"COVID-19"
"DE-TH","00+",2023-04-20,2023-04-14,"-6 day ahead inc hosp","quantile",0.25,130,"COVID-19"
"DE","00-04",2023-04-20,2023-04-14,"-6 day ahead inc hosp","quantile",0.5,72,"COVID-19"
"DE","00+",2023-04-20,2023-04-14,"-6 day ahead inc hosp","quantile",0.5,3622,"COVID-19"
"DE","05-14",2023-04-20,2023-04-14,"-6 day ahead inc hosp","quantile",0.5,5,"COVID-19"
"DE","15-34",2023-04-20,2023-04-14,"-6 day ahead inc hosp","quantile",0.5,132,"COVID-19"
"DE","35-59",2023-04-20,2023-04-14,"-6 day ahead inc hosp","quantile",0.5,374,"COVID-19"
"DE","60-79",2023-04-20,2023-04-14,"-6 day ahead inc hosp","quantile",0.5,1263,"COVID-19"
"DE","80+",2023-04-20,2023-04-14,"-6 day ahead inc hosp","quantile",0.5,1775,"COVID-19"
"DE-BB","00+",2023-04-20,2023-04-14,"-6 day ahead inc hosp","quantile",0.5,239,"COVID-19"
"DE-BE","00+",2023-04-20,2023-04-14,"-6 day ahead inc hosp","quantile",0.5,273,"COVID-19"
"DE-BW","00+",2023-04-20,2023-04-14,"-6 day ahead inc hosp","quantile",0.5,229,"COVID-19"
"DE-BY","00+",2023-04-20,2023-04-14,"-6 day ahead inc hosp","quantile",0.5,526,"COVID-19"
"DE-HB","00+",2023-04-20,2023-04-14,"-6 day ahead inc hosp","quantile",0.5,10,"COVID-19"
"DE-HE","00+",2023-04-20,2023-04-14,"-6 day ahead inc hosp","quantile",0.5,251,"COVID-19"
"DE-HH","00+",2023-04-20,2023-04-14,"-6 day ahead inc hosp","quantile",0.5,105,"COVID-19"
"DE-MV","00+",2023-04-20,2023-04-14,"-6 day ahead inc hosp","quantile",0.5,168,"COVID-19"
"DE-NI","00+",2023-04-20,2023-04-14,"-6 day ahead inc hosp","quantile",0.5,305,"COVID-19"
"DE-NW","00+",2023-04-20,2023-04-14,"-6 day ahead inc hosp","quantile",0.5,663,"COVID-19"
"DE-RP","00+",2023-04-20,2023-04-14,"-6 day ahead inc hosp","quantile",0.5,141,"COVID-19"
"DE-SH","00+",2023-04-20,2023-04-14,"-6 day ahead inc hosp","quantile",0.5,185,"COVID-19"
"DE-SL","00+",2023-04-20,2023-04-14,"-6 day ahead inc hosp","quantile",0.5,25,"COVID-19"
"DE-SN","00+",2023-04-20,2023-04-14,"-6 day ahead inc hosp","quantile",0.5,229,"COVID-19"
"DE-ST","00+",2023-04-20,2023-04-14,"-6 day ahead inc hosp","quantile",0.5,132,"COVID-19"
"DE-TH","00+",2023-04-20,2023-04-14,"-6 day ahead inc hosp","quantile",0.5,132,"COVID-19"
"DE","00-04",2023-04-20,2023-04-14,"-6 day ahead inc hosp","quantile",0.75,74,"COVID-19"
"DE","00+",2023-04-20,2023-04-14,"-6 day ahead inc hosp","quantile",0.75,3677,"COVID-19"
"DE","05-14",2023-04-20,2023-04-14,"-6 day ahead inc hosp","quantile",0.75,7,"COVID-19"
"DE","15-34",2023-04-20,2023-04-14,"-6 day ahead inc hosp","quantile",0.75,136,"COVID-19"
"DE","35-59",2023-04-20,2023-04-14,"-6 day ahead inc hosp","quantile",0.75,383,"COVID-19"
"DE","60-79",2023-04-20,2023-04-14,"-6 day ahead inc hosp","quantile",0.75,1282,"COVID-19"
"DE","80+",2023-04-20,2023-04-14,"-6 day ahead inc hosp","quantile",0.75,1791,"COVID-19"
"DE-BB","00+",2023-04-20,2023-04-14,"-6 day ahead inc hosp","quantile",0.75,247,"COVID-19"
"DE-BE","00+",2023-04-20,2023-04-14,"-6 day ahead inc hosp","quantile",0.75,287,"COVID-19"
"DE-BW","00+",2023-04-20,2023-04-14,"-6 day ahead inc hosp","quantile",0.75,238,"COVID-19"
"DE-BY","00+",2023-04-20,2023-04-14,"-6 day ahead inc hosp","quantile",0.75,533,"COVID-19"
"DE-HB","00+",2023-04-20,2023-04-14,"-6 day ahead inc hosp","quantile",0.75,11,"COVID-19"
"DE-HE","00+",2023-04-20,2023-04-14,"-6 day ahead inc hosp","quantile",0.75,257,"COVID-19"
"DE-HH","00+",2023-04-20,2023-04-14,"-6 day ahead inc hosp","quantile",0.75,115,"COVID-19"
"DE-MV","00+",2023-04-20,2023-04-14,"-6 day ahead inc hosp","quantile",0.75,171,"COVID-19"
"DE-NI","00+",2023-04-20,2023-04-14,"-6 day ahead inc hosp","quantile",0.75,311,"COVID-19"
"DE-NW","00+",2023-04-20,2023-04-14,"-6 day ahead inc hosp","quantile",0.75,685,"COVID-19"
"DE-RP","00+",2023-04-20,2023-04-14,"-6 day ahead inc hosp","quantile",0.75,146,"COVID-19"
"DE-SH","00+",2023-04-20,2023-04-14,"-6 day ahead inc hosp","quantile",0.75,190,"COVID-19"
"DE-SL","00+",2023-04-20,2023-04-14,"-6 day ahead inc hosp","quantile",0.75,26,"COVID-19"
"DE-SN","00+",2023-04-20,2023-04-14,"-6 day ahead inc hosp","quantile",0.75,234,"COVID-19"
"DE-ST","00+",2023-04-20,2023-04-14,"-6 day ahead inc hosp","quantile",0.75,136,"COVID-19"
"DE-TH","00+",2023-04-20,2023-04-14,"-6 day ahead inc hosp","quantile",0.75,134,"COVID-19"
"DE","00-04",2023-04-20,2023-04-14,"-6 day ahead inc hosp","quantile",0.9,76,"COVID-19"
"DE","00+",2023-04-20,2023-04-14,"-6 day ahead inc hosp","quantile",0.9,3724,"COVID-19"
"DE","05-14",2023-04-20,2023-04-14,"-6 day ahead inc hosp","quantile",0.9,7,"COVID-19"
"DE","15-34",2023-04-20,2023-04-14,"-6 day ahead inc hosp","quantile",0.9,138,"COVID-19"
"DE","35-59",2023-04-20,2023-04-14,"-6 day ahead inc hosp","quantile",0.9,392,"COVID-19"
"DE","60-79",2023-04-20,2023-04-14,"-6 day ahead inc hosp","quantile",0.9,1300,"COVID-19"
"DE","80+",2023-04-20,2023-04-14,"-6 day ahead inc hosp","quantile",0.9,1806,"COVID-19"
"DE-BB","00+",2023-04-20,2023-04-14,"-6 day ahead inc hosp","quantile",0.9,255,"COVID-19"
"DE-BE","00+",2023-04-20,2023-04-14,"-6 day ahead inc hosp","quantile",0.9,302,"COVID-19"
"DE-BW","00+",2023-04-20,2023-04-14,"-6 day ahead inc hosp","quantile",0.9,243,"COVID-19"
"DE-BY","00+",2023-04-20,2023-04-14,"-6 day ahead inc hosp","quantile",0.9,540,"COVID-19"
"DE-HB","00+",2023-04-20,2023-04-14,"-6 day ahead inc hosp","quantile",0.9,12,"COVID-19"
"DE-HE","00+",2023-04-20,2023-04-14,"-6 day ahead inc hosp","quantile",0.9,261,"COVID-19"
"DE-HH","00+",2023-04-20,2023-04-14,"-6 day ahead inc hosp","quantile",0.9,126,"COVID-19"
"DE-MV","00+",2023-04-20,2023-04-14,"-6 day ahead inc hosp","quantile",0.9,175,"COVID-19"
"DE-NI","00+",2023-04-20,2023-04-14,"-6 day ahead inc hosp","quantile",0.9,315,"COVID-19"
"DE-NW","00+",2023-04-20,2023-04-14,"-6 day ahead inc hosp","quantile",0.9,699,"COVID-19"
"DE-RP","00+",2023-04-20,2023-04-14,"-6 day ahead inc hosp","quantile",0.9,152,"COVID-19"
"DE-SH","00+",2023-04-20,2023-04-14,"-6 day ahead inc hosp","quantile",0.9,194,"COVID-19"
"DE-SL","00+",2023-04-20,2023-04-14,"-6 day ahead inc hosp","quantile",0.9,27,"COVID-19"
"DE-SN","00+",2023-04-20,2023-04-14,"-6 day ahead inc hosp","quantile",0.9,238,"COVID-19"
"DE-ST","00+",2023-04-20,2023-04-14,"-6 day ahead inc hosp","quantile",0.9,140,"COVID-19"
"DE-TH","00+",2023-04-20,2023-04-14,"-6 day ahead inc hosp","quantile",0.9,137,"COVID-19"
"DE","00-04",2023-04-20,2023-04-14,"-6 day ahead inc hosp","quantile",0.975,78,"COVID-19"
"DE","00+",2023-04-20,2023-04-14,"-6 day ahead inc hosp","quantile",0.975,3754,"COVID-19"
"DE","05-14",2023-04-20,2023-04-14,"-6 day ahead inc hosp","quantile",0.975,9,"COVID-19"
"DE","15-34",2023-04-20,2023-04-14,"-6 day ahead inc hosp","quantile",0.975,141,"COVID-19"
"DE","35-59",2023-04-20,2023-04-14,"-6 day ahead inc hosp","quantile",0.975,399,"COVID-19"
"DE","60-79",2023-04-20,2023-04-14,"-6 day ahead inc hosp","quantile",0.975,1314,"COVID-19"
"DE","80+",2023-04-20,2023-04-14,"-6 day ahead inc hosp","quantile",0.975,1820,"COVID-19"
"DE-BB","00+",2023-04-20,2023-04-14,"-6 day ahead inc hosp","quantile",0.975,260,"COVID-19"
"DE-BE","00+",2023-04-20,2023-04-14,"-6 day ahead inc hosp","quantile",0.975,308,"COVID-19"
"DE-BW","00+",2023-04-20,2023-04-14,"-6 day ahead inc hosp","quantile",0.975,252,"COVID-19"
"DE-BY","00+",2023-04-20,2023-04-14,"-6 day ahead inc hosp","quantile",0.975,546,"COVID-19"
"DE-HB","00+",2023-04-20,2023-04-14,"-6 day ahead inc hosp","quantile",0.975,14,"COVID-19"
"DE-HE","00+",2023-04-20,2023-04-14,"-6 day ahead inc hosp","quantile",0.975,266,"COVID-19"
"DE-HH","00+",2023-04-20,2023-04-14,"-6 day ahead inc hosp","quantile",0.975,132,"COVID-19"
"DE-MV","00+",2023-04-20,2023-04-14,"-6 day ahead inc hosp","quantile",0.975,180,"COVID-19"
"DE-NI","00+",2023-04-20,2023-04-14,"-6 day ahead inc hosp","quantile",0.975,326,"COVID-19"
"DE-NW","00+",2023-04-20,2023-04-14,"-6 day ahead inc hosp","quantile",0.975,706,"COVID-19"
"DE-RP","00+",2023-04-20,2023-04-14,"-6 day ahead inc hosp","quantile",0.975,160,"COVID-19"
"DE-SH","00+",2023-04-20,2023-04-14,"-6 day ahead inc hosp","quantile",0.975,198,"COVID-19"
"DE-SL","00+",2023-04-20,2023-04-14,"-6 day ahead inc hosp","quantile",0.975,29,"COVID-19"
"DE-SN","00+",2023-04-20,2023-04-14,"-6 day ahead inc hosp","quantile",0.975,242,"COVID-19"
"DE-ST","00+",2023-04-20,2023-04-14,"-6 day ahead inc hosp","quantile",0.975,145,"COVID-19"
"DE-TH","00+",2023-04-20,2023-04-14,"-6 day ahead inc hosp","quantile",0.975,139,"COVID-19"
"DE","00-04",2023-04-20,2023-04-15,"-5 day ahead inc hosp","mean",NA,82,"COVID-19"
"DE","00+",2023-04-20,2023-04-15,"-5 day ahead inc hosp","mean",NA,4075,"COVID-19"
"DE","05-14",2023-04-20,2023-04-15,"-5 day ahead inc hosp","mean",NA,9,"COVID-19"
"DE","15-34",2023-04-20,2023-04-15,"-5 day ahead inc hosp","mean",NA,139,"COVID-19"
"DE","35-59",2023-04-20,2023-04-15,"-5 day ahead inc hosp","mean",NA,437,"COVID-19"
"DE","60-79",2023-04-20,2023-04-15,"-5 day ahead inc hosp","mean",NA,1410,"COVID-19"
"DE","80+",2023-04-20,2023-04-15,"-5 day ahead inc hosp","mean",NA,1987,"COVID-19"
"DE-BB","00+",2023-04-20,2023-04-15,"-5 day ahead inc hosp","mean",NA,272,"COVID-19"
"DE-BE","00+",2023-04-20,2023-04-15,"-5 day ahead inc hosp","mean",NA,310,"COVID-19"
"DE-BW","00+",2023-04-20,2023-04-15,"-5 day ahead inc hosp","mean",NA,250,"COVID-19"
"DE-BY","00+",2023-04-20,2023-04-15,"-5 day ahead inc hosp","mean",NA,592,"COVID-19"
"DE-HB","00+",2023-04-20,2023-04-15,"-5 day ahead inc hosp","mean",NA,14,"COVID-19"
"DE-HE","00+",2023-04-20,2023-04-15,"-5 day ahead inc hosp","mean",NA,286,"COVID-19"
"DE-HH","00+",2023-04-20,2023-04-15,"-5 day ahead inc hosp","mean",NA,139,"COVID-19"
"DE-MV","00+",2023-04-20,2023-04-15,"-5 day ahead inc hosp","mean",NA,192,"COVID-19"
"DE-NI","00+",2023-04-20,2023-04-15,"-5 day ahead inc hosp","mean",NA,338,"COVID-19"
"DE-NW","00+",2023-04-20,2023-04-15,"-5 day ahead inc hosp","mean",NA,731,"COVID-19"
"DE-RP","00+",2023-04-20,2023-04-15,"-5 day ahead inc hosp","mean",NA,150,"COVID-19"
"DE-SH","00+",2023-04-20,2023-04-15,"-5 day ahead inc hosp","mean",NA,216,"COVID-19"
"DE-SL","00+",2023-04-20,2023-04-15,"-5 day ahead inc hosp","mean",NA,27,"COVID-19"
"DE-SN","00+",2023-04-20,2023-04-15,"-5 day ahead inc hosp","mean",NA,252,"COVID-19"
"DE-ST","00+",2023-04-20,2023-04-15,"-5 day ahead inc hosp","mean",NA,158,"COVID-19"
"DE-TH","00+",2023-04-20,2023-04-15,"-5 day ahead inc hosp","mean",NA,147,"COVID-19"
"DE","00-04",2023-04-20,2023-04-15,"-5 day ahead inc hosp","quantile",0.025,77,"COVID-19"
"DE","00+",2023-04-20,2023-04-15,"-5 day ahead inc hosp","quantile",0.025,3910,"COVID-19"
"DE","05-14",2023-04-20,2023-04-15,"-5 day ahead inc hosp","quantile",0.025,8,"COVID-19"
"DE","15-34",2023-04-20,2023-04-15,"-5 day ahead inc hosp","quantile",0.025,131,"COVID-19"
"DE","35-59",2023-04-20,2023-04-15,"-5 day ahead inc hosp","quantile",0.025,412,"COVID-19"
"DE","60-79",2023-04-20,2023-04-15,"-5 day ahead inc hosp","quantile",0.025,1354,"COVID-19"
"DE","80+",2023-04-20,2023-04-15,"-5 day ahead inc hosp","quantile",0.025,1911,"COVID-19"
"DE-BB","00+",2023-04-20,2023-04-15,"-5 day ahead inc hosp","quantile",0.025,253,"COVID-19"
"DE-BE","00+",2023-04-20,2023-04-15,"-5 day ahead inc hosp","quantile",0.025,280,"COVID-19"
"DE-BW","00+",2023-04-20,2023-04-15,"-5 day ahead inc hosp","quantile",0.025,232,"COVID-19"
"DE-BY","00+",2023-04-20,2023-04-15,"-5 day ahead inc hosp","quantile",0.025,572,"COVID-19"
"DE-HB","00+",2023-04-20,2023-04-15,"-5 day ahead inc hosp","quantile",0.025,12,"COVID-19"
"DE-HE","00+",2023-04-20,2023-04-15,"-5 day ahead inc hosp","quantile",0.025,270,"COVID-19"
"DE-HH","00+",2023-04-20,2023-04-15,"-5 day ahead inc hosp","quantile",0.025,118,"COVID-19"
"DE-MV","00+",2023-04-20,2023-04-15,"-5 day ahead inc hosp","quantile",0.025,184,"COVID-19"
"DE-NI","00+",2023-04-20,2023-04-15,"-5 day ahead inc hosp","quantile",0.025,316,"COVID-19"
"DE-NW","00+",2023-04-20,2023-04-15,"-5 day ahead inc hosp","quantile",0.025,688,"COVID-19"
"DE-RP","00+",2023-04-20,2023-04-15,"-5 day ahead inc hosp","quantile",0.025,138,"COVID-19"
"DE-SH","00+",2023-04-20,2023-04-15,"-5 day ahead inc hosp","quantile",0.025,203,"COVID-19"
"DE-SL","00+",2023-04-20,2023-04-15,"-5 day ahead inc hosp","quantile",0.025,25,"COVID-19"
"DE-SN","00+",2023-04-20,2023-04-15,"-5 day ahead inc hosp","quantile",0.025,230,"COVID-19"
"DE-ST","00+",2023-04-20,2023-04-15,"-5 day ahead inc hosp","quantile",0.025,148,"COVID-19"
"DE-TH","00+",2023-04-20,2023-04-15,"-5 day ahead inc hosp","quantile",0.025,142,"COVID-19"
"DE","00-04",2023-04-20,2023-04-15,"-5 day ahead inc hosp","quantile",0.1,78,"COVID-19"
"DE","00+",2023-04-20,2023-04-15,"-5 day ahead inc hosp","quantile",0.1,3959,"COVID-19"
"DE","05-14",2023-04-20,2023-04-15,"-5 day ahead inc hosp","quantile",0.1,8,"COVID-19"
"DE","15-34",2023-04-20,2023-04-15,"-5 day ahead inc hosp","quantile",0.1,133,"COVID-19"
"DE","35-59",2023-04-20,2023-04-15,"-5 day ahead inc hosp","quantile",0.1,419,"COVID-19"
"DE","60-79",2023-04-20,2023-04-15,"-5 day ahead inc hosp","quantile",0.1,1370,"COVID-19"
"DE","80+",2023-04-20,2023-04-15,"-5 day ahead inc hosp","quantile",0.1,1937,"COVID-19"
"DE-BB","00+",2023-04-20,2023-04-15,"-5 day ahead inc hosp","quantile",0.1,257,"COVID-19"
"DE-BE","00+",2023-04-20,2023-04-15,"-5 day ahead inc hosp","quantile",0.1,286,"COVID-19"
"DE-BW","00+",2023-04-20,2023-04-15,"-5 day ahead inc hosp","quantile",0.1,237,"COVID-19"
"DE-BY","00+",2023-04-20,2023-04-15,"-5 day ahead inc hosp","quantile",0.1,578,"COVID-19"
"DE-HB","00+",2023-04-20,2023-04-15,"-5 day ahead inc hosp","quantile",0.1,12,"COVID-19"
"DE-HE","00+",2023-04-20,2023-04-15,"-5 day ahead inc hosp","quantile",0.1,273,"COVID-19"
"DE-HH","00+",2023-04-20,2023-04-15,"-5 day ahead inc hosp","quantile",0.1,120,"COVID-19"
"DE-MV","00+",2023-04-20,2023-04-15,"-5 day ahead inc hosp","quantile",0.1,186,"COVID-19"
"DE-NI","00+",2023-04-20,2023-04-15,"-5 day ahead inc hosp","quantile",0.1,322,"COVID-19"
"DE-NW","00+",2023-04-20,2023-04-15,"-5 day ahead inc hosp","quantile",0.1,693,"COVID-19"
"DE-RP","00+",2023-04-20,2023-04-15,"-5 day ahead inc hosp","quantile",0.1,141,"COVID-19"
"DE-SH","00+",2023-04-20,2023-04-15,"-5 day ahead inc hosp","quantile",0.1,206,"COVID-19"
"DE-SL","00+",2023-04-20,2023-04-15,"-5 day ahead inc hosp","quantile",0.1,25,"COVID-19"
"DE-SN","00+",2023-04-20,2023-04-15,"-5 day ahead inc hosp","quantile",0.1,235,"COVID-19"
"DE-ST","00+",2023-04-20,2023-04-15,"-5 day ahead inc hosp","quantile",0.1,150,"COVID-19"
"DE-TH","00+",2023-04-20,2023-04-15,"-5 day ahead inc hosp","quantile",0.1,144,"COVID-19"
"DE","00-04",2023-04-20,2023-04-15,"-5 day ahead inc hosp","quantile",0.25,80,"COVID-19"
"DE","00+",2023-04-20,2023-04-15,"-5 day ahead inc hosp","quantile",0.25,4007,"COVID-19"
"DE","05-14",2023-04-20,2023-04-15,"-5 day ahead inc hosp","quantile",0.25,8,"COVID-19"
"DE","15-34",2023-04-20,2023-04-15,"-5 day ahead inc hosp","quantile",0.25,135,"COVID-19"
"DE","35-59",2023-04-20,2023-04-15,"-5 day ahead inc hosp","quantile",0.25,426,"COVID-19"
"DE","60-79",2023-04-20,2023-04-15,"-5 day ahead inc hosp","quantile",0.25,1387,"COVID-19"
"DE","80+",2023-04-20,2023-04-15,"-5 day ahead inc hosp","quantile",0.25,1963,"COVID-19"
"DE-BB","00+",2023-04-20,2023-04-15,"-5 day ahead inc hosp","quantile",0.25,262,"COVID-19"
"DE-BE","00+",2023-04-20,2023-04-15,"-5 day ahead inc hosp","quantile",0.25,293,"COVID-19"
"DE-BW","00+",2023-04-20,2023-04-15,"-5 day ahead inc hosp","quantile",0.25,242,"COVID-19"
"DE-BY","00+",2023-04-20,2023-04-15,"-5 day ahead inc hosp","quantile",0.25,584,"COVID-19"
"DE-HB","00+",2023-04-20,2023-04-15,"-5 day ahead inc hosp","quantile",0.25,13,"COVID-19"
"DE-HE","00+",2023-04-20,2023-04-15,"-5 day ahead inc hosp","quantile",0.25,278,"COVID-19"
"DE-HH","00+",2023-04-20,2023-04-15,"-5 day ahead inc hosp","quantile",0.25,126,"COVID-19"
"DE-MV","00+",2023-04-20,2023-04-15,"-5 day ahead inc hosp","quantile",0.25,188,"COVID-19"
"DE-NI","00+",2023-04-20,2023-04-15,"-5 day ahead inc hosp","quantile",0.25,332,"COVID-19"
"DE-NW","00+",2023-04-20,2023-04-15,"-5 day ahead inc hosp","quantile",0.25,709,"COVID-19"
"DE-RP","00+",2023-04-20,2023-04-15,"-5 day ahead inc hosp","quantile",0.25,145,"COVID-19"
"DE-SH","00+",2023-04-20,2023-04-15,"-5 day ahead inc hosp","quantile",0.25,209,"COVID-19"
"DE-SL","00+",2023-04-20,2023-04-15,"-5 day ahead inc hosp","quantile",0.25,25,"COVID-19"
"DE-SN","00+",2023-04-20,2023-04-15,"-5 day ahead inc hosp","quantile",0.25,242,"COVID-19"
"DE-ST","00+",2023-04-20,2023-04-15,"-5 day ahead inc hosp","quantile",0.25,153,"COVID-19"
"DE-TH","00+",2023-04-20,2023-04-15,"-5 day ahead inc hosp","quantile",0.25,145,"COVID-19"
"DE","00-04",2023-04-20,2023-04-15,"-5 day ahead inc hosp","quantile",0.5,81,"COVID-19"
"DE","00+",2023-04-20,2023-04-15,"-5 day ahead inc hosp","quantile",0.5,4068,"COVID-19"
"DE","05-14",2023-04-20,2023-04-15,"-5 day ahead inc hosp","quantile",0.5,9,"COVID-19"
"DE","15-34",2023-04-20,2023-04-15,"-5 day ahead inc hosp","quantile",0.5,138,"COVID-19"
"DE","35-59",2023-04-20,2023-04-15,"-5 day ahead inc hosp","quantile",0.5,435,"COVID-19"
"DE","60-79",2023-04-20,2023-04-15,"-5 day ahead inc hosp","quantile",0.5,1408,"COVID-19"
"DE","80+",2023-04-20,2023-04-15,"-5 day ahead inc hosp","quantile",0.5,1985,"COVID-19"
"DE-BB","00+",2023-04-20,2023-04-15,"-5 day ahead inc hosp","quantile",0.5,270,"COVID-19"
"DE-BE","00+",2023-04-20,2023-04-15,"-5 day ahead inc hosp","quantile",0.5,305,"COVID-19"
"DE-BW","00+",2023-04-20,2023-04-15,"-5 day ahead inc hosp","quantile",0.5,249,"COVID-19"
"DE-BY","00+",2023-04-20,2023-04-15,"-5 day ahead inc hosp","quantile",0.5,592,"COVID-19"
"DE-HB","00+",2023-04-20,2023-04-15,"-5 day ahead inc hosp","quantile",0.5,14,"COVID-19"
"DE-HE","00+",2023-04-20,2023-04-15,"-5 day ahead inc hosp","quantile",0.5,285,"COVID-19"
"DE-HH","00+",2023-04-20,2023-04-15,"-5 day ahead inc hosp","quantile",0.5,134,"COVID-19"
"DE-MV","00+",2023-04-20,2023-04-15,"-5 day ahead inc hosp","quantile",0.5,192,"COVID-19"
"DE-NI","00+",2023-04-20,2023-04-15,"-5 day ahead inc hosp","quantile",0.5,338,"COVID-19"
"DE-NW","00+",2023-04-20,2023-04-15,"-5 day ahead inc hosp","quantile",0.5,730,"COVID-19"
"DE-RP","00+",2023-04-20,2023-04-15,"-5 day ahead inc hosp","quantile",0.5,149,"COVID-19"
"DE-SH","00+",2023-04-20,2023-04-15,"-5 day ahead inc hosp","quantile",0.5,215,"COVID-19"
"DE-SL","00+",2023-04-20,2023-04-15,"-5 day ahead inc hosp","quantile",0.5,27,"COVID-19"
"DE-SN","00+",2023-04-20,2023-04-15,"-5 day ahead inc hosp","quantile",0.5,251,"COVID-19"
"DE-ST","00+",2023-04-20,2023-04-15,"-5 day ahead inc hosp","quantile",0.5,157,"COVID-19"
"DE-TH","00+",2023-04-20,2023-04-15,"-5 day ahead inc hosp","quantile",0.5,148,"COVID-19"
"DE","00-04",2023-04-20,2023-04-15,"-5 day ahead inc hosp","quantile",0.75,84,"COVID-19"
"DE","00+",2023-04-20,2023-04-15,"-5 day ahead inc hosp","quantile",0.75,4124,"COVID-19"
"DE","05-14",2023-04-20,2023-04-15,"-5 day ahead inc hosp","quantile",0.75,9,"COVID-19"
"DE","15-34",2023-04-20,2023-04-15,"-5 day ahead inc hosp","quantile",0.75,143,"COVID-19"
"DE","35-59",2023-04-20,2023-04-15,"-5 day ahead inc hosp","quantile",0.75,446,"COVID-19"
"DE","60-79",2023-04-20,2023-04-15,"-5 day ahead inc hosp","quantile",0.75,1431,"COVID-19"
"DE","80+",2023-04-20,2023-04-15,"-5 day ahead inc hosp","quantile",0.75,2001,"COVID-19"
"DE-BB","00+",2023-04-20,2023-04-15,"-5 day ahead inc hosp","quantile",0.75,280,"COVID-19"
"DE-BE","00+",2023-04-20,2023-04-15,"-5 day ahead inc hosp","quantile",0.75,322,"COVID-19"
"DE-BW","00+",2023-04-20,2023-04-15,"-5 day ahead inc hosp","quantile",0.75,258,"COVID-19"
"DE-BY","00+",2023-04-20,2023-04-15,"-5 day ahead inc hosp","quantile",0.75,599,"COVID-19"
"DE-HB","00+",2023-04-20,2023-04-15,"-5 day ahead inc hosp","quantile",0.75,15,"COVID-19"
"DE-HE","00+",2023-04-20,2023-04-15,"-5 day ahead inc hosp","quantile",0.75,290,"COVID-19"
"DE-HH","00+",2023-04-20,2023-04-15,"-5 day ahead inc hosp","quantile",0.75,147,"COVID-19"
"DE-MV","00+",2023-04-20,2023-04-15,"-5 day ahead inc hosp","quantile",0.75,196,"COVID-19"
"DE-NI","00+",2023-04-20,2023-04-15,"-5 day ahead inc hosp","quantile",0.75,344,"COVID-19"
"DE-NW","00+",2023-04-20,2023-04-15,"-5 day ahead inc hosp","quantile",0.75,756,"COVID-19"
"DE-RP","00+",2023-04-20,2023-04-15,"-5 day ahead inc hosp","quantile",0.75,155,"COVID-19"
"DE-SH","00+",2023-04-20,2023-04-15,"-5 day ahead inc hosp","quantile",0.75,220,"COVID-19"
"DE-SL","00+",2023-04-20,2023-04-15,"-5 day ahead inc hosp","quantile",0.75,29,"COVID-19"
"DE-SN","00+",2023-04-20,2023-04-15,"-5 day ahead inc hosp","quantile",0.75,256,"COVID-19"
"DE-ST","00+",2023-04-20,2023-04-15,"-5 day ahead inc hosp","quantile",0.75,162,"COVID-19"
"DE-TH","00+",2023-04-20,2023-04-15,"-5 day ahead inc hosp","quantile",0.75,150,"COVID-19"
"DE","00-04",2023-04-20,2023-04-15,"-5 day ahead inc hosp","quantile",0.9,86,"COVID-19"
"DE","00+",2023-04-20,2023-04-15,"-5 day ahead inc hosp","quantile",0.9,4157,"COVID-19"
"DE","05-14",2023-04-20,2023-04-15,"-5 day ahead inc hosp","quantile",0.9,11,"COVID-19"
"DE","15-34",2023-04-20,2023-04-15,"-5 day ahead inc hosp","quantile",0.9,146,"COVID-19"
"DE","35-59",2023-04-20,2023-04-15,"-5 day ahead inc hosp","quantile",0.9,452,"COVID-19"
"DE","60-79",2023-04-20,2023-04-15,"-5 day ahead inc hosp","quantile",0.9,1446,"COVID-19"
"DE","80+",2023-04-20,2023-04-15,"-5 day ahead inc hosp","quantile",0.9,2018,"COVID-19"
"DE-BB","00+",2023-04-20,2023-04-15,"-5 day ahead inc hosp","quantile",0.9,286,"COVID-19"
"DE-BE","00+",2023-04-20,2023-04-15,"-5 day ahead inc hosp","quantile",0.9,337,"COVID-19"
"DE-BW","00+",2023-04-20,2023-04-15,"-5 day ahead inc hosp","quantile",0.9,265,"COVID-19"
"DE-BY","00+",2023-04-20,2023-04-15,"-5 day ahead inc hosp","quantile",0.9,607,"COVID-19"
"DE-HB","00+",2023-04-20,2023-04-15,"-5 day ahead inc hosp","quantile",0.9,16,"COVID-19"
"DE-HE","00+",2023-04-20,2023-04-15,"-5 day ahead inc hosp","quantile",0.9,295,"COVID-19"
"DE-HH","00+",2023-04-20,2023-04-15,"-5 day ahead inc hosp","quantile",0.9,154,"COVID-19"
"DE-MV","00+",2023-04-20,2023-04-15,"-5 day ahead inc hosp","quantile",0.9,200,"COVID-19"
"DE-NI","00+",2023-04-20,2023-04-15,"-5 day ahead inc hosp","quantile",0.9,351,"COVID-19"
"DE-NW","00+",2023-04-20,2023-04-15,"-5 day ahead inc hosp","quantile",0.9,770,"COVID-19"
"DE-RP","00+",2023-04-20,2023-04-15,"-5 day ahead inc hosp","quantile",0.9,161,"COVID-19"
"DE-SH","00+",2023-04-20,2023-04-15,"-5 day ahead inc hosp","quantile",0.9,225,"COVID-19"
"DE-SL","00+",2023-04-20,2023-04-15,"-5 day ahead inc hosp","quantile",0.9,30,"COVID-19"
"DE-SN","00+",2023-04-20,2023-04-15,"-5 day ahead inc hosp","quantile",0.9,260,"COVID-19"
"DE-ST","00+",2023-04-20,2023-04-15,"-5 day ahead inc hosp","quantile",0.9,167,"COVID-19"
"DE-TH","00+",2023-04-20,2023-04-15,"-5 day ahead inc hosp","quantile",0.9,153,"COVID-19"
"DE","00-04",2023-04-20,2023-04-15,"-5 day ahead inc hosp","quantile",0.975,88,"COVID-19"
"DE","00+",2023-04-20,2023-04-15,"-5 day ahead inc hosp","quantile",0.975,4192,"COVID-19"
"DE","05-14",2023-04-20,2023-04-15,"-5 day ahead inc hosp","quantile",0.975,11,"COVID-19"
"DE","15-34",2023-04-20,2023-04-15,"-5 day ahead inc hosp","quantile",0.975,149,"COVID-19"
"DE","35-59",2023-04-20,2023-04-15,"-5 day ahead inc hosp","quantile",0.975,459,"COVID-19"
"DE","60-79",2023-04-20,2023-04-15,"-5 day ahead inc hosp","quantile",0.975,1462,"COVID-19"
"DE","80+",2023-04-20,2023-04-15,"-5 day ahead inc hosp","quantile",0.975,2035,"COVID-19"
"DE-BB","00+",2023-04-20,2023-04-15,"-5 day ahead inc hosp","quantile",0.975,292,"COVID-19"
"DE-BE","00+",2023-04-20,2023-04-15,"-5 day ahead inc hosp","quantile",0.975,345,"COVID-19"
"DE-BW","00+",2023-04-20,2023-04-15,"-5 day ahead inc hosp","quantile",0.975,276,"COVID-19"
"DE-BY","00+",2023-04-20,2023-04-15,"-5 day ahead inc hosp","quantile",0.975,615,"COVID-19"
"DE-HB","00+",2023-04-20,2023-04-15,"-5 day ahead inc hosp","quantile",0.975,18,"COVID-19"
"DE-HE","00+",2023-04-20,2023-04-15,"-5 day ahead inc hosp","quantile",0.975,299,"COVID-19"
"DE-HH","00+",2023-04-20,2023-04-15,"-5 day ahead inc hosp","quantile",0.975,158,"COVID-19"
"DE-MV","00+",2023-04-20,2023-04-15,"-5 day ahead inc hosp","quantile",0.975,205,"COVID-19"
"DE-NI","00+",2023-04-20,2023-04-15,"-5 day ahead inc hosp","quantile",0.975,366,"COVID-19"
"DE-NW","00+",2023-04-20,2023-04-15,"-5 day ahead inc hosp","quantile",0.975,781,"COVID-19"
"DE-RP","00+",2023-04-20,2023-04-15,"-5 day ahead inc hosp","quantile",0.975,169,"COVID-19"
"DE-SH","00+",2023-04-20,2023-04-15,"-5 day ahead inc hosp","quantile",0.975,229,"COVID-19"
"DE-SL","00+",2023-04-20,2023-04-15,"-5 day ahead inc hosp","quantile",0.975,31,"COVID-19"
"DE-SN","00+",2023-04-20,2023-04-15,"-5 day ahead inc hosp","quantile",0.975,270,"COVID-19"
"DE-ST","00+",2023-04-20,2023-04-15,"-5 day ahead inc hosp","quantile",0.975,174,"COVID-19"
"DE-TH","00+",2023-04-20,2023-04-15,"-5 day ahead inc hosp","quantile",0.975,156,"COVID-19"
"DE","00-04",2023-04-20,2023-04-16,"-4 day ahead inc hosp","mean",NA,86,"COVID-19"
"DE","00+",2023-04-20,2023-04-16,"-4 day ahead inc hosp","mean",NA,4034,"COVID-19"
"DE","05-14",2023-04-20,2023-04-16,"-4 day ahead inc hosp","mean",NA,9,"COVID-19"
"DE","15-34",2023-04-20,2023-04-16,"-4 day ahead inc hosp","mean",NA,136,"COVID-19"
"DE","35-59",2023-04-20,2023-04-16,"-4 day ahead inc hosp","mean",NA,438,"COVID-19"
"DE","60-79",2023-04-20,2023-04-16,"-4 day ahead inc hosp","mean",NA,1404,"COVID-19"
"DE","80+",2023-04-20,2023-04-16,"-4 day ahead inc hosp","mean",NA,1956,"COVID-19"
"DE-BB","00+",2023-04-20,2023-04-16,"-4 day ahead inc hosp","mean",NA,270,"COVID-19"
"DE-BE","00+",2023-04-20,2023-04-16,"-4 day ahead inc hosp","mean",NA,310,"COVID-19"
"DE-BW","00+",2023-04-20,2023-04-16,"-4 day ahead inc hosp","mean",NA,249,"COVID-19"
"DE-BY","00+",2023-04-20,2023-04-16,"-4 day ahead inc hosp","mean",NA,583,"COVID-19"
"DE-HB","00+",2023-04-20,2023-04-16,"-4 day ahead inc hosp","mean",NA,14,"COVID-19"
"DE-HE","00+",2023-04-20,2023-04-16,"-4 day ahead inc hosp","mean",NA,282,"COVID-19"
"DE-HH","00+",2023-04-20,2023-04-16,"-4 day ahead inc hosp","mean",NA,136,"COVID-19"
"DE-MV","00+",2023-04-20,2023-04-16,"-4 day ahead inc hosp","mean",NA,190,"COVID-19"
"DE-NI","00+",2023-04-20,2023-04-16,"-4 day ahead inc hosp","mean",NA,326,"COVID-19"
"DE-NW","00+",2023-04-20,2023-04-16,"-4 day ahead inc hosp","mean",NA,720,"COVID-19"
"DE-RP","00+",2023-04-20,2023-04-16,"-4 day ahead inc hosp","mean",NA,150,"COVID-19"
"DE-SH","00+",2023-04-20,2023-04-16,"-4 day ahead inc hosp","mean",NA,218,"COVID-19"
"DE-SL","00+",2023-04-20,2023-04-16,"-4 day ahead inc hosp","mean",NA,27,"COVID-19"
"DE-SN","00+",2023-04-20,2023-04-16,"-4 day ahead inc hosp","mean",NA,255,"COVID-19"
"DE-ST","00+",2023-04-20,2023-04-16,"-4 day ahead inc hosp","mean",NA,158,"COVID-19"
"DE-TH","00+",2023-04-20,2023-04-16,"-4 day ahead inc hosp","mean",NA,148,"COVID-19"
"DE","00-04",2023-04-20,2023-04-16,"-4 day ahead inc hosp","quantile",0.025,80,"COVID-19"
"DE","00+",2023-04-20,2023-04-16,"-4 day ahead inc hosp","quantile",0.025,3843,"COVID-19"
"DE","05-14",2023-04-20,2023-04-16,"-4 day ahead inc hosp","quantile",0.025,8,"COVID-19"
"DE","15-34",2023-04-20,2023-04-16,"-4 day ahead inc hosp","quantile",0.025,128,"COVID-19"
"DE","35-59",2023-04-20,2023-04-16,"-4 day ahead inc hosp","quantile",0.025,412,"COVID-19"
"DE","60-79",2023-04-20,2023-04-16,"-4 day ahead inc hosp","quantile",0.025,1338,"COVID-19"
"DE","80+",2023-04-20,2023-04-16,"-4 day ahead inc hosp","quantile",0.025,1861,"COVID-19"
"DE-BB","00+",2023-04-20,2023-04-16,"-4 day ahead inc hosp","quantile",0.025,251,"COVID-19"
"DE-BE","00+",2023-04-20,2023-04-16,"-4 day ahead inc hosp","quantile",0.025,280,"COVID-19"
"DE-BW","00+",2023-04-20,2023-04-16,"-4 day ahead inc hosp","quantile",0.025,229,"COVID-19"
"DE-BY","00+",2023-04-20,2023-04-16,"-4 day ahead inc hosp","quantile",0.025,560,"COVID-19"
"DE-HB","00+",2023-04-20,2023-04-16,"-4 day ahead inc hosp","quantile",0.025,12,"COVID-19"
"DE-HE","00+",2023-04-20,2023-04-16,"-4 day ahead inc hosp","quantile",0.025,267,"COVID-19"
"DE-HH","00+",2023-04-20,2023-04-16,"-4 day ahead inc hosp","quantile",0.025,115,"COVID-19"
"DE-MV","00+",2023-04-20,2023-04-16,"-4 day ahead inc hosp","quantile",0.025,182,"COVID-19"
"DE-NI","00+",2023-04-20,2023-04-16,"-4 day ahead inc hosp","quantile",0.025,305,"COVID-19"
"DE-NW","00+",2023-04-20,2023-04-16,"-4 day ahead inc hosp","quantile",0.025,686,"COVID-19"
"DE-RP","00+",2023-04-20,2023-04-16,"-4 day ahead inc hosp","quantile",0.025,137,"COVID-19"
"DE-SH","00+",2023-04-20,2023-04-16,"-4 day ahead inc hosp","quantile",0.025,206,"COVID-19"
"DE-SL","00+",2023-04-20,2023-04-16,"-4 day ahead inc hosp","quantile",0.025,25,"COVID-19"
"DE-SN","00+",2023-04-20,2023-04-16,"-4 day ahead inc hosp","quantile",0.025,231,"COVID-19"
"DE-ST","00+",2023-04-20,2023-04-16,"-4 day ahead inc hosp","quantile",0.025,149,"COVID-19"
"DE-TH","00+",2023-04-20,2023-04-16,"-4 day ahead inc hosp","quantile",0.025,142,"COVID-19"
"DE","00-04",2023-04-20,2023-04-16,"-4 day ahead inc hosp","quantile",0.1,81,"COVID-19"
"DE","00+",2023-04-20,2023-04-16,"-4 day ahead inc hosp","quantile",0.1,3897,"COVID-19"
"DE","05-14",2023-04-20,2023-04-16,"-4 day ahead inc hosp","quantile",0.1,8,"COVID-19"
"DE","15-34",2023-04-20,2023-04-16,"-4 day ahead inc hosp","quantile",0.1,130,"COVID-19"
"DE","35-59",2023-04-20,2023-04-16,"-4 day ahead inc hosp","quantile",0.1,419,"COVID-19"
"DE","60-79",2023-04-20,2023-04-16,"-4 day ahead inc hosp","quantile",0.1,1357,"COVID-19"
"DE","80+",2023-04-20,2023-04-16,"-4 day ahead inc hosp","quantile",0.1,1889,"COVID-19"
"DE-BB","00+",2023-04-20,2023-04-16,"-4 day ahead inc hosp","quantile",0.1,256,"COVID-19"
"DE-BE","00+",2023-04-20,2023-04-16,"-4 day ahead inc hosp","quantile",0.1,286,"COVID-19"
"DE-BW","00+",2023-04-20,2023-04-16,"-4 day ahead inc hosp","quantile",0.1,234,"COVID-19"
"DE-BY","00+",2023-04-20,2023-04-16,"-4 day ahead inc hosp","quantile",0.1,567,"COVID-19"
"DE-HB","00+",2023-04-20,2023-04-16,"-4 day ahead inc hosp","quantile",0.1,12,"COVID-19"
"DE-HE","00+",2023-04-20,2023-04-16,"-4 day ahead inc hosp","quantile",0.1,269,"COVID-19"
"DE-HH","00+",2023-04-20,2023-04-16,"-4 day ahead inc hosp","quantile",0.1,118,"COVID-19"
"DE-MV","00+",2023-04-20,2023-04-16,"-4 day ahead inc hosp","quantile",0.1,184,"COVID-19"
"DE-NI","00+",2023-04-20,2023-04-16,"-4 day ahead inc hosp","quantile",0.1,309,"COVID-19"
"DE-NW","00+",2023-04-20,2023-04-16,"-4 day ahead inc hosp","quantile",0.1,694,"COVID-19"
"DE-RP","00+",2023-04-20,2023-04-16,"-4 day ahead inc hosp","quantile",0.1,140,"COVID-19"
"DE-SH","00+",2023-04-20,2023-04-16,"-4 day ahead inc hosp","quantile",0.1,208,"COVID-19"
"DE-SL","00+",2023-04-20,2023-04-16,"-4 day ahead inc hosp","quantile",0.1,25,"COVID-19"
"DE-SN","00+",2023-04-20,2023-04-16,"-4 day ahead inc hosp","quantile",0.1,237,"COVID-19"
"DE-ST","00+",2023-04-20,2023-04-16,"-4 day ahead inc hosp","quantile",0.1,151,"COVID-19"
"DE-TH","00+",2023-04-20,2023-04-16,"-4 day ahead inc hosp","quantile",0.1,143,"COVID-19"
"DE","00-04",2023-04-20,2023-04-16,"-4 day ahead inc hosp","quantile",0.25,83,"COVID-19"
"DE","00+",2023-04-20,2023-04-16,"-4 day ahead inc hosp","quantile",0.25,3953,"COVID-19"
"DE","05-14",2023-04-20,2023-04-16,"-4 day ahead inc hosp","quantile",0.25,8,"COVID-19"
"DE","15-34",2023-04-20,2023-04-16,"-4 day ahead inc hosp","quantile",0.25,133,"COVID-19"
"DE","35-59",2023-04-20,2023-04-16,"-4 day ahead inc hosp","quantile",0.25,426,"COVID-19"
"DE","60-79",2023-04-20,2023-04-16,"-4 day ahead inc hosp","quantile",0.25,1376,"COVID-19"
"DE","80+",2023-04-20,2023-04-16,"-4 day ahead inc hosp","quantile",0.25,1918,"COVID-19"
"DE-BB","00+",2023-04-20,2023-04-16,"-4 day ahead inc hosp","quantile",0.25,261,"COVID-19"
"DE-BE","00+",2023-04-20,2023-04-16,"-4 day ahead inc hosp","quantile",0.25,294,"COVID-19"
"DE-BW","00+",2023-04-20,2023-04-16,"-4 day ahead inc hosp","quantile",0.25,240,"COVID-19"
"DE-BY","00+",2023-04-20,2023-04-16,"-4 day ahead inc hosp","quantile",0.25,574,"COVID-19"
"DE-HB","00+",2023-04-20,2023-04-16,"-4 day ahead inc hosp","quantile",0.25,13,"COVID-19"
"DE-HE","00+",2023-04-20,2023-04-16,"-4 day ahead inc hosp","quantile",0.25,274,"COVID-19"
"DE-HH","00+",2023-04-20,2023-04-16,"-4 day ahead inc hosp","quantile",0.25,124,"COVID-19"
"DE-MV","00+",2023-04-20,2023-04-16,"-4 day ahead inc hosp","quantile",0.25,186,"COVID-19"
"DE-NI","00+",2023-04-20,2023-04-16,"-4 day ahead inc hosp","quantile",0.25,317,"COVID-19"
"DE-NW","00+",2023-04-20,2023-04-16,"-4 day ahead inc hosp","quantile",0.25,704,"COVID-19"
"DE-RP","00+",2023-04-20,2023-04-16,"-4 day ahead inc hosp","quantile",0.25,144,"COVID-19"
"DE-SH","00+",2023-04-20,2023-04-16,"-4 day ahead inc hosp","quantile",0.25,214,"COVID-19"
"DE-SL","00+",2023-04-20,2023-04-16,"-4 day ahead inc hosp","quantile",0.25,25,"COVID-19"
"DE-SN","00+",2023-04-20,2023-04-16,"-4 day ahead inc hosp","quantile",0.25,244,"COVID-19"
"DE-ST","00+",2023-04-20,2023-04-16,"-4 day ahead inc hosp","quantile",0.25,154,"COVID-19"
"DE-TH","00+",2023-04-20,2023-04-16,"-4 day ahead inc hosp","quantile",0.25,146,"COVID-19"
"DE","00-04",2023-04-20,2023-04-16,"-4 day ahead inc hosp","quantile",0.5,86,"COVID-19"
"DE","00+",2023-04-20,2023-04-16,"-4 day ahead inc hosp","quantile",0.5,4023,"COVID-19"
"DE","05-14",2023-04-20,2023-04-16,"-4 day ahead inc hosp","quantile",0.5,9,"COVID-19"
"DE","15-34",2023-04-20,2023-04-16,"-4 day ahead inc hosp","quantile",0.5,136,"COVID-19"
"DE","35-59",2023-04-20,2023-04-16,"-4 day ahead inc hosp","quantile",0.5,436,"COVID-19"
"DE","60-79",2023-04-20,2023-04-16,"-4 day ahead inc hosp","quantile",0.5,1401,"COVID-19"
"DE","80+",2023-04-20,2023-04-16,"-4 day ahead inc hosp","quantile",0.5,1955,"COVID-19"
"DE-BB","00+",2023-04-20,2023-04-16,"-4 day ahead inc hosp","quantile",0.5,268,"COVID-19"
"DE-BE","00+",2023-04-20,2023-04-16,"-4 day ahead inc hosp","quantile",0.5,306,"COVID-19"
"DE-BW","00+",2023-04-20,2023-04-16,"-4 day ahead inc hosp","quantile",0.5,247,"COVID-19"
"DE-BY","00+",2023-04-20,2023-04-16,"-4 day ahead inc hosp","quantile",0.5,582,"COVID-19"
"DE-HB","00+",2023-04-20,2023-04-16,"-4 day ahead inc hosp","quantile",0.5,14,"COVID-19"
"DE-HE","00+",2023-04-20,2023-04-16,"-4 day ahead inc hosp","quantile",0.5,281,"COVID-19"
"DE-HH","00+",2023-04-20,2023-04-16,"-4 day ahead inc hosp","quantile",0.5,133,"COVID-19"
"DE-MV","00+",2023-04-20,2023-04-16,"-4 day ahead inc hosp","quantile",0.5,190,"COVID-19"
"DE-NI","00+",2023-04-20,2023-04-16,"-4 day ahead inc hosp","quantile",0.5,326,"COVID-19"
"DE-NW","00+",2023-04-20,2023-04-16,"-4 day ahead inc hosp","quantile",0.5,718,"COVID-19"
"DE-RP","00+",2023-04-20,2023-04-16,"-4 day ahead inc hosp","quantile",0.5,149,"COVID-19"
"DE-SH","00+",2023-04-20,2023-04-16,"-4 day ahead inc hosp","quantile",0.5,218,"COVID-19"
"DE-SL","00+",2023-04-20,2023-04-16,"-4 day ahead inc hosp","quantile",0.5,27,"COVID-19"
"DE-SN","00+",2023-04-20,2023-04-16,"-4 day ahead inc hosp","quantile",0.5,254,"COVID-19"
"DE-ST","00+",2023-04-20,2023-04-16,"-4 day ahead inc hosp","quantile",0.5,158,"COVID-19"
"DE-TH","00+",2023-04-20,2023-04-16,"-4 day ahead inc hosp","quantile",0.5,148,"COVID-19"
"DE","00-04",2023-04-20,2023-04-16,"-4 day ahead inc hosp","quantile",0.75,88,"COVID-19"
"DE","00+",2023-04-20,2023-04-16,"-4 day ahead inc hosp","quantile",0.75,4093,"COVID-19"
"DE","05-14",2023-04-20,2023-04-16,"-4 day ahead inc hosp","quantile",0.75,9,"COVID-19"
"DE","15-34",2023-04-20,2023-04-16,"-4 day ahead inc hosp","quantile",0.75,140,"COVID-19"
"DE","35-59",2023-04-20,2023-04-16,"-4 day ahead inc hosp","quantile",0.75,447,"COVID-19"
"DE","60-79",2023-04-20,2023-04-16,"-4 day ahead inc hosp","quantile",0.75,1429,"COVID-19"
"DE","80+",2023-04-20,2023-04-16,"-4 day ahead inc hosp","quantile",0.75,1972,"COVID-19"
"DE-BB","00+",2023-04-20,2023-04-16,"-4 day ahead inc hosp","quantile",0.75,278,"COVID-19"
"DE-BE","00+",2023-04-20,2023-04-16,"-4 day ahead inc hosp","quantile",0.75,322,"COVID-19"
"DE-BW","00+",2023-04-20,2023-04-16,"-4 day ahead inc hosp","quantile",0.75,258,"COVID-19"
"DE-BY","00+",2023-04-20,2023-04-16,"-4 day ahead inc hosp","quantile",0.75,591,"COVID-19"
"DE-HB","00+",2023-04-20,2023-04-16,"-4 day ahead inc hosp","quantile",0.75,15,"COVID-19"
"DE-HE","00+",2023-04-20,2023-04-16,"-4 day ahead inc hosp","quantile",0.75,287,"COVID-19"
"DE-HH","00+",2023-04-20,2023-04-16,"-4 day ahead inc hosp","quantile",0.75,145,"COVID-19"
"DE-MV","00+",2023-04-20,2023-04-16,"-4 day ahead inc hosp","quantile",0.75,194,"COVID-19"
"DE-NI","00+",2023-04-20,2023-04-16,"-4 day ahead inc hosp","quantile",0.75,332,"COVID-19"
"DE-NW","00+",2023-04-20,2023-04-16,"-4 day ahead inc hosp","quantile",0.75,746,"COVID-19"
"DE-RP","00+",2023-04-20,2023-04-16,"-4 day ahead inc hosp","quantile",0.75,155,"COVID-19"
"DE-SH","00+",2023-04-20,2023-04-16,"-4 day ahead inc hosp","quantile",0.75,225,"COVID-19"
"DE-SL","00+",2023-04-20,2023-04-16,"-4 day ahead inc hosp","quantile",0.75,29,"COVID-19"
"DE-SN","00+",2023-04-20,2023-04-16,"-4 day ahead inc hosp","quantile",0.75,259,"COVID-19"
"DE-ST","00+",2023-04-20,2023-04-16,"-4 day ahead inc hosp","quantile",0.75,162,"COVID-19"
"DE-TH","00+",2023-04-20,2023-04-16,"-4 day ahead inc hosp","quantile",0.75,151,"COVID-19"
"DE","00-04",2023-04-20,2023-04-16,"-4 day ahead inc hosp","quantile",0.9,90,"COVID-19"
"DE","00+",2023-04-20,2023-04-16,"-4 day ahead inc hosp","quantile",0.9,4126,"COVID-19"
"DE","05-14",2023-04-20,2023-04-16,"-4 day ahead inc hosp","quantile",0.9,11,"COVID-19"
"DE","15-34",2023-04-20,2023-04-16,"-4 day ahead inc hosp","quantile",0.9,143,"COVID-19"
"DE","35-59",2023-04-20,2023-04-16,"-4 day ahead inc hosp","quantile",0.9,454,"COVID-19"
"DE","60-79",2023-04-20,2023-04-16,"-4 day ahead inc hosp","quantile",0.9,1444,"COVID-19"
"DE","80+",2023-04-20,2023-04-16,"-4 day ahead inc hosp","quantile",0.9,1988,"COVID-19"
"DE-BB","00+",2023-04-20,2023-04-16,"-4 day ahead inc hosp","quantile",0.9,284,"COVID-19"
"DE-BE","00+",2023-04-20,2023-04-16,"-4 day ahead inc hosp","quantile",0.9,337,"COVID-19"
"DE-BW","00+",2023-04-20,2023-04-16,"-4 day ahead inc hosp","quantile",0.9,266,"COVID-19"
"DE-BY","00+",2023-04-20,2023-04-16,"-4 day ahead inc hosp","quantile",0.9,601,"COVID-19"
"DE-HB","00+",2023-04-20,2023-04-16,"-4 day ahead inc hosp","quantile",0.9,16,"COVID-19"
"DE-HE","00+",2023-04-20,2023-04-16,"-4 day ahead inc hosp","quantile",0.9,291,"COVID-19"
"DE-HH","00+",2023-04-20,2023-04-16,"-4 day ahead inc hosp","quantile",0.9,153,"COVID-19"
"DE-MV","00+",2023-04-20,2023-04-16,"-4 day ahead inc hosp","quantile",0.9,198,"COVID-19"
"DE-NI","00+",2023-04-20,2023-04-16,"-4 day ahead inc hosp","quantile",0.9,339,"COVID-19"
"DE-NW","00+",2023-04-20,2023-04-16,"-4 day ahead inc hosp","quantile",0.9,764,"COVID-19"
"DE-RP","00+",2023-04-20,2023-04-16,"-4 day ahead inc hosp","quantile",0.9,162,"COVID-19"
"DE-SH","00+",2023-04-20,2023-04-16,"-4 day ahead inc hosp","quantile",0.9,231,"COVID-19"
"DE-SL","00+",2023-04-20,2023-04-16,"-4 day ahead inc hosp","quantile",0.9,30,"COVID-19"
"DE-SN","00+",2023-04-20,2023-04-16,"-4 day ahead inc hosp","quantile",0.9,264,"COVID-19"
"DE-ST","00+",2023-04-20,2023-04-16,"-4 day ahead inc hosp","quantile",0.9,166,"COVID-19"
"DE-TH","00+",2023-04-20,2023-04-16,"-4 day ahead inc hosp","quantile",0.9,154,"COVID-19"
"DE","00-04",2023-04-20,2023-04-16,"-4 day ahead inc hosp","quantile",0.975,93,"COVID-19"
"DE","00+",2023-04-20,2023-04-16,"-4 day ahead inc hosp","quantile",0.975,4161,"COVID-19"
"DE","05-14",2023-04-20,2023-04-16,"-4 day ahead inc hosp","quantile",0.975,11,"COVID-19"
"DE","15-34",2023-04-20,2023-04-16,"-4 day ahead inc hosp","quantile",0.975,147,"COVID-19"
"DE","35-59",2023-04-20,2023-04-16,"-4 day ahead inc hosp","quantile",0.975,462,"COVID-19"
"DE","60-79",2023-04-20,2023-04-16,"-4 day ahead inc hosp","quantile",0.975,1460,"COVID-19"
"DE","80+",2023-04-20,2023-04-16,"-4 day ahead inc hosp","quantile",0.975,2008,"COVID-19"
"DE-BB","00+",2023-04-20,2023-04-16,"-4 day ahead inc hosp","quantile",0.975,290,"COVID-19"
"DE-BE","00+",2023-04-20,2023-04-16,"-4 day ahead inc hosp","quantile",0.975,345,"COVID-19"
"DE-BW","00+",2023-04-20,2023-04-16,"-4 day ahead inc hosp","quantile",0.975,279,"COVID-19"
"DE-BY","00+",2023-04-20,2023-04-16,"-4 day ahead inc hosp","quantile",0.975,612,"COVID-19"
"DE-HB","00+",2023-04-20,2023-04-16,"-4 day ahead inc hosp","quantile",0.975,18,"COVID-19"
"DE-HE","00+",2023-04-20,2023-04-16,"-4 day ahead inc hosp","quantile",0.975,296,"COVID-19"
"DE-HH","00+",2023-04-20,2023-04-16,"-4 day ahead inc hosp","quantile",0.975,158,"COVID-19"
"DE-MV","00+",2023-04-20,2023-04-16,"-4 day ahead inc hosp","quantile",0.975,204,"COVID-19"
"DE-NI","00+",2023-04-20,2023-04-16,"-4 day ahead inc hosp","quantile",0.975,355,"COVID-19"
"DE-NW","00+",2023-04-20,2023-04-16,"-4 day ahead inc hosp","quantile",0.975,776,"COVID-19"
"DE-RP","00+",2023-04-20,2023-04-16,"-4 day ahead inc hosp","quantile",0.975,171,"COVID-19"
"DE-SH","00+",2023-04-20,2023-04-16,"-4 day ahead inc hosp","quantile",0.975,235,"COVID-19"
"DE-SL","00+",2023-04-20,2023-04-16,"-4 day ahead inc hosp","quantile",0.975,31,"COVID-19"
"DE-SN","00+",2023-04-20,2023-04-16,"-4 day ahead inc hosp","quantile",0.975,271,"COVID-19"
"DE-ST","00+",2023-04-20,2023-04-16,"-4 day ahead inc hosp","quantile",0.975,172,"COVID-19"
"DE-TH","00+",2023-04-20,2023-04-16,"-4 day ahead inc hosp","quantile",0.975,157,"COVID-19"
"DE","00-04",2023-04-20,2023-04-17,"-3 day ahead inc hosp","mean",NA,91,"COVID-19"
"DE","00+",2023-04-20,2023-04-17,"-3 day ahead inc hosp","mean",NA,4004,"COVID-19"
"DE","05-14",2023-04-20,2023-04-17,"-3 day ahead inc hosp","mean",NA,9,"COVID-19"
"DE","15-34",2023-04-20,2023-04-17,"-3 day ahead inc hosp","mean",NA,131,"COVID-19"
"DE","35-59",2023-04-20,2023-04-17,"-3 day ahead inc hosp","mean",NA,432,"COVID-19"
"DE","60-79",2023-04-20,2023-04-17,"-3 day ahead inc hosp","mean",NA,1403,"COVID-19"
"DE","80+",2023-04-20,2023-04-17,"-3 day ahead inc hosp","mean",NA,1935,"COVID-19"
"DE-BB","00+",2023-04-20,2023-04-17,"-3 day ahead inc hosp","mean",NA,263,"COVID-19"
"DE-BE","00+",2023-04-20,2023-04-17,"-3 day ahead inc hosp","mean",NA,310,"COVID-19"
"DE-BW","00+",2023-04-20,2023-04-17,"-3 day ahead inc hosp","mean",NA,247,"COVID-19"
"DE-BY","00+",2023-04-20,2023-04-17,"-3 day ahead inc hosp","mean",NA,573,"COVID-19"
"DE-HB","00+",2023-04-20,2023-04-17,"-3 day ahead inc hosp","mean",NA,15,"COVID-19"
"DE-HE","00+",2023-04-20,2023-04-17,"-3 day ahead inc hosp","mean",NA,284,"COVID-19"
"DE-HH","00+",2023-04-20,2023-04-17,"-3 day ahead inc hosp","mean",NA,147,"COVID-19"
"DE-MV","00+",2023-04-20,2023-04-17,"-3 day ahead inc hosp","mean",NA,190,"COVID-19"
"DE-NI","00+",2023-04-20,2023-04-17,"-3 day ahead inc hosp","mean",NA,329,"COVID-19"
"DE-NW","00+",2023-04-20,2023-04-17,"-3 day ahead inc hosp","mean",NA,718,"COVID-19"
"DE-RP","00+",2023-04-20,2023-04-17,"-3 day ahead inc hosp","mean",NA,144,"COVID-19"
"DE-SH","00+",2023-04-20,2023-04-17,"-3 day ahead inc hosp","mean",NA,219,"COVID-19"
"DE-SL","00+",2023-04-20,2023-04-17,"-3 day ahead inc hosp","mean",NA,27,"COVID-19"
"DE-SN","00+",2023-04-20,2023-04-17,"-3 day ahead inc hosp","mean",NA,263,"COVID-19"
"DE-ST","00+",2023-04-20,2023-04-17,"-3 day ahead inc hosp","mean",NA,157,"COVID-19"
"DE-TH","00+",2023-04-20,2023-04-17,"-3 day ahead inc hosp","mean",NA,140,"COVID-19"
"DE","00-04",2023-04-20,2023-04-17,"-3 day ahead inc hosp","quantile",0.025,84,"COVID-19"
"DE","00+",2023-04-20,2023-04-17,"-3 day ahead inc hosp","quantile",0.025,3786,"COVID-19"
"DE","05-14",2023-04-20,2023-04-17,"-3 day ahead inc hosp","quantile",0.025,8,"COVID-19"
"DE","15-34",2023-04-20,2023-04-17,"-3 day ahead inc hosp","quantile",0.025,123,"COVID-19"
"DE","35-59",2023-04-20,2023-04-17,"-3 day ahead inc hosp","quantile",0.025,405,"COVID-19"
"DE","60-79",2023-04-20,2023-04-17,"-3 day ahead inc hosp","quantile",0.025,1321,"COVID-19"
"DE","80+",2023-04-20,2023-04-17,"-3 day ahead inc hosp","quantile",0.025,1821,"COVID-19"
"DE-BB","00+",2023-04-20,2023-04-17,"-3 day ahead inc hosp","quantile",0.025,245,"COVID-19"
"DE-BE","00+",2023-04-20,2023-04-17,"-3 day ahead inc hosp","quantile",0.025,281,"COVID-19"
"DE-BW","00+",2023-04-20,2023-04-17,"-3 day ahead inc hosp","quantile",0.025,225,"COVID-19"
"DE-BY","00+",2023-04-20,2023-04-17,"-3 day ahead inc hosp","quantile",0.025,544,"COVID-19"
"DE-HB","00+",2023-04-20,2023-04-17,"-3 day ahead inc hosp","quantile",0.025,13,"COVID-19"
"DE-HE","00+",2023-04-20,2023-04-17,"-3 day ahead inc hosp","quantile",0.025,269,"COVID-19"
"DE-HH","00+",2023-04-20,2023-04-17,"-3 day ahead inc hosp","quantile",0.025,123,"COVID-19"
"DE-MV","00+",2023-04-20,2023-04-17,"-3 day ahead inc hosp","quantile",0.025,182,"COVID-19"
"DE-NI","00+",2023-04-20,2023-04-17,"-3 day ahead inc hosp","quantile",0.025,305,"COVID-19"
"DE-NW","00+",2023-04-20,2023-04-17,"-3 day ahead inc hosp","quantile",0.025,677,"COVID-19"
"DE-RP","00+",2023-04-20,2023-04-17,"-3 day ahead inc hosp","quantile",0.025,131,"COVID-19"
"DE-SH","00+",2023-04-20,2023-04-17,"-3 day ahead inc hosp","quantile",0.025,207,"COVID-19"
"DE-SL","00+",2023-04-20,2023-04-17,"-3 day ahead inc hosp","quantile",0.025,25,"COVID-19"
"DE-SN","00+",2023-04-20,2023-04-17,"-3 day ahead inc hosp","quantile",0.025,237,"COVID-19"
"DE-ST","00+",2023-04-20,2023-04-17,"-3 day ahead inc hosp","quantile",0.025,148,"COVID-19"
"DE-TH","00+",2023-04-20,2023-04-17,"-3 day ahead inc hosp","quantile",0.025,134,"COVID-19"
"DE","00-04",2023-04-20,2023-04-17,"-3 day ahead inc hosp","quantile",0.1,86,"COVID-19"
"DE","00+",2023-04-20,2023-04-17,"-3 day ahead inc hosp","quantile",0.1,3833,"COVID-19"
"DE","05-14",2023-04-20,2023-04-17,"-3 day ahead inc hosp","quantile",0.1,8,"COVID-19"
"DE","15-34",2023-04-20,2023-04-17,"-3 day ahead inc hosp","quantile",0.1,125,"COVID-19"
"DE","35-59",2023-04-20,2023-04-17,"-3 day ahead inc hosp","quantile",0.1,412,"COVID-19"
"DE","60-79",2023-04-20,2023-04-17,"-3 day ahead inc hosp","quantile",0.1,1343,"COVID-19"
"DE","80+",2023-04-20,2023-04-17,"-3 day ahead inc hosp","quantile",0.1,1850,"COVID-19"
"DE-BB","00+",2023-04-20,2023-04-17,"-3 day ahead inc hosp","quantile",0.1,249,"COVID-19"
"DE-BE","00+",2023-04-20,2023-04-17,"-3 day ahead inc hosp","quantile",0.1,287,"COVID-19"
"DE-BW","00+",2023-04-20,2023-04-17,"-3 day ahead inc hosp","quantile",0.1,230,"COVID-19"
"DE-BY","00+",2023-04-20,2023-04-17,"-3 day ahead inc hosp","quantile",0.1,552,"COVID-19"
"DE-HB","00+",2023-04-20,2023-04-17,"-3 day ahead inc hosp","quantile",0.1,13,"COVID-19"
"DE-HE","00+",2023-04-20,2023-04-17,"-3 day ahead inc hosp","quantile",0.1,271,"COVID-19"
"DE-HH","00+",2023-04-20,2023-04-17,"-3 day ahead inc hosp","quantile",0.1,128,"COVID-19"
"DE-MV","00+",2023-04-20,2023-04-17,"-3 day ahead inc hosp","quantile",0.1,184,"COVID-19"
"DE-NI","00+",2023-04-20,2023-04-17,"-3 day ahead inc hosp","quantile",0.1,311,"COVID-19"
"DE-NW","00+",2023-04-20,2023-04-17,"-3 day ahead inc hosp","quantile",0.1,688,"COVID-19"
"DE-RP","00+",2023-04-20,2023-04-17,"-3 day ahead inc hosp","quantile",0.1,134,"COVID-19"
"DE-SH","00+",2023-04-20,2023-04-17,"-3 day ahead inc hosp","quantile",0.1,210,"COVID-19"
"DE-SL","00+",2023-04-20,2023-04-17,"-3 day ahead inc hosp","quantile",0.1,25,"COVID-19"
"DE-SN","00+",2023-04-20,2023-04-17,"-3 day ahead inc hosp","quantile",0.1,243,"COVID-19"
"DE-ST","00+",2023-04-20,2023-04-17,"-3 day ahead inc hosp","quantile",0.1,150,"COVID-19"
"DE-TH","00+",2023-04-20,2023-04-17,"-3 day ahead inc hosp","quantile",0.1,136,"COVID-19"
"DE","00-04",2023-04-20,2023-04-17,"-3 day ahead inc hosp","quantile",0.25,87,"COVID-19"
"DE","00+",2023-04-20,2023-04-17,"-3 day ahead inc hosp","quantile",0.25,3900,"COVID-19"
"DE","05-14",2023-04-20,2023-04-17,"-3 day ahead inc hosp","quantile",0.25,8,"COVID-19"
"DE","15-34",2023-04-20,2023-04-17,"-3 day ahead inc hosp","quantile",0.25,127,"COVID-19"
"DE","35-59",2023-04-20,2023-04-17,"-3 day ahead inc hosp","quantile",0.25,420,"COVID-19"
"DE","60-79",2023-04-20,2023-04-17,"-3 day ahead inc hosp","quantile",0.25,1366,"COVID-19"
"DE","80+",2023-04-20,2023-04-17,"-3 day ahead inc hosp","quantile",0.25,1884,"COVID-19"
"DE-BB","00+",2023-04-20,2023-04-17,"-3 day ahead inc hosp","quantile",0.25,254,"COVID-19"
"DE-BE","00+",2023-04-20,2023-04-17,"-3 day ahead inc hosp","quantile",0.25,295,"COVID-19"
"DE-BW","00+",2023-04-20,2023-04-17,"-3 day ahead inc hosp","quantile",0.25,236,"COVID-19"
"DE-BY","00+",2023-04-20,2023-04-17,"-3 day ahead inc hosp","quantile",0.25,560,"COVID-19"
"DE-HB","00+",2023-04-20,2023-04-17,"-3 day ahead inc hosp","quantile",0.25,14,"COVID-19"
"DE-HE","00+",2023-04-20,2023-04-17,"-3 day ahead inc hosp","quantile",0.25,276,"COVID-19"
"DE-HH","00+",2023-04-20,2023-04-17,"-3 day ahead inc hosp","quantile",0.25,134,"COVID-19"
"DE-MV","00+",2023-04-20,2023-04-17,"-3 day ahead inc hosp","quantile",0.25,186,"COVID-19"
"DE-NI","00+",2023-04-20,2023-04-17,"-3 day ahead inc hosp","quantile",0.25,320,"COVID-19"
"DE-NW","00+",2023-04-20,2023-04-17,"-3 day ahead inc hosp","quantile",0.25,700,"COVID-19"
"DE-RP","00+",2023-04-20,2023-04-17,"-3 day ahead inc hosp","quantile",0.25,138,"COVID-19"
"DE-SH","00+",2023-04-20,2023-04-17,"-3 day ahead inc hosp","quantile",0.25,215,"COVID-19"
"DE-SL","00+",2023-04-20,2023-04-17,"-3 day ahead inc hosp","quantile",0.25,25,"COVID-19"
"DE-SN","00+",2023-04-20,2023-04-17,"-3 day ahead inc hosp","quantile",0.25,252,"COVID-19"
"DE-ST","00+",2023-04-20,2023-04-17,"-3 day ahead inc hosp","quantile",0.25,154,"COVID-19"
"DE-TH","00+",2023-04-20,2023-04-17,"-3 day ahead inc hosp","quantile",0.25,138,"COVID-19"
"DE","00-04",2023-04-20,2023-04-17,"-3 day ahead inc hosp","quantile",0.5,91,"COVID-19"
"DE","00+",2023-04-20,2023-04-17,"-3 day ahead inc hosp","quantile",0.5,3988,"COVID-19"
"DE","05-14",2023-04-20,2023-04-17,"-3 day ahead inc hosp","quantile",0.5,9,"COVID-19"
"DE","15-34",2023-04-20,2023-04-17,"-3 day ahead inc hosp","quantile",0.5,130,"COVID-19"
"DE","35-59",2023-04-20,2023-04-17,"-3 day ahead inc hosp","quantile",0.5,430,"COVID-19"
"DE","60-79",2023-04-20,2023-04-17,"-3 day ahead inc hosp","quantile",0.5,1397,"COVID-19"
"DE","80+",2023-04-20,2023-04-17,"-3 day ahead inc hosp","quantile",0.5,1930,"COVID-19"
"DE-BB","00+",2023-04-20,2023-04-17,"-3 day ahead inc hosp","quantile",0.5,261,"COVID-19"
"DE-BE","00+",2023-04-20,2023-04-17,"-3 day ahead inc hosp","quantile",0.5,306,"COVID-19"
"DE-BW","00+",2023-04-20,2023-04-17,"-3 day ahead inc hosp","quantile",0.5,245,"COVID-19"
"DE-BY","00+",2023-04-20,2023-04-17,"-3 day ahead inc hosp","quantile",0.5,571,"COVID-19"
"DE-HB","00+",2023-04-20,2023-04-17,"-3 day ahead inc hosp","quantile",0.5,15,"COVID-19"
"DE-HE","00+",2023-04-20,2023-04-17,"-3 day ahead inc hosp","quantile",0.5,282,"COVID-19"
"DE-HH","00+",2023-04-20,2023-04-17,"-3 day ahead inc hosp","quantile",0.5,143,"COVID-19"
"DE-MV","00+",2023-04-20,2023-04-17,"-3 day ahead inc hosp","quantile",0.5,190,"COVID-19"
"DE-NI","00+",2023-04-20,2023-04-17,"-3 day ahead inc hosp","quantile",0.5,329,"COVID-19"
"DE-NW","00+",2023-04-20,2023-04-17,"-3 day ahead inc hosp","quantile",0.5,715,"COVID-19"
"DE-RP","00+",2023-04-20,2023-04-17,"-3 day ahead inc hosp","quantile",0.5,143,"COVID-19"
"DE-SH","00+",2023-04-20,2023-04-17,"-3 day ahead inc hosp","quantile",0.5,219,"COVID-19"
"DE-SL","00+",2023-04-20,2023-04-17,"-3 day ahead inc hosp","quantile",0.5,27,"COVID-19"
"DE-SN","00+",2023-04-20,2023-04-17,"-3 day ahead inc hosp","quantile",0.5,262,"COVID-19"
"DE-ST","00+",2023-04-20,2023-04-17,"-3 day ahead inc hosp","quantile",0.5,156,"COVID-19"
"DE-TH","00+",2023-04-20,2023-04-17,"-3 day ahead inc hosp","quantile",0.5,141,"COVID-19"
"DE","00-04",2023-04-20,2023-04-17,"-3 day ahead inc hosp","quantile",0.75,94,"COVID-19"
"DE","00+",2023-04-20,2023-04-17,"-3 day ahead inc hosp","quantile",0.75,4070,"COVID-19"
"DE","05-14",2023-04-20,2023-04-17,"-3 day ahead inc hosp","quantile",0.75,9,"COVID-19"
"DE","15-34",2023-04-20,2023-04-17,"-3 day ahead inc hosp","quantile",0.75,135,"COVID-19"
"DE","35-59",2023-04-20,2023-04-17,"-3 day ahead inc hosp","quantile",0.75,442,"COVID-19"
"DE","60-79",2023-04-20,2023-04-17,"-3 day ahead inc hosp","quantile",0.75,1431,"COVID-19"
"DE","80+",2023-04-20,2023-04-17,"-3 day ahead inc hosp","quantile",0.75,1951,"COVID-19"
"DE-BB","00+",2023-04-20,2023-04-17,"-3 day ahead inc hosp","quantile",0.75,270,"COVID-19"
"DE-BE","00+",2023-04-20,2023-04-17,"-3 day ahead inc hosp","quantile",0.75,321,"COVID-19"
"DE-BW","00+",2023-04-20,2023-04-17,"-3 day ahead inc hosp","quantile",0.75,256,"COVID-19"
"DE-BY","00+",2023-04-20,2023-04-17,"-3 day ahead inc hosp","quantile",0.75,583,"COVID-19"
"DE-HB","00+",2023-04-20,2023-04-17,"-3 day ahead inc hosp","quantile",0.75,16,"COVID-19"
"DE-HE","00+",2023-04-20,2023-04-17,"-3 day ahead inc hosp","quantile",0.75,289,"COVID-19"
"DE-HH","00+",2023-04-20,2023-04-17,"-3 day ahead inc hosp","quantile",0.75,156,"COVID-19"
"DE-MV","00+",2023-04-20,2023-04-17,"-3 day ahead inc hosp","quantile",0.75,194,"COVID-19"
"DE-NI","00+",2023-04-20,2023-04-17,"-3 day ahead inc hosp","quantile",0.75,336,"COVID-19"
"DE-NW","00+",2023-04-20,2023-04-17,"-3 day ahead inc hosp","quantile",0.75,733,"COVID-19"
"DE-RP","00+",2023-04-20,2023-04-17,"-3 day ahead inc hosp","quantile",0.75,150,"COVID-19"
"DE-SH","00+",2023-04-20,2023-04-17,"-3 day ahead inc hosp","quantile",0.75,226,"COVID-19"
"DE-SL","00+",2023-04-20,2023-04-17,"-3 day ahead inc hosp","quantile",0.75,29,"COVID-19"
"DE-SN","00+",2023-04-20,2023-04-17,"-3 day ahead inc hosp","quantile",0.75,268,"COVID-19"
"DE-ST","00+",2023-04-20,2023-04-17,"-3 day ahead inc hosp","quantile",0.75,160,"COVID-19"
"DE-TH","00+",2023-04-20,2023-04-17,"-3 day ahead inc hosp","quantile",0.75,144,"COVID-19"
"DE","00-04",2023-04-20,2023-04-17,"-3 day ahead inc hosp","quantile",0.9,98,"COVID-19"
"DE","00+",2023-04-20,2023-04-17,"-3 day ahead inc hosp","quantile",0.9,4108,"COVID-19"
"DE","05-14",2023-04-20,2023-04-17,"-3 day ahead inc hosp","quantile",0.9,11,"COVID-19"
"DE","15-34",2023-04-20,2023-04-17,"-3 day ahead inc hosp","quantile",0.9,138,"COVID-19"
"DE","35-59",2023-04-20,2023-04-17,"-3 day ahead inc hosp","quantile",0.9,450,"COVID-19"
"DE","60-79",2023-04-20,2023-04-17,"-3 day ahead inc hosp","quantile",0.9,1444,"COVID-19"
"DE","80+",2023-04-20,2023-04-17,"-3 day ahead inc hosp","quantile",0.9,1968,"COVID-19"
"DE-BB","00+",2023-04-20,2023-04-17,"-3 day ahead inc hosp","quantile",0.9,278,"COVID-19"
"DE-BE","00+",2023-04-20,2023-04-17,"-3 day ahead inc hosp","quantile",0.9,338,"COVID-19"
"DE-BW","00+",2023-04-20,2023-04-17,"-3 day ahead inc hosp","quantile",0.9,267,"COVID-19"
"DE-BY","00+",2023-04-20,2023-04-17,"-3 day ahead inc hosp","quantile",0.9,594,"COVID-19"
"DE-HB","00+",2023-04-20,2023-04-17,"-3 day ahead inc hosp","quantile",0.9,18,"COVID-19"
"DE-HE","00+",2023-04-20,2023-04-17,"-3 day ahead inc hosp","quantile",0.9,293,"COVID-19"
"DE-HH","00+",2023-04-20,2023-04-17,"-3 day ahead inc hosp","quantile",0.9,161,"COVID-19"
"DE-MV","00+",2023-04-20,2023-04-17,"-3 day ahead inc hosp","quantile",0.9,198,"COVID-19"
"DE-NI","00+",2023-04-20,2023-04-17,"-3 day ahead inc hosp","quantile",0.9,346,"COVID-19"
"DE-NW","00+",2023-04-20,2023-04-17,"-3 day ahead inc hosp","quantile",0.9,754,"COVID-19"
"DE-RP","00+",2023-04-20,2023-04-17,"-3 day ahead inc hosp","quantile",0.9,158,"COVID-19"
"DE-SH","00+",2023-04-20,2023-04-17,"-3 day ahead inc hosp","quantile",0.9,233,"COVID-19"
"DE-SL","00+",2023-04-20,2023-04-17,"-3 day ahead inc hosp","quantile",0.9,30,"COVID-19"
"DE-SN","00+",2023-04-20,2023-04-17,"-3 day ahead inc hosp","quantile",0.9,276,"COVID-19"
"DE-ST","00+",2023-04-20,2023-04-17,"-3 day ahead inc hosp","quantile",0.9,166,"COVID-19"
"DE-TH","00+",2023-04-20,2023-04-17,"-3 day ahead inc hosp","quantile",0.9,147,"COVID-19"
"DE","00-04",2023-04-20,2023-04-17,"-3 day ahead inc hosp","quantile",0.975,101,"COVID-19"
"DE","00+",2023-04-20,2023-04-17,"-3 day ahead inc hosp","quantile",0.975,4145,"COVID-19"
"DE","05-14",2023-04-20,2023-04-17,"-3 day ahead inc hosp","quantile",0.975,12,"COVID-19"
"DE","15-34",2023-04-20,2023-04-17,"-3 day ahead inc hosp","quantile",0.975,143,"COVID-19"
"DE","35-59",2023-04-20,2023-04-17,"-3 day ahead inc hosp","quantile",0.975,457,"COVID-19"
"DE","60-79",2023-04-20,2023-04-17,"-3 day ahead inc hosp","quantile",0.975,1462,"COVID-19"
"DE","80+",2023-04-20,2023-04-17,"-3 day ahead inc hosp","quantile",0.975,1989,"COVID-19"
"DE-BB","00+",2023-04-20,2023-04-17,"-3 day ahead inc hosp","quantile",0.975,284,"COVID-19"
"DE-BE","00+",2023-04-20,2023-04-17,"-3 day ahead inc hosp","quantile",0.975,346,"COVID-19"
"DE-BW","00+",2023-04-20,2023-04-17,"-3 day ahead inc hosp","quantile",0.975,283,"COVID-19"
"DE-BY","00+",2023-04-20,2023-04-17,"-3 day ahead inc hosp","quantile",0.975,607,"COVID-19"
"DE-HB","00+",2023-04-20,2023-04-17,"-3 day ahead inc hosp","quantile",0.975,20,"COVID-19"
"DE-HE","00+",2023-04-20,2023-04-17,"-3 day ahead inc hosp","quantile",0.975,298,"COVID-19"
"DE-HH","00+",2023-04-20,2023-04-17,"-3 day ahead inc hosp","quantile",0.975,170,"COVID-19"
"DE-MV","00+",2023-04-20,2023-04-17,"-3 day ahead inc hosp","quantile",0.975,204,"COVID-19"
"DE-NI","00+",2023-04-20,2023-04-17,"-3 day ahead inc hosp","quantile",0.975,366,"COVID-19"
"DE-NW","00+",2023-04-20,2023-04-17,"-3 day ahead inc hosp","quantile",0.975,765,"COVID-19"
"DE-RP","00+",2023-04-20,2023-04-17,"-3 day ahead inc hosp","quantile",0.975,164,"COVID-19"
"DE-SH","00+",2023-04-20,2023-04-17,"-3 day ahead inc hosp","quantile",0.975,237,"COVID-19"
"DE-SL","00+",2023-04-20,2023-04-17,"-3 day ahead inc hosp","quantile",0.975,31,"COVID-19"
"DE-SN","00+",2023-04-20,2023-04-17,"-3 day ahead inc hosp","quantile",0.975,281,"COVID-19"
"DE-ST","00+",2023-04-20,2023-04-17,"-3 day ahead inc hosp","quantile",0.975,170,"COVID-19"
"DE-TH","00+",2023-04-20,2023-04-17,"-3 day ahead inc hosp","quantile",0.975,150,"COVID-19"
"DE","00-04",2023-04-20,2023-04-18,"-2 day ahead inc hosp","mean",NA,117,"COVID-19"
"DE","00+",2023-04-20,2023-04-18,"-2 day ahead inc hosp","mean",NA,4968,"COVID-19"
"DE","05-14",2023-04-20,2023-04-18,"-2 day ahead inc hosp","mean",NA,13,"COVID-19"
"DE","15-34",2023-04-20,2023-04-18,"-2 day ahead inc hosp","mean",NA,175,"COVID-19"
"DE","35-59",2023-04-20,2023-04-18,"-2 day ahead inc hosp","mean",NA,534,"COVID-19"
"DE","60-79",2023-04-20,2023-04-18,"-2 day ahead inc hosp","mean",NA,1749,"COVID-19"
"DE","80+",2023-04-20,2023-04-18,"-2 day ahead inc hosp","mean",NA,2358,"COVID-19"
"DE-BB","00+",2023-04-20,2023-04-18,"-2 day ahead inc hosp","mean",NA,324,"COVID-19"
"DE-BE","00+",2023-04-20,2023-04-18,"-2 day ahead inc hosp","mean",NA,412,"COVID-19"
"DE-BW","00+",2023-04-20,2023-04-18,"-2 day ahead inc hosp","mean",NA,312,"COVID-19"
"DE-BY","00+",2023-04-20,2023-04-18,"-2 day ahead inc hosp","mean",NA,738,"COVID-19"
"DE-HB","00+",2023-04-20,2023-04-18,"-2 day ahead inc hosp","mean",NA,15,"COVID-19"
"DE-HE","00+",2023-04-20,2023-04-18,"-2 day ahead inc hosp","mean",NA,341,"COVID-19"
"DE-HH","00+",2023-04-20,2023-04-18,"-2 day ahead inc hosp","mean",NA,177,"COVID-19"
"DE-MV","00+",2023-04-20,2023-04-18,"-2 day ahead inc hosp","mean",NA,245,"COVID-19"
"DE-NI","00+",2023-04-20,2023-04-18,"-2 day ahead inc hosp","mean",NA,387,"COVID-19"
"DE-NW","00+",2023-04-20,2023-04-18,"-2 day ahead inc hosp","mean",NA,847,"COVID-19"
"DE-RP","00+",2023-04-20,2023-04-18,"-2 day ahead inc hosp","mean",NA,184,"COVID-19"
"DE-SH","00+",2023-04-20,2023-04-18,"-2 day ahead inc hosp","mean",NA,277,"COVID-19"
"DE-SL","00+",2023-04-20,2023-04-18,"-2 day ahead inc hosp","mean",NA,34,"COVID-19"
"DE-SN","00+",2023-04-20,2023-04-18,"-2 day ahead inc hosp","mean",NA,326,"COVID-19"
"DE-ST","00+",2023-04-20,2023-04-18,"-2 day ahead inc hosp","mean",NA,204,"COVID-19"
"DE-TH","00+",2023-04-20,2023-04-18,"-2 day ahead inc hosp","mean",NA,167,"COVID-19"
"DE","00-04",2023-04-20,2023-04-18,"-2 day ahead inc hosp","quantile",0.025,108,"COVID-19"
"DE","00+",2023-04-20,2023-04-18,"-2 day ahead inc hosp","quantile",0.025,4615,"COVID-19"
"DE","05-14",2023-04-20,2023-04-18,"-2 day ahead inc hosp","quantile",0.025,11,"COVID-19"
"DE","15-34",2023-04-20,2023-04-18,"-2 day ahead inc hosp","quantile",0.025,164,"COVID-19"
"DE","35-59",2023-04-20,2023-04-18,"-2 day ahead inc hosp","quantile",0.025,492,"COVID-19"
"DE","60-79",2023-04-20,2023-04-18,"-2 day ahead inc hosp","quantile",0.025,1620,"COVID-19"
"DE","80+",2023-04-20,2023-04-18,"-2 day ahead inc hosp","quantile",0.025,2202,"COVID-19"
"DE-BB","00+",2023-04-20,2023-04-18,"-2 day ahead inc hosp","quantile",0.025,297,"COVID-19"
"DE-BE","00+",2023-04-20,2023-04-18,"-2 day ahead inc hosp","quantile",0.025,358,"COVID-19"
"DE-BW","00+",2023-04-20,2023-04-18,"-2 day ahead inc hosp","quantile",0.025,272,"COVID-19"
"DE-BY","00+",2023-04-20,2023-04-18,"-2 day ahead inc hosp","quantile",0.025,683,"COVID-19"
"DE-HB","00+",2023-04-20,2023-04-18,"-2 day ahead inc hosp","quantile",0.025,13,"COVID-19"
"DE-HE","00+",2023-04-20,2023-04-18,"-2 day ahead inc hosp","quantile",0.025,322,"COVID-19"
"DE-HH","00+",2023-04-20,2023-04-18,"-2 day ahead inc hosp","quantile",0.025,143,"COVID-19"
"DE-MV","00+",2023-04-20,2023-04-18,"-2 day ahead inc hosp","quantile",0.025,232,"COVID-19"
"DE-NI","00+",2023-04-20,2023-04-18,"-2 day ahead inc hosp","quantile",0.025,353,"COVID-19"
"DE-NW","00+",2023-04-20,2023-04-18,"-2 day ahead inc hosp","quantile",0.025,762,"COVID-19"
"DE-RP","00+",2023-04-20,2023-04-18,"-2 day ahead inc hosp","quantile",0.025,162,"COVID-19"
"DE-SH","00+",2023-04-20,2023-04-18,"-2 day ahead inc hosp","quantile",0.025,262,"COVID-19"
"DE-SL","00+",2023-04-20,2023-04-18,"-2 day ahead inc hosp","quantile",0.025,31,"COVID-19"
"DE-SN","00+",2023-04-20,2023-04-18,"-2 day ahead inc hosp","quantile",0.025,289,"COVID-19"
"DE-ST","00+",2023-04-20,2023-04-18,"-2 day ahead inc hosp","quantile",0.025,190,"COVID-19"
"DE-TH","00+",2023-04-20,2023-04-18,"-2 day ahead inc hosp","quantile",0.025,157,"COVID-19"
"DE","00-04",2023-04-20,2023-04-18,"-2 day ahead inc hosp","quantile",0.1,110,"COVID-19"
"DE","00+",2023-04-20,2023-04-18,"-2 day ahead inc hosp","quantile",0.1,4723,"COVID-19"
"DE","05-14",2023-04-20,2023-04-18,"-2 day ahead inc hosp","quantile",0.1,11,"COVID-19"
"DE","15-34",2023-04-20,2023-04-18,"-2 day ahead inc hosp","quantile",0.1,168,"COVID-19"
"DE","35-59",2023-04-20,2023-04-18,"-2 day ahead inc hosp","quantile",0.1,506,"COVID-19"
"DE","60-79",2023-04-20,2023-04-18,"-2 day ahead inc hosp","quantile",0.1,1666,"COVID-19"
"DE","80+",2023-04-20,2023-04-18,"-2 day ahead inc hosp","quantile",0.1,2251,"COVID-19"
"DE-BB","00+",2023-04-20,2023-04-18,"-2 day ahead inc hosp","quantile",0.1,303,"COVID-19"
"DE-BE","00+",2023-04-20,2023-04-18,"-2 day ahead inc hosp","quantile",0.1,371,"COVID-19"
"DE-BW","00+",2023-04-20,2023-04-18,"-2 day ahead inc hosp","quantile",0.1,283,"COVID-19"
"DE-BY","00+",2023-04-20,2023-04-18,"-2 day ahead inc hosp","quantile",0.1,699,"COVID-19"
"DE-HB","00+",2023-04-20,2023-04-18,"-2 day ahead inc hosp","quantile",0.1,13,"COVID-19"
"DE-HE","00+",2023-04-20,2023-04-18,"-2 day ahead inc hosp","quantile",0.1,326,"COVID-19"
"DE-HH","00+",2023-04-20,2023-04-18,"-2 day ahead inc hosp","quantile",0.1,150,"COVID-19"
"DE-MV","00+",2023-04-20,2023-04-18,"-2 day ahead inc hosp","quantile",0.1,234,"COVID-19"
"DE-NI","00+",2023-04-20,2023-04-18,"-2 day ahead inc hosp","quantile",0.1,363,"COVID-19"
"DE-NW","00+",2023-04-20,2023-04-18,"-2 day ahead inc hosp","quantile",0.1,782,"COVID-19"
"DE-RP","00+",2023-04-20,2023-04-18,"-2 day ahead inc hosp","quantile",0.1,168,"COVID-19"
"DE-SH","00+",2023-04-20,2023-04-18,"-2 day ahead inc hosp","quantile",0.1,266,"COVID-19"
"DE-SL","00+",2023-04-20,2023-04-18,"-2 day ahead inc hosp","quantile",0.1,31,"COVID-19"
"DE-SN","00+",2023-04-20,2023-04-18,"-2 day ahead inc hosp","quantile",0.1,301,"COVID-19"
"DE-ST","00+",2023-04-20,2023-04-18,"-2 day ahead inc hosp","quantile",0.1,194,"COVID-19"
"DE-TH","00+",2023-04-20,2023-04-18,"-2 day ahead inc hosp","quantile",0.1,160,"COVID-19"
"DE","00-04",2023-04-20,2023-04-18,"-2 day ahead inc hosp","quantile",0.25,112,"COVID-19"
"DE","00+",2023-04-20,2023-04-18,"-2 day ahead inc hosp","quantile",0.25,4870,"COVID-19"
"DE","05-14",2023-04-20,2023-04-18,"-2 day ahead inc hosp","quantile",0.25,12,"COVID-19"
"DE","15-34",2023-04-20,2023-04-18,"-2 day ahead inc hosp","quantile",0.25,171,"COVID-19"
"DE","35-59",2023-04-20,2023-04-18,"-2 day ahead inc hosp","quantile",0.25,521,"COVID-19"
"DE","60-79",2023-04-20,2023-04-18,"-2 day ahead inc hosp","quantile",0.25,1718,"COVID-19"
"DE","80+",2023-04-20,2023-04-18,"-2 day ahead inc hosp","quantile",0.25,2324,"COVID-19"
"DE-BB","00+",2023-04-20,2023-04-18,"-2 day ahead inc hosp","quantile",0.25,311,"COVID-19"
"DE-BE","00+",2023-04-20,2023-04-18,"-2 day ahead inc hosp","quantile",0.25,386,"COVID-19"
"DE-BW","00+",2023-04-20,2023-04-18,"-2 day ahead inc hosp","quantile",0.25,296,"COVID-19"
"DE-BY","00+",2023-04-20,2023-04-18,"-2 day ahead inc hosp","quantile",0.25,719,"COVID-19"
"DE-HB","00+",2023-04-20,2023-04-18,"-2 day ahead inc hosp","quantile",0.25,14,"COVID-19"
"DE-HE","00+",2023-04-20,2023-04-18,"-2 day ahead inc hosp","quantile",0.25,334,"COVID-19"
"DE-HH","00+",2023-04-20,2023-04-18,"-2 day ahead inc hosp","quantile",0.25,159,"COVID-19"
"DE-MV","00+",2023-04-20,2023-04-18,"-2 day ahead inc hosp","quantile",0.25,238,"COVID-19"
"DE-NI","00+",2023-04-20,2023-04-18,"-2 day ahead inc hosp","quantile",0.25,376,"COVID-19"
"DE-NW","00+",2023-04-20,2023-04-18,"-2 day ahead inc hosp","quantile",0.25,808,"COVID-19"
"DE-RP","00+",2023-04-20,2023-04-18,"-2 day ahead inc hosp","quantile",0.25,174,"COVID-19"
"DE-SH","00+",2023-04-20,2023-04-18,"-2 day ahead inc hosp","quantile",0.25,272,"COVID-19"
"DE-SL","00+",2023-04-20,2023-04-18,"-2 day ahead inc hosp","quantile",0.25,32,"COVID-19"
"DE-SN","00+",2023-04-20,2023-04-18,"-2 day ahead inc hosp","quantile",0.25,317,"COVID-19"
"DE-ST","00+",2023-04-20,2023-04-18,"-2 day ahead inc hosp","quantile",0.25,198,"COVID-19"
"DE-TH","00+",2023-04-20,2023-04-18,"-2 day ahead inc hosp","quantile",0.25,162,"COVID-19"
"DE","00-04",2023-04-20,2023-04-18,"-2 day ahead inc hosp","quantile",0.5,117,"COVID-19"
"DE","00+",2023-04-20,2023-04-18,"-2 day ahead inc hosp","quantile",0.5,4959,"COVID-19"
"DE","05-14",2023-04-20,2023-04-18,"-2 day ahead inc hosp","quantile",0.5,13,"COVID-19"
"DE","15-34",2023-04-20,2023-04-18,"-2 day ahead inc hosp","quantile",0.5,174,"COVID-19"
"DE","35-59",2023-04-20,2023-04-18,"-2 day ahead inc hosp","quantile",0.5,533,"COVID-19"
"DE","60-79",2023-04-20,2023-04-18,"-2 day ahead inc hosp","quantile",0.5,1746,"COVID-19"
"DE","80+",2023-04-20,2023-04-18,"-2 day ahead inc hosp","quantile",0.5,2356,"COVID-19"
"DE-BB","00+",2023-04-20,2023-04-18,"-2 day ahead inc hosp","quantile",0.5,321,"COVID-19"
"DE-BE","00+",2023-04-20,2023-04-18,"-2 day ahead inc hosp","quantile",0.5,410,"COVID-19"
"DE-BW","00+",2023-04-20,2023-04-18,"-2 day ahead inc hosp","quantile",0.5,311,"COVID-19"
"DE-BY","00+",2023-04-20,2023-04-18,"-2 day ahead inc hosp","quantile",0.5,735,"COVID-19"
"DE-HB","00+",2023-04-20,2023-04-18,"-2 day ahead inc hosp","quantile",0.5,15,"COVID-19"
"DE-HE","00+",2023-04-20,2023-04-18,"-2 day ahead inc hosp","quantile",0.5,340,"COVID-19"
"DE-HH","00+",2023-04-20,2023-04-18,"-2 day ahead inc hosp","quantile",0.5,172,"COVID-19"
"DE-MV","00+",2023-04-20,2023-04-18,"-2 day ahead inc hosp","quantile",0.5,244,"COVID-19"
"DE-NI","00+",2023-04-20,2023-04-18,"-2 day ahead inc hosp","quantile",0.5,385,"COVID-19"
"DE-NW","00+",2023-04-20,2023-04-18,"-2 day ahead inc hosp","quantile",0.5,846,"COVID-19"
"DE-RP","00+",2023-04-20,2023-04-18,"-2 day ahead inc hosp","quantile",0.5,182,"COVID-19"
"DE-SH","00+",2023-04-20,2023-04-18,"-2 day ahead inc hosp","quantile",0.5,278,"COVID-19"
"DE-SL","00+",2023-04-20,2023-04-18,"-2 day ahead inc hosp","quantile",0.5,34,"COVID-19"
"DE-SN","00+",2023-04-20,2023-04-18,"-2 day ahead inc hosp","quantile",0.5,325,"COVID-19"
"DE-ST","00+",2023-04-20,2023-04-18,"-2 day ahead inc hosp","quantile",0.5,202,"COVID-19"
"DE-TH","00+",2023-04-20,2023-04-18,"-2 day ahead inc hosp","quantile",0.5,166,"COVID-19"
"DE","00-04",2023-04-20,2023-04-18,"-2 day ahead inc hosp","quantile",0.75,123,"COVID-19"
"DE","00+",2023-04-20,2023-04-18,"-2 day ahead inc hosp","quantile",0.75,5024,"COVID-19"
"DE","05-14",2023-04-20,2023-04-18,"-2 day ahead inc hosp","quantile",0.75,14,"COVID-19"
"DE","15-34",2023-04-20,2023-04-18,"-2 day ahead inc hosp","quantile",0.75,180,"COVID-19"
"DE","35-59",2023-04-20,2023-04-18,"-2 day ahead inc hosp","quantile",0.75,541,"COVID-19"
"DE","60-79",2023-04-20,2023-04-18,"-2 day ahead inc hosp","quantile",0.75,1772,"COVID-19"
"DE","80+",2023-04-20,2023-04-18,"-2 day ahead inc hosp","quantile",0.75,2384,"COVID-19"
"DE-BB","00+",2023-04-20,2023-04-18,"-2 day ahead inc hosp","quantile",0.75,331,"COVID-19"
"DE-BE","00+",2023-04-20,2023-04-18,"-2 day ahead inc hosp","quantile",0.75,421,"COVID-19"
"DE-BW","00+",2023-04-20,2023-04-18,"-2 day ahead inc hosp","quantile",0.75,324,"COVID-19"
"DE-BY","00+",2023-04-20,2023-04-18,"-2 day ahead inc hosp","quantile",0.75,750,"COVID-19"
"DE-HB","00+",2023-04-20,2023-04-18,"-2 day ahead inc hosp","quantile",0.75,16,"COVID-19"
"DE-HE","00+",2023-04-20,2023-04-18,"-2 day ahead inc hosp","quantile",0.75,346,"COVID-19"
"DE-HH","00+",2023-04-20,2023-04-18,"-2 day ahead inc hosp","quantile",0.75,184,"COVID-19"
"DE-MV","00+",2023-04-20,2023-04-18,"-2 day ahead inc hosp","quantile",0.75,250,"COVID-19"
"DE-NI","00+",2023-04-20,2023-04-18,"-2 day ahead inc hosp","quantile",0.75,407,"COVID-19"
"DE-NW","00+",2023-04-20,2023-04-18,"-2 day ahead inc hosp","quantile",0.75,878,"COVID-19"
"DE-RP","00+",2023-04-20,2023-04-18,"-2 day ahead inc hosp","quantile",0.75,189,"COVID-19"
"DE-SH","00+",2023-04-20,2023-04-18,"-2 day ahead inc hosp","quantile",0.75,285,"COVID-19"
"DE-SL","00+",2023-04-20,2023-04-18,"-2 day ahead inc hosp","quantile",0.75,35,"COVID-19"
"DE-SN","00+",2023-04-20,2023-04-18,"-2 day ahead inc hosp","quantile",0.75,335,"COVID-19"
"DE-ST","00+",2023-04-20,2023-04-18,"-2 day ahead inc hosp","quantile",0.75,210,"COVID-19"
"DE-TH","00+",2023-04-20,2023-04-18,"-2 day ahead inc hosp","quantile",0.75,171,"COVID-19"
"DE","00-04",2023-04-20,2023-04-18,"-2 day ahead inc hosp","quantile",0.9,128,"COVID-19"
"DE","00+",2023-04-20,2023-04-18,"-2 day ahead inc hosp","quantile",0.9,5103,"COVID-19"
"DE","05-14",2023-04-20,2023-04-18,"-2 day ahead inc hosp","quantile",0.9,15,"COVID-19"
"DE","15-34",2023-04-20,2023-04-18,"-2 day ahead inc hosp","quantile",0.9,187,"COVID-19"
"DE","35-59",2023-04-20,2023-04-18,"-2 day ahead inc hosp","quantile",0.9,552,"COVID-19"
"DE","60-79",2023-04-20,2023-04-18,"-2 day ahead inc hosp","quantile",0.9,1796,"COVID-19"
"DE","80+",2023-04-20,2023-04-18,"-2 day ahead inc hosp","quantile",0.9,2415,"COVID-19"
"DE-BB","00+",2023-04-20,2023-04-18,"-2 day ahead inc hosp","quantile",0.9,338,"COVID-19"
"DE-BE","00+",2023-04-20,2023-04-18,"-2 day ahead inc hosp","quantile",0.9,432,"COVID-19"
"DE-BW","00+",2023-04-20,2023-04-18,"-2 day ahead inc hosp","quantile",0.9,339,"COVID-19"
"DE-BY","00+",2023-04-20,2023-04-18,"-2 day ahead inc hosp","quantile",0.9,765,"COVID-19"
"DE-HB","00+",2023-04-20,2023-04-18,"-2 day ahead inc hosp","quantile",0.9,19,"COVID-19"
"DE-HE","00+",2023-04-20,2023-04-18,"-2 day ahead inc hosp","quantile",0.9,352,"COVID-19"
"DE-HH","00+",2023-04-20,2023-04-18,"-2 day ahead inc hosp","quantile",0.9,199,"COVID-19"
"DE-MV","00+",2023-04-20,2023-04-18,"-2 day ahead inc hosp","quantile",0.9,257,"COVID-19"
"DE-NI","00+",2023-04-20,2023-04-18,"-2 day ahead inc hosp","quantile",0.9,423,"COVID-19"
"DE-NW","00+",2023-04-20,2023-04-18,"-2 day ahead inc hosp","quantile",0.9,900,"COVID-19"
"DE-RP","00+",2023-04-20,2023-04-18,"-2 day ahead inc hosp","quantile",0.9,193,"COVID-19"
"DE-SH","00+",2023-04-20,2023-04-18,"-2 day ahead inc hosp","quantile",0.9,292,"COVID-19"
"DE-SL","00+",2023-04-20,2023-04-18,"-2 day ahead inc hosp","quantile",0.9,37,"COVID-19"
"DE-SN","00+",2023-04-20,2023-04-18,"-2 day ahead inc hosp","quantile",0.9,342,"COVID-19"
"DE-ST","00+",2023-04-20,2023-04-18,"-2 day ahead inc hosp","quantile",0.9,216,"COVID-19"
"DE-TH","00+",2023-04-20,2023-04-18,"-2 day ahead inc hosp","quantile",0.9,174,"COVID-19"
"DE","00-04",2023-04-20,2023-04-18,"-2 day ahead inc hosp","quantile",0.975,130,"COVID-19"
"DE","00+",2023-04-20,2023-04-18,"-2 day ahead inc hosp","quantile",0.975,5183,"COVID-19"
"DE","05-14",2023-04-20,2023-04-18,"-2 day ahead inc hosp","quantile",0.975,17,"COVID-19"
"DE","15-34",2023-04-20,2023-04-18,"-2 day ahead inc hosp","quantile",0.975,190,"COVID-19"
"DE","35-59",2023-04-20,2023-04-18,"-2 day ahead inc hosp","quantile",0.975,563,"COVID-19"
"DE","60-79",2023-04-20,2023-04-18,"-2 day ahead inc hosp","quantile",0.975,1826,"COVID-19"
"DE","80+",2023-04-20,2023-04-18,"-2 day ahead inc hosp","quantile",0.975,2446,"COVID-19"
"DE-BB","00+",2023-04-20,2023-04-18,"-2 day ahead inc hosp","quantile",0.975,344,"COVID-19"
"DE-BE","00+",2023-04-20,2023-04-18,"-2 day ahead inc hosp","quantile",0.975,444,"COVID-19"
"DE-BW","00+",2023-04-20,2023-04-18,"-2 day ahead inc hosp","quantile",0.975,357,"COVID-19"
"DE-BY","00+",2023-04-20,2023-04-18,"-2 day ahead inc hosp","quantile",0.975,783,"COVID-19"
"DE-HB","00+",2023-04-20,2023-04-18,"-2 day ahead inc hosp","quantile",0.975,21,"COVID-19"
"DE-HE","00+",2023-04-20,2023-04-18,"-2 day ahead inc hosp","quantile",0.975,360,"COVID-19"
"DE-HH","00+",2023-04-20,2023-04-18,"-2 day ahead inc hosp","quantile",0.975,206,"COVID-19"
"DE-MV","00+",2023-04-20,2023-04-18,"-2 day ahead inc hosp","quantile",0.975,266,"COVID-19"
"DE-NI","00+",2023-04-20,2023-04-18,"-2 day ahead inc hosp","quantile",0.975,441,"COVID-19"
"DE-NW","00+",2023-04-20,2023-04-18,"-2 day ahead inc hosp","quantile",0.975,923,"COVID-19"
"DE-RP","00+",2023-04-20,2023-04-18,"-2 day ahead inc hosp","quantile",0.975,202,"COVID-19"
"DE-SH","00+",2023-04-20,2023-04-18,"-2 day ahead inc hosp","quantile",0.975,299,"COVID-19"
"DE-SL","00+",2023-04-20,2023-04-18,"-2 day ahead inc hosp","quantile",0.975,40,"COVID-19"
"DE-SN","00+",2023-04-20,2023-04-18,"-2 day ahead inc hosp","quantile",0.975,354,"COVID-19"
"DE-ST","00+",2023-04-20,2023-04-18,"-2 day ahead inc hosp","quantile",0.975,224,"COVID-19"
"DE-TH","00+",2023-04-20,2023-04-18,"-2 day ahead inc hosp","quantile",0.975,178,"COVID-19"
"DE","00-04",2023-04-20,2023-04-19,"-1 day ahead inc hosp","mean",NA,97,"COVID-19"
"DE","00+",2023-04-20,2023-04-19,"-1 day ahead inc hosp","mean",NA,4111,"COVID-19"
"DE","05-14",2023-04-20,2023-04-19,"-1 day ahead inc hosp","mean",NA,15,"COVID-19"
"DE","15-34",2023-04-20,2023-04-19,"-1 day ahead inc hosp","mean",NA,149,"COVID-19"
"DE","35-59",2023-04-20,2023-04-19,"-1 day ahead inc hosp","mean",NA,453,"COVID-19"
"DE","60-79",2023-04-20,2023-04-19,"-1 day ahead inc hosp","mean",NA,1450,"COVID-19"
"DE","80+",2023-04-20,2023-04-19,"-1 day ahead inc hosp","mean",NA,1920,"COVID-19"
"DE-BB","00+",2023-04-20,2023-04-19,"-1 day ahead inc hosp","mean",NA,233,"COVID-19"
"DE-BE","00+",2023-04-20,2023-04-19,"-1 day ahead inc hosp","mean",NA,355,"COVID-19"
"DE-BW","00+",2023-04-20,2023-04-19,"-1 day ahead inc hosp","mean",NA,265,"COVID-19"
"DE-BY","00+",2023-04-20,2023-04-19,"-1 day ahead inc hosp","mean",NA,596,"COVID-19"
"DE-HB","00+",2023-04-20,2023-04-19,"-1 day ahead inc hosp","mean",NA,9,"COVID-19"
"DE-HE","00+",2023-04-20,2023-04-19,"-1 day ahead inc hosp","mean",NA,265,"COVID-19"
"DE-HH","00+",2023-04-20,2023-04-19,"-1 day ahead inc hosp","mean",NA,165,"COVID-19"
"DE-MV","00+",2023-04-20,2023-04-19,"-1 day ahead inc hosp","mean",NA,196,"COVID-19"
"DE-NI","00+",2023-04-20,2023-04-19,"-1 day ahead inc hosp","mean",NA,355,"COVID-19"
"DE-NW","00+",2023-04-20,2023-04-19,"-1 day ahead inc hosp","mean",NA,726,"COVID-19"
"DE-RP","00+",2023-04-20,2023-04-19,"-1 day ahead inc hosp","mean",NA,158,"COVID-19"
"DE-SH","00+",2023-04-20,2023-04-19,"-1 day ahead inc hosp","mean",NA,233,"COVID-19"
"DE-SL","00+",2023-04-20,2023-04-19,"-1 day ahead inc hosp","mean",NA,24,"COVID-19"
"DE-SN","00+",2023-04-20,2023-04-19,"-1 day ahead inc hosp","mean",NA,261,"COVID-19"
"DE-ST","00+",2023-04-20,2023-04-19,"-1 day ahead inc hosp","mean",NA,174,"COVID-19"
"DE-TH","00+",2023-04-20,2023-04-19,"-1 day ahead inc hosp","mean",NA,122,"COVID-19"
"DE","00-04",2023-04-20,2023-04-19,"-1 day ahead inc hosp","quantile",0.025,85,"COVID-19"
"DE","00+",2023-04-20,2023-04-19,"-1 day ahead inc hosp","quantile",0.025,3590,"COVID-19"
"DE","05-14",2023-04-20,2023-04-19,"-1 day ahead inc hosp","quantile",0.025,12,"COVID-19"
"DE","15-34",2023-04-20,2023-04-19,"-1 day ahead inc hosp","quantile",0.025,132,"COVID-19"
"DE","35-59",2023-04-20,2023-04-19,"-1 day ahead inc hosp","quantile",0.025,391,"COVID-19"
"DE","60-79",2023-04-20,2023-04-19,"-1 day ahead inc hosp","quantile",0.025,1255,"COVID-19"
"DE","80+",2023-04-20,2023-04-19,"-1 day ahead inc hosp","quantile",0.025,1669,"COVID-19"
"DE-BB","00+",2023-04-20,2023-04-19,"-1 day ahead inc hosp","quantile",0.025,206,"COVID-19"
"DE-BE","00+",2023-04-20,2023-04-19,"-1 day ahead inc hosp","quantile",0.025,290,"COVID-19"
"DE-BW","00+",2023-04-20,2023-04-19,"-1 day ahead inc hosp","quantile",0.025,206,"COVID-19"
"DE-BY","00+",2023-04-20,2023-04-19,"-1 day ahead inc hosp","quantile",0.025,523,"COVID-19"
"DE-HB","00+",2023-04-20,2023-04-19,"-1 day ahead inc hosp","quantile",0.025,7,"COVID-19"
"DE-HE","00+",2023-04-20,2023-04-19,"-1 day ahead inc hosp","quantile",0.025,237,"COVID-19"
"DE-HH","00+",2023-04-20,2023-04-19,"-1 day ahead inc hosp","quantile",0.025,127,"COVID-19"
"DE-MV","00+",2023-04-20,2023-04-19,"-1 day ahead inc hosp","quantile",0.025,180,"COVID-19"
"DE-NI","00+",2023-04-20,2023-04-19,"-1 day ahead inc hosp","quantile",0.025,310,"COVID-19"
"DE-NW","00+",2023-04-20,2023-04-19,"-1 day ahead inc hosp","quantile",0.025,616,"COVID-19"
"DE-RP","00+",2023-04-20,2023-04-19,"-1 day ahead inc hosp","quantile",0.025,132,"COVID-19"
"DE-SH","00+",2023-04-20,2023-04-19,"-1 day ahead inc hosp","quantile",0.025,211,"COVID-19"
"DE-SL","00+",2023-04-20,2023-04-19,"-1 day ahead inc hosp","quantile",0.025,20,"COVID-19"
"DE-SN","00+",2023-04-20,2023-04-19,"-1 day ahead inc hosp","quantile",0.025,210,"COVID-19"
"DE-ST","00+",2023-04-20,2023-04-19,"-1 day ahead inc hosp","quantile",0.025,158,"COVID-19"
"DE-TH","00+",2023-04-20,2023-04-19,"-1 day ahead inc hosp","quantile",0.025,111,"COVID-19"
"DE","00-04",2023-04-20,2023-04-19,"-1 day ahead inc hosp","quantile",0.1,89,"COVID-19"
"DE","00+",2023-04-20,2023-04-19,"-1 day ahead inc hosp","quantile",0.1,3667,"COVID-19"
"DE","05-14",2023-04-20,2023-04-19,"-1 day ahead inc hosp","quantile",0.1,13,"COVID-19"
"DE","15-34",2023-04-20,2023-04-19,"-1 day ahead inc hosp","quantile",0.1,138,"COVID-19"
"DE","35-59",2023-04-20,2023-04-19,"-1 day ahead inc hosp","quantile",0.1,408,"COVID-19"
"DE","60-79",2023-04-20,2023-04-19,"-1 day ahead inc hosp","quantile",0.1,1304,"COVID-19"
"DE","80+",2023-04-20,2023-04-19,"-1 day ahead inc hosp","quantile",0.1,1710,"COVID-19"
"DE-BB","00+",2023-04-20,2023-04-19,"-1 day ahead inc hosp","quantile",0.1,213,"COVID-19"
"DE-BE","00+",2023-04-20,2023-04-19,"-1 day ahead inc hosp","quantile",0.1,307,"COVID-19"
"DE-BW","00+",2023-04-20,2023-04-19,"-1 day ahead inc hosp","quantile",0.1,218,"COVID-19"
"DE-BY","00+",2023-04-20,2023-04-19,"-1 day ahead inc hosp","quantile",0.1,538,"COVID-19"
"DE-HB","00+",2023-04-20,2023-04-19,"-1 day ahead inc hosp","quantile",0.1,7,"COVID-19"
"DE-HE","00+",2023-04-20,2023-04-19,"-1 day ahead inc hosp","quantile",0.1,243,"COVID-19"
"DE-HH","00+",2023-04-20,2023-04-19,"-1 day ahead inc hosp","quantile",0.1,137,"COVID-19"
"DE-MV","00+",2023-04-20,2023-04-19,"-1 day ahead inc hosp","quantile",0.1,184,"COVID-19"
"DE-NI","00+",2023-04-20,2023-04-19,"-1 day ahead inc hosp","quantile",0.1,326,"COVID-19"
"DE-NW","00+",2023-04-20,2023-04-19,"-1 day ahead inc hosp","quantile",0.1,641,"COVID-19"
"DE-RP","00+",2023-04-20,2023-04-19,"-1 day ahead inc hosp","quantile",0.1,139,"COVID-19"
"DE-SH","00+",2023-04-20,2023-04-19,"-1 day ahead inc hosp","quantile",0.1,218,"COVID-19"
"DE-SL","00+",2023-04-20,2023-04-19,"-1 day ahead inc hosp","quantile",0.1,20,"COVID-19"
"DE-SN","00+",2023-04-20,2023-04-19,"-1 day ahead inc hosp","quantile",0.1,217,"COVID-19"
"DE-ST","00+",2023-04-20,2023-04-19,"-1 day ahead inc hosp","quantile",0.1,162,"COVID-19"
"DE-TH","00+",2023-04-20,2023-04-19,"-1 day ahead inc hosp","quantile",0.1,114,"COVID-19"
"DE","00-04",2023-04-20,2023-04-19,"-1 day ahead inc hosp","quantile",0.25,93,"COVID-19"
"DE","00+",2023-04-20,2023-04-19,"-1 day ahead inc hosp","quantile",0.25,3861,"COVID-19"
"DE","05-14",2023-04-20,2023-04-19,"-1 day ahead inc hosp","quantile",0.25,14,"COVID-19"
"DE","15-34",2023-04-20,2023-04-19,"-1 day ahead inc hosp","quantile",0.25,144,"COVID-19"
"DE","35-59",2023-04-20,2023-04-19,"-1 day ahead inc hosp","quantile",0.25,428,"COVID-19"
"DE","60-79",2023-04-20,2023-04-19,"-1 day ahead inc hosp","quantile",0.25,1376,"COVID-19"
"DE","80+",2023-04-20,2023-04-19,"-1 day ahead inc hosp","quantile",0.25,1800,"COVID-19"
"DE-BB","00+",2023-04-20,2023-04-19,"-1 day ahead inc hosp","quantile",0.25,220,"COVID-19"
"DE-BE","00+",2023-04-20,2023-04-19,"-1 day ahead inc hosp","quantile",0.25,331,"COVID-19"
"DE-BW","00+",2023-04-20,2023-04-19,"-1 day ahead inc hosp","quantile",0.25,235,"COVID-19"
"DE-BY","00+",2023-04-20,2023-04-19,"-1 day ahead inc hosp","quantile",0.25,552,"COVID-19"
"DE-HB","00+",2023-04-20,2023-04-19,"-1 day ahead inc hosp","quantile",0.25,8,"COVID-19"
"DE-HE","00+",2023-04-20,2023-04-19,"-1 day ahead inc hosp","quantile",0.25,251,"COVID-19"
"DE-HH","00+",2023-04-20,2023-04-19,"-1 day ahead inc hosp","quantile",0.25,149,"COVID-19"
"DE-MV","00+",2023-04-20,2023-04-19,"-1 day ahead inc hosp","quantile",0.25,188,"COVID-19"
"DE-NI","00+",2023-04-20,2023-04-19,"-1 day ahead inc hosp","quantile",0.25,337,"COVID-19"
"DE-NW","00+",2023-04-20,2023-04-19,"-1 day ahead inc hosp","quantile",0.25,669,"COVID-19"
"DE-RP","00+",2023-04-20,2023-04-19,"-1 day ahead inc hosp","quantile",0.25,147,"COVID-19"
"DE-SH","00+",2023-04-20,2023-04-19,"-1 day ahead inc hosp","quantile",0.25,225,"COVID-19"
"DE-SL","00+",2023-04-20,2023-04-19,"-1 day ahead inc hosp","quantile",0.25,21,"COVID-19"
"DE-SN","00+",2023-04-20,2023-04-19,"-1 day ahead inc hosp","quantile",0.25,238,"COVID-19"
"DE-ST","00+",2023-04-20,2023-04-19,"-1 day ahead inc hosp","quantile",0.25,167,"COVID-19"
"DE-TH","00+",2023-04-20,2023-04-19,"-1 day ahead inc hosp","quantile",0.25,117,"COVID-19"
"DE","00-04",2023-04-20,2023-04-19,"-1 day ahead inc hosp","quantile",0.5,97,"COVID-19"
"DE","00+",2023-04-20,2023-04-19,"-1 day ahead inc hosp","quantile",0.5,4096,"COVID-19"
"DE","05-14",2023-04-20,2023-04-19,"-1 day ahead inc hosp","quantile",0.5,15,"COVID-19"
"DE","15-34",2023-04-20,2023-04-19,"-1 day ahead inc hosp","quantile",0.5,148,"COVID-19"
"DE","35-59",2023-04-20,2023-04-19,"-1 day ahead inc hosp","quantile",0.5,451,"COVID-19"
"DE","60-79",2023-04-20,2023-04-19,"-1 day ahead inc hosp","quantile",0.5,1447,"COVID-19"
"DE","80+",2023-04-20,2023-04-19,"-1 day ahead inc hosp","quantile",0.5,1915,"COVID-19"
"DE-BB","00+",2023-04-20,2023-04-19,"-1 day ahead inc hosp","quantile",0.5,231,"COVID-19"
"DE-BE","00+",2023-04-20,2023-04-19,"-1 day ahead inc hosp","quantile",0.5,354,"COVID-19"
"DE-BW","00+",2023-04-20,2023-04-19,"-1 day ahead inc hosp","quantile",0.5,259,"COVID-19"
"DE-BY","00+",2023-04-20,2023-04-19,"-1 day ahead inc hosp","quantile",0.5,586,"COVID-19"
"DE-HB","00+",2023-04-20,2023-04-19,"-1 day ahead inc hosp","quantile",0.5,9,"COVID-19"
"DE-HE","00+",2023-04-20,2023-04-19,"-1 day ahead inc hosp","quantile",0.5,264,"COVID-19"
"DE-HH","00+",2023-04-20,2023-04-19,"-1 day ahead inc hosp","quantile",0.5,164,"COVID-19"
"DE-MV","00+",2023-04-20,2023-04-19,"-1 day ahead inc hosp","quantile",0.5,194,"COVID-19"
"DE-NI","00+",2023-04-20,2023-04-19,"-1 day ahead inc hosp","quantile",0.5,353,"COVID-19"
"DE-NW","00+",2023-04-20,2023-04-19,"-1 day ahead inc hosp","quantile",0.5,712,"COVID-19"
"DE-RP","00+",2023-04-20,2023-04-19,"-1 day ahead inc hosp","quantile",0.5,158,"COVID-19"
"DE-SH","00+",2023-04-20,2023-04-19,"-1 day ahead inc hosp","quantile",0.5,233,"COVID-19"
"DE-SL","00+",2023-04-20,2023-04-19,"-1 day ahead inc hosp","quantile",0.5,24,"COVID-19"
"DE-SN","00+",2023-04-20,2023-04-19,"-1 day ahead inc hosp","quantile",0.5,259,"COVID-19"
"DE-ST","00+",2023-04-20,2023-04-19,"-1 day ahead inc hosp","quantile",0.5,174,"COVID-19"
"DE-TH","00+",2023-04-20,2023-04-19,"-1 day ahead inc hosp","quantile",0.5,121,"COVID-19"
"DE","00-04",2023-04-20,2023-04-19,"-1 day ahead inc hosp","quantile",0.75,104,"COVID-19"
"DE","00+",2023-04-20,2023-04-19,"-1 day ahead inc hosp","quantile",0.75,4206,"COVID-19"
"DE","05-14",2023-04-20,2023-04-19,"-1 day ahead inc hosp","quantile",0.75,16,"COVID-19"
"DE","15-34",2023-04-20,2023-04-19,"-1 day ahead inc hosp","quantile",0.75,155,"COVID-19"
"DE","35-59",2023-04-20,2023-04-19,"-1 day ahead inc hosp","quantile",0.75,464,"COVID-19"
"DE","60-79",2023-04-20,2023-04-19,"-1 day ahead inc hosp","quantile",0.75,1482,"COVID-19"
"DE","80+",2023-04-20,2023-04-19,"-1 day ahead inc hosp","quantile",0.75,1963,"COVID-19"
"DE-BB","00+",2023-04-20,2023-04-19,"-1 day ahead inc hosp","quantile",0.75,243,"COVID-19"
"DE-BE","00+",2023-04-20,2023-04-19,"-1 day ahead inc hosp","quantile",0.75,368,"COVID-19"
"DE-BW","00+",2023-04-20,2023-04-19,"-1 day ahead inc hosp","quantile",0.75,275,"COVID-19"
"DE-BY","00+",2023-04-20,2023-04-19,"-1 day ahead inc hosp","quantile",0.75,626,"COVID-19"
"DE-HB","00+",2023-04-20,2023-04-19,"-1 day ahead inc hosp","quantile",0.75,12,"COVID-19"
"DE-HE","00+",2023-04-20,2023-04-19,"-1 day ahead inc hosp","quantile",0.75,272,"COVID-19"
"DE-HH","00+",2023-04-20,2023-04-19,"-1 day ahead inc hosp","quantile",0.75,180,"COVID-19"
"DE-MV","00+",2023-04-20,2023-04-19,"-1 day ahead inc hosp","quantile",0.75,202,"COVID-19"
"DE-NI","00+",2023-04-20,2023-04-19,"-1 day ahead inc hosp","quantile",0.75,374,"COVID-19"
"DE-NW","00+",2023-04-20,2023-04-19,"-1 day ahead inc hosp","quantile",0.75,768,"COVID-19"
"DE-RP","00+",2023-04-20,2023-04-19,"-1 day ahead inc hosp","quantile",0.75,164,"COVID-19"
"DE-SH","00+",2023-04-20,2023-04-19,"-1 day ahead inc hosp","quantile",0.75,242,"COVID-19"
"DE-SL","00+",2023-04-20,2023-04-19,"-1 day ahead inc hosp","quantile",0.75,26,"COVID-19"
"DE-SN","00+",2023-04-20,2023-04-19,"-1 day ahead inc hosp","quantile",0.75,271,"COVID-19"
"DE-ST","00+",2023-04-20,2023-04-19,"-1 day ahead inc hosp","quantile",0.75,181,"COVID-19"
"DE-TH","00+",2023-04-20,2023-04-19,"-1 day ahead inc hosp","quantile",0.75,128,"COVID-19"
"DE","00-04",2023-04-20,2023-04-19,"-1 day ahead inc hosp","quantile",0.9,108,"COVID-19"
"DE","00+",2023-04-20,2023-04-19,"-1 day ahead inc hosp","quantile",0.9,4330,"COVID-19"
"DE","05-14",2023-04-20,2023-04-19,"-1 day ahead inc hosp","quantile",0.9,18,"COVID-19"
"DE","15-34",2023-04-20,2023-04-19,"-1 day ahead inc hosp","quantile",0.9,160,"COVID-19"
"DE","35-59",2023-04-20,2023-04-19,"-1 day ahead inc hosp","quantile",0.9,477,"COVID-19"
"DE","60-79",2023-04-20,2023-04-19,"-1 day ahead inc hosp","quantile",0.9,1526,"COVID-19"
"DE","80+",2023-04-20,2023-04-19,"-1 day ahead inc hosp","quantile",0.9,2008,"COVID-19"
"DE-BB","00+",2023-04-20,2023-04-19,"-1 day ahead inc hosp","quantile",0.9,256,"COVID-19"
"DE-BE","00+",2023-04-20,2023-04-19,"-1 day ahead inc hosp","quantile",0.9,383,"COVID-19"
"DE-BW","00+",2023-04-20,2023-04-19,"-1 day ahead inc hosp","quantile",0.9,288,"COVID-19"
"DE-BY","00+",2023-04-20,2023-04-19,"-1 day ahead inc hosp","quantile",0.9,650,"COVID-19"
"DE-HB","00+",2023-04-20,2023-04-19,"-1 day ahead inc hosp","quantile",0.9,14,"COVID-19"
"DE-HE","00+",2023-04-20,2023-04-19,"-1 day ahead inc hosp","quantile",0.9,280,"COVID-19"
"DE-HH","00+",2023-04-20,2023-04-19,"-1 day ahead inc hosp","quantile",0.9,204,"COVID-19"
"DE-MV","00+",2023-04-20,2023-04-19,"-1 day ahead inc hosp","quantile",0.9,210,"COVID-19"
"DE-NI","00+",2023-04-20,2023-04-19,"-1 day ahead inc hosp","quantile",0.9,397,"COVID-19"
"DE-NW","00+",2023-04-20,2023-04-19,"-1 day ahead inc hosp","quantile",0.9,817,"COVID-19"
"DE-RP","00+",2023-04-20,2023-04-19,"-1 day ahead inc hosp","quantile",0.9,175,"COVID-19"
"DE-SH","00+",2023-04-20,2023-04-19,"-1 day ahead inc hosp","quantile",0.9,250,"COVID-19"
"DE-SL","00+",2023-04-20,2023-04-19,"-1 day ahead inc hosp","quantile",0.9,27,"COVID-19"
"DE-SN","00+",2023-04-20,2023-04-19,"-1 day ahead inc hosp","quantile",0.9,282,"COVID-19"
"DE-ST","00+",2023-04-20,2023-04-19,"-1 day ahead inc hosp","quantile",0.9,188,"COVID-19"
"DE-TH","00+",2023-04-20,2023-04-19,"-1 day ahead inc hosp","quantile",0.9,136,"COVID-19"
"DE","00-04",2023-04-20,2023-04-19,"-1 day ahead inc hosp","quantile",0.975,111,"COVID-19"
"DE","00+",2023-04-20,2023-04-19,"-1 day ahead inc hosp","quantile",0.975,4455,"COVID-19"
"DE","05-14",2023-04-20,2023-04-19,"-1 day ahead inc hosp","quantile",0.975,20,"COVID-19"
"DE","15-34",2023-04-20,2023-04-19,"-1 day ahead inc hosp","quantile",0.975,168,"COVID-19"
"DE","35-59",2023-04-20,2023-04-19,"-1 day ahead inc hosp","quantile",0.975,493,"COVID-19"
"DE","60-79",2023-04-20,2023-04-19,"-1 day ahead inc hosp","quantile",0.975,1571,"COVID-19"
"DE","80+",2023-04-20,2023-04-19,"-1 day ahead inc hosp","quantile",0.975,2061,"COVID-19"
"DE-BB","00+",2023-04-20,2023-04-19,"-1 day ahead inc hosp","quantile",0.975,269,"COVID-19"
"DE-BE","00+",2023-04-20,2023-04-19,"-1 day ahead inc hosp","quantile",0.975,401,"COVID-19"
"DE-BW","00+",2023-04-20,2023-04-19,"-1 day ahead inc hosp","quantile",0.975,306,"COVID-19"
"DE-BY","00+",2023-04-20,2023-04-19,"-1 day ahead inc hosp","quantile",0.975,675,"COVID-19"
"DE-HB","00+",2023-04-20,2023-04-19,"-1 day ahead inc hosp","quantile",0.975,16,"COVID-19"
"DE-HE","00+",2023-04-20,2023-04-19,"-1 day ahead inc hosp","quantile",0.975,291,"COVID-19"
"DE-HH","00+",2023-04-20,2023-04-19,"-1 day ahead inc hosp","quantile",0.975,214,"COVID-19"
"DE-MV","00+",2023-04-20,2023-04-19,"-1 day ahead inc hosp","quantile",0.975,221,"COVID-19"
"DE-NI","00+",2023-04-20,2023-04-19,"-1 day ahead inc hosp","quantile",0.975,423,"COVID-19"
"DE-NW","00+",2023-04-20,2023-04-19,"-1 day ahead inc hosp","quantile",0.975,842,"COVID-19"
"DE-RP","00+",2023-04-20,2023-04-19,"-1 day ahead inc hosp","quantile",0.975,188,"COVID-19"
"DE-SH","00+",2023-04-20,2023-04-19,"-1 day ahead inc hosp","quantile",0.975,262,"COVID-19"
"DE-SL","00+",2023-04-20,2023-04-19,"-1 day ahead inc hosp","quantile",0.975,29,"COVID-19"
"DE-SN","00+",2023-04-20,2023-04-19,"-1 day ahead inc hosp","quantile",0.975,296,"COVID-19"
"DE-ST","00+",2023-04-20,2023-04-19,"-1 day ahead inc hosp","quantile",0.975,198,"COVID-19"
"DE-TH","00+",2023-04-20,2023-04-19,"-1 day ahead inc hosp","quantile",0.975,141,"COVID-19"
"DE","00-04",2023-04-20,2023-04-20,"0 day ahead inc hosp","mean",NA,93,"COVID-19"
"DE","00+",2023-04-20,2023-04-20,"0 day ahead inc hosp","mean",NA,3972,"COVID-19"
"DE","05-14",2023-04-20,2023-04-20,"0 day ahead inc hosp","mean",NA,18,"COVID-19"
"DE","15-34",2023-04-20,2023-04-20,"0 day ahead inc hosp","mean",NA,135,"COVID-19"
"DE","35-59",2023-04-20,2023-04-20,"0 day ahead inc hosp","mean",NA,445,"COVID-19"
"DE","60-79",2023-04-20,2023-04-20,"0 day ahead inc hosp","mean",NA,1431,"COVID-19"
"DE","80+",2023-04-20,2023-04-20,"0 day ahead inc hosp","mean",NA,1847,"COVID-19"
"DE-BB","00+",2023-04-20,2023-04-20,"0 day ahead inc hosp","mean",NA,201,"COVID-19"
"DE-BE","00+",2023-04-20,2023-04-20,"0 day ahead inc hosp","mean",NA,348,"COVID-19"
"DE-BW","00+",2023-04-20,2023-04-20,"0 day ahead inc hosp","mean",NA,251,"COVID-19"
"DE-BY","00+",2023-04-20,2023-04-20,"0 day ahead inc hosp","mean",NA,615,"COVID-19"
"DE-HB","00+",2023-04-20,2023-04-20,"0 day ahead inc hosp","mean",NA,9,"COVID-19"
"DE-HE","00+",2023-04-20,2023-04-20,"0 day ahead inc hosp","mean",NA,237,"COVID-19"
"DE-HH","00+",2023-04-20,2023-04-20,"0 day ahead inc hosp","mean",NA,168,"COVID-19"
"DE-MV","00+",2023-04-20,2023-04-20,"0 day ahead inc hosp","mean",NA,200,"COVID-19"
"DE-NI","00+",2023-04-20,2023-04-20,"0 day ahead inc hosp","mean",NA,314,"COVID-19"
"DE-NW","00+",2023-04-20,2023-04-20,"0 day ahead inc hosp","mean",NA,686,"COVID-19"
"DE-RP","00+",2023-04-20,2023-04-20,"0 day ahead inc hosp","mean",NA,143,"COVID-19"
"DE-SH","00+",2023-04-20,2023-04-20,"0 day ahead inc hosp","mean",NA,240,"COVID-19"
"DE-SL","00+",2023-04-20,2023-04-20,"0 day ahead inc hosp","mean",NA,27,"COVID-19"
"DE-SN","00+",2023-04-20,2023-04-20,"0 day ahead inc hosp","mean",NA,246,"COVID-19"
"DE-ST","00+",2023-04-20,2023-04-20,"0 day ahead inc hosp","mean",NA,161,"COVID-19"
"DE-TH","00+",2023-04-20,2023-04-20,"0 day ahead inc hosp","mean",NA,105,"COVID-19"
"DE","00-04",2023-04-20,2023-04-20,"0 day ahead inc hosp","quantile",0.025,77,"COVID-19"
"DE","00+",2023-04-20,2023-04-20,"0 day ahead inc hosp","quantile",0.025,3217,"COVID-19"
"DE","05-14",2023-04-20,2023-04-20,"0 day ahead inc hosp","quantile",0.025,14,"COVID-19"
"DE","15-34",2023-04-20,2023-04-20,"0 day ahead inc hosp","quantile",0.025,107,"COVID-19"
"DE","35-59",2023-04-20,2023-04-20,"0 day ahead inc hosp","quantile",0.025,355,"COVID-19"
"DE","60-79",2023-04-20,2023-04-20,"0 day ahead inc hosp","quantile",0.025,1152,"COVID-19"
"DE","80+",2023-04-20,2023-04-20,"0 day ahead inc hosp","quantile",0.025,1468,"COVID-19"
"DE-BB","00+",2023-04-20,2023-04-20,"0 day ahead inc hosp","quantile",0.025,170,"COVID-19"
"DE-BE","00+",2023-04-20,2023-04-20,"0 day ahead inc hosp","quantile",0.025,260,"COVID-19"
"DE-BW","00+",2023-04-20,2023-04-20,"0 day ahead inc hosp","quantile",0.025,191,"COVID-19"
"DE-BY","00+",2023-04-20,2023-04-20,"0 day ahead inc hosp","quantile",0.025,507,"COVID-19"
"DE-HB","00+",2023-04-20,2023-04-20,"0 day ahead inc hosp","quantile",0.025,7,"COVID-19"
"DE-HE","00+",2023-04-20,2023-04-20,"0 day ahead inc hosp","quantile",0.025,198,"COVID-19"
"DE-HH","00+",2023-04-20,2023-04-20,"0 day ahead inc hosp","quantile",0.025,123,"COVID-19"
"DE-MV","00+",2023-04-20,2023-04-20,"0 day ahead inc hosp","quantile",0.025,176,"COVID-19"
"DE-NI","00+",2023-04-20,2023-04-20,"0 day ahead inc hosp","quantile",0.025,258,"COVID-19"
"DE-NW","00+",2023-04-20,2023-04-20,"0 day ahead inc hosp","quantile",0.025,526,"COVID-19"
"DE-RP","00+",2023-04-20,2023-04-20,"0 day ahead inc hosp","quantile",0.025,113,"COVID-19"
"DE-SH","00+",2023-04-20,2023-04-20,"0 day ahead inc hosp","quantile",0.025,202,"COVID-19"
"DE-SL","00+",2023-04-20,2023-04-20,"0 day ahead inc hosp","quantile",0.025,21,"COVID-19"
"DE-SN","00+",2023-04-20,2023-04-20,"0 day ahead inc hosp","quantile",0.025,176,"COVID-19"
"DE-ST","00+",2023-04-20,2023-04-20,"0 day ahead inc hosp","quantile",0.025,140,"COVID-19"
"DE-TH","00+",2023-04-20,2023-04-20,"0 day ahead inc hosp","quantile",0.025,91,"COVID-19"
"DE","00-04",2023-04-20,2023-04-20,"0 day ahead inc hosp","quantile",0.1,80,"COVID-19"
"DE","00+",2023-04-20,2023-04-20,"0 day ahead inc hosp","quantile",0.1,3328,"COVID-19"
"DE","05-14",2023-04-20,2023-04-20,"0 day ahead inc hosp","quantile",0.1,15,"COVID-19"
"DE","15-34",2023-04-20,2023-04-20,"0 day ahead inc hosp","quantile",0.1,115,"COVID-19"
"DE","35-59",2023-04-20,2023-04-20,"0 day ahead inc hosp","quantile",0.1,372,"COVID-19"
"DE","60-79",2023-04-20,2023-04-20,"0 day ahead inc hosp","quantile",0.1,1204,"COVID-19"
"DE","80+",2023-04-20,2023-04-20,"0 day ahead inc hosp","quantile",0.1,1531,"COVID-19"
"DE-BB","00+",2023-04-20,2023-04-20,"0 day ahead inc hosp","quantile",0.1,178,"COVID-19"
"DE-BE","00+",2023-04-20,2023-04-20,"0 day ahead inc hosp","quantile",0.1,285,"COVID-19"
"DE-BW","00+",2023-04-20,2023-04-20,"0 day ahead inc hosp","quantile",0.1,198,"COVID-19"
"DE-BY","00+",2023-04-20,2023-04-20,"0 day ahead inc hosp","quantile",0.1,541,"COVID-19"
"DE-HB","00+",2023-04-20,2023-04-20,"0 day ahead inc hosp","quantile",0.1,7,"COVID-19"
"DE-HE","00+",2023-04-20,2023-04-20,"0 day ahead inc hosp","quantile",0.1,210,"COVID-19"
"DE-HH","00+",2023-04-20,2023-04-20,"0 day ahead inc hosp","quantile",0.1,136,"COVID-19"
"DE-MV","00+",2023-04-20,2023-04-20,"0 day ahead inc hosp","quantile",0.1,182,"COVID-19"
"DE-NI","00+",2023-04-20,2023-04-20,"0 day ahead inc hosp","quantile",0.1,276,"COVID-19"
"DE-NW","00+",2023-04-20,2023-04-20,"0 day ahead inc hosp","quantile",0.1,556,"COVID-19"
"DE-RP","00+",2023-04-20,2023-04-20,"0 day ahead inc hosp","quantile",0.1,119,"COVID-19"
"DE-SH","00+",2023-04-20,2023-04-20,"0 day ahead inc hosp","quantile",0.1,206,"COVID-19"
"DE-SL","00+",2023-04-20,2023-04-20,"0 day ahead inc hosp","quantile",0.1,22,"COVID-19"
"DE-SN","00+",2023-04-20,2023-04-20,"0 day ahead inc hosp","quantile",0.1,187,"COVID-19"
"DE-ST","00+",2023-04-20,2023-04-20,"0 day ahead inc hosp","quantile",0.1,146,"COVID-19"
"DE-TH","00+",2023-04-20,2023-04-20,"0 day ahead inc hosp","quantile",0.1,95,"COVID-19"
"DE","00-04",2023-04-20,2023-04-20,"0 day ahead inc hosp","quantile",0.25,85,"COVID-19"
"DE","00+",2023-04-20,2023-04-20,"0 day ahead inc hosp","quantile",0.25,3518,"COVID-19"
"DE","05-14",2023-04-20,2023-04-20,"0 day ahead inc hosp","quantile",0.25,16,"COVID-19"
"DE","15-34",2023-04-20,2023-04-20,"0 day ahead inc hosp","quantile",0.25,123,"COVID-19"
"DE","35-59",2023-04-20,2023-04-20,"0 day ahead inc hosp","quantile",0.25,399,"COVID-19"
"DE","60-79",2023-04-20,2023-04-20,"0 day ahead inc hosp","quantile",0.25,1284,"COVID-19"
"DE","80+",2023-04-20,2023-04-20,"0 day ahead inc hosp","quantile",0.25,1610,"COVID-19"
"DE-BB","00+",2023-04-20,2023-04-20,"0 day ahead inc hosp","quantile",0.25,187,"COVID-19"
"DE-BE","00+",2023-04-20,2023-04-20,"0 day ahead inc hosp","quantile",0.25,315,"COVID-19"
"DE-BW","00+",2023-04-20,2023-04-20,"0 day ahead inc hosp","quantile",0.25,215,"COVID-19"
"DE-BY","00+",2023-04-20,2023-04-20,"0 day ahead inc hosp","quantile",0.25,552,"COVID-19"
"DE-HB","00+",2023-04-20,2023-04-20,"0 day ahead inc hosp","quantile",0.25,8,"COVID-19"
"DE-HE","00+",2023-04-20,2023-04-20,"0 day ahead inc hosp","quantile",0.25,222,"COVID-19"
"DE-HH","00+",2023-04-20,2023-04-20,"0 day ahead inc hosp","quantile",0.25,153,"COVID-19"
"DE-MV","00+",2023-04-20,2023-04-20,"0 day ahead inc hosp","quantile",0.25,189,"COVID-19"
"DE-NI","00+",2023-04-20,2023-04-20,"0 day ahead inc hosp","quantile",0.25,293,"COVID-19"
"DE-NW","00+",2023-04-20,2023-04-20,"0 day ahead inc hosp","quantile",0.25,597,"COVID-19"
"DE-RP","00+",2023-04-20,2023-04-20,"0 day ahead inc hosp","quantile",0.25,128,"COVID-19"
"DE-SH","00+",2023-04-20,2023-04-20,"0 day ahead inc hosp","quantile",0.25,218,"COVID-19"
"DE-SL","00+",2023-04-20,2023-04-20,"0 day ahead inc hosp","quantile",0.25,24,"COVID-19"
"DE-SN","00+",2023-04-20,2023-04-20,"0 day ahead inc hosp","quantile",0.25,204,"COVID-19"
"DE-ST","00+",2023-04-20,2023-04-20,"0 day ahead inc hosp","quantile",0.25,152,"COVID-19"
"DE-TH","00+",2023-04-20,2023-04-20,"0 day ahead inc hosp","quantile",0.25,100,"COVID-19"
"DE","00-04",2023-04-20,2023-04-20,"0 day ahead inc hosp","quantile",0.5,93,"COVID-19"
"DE","00+",2023-04-20,2023-04-20,"0 day ahead inc hosp","quantile",0.5,3906,"COVID-19"
"DE","05-14",2023-04-20,2023-04-20,"0 day ahead inc hosp","quantile",0.5,18,"COVID-19"
"DE","15-34",2023-04-20,2023-04-20,"0 day ahead inc hosp","quantile",0.5,135,"COVID-19"
"DE","35-59",2023-04-20,2023-04-20,"0 day ahead inc hosp","quantile",0.5,437,"COVID-19"
"DE","60-79",2023-04-20,2023-04-20,"0 day ahead inc hosp","quantile",0.5,1422,"COVID-19"
"DE","80+",2023-04-20,2023-04-20,"0 day ahead inc hosp","quantile",0.5,1789,"COVID-19"
"DE-BB","00+",2023-04-20,2023-04-20,"0 day ahead inc hosp","quantile",0.5,198,"COVID-19"
"DE-BE","00+",2023-04-20,2023-04-20,"0 day ahead inc hosp","quantile",0.5,345,"COVID-19"
"DE-BW","00+",2023-04-20,2023-04-20,"0 day ahead inc hosp","quantile",0.5,239,"COVID-19"
"DE-BY","00+",2023-04-20,2023-04-20,"0 day ahead inc hosp","quantile",0.5,597,"COVID-19"
"DE-HB","00+",2023-04-20,2023-04-20,"0 day ahead inc hosp","quantile",0.5,9,"COVID-19"
"DE-HE","00+",2023-04-20,2023-04-20,"0 day ahead inc hosp","quantile",0.5,232,"COVID-19"
"DE-HH","00+",2023-04-20,2023-04-20,"0 day ahead inc hosp","quantile",0.5,166,"COVID-19"
"DE-MV","00+",2023-04-20,2023-04-20,"0 day ahead inc hosp","quantile",0.5,198,"COVID-19"
"DE-NI","00+",2023-04-20,2023-04-20,"0 day ahead inc hosp","quantile",0.5,315,"COVID-19"
"DE-NW","00+",2023-04-20,2023-04-20,"0 day ahead inc hosp","quantile",0.5,660,"COVID-19"
"DE-RP","00+",2023-04-20,2023-04-20,"0 day ahead inc hosp","quantile",0.5,140,"COVID-19"
"DE-SH","00+",2023-04-20,2023-04-20,"0 day ahead inc hosp","quantile",0.5,239,"COVID-19"
"DE-SL","00+",2023-04-20,2023-04-20,"0 day ahead inc hosp","quantile",0.5,27,"COVID-19"
"DE-SN","00+",2023-04-20,2023-04-20,"0 day ahead inc hosp","quantile",0.5,243,"COVID-19"
"DE-ST","00+",2023-04-20,2023-04-20,"0 day ahead inc hosp","quantile",0.5,160,"COVID-19"
"DE-TH","00+",2023-04-20,2023-04-20,"0 day ahead inc hosp","quantile",0.5,104,"COVID-19"
"DE","00-04",2023-04-20,2023-04-20,"0 day ahead inc hosp","quantile",0.75,98,"COVID-19"
"DE","00+",2023-04-20,2023-04-20,"0 day ahead inc hosp","quantile",0.75,4130,"COVID-19"
"DE","05-14",2023-04-20,2023-04-20,"0 day ahead inc hosp","quantile",0.75,20,"COVID-19"
"DE","15-34",2023-04-20,2023-04-20,"0 day ahead inc hosp","quantile",0.75,141,"COVID-19"
"DE","35-59",2023-04-20,2023-04-20,"0 day ahead inc hosp","quantile",0.75,461,"COVID-19"
"DE","60-79",2023-04-20,2023-04-20,"0 day ahead inc hosp","quantile",0.75,1481,"COVID-19"
"DE","80+",2023-04-20,2023-04-20,"0 day ahead inc hosp","quantile",0.75,1928,"COVID-19"
"DE-BB","00+",2023-04-20,2023-04-20,"0 day ahead inc hosp","quantile",0.75,212,"COVID-19"
"DE-BE","00+",2023-04-20,2023-04-20,"0 day ahead inc hosp","quantile",0.75,364,"COVID-19"
"DE-BW","00+",2023-04-20,2023-04-20,"0 day ahead inc hosp","quantile",0.75,280,"COVID-19"
"DE-BY","00+",2023-04-20,2023-04-20,"0 day ahead inc hosp","quantile",0.75,663,"COVID-19"
"DE-HB","00+",2023-04-20,2023-04-20,"0 day ahead inc hosp","quantile",0.75,12,"COVID-19"
"DE-HE","00+",2023-04-20,2023-04-20,"0 day ahead inc hosp","quantile",0.75,252,"COVID-19"
"DE-HH","00+",2023-04-20,2023-04-20,"0 day ahead inc hosp","quantile",0.75,186,"COVID-19"
"DE-MV","00+",2023-04-20,2023-04-20,"0 day ahead inc hosp","quantile",0.75,208,"COVID-19"
"DE-NI","00+",2023-04-20,2023-04-20,"0 day ahead inc hosp","quantile",0.75,342,"COVID-19"
"DE-NW","00+",2023-04-20,2023-04-20,"0 day ahead inc hosp","quantile",0.75,748,"COVID-19"
"DE-RP","00+",2023-04-20,2023-04-20,"0 day ahead inc hosp","quantile",0.75,155,"COVID-19"
"DE-SH","00+",2023-04-20,2023-04-20,"0 day ahead inc hosp","quantile",0.75,251,"COVID-19"
"DE-SL","00+",2023-04-20,2023-04-20,"0 day ahead inc hosp","quantile",0.75,29,"COVID-19"
"DE-SN","00+",2023-04-20,2023-04-20,"0 day ahead inc hosp","quantile",0.75,259,"COVID-19"
"DE-ST","00+",2023-04-20,2023-04-20,"0 day ahead inc hosp","quantile",0.75,168,"COVID-19"
"DE-TH","00+",2023-04-20,2023-04-20,"0 day ahead inc hosp","quantile",0.75,111,"COVID-19"
"DE","00-04",2023-04-20,2023-04-20,"0 day ahead inc hosp","quantile",0.9,103,"COVID-19"
"DE","00+",2023-04-20,2023-04-20,"0 day ahead inc hosp","quantile",0.9,4316,"COVID-19"
"DE","05-14",2023-04-20,2023-04-20,"0 day ahead inc hosp","quantile",0.9,22,"COVID-19"
"DE","15-34",2023-04-20,2023-04-20,"0 day ahead inc hosp","quantile",0.9,148,"COVID-19"
"DE","35-59",2023-04-20,2023-04-20,"0 day ahead inc hosp","quantile",0.9,483,"COVID-19"
"DE","60-79",2023-04-20,2023-04-20,"0 day ahead inc hosp","quantile",0.9,1554,"COVID-19"
"DE","80+",2023-04-20,2023-04-20,"0 day ahead inc hosp","quantile",0.9,1999,"COVID-19"
"DE-BB","00+",2023-04-20,2023-04-20,"0 day ahead inc hosp","quantile",0.9,226,"COVID-19"
"DE-BE","00+",2023-04-20,2023-04-20,"0 day ahead inc hosp","quantile",0.9,391,"COVID-19"
"DE-BW","00+",2023-04-20,2023-04-20,"0 day ahead inc hosp","quantile",0.9,302,"COVID-19"
"DE-BY","00+",2023-04-20,2023-04-20,"0 day ahead inc hosp","quantile",0.9,696,"COVID-19"
"DE-HB","00+",2023-04-20,2023-04-20,"0 day ahead inc hosp","quantile",0.9,16,"COVID-19"
"DE-HE","00+",2023-04-20,2023-04-20,"0 day ahead inc hosp","quantile",0.9,266,"COVID-19"
"DE-HH","00+",2023-04-20,2023-04-20,"0 day ahead inc hosp","quantile",0.9,218,"COVID-19"
"DE-MV","00+",2023-04-20,2023-04-20,"0 day ahead inc hosp","quantile",0.9,220,"COVID-19"
"DE-NI","00+",2023-04-20,2023-04-20,"0 day ahead inc hosp","quantile",0.9,379,"COVID-19"
"DE-NW","00+",2023-04-20,2023-04-20,"0 day ahead inc hosp","quantile",0.9,798,"COVID-19"
"DE-RP","00+",2023-04-20,2023-04-20,"0 day ahead inc hosp","quantile",0.9,169,"COVID-19"
"DE-SH","00+",2023-04-20,2023-04-20,"0 day ahead inc hosp","quantile",0.9,264,"COVID-19"
"DE-SL","00+",2023-04-20,2023-04-20,"0 day ahead inc hosp","quantile",0.9,32,"COVID-19"
"DE-SN","00+",2023-04-20,2023-04-20,"0 day ahead inc hosp","quantile",0.9,276,"COVID-19"
"DE-ST","00+",2023-04-20,2023-04-20,"0 day ahead inc hosp","quantile",0.9,177,"COVID-19"
"DE-TH","00+",2023-04-20,2023-04-20,"0 day ahead inc hosp","quantile",0.9,122,"COVID-19"
"DE","00-04",2023-04-20,2023-04-20,"0 day ahead inc hosp","quantile",0.975,109,"COVID-19"
"DE","00+",2023-04-20,2023-04-20,"0 day ahead inc hosp","quantile",0.975,4520,"COVID-19"
"DE","05-14",2023-04-20,2023-04-20,"0 day ahead inc hosp","quantile",0.975,24,"COVID-19"
"DE","15-34",2023-04-20,2023-04-20,"0 day ahead inc hosp","quantile",0.975,158,"COVID-19"
"DE","35-59",2023-04-20,2023-04-20,"0 day ahead inc hosp","quantile",0.975,508,"COVID-19"
"DE","60-79",2023-04-20,2023-04-20,"0 day ahead inc hosp","quantile",0.975,1629,"COVID-19"
"DE","80+",2023-04-20,2023-04-20,"0 day ahead inc hosp","quantile",0.975,2098,"COVID-19"
"DE-BB","00+",2023-04-20,2023-04-20,"0 day ahead inc hosp","quantile",0.975,244,"COVID-19"
"DE-BE","00+",2023-04-20,2023-04-20,"0 day ahead inc hosp","quantile",0.975,411,"COVID-19"
"DE-BW","00+",2023-04-20,2023-04-20,"0 day ahead inc hosp","quantile",0.975,327,"COVID-19"
"DE-BY","00+",2023-04-20,2023-04-20,"0 day ahead inc hosp","quantile",0.975,739,"COVID-19"
"DE-HB","00+",2023-04-20,2023-04-20,"0 day ahead inc hosp","quantile",0.975,19,"COVID-19"
"DE-HE","00+",2023-04-20,2023-04-20,"0 day ahead inc hosp","quantile",0.975,281,"COVID-19"
"DE-HH","00+",2023-04-20,2023-04-20,"0 day ahead inc hosp","quantile",0.975,233,"COVID-19"
"DE-MV","00+",2023-04-20,2023-04-20,"0 day ahead inc hosp","quantile",0.975,237,"COVID-19"
"DE-NI","00+",2023-04-20,2023-04-20,"0 day ahead inc hosp","quantile",0.975,416,"COVID-19"
"DE-NW","00+",2023-04-20,2023-04-20,"0 day ahead inc hosp","quantile",0.975,853,"COVID-19"
"DE-RP","00+",2023-04-20,2023-04-20,"0 day ahead inc hosp","quantile",0.975,181,"COVID-19"
"DE-SH","00+",2023-04-20,2023-04-20,"0 day ahead inc hosp","quantile",0.975,281,"COVID-19"
"DE-SL","00+",2023-04-20,2023-04-20,"0 day ahead inc hosp","quantile",0.975,37,"COVID-19"
"DE-SN","00+",2023-04-20,2023-04-20,"0 day ahead inc hosp","quantile",0.975,295,"COVID-19"
"DE-ST","00+",2023-04-20,2023-04-20,"0 day ahead inc hosp","quantile",0.975,188,"COVID-19"
"DE-TH","00+",2023-04-20,2023-04-20,"0 day ahead inc hosp","quantile",0.975,136,"COVID-19"
