location,age_group,forecast_date,target_end_date,target,type,quantile,value,pathogen
DE,00+,2023-01-26,2022-12-29,-28 day ahead inc hosp,quantile,0.025,10857.0,COVID-19
DE,00+,2023-01-26,2022-12-29,-28 day ahead inc hosp,quantile,0.1,10870.9,COVID-19
DE,00+,2023-01-26,2022-12-29,-28 day ahead inc hosp,quantile,0.25,10885.0,COVID-19
DE,00+,2023-01-26,2022-12-29,-28 day ahead inc hosp,quantile,0.5,10902.0,COVID-19
DE,00+,2023-01-26,2022-12-29,-28 day ahead inc hosp,quantile,0.75,10921.0,COVID-19
DE,00+,2023-01-26,2022-12-29,-28 day ahead inc hosp,quantile,0.9,10941.0,COVID-19
DE,00+,2023-01-26,2022-12-29,-28 day ahead inc hosp,quantile,0.975,10965.0,COVID-19
DE,00+,2023-01-26,2022-12-29,-28 day ahead inc hosp,mean,,10904.3755,COVID-19
DE,00+,2023-01-26,2022-12-30,-27 day ahead inc hosp,quantile,0.025,10647.0,COVID-19
DE,00+,2023-01-26,2022-12-30,-27 day ahead inc hosp,quantile,0.1,10661.0,COVID-19
DE,00+,2023-01-26,2022-12-30,-27 day ahead inc hosp,quantile,0.25,10675.0,COVID-19
DE,00+,2023-01-26,2022-12-30,-27 day ahead inc hosp,quantile,0.5,10692.5,COVID-19
DE,00+,2023-01-26,2022-12-30,-27 day ahead inc hosp,quantile,0.75,10712.0,COVID-19
DE,00+,2023-01-26,2022-12-30,-27 day ahead inc hosp,quantile,0.9,10732.0,COVID-19
DE,00+,2023-01-26,2022-12-30,-27 day ahead inc hosp,quantile,0.975,10756.0,COVID-19
DE,00+,2023-01-26,2022-12-30,-27 day ahead inc hosp,mean,,10694.759,COVID-19
DE,00+,2023-01-26,2022-12-31,-26 day ahead inc hosp,quantile,0.025,10188.0,COVID-19
DE,00+,2023-01-26,2022-12-31,-26 day ahead inc hosp,quantile,0.1,10203.0,COVID-19
DE,00+,2023-01-26,2022-12-31,-26 day ahead inc hosp,quantile,0.25,10218.0,COVID-19
DE,00+,2023-01-26,2022-12-31,-26 day ahead inc hosp,quantile,0.5,10235.0,COVID-19
DE,00+,2023-01-26,2022-12-31,-26 day ahead inc hosp,quantile,0.75,10254.0,COVID-19
DE,00+,2023-01-26,2022-12-31,-26 day ahead inc hosp,quantile,0.9,10273.0,COVID-19
DE,00+,2023-01-26,2022-12-31,-26 day ahead inc hosp,quantile,0.975,10296.0,COVID-19
DE,00+,2023-01-26,2022-12-31,-26 day ahead inc hosp,mean,,10236.67175,COVID-19
DE,00+,2023-01-26,2023-01-01,-25 day ahead inc hosp,quantile,0.025,10160.0,COVID-19
DE,00+,2023-01-26,2023-01-01,-25 day ahead inc hosp,quantile,0.1,10175.0,COVID-19
DE,00+,2023-01-26,2023-01-01,-25 day ahead inc hosp,quantile,0.25,10189.0,COVID-19
DE,00+,2023-01-26,2023-01-01,-25 day ahead inc hosp,quantile,0.5,10206.0,COVID-19
DE,00+,2023-01-26,2023-01-01,-25 day ahead inc hosp,quantile,0.75,10225.0,COVID-19
DE,00+,2023-01-26,2023-01-01,-25 day ahead inc hosp,quantile,0.9,10245.0,COVID-19
DE,00+,2023-01-26,2023-01-01,-25 day ahead inc hosp,quantile,0.975,10268.0,COVID-19
DE,00+,2023-01-26,2023-01-01,-25 day ahead inc hosp,mean,,10208.42075,COVID-19
DE,00+,2023-01-26,2023-01-02,-24 day ahead inc hosp,quantile,0.025,10118.0,COVID-19
DE,00+,2023-01-26,2023-01-02,-24 day ahead inc hosp,quantile,0.1,10134.0,COVID-19
DE,00+,2023-01-26,2023-01-02,-24 day ahead inc hosp,quantile,0.25,10148.0,COVID-19
DE,00+,2023-01-26,2023-01-02,-24 day ahead inc hosp,quantile,0.5,10165.0,COVID-19
DE,00+,2023-01-26,2023-01-02,-24 day ahead inc hosp,quantile,0.75,10184.0,COVID-19
DE,00+,2023-01-26,2023-01-02,-24 day ahead inc hosp,quantile,0.9,10203.0,COVID-19
DE,00+,2023-01-26,2023-01-02,-24 day ahead inc hosp,quantile,0.975,10228.0,COVID-19
DE,00+,2023-01-26,2023-01-02,-24 day ahead inc hosp,mean,,10167.134,COVID-19
DE,00+,2023-01-26,2023-01-03,-23 day ahead inc hosp,quantile,0.025,12445.0,COVID-19
DE,00+,2023-01-26,2023-01-03,-23 day ahead inc hosp,quantile,0.1,12462.0,COVID-19
DE,00+,2023-01-26,2023-01-03,-23 day ahead inc hosp,quantile,0.25,12480.0,COVID-19
DE,00+,2023-01-26,2023-01-03,-23 day ahead inc hosp,quantile,0.5,12498.0,COVID-19
DE,00+,2023-01-26,2023-01-03,-23 day ahead inc hosp,quantile,0.75,12521.0,COVID-19
DE,00+,2023-01-26,2023-01-03,-23 day ahead inc hosp,quantile,0.9,12542.0,COVID-19
DE,00+,2023-01-26,2023-01-03,-23 day ahead inc hosp,quantile,0.975,12568.025,COVID-19
DE,00+,2023-01-26,2023-01-03,-23 day ahead inc hosp,mean,,12500.76425,COVID-19
DE,00+,2023-01-26,2023-01-04,-22 day ahead inc hosp,quantile,0.025,11043.0,COVID-19
DE,00+,2023-01-26,2023-01-04,-22 day ahead inc hosp,quantile,0.1,11060.0,COVID-19
DE,00+,2023-01-26,2023-01-04,-22 day ahead inc hosp,quantile,0.25,11076.0,COVID-19
DE,00+,2023-01-26,2023-01-04,-22 day ahead inc hosp,quantile,0.5,11095.0,COVID-19
DE,00+,2023-01-26,2023-01-04,-22 day ahead inc hosp,quantile,0.75,11117.0,COVID-19
DE,00+,2023-01-26,2023-01-04,-22 day ahead inc hosp,quantile,0.9,11137.0,COVID-19
DE,00+,2023-01-26,2023-01-04,-22 day ahead inc hosp,quantile,0.975,11164.0,COVID-19
DE,00+,2023-01-26,2023-01-04,-22 day ahead inc hosp,mean,,11097.36675,COVID-19
DE,00+,2023-01-26,2023-01-05,-21 day ahead inc hosp,quantile,0.025,10306.975,COVID-19
DE,00+,2023-01-26,2023-01-05,-21 day ahead inc hosp,quantile,0.1,10323.0,COVID-19
DE,00+,2023-01-26,2023-01-05,-21 day ahead inc hosp,quantile,0.25,10339.0,COVID-19
DE,00+,2023-01-26,2023-01-05,-21 day ahead inc hosp,quantile,0.5,10357.0,COVID-19
DE,00+,2023-01-26,2023-01-05,-21 day ahead inc hosp,quantile,0.75,10378.0,COVID-19
DE,00+,2023-01-26,2023-01-05,-21 day ahead inc hosp,quantile,0.9,10398.0,COVID-19
DE,00+,2023-01-26,2023-01-05,-21 day ahead inc hosp,quantile,0.975,10424.025,COVID-19
DE,00+,2023-01-26,2023-01-05,-21 day ahead inc hosp,mean,,10359.24375,COVID-19
DE,00+,2023-01-26,2023-01-06,-20 day ahead inc hosp,quantile,0.025,9739.975,COVID-19
DE,00+,2023-01-26,2023-01-06,-20 day ahead inc hosp,quantile,0.1,9757.0,COVID-19
DE,00+,2023-01-26,2023-01-06,-20 day ahead inc hosp,quantile,0.25,9773.0,COVID-19
DE,00+,2023-01-26,2023-01-06,-20 day ahead inc hosp,quantile,0.5,9791.0,COVID-19
DE,00+,2023-01-26,2023-01-06,-20 day ahead inc hosp,quantile,0.75,9812.0,COVID-19
DE,00+,2023-01-26,2023-01-06,-20 day ahead inc hosp,quantile,0.9,9831.0,COVID-19
DE,00+,2023-01-26,2023-01-06,-20 day ahead inc hosp,quantile,0.975,9856.0,COVID-19
DE,00+,2023-01-26,2023-01-06,-20 day ahead inc hosp,mean,,9793.0445,COVID-19
DE,00+,2023-01-26,2023-01-07,-19 day ahead inc hosp,quantile,0.025,9115.0,COVID-19
DE,00+,2023-01-26,2023-01-07,-19 day ahead inc hosp,quantile,0.1,9132.0,COVID-19
DE,00+,2023-01-26,2023-01-07,-19 day ahead inc hosp,quantile,0.25,9148.0,COVID-19
DE,00+,2023-01-26,2023-01-07,-19 day ahead inc hosp,quantile,0.5,9167.0,COVID-19
DE,00+,2023-01-26,2023-01-07,-19 day ahead inc hosp,quantile,0.75,9186.0,COVID-19
DE,00+,2023-01-26,2023-01-07,-19 day ahead inc hosp,quantile,0.9,9206.0,COVID-19
DE,00+,2023-01-26,2023-01-07,-19 day ahead inc hosp,quantile,0.975,9229.025,COVID-19
DE,00+,2023-01-26,2023-01-07,-19 day ahead inc hosp,mean,,9167.937,COVID-19
DE,00+,2023-01-26,2023-01-08,-18 day ahead inc hosp,quantile,0.025,9013.0,COVID-19
DE,00+,2023-01-26,2023-01-08,-18 day ahead inc hosp,quantile,0.1,9028.0,COVID-19
DE,00+,2023-01-26,2023-01-08,-18 day ahead inc hosp,quantile,0.25,9045.0,COVID-19
DE,00+,2023-01-26,2023-01-08,-18 day ahead inc hosp,quantile,0.5,9064.0,COVID-19
DE,00+,2023-01-26,2023-01-08,-18 day ahead inc hosp,quantile,0.75,9084.0,COVID-19
DE,00+,2023-01-26,2023-01-08,-18 day ahead inc hosp,quantile,0.9,9102.0,COVID-19
DE,00+,2023-01-26,2023-01-08,-18 day ahead inc hosp,quantile,0.975,9125.0,COVID-19
DE,00+,2023-01-26,2023-01-08,-18 day ahead inc hosp,mean,,9065.0215,COVID-19
DE,00+,2023-01-26,2023-01-09,-17 day ahead inc hosp,quantile,0.025,8897.0,COVID-19
DE,00+,2023-01-26,2023-01-09,-17 day ahead inc hosp,quantile,0.1,8913.0,COVID-19
DE,00+,2023-01-26,2023-01-09,-17 day ahead inc hosp,quantile,0.25,8929.0,COVID-19
DE,00+,2023-01-26,2023-01-09,-17 day ahead inc hosp,quantile,0.5,8948.0,COVID-19
DE,00+,2023-01-26,2023-01-09,-17 day ahead inc hosp,quantile,0.75,8968.0,COVID-19
DE,00+,2023-01-26,2023-01-09,-17 day ahead inc hosp,quantile,0.9,8986.0,COVID-19
DE,00+,2023-01-26,2023-01-09,-17 day ahead inc hosp,quantile,0.975,9009.0,COVID-19
DE,00+,2023-01-26,2023-01-09,-17 day ahead inc hosp,mean,,8949.2495,COVID-19
DE,00+,2023-01-26,2023-01-10,-16 day ahead inc hosp,quantile,0.025,8345.0,COVID-19
DE,00+,2023-01-26,2023-01-10,-16 day ahead inc hosp,quantile,0.1,8364.0,COVID-19
DE,00+,2023-01-26,2023-01-10,-16 day ahead inc hosp,quantile,0.25,8380.0,COVID-19
DE,00+,2023-01-26,2023-01-10,-16 day ahead inc hosp,quantile,0.5,8400.0,COVID-19
DE,00+,2023-01-26,2023-01-10,-16 day ahead inc hosp,quantile,0.75,8420.0,COVID-19
DE,00+,2023-01-26,2023-01-10,-16 day ahead inc hosp,quantile,0.9,8440.0,COVID-19
DE,00+,2023-01-26,2023-01-10,-16 day ahead inc hosp,quantile,0.975,8463.0,COVID-19
DE,00+,2023-01-26,2023-01-10,-16 day ahead inc hosp,mean,,8400.97475,COVID-19
DE,00+,2023-01-26,2023-01-11,-15 day ahead inc hosp,quantile,0.025,7751.0,COVID-19
DE,00+,2023-01-26,2023-01-11,-15 day ahead inc hosp,quantile,0.1,7769.0,COVID-19
DE,00+,2023-01-26,2023-01-11,-15 day ahead inc hosp,quantile,0.25,7786.0,COVID-19
DE,00+,2023-01-26,2023-01-11,-15 day ahead inc hosp,quantile,0.5,7806.0,COVID-19
DE,00+,2023-01-26,2023-01-11,-15 day ahead inc hosp,quantile,0.75,7826.0,COVID-19
DE,00+,2023-01-26,2023-01-11,-15 day ahead inc hosp,quantile,0.9,7846.0,COVID-19
DE,00+,2023-01-26,2023-01-11,-15 day ahead inc hosp,quantile,0.975,7869.0,COVID-19
DE,00+,2023-01-26,2023-01-11,-15 day ahead inc hosp,mean,,7806.88,COVID-19
DE,00+,2023-01-26,2023-01-12,-14 day ahead inc hosp,quantile,0.025,7192.0,COVID-19
DE,00+,2023-01-26,2023-01-12,-14 day ahead inc hosp,quantile,0.1,7209.0,COVID-19
DE,00+,2023-01-26,2023-01-12,-14 day ahead inc hosp,quantile,0.25,7226.0,COVID-19
DE,00+,2023-01-26,2023-01-12,-14 day ahead inc hosp,quantile,0.5,7246.0,COVID-19
DE,00+,2023-01-26,2023-01-12,-14 day ahead inc hosp,quantile,0.75,7266.0,COVID-19
DE,00+,2023-01-26,2023-01-12,-14 day ahead inc hosp,quantile,0.9,7285.0,COVID-19
DE,00+,2023-01-26,2023-01-12,-14 day ahead inc hosp,quantile,0.975,7307.0,COVID-19
DE,00+,2023-01-26,2023-01-12,-14 day ahead inc hosp,mean,,7246.442,COVID-19
DE,00+,2023-01-26,2023-01-13,-13 day ahead inc hosp,quantile,0.025,6636.0,COVID-19
DE,00+,2023-01-26,2023-01-13,-13 day ahead inc hosp,quantile,0.1,6653.0,COVID-19
DE,00+,2023-01-26,2023-01-13,-13 day ahead inc hosp,quantile,0.25,6672.0,COVID-19
DE,00+,2023-01-26,2023-01-13,-13 day ahead inc hosp,quantile,0.5,6692.0,COVID-19
DE,00+,2023-01-26,2023-01-13,-13 day ahead inc hosp,quantile,0.75,6713.0,COVID-19
DE,00+,2023-01-26,2023-01-13,-13 day ahead inc hosp,quantile,0.9,6733.0,COVID-19
DE,00+,2023-01-26,2023-01-13,-13 day ahead inc hosp,quantile,0.975,6757.0,COVID-19
DE,00+,2023-01-26,2023-01-13,-13 day ahead inc hosp,mean,,6692.909,COVID-19
DE,00+,2023-01-26,2023-01-14,-12 day ahead inc hosp,quantile,0.025,6584.0,COVID-19
DE,00+,2023-01-26,2023-01-14,-12 day ahead inc hosp,quantile,0.1,6605.0,COVID-19
DE,00+,2023-01-26,2023-01-14,-12 day ahead inc hosp,quantile,0.25,6623.0,COVID-19
DE,00+,2023-01-26,2023-01-14,-12 day ahead inc hosp,quantile,0.5,6645.0,COVID-19
DE,00+,2023-01-26,2023-01-14,-12 day ahead inc hosp,quantile,0.75,6668.0,COVID-19
DE,00+,2023-01-26,2023-01-14,-12 day ahead inc hosp,quantile,0.9,6690.0,COVID-19
DE,00+,2023-01-26,2023-01-14,-12 day ahead inc hosp,quantile,0.975,6715.0,COVID-19
DE,00+,2023-01-26,2023-01-14,-12 day ahead inc hosp,mean,,6646.273,COVID-19
DE,00+,2023-01-26,2023-01-15,-11 day ahead inc hosp,quantile,0.025,6501.0,COVID-19
DE,00+,2023-01-26,2023-01-15,-11 day ahead inc hosp,quantile,0.1,6522.0,COVID-19
DE,00+,2023-01-26,2023-01-15,-11 day ahead inc hosp,quantile,0.25,6540.0,COVID-19
DE,00+,2023-01-26,2023-01-15,-11 day ahead inc hosp,quantile,0.5,6562.0,COVID-19
DE,00+,2023-01-26,2023-01-15,-11 day ahead inc hosp,quantile,0.75,6585.0,COVID-19
DE,00+,2023-01-26,2023-01-15,-11 day ahead inc hosp,quantile,0.9,6608.0,COVID-19
DE,00+,2023-01-26,2023-01-15,-11 day ahead inc hosp,quantile,0.975,6632.0,COVID-19
DE,00+,2023-01-26,2023-01-15,-11 day ahead inc hosp,mean,,6563.707,COVID-19
DE,00+,2023-01-26,2023-01-16,-10 day ahead inc hosp,quantile,0.025,6453.0,COVID-19
DE,00+,2023-01-26,2023-01-16,-10 day ahead inc hosp,quantile,0.1,6474.0,COVID-19
DE,00+,2023-01-26,2023-01-16,-10 day ahead inc hosp,quantile,0.25,6493.0,COVID-19
DE,00+,2023-01-26,2023-01-16,-10 day ahead inc hosp,quantile,0.5,6515.0,COVID-19
DE,00+,2023-01-26,2023-01-16,-10 day ahead inc hosp,quantile,0.75,6538.0,COVID-19
DE,00+,2023-01-26,2023-01-16,-10 day ahead inc hosp,quantile,0.9,6561.0,COVID-19
DE,00+,2023-01-26,2023-01-16,-10 day ahead inc hosp,quantile,0.975,6586.0,COVID-19
DE,00+,2023-01-26,2023-01-16,-10 day ahead inc hosp,mean,,6516.1625,COVID-19
DE,00+,2023-01-26,2023-01-17,-9 day ahead inc hosp,quantile,0.025,5757.0,COVID-19
DE,00+,2023-01-26,2023-01-17,-9 day ahead inc hosp,quantile,0.1,5779.0,COVID-19
DE,00+,2023-01-26,2023-01-17,-9 day ahead inc hosp,quantile,0.25,5800.0,COVID-19
DE,00+,2023-01-26,2023-01-17,-9 day ahead inc hosp,quantile,0.5,5824.0,COVID-19
DE,00+,2023-01-26,2023-01-17,-9 day ahead inc hosp,quantile,0.75,5850.0,COVID-19
DE,00+,2023-01-26,2023-01-17,-9 day ahead inc hosp,quantile,0.9,5876.0,COVID-19
DE,00+,2023-01-26,2023-01-17,-9 day ahead inc hosp,quantile,0.975,5907.025,COVID-19
DE,00+,2023-01-26,2023-01-17,-9 day ahead inc hosp,mean,,5826.29725,COVID-19
DE,00+,2023-01-26,2023-01-18,-8 day ahead inc hosp,quantile,0.025,5374.0,COVID-19
DE,00+,2023-01-26,2023-01-18,-8 day ahead inc hosp,quantile,0.1,5400.0,COVID-19
DE,00+,2023-01-26,2023-01-18,-8 day ahead inc hosp,quantile,0.25,5422.0,COVID-19
DE,00+,2023-01-26,2023-01-18,-8 day ahead inc hosp,quantile,0.5,5450.0,COVID-19
DE,00+,2023-01-26,2023-01-18,-8 day ahead inc hosp,quantile,0.75,5480.0,COVID-19
DE,00+,2023-01-26,2023-01-18,-8 day ahead inc hosp,quantile,0.9,5508.1,COVID-19
DE,00+,2023-01-26,2023-01-18,-8 day ahead inc hosp,quantile,0.975,5545.0,COVID-19
DE,00+,2023-01-26,2023-01-18,-8 day ahead inc hosp,mean,,5452.3335,COVID-19
DE,00+,2023-01-26,2023-01-19,-7 day ahead inc hosp,quantile,0.025,5125.975,COVID-19
DE,00+,2023-01-26,2023-01-19,-7 day ahead inc hosp,quantile,0.1,5155.0,COVID-19
DE,00+,2023-01-26,2023-01-19,-7 day ahead inc hosp,quantile,0.25,5181.0,COVID-19
DE,00+,2023-01-26,2023-01-19,-7 day ahead inc hosp,quantile,0.5,5213.0,COVID-19
DE,00+,2023-01-26,2023-01-19,-7 day ahead inc hosp,quantile,0.75,5247.0,COVID-19
DE,00+,2023-01-26,2023-01-19,-7 day ahead inc hosp,quantile,0.9,5282.0,COVID-19
DE,00+,2023-01-26,2023-01-19,-7 day ahead inc hosp,quantile,0.975,5322.0,COVID-19
DE,00+,2023-01-26,2023-01-19,-7 day ahead inc hosp,mean,,5216.00425,COVID-19
DE,00+,2023-01-26,2023-01-20,-6 day ahead inc hosp,quantile,0.025,5009.0,COVID-19
DE,00+,2023-01-26,2023-01-20,-6 day ahead inc hosp,quantile,0.1,5041.0,COVID-19
DE,00+,2023-01-26,2023-01-20,-6 day ahead inc hosp,quantile,0.25,5074.0,COVID-19
DE,00+,2023-01-26,2023-01-20,-6 day ahead inc hosp,quantile,0.5,5112.0,COVID-19
DE,00+,2023-01-26,2023-01-20,-6 day ahead inc hosp,quantile,0.75,5155.0,COVID-19
DE,00+,2023-01-26,2023-01-20,-6 day ahead inc hosp,quantile,0.9,5196.0,COVID-19
DE,00+,2023-01-26,2023-01-20,-6 day ahead inc hosp,quantile,0.975,5246.0,COVID-19
DE,00+,2023-01-26,2023-01-20,-6 day ahead inc hosp,mean,,5116.274,COVID-19
DE,00+,2023-01-26,2023-01-21,-5 day ahead inc hosp,quantile,0.025,4872.0,COVID-19
DE,00+,2023-01-26,2023-01-21,-5 day ahead inc hosp,quantile,0.1,4916.0,COVID-19
DE,00+,2023-01-26,2023-01-21,-5 day ahead inc hosp,quantile,0.25,4955.0,COVID-19
DE,00+,2023-01-26,2023-01-21,-5 day ahead inc hosp,quantile,0.5,5004.0,COVID-19
DE,00+,2023-01-26,2023-01-21,-5 day ahead inc hosp,quantile,0.75,5056.0,COVID-19
DE,00+,2023-01-26,2023-01-21,-5 day ahead inc hosp,quantile,0.9,5111.0,COVID-19
DE,00+,2023-01-26,2023-01-21,-5 day ahead inc hosp,quantile,0.975,5174.0,COVID-19
DE,00+,2023-01-26,2023-01-21,-5 day ahead inc hosp,mean,,5008.82875,COVID-19
DE,00+,2023-01-26,2023-01-22,-4 day ahead inc hosp,quantile,0.025,4876.0,COVID-19
DE,00+,2023-01-26,2023-01-22,-4 day ahead inc hosp,quantile,0.1,4920.0,COVID-19
DE,00+,2023-01-26,2023-01-22,-4 day ahead inc hosp,quantile,0.25,4962.0,COVID-19
DE,00+,2023-01-26,2023-01-22,-4 day ahead inc hosp,quantile,0.5,5014.0,COVID-19
DE,00+,2023-01-26,2023-01-22,-4 day ahead inc hosp,quantile,0.75,5071.0,COVID-19
DE,00+,2023-01-26,2023-01-22,-4 day ahead inc hosp,quantile,0.9,5130.0,COVID-19
DE,00+,2023-01-26,2023-01-22,-4 day ahead inc hosp,quantile,0.975,5194.025,COVID-19
DE,00+,2023-01-26,2023-01-22,-4 day ahead inc hosp,mean,,5020.57425,COVID-19
DE,00+,2023-01-26,2023-01-23,-3 day ahead inc hosp,quantile,0.025,4895.0,COVID-19
DE,00+,2023-01-26,2023-01-23,-3 day ahead inc hosp,quantile,0.1,4944.0,COVID-19
DE,00+,2023-01-26,2023-01-23,-3 day ahead inc hosp,quantile,0.25,4986.0,COVID-19
DE,00+,2023-01-26,2023-01-23,-3 day ahead inc hosp,quantile,0.5,5041.0,COVID-19
DE,00+,2023-01-26,2023-01-23,-3 day ahead inc hosp,quantile,0.75,5099.0,COVID-19
DE,00+,2023-01-26,2023-01-23,-3 day ahead inc hosp,quantile,0.9,5161.0,COVID-19
DE,00+,2023-01-26,2023-01-23,-3 day ahead inc hosp,quantile,0.975,5230.025,COVID-19
DE,00+,2023-01-26,2023-01-23,-3 day ahead inc hosp,mean,,5046.7775,COVID-19
DE,00+,2023-01-26,2023-01-24,-2 day ahead inc hosp,quantile,0.025,4681.0,COVID-19
DE,00+,2023-01-26,2023-01-24,-2 day ahead inc hosp,quantile,0.1,4738.0,COVID-19
DE,00+,2023-01-26,2023-01-24,-2 day ahead inc hosp,quantile,0.25,4804.0,COVID-19
DE,00+,2023-01-26,2023-01-24,-2 day ahead inc hosp,quantile,0.5,4886.0,COVID-19
DE,00+,2023-01-26,2023-01-24,-2 day ahead inc hosp,quantile,0.75,4979.25,COVID-19
DE,00+,2023-01-26,2023-01-24,-2 day ahead inc hosp,quantile,0.9,5073.0,COVID-19
DE,00+,2023-01-26,2023-01-24,-2 day ahead inc hosp,quantile,0.975,5187.0,COVID-19
DE,00+,2023-01-26,2023-01-24,-2 day ahead inc hosp,mean,,4899.34125,COVID-19
DE,00+,2023-01-26,2023-01-25,-1 day ahead inc hosp,quantile,0.025,4750.975,COVID-19
DE,00+,2023-01-26,2023-01-25,-1 day ahead inc hosp,quantile,0.1,4853.0,COVID-19
DE,00+,2023-01-26,2023-01-25,-1 day ahead inc hosp,quantile,0.25,4960.0,COVID-19
DE,00+,2023-01-26,2023-01-25,-1 day ahead inc hosp,quantile,0.5,5094.0,COVID-19
DE,00+,2023-01-26,2023-01-25,-1 day ahead inc hosp,quantile,0.75,5260.0,COVID-19
DE,00+,2023-01-26,2023-01-25,-1 day ahead inc hosp,quantile,0.9,5447.0,COVID-19
DE,00+,2023-01-26,2023-01-25,-1 day ahead inc hosp,quantile,0.975,5679.025,COVID-19
DE,00+,2023-01-26,2023-01-25,-1 day ahead inc hosp,mean,,5127.31725,COVID-19
DE,00+,2023-01-26,2023-01-26,0 day ahead inc hosp,quantile,0.025,4675.975,COVID-19
DE,00+,2023-01-26,2023-01-26,0 day ahead inc hosp,quantile,0.1,4834.9,COVID-19
DE,00+,2023-01-26,2023-01-26,0 day ahead inc hosp,quantile,0.25,5026.0,COVID-19
DE,00+,2023-01-26,2023-01-26,0 day ahead inc hosp,quantile,0.5,5290.5,COVID-19
DE,00+,2023-01-26,2023-01-26,0 day ahead inc hosp,quantile,0.75,5649.25,COVID-19
DE,00+,2023-01-26,2023-01-26,0 day ahead inc hosp,quantile,0.9,6047.1,COVID-19
DE,00+,2023-01-26,2023-01-26,0 day ahead inc hosp,quantile,0.975,6706.250000000001,COVID-19
DE,00+,2023-01-26,2023-01-26,0 day ahead inc hosp,mean,,5393.24525,COVID-19
DE,00-04,2023-01-26,2022-12-29,-28 day ahead inc hosp,quantile,0.025,183.0,COVID-19
DE,00-04,2023-01-26,2022-12-29,-28 day ahead inc hosp,quantile,0.1,183.0,COVID-19
DE,00-04,2023-01-26,2022-12-29,-28 day ahead inc hosp,quantile,0.25,183.0,COVID-19
DE,00-04,2023-01-26,2022-12-29,-28 day ahead inc hosp,quantile,0.5,184.0,COVID-19
DE,00-04,2023-01-26,2022-12-29,-28 day ahead inc hosp,quantile,0.75,185.0,COVID-19
DE,00-04,2023-01-26,2022-12-29,-28 day ahead inc hosp,quantile,0.9,186.0,COVID-19
DE,00-04,2023-01-26,2022-12-29,-28 day ahead inc hosp,quantile,0.975,187.0,COVID-19
DE,00-04,2023-01-26,2022-12-29,-28 day ahead inc hosp,mean,,184.32725,COVID-19
DE,00-04,2023-01-26,2022-12-30,-27 day ahead inc hosp,quantile,0.025,197.0,COVID-19
DE,00-04,2023-01-26,2022-12-30,-27 day ahead inc hosp,quantile,0.1,197.0,COVID-19
DE,00-04,2023-01-26,2022-12-30,-27 day ahead inc hosp,quantile,0.25,198.0,COVID-19
DE,00-04,2023-01-26,2022-12-30,-27 day ahead inc hosp,quantile,0.5,199.0,COVID-19
DE,00-04,2023-01-26,2022-12-30,-27 day ahead inc hosp,quantile,0.75,200.0,COVID-19
DE,00-04,2023-01-26,2022-12-30,-27 day ahead inc hosp,quantile,0.9,201.0,COVID-19
DE,00-04,2023-01-26,2022-12-30,-27 day ahead inc hosp,quantile,0.975,203.0,COVID-19
DE,00-04,2023-01-26,2022-12-30,-27 day ahead inc hosp,mean,,199.162,COVID-19
DE,00-04,2023-01-26,2022-12-31,-26 day ahead inc hosp,quantile,0.025,190.0,COVID-19
DE,00-04,2023-01-26,2022-12-31,-26 day ahead inc hosp,quantile,0.1,190.0,COVID-19
DE,00-04,2023-01-26,2022-12-31,-26 day ahead inc hosp,quantile,0.25,191.0,COVID-19
DE,00-04,2023-01-26,2022-12-31,-26 day ahead inc hosp,quantile,0.5,192.0,COVID-19
DE,00-04,2023-01-26,2022-12-31,-26 day ahead inc hosp,quantile,0.75,194.0,COVID-19
DE,00-04,2023-01-26,2022-12-31,-26 day ahead inc hosp,quantile,0.9,195.0,COVID-19
DE,00-04,2023-01-26,2022-12-31,-26 day ahead inc hosp,quantile,0.975,197.0,COVID-19
DE,00-04,2023-01-26,2022-12-31,-26 day ahead inc hosp,mean,,192.52225,COVID-19
DE,00-04,2023-01-26,2023-01-01,-25 day ahead inc hosp,quantile,0.025,189.0,COVID-19
DE,00-04,2023-01-26,2023-01-01,-25 day ahead inc hosp,quantile,0.1,189.0,COVID-19
DE,00-04,2023-01-26,2023-01-01,-25 day ahead inc hosp,quantile,0.25,190.0,COVID-19
DE,00-04,2023-01-26,2023-01-01,-25 day ahead inc hosp,quantile,0.5,191.0,COVID-19
DE,00-04,2023-01-26,2023-01-01,-25 day ahead inc hosp,quantile,0.75,193.0,COVID-19
DE,00-04,2023-01-26,2023-01-01,-25 day ahead inc hosp,quantile,0.9,194.0,COVID-19
DE,00-04,2023-01-26,2023-01-01,-25 day ahead inc hosp,quantile,0.975,196.0,COVID-19
DE,00-04,2023-01-26,2023-01-01,-25 day ahead inc hosp,mean,,191.63625,COVID-19
DE,00-04,2023-01-26,2023-01-02,-24 day ahead inc hosp,quantile,0.025,186.0,COVID-19
DE,00-04,2023-01-26,2023-01-02,-24 day ahead inc hosp,quantile,0.1,187.0,COVID-19
DE,00-04,2023-01-26,2023-01-02,-24 day ahead inc hosp,quantile,0.25,187.0,COVID-19
DE,00-04,2023-01-26,2023-01-02,-24 day ahead inc hosp,quantile,0.5,188.0,COVID-19
DE,00-04,2023-01-26,2023-01-02,-24 day ahead inc hosp,quantile,0.75,190.0,COVID-19
DE,00-04,2023-01-26,2023-01-02,-24 day ahead inc hosp,quantile,0.9,191.0,COVID-19
DE,00-04,2023-01-26,2023-01-02,-24 day ahead inc hosp,quantile,0.975,193.0,COVID-19
DE,00-04,2023-01-26,2023-01-02,-24 day ahead inc hosp,mean,,188.70625,COVID-19
DE,00-04,2023-01-26,2023-01-03,-23 day ahead inc hosp,quantile,0.025,216.0,COVID-19
DE,00-04,2023-01-26,2023-01-03,-23 day ahead inc hosp,quantile,0.1,217.0,COVID-19
DE,00-04,2023-01-26,2023-01-03,-23 day ahead inc hosp,quantile,0.25,218.0,COVID-19
DE,00-04,2023-01-26,2023-01-03,-23 day ahead inc hosp,quantile,0.5,219.0,COVID-19
DE,00-04,2023-01-26,2023-01-03,-23 day ahead inc hosp,quantile,0.75,220.0,COVID-19
DE,00-04,2023-01-26,2023-01-03,-23 day ahead inc hosp,quantile,0.9,222.0,COVID-19
DE,00-04,2023-01-26,2023-01-03,-23 day ahead inc hosp,quantile,0.975,224.0,COVID-19
DE,00-04,2023-01-26,2023-01-03,-23 day ahead inc hosp,mean,,219.07875,COVID-19
DE,00-04,2023-01-26,2023-01-04,-22 day ahead inc hosp,quantile,0.025,183.0,COVID-19
DE,00-04,2023-01-26,2023-01-04,-22 day ahead inc hosp,quantile,0.1,184.0,COVID-19
DE,00-04,2023-01-26,2023-01-04,-22 day ahead inc hosp,quantile,0.25,185.0,COVID-19
DE,00-04,2023-01-26,2023-01-04,-22 day ahead inc hosp,quantile,0.5,186.0,COVID-19
DE,00-04,2023-01-26,2023-01-04,-22 day ahead inc hosp,quantile,0.75,188.0,COVID-19
DE,00-04,2023-01-26,2023-01-04,-22 day ahead inc hosp,quantile,0.9,189.0,COVID-19
DE,00-04,2023-01-26,2023-01-04,-22 day ahead inc hosp,quantile,0.975,191.0,COVID-19
DE,00-04,2023-01-26,2023-01-04,-22 day ahead inc hosp,mean,,186.263,COVID-19
DE,00-04,2023-01-26,2023-01-05,-21 day ahead inc hosp,quantile,0.025,162.0,COVID-19
DE,00-04,2023-01-26,2023-01-05,-21 day ahead inc hosp,quantile,0.1,163.0,COVID-19
DE,00-04,2023-01-26,2023-01-05,-21 day ahead inc hosp,quantile,0.25,164.0,COVID-19
DE,00-04,2023-01-26,2023-01-05,-21 day ahead inc hosp,quantile,0.5,165.0,COVID-19
DE,00-04,2023-01-26,2023-01-05,-21 day ahead inc hosp,quantile,0.75,167.0,COVID-19
DE,00-04,2023-01-26,2023-01-05,-21 day ahead inc hosp,quantile,0.9,168.0,COVID-19
DE,00-04,2023-01-26,2023-01-05,-21 day ahead inc hosp,quantile,0.975,170.0,COVID-19
DE,00-04,2023-01-26,2023-01-05,-21 day ahead inc hosp,mean,,165.3385,COVID-19
DE,00-04,2023-01-26,2023-01-06,-20 day ahead inc hosp,quantile,0.025,151.0,COVID-19
DE,00-04,2023-01-26,2023-01-06,-20 day ahead inc hosp,quantile,0.1,152.0,COVID-19
DE,00-04,2023-01-26,2023-01-06,-20 day ahead inc hosp,quantile,0.25,153.0,COVID-19
DE,00-04,2023-01-26,2023-01-06,-20 day ahead inc hosp,quantile,0.5,154.0,COVID-19
DE,00-04,2023-01-26,2023-01-06,-20 day ahead inc hosp,quantile,0.75,156.0,COVID-19
DE,00-04,2023-01-26,2023-01-06,-20 day ahead inc hosp,quantile,0.9,157.0,COVID-19
DE,00-04,2023-01-26,2023-01-06,-20 day ahead inc hosp,quantile,0.975,159.0,COVID-19
DE,00-04,2023-01-26,2023-01-06,-20 day ahead inc hosp,mean,,154.34,COVID-19
DE,00-04,2023-01-26,2023-01-07,-19 day ahead inc hosp,quantile,0.025,147.0,COVID-19
DE,00-04,2023-01-26,2023-01-07,-19 day ahead inc hosp,quantile,0.1,148.0,COVID-19
DE,00-04,2023-01-26,2023-01-07,-19 day ahead inc hosp,quantile,0.25,149.0,COVID-19
DE,00-04,2023-01-26,2023-01-07,-19 day ahead inc hosp,quantile,0.5,150.0,COVID-19
DE,00-04,2023-01-26,2023-01-07,-19 day ahead inc hosp,quantile,0.75,152.0,COVID-19
DE,00-04,2023-01-26,2023-01-07,-19 day ahead inc hosp,quantile,0.9,153.0,COVID-19
DE,00-04,2023-01-26,2023-01-07,-19 day ahead inc hosp,quantile,0.975,155.0,COVID-19
DE,00-04,2023-01-26,2023-01-07,-19 day ahead inc hosp,mean,,150.471,COVID-19
DE,00-04,2023-01-26,2023-01-08,-18 day ahead inc hosp,quantile,0.025,145.0,COVID-19
DE,00-04,2023-01-26,2023-01-08,-18 day ahead inc hosp,quantile,0.1,146.0,COVID-19
DE,00-04,2023-01-26,2023-01-08,-18 day ahead inc hosp,quantile,0.25,147.0,COVID-19
DE,00-04,2023-01-26,2023-01-08,-18 day ahead inc hosp,quantile,0.5,148.0,COVID-19
DE,00-04,2023-01-26,2023-01-08,-18 day ahead inc hosp,quantile,0.75,150.0,COVID-19
DE,00-04,2023-01-26,2023-01-08,-18 day ahead inc hosp,quantile,0.9,152.0,COVID-19
DE,00-04,2023-01-26,2023-01-08,-18 day ahead inc hosp,quantile,0.975,153.0,COVID-19
DE,00-04,2023-01-26,2023-01-08,-18 day ahead inc hosp,mean,,148.57475,COVID-19
DE,00-04,2023-01-26,2023-01-09,-17 day ahead inc hosp,quantile,0.025,144.0,COVID-19
DE,00-04,2023-01-26,2023-01-09,-17 day ahead inc hosp,quantile,0.1,145.0,COVID-19
DE,00-04,2023-01-26,2023-01-09,-17 day ahead inc hosp,quantile,0.25,146.0,COVID-19
DE,00-04,2023-01-26,2023-01-09,-17 day ahead inc hosp,quantile,0.5,147.0,COVID-19
DE,00-04,2023-01-26,2023-01-09,-17 day ahead inc hosp,quantile,0.75,149.0,COVID-19
DE,00-04,2023-01-26,2023-01-09,-17 day ahead inc hosp,quantile,0.9,151.0,COVID-19
DE,00-04,2023-01-26,2023-01-09,-17 day ahead inc hosp,quantile,0.975,153.0,COVID-19
DE,00-04,2023-01-26,2023-01-09,-17 day ahead inc hosp,mean,,147.64875,COVID-19
DE,00-04,2023-01-26,2023-01-10,-16 day ahead inc hosp,quantile,0.025,148.97500000000002,COVID-19
DE,00-04,2023-01-26,2023-01-10,-16 day ahead inc hosp,quantile,0.1,149.0,COVID-19
DE,00-04,2023-01-26,2023-01-10,-16 day ahead inc hosp,quantile,0.25,150.0,COVID-19
DE,00-04,2023-01-26,2023-01-10,-16 day ahead inc hosp,quantile,0.5,152.0,COVID-19
DE,00-04,2023-01-26,2023-01-10,-16 day ahead inc hosp,quantile,0.75,153.0,COVID-19
DE,00-04,2023-01-26,2023-01-10,-16 day ahead inc hosp,quantile,0.9,155.0,COVID-19
DE,00-04,2023-01-26,2023-01-10,-16 day ahead inc hosp,quantile,0.975,157.0,COVID-19
DE,00-04,2023-01-26,2023-01-10,-16 day ahead inc hosp,mean,,152.07,COVID-19
DE,00-04,2023-01-26,2023-01-11,-15 day ahead inc hosp,quantile,0.025,143.0,COVID-19
DE,00-04,2023-01-26,2023-01-11,-15 day ahead inc hosp,quantile,0.1,144.0,COVID-19
DE,00-04,2023-01-26,2023-01-11,-15 day ahead inc hosp,quantile,0.25,145.0,COVID-19
DE,00-04,2023-01-26,2023-01-11,-15 day ahead inc hosp,quantile,0.5,146.0,COVID-19
DE,00-04,2023-01-26,2023-01-11,-15 day ahead inc hosp,quantile,0.75,148.0,COVID-19
DE,00-04,2023-01-26,2023-01-11,-15 day ahead inc hosp,quantile,0.9,149.0,COVID-19
DE,00-04,2023-01-26,2023-01-11,-15 day ahead inc hosp,quantile,0.975,152.0,COVID-19
DE,00-04,2023-01-26,2023-01-11,-15 day ahead inc hosp,mean,,146.3185,COVID-19
DE,00-04,2023-01-26,2023-01-12,-14 day ahead inc hosp,quantile,0.025,137.0,COVID-19
DE,00-04,2023-01-26,2023-01-12,-14 day ahead inc hosp,quantile,0.1,138.0,COVID-19
DE,00-04,2023-01-26,2023-01-12,-14 day ahead inc hosp,quantile,0.25,139.0,COVID-19
DE,00-04,2023-01-26,2023-01-12,-14 day ahead inc hosp,quantile,0.5,140.0,COVID-19
DE,00-04,2023-01-26,2023-01-12,-14 day ahead inc hosp,quantile,0.75,142.0,COVID-19
DE,00-04,2023-01-26,2023-01-12,-14 day ahead inc hosp,quantile,0.9,144.0,COVID-19
DE,00-04,2023-01-26,2023-01-12,-14 day ahead inc hosp,quantile,0.975,146.0,COVID-19
DE,00-04,2023-01-26,2023-01-12,-14 day ahead inc hosp,mean,,140.65925,COVID-19
DE,00-04,2023-01-26,2023-01-13,-13 day ahead inc hosp,quantile,0.025,127.0,COVID-19
DE,00-04,2023-01-26,2023-01-13,-13 day ahead inc hosp,quantile,0.1,128.0,COVID-19
DE,00-04,2023-01-26,2023-01-13,-13 day ahead inc hosp,quantile,0.25,129.0,COVID-19
DE,00-04,2023-01-26,2023-01-13,-13 day ahead inc hosp,quantile,0.5,131.0,COVID-19
DE,00-04,2023-01-26,2023-01-13,-13 day ahead inc hosp,quantile,0.75,132.0,COVID-19
DE,00-04,2023-01-26,2023-01-13,-13 day ahead inc hosp,quantile,0.9,134.0,COVID-19
DE,00-04,2023-01-26,2023-01-13,-13 day ahead inc hosp,quantile,0.975,136.0,COVID-19
DE,00-04,2023-01-26,2023-01-13,-13 day ahead inc hosp,mean,,130.832,COVID-19
DE,00-04,2023-01-26,2023-01-14,-12 day ahead inc hosp,quantile,0.025,126.0,COVID-19
DE,00-04,2023-01-26,2023-01-14,-12 day ahead inc hosp,quantile,0.1,127.0,COVID-19
DE,00-04,2023-01-26,2023-01-14,-12 day ahead inc hosp,quantile,0.25,129.0,COVID-19
DE,00-04,2023-01-26,2023-01-14,-12 day ahead inc hosp,quantile,0.5,130.0,COVID-19
DE,00-04,2023-01-26,2023-01-14,-12 day ahead inc hosp,quantile,0.75,132.0,COVID-19
DE,00-04,2023-01-26,2023-01-14,-12 day ahead inc hosp,quantile,0.9,134.0,COVID-19
DE,00-04,2023-01-26,2023-01-14,-12 day ahead inc hosp,quantile,0.975,136.0,COVID-19
DE,00-04,2023-01-26,2023-01-14,-12 day ahead inc hosp,mean,,130.49025,COVID-19
DE,00-04,2023-01-26,2023-01-15,-11 day ahead inc hosp,quantile,0.025,123.0,COVID-19
DE,00-04,2023-01-26,2023-01-15,-11 day ahead inc hosp,quantile,0.1,125.0,COVID-19
DE,00-04,2023-01-26,2023-01-15,-11 day ahead inc hosp,quantile,0.25,126.0,COVID-19
DE,00-04,2023-01-26,2023-01-15,-11 day ahead inc hosp,quantile,0.5,128.0,COVID-19
DE,00-04,2023-01-26,2023-01-15,-11 day ahead inc hosp,quantile,0.75,129.0,COVID-19
DE,00-04,2023-01-26,2023-01-15,-11 day ahead inc hosp,quantile,0.9,131.0,COVID-19
DE,00-04,2023-01-26,2023-01-15,-11 day ahead inc hosp,quantile,0.975,134.0,COVID-19
DE,00-04,2023-01-26,2023-01-15,-11 day ahead inc hosp,mean,,127.77025,COVID-19
DE,00-04,2023-01-26,2023-01-16,-10 day ahead inc hosp,quantile,0.025,126.0,COVID-19
DE,00-04,2023-01-26,2023-01-16,-10 day ahead inc hosp,quantile,0.1,127.0,COVID-19
DE,00-04,2023-01-26,2023-01-16,-10 day ahead inc hosp,quantile,0.25,128.0,COVID-19
DE,00-04,2023-01-26,2023-01-16,-10 day ahead inc hosp,quantile,0.5,130.0,COVID-19
DE,00-04,2023-01-26,2023-01-16,-10 day ahead inc hosp,quantile,0.75,132.0,COVID-19
DE,00-04,2023-01-26,2023-01-16,-10 day ahead inc hosp,quantile,0.9,134.0,COVID-19
DE,00-04,2023-01-26,2023-01-16,-10 day ahead inc hosp,quantile,0.975,136.0,COVID-19
DE,00-04,2023-01-26,2023-01-16,-10 day ahead inc hosp,mean,,130.07225,COVID-19
DE,00-04,2023-01-26,2023-01-17,-9 day ahead inc hosp,quantile,0.025,125.0,COVID-19
DE,00-04,2023-01-26,2023-01-17,-9 day ahead inc hosp,quantile,0.1,127.0,COVID-19
DE,00-04,2023-01-26,2023-01-17,-9 day ahead inc hosp,quantile,0.25,128.0,COVID-19
DE,00-04,2023-01-26,2023-01-17,-9 day ahead inc hosp,quantile,0.5,130.0,COVID-19
DE,00-04,2023-01-26,2023-01-17,-9 day ahead inc hosp,quantile,0.75,132.0,COVID-19
DE,00-04,2023-01-26,2023-01-17,-9 day ahead inc hosp,quantile,0.9,134.0,COVID-19
DE,00-04,2023-01-26,2023-01-17,-9 day ahead inc hosp,quantile,0.975,137.0,COVID-19
DE,00-04,2023-01-26,2023-01-17,-9 day ahead inc hosp,mean,,130.0705,COVID-19
DE,00-04,2023-01-26,2023-01-18,-8 day ahead inc hosp,quantile,0.025,126.0,COVID-19
DE,00-04,2023-01-26,2023-01-18,-8 day ahead inc hosp,quantile,0.1,128.0,COVID-19
DE,00-04,2023-01-26,2023-01-18,-8 day ahead inc hosp,quantile,0.25,130.0,COVID-19
DE,00-04,2023-01-26,2023-01-18,-8 day ahead inc hosp,quantile,0.5,131.0,COVID-19
DE,00-04,2023-01-26,2023-01-18,-8 day ahead inc hosp,quantile,0.75,134.0,COVID-19
DE,00-04,2023-01-26,2023-01-18,-8 day ahead inc hosp,quantile,0.9,136.0,COVID-19
DE,00-04,2023-01-26,2023-01-18,-8 day ahead inc hosp,quantile,0.975,138.0,COVID-19
DE,00-04,2023-01-26,2023-01-18,-8 day ahead inc hosp,mean,,131.735,COVID-19
DE,00-04,2023-01-26,2023-01-19,-7 day ahead inc hosp,quantile,0.025,120.0,COVID-19
DE,00-04,2023-01-26,2023-01-19,-7 day ahead inc hosp,quantile,0.1,122.0,COVID-19
DE,00-04,2023-01-26,2023-01-19,-7 day ahead inc hosp,quantile,0.25,123.0,COVID-19
DE,00-04,2023-01-26,2023-01-19,-7 day ahead inc hosp,quantile,0.5,125.0,COVID-19
DE,00-04,2023-01-26,2023-01-19,-7 day ahead inc hosp,quantile,0.75,127.0,COVID-19
DE,00-04,2023-01-26,2023-01-19,-7 day ahead inc hosp,quantile,0.9,130.0,COVID-19
DE,00-04,2023-01-26,2023-01-19,-7 day ahead inc hosp,quantile,0.975,132.0,COVID-19
DE,00-04,2023-01-26,2023-01-19,-7 day ahead inc hosp,mean,,125.42425,COVID-19
DE,00-04,2023-01-26,2023-01-20,-6 day ahead inc hosp,quantile,0.025,121.0,COVID-19
DE,00-04,2023-01-26,2023-01-20,-6 day ahead inc hosp,quantile,0.1,123.0,COVID-19
DE,00-04,2023-01-26,2023-01-20,-6 day ahead inc hosp,quantile,0.25,125.0,COVID-19
DE,00-04,2023-01-26,2023-01-20,-6 day ahead inc hosp,quantile,0.5,127.0,COVID-19
DE,00-04,2023-01-26,2023-01-20,-6 day ahead inc hosp,quantile,0.75,130.0,COVID-19
DE,00-04,2023-01-26,2023-01-20,-6 day ahead inc hosp,quantile,0.9,133.0,COVID-19
DE,00-04,2023-01-26,2023-01-20,-6 day ahead inc hosp,quantile,0.975,136.0,COVID-19
DE,00-04,2023-01-26,2023-01-20,-6 day ahead inc hosp,mean,,127.73825,COVID-19
DE,00-04,2023-01-26,2023-01-21,-5 day ahead inc hosp,quantile,0.025,132.0,COVID-19
DE,00-04,2023-01-26,2023-01-21,-5 day ahead inc hosp,quantile,0.1,135.0,COVID-19
DE,00-04,2023-01-26,2023-01-21,-5 day ahead inc hosp,quantile,0.25,137.0,COVID-19
DE,00-04,2023-01-26,2023-01-21,-5 day ahead inc hosp,quantile,0.5,140.0,COVID-19
DE,00-04,2023-01-26,2023-01-21,-5 day ahead inc hosp,quantile,0.75,143.0,COVID-19
DE,00-04,2023-01-26,2023-01-21,-5 day ahead inc hosp,quantile,0.9,147.0,COVID-19
DE,00-04,2023-01-26,2023-01-21,-5 day ahead inc hosp,quantile,0.975,150.0,COVID-19
DE,00-04,2023-01-26,2023-01-21,-5 day ahead inc hosp,mean,,140.3565,COVID-19
DE,00-04,2023-01-26,2023-01-22,-4 day ahead inc hosp,quantile,0.025,138.0,COVID-19
DE,00-04,2023-01-26,2023-01-22,-4 day ahead inc hosp,quantile,0.1,140.0,COVID-19
DE,00-04,2023-01-26,2023-01-22,-4 day ahead inc hosp,quantile,0.25,143.0,COVID-19
DE,00-04,2023-01-26,2023-01-22,-4 day ahead inc hosp,quantile,0.5,146.0,COVID-19
DE,00-04,2023-01-26,2023-01-22,-4 day ahead inc hosp,quantile,0.75,150.0,COVID-19
DE,00-04,2023-01-26,2023-01-22,-4 day ahead inc hosp,quantile,0.9,154.0,COVID-19
DE,00-04,2023-01-26,2023-01-22,-4 day ahead inc hosp,quantile,0.975,158.0,COVID-19
DE,00-04,2023-01-26,2023-01-22,-4 day ahead inc hosp,mean,,146.722,COVID-19
DE,00-04,2023-01-26,2023-01-23,-3 day ahead inc hosp,quantile,0.025,138.0,COVID-19
DE,00-04,2023-01-26,2023-01-23,-3 day ahead inc hosp,quantile,0.1,140.0,COVID-19
DE,00-04,2023-01-26,2023-01-23,-3 day ahead inc hosp,quantile,0.25,143.0,COVID-19
DE,00-04,2023-01-26,2023-01-23,-3 day ahead inc hosp,quantile,0.5,147.0,COVID-19
DE,00-04,2023-01-26,2023-01-23,-3 day ahead inc hosp,quantile,0.75,150.0,COVID-19
DE,00-04,2023-01-26,2023-01-23,-3 day ahead inc hosp,quantile,0.9,154.0,COVID-19
DE,00-04,2023-01-26,2023-01-23,-3 day ahead inc hosp,quantile,0.975,158.0250000000001,COVID-19
DE,00-04,2023-01-26,2023-01-23,-3 day ahead inc hosp,mean,,147.107,COVID-19
DE,00-04,2023-01-26,2023-01-24,-2 day ahead inc hosp,quantile,0.025,132.0,COVID-19
DE,00-04,2023-01-26,2023-01-24,-2 day ahead inc hosp,quantile,0.1,135.0,COVID-19
DE,00-04,2023-01-26,2023-01-24,-2 day ahead inc hosp,quantile,0.25,138.0,COVID-19
DE,00-04,2023-01-26,2023-01-24,-2 day ahead inc hosp,quantile,0.5,142.0,COVID-19
DE,00-04,2023-01-26,2023-01-24,-2 day ahead inc hosp,quantile,0.75,146.0,COVID-19
DE,00-04,2023-01-26,2023-01-24,-2 day ahead inc hosp,quantile,0.9,150.0,COVID-19
DE,00-04,2023-01-26,2023-01-24,-2 day ahead inc hosp,quantile,0.975,155.0,COVID-19
DE,00-04,2023-01-26,2023-01-24,-2 day ahead inc hosp,mean,,142.18025,COVID-19
DE,00-04,2023-01-26,2023-01-25,-1 day ahead inc hosp,quantile,0.025,132.0,COVID-19
DE,00-04,2023-01-26,2023-01-25,-1 day ahead inc hosp,quantile,0.1,136.0,COVID-19
DE,00-04,2023-01-26,2023-01-25,-1 day ahead inc hosp,quantile,0.25,140.0,COVID-19
DE,00-04,2023-01-26,2023-01-25,-1 day ahead inc hosp,quantile,0.5,144.0,COVID-19
DE,00-04,2023-01-26,2023-01-25,-1 day ahead inc hosp,quantile,0.75,149.0,COVID-19
DE,00-04,2023-01-26,2023-01-25,-1 day ahead inc hosp,quantile,0.9,154.0,COVID-19
DE,00-04,2023-01-26,2023-01-25,-1 day ahead inc hosp,quantile,0.975,160.0,COVID-19
DE,00-04,2023-01-26,2023-01-25,-1 day ahead inc hosp,mean,,144.4895,COVID-19
DE,00-04,2023-01-26,2023-01-26,0 day ahead inc hosp,quantile,0.025,137.0,COVID-19
DE,00-04,2023-01-26,2023-01-26,0 day ahead inc hosp,quantile,0.1,142.0,COVID-19
DE,00-04,2023-01-26,2023-01-26,0 day ahead inc hosp,quantile,0.25,148.0,COVID-19
DE,00-04,2023-01-26,2023-01-26,0 day ahead inc hosp,quantile,0.5,155.0,COVID-19
DE,00-04,2023-01-26,2023-01-26,0 day ahead inc hosp,quantile,0.75,163.0,COVID-19
DE,00-04,2023-01-26,2023-01-26,0 day ahead inc hosp,quantile,0.9,171.0,COVID-19
DE,00-04,2023-01-26,2023-01-26,0 day ahead inc hosp,quantile,0.975,182.0,COVID-19
DE,00-04,2023-01-26,2023-01-26,0 day ahead inc hosp,mean,,155.893,COVID-19
DE,05-14,2023-01-26,2022-12-29,-28 day ahead inc hosp,quantile,0.025,40.0,COVID-19
DE,05-14,2023-01-26,2022-12-29,-28 day ahead inc hosp,quantile,0.1,40.0,COVID-19
DE,05-14,2023-01-26,2022-12-29,-28 day ahead inc hosp,quantile,0.25,40.0,COVID-19
DE,05-14,2023-01-26,2022-12-29,-28 day ahead inc hosp,quantile,0.5,40.0,COVID-19
DE,05-14,2023-01-26,2022-12-29,-28 day ahead inc hosp,quantile,0.75,40.0,COVID-19
DE,05-14,2023-01-26,2022-12-29,-28 day ahead inc hosp,quantile,0.9,40.0,COVID-19
DE,05-14,2023-01-26,2022-12-29,-28 day ahead inc hosp,quantile,0.975,40.0,COVID-19
DE,05-14,2023-01-26,2022-12-29,-28 day ahead inc hosp,mean,,40.001,COVID-19
DE,05-14,2023-01-26,2022-12-30,-27 day ahead inc hosp,quantile,0.025,39.0,COVID-19
DE,05-14,2023-01-26,2022-12-30,-27 day ahead inc hosp,quantile,0.1,39.0,COVID-19
DE,05-14,2023-01-26,2022-12-30,-27 day ahead inc hosp,quantile,0.25,39.0,COVID-19
DE,05-14,2023-01-26,2022-12-30,-27 day ahead inc hosp,quantile,0.5,39.0,COVID-19
DE,05-14,2023-01-26,2022-12-30,-27 day ahead inc hosp,quantile,0.75,39.0,COVID-19
DE,05-14,2023-01-26,2022-12-30,-27 day ahead inc hosp,quantile,0.9,39.0,COVID-19
DE,05-14,2023-01-26,2022-12-30,-27 day ahead inc hosp,quantile,0.975,39.0,COVID-19
DE,05-14,2023-01-26,2022-12-30,-27 day ahead inc hosp,mean,,39.0015,COVID-19
DE,05-14,2023-01-26,2022-12-31,-26 day ahead inc hosp,quantile,0.025,41.0,COVID-19
DE,05-14,2023-01-26,2022-12-31,-26 day ahead inc hosp,quantile,0.1,41.0,COVID-19
DE,05-14,2023-01-26,2022-12-31,-26 day ahead inc hosp,quantile,0.25,41.0,COVID-19
DE,05-14,2023-01-26,2022-12-31,-26 day ahead inc hosp,quantile,0.5,41.0,COVID-19
DE,05-14,2023-01-26,2022-12-31,-26 day ahead inc hosp,quantile,0.75,41.0,COVID-19
DE,05-14,2023-01-26,2022-12-31,-26 day ahead inc hosp,quantile,0.9,41.0,COVID-19
DE,05-14,2023-01-26,2022-12-31,-26 day ahead inc hosp,quantile,0.975,41.0,COVID-19
DE,05-14,2023-01-26,2022-12-31,-26 day ahead inc hosp,mean,,41.00225,COVID-19
DE,05-14,2023-01-26,2023-01-01,-25 day ahead inc hosp,quantile,0.025,42.0,COVID-19
DE,05-14,2023-01-26,2023-01-01,-25 day ahead inc hosp,quantile,0.1,42.0,COVID-19
DE,05-14,2023-01-26,2023-01-01,-25 day ahead inc hosp,quantile,0.25,42.0,COVID-19
DE,05-14,2023-01-26,2023-01-01,-25 day ahead inc hosp,quantile,0.5,42.0,COVID-19
DE,05-14,2023-01-26,2023-01-01,-25 day ahead inc hosp,quantile,0.75,42.0,COVID-19
DE,05-14,2023-01-26,2023-01-01,-25 day ahead inc hosp,quantile,0.9,42.0,COVID-19
DE,05-14,2023-01-26,2023-01-01,-25 day ahead inc hosp,quantile,0.975,42.0,COVID-19
DE,05-14,2023-01-26,2023-01-01,-25 day ahead inc hosp,mean,,42.00475,COVID-19
DE,05-14,2023-01-26,2023-01-02,-24 day ahead inc hosp,quantile,0.025,44.0,COVID-19
DE,05-14,2023-01-26,2023-01-02,-24 day ahead inc hosp,quantile,0.1,44.0,COVID-19
DE,05-14,2023-01-26,2023-01-02,-24 day ahead inc hosp,quantile,0.25,44.0,COVID-19
DE,05-14,2023-01-26,2023-01-02,-24 day ahead inc hosp,quantile,0.5,44.0,COVID-19
DE,05-14,2023-01-26,2023-01-02,-24 day ahead inc hosp,quantile,0.75,44.0,COVID-19
DE,05-14,2023-01-26,2023-01-02,-24 day ahead inc hosp,quantile,0.9,44.0,COVID-19
DE,05-14,2023-01-26,2023-01-02,-24 day ahead inc hosp,quantile,0.975,44.0,COVID-19
DE,05-14,2023-01-26,2023-01-02,-24 day ahead inc hosp,mean,,44.007,COVID-19
DE,05-14,2023-01-26,2023-01-03,-23 day ahead inc hosp,quantile,0.025,53.0,COVID-19
DE,05-14,2023-01-26,2023-01-03,-23 day ahead inc hosp,quantile,0.1,53.0,COVID-19
DE,05-14,2023-01-26,2023-01-03,-23 day ahead inc hosp,quantile,0.25,53.0,COVID-19
DE,05-14,2023-01-26,2023-01-03,-23 day ahead inc hosp,quantile,0.5,53.0,COVID-19
DE,05-14,2023-01-26,2023-01-03,-23 day ahead inc hosp,quantile,0.75,53.0,COVID-19
DE,05-14,2023-01-26,2023-01-03,-23 day ahead inc hosp,quantile,0.9,53.0,COVID-19
DE,05-14,2023-01-26,2023-01-03,-23 day ahead inc hosp,quantile,0.975,53.0,COVID-19
DE,05-14,2023-01-26,2023-01-03,-23 day ahead inc hosp,mean,,53.01,COVID-19
DE,05-14,2023-01-26,2023-01-04,-22 day ahead inc hosp,quantile,0.025,45.0,COVID-19
DE,05-14,2023-01-26,2023-01-04,-22 day ahead inc hosp,quantile,0.1,45.0,COVID-19
DE,05-14,2023-01-26,2023-01-04,-22 day ahead inc hosp,quantile,0.25,45.0,COVID-19
DE,05-14,2023-01-26,2023-01-04,-22 day ahead inc hosp,quantile,0.5,45.0,COVID-19
DE,05-14,2023-01-26,2023-01-04,-22 day ahead inc hosp,quantile,0.75,45.0,COVID-19
DE,05-14,2023-01-26,2023-01-04,-22 day ahead inc hosp,quantile,0.9,45.0,COVID-19
DE,05-14,2023-01-26,2023-01-04,-22 day ahead inc hosp,quantile,0.975,45.0,COVID-19
DE,05-14,2023-01-26,2023-01-04,-22 day ahead inc hosp,mean,,45.01425,COVID-19
DE,05-14,2023-01-26,2023-01-05,-21 day ahead inc hosp,quantile,0.025,37.0,COVID-19
DE,05-14,2023-01-26,2023-01-05,-21 day ahead inc hosp,quantile,0.1,37.0,COVID-19
DE,05-14,2023-01-26,2023-01-05,-21 day ahead inc hosp,quantile,0.25,37.0,COVID-19
DE,05-14,2023-01-26,2023-01-05,-21 day ahead inc hosp,quantile,0.5,37.0,COVID-19
DE,05-14,2023-01-26,2023-01-05,-21 day ahead inc hosp,quantile,0.75,37.0,COVID-19
DE,05-14,2023-01-26,2023-01-05,-21 day ahead inc hosp,quantile,0.9,37.0,COVID-19
DE,05-14,2023-01-26,2023-01-05,-21 day ahead inc hosp,quantile,0.975,37.0,COVID-19
DE,05-14,2023-01-26,2023-01-05,-21 day ahead inc hosp,mean,,37.01925,COVID-19
DE,05-14,2023-01-26,2023-01-06,-20 day ahead inc hosp,quantile,0.025,38.0,COVID-19
DE,05-14,2023-01-26,2023-01-06,-20 day ahead inc hosp,quantile,0.1,38.0,COVID-19
DE,05-14,2023-01-26,2023-01-06,-20 day ahead inc hosp,quantile,0.25,38.0,COVID-19
DE,05-14,2023-01-26,2023-01-06,-20 day ahead inc hosp,quantile,0.5,38.0,COVID-19
DE,05-14,2023-01-26,2023-01-06,-20 day ahead inc hosp,quantile,0.75,38.0,COVID-19
DE,05-14,2023-01-26,2023-01-06,-20 day ahead inc hosp,quantile,0.9,38.0,COVID-19
DE,05-14,2023-01-26,2023-01-06,-20 day ahead inc hosp,quantile,0.975,39.0,COVID-19
DE,05-14,2023-01-26,2023-01-06,-20 day ahead inc hosp,mean,,38.0305,COVID-19
DE,05-14,2023-01-26,2023-01-07,-19 day ahead inc hosp,quantile,0.025,32.0,COVID-19
DE,05-14,2023-01-26,2023-01-07,-19 day ahead inc hosp,quantile,0.1,32.0,COVID-19
DE,05-14,2023-01-26,2023-01-07,-19 day ahead inc hosp,quantile,0.25,32.0,COVID-19
DE,05-14,2023-01-26,2023-01-07,-19 day ahead inc hosp,quantile,0.5,32.0,COVID-19
DE,05-14,2023-01-26,2023-01-07,-19 day ahead inc hosp,quantile,0.75,32.0,COVID-19
DE,05-14,2023-01-26,2023-01-07,-19 day ahead inc hosp,quantile,0.9,32.0,COVID-19
DE,05-14,2023-01-26,2023-01-07,-19 day ahead inc hosp,quantile,0.975,33.0,COVID-19
DE,05-14,2023-01-26,2023-01-07,-19 day ahead inc hosp,mean,,32.04425,COVID-19
DE,05-14,2023-01-26,2023-01-08,-18 day ahead inc hosp,quantile,0.025,35.0,COVID-19
DE,05-14,2023-01-26,2023-01-08,-18 day ahead inc hosp,quantile,0.1,35.0,COVID-19
DE,05-14,2023-01-26,2023-01-08,-18 day ahead inc hosp,quantile,0.25,35.0,COVID-19
DE,05-14,2023-01-26,2023-01-08,-18 day ahead inc hosp,quantile,0.5,35.0,COVID-19
DE,05-14,2023-01-26,2023-01-08,-18 day ahead inc hosp,quantile,0.75,35.0,COVID-19
DE,05-14,2023-01-26,2023-01-08,-18 day ahead inc hosp,quantile,0.9,35.0,COVID-19
DE,05-14,2023-01-26,2023-01-08,-18 day ahead inc hosp,quantile,0.975,36.0,COVID-19
DE,05-14,2023-01-26,2023-01-08,-18 day ahead inc hosp,mean,,35.0695,COVID-19
DE,05-14,2023-01-26,2023-01-09,-17 day ahead inc hosp,quantile,0.025,35.0,COVID-19
DE,05-14,2023-01-26,2023-01-09,-17 day ahead inc hosp,quantile,0.1,35.0,COVID-19
DE,05-14,2023-01-26,2023-01-09,-17 day ahead inc hosp,quantile,0.25,35.0,COVID-19
DE,05-14,2023-01-26,2023-01-09,-17 day ahead inc hosp,quantile,0.5,35.0,COVID-19
DE,05-14,2023-01-26,2023-01-09,-17 day ahead inc hosp,quantile,0.75,35.0,COVID-19
DE,05-14,2023-01-26,2023-01-09,-17 day ahead inc hosp,quantile,0.9,35.0,COVID-19
DE,05-14,2023-01-26,2023-01-09,-17 day ahead inc hosp,quantile,0.975,36.0,COVID-19
DE,05-14,2023-01-26,2023-01-09,-17 day ahead inc hosp,mean,,35.093,COVID-19
DE,05-14,2023-01-26,2023-01-10,-16 day ahead inc hosp,quantile,0.025,39.0,COVID-19
DE,05-14,2023-01-26,2023-01-10,-16 day ahead inc hosp,quantile,0.1,39.0,COVID-19
DE,05-14,2023-01-26,2023-01-10,-16 day ahead inc hosp,quantile,0.25,39.0,COVID-19
DE,05-14,2023-01-26,2023-01-10,-16 day ahead inc hosp,quantile,0.5,39.0,COVID-19
DE,05-14,2023-01-26,2023-01-10,-16 day ahead inc hosp,quantile,0.75,39.0,COVID-19
DE,05-14,2023-01-26,2023-01-10,-16 day ahead inc hosp,quantile,0.9,40.0,COVID-19
DE,05-14,2023-01-26,2023-01-10,-16 day ahead inc hosp,quantile,0.975,40.0,COVID-19
DE,05-14,2023-01-26,2023-01-10,-16 day ahead inc hosp,mean,,39.15325,COVID-19
DE,05-14,2023-01-26,2023-01-11,-15 day ahead inc hosp,quantile,0.025,36.0,COVID-19
DE,05-14,2023-01-26,2023-01-11,-15 day ahead inc hosp,quantile,0.1,36.0,COVID-19
DE,05-14,2023-01-26,2023-01-11,-15 day ahead inc hosp,quantile,0.25,36.0,COVID-19
DE,05-14,2023-01-26,2023-01-11,-15 day ahead inc hosp,quantile,0.5,36.0,COVID-19
DE,05-14,2023-01-26,2023-01-11,-15 day ahead inc hosp,quantile,0.75,36.0,COVID-19
DE,05-14,2023-01-26,2023-01-11,-15 day ahead inc hosp,quantile,0.9,37.0,COVID-19
DE,05-14,2023-01-26,2023-01-11,-15 day ahead inc hosp,quantile,0.975,37.0,COVID-19
DE,05-14,2023-01-26,2023-01-11,-15 day ahead inc hosp,mean,,36.209,COVID-19
DE,05-14,2023-01-26,2023-01-12,-14 day ahead inc hosp,quantile,0.025,36.0,COVID-19
DE,05-14,2023-01-26,2023-01-12,-14 day ahead inc hosp,quantile,0.1,36.0,COVID-19
DE,05-14,2023-01-26,2023-01-12,-14 day ahead inc hosp,quantile,0.25,36.0,COVID-19
DE,05-14,2023-01-26,2023-01-12,-14 day ahead inc hosp,quantile,0.5,36.0,COVID-19
DE,05-14,2023-01-26,2023-01-12,-14 day ahead inc hosp,quantile,0.75,36.0,COVID-19
DE,05-14,2023-01-26,2023-01-12,-14 day ahead inc hosp,quantile,0.9,37.0,COVID-19
DE,05-14,2023-01-26,2023-01-12,-14 day ahead inc hosp,quantile,0.975,38.0,COVID-19
DE,05-14,2023-01-26,2023-01-12,-14 day ahead inc hosp,mean,,36.26175,COVID-19
DE,05-14,2023-01-26,2023-01-13,-13 day ahead inc hosp,quantile,0.025,35.0,COVID-19
DE,05-14,2023-01-26,2023-01-13,-13 day ahead inc hosp,quantile,0.1,35.0,COVID-19
DE,05-14,2023-01-26,2023-01-13,-13 day ahead inc hosp,quantile,0.25,35.0,COVID-19
DE,05-14,2023-01-26,2023-01-13,-13 day ahead inc hosp,quantile,0.5,35.0,COVID-19
DE,05-14,2023-01-26,2023-01-13,-13 day ahead inc hosp,quantile,0.75,36.0,COVID-19
DE,05-14,2023-01-26,2023-01-13,-13 day ahead inc hosp,quantile,0.9,36.0,COVID-19
DE,05-14,2023-01-26,2023-01-13,-13 day ahead inc hosp,quantile,0.975,37.0,COVID-19
DE,05-14,2023-01-26,2023-01-13,-13 day ahead inc hosp,mean,,35.334,COVID-19
DE,05-14,2023-01-26,2023-01-14,-12 day ahead inc hosp,quantile,0.025,41.0,COVID-19
DE,05-14,2023-01-26,2023-01-14,-12 day ahead inc hosp,quantile,0.1,41.0,COVID-19
DE,05-14,2023-01-26,2023-01-14,-12 day ahead inc hosp,quantile,0.25,41.0,COVID-19
DE,05-14,2023-01-26,2023-01-14,-12 day ahead inc hosp,quantile,0.5,41.0,COVID-19
DE,05-14,2023-01-26,2023-01-14,-12 day ahead inc hosp,quantile,0.75,42.0,COVID-19
DE,05-14,2023-01-26,2023-01-14,-12 day ahead inc hosp,quantile,0.9,43.0,COVID-19
DE,05-14,2023-01-26,2023-01-14,-12 day ahead inc hosp,quantile,0.975,43.0,COVID-19
DE,05-14,2023-01-26,2023-01-14,-12 day ahead inc hosp,mean,,41.50975,COVID-19
DE,05-14,2023-01-26,2023-01-15,-11 day ahead inc hosp,quantile,0.025,39.0,COVID-19
DE,05-14,2023-01-26,2023-01-15,-11 day ahead inc hosp,quantile,0.1,39.0,COVID-19
DE,05-14,2023-01-26,2023-01-15,-11 day ahead inc hosp,quantile,0.25,39.0,COVID-19
DE,05-14,2023-01-26,2023-01-15,-11 day ahead inc hosp,quantile,0.5,40.0,COVID-19
DE,05-14,2023-01-26,2023-01-15,-11 day ahead inc hosp,quantile,0.75,40.0,COVID-19
DE,05-14,2023-01-26,2023-01-15,-11 day ahead inc hosp,quantile,0.9,41.0,COVID-19
DE,05-14,2023-01-26,2023-01-15,-11 day ahead inc hosp,quantile,0.975,42.0,COVID-19
DE,05-14,2023-01-26,2023-01-15,-11 day ahead inc hosp,mean,,39.83125,COVID-19
DE,05-14,2023-01-26,2023-01-16,-10 day ahead inc hosp,quantile,0.025,41.0,COVID-19
DE,05-14,2023-01-26,2023-01-16,-10 day ahead inc hosp,quantile,0.1,41.0,COVID-19
DE,05-14,2023-01-26,2023-01-16,-10 day ahead inc hosp,quantile,0.25,41.0,COVID-19
DE,05-14,2023-01-26,2023-01-16,-10 day ahead inc hosp,quantile,0.5,42.0,COVID-19
DE,05-14,2023-01-26,2023-01-16,-10 day ahead inc hosp,quantile,0.75,43.0,COVID-19
DE,05-14,2023-01-26,2023-01-16,-10 day ahead inc hosp,quantile,0.9,44.0,COVID-19
DE,05-14,2023-01-26,2023-01-16,-10 day ahead inc hosp,quantile,0.975,45.0,COVID-19
DE,05-14,2023-01-26,2023-01-16,-10 day ahead inc hosp,mean,,42.155,COVID-19
DE,05-14,2023-01-26,2023-01-17,-9 day ahead inc hosp,quantile,0.025,39.0,COVID-19
DE,05-14,2023-01-26,2023-01-17,-9 day ahead inc hosp,quantile,0.1,39.0,COVID-19
DE,05-14,2023-01-26,2023-01-17,-9 day ahead inc hosp,quantile,0.25,39.0,COVID-19
DE,05-14,2023-01-26,2023-01-17,-9 day ahead inc hosp,quantile,0.5,40.0,COVID-19
DE,05-14,2023-01-26,2023-01-17,-9 day ahead inc hosp,quantile,0.75,41.0,COVID-19
DE,05-14,2023-01-26,2023-01-17,-9 day ahead inc hosp,quantile,0.9,42.0,COVID-19
DE,05-14,2023-01-26,2023-01-17,-9 day ahead inc hosp,quantile,0.975,44.0,COVID-19
DE,05-14,2023-01-26,2023-01-17,-9 day ahead inc hosp,mean,,40.44875,COVID-19
DE,05-14,2023-01-26,2023-01-18,-8 day ahead inc hosp,quantile,0.025,45.0,COVID-19
DE,05-14,2023-01-26,2023-01-18,-8 day ahead inc hosp,quantile,0.1,45.0,COVID-19
DE,05-14,2023-01-26,2023-01-18,-8 day ahead inc hosp,quantile,0.25,46.0,COVID-19
DE,05-14,2023-01-26,2023-01-18,-8 day ahead inc hosp,quantile,0.5,47.0,COVID-19
DE,05-14,2023-01-26,2023-01-18,-8 day ahead inc hosp,quantile,0.75,48.0,COVID-19
DE,05-14,2023-01-26,2023-01-18,-8 day ahead inc hosp,quantile,0.9,49.0,COVID-19
DE,05-14,2023-01-26,2023-01-18,-8 day ahead inc hosp,quantile,0.975,51.0,COVID-19
DE,05-14,2023-01-26,2023-01-18,-8 day ahead inc hosp,mean,,46.92125,COVID-19
DE,05-14,2023-01-26,2023-01-19,-7 day ahead inc hosp,quantile,0.025,47.0,COVID-19
DE,05-14,2023-01-26,2023-01-19,-7 day ahead inc hosp,quantile,0.1,48.0,COVID-19
DE,05-14,2023-01-26,2023-01-19,-7 day ahead inc hosp,quantile,0.25,48.0,COVID-19
DE,05-14,2023-01-26,2023-01-19,-7 day ahead inc hosp,quantile,0.5,49.0,COVID-19
DE,05-14,2023-01-26,2023-01-19,-7 day ahead inc hosp,quantile,0.75,51.0,COVID-19
DE,05-14,2023-01-26,2023-01-19,-7 day ahead inc hosp,quantile,0.9,52.0,COVID-19
DE,05-14,2023-01-26,2023-01-19,-7 day ahead inc hosp,quantile,0.975,54.0,COVID-19
DE,05-14,2023-01-26,2023-01-19,-7 day ahead inc hosp,mean,,49.72875,COVID-19
DE,05-14,2023-01-26,2023-01-20,-6 day ahead inc hosp,quantile,0.025,47.0,COVID-19
DE,05-14,2023-01-26,2023-01-20,-6 day ahead inc hosp,quantile,0.1,48.0,COVID-19
DE,05-14,2023-01-26,2023-01-20,-6 day ahead inc hosp,quantile,0.25,49.0,COVID-19
DE,05-14,2023-01-26,2023-01-20,-6 day ahead inc hosp,quantile,0.5,50.0,COVID-19
DE,05-14,2023-01-26,2023-01-20,-6 day ahead inc hosp,quantile,0.75,52.0,COVID-19
DE,05-14,2023-01-26,2023-01-20,-6 day ahead inc hosp,quantile,0.9,54.0,COVID-19
DE,05-14,2023-01-26,2023-01-20,-6 day ahead inc hosp,quantile,0.975,56.0,COVID-19
DE,05-14,2023-01-26,2023-01-20,-6 day ahead inc hosp,mean,,50.649,COVID-19
DE,05-14,2023-01-26,2023-01-21,-5 day ahead inc hosp,quantile,0.025,45.0,COVID-19
DE,05-14,2023-01-26,2023-01-21,-5 day ahead inc hosp,quantile,0.1,46.0,COVID-19
DE,05-14,2023-01-26,2023-01-21,-5 day ahead inc hosp,quantile,0.25,47.0,COVID-19
DE,05-14,2023-01-26,2023-01-21,-5 day ahead inc hosp,quantile,0.5,49.0,COVID-19
DE,05-14,2023-01-26,2023-01-21,-5 day ahead inc hosp,quantile,0.75,50.0,COVID-19
DE,05-14,2023-01-26,2023-01-21,-5 day ahead inc hosp,quantile,0.9,52.0,COVID-19
DE,05-14,2023-01-26,2023-01-21,-5 day ahead inc hosp,quantile,0.975,55.0,COVID-19
DE,05-14,2023-01-26,2023-01-21,-5 day ahead inc hosp,mean,,48.8375,COVID-19
DE,05-14,2023-01-26,2023-01-22,-4 day ahead inc hosp,quantile,0.025,46.0,COVID-19
DE,05-14,2023-01-26,2023-01-22,-4 day ahead inc hosp,quantile,0.1,48.0,COVID-19
DE,05-14,2023-01-26,2023-01-22,-4 day ahead inc hosp,quantile,0.25,49.0,COVID-19
DE,05-14,2023-01-26,2023-01-22,-4 day ahead inc hosp,quantile,0.5,51.0,COVID-19
DE,05-14,2023-01-26,2023-01-22,-4 day ahead inc hosp,quantile,0.75,53.0,COVID-19
DE,05-14,2023-01-26,2023-01-22,-4 day ahead inc hosp,quantile,0.9,55.0,COVID-19
DE,05-14,2023-01-26,2023-01-22,-4 day ahead inc hosp,quantile,0.975,58.0,COVID-19
DE,05-14,2023-01-26,2023-01-22,-4 day ahead inc hosp,mean,,51.31925,COVID-19
DE,05-14,2023-01-26,2023-01-23,-3 day ahead inc hosp,quantile,0.025,45.0,COVID-19
DE,05-14,2023-01-26,2023-01-23,-3 day ahead inc hosp,quantile,0.1,46.0,COVID-19
DE,05-14,2023-01-26,2023-01-23,-3 day ahead inc hosp,quantile,0.25,48.0,COVID-19
DE,05-14,2023-01-26,2023-01-23,-3 day ahead inc hosp,quantile,0.5,50.0,COVID-19
DE,05-14,2023-01-26,2023-01-23,-3 day ahead inc hosp,quantile,0.75,53.0,COVID-19
DE,05-14,2023-01-26,2023-01-23,-3 day ahead inc hosp,quantile,0.9,55.0,COVID-19
DE,05-14,2023-01-26,2023-01-23,-3 day ahead inc hosp,quantile,0.975,59.0,COVID-19
DE,05-14,2023-01-26,2023-01-23,-3 day ahead inc hosp,mean,,50.644,COVID-19
DE,05-14,2023-01-26,2023-01-24,-2 day ahead inc hosp,quantile,0.025,52.0,COVID-19
DE,05-14,2023-01-26,2023-01-24,-2 day ahead inc hosp,quantile,0.1,54.0,COVID-19
DE,05-14,2023-01-26,2023-01-24,-2 day ahead inc hosp,quantile,0.25,56.0,COVID-19
DE,05-14,2023-01-26,2023-01-24,-2 day ahead inc hosp,quantile,0.5,58.0,COVID-19
DE,05-14,2023-01-26,2023-01-24,-2 day ahead inc hosp,quantile,0.75,61.0,COVID-19
DE,05-14,2023-01-26,2023-01-24,-2 day ahead inc hosp,quantile,0.9,64.0,COVID-19
DE,05-14,2023-01-26,2023-01-24,-2 day ahead inc hosp,quantile,0.975,68.0,COVID-19
DE,05-14,2023-01-26,2023-01-24,-2 day ahead inc hosp,mean,,58.60625,COVID-19
DE,05-14,2023-01-26,2023-01-25,-1 day ahead inc hosp,quantile,0.025,57.0,COVID-19
DE,05-14,2023-01-26,2023-01-25,-1 day ahead inc hosp,quantile,0.1,59.0,COVID-19
DE,05-14,2023-01-26,2023-01-25,-1 day ahead inc hosp,quantile,0.25,62.0,COVID-19
DE,05-14,2023-01-26,2023-01-25,-1 day ahead inc hosp,quantile,0.5,65.0,COVID-19
DE,05-14,2023-01-26,2023-01-25,-1 day ahead inc hosp,quantile,0.75,69.0,COVID-19
DE,05-14,2023-01-26,2023-01-25,-1 day ahead inc hosp,quantile,0.9,73.0,COVID-19
DE,05-14,2023-01-26,2023-01-25,-1 day ahead inc hosp,quantile,0.975,78.0,COVID-19
DE,05-14,2023-01-26,2023-01-25,-1 day ahead inc hosp,mean,,65.65625,COVID-19
DE,05-14,2023-01-26,2023-01-26,0 day ahead inc hosp,quantile,0.025,58.0,COVID-19
DE,05-14,2023-01-26,2023-01-26,0 day ahead inc hosp,quantile,0.1,62.0,COVID-19
DE,05-14,2023-01-26,2023-01-26,0 day ahead inc hosp,quantile,0.25,66.0,COVID-19
DE,05-14,2023-01-26,2023-01-26,0 day ahead inc hosp,quantile,0.5,70.0,COVID-19
DE,05-14,2023-01-26,2023-01-26,0 day ahead inc hosp,quantile,0.75,76.0,COVID-19
DE,05-14,2023-01-26,2023-01-26,0 day ahead inc hosp,quantile,0.9,82.0,COVID-19
DE,05-14,2023-01-26,2023-01-26,0 day ahead inc hosp,quantile,0.975,90.02500000000009,COVID-19
DE,05-14,2023-01-26,2023-01-26,0 day ahead inc hosp,mean,,71.40475,COVID-19
DE,15-34,2023-01-26,2022-12-29,-28 day ahead inc hosp,quantile,0.025,510.0,COVID-19
DE,15-34,2023-01-26,2022-12-29,-28 day ahead inc hosp,quantile,0.1,510.0,COVID-19
DE,15-34,2023-01-26,2022-12-29,-28 day ahead inc hosp,quantile,0.25,512.0,COVID-19
DE,15-34,2023-01-26,2022-12-29,-28 day ahead inc hosp,quantile,0.5,513.0,COVID-19
DE,15-34,2023-01-26,2022-12-29,-28 day ahead inc hosp,quantile,0.75,515.0,COVID-19
DE,15-34,2023-01-26,2022-12-29,-28 day ahead inc hosp,quantile,0.9,517.0,COVID-19
DE,15-34,2023-01-26,2022-12-29,-28 day ahead inc hosp,quantile,0.975,519.0,COVID-19
DE,15-34,2023-01-26,2022-12-29,-28 day ahead inc hosp,mean,,513.38725,COVID-19
DE,15-34,2023-01-26,2022-12-30,-27 day ahead inc hosp,quantile,0.025,493.0,COVID-19
DE,15-34,2023-01-26,2022-12-30,-27 day ahead inc hosp,quantile,0.1,494.0,COVID-19
DE,15-34,2023-01-26,2022-12-30,-27 day ahead inc hosp,quantile,0.25,495.0,COVID-19
DE,15-34,2023-01-26,2022-12-30,-27 day ahead inc hosp,quantile,0.5,497.0,COVID-19
DE,15-34,2023-01-26,2022-12-30,-27 day ahead inc hosp,quantile,0.75,499.0,COVID-19
DE,15-34,2023-01-26,2022-12-30,-27 day ahead inc hosp,quantile,0.9,501.0,COVID-19
DE,15-34,2023-01-26,2022-12-30,-27 day ahead inc hosp,quantile,0.975,503.0,COVID-19
DE,15-34,2023-01-26,2022-12-30,-27 day ahead inc hosp,mean,,497.3285,COVID-19
DE,15-34,2023-01-26,2022-12-31,-26 day ahead inc hosp,quantile,0.025,481.0,COVID-19
DE,15-34,2023-01-26,2022-12-31,-26 day ahead inc hosp,quantile,0.1,483.0,COVID-19
DE,15-34,2023-01-26,2022-12-31,-26 day ahead inc hosp,quantile,0.25,484.0,COVID-19
DE,15-34,2023-01-26,2022-12-31,-26 day ahead inc hosp,quantile,0.5,486.0,COVID-19
DE,15-34,2023-01-26,2022-12-31,-26 day ahead inc hosp,quantile,0.75,488.0,COVID-19
DE,15-34,2023-01-26,2022-12-31,-26 day ahead inc hosp,quantile,0.9,490.0,COVID-19
DE,15-34,2023-01-26,2022-12-31,-26 day ahead inc hosp,quantile,0.975,492.0,COVID-19
DE,15-34,2023-01-26,2022-12-31,-26 day ahead inc hosp,mean,,486.0575,COVID-19
DE,15-34,2023-01-26,2023-01-01,-25 day ahead inc hosp,quantile,0.025,479.0,COVID-19
DE,15-34,2023-01-26,2023-01-01,-25 day ahead inc hosp,quantile,0.1,480.0,COVID-19
DE,15-34,2023-01-26,2023-01-01,-25 day ahead inc hosp,quantile,0.25,481.0,COVID-19
DE,15-34,2023-01-26,2023-01-01,-25 day ahead inc hosp,quantile,0.5,483.0,COVID-19
DE,15-34,2023-01-26,2023-01-01,-25 day ahead inc hosp,quantile,0.75,485.0,COVID-19
DE,15-34,2023-01-26,2023-01-01,-25 day ahead inc hosp,quantile,0.9,487.0,COVID-19
DE,15-34,2023-01-26,2023-01-01,-25 day ahead inc hosp,quantile,0.975,490.0,COVID-19
DE,15-34,2023-01-26,2023-01-01,-25 day ahead inc hosp,mean,,483.332,COVID-19
DE,15-34,2023-01-26,2023-01-02,-24 day ahead inc hosp,quantile,0.025,479.0,COVID-19
DE,15-34,2023-01-26,2023-01-02,-24 day ahead inc hosp,quantile,0.1,480.0,COVID-19
DE,15-34,2023-01-26,2023-01-02,-24 day ahead inc hosp,quantile,0.25,482.0,COVID-19
DE,15-34,2023-01-26,2023-01-02,-24 day ahead inc hosp,quantile,0.5,483.0,COVID-19
DE,15-34,2023-01-26,2023-01-02,-24 day ahead inc hosp,quantile,0.75,485.0,COVID-19
DE,15-34,2023-01-26,2023-01-02,-24 day ahead inc hosp,quantile,0.9,487.0,COVID-19
DE,15-34,2023-01-26,2023-01-02,-24 day ahead inc hosp,quantile,0.975,490.0,COVID-19
DE,15-34,2023-01-26,2023-01-02,-24 day ahead inc hosp,mean,,483.548,COVID-19
DE,15-34,2023-01-26,2023-01-03,-23 day ahead inc hosp,quantile,0.025,596.0,COVID-19
DE,15-34,2023-01-26,2023-01-03,-23 day ahead inc hosp,quantile,0.1,597.0,COVID-19
DE,15-34,2023-01-26,2023-01-03,-23 day ahead inc hosp,quantile,0.25,599.0,COVID-19
DE,15-34,2023-01-26,2023-01-03,-23 day ahead inc hosp,quantile,0.5,601.0,COVID-19
DE,15-34,2023-01-26,2023-01-03,-23 day ahead inc hosp,quantile,0.75,603.0,COVID-19
DE,15-34,2023-01-26,2023-01-03,-23 day ahead inc hosp,quantile,0.9,605.0,COVID-19
DE,15-34,2023-01-26,2023-01-03,-23 day ahead inc hosp,quantile,0.975,608.0,COVID-19
DE,15-34,2023-01-26,2023-01-03,-23 day ahead inc hosp,mean,,601.20075,COVID-19
DE,15-34,2023-01-26,2023-01-04,-22 day ahead inc hosp,quantile,0.025,546.0,COVID-19
DE,15-34,2023-01-26,2023-01-04,-22 day ahead inc hosp,quantile,0.1,548.0,COVID-19
DE,15-34,2023-01-26,2023-01-04,-22 day ahead inc hosp,quantile,0.25,549.0,COVID-19
DE,15-34,2023-01-26,2023-01-04,-22 day ahead inc hosp,quantile,0.5,552.0,COVID-19
DE,15-34,2023-01-26,2023-01-04,-22 day ahead inc hosp,quantile,0.75,554.0,COVID-19
DE,15-34,2023-01-26,2023-01-04,-22 day ahead inc hosp,quantile,0.9,556.0,COVID-19
DE,15-34,2023-01-26,2023-01-04,-22 day ahead inc hosp,quantile,0.975,559.0,COVID-19
DE,15-34,2023-01-26,2023-01-04,-22 day ahead inc hosp,mean,,551.8325,COVID-19
DE,15-34,2023-01-26,2023-01-05,-21 day ahead inc hosp,quantile,0.025,519.0,COVID-19
DE,15-34,2023-01-26,2023-01-05,-21 day ahead inc hosp,quantile,0.1,521.0,COVID-19
DE,15-34,2023-01-26,2023-01-05,-21 day ahead inc hosp,quantile,0.25,523.0,COVID-19
DE,15-34,2023-01-26,2023-01-05,-21 day ahead inc hosp,quantile,0.5,525.0,COVID-19
DE,15-34,2023-01-26,2023-01-05,-21 day ahead inc hosp,quantile,0.75,527.0,COVID-19
DE,15-34,2023-01-26,2023-01-05,-21 day ahead inc hosp,quantile,0.9,530.0,COVID-19
DE,15-34,2023-01-26,2023-01-05,-21 day ahead inc hosp,quantile,0.975,532.0,COVID-19
DE,15-34,2023-01-26,2023-01-05,-21 day ahead inc hosp,mean,,525.11475,COVID-19
DE,15-34,2023-01-26,2023-01-06,-20 day ahead inc hosp,quantile,0.025,495.0,COVID-19
DE,15-34,2023-01-26,2023-01-06,-20 day ahead inc hosp,quantile,0.1,496.0,COVID-19
DE,15-34,2023-01-26,2023-01-06,-20 day ahead inc hosp,quantile,0.25,498.0,COVID-19
DE,15-34,2023-01-26,2023-01-06,-20 day ahead inc hosp,quantile,0.5,500.0,COVID-19
DE,15-34,2023-01-26,2023-01-06,-20 day ahead inc hosp,quantile,0.75,503.0,COVID-19
DE,15-34,2023-01-26,2023-01-06,-20 day ahead inc hosp,quantile,0.9,505.0,COVID-19
DE,15-34,2023-01-26,2023-01-06,-20 day ahead inc hosp,quantile,0.975,508.0,COVID-19
DE,15-34,2023-01-26,2023-01-06,-20 day ahead inc hosp,mean,,500.533,COVID-19
DE,15-34,2023-01-26,2023-01-07,-19 day ahead inc hosp,quantile,0.025,474.0,COVID-19
DE,15-34,2023-01-26,2023-01-07,-19 day ahead inc hosp,quantile,0.1,476.0,COVID-19
DE,15-34,2023-01-26,2023-01-07,-19 day ahead inc hosp,quantile,0.25,477.0,COVID-19
DE,15-34,2023-01-26,2023-01-07,-19 day ahead inc hosp,quantile,0.5,480.0,COVID-19
DE,15-34,2023-01-26,2023-01-07,-19 day ahead inc hosp,quantile,0.75,482.0,COVID-19
DE,15-34,2023-01-26,2023-01-07,-19 day ahead inc hosp,quantile,0.9,485.0,COVID-19
DE,15-34,2023-01-26,2023-01-07,-19 day ahead inc hosp,quantile,0.975,488.0,COVID-19
DE,15-34,2023-01-26,2023-01-07,-19 day ahead inc hosp,mean,,480.02325,COVID-19
DE,15-34,2023-01-26,2023-01-08,-18 day ahead inc hosp,quantile,0.025,470.0,COVID-19
DE,15-34,2023-01-26,2023-01-08,-18 day ahead inc hosp,quantile,0.1,472.0,COVID-19
DE,15-34,2023-01-26,2023-01-08,-18 day ahead inc hosp,quantile,0.25,474.0,COVID-19
DE,15-34,2023-01-26,2023-01-08,-18 day ahead inc hosp,quantile,0.5,476.0,COVID-19
DE,15-34,2023-01-26,2023-01-08,-18 day ahead inc hosp,quantile,0.75,478.0,COVID-19
DE,15-34,2023-01-26,2023-01-08,-18 day ahead inc hosp,quantile,0.9,481.0,COVID-19
DE,15-34,2023-01-26,2023-01-08,-18 day ahead inc hosp,quantile,0.975,484.0,COVID-19
DE,15-34,2023-01-26,2023-01-08,-18 day ahead inc hosp,mean,,476.2435,COVID-19
DE,15-34,2023-01-26,2023-01-09,-17 day ahead inc hosp,quantile,0.025,464.0,COVID-19
DE,15-34,2023-01-26,2023-01-09,-17 day ahead inc hosp,quantile,0.1,466.0,COVID-19
DE,15-34,2023-01-26,2023-01-09,-17 day ahead inc hosp,quantile,0.25,468.0,COVID-19
DE,15-34,2023-01-26,2023-01-09,-17 day ahead inc hosp,quantile,0.5,470.0,COVID-19
DE,15-34,2023-01-26,2023-01-09,-17 day ahead inc hosp,quantile,0.75,473.0,COVID-19
DE,15-34,2023-01-26,2023-01-09,-17 day ahead inc hosp,quantile,0.9,475.0,COVID-19
DE,15-34,2023-01-26,2023-01-09,-17 day ahead inc hosp,quantile,0.975,478.0,COVID-19
DE,15-34,2023-01-26,2023-01-09,-17 day ahead inc hosp,mean,,470.31375,COVID-19
DE,15-34,2023-01-26,2023-01-10,-16 day ahead inc hosp,quantile,0.025,450.0,COVID-19
DE,15-34,2023-01-26,2023-01-10,-16 day ahead inc hosp,quantile,0.1,452.0,COVID-19
DE,15-34,2023-01-26,2023-01-10,-16 day ahead inc hosp,quantile,0.25,453.0,COVID-19
DE,15-34,2023-01-26,2023-01-10,-16 day ahead inc hosp,quantile,0.5,456.0,COVID-19
DE,15-34,2023-01-26,2023-01-10,-16 day ahead inc hosp,quantile,0.75,458.0,COVID-19
DE,15-34,2023-01-26,2023-01-10,-16 day ahead inc hosp,quantile,0.9,461.0,COVID-19
DE,15-34,2023-01-26,2023-01-10,-16 day ahead inc hosp,quantile,0.975,464.0,COVID-19
DE,15-34,2023-01-26,2023-01-10,-16 day ahead inc hosp,mean,,456.0355,COVID-19
DE,15-34,2023-01-26,2023-01-11,-15 day ahead inc hosp,quantile,0.025,436.0,COVID-19
DE,15-34,2023-01-26,2023-01-11,-15 day ahead inc hosp,quantile,0.1,438.0,COVID-19
DE,15-34,2023-01-26,2023-01-11,-15 day ahead inc hosp,quantile,0.25,440.0,COVID-19
DE,15-34,2023-01-26,2023-01-11,-15 day ahead inc hosp,quantile,0.5,442.0,COVID-19
DE,15-34,2023-01-26,2023-01-11,-15 day ahead inc hosp,quantile,0.75,445.0,COVID-19
DE,15-34,2023-01-26,2023-01-11,-15 day ahead inc hosp,quantile,0.9,448.0,COVID-19
DE,15-34,2023-01-26,2023-01-11,-15 day ahead inc hosp,quantile,0.975,451.0,COVID-19
DE,15-34,2023-01-26,2023-01-11,-15 day ahead inc hosp,mean,,442.71875,COVID-19
DE,15-34,2023-01-26,2023-01-12,-14 day ahead inc hosp,quantile,0.025,408.0,COVID-19
DE,15-34,2023-01-26,2023-01-12,-14 day ahead inc hosp,quantile,0.1,411.0,COVID-19
DE,15-34,2023-01-26,2023-01-12,-14 day ahead inc hosp,quantile,0.25,413.0,COVID-19
DE,15-34,2023-01-26,2023-01-12,-14 day ahead inc hosp,quantile,0.5,415.0,COVID-19
DE,15-34,2023-01-26,2023-01-12,-14 day ahead inc hosp,quantile,0.75,418.0,COVID-19
DE,15-34,2023-01-26,2023-01-12,-14 day ahead inc hosp,quantile,0.9,421.0,COVID-19
DE,15-34,2023-01-26,2023-01-12,-14 day ahead inc hosp,quantile,0.975,424.0,COVID-19
DE,15-34,2023-01-26,2023-01-12,-14 day ahead inc hosp,mean,,415.557,COVID-19
DE,15-34,2023-01-26,2023-01-13,-13 day ahead inc hosp,quantile,0.025,383.0,COVID-19
DE,15-34,2023-01-26,2023-01-13,-13 day ahead inc hosp,quantile,0.1,385.0,COVID-19
DE,15-34,2023-01-26,2023-01-13,-13 day ahead inc hosp,quantile,0.25,387.0,COVID-19
DE,15-34,2023-01-26,2023-01-13,-13 day ahead inc hosp,quantile,0.5,390.0,COVID-19
DE,15-34,2023-01-26,2023-01-13,-13 day ahead inc hosp,quantile,0.75,392.0,COVID-19
DE,15-34,2023-01-26,2023-01-13,-13 day ahead inc hosp,quantile,0.9,395.0,COVID-19
DE,15-34,2023-01-26,2023-01-13,-13 day ahead inc hosp,quantile,0.975,399.0,COVID-19
DE,15-34,2023-01-26,2023-01-13,-13 day ahead inc hosp,mean,,389.9505,COVID-19
DE,15-34,2023-01-26,2023-01-14,-12 day ahead inc hosp,quantile,0.025,371.0,COVID-19
DE,15-34,2023-01-26,2023-01-14,-12 day ahead inc hosp,quantile,0.1,373.0,COVID-19
DE,15-34,2023-01-26,2023-01-14,-12 day ahead inc hosp,quantile,0.25,375.0,COVID-19
DE,15-34,2023-01-26,2023-01-14,-12 day ahead inc hosp,quantile,0.5,378.0,COVID-19
DE,15-34,2023-01-26,2023-01-14,-12 day ahead inc hosp,quantile,0.75,380.0,COVID-19
DE,15-34,2023-01-26,2023-01-14,-12 day ahead inc hosp,quantile,0.9,383.0,COVID-19
DE,15-34,2023-01-26,2023-01-14,-12 day ahead inc hosp,quantile,0.975,387.0,COVID-19
DE,15-34,2023-01-26,2023-01-14,-12 day ahead inc hosp,mean,,377.85975,COVID-19
DE,15-34,2023-01-26,2023-01-15,-11 day ahead inc hosp,quantile,0.025,363.0,COVID-19
DE,15-34,2023-01-26,2023-01-15,-11 day ahead inc hosp,quantile,0.1,365.0,COVID-19
DE,15-34,2023-01-26,2023-01-15,-11 day ahead inc hosp,quantile,0.25,367.0,COVID-19
DE,15-34,2023-01-26,2023-01-15,-11 day ahead inc hosp,quantile,0.5,370.0,COVID-19
DE,15-34,2023-01-26,2023-01-15,-11 day ahead inc hosp,quantile,0.75,373.0,COVID-19
DE,15-34,2023-01-26,2023-01-15,-11 day ahead inc hosp,quantile,0.9,376.0,COVID-19
DE,15-34,2023-01-26,2023-01-15,-11 day ahead inc hosp,quantile,0.975,379.0,COVID-19
DE,15-34,2023-01-26,2023-01-15,-11 day ahead inc hosp,mean,,370.292,COVID-19
DE,15-34,2023-01-26,2023-01-16,-10 day ahead inc hosp,quantile,0.025,359.0,COVID-19
DE,15-34,2023-01-26,2023-01-16,-10 day ahead inc hosp,quantile,0.1,361.0,COVID-19
DE,15-34,2023-01-26,2023-01-16,-10 day ahead inc hosp,quantile,0.25,364.0,COVID-19
DE,15-34,2023-01-26,2023-01-16,-10 day ahead inc hosp,quantile,0.5,366.0,COVID-19
DE,15-34,2023-01-26,2023-01-16,-10 day ahead inc hosp,quantile,0.75,369.0,COVID-19
DE,15-34,2023-01-26,2023-01-16,-10 day ahead inc hosp,quantile,0.9,372.0,COVID-19
DE,15-34,2023-01-26,2023-01-16,-10 day ahead inc hosp,quantile,0.975,376.0,COVID-19
DE,15-34,2023-01-26,2023-01-16,-10 day ahead inc hosp,mean,,366.72125,COVID-19
DE,15-34,2023-01-26,2023-01-17,-9 day ahead inc hosp,quantile,0.025,325.0,COVID-19
DE,15-34,2023-01-26,2023-01-17,-9 day ahead inc hosp,quantile,0.1,328.0,COVID-19
DE,15-34,2023-01-26,2023-01-17,-9 day ahead inc hosp,quantile,0.25,330.0,COVID-19
DE,15-34,2023-01-26,2023-01-17,-9 day ahead inc hosp,quantile,0.5,333.0,COVID-19
DE,15-34,2023-01-26,2023-01-17,-9 day ahead inc hosp,quantile,0.75,336.0,COVID-19
DE,15-34,2023-01-26,2023-01-17,-9 day ahead inc hosp,quantile,0.9,339.0,COVID-19
DE,15-34,2023-01-26,2023-01-17,-9 day ahead inc hosp,quantile,0.975,343.0,COVID-19
DE,15-34,2023-01-26,2023-01-17,-9 day ahead inc hosp,mean,,333.4545,COVID-19
DE,15-34,2023-01-26,2023-01-18,-8 day ahead inc hosp,quantile,0.025,297.0,COVID-19
DE,15-34,2023-01-26,2023-01-18,-8 day ahead inc hosp,quantile,0.1,300.0,COVID-19
DE,15-34,2023-01-26,2023-01-18,-8 day ahead inc hosp,quantile,0.25,303.0,COVID-19
DE,15-34,2023-01-26,2023-01-18,-8 day ahead inc hosp,quantile,0.5,306.0,COVID-19
DE,15-34,2023-01-26,2023-01-18,-8 day ahead inc hosp,quantile,0.75,309.0,COVID-19
DE,15-34,2023-01-26,2023-01-18,-8 day ahead inc hosp,quantile,0.9,313.0,COVID-19
DE,15-34,2023-01-26,2023-01-18,-8 day ahead inc hosp,quantile,0.975,316.0,COVID-19
DE,15-34,2023-01-26,2023-01-18,-8 day ahead inc hosp,mean,,306.2275,COVID-19
DE,15-34,2023-01-26,2023-01-19,-7 day ahead inc hosp,quantile,0.025,292.0,COVID-19
DE,15-34,2023-01-26,2023-01-19,-7 day ahead inc hosp,quantile,0.1,295.0,COVID-19
DE,15-34,2023-01-26,2023-01-19,-7 day ahead inc hosp,quantile,0.25,297.0,COVID-19
DE,15-34,2023-01-26,2023-01-19,-7 day ahead inc hosp,quantile,0.5,301.0,COVID-19
DE,15-34,2023-01-26,2023-01-19,-7 day ahead inc hosp,quantile,0.75,305.0,COVID-19
DE,15-34,2023-01-26,2023-01-19,-7 day ahead inc hosp,quantile,0.9,308.0,COVID-19
DE,15-34,2023-01-26,2023-01-19,-7 day ahead inc hosp,quantile,0.975,313.0,COVID-19
DE,15-34,2023-01-26,2023-01-19,-7 day ahead inc hosp,mean,,301.337,COVID-19
DE,15-34,2023-01-26,2023-01-20,-6 day ahead inc hosp,quantile,0.025,288.0,COVID-19
DE,15-34,2023-01-26,2023-01-20,-6 day ahead inc hosp,quantile,0.1,291.0,COVID-19
DE,15-34,2023-01-26,2023-01-20,-6 day ahead inc hosp,quantile,0.25,295.0,COVID-19
DE,15-34,2023-01-26,2023-01-20,-6 day ahead inc hosp,quantile,0.5,299.0,COVID-19
DE,15-34,2023-01-26,2023-01-20,-6 day ahead inc hosp,quantile,0.75,303.0,COVID-19
DE,15-34,2023-01-26,2023-01-20,-6 day ahead inc hosp,quantile,0.9,308.0,COVID-19
DE,15-34,2023-01-26,2023-01-20,-6 day ahead inc hosp,quantile,0.975,313.0,COVID-19
DE,15-34,2023-01-26,2023-01-20,-6 day ahead inc hosp,mean,,299.3575,COVID-19
DE,15-34,2023-01-26,2023-01-21,-5 day ahead inc hosp,quantile,0.025,302.0,COVID-19
DE,15-34,2023-01-26,2023-01-21,-5 day ahead inc hosp,quantile,0.1,307.0,COVID-19
DE,15-34,2023-01-26,2023-01-21,-5 day ahead inc hosp,quantile,0.25,311.0,COVID-19
DE,15-34,2023-01-26,2023-01-21,-5 day ahead inc hosp,quantile,0.5,316.0,COVID-19
DE,15-34,2023-01-26,2023-01-21,-5 day ahead inc hosp,quantile,0.75,322.0,COVID-19
DE,15-34,2023-01-26,2023-01-21,-5 day ahead inc hosp,quantile,0.9,327.0,COVID-19
DE,15-34,2023-01-26,2023-01-21,-5 day ahead inc hosp,quantile,0.975,333.0,COVID-19
DE,15-34,2023-01-26,2023-01-21,-5 day ahead inc hosp,mean,,316.7515,COVID-19
DE,15-34,2023-01-26,2023-01-22,-4 day ahead inc hosp,quantile,0.025,303.0,COVID-19
DE,15-34,2023-01-26,2023-01-22,-4 day ahead inc hosp,quantile,0.1,308.0,COVID-19
DE,15-34,2023-01-26,2023-01-22,-4 day ahead inc hosp,quantile,0.25,312.0,COVID-19
DE,15-34,2023-01-26,2023-01-22,-4 day ahead inc hosp,quantile,0.5,317.0,COVID-19
DE,15-34,2023-01-26,2023-01-22,-4 day ahead inc hosp,quantile,0.75,323.0,COVID-19
DE,15-34,2023-01-26,2023-01-22,-4 day ahead inc hosp,quantile,0.9,329.0,COVID-19
DE,15-34,2023-01-26,2023-01-22,-4 day ahead inc hosp,quantile,0.975,335.0,COVID-19
DE,15-34,2023-01-26,2023-01-22,-4 day ahead inc hosp,mean,,317.9175,COVID-19
DE,15-34,2023-01-26,2023-01-23,-3 day ahead inc hosp,quantile,0.025,311.0,COVID-19
DE,15-34,2023-01-26,2023-01-23,-3 day ahead inc hosp,quantile,0.1,316.0,COVID-19
DE,15-34,2023-01-26,2023-01-23,-3 day ahead inc hosp,quantile,0.25,321.0,COVID-19
DE,15-34,2023-01-26,2023-01-23,-3 day ahead inc hosp,quantile,0.5,327.0,COVID-19
DE,15-34,2023-01-26,2023-01-23,-3 day ahead inc hosp,quantile,0.75,333.0,COVID-19
DE,15-34,2023-01-26,2023-01-23,-3 day ahead inc hosp,quantile,0.9,339.0,COVID-19
DE,15-34,2023-01-26,2023-01-23,-3 day ahead inc hosp,quantile,0.975,346.0,COVID-19
DE,15-34,2023-01-26,2023-01-23,-3 day ahead inc hosp,mean,,327.38175,COVID-19
DE,15-34,2023-01-26,2023-01-24,-2 day ahead inc hosp,quantile,0.025,316.0,COVID-19
DE,15-34,2023-01-26,2023-01-24,-2 day ahead inc hosp,quantile,0.1,322.0,COVID-19
DE,15-34,2023-01-26,2023-01-24,-2 day ahead inc hosp,quantile,0.25,328.0,COVID-19
DE,15-34,2023-01-26,2023-01-24,-2 day ahead inc hosp,quantile,0.5,336.0,COVID-19
DE,15-34,2023-01-26,2023-01-24,-2 day ahead inc hosp,quantile,0.75,344.0,COVID-19
DE,15-34,2023-01-26,2023-01-24,-2 day ahead inc hosp,quantile,0.9,351.0,COVID-19
DE,15-34,2023-01-26,2023-01-24,-2 day ahead inc hosp,quantile,0.975,361.0,COVID-19
DE,15-34,2023-01-26,2023-01-24,-2 day ahead inc hosp,mean,,336.5045,COVID-19
DE,15-34,2023-01-26,2023-01-25,-1 day ahead inc hosp,quantile,0.025,325.0,COVID-19
DE,15-34,2023-01-26,2023-01-25,-1 day ahead inc hosp,quantile,0.1,333.0,COVID-19
DE,15-34,2023-01-26,2023-01-25,-1 day ahead inc hosp,quantile,0.25,341.0,COVID-19
DE,15-34,2023-01-26,2023-01-25,-1 day ahead inc hosp,quantile,0.5,351.0,COVID-19
DE,15-34,2023-01-26,2023-01-25,-1 day ahead inc hosp,quantile,0.75,361.0,COVID-19
DE,15-34,2023-01-26,2023-01-25,-1 day ahead inc hosp,quantile,0.9,372.0,COVID-19
DE,15-34,2023-01-26,2023-01-25,-1 day ahead inc hosp,quantile,0.975,384.0,COVID-19
DE,15-34,2023-01-26,2023-01-25,-1 day ahead inc hosp,mean,,351.64225,COVID-19
DE,15-34,2023-01-26,2023-01-26,0 day ahead inc hosp,quantile,0.025,319.0,COVID-19
DE,15-34,2023-01-26,2023-01-26,0 day ahead inc hosp,quantile,0.1,330.0,COVID-19
DE,15-34,2023-01-26,2023-01-26,0 day ahead inc hosp,quantile,0.25,342.0,COVID-19
DE,15-34,2023-01-26,2023-01-26,0 day ahead inc hosp,quantile,0.5,357.0,COVID-19
DE,15-34,2023-01-26,2023-01-26,0 day ahead inc hosp,quantile,0.75,374.0,COVID-19
DE,15-34,2023-01-26,2023-01-26,0 day ahead inc hosp,quantile,0.9,394.0,COVID-19
DE,15-34,2023-01-26,2023-01-26,0 day ahead inc hosp,quantile,0.975,420.0,COVID-19
DE,15-34,2023-01-26,2023-01-26,0 day ahead inc hosp,mean,,360.081,COVID-19
DE,35-59,2023-01-26,2022-12-29,-28 day ahead inc hosp,quantile,0.025,1353.0,COVID-19
DE,35-59,2023-01-26,2022-12-29,-28 day ahead inc hosp,quantile,0.1,1355.0,COVID-19
DE,35-59,2023-01-26,2022-12-29,-28 day ahead inc hosp,quantile,0.25,1357.0,COVID-19
DE,35-59,2023-01-26,2022-12-29,-28 day ahead inc hosp,quantile,0.5,1360.0,COVID-19
DE,35-59,2023-01-26,2022-12-29,-28 day ahead inc hosp,quantile,0.75,1363.0,COVID-19
DE,35-59,2023-01-26,2022-12-29,-28 day ahead inc hosp,quantile,0.9,1366.0,COVID-19
DE,35-59,2023-01-26,2022-12-29,-28 day ahead inc hosp,quantile,0.975,1370.0,COVID-19
DE,35-59,2023-01-26,2022-12-29,-28 day ahead inc hosp,mean,,1360.3,COVID-19
DE,35-59,2023-01-26,2022-12-30,-27 day ahead inc hosp,quantile,0.025,1318.0,COVID-19
DE,35-59,2023-01-26,2022-12-30,-27 day ahead inc hosp,quantile,0.1,1321.0,COVID-19
DE,35-59,2023-01-26,2022-12-30,-27 day ahead inc hosp,quantile,0.25,1323.0,COVID-19
DE,35-59,2023-01-26,2022-12-30,-27 day ahead inc hosp,quantile,0.5,1326.0,COVID-19
DE,35-59,2023-01-26,2022-12-30,-27 day ahead inc hosp,quantile,0.75,1330.0,COVID-19
DE,35-59,2023-01-26,2022-12-30,-27 day ahead inc hosp,quantile,0.9,1333.0,COVID-19
DE,35-59,2023-01-26,2022-12-30,-27 day ahead inc hosp,quantile,0.975,1337.0,COVID-19
DE,35-59,2023-01-26,2022-12-30,-27 day ahead inc hosp,mean,,1326.68575,COVID-19
DE,35-59,2023-01-26,2022-12-31,-26 day ahead inc hosp,quantile,0.025,1234.0,COVID-19
DE,35-59,2023-01-26,2022-12-31,-26 day ahead inc hosp,quantile,0.1,1236.0,COVID-19
DE,35-59,2023-01-26,2022-12-31,-26 day ahead inc hosp,quantile,0.25,1239.0,COVID-19
DE,35-59,2023-01-26,2022-12-31,-26 day ahead inc hosp,quantile,0.5,1242.0,COVID-19
DE,35-59,2023-01-26,2022-12-31,-26 day ahead inc hosp,quantile,0.75,1246.0,COVID-19
DE,35-59,2023-01-26,2022-12-31,-26 day ahead inc hosp,quantile,0.9,1249.0,COVID-19
DE,35-59,2023-01-26,2022-12-31,-26 day ahead inc hosp,quantile,0.975,1254.0,COVID-19
DE,35-59,2023-01-26,2022-12-31,-26 day ahead inc hosp,mean,,1242.4595,COVID-19
DE,35-59,2023-01-26,2023-01-01,-25 day ahead inc hosp,quantile,0.025,1245.0,COVID-19
DE,35-59,2023-01-26,2023-01-01,-25 day ahead inc hosp,quantile,0.1,1248.0,COVID-19
DE,35-59,2023-01-26,2023-01-01,-25 day ahead inc hosp,quantile,0.25,1251.0,COVID-19
DE,35-59,2023-01-26,2023-01-01,-25 day ahead inc hosp,quantile,0.5,1254.0,COVID-19
DE,35-59,2023-01-26,2023-01-01,-25 day ahead inc hosp,quantile,0.75,1258.0,COVID-19
DE,35-59,2023-01-26,2023-01-01,-25 day ahead inc hosp,quantile,0.9,1261.0,COVID-19
DE,35-59,2023-01-26,2023-01-01,-25 day ahead inc hosp,quantile,0.975,1266.0,COVID-19
DE,35-59,2023-01-26,2023-01-01,-25 day ahead inc hosp,mean,,1254.4025,COVID-19
DE,35-59,2023-01-26,2023-01-02,-24 day ahead inc hosp,quantile,0.025,1241.0,COVID-19
DE,35-59,2023-01-26,2023-01-02,-24 day ahead inc hosp,quantile,0.1,1243.0,COVID-19
DE,35-59,2023-01-26,2023-01-02,-24 day ahead inc hosp,quantile,0.25,1246.0,COVID-19
DE,35-59,2023-01-26,2023-01-02,-24 day ahead inc hosp,quantile,0.5,1250.0,COVID-19
DE,35-59,2023-01-26,2023-01-02,-24 day ahead inc hosp,quantile,0.75,1253.0,COVID-19
DE,35-59,2023-01-26,2023-01-02,-24 day ahead inc hosp,quantile,0.9,1257.0,COVID-19
DE,35-59,2023-01-26,2023-01-02,-24 day ahead inc hosp,quantile,0.975,1262.0,COVID-19
DE,35-59,2023-01-26,2023-01-02,-24 day ahead inc hosp,mean,,1249.951,COVID-19
DE,35-59,2023-01-26,2023-01-03,-23 day ahead inc hosp,quantile,0.025,1525.0,COVID-19
DE,35-59,2023-01-26,2023-01-03,-23 day ahead inc hosp,quantile,0.1,1528.0,COVID-19
DE,35-59,2023-01-26,2023-01-03,-23 day ahead inc hosp,quantile,0.25,1531.0,COVID-19
DE,35-59,2023-01-26,2023-01-03,-23 day ahead inc hosp,quantile,0.5,1535.0,COVID-19
DE,35-59,2023-01-26,2023-01-03,-23 day ahead inc hosp,quantile,0.75,1539.0,COVID-19
DE,35-59,2023-01-26,2023-01-03,-23 day ahead inc hosp,quantile,0.9,1543.0,COVID-19
DE,35-59,2023-01-26,2023-01-03,-23 day ahead inc hosp,quantile,0.975,1548.0,COVID-19
DE,35-59,2023-01-26,2023-01-03,-23 day ahead inc hosp,mean,,1535.5185,COVID-19
DE,35-59,2023-01-26,2023-01-04,-22 day ahead inc hosp,quantile,0.025,1354.0,COVID-19
DE,35-59,2023-01-26,2023-01-04,-22 day ahead inc hosp,quantile,0.1,1357.0,COVID-19
DE,35-59,2023-01-26,2023-01-04,-22 day ahead inc hosp,quantile,0.25,1361.0,COVID-19
DE,35-59,2023-01-26,2023-01-04,-22 day ahead inc hosp,quantile,0.5,1365.0,COVID-19
DE,35-59,2023-01-26,2023-01-04,-22 day ahead inc hosp,quantile,0.75,1369.0,COVID-19
DE,35-59,2023-01-26,2023-01-04,-22 day ahead inc hosp,quantile,0.9,1373.0,COVID-19
DE,35-59,2023-01-26,2023-01-04,-22 day ahead inc hosp,quantile,0.975,1379.0,COVID-19
DE,35-59,2023-01-26,2023-01-04,-22 day ahead inc hosp,mean,,1365.29425,COVID-19
DE,35-59,2023-01-26,2023-01-05,-21 day ahead inc hosp,quantile,0.025,1264.0,COVID-19
DE,35-59,2023-01-26,2023-01-05,-21 day ahead inc hosp,quantile,0.1,1267.0,COVID-19
DE,35-59,2023-01-26,2023-01-05,-21 day ahead inc hosp,quantile,0.25,1271.0,COVID-19
DE,35-59,2023-01-26,2023-01-05,-21 day ahead inc hosp,quantile,0.5,1275.0,COVID-19
DE,35-59,2023-01-26,2023-01-05,-21 day ahead inc hosp,quantile,0.75,1279.0,COVID-19
DE,35-59,2023-01-26,2023-01-05,-21 day ahead inc hosp,quantile,0.9,1284.0,COVID-19
DE,35-59,2023-01-26,2023-01-05,-21 day ahead inc hosp,quantile,0.975,1289.0,COVID-19
DE,35-59,2023-01-26,2023-01-05,-21 day ahead inc hosp,mean,,1275.2645,COVID-19
DE,35-59,2023-01-26,2023-01-06,-20 day ahead inc hosp,quantile,0.025,1211.0,COVID-19
DE,35-59,2023-01-26,2023-01-06,-20 day ahead inc hosp,quantile,0.1,1215.0,COVID-19
DE,35-59,2023-01-26,2023-01-06,-20 day ahead inc hosp,quantile,0.25,1219.0,COVID-19
DE,35-59,2023-01-26,2023-01-06,-20 day ahead inc hosp,quantile,0.5,1223.0,COVID-19
DE,35-59,2023-01-26,2023-01-06,-20 day ahead inc hosp,quantile,0.75,1228.0,COVID-19
DE,35-59,2023-01-26,2023-01-06,-20 day ahead inc hosp,quantile,0.9,1232.0,COVID-19
DE,35-59,2023-01-26,2023-01-06,-20 day ahead inc hosp,quantile,0.975,1238.0,COVID-19
DE,35-59,2023-01-26,2023-01-06,-20 day ahead inc hosp,mean,,1223.48175,COVID-19
DE,35-59,2023-01-26,2023-01-07,-19 day ahead inc hosp,quantile,0.025,1154.0,COVID-19
DE,35-59,2023-01-26,2023-01-07,-19 day ahead inc hosp,quantile,0.1,1158.0,COVID-19
DE,35-59,2023-01-26,2023-01-07,-19 day ahead inc hosp,quantile,0.25,1162.0,COVID-19
DE,35-59,2023-01-26,2023-01-07,-19 day ahead inc hosp,quantile,0.5,1166.0,COVID-19
DE,35-59,2023-01-26,2023-01-07,-19 day ahead inc hosp,quantile,0.75,1171.0,COVID-19
DE,35-59,2023-01-26,2023-01-07,-19 day ahead inc hosp,quantile,0.9,1175.0,COVID-19
DE,35-59,2023-01-26,2023-01-07,-19 day ahead inc hosp,quantile,0.975,1181.0,COVID-19
DE,35-59,2023-01-26,2023-01-07,-19 day ahead inc hosp,mean,,1166.44775,COVID-19
DE,35-59,2023-01-26,2023-01-08,-18 day ahead inc hosp,quantile,0.025,1138.0,COVID-19
DE,35-59,2023-01-26,2023-01-08,-18 day ahead inc hosp,quantile,0.1,1141.0,COVID-19
DE,35-59,2023-01-26,2023-01-08,-18 day ahead inc hosp,quantile,0.25,1145.0,COVID-19
DE,35-59,2023-01-26,2023-01-08,-18 day ahead inc hosp,quantile,0.5,1149.0,COVID-19
DE,35-59,2023-01-26,2023-01-08,-18 day ahead inc hosp,quantile,0.75,1154.0,COVID-19
DE,35-59,2023-01-26,2023-01-08,-18 day ahead inc hosp,quantile,0.9,1159.0,COVID-19
DE,35-59,2023-01-26,2023-01-08,-18 day ahead inc hosp,quantile,0.975,1164.0,COVID-19
DE,35-59,2023-01-26,2023-01-08,-18 day ahead inc hosp,mean,,1149.9225,COVID-19
DE,35-59,2023-01-26,2023-01-09,-17 day ahead inc hosp,quantile,0.025,1121.0,COVID-19
DE,35-59,2023-01-26,2023-01-09,-17 day ahead inc hosp,quantile,0.1,1125.0,COVID-19
DE,35-59,2023-01-26,2023-01-09,-17 day ahead inc hosp,quantile,0.25,1128.0,COVID-19
DE,35-59,2023-01-26,2023-01-09,-17 day ahead inc hosp,quantile,0.5,1133.0,COVID-19
DE,35-59,2023-01-26,2023-01-09,-17 day ahead inc hosp,quantile,0.75,1137.0,COVID-19
DE,35-59,2023-01-26,2023-01-09,-17 day ahead inc hosp,quantile,0.9,1142.0,COVID-19
DE,35-59,2023-01-26,2023-01-09,-17 day ahead inc hosp,quantile,0.975,1148.0,COVID-19
DE,35-59,2023-01-26,2023-01-09,-17 day ahead inc hosp,mean,,1133.0305,COVID-19
DE,35-59,2023-01-26,2023-01-10,-16 day ahead inc hosp,quantile,0.025,1076.0,COVID-19
DE,35-59,2023-01-26,2023-01-10,-16 day ahead inc hosp,quantile,0.1,1080.0,COVID-19
DE,35-59,2023-01-26,2023-01-10,-16 day ahead inc hosp,quantile,0.25,1083.0,COVID-19
DE,35-59,2023-01-26,2023-01-10,-16 day ahead inc hosp,quantile,0.5,1088.0,COVID-19
DE,35-59,2023-01-26,2023-01-10,-16 day ahead inc hosp,quantile,0.75,1093.0,COVID-19
DE,35-59,2023-01-26,2023-01-10,-16 day ahead inc hosp,quantile,0.9,1098.0,COVID-19
DE,35-59,2023-01-26,2023-01-10,-16 day ahead inc hosp,quantile,0.975,1104.0,COVID-19
DE,35-59,2023-01-26,2023-01-10,-16 day ahead inc hosp,mean,,1088.33675,COVID-19
DE,35-59,2023-01-26,2023-01-11,-15 day ahead inc hosp,quantile,0.025,1010.0,COVID-19
DE,35-59,2023-01-26,2023-01-11,-15 day ahead inc hosp,quantile,0.1,1015.0,COVID-19
DE,35-59,2023-01-26,2023-01-11,-15 day ahead inc hosp,quantile,0.25,1019.0,COVID-19
DE,35-59,2023-01-26,2023-01-11,-15 day ahead inc hosp,quantile,0.5,1024.0,COVID-19
DE,35-59,2023-01-26,2023-01-11,-15 day ahead inc hosp,quantile,0.75,1029.0,COVID-19
DE,35-59,2023-01-26,2023-01-11,-15 day ahead inc hosp,quantile,0.9,1034.0,COVID-19
DE,35-59,2023-01-26,2023-01-11,-15 day ahead inc hosp,quantile,0.975,1039.0,COVID-19
DE,35-59,2023-01-26,2023-01-11,-15 day ahead inc hosp,mean,,1023.96875,COVID-19
DE,35-59,2023-01-26,2023-01-12,-14 day ahead inc hosp,quantile,0.025,923.0,COVID-19
DE,35-59,2023-01-26,2023-01-12,-14 day ahead inc hosp,quantile,0.1,927.0,COVID-19
DE,35-59,2023-01-26,2023-01-12,-14 day ahead inc hosp,quantile,0.25,931.0,COVID-19
DE,35-59,2023-01-26,2023-01-12,-14 day ahead inc hosp,quantile,0.5,936.0,COVID-19
DE,35-59,2023-01-26,2023-01-12,-14 day ahead inc hosp,quantile,0.75,941.0,COVID-19
DE,35-59,2023-01-26,2023-01-12,-14 day ahead inc hosp,quantile,0.9,946.0,COVID-19
DE,35-59,2023-01-26,2023-01-12,-14 day ahead inc hosp,quantile,0.975,951.0,COVID-19
DE,35-59,2023-01-26,2023-01-12,-14 day ahead inc hosp,mean,,936.14875,COVID-19
DE,35-59,2023-01-26,2023-01-13,-13 day ahead inc hosp,quantile,0.025,838.0,COVID-19
DE,35-59,2023-01-26,2023-01-13,-13 day ahead inc hosp,quantile,0.1,842.0,COVID-19
DE,35-59,2023-01-26,2023-01-13,-13 day ahead inc hosp,quantile,0.25,846.0,COVID-19
DE,35-59,2023-01-26,2023-01-13,-13 day ahead inc hosp,quantile,0.5,851.0,COVID-19
DE,35-59,2023-01-26,2023-01-13,-13 day ahead inc hosp,quantile,0.75,856.0,COVID-19
DE,35-59,2023-01-26,2023-01-13,-13 day ahead inc hosp,quantile,0.9,861.0,COVID-19
DE,35-59,2023-01-26,2023-01-13,-13 day ahead inc hosp,quantile,0.975,867.0,COVID-19
DE,35-59,2023-01-26,2023-01-13,-13 day ahead inc hosp,mean,,851.50975,COVID-19
DE,35-59,2023-01-26,2023-01-14,-12 day ahead inc hosp,quantile,0.025,837.0,COVID-19
DE,35-59,2023-01-26,2023-01-14,-12 day ahead inc hosp,quantile,0.1,842.0,COVID-19
DE,35-59,2023-01-26,2023-01-14,-12 day ahead inc hosp,quantile,0.25,846.0,COVID-19
DE,35-59,2023-01-26,2023-01-14,-12 day ahead inc hosp,quantile,0.5,852.0,COVID-19
DE,35-59,2023-01-26,2023-01-14,-12 day ahead inc hosp,quantile,0.75,857.0,COVID-19
DE,35-59,2023-01-26,2023-01-14,-12 day ahead inc hosp,quantile,0.9,863.0,COVID-19
DE,35-59,2023-01-26,2023-01-14,-12 day ahead inc hosp,quantile,0.975,869.0,COVID-19
DE,35-59,2023-01-26,2023-01-14,-12 day ahead inc hosp,mean,,851.9905,COVID-19
DE,35-59,2023-01-26,2023-01-15,-11 day ahead inc hosp,quantile,0.025,832.0,COVID-19
DE,35-59,2023-01-26,2023-01-15,-11 day ahead inc hosp,quantile,0.1,837.0,COVID-19
DE,35-59,2023-01-26,2023-01-15,-11 day ahead inc hosp,quantile,0.25,842.0,COVID-19
DE,35-59,2023-01-26,2023-01-15,-11 day ahead inc hosp,quantile,0.5,847.0,COVID-19
DE,35-59,2023-01-26,2023-01-15,-11 day ahead inc hosp,quantile,0.75,853.0,COVID-19
DE,35-59,2023-01-26,2023-01-15,-11 day ahead inc hosp,quantile,0.9,858.0,COVID-19
DE,35-59,2023-01-26,2023-01-15,-11 day ahead inc hosp,quantile,0.975,865.0,COVID-19
DE,35-59,2023-01-26,2023-01-15,-11 day ahead inc hosp,mean,,847.34725,COVID-19
DE,35-59,2023-01-26,2023-01-16,-10 day ahead inc hosp,quantile,0.025,827.0,COVID-19
DE,35-59,2023-01-26,2023-01-16,-10 day ahead inc hosp,quantile,0.1,832.0,COVID-19
DE,35-59,2023-01-26,2023-01-16,-10 day ahead inc hosp,quantile,0.25,836.0,COVID-19
DE,35-59,2023-01-26,2023-01-16,-10 day ahead inc hosp,quantile,0.5,842.0,COVID-19
DE,35-59,2023-01-26,2023-01-16,-10 day ahead inc hosp,quantile,0.75,848.0,COVID-19
DE,35-59,2023-01-26,2023-01-16,-10 day ahead inc hosp,quantile,0.9,853.0,COVID-19
DE,35-59,2023-01-26,2023-01-16,-10 day ahead inc hosp,quantile,0.975,860.0,COVID-19
DE,35-59,2023-01-26,2023-01-16,-10 day ahead inc hosp,mean,,842.11725,COVID-19
DE,35-59,2023-01-26,2023-01-17,-9 day ahead inc hosp,quantile,0.025,735.0,COVID-19
DE,35-59,2023-01-26,2023-01-17,-9 day ahead inc hosp,quantile,0.1,740.0,COVID-19
DE,35-59,2023-01-26,2023-01-17,-9 day ahead inc hosp,quantile,0.25,745.0,COVID-19
DE,35-59,2023-01-26,2023-01-17,-9 day ahead inc hosp,quantile,0.5,751.0,COVID-19
DE,35-59,2023-01-26,2023-01-17,-9 day ahead inc hosp,quantile,0.75,757.0,COVID-19
DE,35-59,2023-01-26,2023-01-17,-9 day ahead inc hosp,quantile,0.9,763.0,COVID-19
DE,35-59,2023-01-26,2023-01-17,-9 day ahead inc hosp,quantile,0.975,770.0,COVID-19
DE,35-59,2023-01-26,2023-01-17,-9 day ahead inc hosp,mean,,751.042,COVID-19
DE,35-59,2023-01-26,2023-01-18,-8 day ahead inc hosp,quantile,0.025,689.0,COVID-19
DE,35-59,2023-01-26,2023-01-18,-8 day ahead inc hosp,quantile,0.1,694.0,COVID-19
DE,35-59,2023-01-26,2023-01-18,-8 day ahead inc hosp,quantile,0.25,700.0,COVID-19
DE,35-59,2023-01-26,2023-01-18,-8 day ahead inc hosp,quantile,0.5,706.0,COVID-19
DE,35-59,2023-01-26,2023-01-18,-8 day ahead inc hosp,quantile,0.75,712.0,COVID-19
DE,35-59,2023-01-26,2023-01-18,-8 day ahead inc hosp,quantile,0.9,719.0,COVID-19
DE,35-59,2023-01-26,2023-01-18,-8 day ahead inc hosp,quantile,0.975,727.0,COVID-19
DE,35-59,2023-01-26,2023-01-18,-8 day ahead inc hosp,mean,,706.287,COVID-19
DE,35-59,2023-01-26,2023-01-19,-7 day ahead inc hosp,quantile,0.025,686.0,COVID-19
DE,35-59,2023-01-26,2023-01-19,-7 day ahead inc hosp,quantile,0.1,692.0,COVID-19
DE,35-59,2023-01-26,2023-01-19,-7 day ahead inc hosp,quantile,0.25,698.0,COVID-19
DE,35-59,2023-01-26,2023-01-19,-7 day ahead inc hosp,quantile,0.5,705.0,COVID-19
DE,35-59,2023-01-26,2023-01-19,-7 day ahead inc hosp,quantile,0.75,713.0,COVID-19
DE,35-59,2023-01-26,2023-01-19,-7 day ahead inc hosp,quantile,0.9,720.0,COVID-19
DE,35-59,2023-01-26,2023-01-19,-7 day ahead inc hosp,quantile,0.975,729.0,COVID-19
DE,35-59,2023-01-26,2023-01-19,-7 day ahead inc hosp,mean,,705.74875,COVID-19
DE,35-59,2023-01-26,2023-01-20,-6 day ahead inc hosp,quantile,0.025,689.0,COVID-19
DE,35-59,2023-01-26,2023-01-20,-6 day ahead inc hosp,quantile,0.1,696.0,COVID-19
DE,35-59,2023-01-26,2023-01-20,-6 day ahead inc hosp,quantile,0.25,702.0,COVID-19
DE,35-59,2023-01-26,2023-01-20,-6 day ahead inc hosp,quantile,0.5,711.0,COVID-19
DE,35-59,2023-01-26,2023-01-20,-6 day ahead inc hosp,quantile,0.75,719.0,COVID-19
DE,35-59,2023-01-26,2023-01-20,-6 day ahead inc hosp,quantile,0.9,727.0,COVID-19
DE,35-59,2023-01-26,2023-01-20,-6 day ahead inc hosp,quantile,0.975,737.0,COVID-19
DE,35-59,2023-01-26,2023-01-20,-6 day ahead inc hosp,mean,,711.1455,COVID-19
DE,35-59,2023-01-26,2023-01-21,-5 day ahead inc hosp,quantile,0.025,669.0,COVID-19
DE,35-59,2023-01-26,2023-01-21,-5 day ahead inc hosp,quantile,0.1,677.0,COVID-19
DE,35-59,2023-01-26,2023-01-21,-5 day ahead inc hosp,quantile,0.25,684.0,COVID-19
DE,35-59,2023-01-26,2023-01-21,-5 day ahead inc hosp,quantile,0.5,694.0,COVID-19
DE,35-59,2023-01-26,2023-01-21,-5 day ahead inc hosp,quantile,0.75,703.0,COVID-19
DE,35-59,2023-01-26,2023-01-21,-5 day ahead inc hosp,quantile,0.9,712.0,COVID-19
DE,35-59,2023-01-26,2023-01-21,-5 day ahead inc hosp,quantile,0.975,725.0,COVID-19
DE,35-59,2023-01-26,2023-01-21,-5 day ahead inc hosp,mean,,694.2105,COVID-19
DE,35-59,2023-01-26,2023-01-22,-4 day ahead inc hosp,quantile,0.025,660.0,COVID-19
DE,35-59,2023-01-26,2023-01-22,-4 day ahead inc hosp,quantile,0.1,668.0,COVID-19
DE,35-59,2023-01-26,2023-01-22,-4 day ahead inc hosp,quantile,0.25,676.0,COVID-19
DE,35-59,2023-01-26,2023-01-22,-4 day ahead inc hosp,quantile,0.5,685.0,COVID-19
DE,35-59,2023-01-26,2023-01-22,-4 day ahead inc hosp,quantile,0.75,695.0,COVID-19
DE,35-59,2023-01-26,2023-01-22,-4 day ahead inc hosp,quantile,0.9,705.0,COVID-19
DE,35-59,2023-01-26,2023-01-22,-4 day ahead inc hosp,quantile,0.975,717.0,COVID-19
DE,35-59,2023-01-26,2023-01-22,-4 day ahead inc hosp,mean,,685.70875,COVID-19
DE,35-59,2023-01-26,2023-01-23,-3 day ahead inc hosp,quantile,0.025,660.0,COVID-19
DE,35-59,2023-01-26,2023-01-23,-3 day ahead inc hosp,quantile,0.1,669.0,COVID-19
DE,35-59,2023-01-26,2023-01-23,-3 day ahead inc hosp,quantile,0.25,677.0,COVID-19
DE,35-59,2023-01-26,2023-01-23,-3 day ahead inc hosp,quantile,0.5,686.0,COVID-19
DE,35-59,2023-01-26,2023-01-23,-3 day ahead inc hosp,quantile,0.75,696.0,COVID-19
DE,35-59,2023-01-26,2023-01-23,-3 day ahead inc hosp,quantile,0.9,707.0,COVID-19
DE,35-59,2023-01-26,2023-01-23,-3 day ahead inc hosp,quantile,0.975,719.0,COVID-19
DE,35-59,2023-01-26,2023-01-23,-3 day ahead inc hosp,mean,,687.08075,COVID-19
DE,35-59,2023-01-26,2023-01-24,-2 day ahead inc hosp,quantile,0.025,659.0,COVID-19
DE,35-59,2023-01-26,2023-01-24,-2 day ahead inc hosp,quantile,0.1,669.0,COVID-19
DE,35-59,2023-01-26,2023-01-24,-2 day ahead inc hosp,quantile,0.25,679.0,COVID-19
DE,35-59,2023-01-26,2023-01-24,-2 day ahead inc hosp,quantile,0.5,692.0,COVID-19
DE,35-59,2023-01-26,2023-01-24,-2 day ahead inc hosp,quantile,0.75,705.0,COVID-19
DE,35-59,2023-01-26,2023-01-24,-2 day ahead inc hosp,quantile,0.9,718.0999999999999,COVID-19
DE,35-59,2023-01-26,2023-01-24,-2 day ahead inc hosp,quantile,0.975,735.0,COVID-19
DE,35-59,2023-01-26,2023-01-24,-2 day ahead inc hosp,mean,,692.94675,COVID-19
DE,35-59,2023-01-26,2023-01-25,-1 day ahead inc hosp,quantile,0.025,664.0,COVID-19
DE,35-59,2023-01-26,2023-01-25,-1 day ahead inc hosp,quantile,0.1,678.0,COVID-19
DE,35-59,2023-01-26,2023-01-25,-1 day ahead inc hosp,quantile,0.25,693.75,COVID-19
DE,35-59,2023-01-26,2023-01-25,-1 day ahead inc hosp,quantile,0.5,712.0,COVID-19
DE,35-59,2023-01-26,2023-01-25,-1 day ahead inc hosp,quantile,0.75,735.0,COVID-19
DE,35-59,2023-01-26,2023-01-25,-1 day ahead inc hosp,quantile,0.9,758.0,COVID-19
DE,35-59,2023-01-26,2023-01-25,-1 day ahead inc hosp,quantile,0.975,788.0,COVID-19
DE,35-59,2023-01-26,2023-01-25,-1 day ahead inc hosp,mean,,716.112,COVID-19
DE,35-59,2023-01-26,2023-01-26,0 day ahead inc hosp,quantile,0.025,639.0,COVID-19
DE,35-59,2023-01-26,2023-01-26,0 day ahead inc hosp,quantile,0.1,661.0,COVID-19
DE,35-59,2023-01-26,2023-01-26,0 day ahead inc hosp,quantile,0.25,686.0,COVID-19
DE,35-59,2023-01-26,2023-01-26,0 day ahead inc hosp,quantile,0.5,719.0,COVID-19
DE,35-59,2023-01-26,2023-01-26,0 day ahead inc hosp,quantile,0.75,762.0,COVID-19
DE,35-59,2023-01-26,2023-01-26,0 day ahead inc hosp,quantile,0.9,810.0,COVID-19
DE,35-59,2023-01-26,2023-01-26,0 day ahead inc hosp,quantile,0.975,894.0,COVID-19
DE,35-59,2023-01-26,2023-01-26,0 day ahead inc hosp,mean,,730.4765,COVID-19
DE,60-79,2023-01-26,2022-12-29,-28 day ahead inc hosp,quantile,0.025,3848.0,COVID-19
DE,60-79,2023-01-26,2022-12-29,-28 day ahead inc hosp,quantile,0.1,3853.0,COVID-19
DE,60-79,2023-01-26,2022-12-29,-28 day ahead inc hosp,quantile,0.25,3858.0,COVID-19
DE,60-79,2023-01-26,2022-12-29,-28 day ahead inc hosp,quantile,0.5,3865.0,COVID-19
DE,60-79,2023-01-26,2022-12-29,-28 day ahead inc hosp,quantile,0.75,3871.0,COVID-19
DE,60-79,2023-01-26,2022-12-29,-28 day ahead inc hosp,quantile,0.9,3879.0,COVID-19
DE,60-79,2023-01-26,2022-12-29,-28 day ahead inc hosp,quantile,0.975,3887.025,COVID-19
DE,60-79,2023-01-26,2022-12-29,-28 day ahead inc hosp,mean,,3865.1945,COVID-19
DE,60-79,2023-01-26,2022-12-30,-27 day ahead inc hosp,quantile,0.025,3756.0,COVID-19
DE,60-79,2023-01-26,2022-12-30,-27 day ahead inc hosp,quantile,0.1,3762.0,COVID-19
DE,60-79,2023-01-26,2022-12-30,-27 day ahead inc hosp,quantile,0.25,3767.0,COVID-19
DE,60-79,2023-01-26,2022-12-30,-27 day ahead inc hosp,quantile,0.5,3774.0,COVID-19
DE,60-79,2023-01-26,2022-12-30,-27 day ahead inc hosp,quantile,0.75,3781.0,COVID-19
DE,60-79,2023-01-26,2022-12-30,-27 day ahead inc hosp,quantile,0.9,3788.0,COVID-19
DE,60-79,2023-01-26,2022-12-30,-27 day ahead inc hosp,quantile,0.975,3797.0,COVID-19
DE,60-79,2023-01-26,2022-12-30,-27 day ahead inc hosp,mean,,3774.4645,COVID-19
DE,60-79,2023-01-26,2022-12-31,-26 day ahead inc hosp,quantile,0.025,3609.0,COVID-19
DE,60-79,2023-01-26,2022-12-31,-26 day ahead inc hosp,quantile,0.1,3614.0,COVID-19
DE,60-79,2023-01-26,2022-12-31,-26 day ahead inc hosp,quantile,0.25,3620.0,COVID-19
DE,60-79,2023-01-26,2022-12-31,-26 day ahead inc hosp,quantile,0.5,3626.5,COVID-19
DE,60-79,2023-01-26,2022-12-31,-26 day ahead inc hosp,quantile,0.75,3634.0,COVID-19
DE,60-79,2023-01-26,2022-12-31,-26 day ahead inc hosp,quantile,0.9,3641.0,COVID-19
DE,60-79,2023-01-26,2022-12-31,-26 day ahead inc hosp,quantile,0.975,3651.0,COVID-19
DE,60-79,2023-01-26,2022-12-31,-26 day ahead inc hosp,mean,,3627.31525,COVID-19
DE,60-79,2023-01-26,2023-01-01,-25 day ahead inc hosp,quantile,0.025,3582.0,COVID-19
DE,60-79,2023-01-26,2023-01-01,-25 day ahead inc hosp,quantile,0.1,3587.0,COVID-19
DE,60-79,2023-01-26,2023-01-01,-25 day ahead inc hosp,quantile,0.25,3593.0,COVID-19
DE,60-79,2023-01-26,2023-01-01,-25 day ahead inc hosp,quantile,0.5,3600.0,COVID-19
DE,60-79,2023-01-26,2023-01-01,-25 day ahead inc hosp,quantile,0.75,3608.0,COVID-19
DE,60-79,2023-01-26,2023-01-01,-25 day ahead inc hosp,quantile,0.9,3615.0,COVID-19
DE,60-79,2023-01-26,2023-01-01,-25 day ahead inc hosp,quantile,0.975,3625.0,COVID-19
DE,60-79,2023-01-26,2023-01-01,-25 day ahead inc hosp,mean,,3600.92625,COVID-19
DE,60-79,2023-01-26,2023-01-02,-24 day ahead inc hosp,quantile,0.025,3541.0,COVID-19
DE,60-79,2023-01-26,2023-01-02,-24 day ahead inc hosp,quantile,0.1,3547.0,COVID-19
DE,60-79,2023-01-26,2023-01-02,-24 day ahead inc hosp,quantile,0.25,3553.0,COVID-19
DE,60-79,2023-01-26,2023-01-02,-24 day ahead inc hosp,quantile,0.5,3560.0,COVID-19
DE,60-79,2023-01-26,2023-01-02,-24 day ahead inc hosp,quantile,0.75,3567.0,COVID-19
DE,60-79,2023-01-26,2023-01-02,-24 day ahead inc hosp,quantile,0.9,3575.0,COVID-19
DE,60-79,2023-01-26,2023-01-02,-24 day ahead inc hosp,quantile,0.975,3584.0,COVID-19
DE,60-79,2023-01-26,2023-01-02,-24 day ahead inc hosp,mean,,3560.61875,COVID-19
DE,60-79,2023-01-26,2023-01-03,-23 day ahead inc hosp,quantile,0.025,4358.0,COVID-19
DE,60-79,2023-01-26,2023-01-03,-23 day ahead inc hosp,quantile,0.1,4365.0,COVID-19
DE,60-79,2023-01-26,2023-01-03,-23 day ahead inc hosp,quantile,0.25,4372.0,COVID-19
DE,60-79,2023-01-26,2023-01-03,-23 day ahead inc hosp,quantile,0.5,4380.0,COVID-19
DE,60-79,2023-01-26,2023-01-03,-23 day ahead inc hosp,quantile,0.75,4389.0,COVID-19
DE,60-79,2023-01-26,2023-01-03,-23 day ahead inc hosp,quantile,0.9,4397.0,COVID-19
DE,60-79,2023-01-26,2023-01-03,-23 day ahead inc hosp,quantile,0.975,4407.0,COVID-19
DE,60-79,2023-01-26,2023-01-03,-23 day ahead inc hosp,mean,,4380.70375,COVID-19
DE,60-79,2023-01-26,2023-01-04,-22 day ahead inc hosp,quantile,0.025,3861.0,COVID-19
DE,60-79,2023-01-26,2023-01-04,-22 day ahead inc hosp,quantile,0.1,3868.0,COVID-19
DE,60-79,2023-01-26,2023-01-04,-22 day ahead inc hosp,quantile,0.25,3875.0,COVID-19
DE,60-79,2023-01-26,2023-01-04,-22 day ahead inc hosp,quantile,0.5,3883.0,COVID-19
DE,60-79,2023-01-26,2023-01-04,-22 day ahead inc hosp,quantile,0.75,3892.0,COVID-19
DE,60-79,2023-01-26,2023-01-04,-22 day ahead inc hosp,quantile,0.9,3900.0,COVID-19
DE,60-79,2023-01-26,2023-01-04,-22 day ahead inc hosp,quantile,0.975,3910.0,COVID-19
DE,60-79,2023-01-26,2023-01-04,-22 day ahead inc hosp,mean,,3883.6,COVID-19
DE,60-79,2023-01-26,2023-01-05,-21 day ahead inc hosp,quantile,0.025,3612.0,COVID-19
DE,60-79,2023-01-26,2023-01-05,-21 day ahead inc hosp,quantile,0.1,3619.0,COVID-19
DE,60-79,2023-01-26,2023-01-05,-21 day ahead inc hosp,quantile,0.25,3626.0,COVID-19
DE,60-79,2023-01-26,2023-01-05,-21 day ahead inc hosp,quantile,0.5,3635.0,COVID-19
DE,60-79,2023-01-26,2023-01-05,-21 day ahead inc hosp,quantile,0.75,3643.0,COVID-19
DE,60-79,2023-01-26,2023-01-05,-21 day ahead inc hosp,quantile,0.9,3652.0,COVID-19
DE,60-79,2023-01-26,2023-01-05,-21 day ahead inc hosp,quantile,0.975,3661.0,COVID-19
DE,60-79,2023-01-26,2023-01-05,-21 day ahead inc hosp,mean,,3635.16575,COVID-19
DE,60-79,2023-01-26,2023-01-06,-20 day ahead inc hosp,quantile,0.025,3413.0,COVID-19
DE,60-79,2023-01-26,2023-01-06,-20 day ahead inc hosp,quantile,0.1,3419.9,COVID-19
DE,60-79,2023-01-26,2023-01-06,-20 day ahead inc hosp,quantile,0.25,3427.0,COVID-19
DE,60-79,2023-01-26,2023-01-06,-20 day ahead inc hosp,quantile,0.5,3434.0,COVID-19
DE,60-79,2023-01-26,2023-01-06,-20 day ahead inc hosp,quantile,0.75,3444.0,COVID-19
DE,60-79,2023-01-26,2023-01-06,-20 day ahead inc hosp,quantile,0.9,3452.0,COVID-19
DE,60-79,2023-01-26,2023-01-06,-20 day ahead inc hosp,quantile,0.975,3462.0,COVID-19
DE,60-79,2023-01-26,2023-01-06,-20 day ahead inc hosp,mean,,3435.451,COVID-19
DE,60-79,2023-01-26,2023-01-07,-19 day ahead inc hosp,quantile,0.025,3192.975,COVID-19
DE,60-79,2023-01-26,2023-01-07,-19 day ahead inc hosp,quantile,0.1,3200.0,COVID-19
DE,60-79,2023-01-26,2023-01-07,-19 day ahead inc hosp,quantile,0.25,3207.0,COVID-19
DE,60-79,2023-01-26,2023-01-07,-19 day ahead inc hosp,quantile,0.5,3215.0,COVID-19
DE,60-79,2023-01-26,2023-01-07,-19 day ahead inc hosp,quantile,0.75,3225.0,COVID-19
DE,60-79,2023-01-26,2023-01-07,-19 day ahead inc hosp,quantile,0.9,3233.0,COVID-19
DE,60-79,2023-01-26,2023-01-07,-19 day ahead inc hosp,quantile,0.975,3243.0,COVID-19
DE,60-79,2023-01-26,2023-01-07,-19 day ahead inc hosp,mean,,3216.037,COVID-19
DE,60-79,2023-01-26,2023-01-08,-18 day ahead inc hosp,quantile,0.025,3154.0,COVID-19
DE,60-79,2023-01-26,2023-01-08,-18 day ahead inc hosp,quantile,0.1,3162.0,COVID-19
DE,60-79,2023-01-26,2023-01-08,-18 day ahead inc hosp,quantile,0.25,3169.0,COVID-19
DE,60-79,2023-01-26,2023-01-08,-18 day ahead inc hosp,quantile,0.5,3177.0,COVID-19
DE,60-79,2023-01-26,2023-01-08,-18 day ahead inc hosp,quantile,0.75,3186.0,COVID-19
DE,60-79,2023-01-26,2023-01-08,-18 day ahead inc hosp,quantile,0.9,3195.0,COVID-19
DE,60-79,2023-01-26,2023-01-08,-18 day ahead inc hosp,quantile,0.975,3204.0,COVID-19
DE,60-79,2023-01-26,2023-01-08,-18 day ahead inc hosp,mean,,3177.79125,COVID-19
DE,60-79,2023-01-26,2023-01-09,-17 day ahead inc hosp,quantile,0.025,3126.0,COVID-19
DE,60-79,2023-01-26,2023-01-09,-17 day ahead inc hosp,quantile,0.1,3134.0,COVID-19
DE,60-79,2023-01-26,2023-01-09,-17 day ahead inc hosp,quantile,0.25,3141.0,COVID-19
DE,60-79,2023-01-26,2023-01-09,-17 day ahead inc hosp,quantile,0.5,3149.0,COVID-19
DE,60-79,2023-01-26,2023-01-09,-17 day ahead inc hosp,quantile,0.75,3158.0,COVID-19
DE,60-79,2023-01-26,2023-01-09,-17 day ahead inc hosp,quantile,0.9,3167.0,COVID-19
DE,60-79,2023-01-26,2023-01-09,-17 day ahead inc hosp,quantile,0.975,3177.0,COVID-19
DE,60-79,2023-01-26,2023-01-09,-17 day ahead inc hosp,mean,,3149.76075,COVID-19
DE,60-79,2023-01-26,2023-01-10,-16 day ahead inc hosp,quantile,0.025,2939.0,COVID-19
DE,60-79,2023-01-26,2023-01-10,-16 day ahead inc hosp,quantile,0.1,2947.0,COVID-19
DE,60-79,2023-01-26,2023-01-10,-16 day ahead inc hosp,quantile,0.25,2955.0,COVID-19
DE,60-79,2023-01-26,2023-01-10,-16 day ahead inc hosp,quantile,0.5,2963.0,COVID-19
DE,60-79,2023-01-26,2023-01-10,-16 day ahead inc hosp,quantile,0.75,2972.0,COVID-19
DE,60-79,2023-01-26,2023-01-10,-16 day ahead inc hosp,quantile,0.9,2981.0,COVID-19
DE,60-79,2023-01-26,2023-01-10,-16 day ahead inc hosp,quantile,0.975,2990.0,COVID-19
DE,60-79,2023-01-26,2023-01-10,-16 day ahead inc hosp,mean,,2963.78675,COVID-19
DE,60-79,2023-01-26,2023-01-11,-15 day ahead inc hosp,quantile,0.025,2727.0,COVID-19
DE,60-79,2023-01-26,2023-01-11,-15 day ahead inc hosp,quantile,0.1,2735.0,COVID-19
DE,60-79,2023-01-26,2023-01-11,-15 day ahead inc hosp,quantile,0.25,2742.0,COVID-19
DE,60-79,2023-01-26,2023-01-11,-15 day ahead inc hosp,quantile,0.5,2750.0,COVID-19
DE,60-79,2023-01-26,2023-01-11,-15 day ahead inc hosp,quantile,0.75,2760.0,COVID-19
DE,60-79,2023-01-26,2023-01-11,-15 day ahead inc hosp,quantile,0.9,2768.1,COVID-19
DE,60-79,2023-01-26,2023-01-11,-15 day ahead inc hosp,quantile,0.975,2779.025,COVID-19
DE,60-79,2023-01-26,2023-01-11,-15 day ahead inc hosp,mean,,2751.0525,COVID-19
DE,60-79,2023-01-26,2023-01-12,-14 day ahead inc hosp,quantile,0.025,2546.0,COVID-19
DE,60-79,2023-01-26,2023-01-12,-14 day ahead inc hosp,quantile,0.1,2554.0,COVID-19
DE,60-79,2023-01-26,2023-01-12,-14 day ahead inc hosp,quantile,0.25,2562.0,COVID-19
DE,60-79,2023-01-26,2023-01-12,-14 day ahead inc hosp,quantile,0.5,2571.0,COVID-19
DE,60-79,2023-01-26,2023-01-12,-14 day ahead inc hosp,quantile,0.75,2580.0,COVID-19
DE,60-79,2023-01-26,2023-01-12,-14 day ahead inc hosp,quantile,0.9,2589.0,COVID-19
DE,60-79,2023-01-26,2023-01-12,-14 day ahead inc hosp,quantile,0.975,2600.0,COVID-19
DE,60-79,2023-01-26,2023-01-12,-14 day ahead inc hosp,mean,,2571.271,COVID-19
DE,60-79,2023-01-26,2023-01-13,-13 day ahead inc hosp,quantile,0.025,2399.0,COVID-19
DE,60-79,2023-01-26,2023-01-13,-13 day ahead inc hosp,quantile,0.1,2408.0,COVID-19
DE,60-79,2023-01-26,2023-01-13,-13 day ahead inc hosp,quantile,0.25,2416.0,COVID-19
DE,60-79,2023-01-26,2023-01-13,-13 day ahead inc hosp,quantile,0.5,2426.0,COVID-19
DE,60-79,2023-01-26,2023-01-13,-13 day ahead inc hosp,quantile,0.75,2436.0,COVID-19
DE,60-79,2023-01-26,2023-01-13,-13 day ahead inc hosp,quantile,0.9,2446.0,COVID-19
DE,60-79,2023-01-26,2023-01-13,-13 day ahead inc hosp,quantile,0.975,2456.0,COVID-19
DE,60-79,2023-01-26,2023-01-13,-13 day ahead inc hosp,mean,,2426.252,COVID-19
DE,60-79,2023-01-26,2023-01-14,-12 day ahead inc hosp,quantile,0.025,2390.0,COVID-19
DE,60-79,2023-01-26,2023-01-14,-12 day ahead inc hosp,quantile,0.1,2399.0,COVID-19
DE,60-79,2023-01-26,2023-01-14,-12 day ahead inc hosp,quantile,0.25,2407.0,COVID-19
DE,60-79,2023-01-26,2023-01-14,-12 day ahead inc hosp,quantile,0.5,2417.0,COVID-19
DE,60-79,2023-01-26,2023-01-14,-12 day ahead inc hosp,quantile,0.75,2428.0,COVID-19
DE,60-79,2023-01-26,2023-01-14,-12 day ahead inc hosp,quantile,0.9,2438.0,COVID-19
DE,60-79,2023-01-26,2023-01-14,-12 day ahead inc hosp,quantile,0.975,2451.0,COVID-19
DE,60-79,2023-01-26,2023-01-14,-12 day ahead inc hosp,mean,,2417.9535,COVID-19
DE,60-79,2023-01-26,2023-01-15,-11 day ahead inc hosp,quantile,0.025,2384.0,COVID-19
DE,60-79,2023-01-26,2023-01-15,-11 day ahead inc hosp,quantile,0.1,2393.0,COVID-19
DE,60-79,2023-01-26,2023-01-15,-11 day ahead inc hosp,quantile,0.25,2402.0,COVID-19
DE,60-79,2023-01-26,2023-01-15,-11 day ahead inc hosp,quantile,0.5,2412.0,COVID-19
DE,60-79,2023-01-26,2023-01-15,-11 day ahead inc hosp,quantile,0.75,2423.0,COVID-19
DE,60-79,2023-01-26,2023-01-15,-11 day ahead inc hosp,quantile,0.9,2434.0,COVID-19
DE,60-79,2023-01-26,2023-01-15,-11 day ahead inc hosp,quantile,0.975,2446.0,COVID-19
DE,60-79,2023-01-26,2023-01-15,-11 day ahead inc hosp,mean,,2413.08175,COVID-19
DE,60-79,2023-01-26,2023-01-16,-10 day ahead inc hosp,quantile,0.025,2376.0,COVID-19
DE,60-79,2023-01-26,2023-01-16,-10 day ahead inc hosp,quantile,0.1,2386.0,COVID-19
DE,60-79,2023-01-26,2023-01-16,-10 day ahead inc hosp,quantile,0.25,2394.0,COVID-19
DE,60-79,2023-01-26,2023-01-16,-10 day ahead inc hosp,quantile,0.5,2405.0,COVID-19
DE,60-79,2023-01-26,2023-01-16,-10 day ahead inc hosp,quantile,0.75,2416.0,COVID-19
DE,60-79,2023-01-26,2023-01-16,-10 day ahead inc hosp,quantile,0.9,2426.0,COVID-19
DE,60-79,2023-01-26,2023-01-16,-10 day ahead inc hosp,quantile,0.975,2439.0,COVID-19
DE,60-79,2023-01-26,2023-01-16,-10 day ahead inc hosp,mean,,2405.57725,COVID-19
DE,60-79,2023-01-26,2023-01-17,-9 day ahead inc hosp,quantile,0.025,2088.0,COVID-19
DE,60-79,2023-01-26,2023-01-17,-9 day ahead inc hosp,quantile,0.1,2097.0,COVID-19
DE,60-79,2023-01-26,2023-01-17,-9 day ahead inc hosp,quantile,0.25,2106.0,COVID-19
DE,60-79,2023-01-26,2023-01-17,-9 day ahead inc hosp,quantile,0.5,2118.0,COVID-19
DE,60-79,2023-01-26,2023-01-17,-9 day ahead inc hosp,quantile,0.75,2130.0,COVID-19
DE,60-79,2023-01-26,2023-01-17,-9 day ahead inc hosp,quantile,0.9,2141.0,COVID-19
DE,60-79,2023-01-26,2023-01-17,-9 day ahead inc hosp,quantile,0.975,2154.0,COVID-19
DE,60-79,2023-01-26,2023-01-17,-9 day ahead inc hosp,mean,,2118.452,COVID-19
DE,60-79,2023-01-26,2023-01-18,-8 day ahead inc hosp,quantile,0.025,1949.0,COVID-19
DE,60-79,2023-01-26,2023-01-18,-8 day ahead inc hosp,quantile,0.1,1960.0,COVID-19
DE,60-79,2023-01-26,2023-01-18,-8 day ahead inc hosp,quantile,0.25,1970.0,COVID-19
DE,60-79,2023-01-26,2023-01-18,-8 day ahead inc hosp,quantile,0.5,1982.0,COVID-19
DE,60-79,2023-01-26,2023-01-18,-8 day ahead inc hosp,quantile,0.75,1996.0,COVID-19
DE,60-79,2023-01-26,2023-01-18,-8 day ahead inc hosp,quantile,0.9,2008.0,COVID-19
DE,60-79,2023-01-26,2023-01-18,-8 day ahead inc hosp,quantile,0.975,2022.0,COVID-19
DE,60-79,2023-01-26,2023-01-18,-8 day ahead inc hosp,mean,,1983.25575,COVID-19
DE,60-79,2023-01-26,2023-01-19,-7 day ahead inc hosp,quantile,0.025,1842.0,COVID-19
DE,60-79,2023-01-26,2023-01-19,-7 day ahead inc hosp,quantile,0.1,1855.0,COVID-19
DE,60-79,2023-01-26,2023-01-19,-7 day ahead inc hosp,quantile,0.25,1866.0,COVID-19
DE,60-79,2023-01-26,2023-01-19,-7 day ahead inc hosp,quantile,0.5,1879.0,COVID-19
DE,60-79,2023-01-26,2023-01-19,-7 day ahead inc hosp,quantile,0.75,1894.0,COVID-19
DE,60-79,2023-01-26,2023-01-19,-7 day ahead inc hosp,quantile,0.9,1908.0,COVID-19
DE,60-79,2023-01-26,2023-01-19,-7 day ahead inc hosp,quantile,0.975,1924.025,COVID-19
DE,60-79,2023-01-26,2023-01-19,-7 day ahead inc hosp,mean,,1880.5905,COVID-19
DE,60-79,2023-01-26,2023-01-20,-6 day ahead inc hosp,quantile,0.025,1748.0,COVID-19
DE,60-79,2023-01-26,2023-01-20,-6 day ahead inc hosp,quantile,0.1,1761.0,COVID-19
DE,60-79,2023-01-26,2023-01-20,-6 day ahead inc hosp,quantile,0.25,1774.0,COVID-19
DE,60-79,2023-01-26,2023-01-20,-6 day ahead inc hosp,quantile,0.5,1789.0,COVID-19
DE,60-79,2023-01-26,2023-01-20,-6 day ahead inc hosp,quantile,0.75,1807.0,COVID-19
DE,60-79,2023-01-26,2023-01-20,-6 day ahead inc hosp,quantile,0.9,1822.1,COVID-19
DE,60-79,2023-01-26,2023-01-20,-6 day ahead inc hosp,quantile,0.975,1841.0,COVID-19
DE,60-79,2023-01-26,2023-01-20,-6 day ahead inc hosp,mean,,1791.05075,COVID-19
DE,60-79,2023-01-26,2023-01-21,-5 day ahead inc hosp,quantile,0.025,1676.0,COVID-19
DE,60-79,2023-01-26,2023-01-21,-5 day ahead inc hosp,quantile,0.1,1691.0,COVID-19
DE,60-79,2023-01-26,2023-01-21,-5 day ahead inc hosp,quantile,0.25,1706.0,COVID-19
DE,60-79,2023-01-26,2023-01-21,-5 day ahead inc hosp,quantile,0.5,1724.0,COVID-19
DE,60-79,2023-01-26,2023-01-21,-5 day ahead inc hosp,quantile,0.75,1744.0,COVID-19
DE,60-79,2023-01-26,2023-01-21,-5 day ahead inc hosp,quantile,0.9,1764.0,COVID-19
DE,60-79,2023-01-26,2023-01-21,-5 day ahead inc hosp,quantile,0.975,1786.0,COVID-19
DE,60-79,2023-01-26,2023-01-21,-5 day ahead inc hosp,mean,,1726.15625,COVID-19
DE,60-79,2023-01-26,2023-01-22,-4 day ahead inc hosp,quantile,0.025,1656.0,COVID-19
DE,60-79,2023-01-26,2023-01-22,-4 day ahead inc hosp,quantile,0.1,1673.9,COVID-19
DE,60-79,2023-01-26,2023-01-22,-4 day ahead inc hosp,quantile,0.25,1689.0,COVID-19
DE,60-79,2023-01-26,2023-01-22,-4 day ahead inc hosp,quantile,0.5,1708.0,COVID-19
DE,60-79,2023-01-26,2023-01-22,-4 day ahead inc hosp,quantile,0.75,1728.0,COVID-19
DE,60-79,2023-01-26,2023-01-22,-4 day ahead inc hosp,quantile,0.9,1748.0,COVID-19
DE,60-79,2023-01-26,2023-01-22,-4 day ahead inc hosp,quantile,0.975,1772.0,COVID-19
DE,60-79,2023-01-26,2023-01-22,-4 day ahead inc hosp,mean,,1709.3995,COVID-19
DE,60-79,2023-01-26,2023-01-23,-3 day ahead inc hosp,quantile,0.025,1647.0,COVID-19
DE,60-79,2023-01-26,2023-01-23,-3 day ahead inc hosp,quantile,0.1,1664.0,COVID-19
DE,60-79,2023-01-26,2023-01-23,-3 day ahead inc hosp,quantile,0.25,1680.0,COVID-19
DE,60-79,2023-01-26,2023-01-23,-3 day ahead inc hosp,quantile,0.5,1700.0,COVID-19
DE,60-79,2023-01-26,2023-01-23,-3 day ahead inc hosp,quantile,0.75,1721.0,COVID-19
DE,60-79,2023-01-26,2023-01-23,-3 day ahead inc hosp,quantile,0.9,1742.0,COVID-19
DE,60-79,2023-01-26,2023-01-23,-3 day ahead inc hosp,quantile,0.975,1767.025,COVID-19
DE,60-79,2023-01-26,2023-01-23,-3 day ahead inc hosp,mean,,1701.894,COVID-19
DE,60-79,2023-01-26,2023-01-24,-2 day ahead inc hosp,quantile,0.025,1586.975,COVID-19
DE,60-79,2023-01-26,2023-01-24,-2 day ahead inc hosp,quantile,0.1,1610.0,COVID-19
DE,60-79,2023-01-26,2023-01-24,-2 day ahead inc hosp,quantile,0.25,1632.0,COVID-19
DE,60-79,2023-01-26,2023-01-24,-2 day ahead inc hosp,quantile,0.5,1660.0,COVID-19
DE,60-79,2023-01-26,2023-01-24,-2 day ahead inc hosp,quantile,0.75,1691.0,COVID-19
DE,60-79,2023-01-26,2023-01-24,-2 day ahead inc hosp,quantile,0.9,1725.0,COVID-19
DE,60-79,2023-01-26,2023-01-24,-2 day ahead inc hosp,quantile,0.975,1770.025,COVID-19
DE,60-79,2023-01-26,2023-01-24,-2 day ahead inc hosp,mean,,1664.49175,COVID-19
DE,60-79,2023-01-26,2023-01-25,-1 day ahead inc hosp,quantile,0.025,1612.0,COVID-19
DE,60-79,2023-01-26,2023-01-25,-1 day ahead inc hosp,quantile,0.1,1650.0,COVID-19
DE,60-79,2023-01-26,2023-01-25,-1 day ahead inc hosp,quantile,0.25,1687.0,COVID-19
DE,60-79,2023-01-26,2023-01-25,-1 day ahead inc hosp,quantile,0.5,1735.0,COVID-19
DE,60-79,2023-01-26,2023-01-25,-1 day ahead inc hosp,quantile,0.75,1790.0,COVID-19
DE,60-79,2023-01-26,2023-01-25,-1 day ahead inc hosp,quantile,0.9,1850.0,COVID-19
DE,60-79,2023-01-26,2023-01-25,-1 day ahead inc hosp,quantile,0.975,1934.0,COVID-19
DE,60-79,2023-01-26,2023-01-25,-1 day ahead inc hosp,mean,,1744.269,COVID-19
DE,60-79,2023-01-26,2023-01-26,0 day ahead inc hosp,quantile,0.025,1577.0,COVID-19
DE,60-79,2023-01-26,2023-01-26,0 day ahead inc hosp,quantile,0.1,1641.0,COVID-19
DE,60-79,2023-01-26,2023-01-26,0 day ahead inc hosp,quantile,0.25,1708.0,COVID-19
DE,60-79,2023-01-26,2023-01-26,0 day ahead inc hosp,quantile,0.5,1797.0,COVID-19
DE,60-79,2023-01-26,2023-01-26,0 day ahead inc hosp,quantile,0.75,1911.0,COVID-19
DE,60-79,2023-01-26,2023-01-26,0 day ahead inc hosp,quantile,0.9,2070.0,COVID-19
DE,60-79,2023-01-26,2023-01-26,0 day ahead inc hosp,quantile,0.975,2340.1000000000004,COVID-19
DE,60-79,2023-01-26,2023-01-26,0 day ahead inc hosp,mean,,1833.86225,COVID-19
DE,80+,2023-01-26,2022-12-29,-28 day ahead inc hosp,quantile,0.025,4903.0,COVID-19
DE,80+,2023-01-26,2022-12-29,-28 day ahead inc hosp,quantile,0.1,4910.0,COVID-19
DE,80+,2023-01-26,2022-12-29,-28 day ahead inc hosp,quantile,0.25,4917.0,COVID-19
DE,80+,2023-01-26,2022-12-29,-28 day ahead inc hosp,quantile,0.5,4925.0,COVID-19
DE,80+,2023-01-26,2022-12-29,-28 day ahead inc hosp,quantile,0.75,4935.0,COVID-19
DE,80+,2023-01-26,2022-12-29,-28 day ahead inc hosp,quantile,0.9,4945.0,COVID-19
DE,80+,2023-01-26,2022-12-29,-28 day ahead inc hosp,quantile,0.975,4958.0,COVID-19
DE,80+,2023-01-26,2022-12-29,-28 day ahead inc hosp,mean,,4926.6165,COVID-19
DE,80+,2023-01-26,2022-12-30,-27 day ahead inc hosp,quantile,0.025,4818.0,COVID-19
DE,80+,2023-01-26,2022-12-30,-27 day ahead inc hosp,quantile,0.1,4826.0,COVID-19
DE,80+,2023-01-26,2022-12-30,-27 day ahead inc hosp,quantile,0.25,4833.0,COVID-19
DE,80+,2023-01-26,2022-12-30,-27 day ahead inc hosp,quantile,0.5,4842.0,COVID-19
DE,80+,2023-01-26,2022-12-30,-27 day ahead inc hosp,quantile,0.75,4852.0,COVID-19
DE,80+,2023-01-26,2022-12-30,-27 day ahead inc hosp,quantile,0.9,4863.0,COVID-19
DE,80+,2023-01-26,2022-12-30,-27 day ahead inc hosp,quantile,0.975,4875.025,COVID-19
DE,80+,2023-01-26,2022-12-30,-27 day ahead inc hosp,mean,,4843.622,COVID-19
DE,80+,2023-01-26,2022-12-31,-26 day ahead inc hosp,quantile,0.025,4611.0,COVID-19
DE,80+,2023-01-26,2022-12-31,-26 day ahead inc hosp,quantile,0.1,4619.0,COVID-19
DE,80+,2023-01-26,2022-12-31,-26 day ahead inc hosp,quantile,0.25,4627.0,COVID-19
DE,80+,2023-01-26,2022-12-31,-26 day ahead inc hosp,quantile,0.5,4636.0,COVID-19
DE,80+,2023-01-26,2022-12-31,-26 day ahead inc hosp,quantile,0.75,4646.0,COVID-19
DE,80+,2023-01-26,2022-12-31,-26 day ahead inc hosp,quantile,0.9,4656.0,COVID-19
DE,80+,2023-01-26,2022-12-31,-26 day ahead inc hosp,quantile,0.975,4669.0,COVID-19
DE,80+,2023-01-26,2022-12-31,-26 day ahead inc hosp,mean,,4637.02275,COVID-19
DE,80+,2023-01-26,2023-01-01,-25 day ahead inc hosp,quantile,0.025,4600.0,COVID-19
DE,80+,2023-01-26,2023-01-01,-25 day ahead inc hosp,quantile,0.1,4608.0,COVID-19
DE,80+,2023-01-26,2023-01-01,-25 day ahead inc hosp,quantile,0.25,4616.0,COVID-19
DE,80+,2023-01-26,2023-01-01,-25 day ahead inc hosp,quantile,0.5,4625.0,COVID-19
DE,80+,2023-01-26,2023-01-01,-25 day ahead inc hosp,quantile,0.75,4635.0,COVID-19
DE,80+,2023-01-26,2023-01-01,-25 day ahead inc hosp,quantile,0.9,4645.0,COVID-19
DE,80+,2023-01-26,2023-01-01,-25 day ahead inc hosp,quantile,0.975,4658.0,COVID-19
DE,80+,2023-01-26,2023-01-01,-25 day ahead inc hosp,mean,,4625.92875,COVID-19
DE,80+,2023-01-26,2023-01-02,-24 day ahead inc hosp,quantile,0.025,4604.975,COVID-19
DE,80+,2023-01-26,2023-01-02,-24 day ahead inc hosp,quantile,0.1,4613.0,COVID-19
DE,80+,2023-01-26,2023-01-02,-24 day ahead inc hosp,quantile,0.25,4621.0,COVID-19
DE,80+,2023-01-26,2023-01-02,-24 day ahead inc hosp,quantile,0.5,4630.0,COVID-19
DE,80+,2023-01-26,2023-01-02,-24 day ahead inc hosp,quantile,0.75,4640.0,COVID-19
DE,80+,2023-01-26,2023-01-02,-24 day ahead inc hosp,quantile,0.9,4650.0,COVID-19
DE,80+,2023-01-26,2023-01-02,-24 day ahead inc hosp,quantile,0.975,4662.025,COVID-19
DE,80+,2023-01-26,2023-01-02,-24 day ahead inc hosp,mean,,4630.6705,COVID-19
DE,80+,2023-01-26,2023-01-03,-23 day ahead inc hosp,quantile,0.025,5668.0,COVID-19
DE,80+,2023-01-26,2023-01-03,-23 day ahead inc hosp,quantile,0.1,5678.0,COVID-19
DE,80+,2023-01-26,2023-01-03,-23 day ahead inc hosp,quantile,0.25,5687.0,COVID-19
DE,80+,2023-01-26,2023-01-03,-23 day ahead inc hosp,quantile,0.5,5697.0,COVID-19
DE,80+,2023-01-26,2023-01-03,-23 day ahead inc hosp,quantile,0.75,5709.0,COVID-19
DE,80+,2023-01-26,2023-01-03,-23 day ahead inc hosp,quantile,0.9,5720.0,COVID-19
DE,80+,2023-01-26,2023-01-03,-23 day ahead inc hosp,quantile,0.975,5734.0,COVID-19
DE,80+,2023-01-26,2023-01-03,-23 day ahead inc hosp,mean,,5698.2995,COVID-19
DE,80+,2023-01-26,2023-01-04,-22 day ahead inc hosp,quantile,0.025,5025.0,COVID-19
DE,80+,2023-01-26,2023-01-04,-22 day ahead inc hosp,quantile,0.1,5034.0,COVID-19
DE,80+,2023-01-26,2023-01-04,-22 day ahead inc hosp,quantile,0.25,5042.0,COVID-19
DE,80+,2023-01-26,2023-01-04,-22 day ahead inc hosp,quantile,0.5,5052.5,COVID-19
DE,80+,2023-01-26,2023-01-04,-22 day ahead inc hosp,quantile,0.75,5063.0,COVID-19
DE,80+,2023-01-26,2023-01-04,-22 day ahead inc hosp,quantile,0.9,5074.0,COVID-19
DE,80+,2023-01-26,2023-01-04,-22 day ahead inc hosp,quantile,0.975,5088.0,COVID-19
DE,80+,2023-01-26,2023-01-04,-22 day ahead inc hosp,mean,,5053.379,COVID-19
DE,80+,2023-01-26,2023-01-05,-21 day ahead inc hosp,quantile,0.025,4682.0,COVID-19
DE,80+,2023-01-26,2023-01-05,-21 day ahead inc hosp,quantile,0.1,4692.0,COVID-19
DE,80+,2023-01-26,2023-01-05,-21 day ahead inc hosp,quantile,0.25,4700.0,COVID-19
DE,80+,2023-01-26,2023-01-05,-21 day ahead inc hosp,quantile,0.5,4711.0,COVID-19
DE,80+,2023-01-26,2023-01-05,-21 day ahead inc hosp,quantile,0.75,4722.0,COVID-19
DE,80+,2023-01-26,2023-01-05,-21 day ahead inc hosp,quantile,0.9,4732.0,COVID-19
DE,80+,2023-01-26,2023-01-05,-21 day ahead inc hosp,quantile,0.975,4746.0,COVID-19
DE,80+,2023-01-26,2023-01-05,-21 day ahead inc hosp,mean,,4711.41175,COVID-19
DE,80+,2023-01-26,2023-01-06,-20 day ahead inc hosp,quantile,0.025,4402.0,COVID-19
DE,80+,2023-01-26,2023-01-06,-20 day ahead inc hosp,quantile,0.1,4412.0,COVID-19
DE,80+,2023-01-26,2023-01-06,-20 day ahead inc hosp,quantile,0.25,4421.0,COVID-19
DE,80+,2023-01-26,2023-01-06,-20 day ahead inc hosp,quantile,0.5,4431.0,COVID-19
DE,80+,2023-01-26,2023-01-06,-20 day ahead inc hosp,quantile,0.75,4442.0,COVID-19
DE,80+,2023-01-26,2023-01-06,-20 day ahead inc hosp,quantile,0.9,4453.0,COVID-19
DE,80+,2023-01-26,2023-01-06,-20 day ahead inc hosp,quantile,0.975,4466.0,COVID-19
DE,80+,2023-01-26,2023-01-06,-20 day ahead inc hosp,mean,,4431.92125,COVID-19
DE,80+,2023-01-26,2023-01-07,-19 day ahead inc hosp,quantile,0.025,4084.0,COVID-19
DE,80+,2023-01-26,2023-01-07,-19 day ahead inc hosp,quantile,0.1,4093.0,COVID-19
DE,80+,2023-01-26,2023-01-07,-19 day ahead inc hosp,quantile,0.25,4102.0,COVID-19
DE,80+,2023-01-26,2023-01-07,-19 day ahead inc hosp,quantile,0.5,4112.0,COVID-19
DE,80+,2023-01-26,2023-01-07,-19 day ahead inc hosp,quantile,0.75,4123.0,COVID-19
DE,80+,2023-01-26,2023-01-07,-19 day ahead inc hosp,quantile,0.9,4134.0,COVID-19
DE,80+,2023-01-26,2023-01-07,-19 day ahead inc hosp,quantile,0.975,4146.0,COVID-19
DE,80+,2023-01-26,2023-01-07,-19 day ahead inc hosp,mean,,4112.917,COVID-19
DE,80+,2023-01-26,2023-01-08,-18 day ahead inc hosp,quantile,0.025,4040.0,COVID-19
DE,80+,2023-01-26,2023-01-08,-18 day ahead inc hosp,quantile,0.1,4049.0,COVID-19
DE,80+,2023-01-26,2023-01-08,-18 day ahead inc hosp,quantile,0.25,4057.0,COVID-19
DE,80+,2023-01-26,2023-01-08,-18 day ahead inc hosp,quantile,0.5,4068.0,COVID-19
DE,80+,2023-01-26,2023-01-08,-18 day ahead inc hosp,quantile,0.75,4079.0,COVID-19
DE,80+,2023-01-26,2023-01-08,-18 day ahead inc hosp,quantile,0.9,4089.0,COVID-19
DE,80+,2023-01-26,2023-01-08,-18 day ahead inc hosp,quantile,0.975,4102.0,COVID-19
DE,80+,2023-01-26,2023-01-08,-18 day ahead inc hosp,mean,,4068.39675,COVID-19
DE,80+,2023-01-26,2023-01-09,-17 day ahead inc hosp,quantile,0.025,3977.0,COVID-19
DE,80+,2023-01-26,2023-01-09,-17 day ahead inc hosp,quantile,0.1,3986.0,COVID-19
DE,80+,2023-01-26,2023-01-09,-17 day ahead inc hosp,quantile,0.25,3995.0,COVID-19
DE,80+,2023-01-26,2023-01-09,-17 day ahead inc hosp,quantile,0.5,4005.0,COVID-19
DE,80+,2023-01-26,2023-01-09,-17 day ahead inc hosp,quantile,0.75,4016.0,COVID-19
DE,80+,2023-01-26,2023-01-09,-17 day ahead inc hosp,quantile,0.9,4026.0,COVID-19
DE,80+,2023-01-26,2023-01-09,-17 day ahead inc hosp,quantile,0.975,4039.0,COVID-19
DE,80+,2023-01-26,2023-01-09,-17 day ahead inc hosp,mean,,4005.7545,COVID-19
DE,80+,2023-01-26,2023-01-10,-16 day ahead inc hosp,quantile,0.025,3665.0,COVID-19
DE,80+,2023-01-26,2023-01-10,-16 day ahead inc hosp,quantile,0.1,3674.0,COVID-19
DE,80+,2023-01-26,2023-01-10,-16 day ahead inc hosp,quantile,0.25,3683.0,COVID-19
DE,80+,2023-01-26,2023-01-10,-16 day ahead inc hosp,quantile,0.5,3693.0,COVID-19
DE,80+,2023-01-26,2023-01-10,-16 day ahead inc hosp,quantile,0.75,3705.0,COVID-19
DE,80+,2023-01-26,2023-01-10,-16 day ahead inc hosp,quantile,0.9,3714.0,COVID-19
DE,80+,2023-01-26,2023-01-10,-16 day ahead inc hosp,quantile,0.975,3728.0,COVID-19
DE,80+,2023-01-26,2023-01-10,-16 day ahead inc hosp,mean,,3693.96175,COVID-19
DE,80+,2023-01-26,2023-01-11,-15 day ahead inc hosp,quantile,0.025,3371.0,COVID-19
DE,80+,2023-01-26,2023-01-11,-15 day ahead inc hosp,quantile,0.1,3380.0,COVID-19
DE,80+,2023-01-26,2023-01-11,-15 day ahead inc hosp,quantile,0.25,3389.0,COVID-19
DE,80+,2023-01-26,2023-01-11,-15 day ahead inc hosp,quantile,0.5,3399.0,COVID-19
DE,80+,2023-01-26,2023-01-11,-15 day ahead inc hosp,quantile,0.75,3410.0,COVID-19
DE,80+,2023-01-26,2023-01-11,-15 day ahead inc hosp,quantile,0.9,3420.0,COVID-19
DE,80+,2023-01-26,2023-01-11,-15 day ahead inc hosp,quantile,0.975,3432.0,COVID-19
DE,80+,2023-01-26,2023-01-11,-15 day ahead inc hosp,mean,,3399.547,COVID-19
DE,80+,2023-01-26,2023-01-12,-14 day ahead inc hosp,quantile,0.025,3112.0,COVID-19
DE,80+,2023-01-26,2023-01-12,-14 day ahead inc hosp,quantile,0.1,3123.0,COVID-19
DE,80+,2023-01-26,2023-01-12,-14 day ahead inc hosp,quantile,0.25,3132.0,COVID-19
DE,80+,2023-01-26,2023-01-12,-14 day ahead inc hosp,quantile,0.5,3142.0,COVID-19
DE,80+,2023-01-26,2023-01-12,-14 day ahead inc hosp,quantile,0.75,3152.0,COVID-19
DE,80+,2023-01-26,2023-01-12,-14 day ahead inc hosp,quantile,0.9,3163.0,COVID-19
DE,80+,2023-01-26,2023-01-12,-14 day ahead inc hosp,quantile,0.975,3174.0,COVID-19
DE,80+,2023-01-26,2023-01-12,-14 day ahead inc hosp,mean,,3142.18175,COVID-19
DE,80+,2023-01-26,2023-01-13,-13 day ahead inc hosp,quantile,0.025,2829.0,COVID-19
DE,80+,2023-01-26,2023-01-13,-13 day ahead inc hosp,quantile,0.1,2838.0,COVID-19
DE,80+,2023-01-26,2023-01-13,-13 day ahead inc hosp,quantile,0.25,2847.0,COVID-19
DE,80+,2023-01-26,2023-01-13,-13 day ahead inc hosp,quantile,0.5,2857.0,COVID-19
DE,80+,2023-01-26,2023-01-13,-13 day ahead inc hosp,quantile,0.75,2868.0,COVID-19
DE,80+,2023-01-26,2023-01-13,-13 day ahead inc hosp,quantile,0.9,2878.0,COVID-19
DE,80+,2023-01-26,2023-01-13,-13 day ahead inc hosp,quantile,0.975,2890.0,COVID-19
DE,80+,2023-01-26,2023-01-13,-13 day ahead inc hosp,mean,,2857.70125,COVID-19
DE,80+,2023-01-26,2023-01-14,-12 day ahead inc hosp,quantile,0.025,2796.0,COVID-19
DE,80+,2023-01-26,2023-01-14,-12 day ahead inc hosp,quantile,0.1,2806.0,COVID-19
DE,80+,2023-01-26,2023-01-14,-12 day ahead inc hosp,quantile,0.25,2815.0,COVID-19
DE,80+,2023-01-26,2023-01-14,-12 day ahead inc hosp,quantile,0.5,2826.0,COVID-19
DE,80+,2023-01-26,2023-01-14,-12 day ahead inc hosp,quantile,0.75,2837.25,COVID-19
DE,80+,2023-01-26,2023-01-14,-12 day ahead inc hosp,quantile,0.9,2848.0,COVID-19
DE,80+,2023-01-26,2023-01-14,-12 day ahead inc hosp,quantile,0.975,2862.0,COVID-19
DE,80+,2023-01-26,2023-01-14,-12 day ahead inc hosp,mean,,2826.59325,COVID-19
DE,80+,2023-01-26,2023-01-15,-11 day ahead inc hosp,quantile,0.025,2736.0,COVID-19
DE,80+,2023-01-26,2023-01-15,-11 day ahead inc hosp,quantile,0.1,2747.0,COVID-19
DE,80+,2023-01-26,2023-01-15,-11 day ahead inc hosp,quantile,0.25,2756.0,COVID-19
DE,80+,2023-01-26,2023-01-15,-11 day ahead inc hosp,quantile,0.5,2766.0,COVID-19
DE,80+,2023-01-26,2023-01-15,-11 day ahead inc hosp,quantile,0.75,2778.0,COVID-19
DE,80+,2023-01-26,2023-01-15,-11 day ahead inc hosp,quantile,0.9,2789.0,COVID-19
DE,80+,2023-01-26,2023-01-15,-11 day ahead inc hosp,quantile,0.975,2803.0,COVID-19
DE,80+,2023-01-26,2023-01-15,-11 day ahead inc hosp,mean,,2767.349,COVID-19
DE,80+,2023-01-26,2023-01-16,-10 day ahead inc hosp,quantile,0.025,2700.0,COVID-19
DE,80+,2023-01-26,2023-01-16,-10 day ahead inc hosp,quantile,0.1,2711.0,COVID-19
DE,80+,2023-01-26,2023-01-16,-10 day ahead inc hosp,quantile,0.25,2720.0,COVID-19
DE,80+,2023-01-26,2023-01-16,-10 day ahead inc hosp,quantile,0.5,2731.0,COVID-19
DE,80+,2023-01-26,2023-01-16,-10 day ahead inc hosp,quantile,0.75,2743.0,COVID-19
DE,80+,2023-01-26,2023-01-16,-10 day ahead inc hosp,quantile,0.9,2754.0,COVID-19
DE,80+,2023-01-26,2023-01-16,-10 day ahead inc hosp,quantile,0.975,2768.0,COVID-19
DE,80+,2023-01-26,2023-01-16,-10 day ahead inc hosp,mean,,2731.78775,COVID-19
DE,80+,2023-01-26,2023-01-17,-9 day ahead inc hosp,quantile,0.025,2422.0,COVID-19
DE,80+,2023-01-26,2023-01-17,-9 day ahead inc hosp,quantile,0.1,2434.0,COVID-19
DE,80+,2023-01-26,2023-01-17,-9 day ahead inc hosp,quantile,0.25,2445.0,COVID-19
DE,80+,2023-01-26,2023-01-17,-9 day ahead inc hosp,quantile,0.5,2457.0,COVID-19
DE,80+,2023-01-26,2023-01-17,-9 day ahead inc hosp,quantile,0.75,2470.0,COVID-19
DE,80+,2023-01-26,2023-01-17,-9 day ahead inc hosp,quantile,0.9,2483.0,COVID-19
DE,80+,2023-01-26,2023-01-17,-9 day ahead inc hosp,quantile,0.975,2500.0,COVID-19
DE,80+,2023-01-26,2023-01-17,-9 day ahead inc hosp,mean,,2457.6845,COVID-19
DE,80+,2023-01-26,2023-01-18,-8 day ahead inc hosp,quantile,0.025,2246.0,COVID-19
DE,80+,2023-01-26,2023-01-18,-8 day ahead inc hosp,quantile,0.1,2259.0,COVID-19
DE,80+,2023-01-26,2023-01-18,-8 day ahead inc hosp,quantile,0.25,2271.0,COVID-19
DE,80+,2023-01-26,2023-01-18,-8 day ahead inc hosp,quantile,0.5,2283.0,COVID-19
DE,80+,2023-01-26,2023-01-18,-8 day ahead inc hosp,quantile,0.75,2298.0,COVID-19
DE,80+,2023-01-26,2023-01-18,-8 day ahead inc hosp,quantile,0.9,2312.0,COVID-19
DE,80+,2023-01-26,2023-01-18,-8 day ahead inc hosp,quantile,0.975,2330.0,COVID-19
DE,80+,2023-01-26,2023-01-18,-8 day ahead inc hosp,mean,,2284.6655,COVID-19
DE,80+,2023-01-26,2023-01-19,-7 day ahead inc hosp,quantile,0.025,2120.0,COVID-19
DE,80+,2023-01-26,2023-01-19,-7 day ahead inc hosp,quantile,0.1,2134.0,COVID-19
DE,80+,2023-01-26,2023-01-19,-7 day ahead inc hosp,quantile,0.25,2147.0,COVID-19
DE,80+,2023-01-26,2023-01-19,-7 day ahead inc hosp,quantile,0.5,2162.0,COVID-19
DE,80+,2023-01-26,2023-01-19,-7 day ahead inc hosp,quantile,0.75,2178.0,COVID-19
DE,80+,2023-01-26,2023-01-19,-7 day ahead inc hosp,quantile,0.9,2194.0,COVID-19
DE,80+,2023-01-26,2023-01-19,-7 day ahead inc hosp,quantile,0.975,2213.0,COVID-19
DE,80+,2023-01-26,2023-01-19,-7 day ahead inc hosp,mean,,2163.31175,COVID-19
DE,80+,2023-01-26,2023-01-20,-6 day ahead inc hosp,quantile,0.025,2096.0,COVID-19
DE,80+,2023-01-26,2023-01-20,-6 day ahead inc hosp,quantile,0.1,2112.0,COVID-19
DE,80+,2023-01-26,2023-01-20,-6 day ahead inc hosp,quantile,0.25,2126.0,COVID-19
DE,80+,2023-01-26,2023-01-20,-6 day ahead inc hosp,quantile,0.5,2144.0,COVID-19
DE,80+,2023-01-26,2023-01-20,-6 day ahead inc hosp,quantile,0.75,2164.0,COVID-19
DE,80+,2023-01-26,2023-01-20,-6 day ahead inc hosp,quantile,0.9,2183.0,COVID-19
DE,80+,2023-01-26,2023-01-20,-6 day ahead inc hosp,quantile,0.975,2206.0,COVID-19
DE,80+,2023-01-26,2023-01-20,-6 day ahead inc hosp,mean,,2146.2275,COVID-19
DE,80+,2023-01-26,2023-01-21,-5 day ahead inc hosp,quantile,0.025,2027.0,COVID-19
DE,80+,2023-01-26,2023-01-21,-5 day ahead inc hosp,quantile,0.1,2046.0,COVID-19
DE,80+,2023-01-26,2023-01-21,-5 day ahead inc hosp,quantile,0.25,2063.0,COVID-19
DE,80+,2023-01-26,2023-01-21,-5 day ahead inc hosp,quantile,0.5,2085.0,COVID-19
DE,80+,2023-01-26,2023-01-21,-5 day ahead inc hosp,quantile,0.75,2109.0,COVID-19
DE,80+,2023-01-26,2023-01-21,-5 day ahead inc hosp,quantile,0.9,2130.1,COVID-19
DE,80+,2023-01-26,2023-01-21,-5 day ahead inc hosp,quantile,0.975,2161.0,COVID-19
DE,80+,2023-01-26,2023-01-21,-5 day ahead inc hosp,mean,,2087.07775,COVID-19
DE,80+,2023-01-26,2023-01-22,-4 day ahead inc hosp,quantile,0.025,2051.0,COVID-19
DE,80+,2023-01-26,2023-01-22,-4 day ahead inc hosp,quantile,0.1,2070.0,COVID-19
DE,80+,2023-01-26,2023-01-22,-4 day ahead inc hosp,quantile,0.25,2089.0,COVID-19
DE,80+,2023-01-26,2023-01-22,-4 day ahead inc hosp,quantile,0.5,2111.0,COVID-19
DE,80+,2023-01-26,2023-01-22,-4 day ahead inc hosp,quantile,0.75,2136.0,COVID-19
DE,80+,2023-01-26,2023-01-22,-4 day ahead inc hosp,quantile,0.9,2160.0,COVID-19
DE,80+,2023-01-26,2023-01-22,-4 day ahead inc hosp,quantile,0.975,2190.0,COVID-19
DE,80+,2023-01-26,2023-01-22,-4 day ahead inc hosp,mean,,2113.87825,COVID-19
DE,80+,2023-01-26,2023-01-23,-3 day ahead inc hosp,quantile,0.025,2073.0,COVID-19
DE,80+,2023-01-26,2023-01-23,-3 day ahead inc hosp,quantile,0.1,2093.0,COVID-19
DE,80+,2023-01-26,2023-01-23,-3 day ahead inc hosp,quantile,0.25,2113.0,COVID-19
DE,80+,2023-01-26,2023-01-23,-3 day ahead inc hosp,quantile,0.5,2137.0,COVID-19
DE,80+,2023-01-26,2023-01-23,-3 day ahead inc hosp,quantile,0.75,2162.0,COVID-19
DE,80+,2023-01-26,2023-01-23,-3 day ahead inc hosp,quantile,0.9,2188.0,COVID-19
DE,80+,2023-01-26,2023-01-23,-3 day ahead inc hosp,quantile,0.975,2220.025,COVID-19
DE,80+,2023-01-26,2023-01-23,-3 day ahead inc hosp,mean,,2139.181,COVID-19
DE,80+,2023-01-26,2023-01-24,-2 day ahead inc hosp,quantile,0.025,1918.0,COVID-19
DE,80+,2023-01-26,2023-01-24,-2 day ahead inc hosp,quantile,0.1,1945.0,COVID-19
DE,80+,2023-01-26,2023-01-24,-2 day ahead inc hosp,quantile,0.25,1974.0,COVID-19
DE,80+,2023-01-26,2023-01-24,-2 day ahead inc hosp,quantile,0.5,2007.0,COVID-19
DE,80+,2023-01-26,2023-01-24,-2 day ahead inc hosp,quantile,0.75,2045.0,COVID-19
DE,80+,2023-01-26,2023-01-24,-2 day ahead inc hosp,quantile,0.9,2083.0,COVID-19
DE,80+,2023-01-26,2023-01-24,-2 day ahead inc hosp,quantile,0.975,2133.0,COVID-19
DE,80+,2023-01-26,2023-01-24,-2 day ahead inc hosp,mean,,2011.7975,COVID-19
DE,80+,2023-01-26,2023-01-25,-1 day ahead inc hosp,quantile,0.025,1945.975,COVID-19
DE,80+,2023-01-26,2023-01-25,-1 day ahead inc hosp,quantile,0.1,1989.0,COVID-19
DE,80+,2023-01-26,2023-01-25,-1 day ahead inc hosp,quantile,0.25,2032.0,COVID-19
DE,80+,2023-01-26,2023-01-25,-1 day ahead inc hosp,quantile,0.5,2088.5,COVID-19
DE,80+,2023-01-26,2023-01-25,-1 day ahead inc hosp,quantile,0.75,2156.0,COVID-19
DE,80+,2023-01-26,2023-01-25,-1 day ahead inc hosp,quantile,0.9,2228.0,COVID-19
DE,80+,2023-01-26,2023-01-25,-1 day ahead inc hosp,quantile,0.975,2328.0,COVID-19
DE,80+,2023-01-26,2023-01-25,-1 day ahead inc hosp,mean,,2100.87725,COVID-19
DE,80+,2023-01-26,2023-01-26,0 day ahead inc hosp,quantile,0.025,1913.0,COVID-19
DE,80+,2023-01-26,2023-01-26,0 day ahead inc hosp,quantile,0.1,1987.0,COVID-19
DE,80+,2023-01-26,2023-01-26,0 day ahead inc hosp,quantile,0.25,2069.0,COVID-19
DE,80+,2023-01-26,2023-01-26,0 day ahead inc hosp,quantile,0.5,2183.0,COVID-19
DE,80+,2023-01-26,2023-01-26,0 day ahead inc hosp,quantile,0.75,2320.0,COVID-19
DE,80+,2023-01-26,2023-01-26,0 day ahead inc hosp,quantile,0.9,2501.0,COVID-19
DE,80+,2023-01-26,2023-01-26,0 day ahead inc hosp,quantile,0.975,2791.0,COVID-19
DE,80+,2023-01-26,2023-01-26,0 day ahead inc hosp,mean,,2221.56225,COVID-19
DE-BB,00+,2023-01-26,2022-12-29,-28 day ahead inc hosp,quantile,0.025,529.0,COVID-19
DE-BB,00+,2023-01-26,2022-12-29,-28 day ahead inc hosp,quantile,0.1,530.0,COVID-19
DE-BB,00+,2023-01-26,2022-12-29,-28 day ahead inc hosp,quantile,0.25,532.0,COVID-19
DE-BB,00+,2023-01-26,2022-12-29,-28 day ahead inc hosp,quantile,0.5,533.0,COVID-19
DE-BB,00+,2023-01-26,2022-12-29,-28 day ahead inc hosp,quantile,0.75,535.0,COVID-19
DE-BB,00+,2023-01-26,2022-12-29,-28 day ahead inc hosp,quantile,0.9,537.0,COVID-19
DE-BB,00+,2023-01-26,2022-12-29,-28 day ahead inc hosp,quantile,0.975,540.0,COVID-19
DE-BB,00+,2023-01-26,2022-12-29,-28 day ahead inc hosp,mean,,533.485,COVID-19
DE-BB,00+,2023-01-26,2022-12-30,-27 day ahead inc hosp,quantile,0.025,502.0,COVID-19
DE-BB,00+,2023-01-26,2022-12-30,-27 day ahead inc hosp,quantile,0.1,503.0,COVID-19
DE-BB,00+,2023-01-26,2022-12-30,-27 day ahead inc hosp,quantile,0.25,505.0,COVID-19
DE-BB,00+,2023-01-26,2022-12-30,-27 day ahead inc hosp,quantile,0.5,506.0,COVID-19
DE-BB,00+,2023-01-26,2022-12-30,-27 day ahead inc hosp,quantile,0.75,509.0,COVID-19
DE-BB,00+,2023-01-26,2022-12-30,-27 day ahead inc hosp,quantile,0.9,511.0,COVID-19
DE-BB,00+,2023-01-26,2022-12-30,-27 day ahead inc hosp,quantile,0.975,514.0,COVID-19
DE-BB,00+,2023-01-26,2022-12-30,-27 day ahead inc hosp,mean,,506.84325,COVID-19
DE-BB,00+,2023-01-26,2022-12-31,-26 day ahead inc hosp,quantile,0.025,489.0,COVID-19
DE-BB,00+,2023-01-26,2022-12-31,-26 day ahead inc hosp,quantile,0.1,491.0,COVID-19
DE-BB,00+,2023-01-26,2022-12-31,-26 day ahead inc hosp,quantile,0.25,492.0,COVID-19
DE-BB,00+,2023-01-26,2022-12-31,-26 day ahead inc hosp,quantile,0.5,495.0,COVID-19
DE-BB,00+,2023-01-26,2022-12-31,-26 day ahead inc hosp,quantile,0.75,497.0,COVID-19
DE-BB,00+,2023-01-26,2022-12-31,-26 day ahead inc hosp,quantile,0.9,499.0,COVID-19
DE-BB,00+,2023-01-26,2022-12-31,-26 day ahead inc hosp,quantile,0.975,502.0,COVID-19
DE-BB,00+,2023-01-26,2022-12-31,-26 day ahead inc hosp,mean,,494.84625,COVID-19
DE-BB,00+,2023-01-26,2023-01-01,-25 day ahead inc hosp,quantile,0.025,488.0,COVID-19
DE-BB,00+,2023-01-26,2023-01-01,-25 day ahead inc hosp,quantile,0.1,490.0,COVID-19
DE-BB,00+,2023-01-26,2023-01-01,-25 day ahead inc hosp,quantile,0.25,492.0,COVID-19
DE-BB,00+,2023-01-26,2023-01-01,-25 day ahead inc hosp,quantile,0.5,494.0,COVID-19
DE-BB,00+,2023-01-26,2023-01-01,-25 day ahead inc hosp,quantile,0.75,497.0,COVID-19
DE-BB,00+,2023-01-26,2023-01-01,-25 day ahead inc hosp,quantile,0.9,499.0,COVID-19
DE-BB,00+,2023-01-26,2023-01-01,-25 day ahead inc hosp,quantile,0.975,502.0,COVID-19
DE-BB,00+,2023-01-26,2023-01-01,-25 day ahead inc hosp,mean,,494.43975,COVID-19
DE-BB,00+,2023-01-26,2023-01-02,-24 day ahead inc hosp,quantile,0.025,481.0,COVID-19
DE-BB,00+,2023-01-26,2023-01-02,-24 day ahead inc hosp,quantile,0.1,483.0,COVID-19
DE-BB,00+,2023-01-26,2023-01-02,-24 day ahead inc hosp,quantile,0.25,485.0,COVID-19
DE-BB,00+,2023-01-26,2023-01-02,-24 day ahead inc hosp,quantile,0.5,487.0,COVID-19
DE-BB,00+,2023-01-26,2023-01-02,-24 day ahead inc hosp,quantile,0.75,490.0,COVID-19
DE-BB,00+,2023-01-26,2023-01-02,-24 day ahead inc hosp,quantile,0.9,492.0,COVID-19
DE-BB,00+,2023-01-26,2023-01-02,-24 day ahead inc hosp,quantile,0.975,496.0,COVID-19
DE-BB,00+,2023-01-26,2023-01-02,-24 day ahead inc hosp,mean,,487.6825,COVID-19
DE-BB,00+,2023-01-26,2023-01-03,-23 day ahead inc hosp,quantile,0.025,592.0,COVID-19
DE-BB,00+,2023-01-26,2023-01-03,-23 day ahead inc hosp,quantile,0.1,594.0,COVID-19
DE-BB,00+,2023-01-26,2023-01-03,-23 day ahead inc hosp,quantile,0.25,596.0,COVID-19
DE-BB,00+,2023-01-26,2023-01-03,-23 day ahead inc hosp,quantile,0.5,599.0,COVID-19
DE-BB,00+,2023-01-26,2023-01-03,-23 day ahead inc hosp,quantile,0.75,602.0,COVID-19
DE-BB,00+,2023-01-26,2023-01-03,-23 day ahead inc hosp,quantile,0.9,604.0,COVID-19
DE-BB,00+,2023-01-26,2023-01-03,-23 day ahead inc hosp,quantile,0.975,608.0,COVID-19
DE-BB,00+,2023-01-26,2023-01-03,-23 day ahead inc hosp,mean,,599.0415,COVID-19
DE-BB,00+,2023-01-26,2023-01-04,-22 day ahead inc hosp,quantile,0.025,497.0,COVID-19
DE-BB,00+,2023-01-26,2023-01-04,-22 day ahead inc hosp,quantile,0.1,499.0,COVID-19
DE-BB,00+,2023-01-26,2023-01-04,-22 day ahead inc hosp,quantile,0.25,501.0,COVID-19
DE-BB,00+,2023-01-26,2023-01-04,-22 day ahead inc hosp,quantile,0.5,504.0,COVID-19
DE-BB,00+,2023-01-26,2023-01-04,-22 day ahead inc hosp,quantile,0.75,507.0,COVID-19
DE-BB,00+,2023-01-26,2023-01-04,-22 day ahead inc hosp,quantile,0.9,510.0,COVID-19
DE-BB,00+,2023-01-26,2023-01-04,-22 day ahead inc hosp,quantile,0.975,514.0,COVID-19
DE-BB,00+,2023-01-26,2023-01-04,-22 day ahead inc hosp,mean,,504.125,COVID-19
DE-BB,00+,2023-01-26,2023-01-05,-21 day ahead inc hosp,quantile,0.025,442.0,COVID-19
DE-BB,00+,2023-01-26,2023-01-05,-21 day ahead inc hosp,quantile,0.1,444.0,COVID-19
DE-BB,00+,2023-01-26,2023-01-05,-21 day ahead inc hosp,quantile,0.25,446.0,COVID-19
DE-BB,00+,2023-01-26,2023-01-05,-21 day ahead inc hosp,quantile,0.5,449.0,COVID-19
DE-BB,00+,2023-01-26,2023-01-05,-21 day ahead inc hosp,quantile,0.75,452.0,COVID-19
DE-BB,00+,2023-01-26,2023-01-05,-21 day ahead inc hosp,quantile,0.9,455.0,COVID-19
DE-BB,00+,2023-01-26,2023-01-05,-21 day ahead inc hosp,quantile,0.975,459.0,COVID-19
DE-BB,00+,2023-01-26,2023-01-05,-21 day ahead inc hosp,mean,,449.40425,COVID-19
DE-BB,00+,2023-01-26,2023-01-06,-20 day ahead inc hosp,quantile,0.025,438.0,COVID-19
DE-BB,00+,2023-01-26,2023-01-06,-20 day ahead inc hosp,quantile,0.1,440.0,COVID-19
DE-BB,00+,2023-01-26,2023-01-06,-20 day ahead inc hosp,quantile,0.25,442.0,COVID-19
DE-BB,00+,2023-01-26,2023-01-06,-20 day ahead inc hosp,quantile,0.5,445.0,COVID-19
DE-BB,00+,2023-01-26,2023-01-06,-20 day ahead inc hosp,quantile,0.75,448.0,COVID-19
DE-BB,00+,2023-01-26,2023-01-06,-20 day ahead inc hosp,quantile,0.9,451.0,COVID-19
DE-BB,00+,2023-01-26,2023-01-06,-20 day ahead inc hosp,quantile,0.975,455.0,COVID-19
DE-BB,00+,2023-01-26,2023-01-06,-20 day ahead inc hosp,mean,,445.33475,COVID-19
DE-BB,00+,2023-01-26,2023-01-07,-19 day ahead inc hosp,quantile,0.025,424.0,COVID-19
DE-BB,00+,2023-01-26,2023-01-07,-19 day ahead inc hosp,quantile,0.1,427.0,COVID-19
DE-BB,00+,2023-01-26,2023-01-07,-19 day ahead inc hosp,quantile,0.25,429.0,COVID-19
DE-BB,00+,2023-01-26,2023-01-07,-19 day ahead inc hosp,quantile,0.5,432.0,COVID-19
DE-BB,00+,2023-01-26,2023-01-07,-19 day ahead inc hosp,quantile,0.75,435.0,COVID-19
DE-BB,00+,2023-01-26,2023-01-07,-19 day ahead inc hosp,quantile,0.9,438.0,COVID-19
DE-BB,00+,2023-01-26,2023-01-07,-19 day ahead inc hosp,quantile,0.975,441.0,COVID-19
DE-BB,00+,2023-01-26,2023-01-07,-19 day ahead inc hosp,mean,,432.01,COVID-19
DE-BB,00+,2023-01-26,2023-01-08,-18 day ahead inc hosp,quantile,0.025,421.0,COVID-19
DE-BB,00+,2023-01-26,2023-01-08,-18 day ahead inc hosp,quantile,0.1,423.0,COVID-19
DE-BB,00+,2023-01-26,2023-01-08,-18 day ahead inc hosp,quantile,0.25,426.0,COVID-19
DE-BB,00+,2023-01-26,2023-01-08,-18 day ahead inc hosp,quantile,0.5,428.0,COVID-19
DE-BB,00+,2023-01-26,2023-01-08,-18 day ahead inc hosp,quantile,0.75,432.0,COVID-19
DE-BB,00+,2023-01-26,2023-01-08,-18 day ahead inc hosp,quantile,0.9,435.0,COVID-19
DE-BB,00+,2023-01-26,2023-01-08,-18 day ahead inc hosp,quantile,0.975,438.0,COVID-19
DE-BB,00+,2023-01-26,2023-01-08,-18 day ahead inc hosp,mean,,428.8005,COVID-19
DE-BB,00+,2023-01-26,2023-01-09,-17 day ahead inc hosp,quantile,0.025,413.0,COVID-19
DE-BB,00+,2023-01-26,2023-01-09,-17 day ahead inc hosp,quantile,0.1,415.0,COVID-19
DE-BB,00+,2023-01-26,2023-01-09,-17 day ahead inc hosp,quantile,0.25,417.0,COVID-19
DE-BB,00+,2023-01-26,2023-01-09,-17 day ahead inc hosp,quantile,0.5,420.0,COVID-19
DE-BB,00+,2023-01-26,2023-01-09,-17 day ahead inc hosp,quantile,0.75,423.0,COVID-19
DE-BB,00+,2023-01-26,2023-01-09,-17 day ahead inc hosp,quantile,0.9,426.0,COVID-19
DE-BB,00+,2023-01-26,2023-01-09,-17 day ahead inc hosp,quantile,0.975,430.0,COVID-19
DE-BB,00+,2023-01-26,2023-01-09,-17 day ahead inc hosp,mean,,420.592,COVID-19
DE-BB,00+,2023-01-26,2023-01-10,-16 day ahead inc hosp,quantile,0.025,378.0,COVID-19
DE-BB,00+,2023-01-26,2023-01-10,-16 day ahead inc hosp,quantile,0.1,380.0,COVID-19
DE-BB,00+,2023-01-26,2023-01-10,-16 day ahead inc hosp,quantile,0.25,382.0,COVID-19
DE-BB,00+,2023-01-26,2023-01-10,-16 day ahead inc hosp,quantile,0.5,385.0,COVID-19
DE-BB,00+,2023-01-26,2023-01-10,-16 day ahead inc hosp,quantile,0.75,388.0,COVID-19
DE-BB,00+,2023-01-26,2023-01-10,-16 day ahead inc hosp,quantile,0.9,391.0,COVID-19
DE-BB,00+,2023-01-26,2023-01-10,-16 day ahead inc hosp,quantile,0.975,395.0,COVID-19
DE-BB,00+,2023-01-26,2023-01-10,-16 day ahead inc hosp,mean,,385.2385,COVID-19
DE-BB,00+,2023-01-26,2023-01-11,-15 day ahead inc hosp,quantile,0.025,332.0,COVID-19
DE-BB,00+,2023-01-26,2023-01-11,-15 day ahead inc hosp,quantile,0.1,334.0,COVID-19
DE-BB,00+,2023-01-26,2023-01-11,-15 day ahead inc hosp,quantile,0.25,336.0,COVID-19
DE-BB,00+,2023-01-26,2023-01-11,-15 day ahead inc hosp,quantile,0.5,339.0,COVID-19
DE-BB,00+,2023-01-26,2023-01-11,-15 day ahead inc hosp,quantile,0.75,341.0,COVID-19
DE-BB,00+,2023-01-26,2023-01-11,-15 day ahead inc hosp,quantile,0.9,344.0,COVID-19
DE-BB,00+,2023-01-26,2023-01-11,-15 day ahead inc hosp,quantile,0.975,348.0,COVID-19
DE-BB,00+,2023-01-26,2023-01-11,-15 day ahead inc hosp,mean,,338.82575,COVID-19
DE-BB,00+,2023-01-26,2023-01-12,-14 day ahead inc hosp,quantile,0.025,305.0,COVID-19
DE-BB,00+,2023-01-26,2023-01-12,-14 day ahead inc hosp,quantile,0.1,307.0,COVID-19
DE-BB,00+,2023-01-26,2023-01-12,-14 day ahead inc hosp,quantile,0.25,309.0,COVID-19
DE-BB,00+,2023-01-26,2023-01-12,-14 day ahead inc hosp,quantile,0.5,311.0,COVID-19
DE-BB,00+,2023-01-26,2023-01-12,-14 day ahead inc hosp,quantile,0.75,314.0,COVID-19
DE-BB,00+,2023-01-26,2023-01-12,-14 day ahead inc hosp,quantile,0.9,317.0,COVID-19
DE-BB,00+,2023-01-26,2023-01-12,-14 day ahead inc hosp,quantile,0.975,321.0,COVID-19
DE-BB,00+,2023-01-26,2023-01-12,-14 day ahead inc hosp,mean,,311.681,COVID-19
DE-BB,00+,2023-01-26,2023-01-13,-13 day ahead inc hosp,quantile,0.025,271.0,COVID-19
DE-BB,00+,2023-01-26,2023-01-13,-13 day ahead inc hosp,quantile,0.1,273.0,COVID-19
DE-BB,00+,2023-01-26,2023-01-13,-13 day ahead inc hosp,quantile,0.25,275.0,COVID-19
DE-BB,00+,2023-01-26,2023-01-13,-13 day ahead inc hosp,quantile,0.5,277.0,COVID-19
DE-BB,00+,2023-01-26,2023-01-13,-13 day ahead inc hosp,quantile,0.75,280.0,COVID-19
DE-BB,00+,2023-01-26,2023-01-13,-13 day ahead inc hosp,quantile,0.9,283.0,COVID-19
DE-BB,00+,2023-01-26,2023-01-13,-13 day ahead inc hosp,quantile,0.975,287.0,COVID-19
DE-BB,00+,2023-01-26,2023-01-13,-13 day ahead inc hosp,mean,,277.792,COVID-19
DE-BB,00+,2023-01-26,2023-01-14,-12 day ahead inc hosp,quantile,0.025,249.0,COVID-19
DE-BB,00+,2023-01-26,2023-01-14,-12 day ahead inc hosp,quantile,0.1,251.0,COVID-19
DE-BB,00+,2023-01-26,2023-01-14,-12 day ahead inc hosp,quantile,0.25,253.0,COVID-19
DE-BB,00+,2023-01-26,2023-01-14,-12 day ahead inc hosp,quantile,0.5,255.0,COVID-19
DE-BB,00+,2023-01-26,2023-01-14,-12 day ahead inc hosp,quantile,0.75,258.0,COVID-19
DE-BB,00+,2023-01-26,2023-01-14,-12 day ahead inc hosp,quantile,0.9,261.0,COVID-19
DE-BB,00+,2023-01-26,2023-01-14,-12 day ahead inc hosp,quantile,0.975,265.0,COVID-19
DE-BB,00+,2023-01-26,2023-01-14,-12 day ahead inc hosp,mean,,255.82275,COVID-19
DE-BB,00+,2023-01-26,2023-01-15,-11 day ahead inc hosp,quantile,0.025,246.0,COVID-19
DE-BB,00+,2023-01-26,2023-01-15,-11 day ahead inc hosp,quantile,0.1,248.0,COVID-19
DE-BB,00+,2023-01-26,2023-01-15,-11 day ahead inc hosp,quantile,0.25,250.0,COVID-19
DE-BB,00+,2023-01-26,2023-01-15,-11 day ahead inc hosp,quantile,0.5,253.0,COVID-19
DE-BB,00+,2023-01-26,2023-01-15,-11 day ahead inc hosp,quantile,0.75,256.0,COVID-19
DE-BB,00+,2023-01-26,2023-01-15,-11 day ahead inc hosp,quantile,0.9,258.0,COVID-19
DE-BB,00+,2023-01-26,2023-01-15,-11 day ahead inc hosp,quantile,0.975,262.0,COVID-19
DE-BB,00+,2023-01-26,2023-01-15,-11 day ahead inc hosp,mean,,252.93925,COVID-19
DE-BB,00+,2023-01-26,2023-01-16,-10 day ahead inc hosp,quantile,0.025,248.0,COVID-19
DE-BB,00+,2023-01-26,2023-01-16,-10 day ahead inc hosp,quantile,0.1,250.0,COVID-19
DE-BB,00+,2023-01-26,2023-01-16,-10 day ahead inc hosp,quantile,0.25,252.0,COVID-19
DE-BB,00+,2023-01-26,2023-01-16,-10 day ahead inc hosp,quantile,0.5,255.0,COVID-19
DE-BB,00+,2023-01-26,2023-01-16,-10 day ahead inc hosp,quantile,0.75,258.0,COVID-19
DE-BB,00+,2023-01-26,2023-01-16,-10 day ahead inc hosp,quantile,0.9,261.0,COVID-19
DE-BB,00+,2023-01-26,2023-01-16,-10 day ahead inc hosp,quantile,0.975,265.0,COVID-19
DE-BB,00+,2023-01-26,2023-01-16,-10 day ahead inc hosp,mean,,255.3945,COVID-19
DE-BB,00+,2023-01-26,2023-01-17,-9 day ahead inc hosp,quantile,0.025,241.0,COVID-19
DE-BB,00+,2023-01-26,2023-01-17,-9 day ahead inc hosp,quantile,0.1,244.0,COVID-19
DE-BB,00+,2023-01-26,2023-01-17,-9 day ahead inc hosp,quantile,0.25,246.0,COVID-19
DE-BB,00+,2023-01-26,2023-01-17,-9 day ahead inc hosp,quantile,0.5,249.0,COVID-19
DE-BB,00+,2023-01-26,2023-01-17,-9 day ahead inc hosp,quantile,0.75,252.0,COVID-19
DE-BB,00+,2023-01-26,2023-01-17,-9 day ahead inc hosp,quantile,0.9,256.0,COVID-19
DE-BB,00+,2023-01-26,2023-01-17,-9 day ahead inc hosp,quantile,0.975,259.0,COVID-19
DE-BB,00+,2023-01-26,2023-01-17,-9 day ahead inc hosp,mean,,249.52125,COVID-19
DE-BB,00+,2023-01-26,2023-01-18,-8 day ahead inc hosp,quantile,0.025,225.0,COVID-19
DE-BB,00+,2023-01-26,2023-01-18,-8 day ahead inc hosp,quantile,0.1,228.0,COVID-19
DE-BB,00+,2023-01-26,2023-01-18,-8 day ahead inc hosp,quantile,0.25,231.0,COVID-19
DE-BB,00+,2023-01-26,2023-01-18,-8 day ahead inc hosp,quantile,0.5,234.0,COVID-19
DE-BB,00+,2023-01-26,2023-01-18,-8 day ahead inc hosp,quantile,0.75,237.0,COVID-19
DE-BB,00+,2023-01-26,2023-01-18,-8 day ahead inc hosp,quantile,0.9,240.0,COVID-19
DE-BB,00+,2023-01-26,2023-01-18,-8 day ahead inc hosp,quantile,0.975,244.0,COVID-19
DE-BB,00+,2023-01-26,2023-01-18,-8 day ahead inc hosp,mean,,234.005,COVID-19
DE-BB,00+,2023-01-26,2023-01-19,-7 day ahead inc hosp,quantile,0.025,210.0,COVID-19
DE-BB,00+,2023-01-26,2023-01-19,-7 day ahead inc hosp,quantile,0.1,213.0,COVID-19
DE-BB,00+,2023-01-26,2023-01-19,-7 day ahead inc hosp,quantile,0.25,216.0,COVID-19
DE-BB,00+,2023-01-26,2023-01-19,-7 day ahead inc hosp,quantile,0.5,219.0,COVID-19
DE-BB,00+,2023-01-26,2023-01-19,-7 day ahead inc hosp,quantile,0.75,223.0,COVID-19
DE-BB,00+,2023-01-26,2023-01-19,-7 day ahead inc hosp,quantile,0.9,227.0,COVID-19
DE-BB,00+,2023-01-26,2023-01-19,-7 day ahead inc hosp,quantile,0.975,231.0,COVID-19
DE-BB,00+,2023-01-26,2023-01-19,-7 day ahead inc hosp,mean,,219.57325,COVID-19
DE-BB,00+,2023-01-26,2023-01-20,-6 day ahead inc hosp,quantile,0.025,193.0,COVID-19
DE-BB,00+,2023-01-26,2023-01-20,-6 day ahead inc hosp,quantile,0.1,196.0,COVID-19
DE-BB,00+,2023-01-26,2023-01-20,-6 day ahead inc hosp,quantile,0.25,198.0,COVID-19
DE-BB,00+,2023-01-26,2023-01-20,-6 day ahead inc hosp,quantile,0.5,202.0,COVID-19
DE-BB,00+,2023-01-26,2023-01-20,-6 day ahead inc hosp,quantile,0.75,206.0,COVID-19
DE-BB,00+,2023-01-26,2023-01-20,-6 day ahead inc hosp,quantile,0.9,211.0,COVID-19
DE-BB,00+,2023-01-26,2023-01-20,-6 day ahead inc hosp,quantile,0.975,216.0,COVID-19
DE-BB,00+,2023-01-26,2023-01-20,-6 day ahead inc hosp,mean,,202.77675,COVID-19
DE-BB,00+,2023-01-26,2023-01-21,-5 day ahead inc hosp,quantile,0.025,193.0,COVID-19
DE-BB,00+,2023-01-26,2023-01-21,-5 day ahead inc hosp,quantile,0.1,197.0,COVID-19
DE-BB,00+,2023-01-26,2023-01-21,-5 day ahead inc hosp,quantile,0.25,200.0,COVID-19
DE-BB,00+,2023-01-26,2023-01-21,-5 day ahead inc hosp,quantile,0.5,205.0,COVID-19
DE-BB,00+,2023-01-26,2023-01-21,-5 day ahead inc hosp,quantile,0.75,210.0,COVID-19
DE-BB,00+,2023-01-26,2023-01-21,-5 day ahead inc hosp,quantile,0.9,214.0,COVID-19
DE-BB,00+,2023-01-26,2023-01-21,-5 day ahead inc hosp,quantile,0.975,220.0,COVID-19
DE-BB,00+,2023-01-26,2023-01-21,-5 day ahead inc hosp,mean,,205.259,COVID-19
DE-BB,00+,2023-01-26,2023-01-22,-4 day ahead inc hosp,quantile,0.025,194.0,COVID-19
DE-BB,00+,2023-01-26,2023-01-22,-4 day ahead inc hosp,quantile,0.1,198.0,COVID-19
DE-BB,00+,2023-01-26,2023-01-22,-4 day ahead inc hosp,quantile,0.25,202.0,COVID-19
DE-BB,00+,2023-01-26,2023-01-22,-4 day ahead inc hosp,quantile,0.5,206.0,COVID-19
DE-BB,00+,2023-01-26,2023-01-22,-4 day ahead inc hosp,quantile,0.75,211.0,COVID-19
DE-BB,00+,2023-01-26,2023-01-22,-4 day ahead inc hosp,quantile,0.9,216.0,COVID-19
DE-BB,00+,2023-01-26,2023-01-22,-4 day ahead inc hosp,quantile,0.975,222.0,COVID-19
DE-BB,00+,2023-01-26,2023-01-22,-4 day ahead inc hosp,mean,,206.6085,COVID-19
DE-BB,00+,2023-01-26,2023-01-23,-3 day ahead inc hosp,quantile,0.025,192.0,COVID-19
DE-BB,00+,2023-01-26,2023-01-23,-3 day ahead inc hosp,quantile,0.1,196.0,COVID-19
DE-BB,00+,2023-01-26,2023-01-23,-3 day ahead inc hosp,quantile,0.25,199.0,COVID-19
DE-BB,00+,2023-01-26,2023-01-23,-3 day ahead inc hosp,quantile,0.5,204.0,COVID-19
DE-BB,00+,2023-01-26,2023-01-23,-3 day ahead inc hosp,quantile,0.75,209.0,COVID-19
DE-BB,00+,2023-01-26,2023-01-23,-3 day ahead inc hosp,quantile,0.9,214.0,COVID-19
DE-BB,00+,2023-01-26,2023-01-23,-3 day ahead inc hosp,quantile,0.975,220.0,COVID-19
DE-BB,00+,2023-01-26,2023-01-23,-3 day ahead inc hosp,mean,,204.3955,COVID-19
DE-BB,00+,2023-01-26,2023-01-24,-2 day ahead inc hosp,quantile,0.025,162.0,COVID-19
DE-BB,00+,2023-01-26,2023-01-24,-2 day ahead inc hosp,quantile,0.1,167.0,COVID-19
DE-BB,00+,2023-01-26,2023-01-24,-2 day ahead inc hosp,quantile,0.25,171.0,COVID-19
DE-BB,00+,2023-01-26,2023-01-24,-2 day ahead inc hosp,quantile,0.5,177.0,COVID-19
DE-BB,00+,2023-01-26,2023-01-24,-2 day ahead inc hosp,quantile,0.75,183.0,COVID-19
DE-BB,00+,2023-01-26,2023-01-24,-2 day ahead inc hosp,quantile,0.9,188.0,COVID-19
DE-BB,00+,2023-01-26,2023-01-24,-2 day ahead inc hosp,quantile,0.975,194.0,COVID-19
DE-BB,00+,2023-01-26,2023-01-24,-2 day ahead inc hosp,mean,,177.0695,COVID-19
DE-BB,00+,2023-01-26,2023-01-25,-1 day ahead inc hosp,quantile,0.025,162.0,COVID-19
DE-BB,00+,2023-01-26,2023-01-25,-1 day ahead inc hosp,quantile,0.1,167.0,COVID-19
DE-BB,00+,2023-01-26,2023-01-25,-1 day ahead inc hosp,quantile,0.25,173.0,COVID-19
DE-BB,00+,2023-01-26,2023-01-25,-1 day ahead inc hosp,quantile,0.5,179.0,COVID-19
DE-BB,00+,2023-01-26,2023-01-25,-1 day ahead inc hosp,quantile,0.75,187.0,COVID-19
DE-BB,00+,2023-01-26,2023-01-25,-1 day ahead inc hosp,quantile,0.9,195.0,COVID-19
DE-BB,00+,2023-01-26,2023-01-25,-1 day ahead inc hosp,quantile,0.975,205.0,COVID-19
DE-BB,00+,2023-01-26,2023-01-25,-1 day ahead inc hosp,mean,,180.3395,COVID-19
DE-BB,00+,2023-01-26,2023-01-26,0 day ahead inc hosp,quantile,0.025,159.0,COVID-19
DE-BB,00+,2023-01-26,2023-01-26,0 day ahead inc hosp,quantile,0.1,166.0,COVID-19
DE-BB,00+,2023-01-26,2023-01-26,0 day ahead inc hosp,quantile,0.25,173.0,COVID-19
DE-BB,00+,2023-01-26,2023-01-26,0 day ahead inc hosp,quantile,0.5,183.0,COVID-19
DE-BB,00+,2023-01-26,2023-01-26,0 day ahead inc hosp,quantile,0.75,197.0,COVID-19
DE-BB,00+,2023-01-26,2023-01-26,0 day ahead inc hosp,quantile,0.9,212.0999999999999,COVID-19
DE-BB,00+,2023-01-26,2023-01-26,0 day ahead inc hosp,quantile,0.975,237.0,COVID-19
DE-BB,00+,2023-01-26,2023-01-26,0 day ahead inc hosp,mean,,187.1335,COVID-19
DE-BE,00+,2023-01-26,2022-12-29,-28 day ahead inc hosp,quantile,0.025,543.0,COVID-19
DE-BE,00+,2023-01-26,2022-12-29,-28 day ahead inc hosp,quantile,0.1,544.0,COVID-19
DE-BE,00+,2023-01-26,2022-12-29,-28 day ahead inc hosp,quantile,0.25,545.0,COVID-19
DE-BE,00+,2023-01-26,2022-12-29,-28 day ahead inc hosp,quantile,0.5,546.0,COVID-19
DE-BE,00+,2023-01-26,2022-12-29,-28 day ahead inc hosp,quantile,0.75,547.0,COVID-19
DE-BE,00+,2023-01-26,2022-12-29,-28 day ahead inc hosp,quantile,0.9,549.0,COVID-19
DE-BE,00+,2023-01-26,2022-12-29,-28 day ahead inc hosp,quantile,0.975,551.0,COVID-19
DE-BE,00+,2023-01-26,2022-12-29,-28 day ahead inc hosp,mean,,546.23125,COVID-19
DE-BE,00+,2023-01-26,2022-12-30,-27 day ahead inc hosp,quantile,0.025,538.0,COVID-19
DE-BE,00+,2023-01-26,2022-12-30,-27 day ahead inc hosp,quantile,0.1,538.0,COVID-19
DE-BE,00+,2023-01-26,2022-12-30,-27 day ahead inc hosp,quantile,0.25,540.0,COVID-19
DE-BE,00+,2023-01-26,2022-12-30,-27 day ahead inc hosp,quantile,0.5,541.0,COVID-19
DE-BE,00+,2023-01-26,2022-12-30,-27 day ahead inc hosp,quantile,0.75,543.0,COVID-19
DE-BE,00+,2023-01-26,2022-12-30,-27 day ahead inc hosp,quantile,0.9,545.0,COVID-19
DE-BE,00+,2023-01-26,2022-12-30,-27 day ahead inc hosp,quantile,0.975,547.0,COVID-19
DE-BE,00+,2023-01-26,2022-12-30,-27 day ahead inc hosp,mean,,541.44275,COVID-19
DE-BE,00+,2023-01-26,2022-12-31,-26 day ahead inc hosp,quantile,0.025,531.0,COVID-19
DE-BE,00+,2023-01-26,2022-12-31,-26 day ahead inc hosp,quantile,0.1,532.0,COVID-19
DE-BE,00+,2023-01-26,2022-12-31,-26 day ahead inc hosp,quantile,0.25,533.0,COVID-19
DE-BE,00+,2023-01-26,2022-12-31,-26 day ahead inc hosp,quantile,0.5,535.0,COVID-19
DE-BE,00+,2023-01-26,2022-12-31,-26 day ahead inc hosp,quantile,0.75,537.0,COVID-19
DE-BE,00+,2023-01-26,2022-12-31,-26 day ahead inc hosp,quantile,0.9,539.0,COVID-19
DE-BE,00+,2023-01-26,2022-12-31,-26 day ahead inc hosp,quantile,0.975,541.0,COVID-19
DE-BE,00+,2023-01-26,2022-12-31,-26 day ahead inc hosp,mean,,535.37075,COVID-19
DE-BE,00+,2023-01-26,2023-01-01,-25 day ahead inc hosp,quantile,0.025,531.0,COVID-19
DE-BE,00+,2023-01-26,2023-01-01,-25 day ahead inc hosp,quantile,0.1,532.0,COVID-19
DE-BE,00+,2023-01-26,2023-01-01,-25 day ahead inc hosp,quantile,0.25,533.0,COVID-19
DE-BE,00+,2023-01-26,2023-01-01,-25 day ahead inc hosp,quantile,0.5,535.0,COVID-19
DE-BE,00+,2023-01-26,2023-01-01,-25 day ahead inc hosp,quantile,0.75,537.0,COVID-19
DE-BE,00+,2023-01-26,2023-01-01,-25 day ahead inc hosp,quantile,0.9,539.0,COVID-19
DE-BE,00+,2023-01-26,2023-01-01,-25 day ahead inc hosp,quantile,0.975,541.0,COVID-19
DE-BE,00+,2023-01-26,2023-01-01,-25 day ahead inc hosp,mean,,535.42575,COVID-19
DE-BE,00+,2023-01-26,2023-01-02,-24 day ahead inc hosp,quantile,0.025,531.0,COVID-19
DE-BE,00+,2023-01-26,2023-01-02,-24 day ahead inc hosp,quantile,0.1,532.0,COVID-19
DE-BE,00+,2023-01-26,2023-01-02,-24 day ahead inc hosp,quantile,0.25,534.0,COVID-19
DE-BE,00+,2023-01-26,2023-01-02,-24 day ahead inc hosp,quantile,0.5,535.0,COVID-19
DE-BE,00+,2023-01-26,2023-01-02,-24 day ahead inc hosp,quantile,0.75,537.0,COVID-19
DE-BE,00+,2023-01-26,2023-01-02,-24 day ahead inc hosp,quantile,0.9,539.0,COVID-19
DE-BE,00+,2023-01-26,2023-01-02,-24 day ahead inc hosp,quantile,0.975,542.0,COVID-19
DE-BE,00+,2023-01-26,2023-01-02,-24 day ahead inc hosp,mean,,535.49925,COVID-19
DE-BE,00+,2023-01-26,2023-01-03,-23 day ahead inc hosp,quantile,0.025,675.0,COVID-19
DE-BE,00+,2023-01-26,2023-01-03,-23 day ahead inc hosp,quantile,0.1,677.0,COVID-19
DE-BE,00+,2023-01-26,2023-01-03,-23 day ahead inc hosp,quantile,0.25,678.0,COVID-19
DE-BE,00+,2023-01-26,2023-01-03,-23 day ahead inc hosp,quantile,0.5,680.0,COVID-19
DE-BE,00+,2023-01-26,2023-01-03,-23 day ahead inc hosp,quantile,0.75,683.0,COVID-19
DE-BE,00+,2023-01-26,2023-01-03,-23 day ahead inc hosp,quantile,0.9,685.0,COVID-19
DE-BE,00+,2023-01-26,2023-01-03,-23 day ahead inc hosp,quantile,0.975,688.0,COVID-19
DE-BE,00+,2023-01-26,2023-01-03,-23 day ahead inc hosp,mean,,680.7615,COVID-19
DE-BE,00+,2023-01-26,2023-01-04,-22 day ahead inc hosp,quantile,0.025,570.0,COVID-19
DE-BE,00+,2023-01-26,2023-01-04,-22 day ahead inc hosp,quantile,0.1,572.0,COVID-19
DE-BE,00+,2023-01-26,2023-01-04,-22 day ahead inc hosp,quantile,0.25,573.0,COVID-19
DE-BE,00+,2023-01-26,2023-01-04,-22 day ahead inc hosp,quantile,0.5,576.0,COVID-19
DE-BE,00+,2023-01-26,2023-01-04,-22 day ahead inc hosp,quantile,0.75,578.0,COVID-19
DE-BE,00+,2023-01-26,2023-01-04,-22 day ahead inc hosp,quantile,0.9,580.0,COVID-19
DE-BE,00+,2023-01-26,2023-01-04,-22 day ahead inc hosp,quantile,0.975,584.0,COVID-19
DE-BE,00+,2023-01-26,2023-01-04,-22 day ahead inc hosp,mean,,575.92225,COVID-19
DE-BE,00+,2023-01-26,2023-01-05,-21 day ahead inc hosp,quantile,0.025,507.0,COVID-19
DE-BE,00+,2023-01-26,2023-01-05,-21 day ahead inc hosp,quantile,0.1,509.0,COVID-19
DE-BE,00+,2023-01-26,2023-01-05,-21 day ahead inc hosp,quantile,0.25,511.0,COVID-19
DE-BE,00+,2023-01-26,2023-01-05,-21 day ahead inc hosp,quantile,0.5,513.0,COVID-19
DE-BE,00+,2023-01-26,2023-01-05,-21 day ahead inc hosp,quantile,0.75,516.0,COVID-19
DE-BE,00+,2023-01-26,2023-01-05,-21 day ahead inc hosp,quantile,0.9,518.0,COVID-19
DE-BE,00+,2023-01-26,2023-01-05,-21 day ahead inc hosp,quantile,0.975,521.0,COVID-19
DE-BE,00+,2023-01-26,2023-01-05,-21 day ahead inc hosp,mean,,513.483,COVID-19
DE-BE,00+,2023-01-26,2023-01-06,-20 day ahead inc hosp,quantile,0.025,469.0,COVID-19
DE-BE,00+,2023-01-26,2023-01-06,-20 day ahead inc hosp,quantile,0.1,471.0,COVID-19
DE-BE,00+,2023-01-26,2023-01-06,-20 day ahead inc hosp,quantile,0.25,473.0,COVID-19
DE-BE,00+,2023-01-26,2023-01-06,-20 day ahead inc hosp,quantile,0.5,475.0,COVID-19
DE-BE,00+,2023-01-26,2023-01-06,-20 day ahead inc hosp,quantile,0.75,478.0,COVID-19
DE-BE,00+,2023-01-26,2023-01-06,-20 day ahead inc hosp,quantile,0.9,480.0,COVID-19
DE-BE,00+,2023-01-26,2023-01-06,-20 day ahead inc hosp,quantile,0.975,484.0,COVID-19
DE-BE,00+,2023-01-26,2023-01-06,-20 day ahead inc hosp,mean,,475.3225,COVID-19
DE-BE,00+,2023-01-26,2023-01-07,-19 day ahead inc hosp,quantile,0.025,435.0,COVID-19
DE-BE,00+,2023-01-26,2023-01-07,-19 day ahead inc hosp,quantile,0.1,437.0,COVID-19
DE-BE,00+,2023-01-26,2023-01-07,-19 day ahead inc hosp,quantile,0.25,439.0,COVID-19
DE-BE,00+,2023-01-26,2023-01-07,-19 day ahead inc hosp,quantile,0.5,441.0,COVID-19
DE-BE,00+,2023-01-26,2023-01-07,-19 day ahead inc hosp,quantile,0.75,444.0,COVID-19
DE-BE,00+,2023-01-26,2023-01-07,-19 day ahead inc hosp,quantile,0.9,447.0,COVID-19
DE-BE,00+,2023-01-26,2023-01-07,-19 day ahead inc hosp,quantile,0.975,450.0,COVID-19
DE-BE,00+,2023-01-26,2023-01-07,-19 day ahead inc hosp,mean,,441.718,COVID-19
DE-BE,00+,2023-01-26,2023-01-08,-18 day ahead inc hosp,quantile,0.025,435.0,COVID-19
DE-BE,00+,2023-01-26,2023-01-08,-18 day ahead inc hosp,quantile,0.1,437.0,COVID-19
DE-BE,00+,2023-01-26,2023-01-08,-18 day ahead inc hosp,quantile,0.25,439.0,COVID-19
DE-BE,00+,2023-01-26,2023-01-08,-18 day ahead inc hosp,quantile,0.5,441.0,COVID-19
DE-BE,00+,2023-01-26,2023-01-08,-18 day ahead inc hosp,quantile,0.75,444.0,COVID-19
DE-BE,00+,2023-01-26,2023-01-08,-18 day ahead inc hosp,quantile,0.9,447.0,COVID-19
DE-BE,00+,2023-01-26,2023-01-08,-18 day ahead inc hosp,quantile,0.975,450.0,COVID-19
DE-BE,00+,2023-01-26,2023-01-08,-18 day ahead inc hosp,mean,,441.81175,COVID-19
DE-BE,00+,2023-01-26,2023-01-09,-17 day ahead inc hosp,quantile,0.025,435.0,COVID-19
DE-BE,00+,2023-01-26,2023-01-09,-17 day ahead inc hosp,quantile,0.1,437.0,COVID-19
DE-BE,00+,2023-01-26,2023-01-09,-17 day ahead inc hosp,quantile,0.25,439.0,COVID-19
DE-BE,00+,2023-01-26,2023-01-09,-17 day ahead inc hosp,quantile,0.5,442.0,COVID-19
DE-BE,00+,2023-01-26,2023-01-09,-17 day ahead inc hosp,quantile,0.75,444.0,COVID-19
DE-BE,00+,2023-01-26,2023-01-09,-17 day ahead inc hosp,quantile,0.9,447.0,COVID-19
DE-BE,00+,2023-01-26,2023-01-09,-17 day ahead inc hosp,quantile,0.975,451.0,COVID-19
DE-BE,00+,2023-01-26,2023-01-09,-17 day ahead inc hosp,mean,,441.89925,COVID-19
DE-BE,00+,2023-01-26,2023-01-10,-16 day ahead inc hosp,quantile,0.025,371.0,COVID-19
DE-BE,00+,2023-01-26,2023-01-10,-16 day ahead inc hosp,quantile,0.1,373.0,COVID-19
DE-BE,00+,2023-01-26,2023-01-10,-16 day ahead inc hosp,quantile,0.25,375.0,COVID-19
DE-BE,00+,2023-01-26,2023-01-10,-16 day ahead inc hosp,quantile,0.5,378.0,COVID-19
DE-BE,00+,2023-01-26,2023-01-10,-16 day ahead inc hosp,quantile,0.75,381.0,COVID-19
DE-BE,00+,2023-01-26,2023-01-10,-16 day ahead inc hosp,quantile,0.9,384.0,COVID-19
DE-BE,00+,2023-01-26,2023-01-10,-16 day ahead inc hosp,quantile,0.975,388.0,COVID-19
DE-BE,00+,2023-01-26,2023-01-10,-16 day ahead inc hosp,mean,,378.35775,COVID-19
DE-BE,00+,2023-01-26,2023-01-11,-15 day ahead inc hosp,quantile,0.025,321.0,COVID-19
DE-BE,00+,2023-01-26,2023-01-11,-15 day ahead inc hosp,quantile,0.1,323.0,COVID-19
DE-BE,00+,2023-01-26,2023-01-11,-15 day ahead inc hosp,quantile,0.25,325.0,COVID-19
DE-BE,00+,2023-01-26,2023-01-11,-15 day ahead inc hosp,quantile,0.5,328.0,COVID-19
DE-BE,00+,2023-01-26,2023-01-11,-15 day ahead inc hosp,quantile,0.75,331.0,COVID-19
DE-BE,00+,2023-01-26,2023-01-11,-15 day ahead inc hosp,quantile,0.9,334.0,COVID-19
DE-BE,00+,2023-01-26,2023-01-11,-15 day ahead inc hosp,quantile,0.975,338.0,COVID-19
DE-BE,00+,2023-01-26,2023-01-11,-15 day ahead inc hosp,mean,,328.49875,COVID-19
DE-BE,00+,2023-01-26,2023-01-12,-14 day ahead inc hosp,quantile,0.025,302.0,COVID-19
DE-BE,00+,2023-01-26,2023-01-12,-14 day ahead inc hosp,quantile,0.1,304.0,COVID-19
DE-BE,00+,2023-01-26,2023-01-12,-14 day ahead inc hosp,quantile,0.25,307.0,COVID-19
DE-BE,00+,2023-01-26,2023-01-12,-14 day ahead inc hosp,quantile,0.5,310.0,COVID-19
DE-BE,00+,2023-01-26,2023-01-12,-14 day ahead inc hosp,quantile,0.75,313.0,COVID-19
DE-BE,00+,2023-01-26,2023-01-12,-14 day ahead inc hosp,quantile,0.9,316.0,COVID-19
DE-BE,00+,2023-01-26,2023-01-12,-14 day ahead inc hosp,quantile,0.975,320.0,COVID-19
DE-BE,00+,2023-01-26,2023-01-12,-14 day ahead inc hosp,mean,,310.0165,COVID-19
DE-BE,00+,2023-01-26,2023-01-13,-13 day ahead inc hosp,quantile,0.025,271.0,COVID-19
DE-BE,00+,2023-01-26,2023-01-13,-13 day ahead inc hosp,quantile,0.1,273.0,COVID-19
DE-BE,00+,2023-01-26,2023-01-13,-13 day ahead inc hosp,quantile,0.25,276.0,COVID-19
DE-BE,00+,2023-01-26,2023-01-13,-13 day ahead inc hosp,quantile,0.5,279.0,COVID-19
DE-BE,00+,2023-01-26,2023-01-13,-13 day ahead inc hosp,quantile,0.75,282.0,COVID-19
DE-BE,00+,2023-01-26,2023-01-13,-13 day ahead inc hosp,quantile,0.9,286.0,COVID-19
DE-BE,00+,2023-01-26,2023-01-13,-13 day ahead inc hosp,quantile,0.975,289.0,COVID-19
DE-BE,00+,2023-01-26,2023-01-13,-13 day ahead inc hosp,mean,,279.13925,COVID-19
DE-BE,00+,2023-01-26,2023-01-14,-12 day ahead inc hosp,quantile,0.025,253.0,COVID-19
DE-BE,00+,2023-01-26,2023-01-14,-12 day ahead inc hosp,quantile,0.1,256.0,COVID-19
DE-BE,00+,2023-01-26,2023-01-14,-12 day ahead inc hosp,quantile,0.25,259.0,COVID-19
DE-BE,00+,2023-01-26,2023-01-14,-12 day ahead inc hosp,quantile,0.5,262.0,COVID-19
DE-BE,00+,2023-01-26,2023-01-14,-12 day ahead inc hosp,quantile,0.75,266.0,COVID-19
DE-BE,00+,2023-01-26,2023-01-14,-12 day ahead inc hosp,quantile,0.9,270.0,COVID-19
DE-BE,00+,2023-01-26,2023-01-14,-12 day ahead inc hosp,quantile,0.975,274.0,COVID-19
DE-BE,00+,2023-01-26,2023-01-14,-12 day ahead inc hosp,mean,,262.698,COVID-19
DE-BE,00+,2023-01-26,2023-01-15,-11 day ahead inc hosp,quantile,0.025,261.0,COVID-19
DE-BE,00+,2023-01-26,2023-01-15,-11 day ahead inc hosp,quantile,0.1,264.0,COVID-19
DE-BE,00+,2023-01-26,2023-01-15,-11 day ahead inc hosp,quantile,0.25,267.0,COVID-19
DE-BE,00+,2023-01-26,2023-01-15,-11 day ahead inc hosp,quantile,0.5,271.0,COVID-19
DE-BE,00+,2023-01-26,2023-01-15,-11 day ahead inc hosp,quantile,0.75,275.0,COVID-19
DE-BE,00+,2023-01-26,2023-01-15,-11 day ahead inc hosp,quantile,0.9,279.0,COVID-19
DE-BE,00+,2023-01-26,2023-01-15,-11 day ahead inc hosp,quantile,0.975,283.0,COVID-19
DE-BE,00+,2023-01-26,2023-01-15,-11 day ahead inc hosp,mean,,271.07975,COVID-19
DE-BE,00+,2023-01-26,2023-01-16,-10 day ahead inc hosp,quantile,0.025,261.975,COVID-19
DE-BE,00+,2023-01-26,2023-01-16,-10 day ahead inc hosp,quantile,0.1,265.0,COVID-19
DE-BE,00+,2023-01-26,2023-01-16,-10 day ahead inc hosp,quantile,0.25,268.0,COVID-19
DE-BE,00+,2023-01-26,2023-01-16,-10 day ahead inc hosp,quantile,0.5,271.0,COVID-19
DE-BE,00+,2023-01-26,2023-01-16,-10 day ahead inc hosp,quantile,0.75,275.0,COVID-19
DE-BE,00+,2023-01-26,2023-01-16,-10 day ahead inc hosp,quantile,0.9,279.0,COVID-19
DE-BE,00+,2023-01-26,2023-01-16,-10 day ahead inc hosp,quantile,0.975,284.0,COVID-19
DE-BE,00+,2023-01-26,2023-01-16,-10 day ahead inc hosp,mean,,271.709,COVID-19
DE-BE,00+,2023-01-26,2023-01-17,-9 day ahead inc hosp,quantile,0.025,260.0,COVID-19
DE-BE,00+,2023-01-26,2023-01-17,-9 day ahead inc hosp,quantile,0.1,264.0,COVID-19
DE-BE,00+,2023-01-26,2023-01-17,-9 day ahead inc hosp,quantile,0.25,267.0,COVID-19
DE-BE,00+,2023-01-26,2023-01-17,-9 day ahead inc hosp,quantile,0.5,272.0,COVID-19
DE-BE,00+,2023-01-26,2023-01-17,-9 day ahead inc hosp,quantile,0.75,277.0,COVID-19
DE-BE,00+,2023-01-26,2023-01-17,-9 day ahead inc hosp,quantile,0.9,282.0,COVID-19
DE-BE,00+,2023-01-26,2023-01-17,-9 day ahead inc hosp,quantile,0.975,289.0,COVID-19
DE-BE,00+,2023-01-26,2023-01-17,-9 day ahead inc hosp,mean,,272.6645,COVID-19
DE-BE,00+,2023-01-26,2023-01-18,-8 day ahead inc hosp,quantile,0.025,258.0,COVID-19
DE-BE,00+,2023-01-26,2023-01-18,-8 day ahead inc hosp,quantile,0.1,262.0,COVID-19
DE-BE,00+,2023-01-26,2023-01-18,-8 day ahead inc hosp,quantile,0.25,266.0,COVID-19
DE-BE,00+,2023-01-26,2023-01-18,-8 day ahead inc hosp,quantile,0.5,272.0,COVID-19
DE-BE,00+,2023-01-26,2023-01-18,-8 day ahead inc hosp,quantile,0.75,279.0,COVID-19
DE-BE,00+,2023-01-26,2023-01-18,-8 day ahead inc hosp,quantile,0.9,285.0,COVID-19
DE-BE,00+,2023-01-26,2023-01-18,-8 day ahead inc hosp,quantile,0.975,294.0,COVID-19
DE-BE,00+,2023-01-26,2023-01-18,-8 day ahead inc hosp,mean,,272.995,COVID-19
DE-BE,00+,2023-01-26,2023-01-19,-7 day ahead inc hosp,quantile,0.025,246.0,COVID-19
DE-BE,00+,2023-01-26,2023-01-19,-7 day ahead inc hosp,quantile,0.1,252.0,COVID-19
DE-BE,00+,2023-01-26,2023-01-19,-7 day ahead inc hosp,quantile,0.25,257.0,COVID-19
DE-BE,00+,2023-01-26,2023-01-19,-7 day ahead inc hosp,quantile,0.5,264.0,COVID-19
DE-BE,00+,2023-01-26,2023-01-19,-7 day ahead inc hosp,quantile,0.75,272.0,COVID-19
DE-BE,00+,2023-01-26,2023-01-19,-7 day ahead inc hosp,quantile,0.9,279.0,COVID-19
DE-BE,00+,2023-01-26,2023-01-19,-7 day ahead inc hosp,quantile,0.975,288.0,COVID-19
DE-BE,00+,2023-01-26,2023-01-19,-7 day ahead inc hosp,mean,,264.93875,COVID-19
DE-BE,00+,2023-01-26,2023-01-20,-6 day ahead inc hosp,quantile,0.025,245.0,COVID-19
DE-BE,00+,2023-01-26,2023-01-20,-6 day ahead inc hosp,quantile,0.1,252.0,COVID-19
DE-BE,00+,2023-01-26,2023-01-20,-6 day ahead inc hosp,quantile,0.25,258.0,COVID-19
DE-BE,00+,2023-01-26,2023-01-20,-6 day ahead inc hosp,quantile,0.5,266.0,COVID-19
DE-BE,00+,2023-01-26,2023-01-20,-6 day ahead inc hosp,quantile,0.75,275.0,COVID-19
DE-BE,00+,2023-01-26,2023-01-20,-6 day ahead inc hosp,quantile,0.9,284.0,COVID-19
DE-BE,00+,2023-01-26,2023-01-20,-6 day ahead inc hosp,quantile,0.975,295.0,COVID-19
DE-BE,00+,2023-01-26,2023-01-20,-6 day ahead inc hosp,mean,,267.096,COVID-19
DE-BE,00+,2023-01-26,2023-01-21,-5 day ahead inc hosp,quantile,0.025,250.0,COVID-19
DE-BE,00+,2023-01-26,2023-01-21,-5 day ahead inc hosp,quantile,0.1,258.0,COVID-19
DE-BE,00+,2023-01-26,2023-01-21,-5 day ahead inc hosp,quantile,0.25,266.0,COVID-19
DE-BE,00+,2023-01-26,2023-01-21,-5 day ahead inc hosp,quantile,0.5,275.0,COVID-19
DE-BE,00+,2023-01-26,2023-01-21,-5 day ahead inc hosp,quantile,0.75,285.0,COVID-19
DE-BE,00+,2023-01-26,2023-01-21,-5 day ahead inc hosp,quantile,0.9,296.0,COVID-19
DE-BE,00+,2023-01-26,2023-01-21,-5 day ahead inc hosp,quantile,0.975,311.0,COVID-19
DE-BE,00+,2023-01-26,2023-01-21,-5 day ahead inc hosp,mean,,276.2725,COVID-19
DE-BE,00+,2023-01-26,2023-01-22,-4 day ahead inc hosp,quantile,0.025,244.0,COVID-19
DE-BE,00+,2023-01-26,2023-01-22,-4 day ahead inc hosp,quantile,0.1,252.0,COVID-19
DE-BE,00+,2023-01-26,2023-01-22,-4 day ahead inc hosp,quantile,0.25,260.0,COVID-19
DE-BE,00+,2023-01-26,2023-01-22,-4 day ahead inc hosp,quantile,0.5,270.0,COVID-19
DE-BE,00+,2023-01-26,2023-01-22,-4 day ahead inc hosp,quantile,0.75,281.0,COVID-19
DE-BE,00+,2023-01-26,2023-01-22,-4 day ahead inc hosp,quantile,0.9,291.0,COVID-19
DE-BE,00+,2023-01-26,2023-01-22,-4 day ahead inc hosp,quantile,0.975,306.0,COVID-19
DE-BE,00+,2023-01-26,2023-01-22,-4 day ahead inc hosp,mean,,271.16475,COVID-19
DE-BE,00+,2023-01-26,2023-01-23,-3 day ahead inc hosp,quantile,0.025,247.0,COVID-19
DE-BE,00+,2023-01-26,2023-01-23,-3 day ahead inc hosp,quantile,0.1,255.0,COVID-19
DE-BE,00+,2023-01-26,2023-01-23,-3 day ahead inc hosp,quantile,0.25,263.0,COVID-19
DE-BE,00+,2023-01-26,2023-01-23,-3 day ahead inc hosp,quantile,0.5,273.0,COVID-19
DE-BE,00+,2023-01-26,2023-01-23,-3 day ahead inc hosp,quantile,0.75,284.0,COVID-19
DE-BE,00+,2023-01-26,2023-01-23,-3 day ahead inc hosp,quantile,0.9,295.0,COVID-19
DE-BE,00+,2023-01-26,2023-01-23,-3 day ahead inc hosp,quantile,0.975,310.0,COVID-19
DE-BE,00+,2023-01-26,2023-01-23,-3 day ahead inc hosp,mean,,274.50775,COVID-19
DE-BE,00+,2023-01-26,2023-01-24,-2 day ahead inc hosp,quantile,0.025,262.0,COVID-19
DE-BE,00+,2023-01-26,2023-01-24,-2 day ahead inc hosp,quantile,0.1,275.0,COVID-19
DE-BE,00+,2023-01-26,2023-01-24,-2 day ahead inc hosp,quantile,0.25,287.0,COVID-19
DE-BE,00+,2023-01-26,2023-01-24,-2 day ahead inc hosp,quantile,0.5,303.0,COVID-19
DE-BE,00+,2023-01-26,2023-01-24,-2 day ahead inc hosp,quantile,0.75,322.0,COVID-19
DE-BE,00+,2023-01-26,2023-01-24,-2 day ahead inc hosp,quantile,0.9,343.0,COVID-19
DE-BE,00+,2023-01-26,2023-01-24,-2 day ahead inc hosp,quantile,0.975,372.0,COVID-19
DE-BE,00+,2023-01-26,2023-01-24,-2 day ahead inc hosp,mean,,306.45875,COVID-19
DE-BE,00+,2023-01-26,2023-01-25,-1 day ahead inc hosp,quantile,0.025,254.0,COVID-19
DE-BE,00+,2023-01-26,2023-01-25,-1 day ahead inc hosp,quantile,0.1,270.0,COVID-19
DE-BE,00+,2023-01-26,2023-01-25,-1 day ahead inc hosp,quantile,0.25,287.0,COVID-19
DE-BE,00+,2023-01-26,2023-01-25,-1 day ahead inc hosp,quantile,0.5,309.0,COVID-19
DE-BE,00+,2023-01-26,2023-01-25,-1 day ahead inc hosp,quantile,0.75,336.0,COVID-19
DE-BE,00+,2023-01-26,2023-01-25,-1 day ahead inc hosp,quantile,0.9,368.0,COVID-19
DE-BE,00+,2023-01-26,2023-01-25,-1 day ahead inc hosp,quantile,0.975,415.0250000000001,COVID-19
DE-BE,00+,2023-01-26,2023-01-25,-1 day ahead inc hosp,mean,,315.15575,COVID-19
DE-BE,00+,2023-01-26,2023-01-26,0 day ahead inc hosp,quantile,0.025,250.975,COVID-19
DE-BE,00+,2023-01-26,2023-01-26,0 day ahead inc hosp,quantile,0.1,272.0,COVID-19
DE-BE,00+,2023-01-26,2023-01-26,0 day ahead inc hosp,quantile,0.25,297.0,COVID-19
DE-BE,00+,2023-01-26,2023-01-26,0 day ahead inc hosp,quantile,0.5,332.0,COVID-19
DE-BE,00+,2023-01-26,2023-01-26,0 day ahead inc hosp,quantile,0.75,373.0,COVID-19
DE-BE,00+,2023-01-26,2023-01-26,0 day ahead inc hosp,quantile,0.9,425.0999999999999,COVID-19
DE-BE,00+,2023-01-26,2023-01-26,0 day ahead inc hosp,quantile,0.975,521.0,COVID-19
DE-BE,00+,2023-01-26,2023-01-26,0 day ahead inc hosp,mean,,344.4355,COVID-19
DE-BW,00+,2023-01-26,2022-12-29,-28 day ahead inc hosp,quantile,0.025,895.0,COVID-19
DE-BW,00+,2023-01-26,2022-12-29,-28 day ahead inc hosp,quantile,0.1,896.0,COVID-19
DE-BW,00+,2023-01-26,2022-12-29,-28 day ahead inc hosp,quantile,0.25,898.0,COVID-19
DE-BW,00+,2023-01-26,2022-12-29,-28 day ahead inc hosp,quantile,0.5,900.0,COVID-19
DE-BW,00+,2023-01-26,2022-12-29,-28 day ahead inc hosp,quantile,0.75,902.0,COVID-19
DE-BW,00+,2023-01-26,2022-12-29,-28 day ahead inc hosp,quantile,0.9,905.0,COVID-19
DE-BW,00+,2023-01-26,2022-12-29,-28 day ahead inc hosp,quantile,0.975,908.0,COVID-19
DE-BW,00+,2023-01-26,2022-12-29,-28 day ahead inc hosp,mean,,900.33725,COVID-19
DE-BW,00+,2023-01-26,2022-12-30,-27 day ahead inc hosp,quantile,0.025,864.0,COVID-19
DE-BW,00+,2023-01-26,2022-12-30,-27 day ahead inc hosp,quantile,0.1,866.0,COVID-19
DE-BW,00+,2023-01-26,2022-12-30,-27 day ahead inc hosp,quantile,0.25,867.0,COVID-19
DE-BW,00+,2023-01-26,2022-12-30,-27 day ahead inc hosp,quantile,0.5,870.0,COVID-19
DE-BW,00+,2023-01-26,2022-12-30,-27 day ahead inc hosp,quantile,0.75,872.0,COVID-19
DE-BW,00+,2023-01-26,2022-12-30,-27 day ahead inc hosp,quantile,0.9,875.0,COVID-19
DE-BW,00+,2023-01-26,2022-12-30,-27 day ahead inc hosp,quantile,0.975,878.0,COVID-19
DE-BW,00+,2023-01-26,2022-12-30,-27 day ahead inc hosp,mean,,870.029,COVID-19
DE-BW,00+,2023-01-26,2022-12-31,-26 day ahead inc hosp,quantile,0.025,780.0,COVID-19
DE-BW,00+,2023-01-26,2022-12-31,-26 day ahead inc hosp,quantile,0.1,782.0,COVID-19
DE-BW,00+,2023-01-26,2022-12-31,-26 day ahead inc hosp,quantile,0.25,784.0,COVID-19
DE-BW,00+,2023-01-26,2022-12-31,-26 day ahead inc hosp,quantile,0.5,786.0,COVID-19
DE-BW,00+,2023-01-26,2022-12-31,-26 day ahead inc hosp,quantile,0.75,789.0,COVID-19
DE-BW,00+,2023-01-26,2022-12-31,-26 day ahead inc hosp,quantile,0.9,792.0,COVID-19
DE-BW,00+,2023-01-26,2022-12-31,-26 day ahead inc hosp,quantile,0.975,795.0,COVID-19
DE-BW,00+,2023-01-26,2022-12-31,-26 day ahead inc hosp,mean,,786.56625,COVID-19
DE-BW,00+,2023-01-26,2023-01-01,-25 day ahead inc hosp,quantile,0.025,770.0,COVID-19
DE-BW,00+,2023-01-26,2023-01-01,-25 day ahead inc hosp,quantile,0.1,772.0,COVID-19
DE-BW,00+,2023-01-26,2023-01-01,-25 day ahead inc hosp,quantile,0.25,774.0,COVID-19
DE-BW,00+,2023-01-26,2023-01-01,-25 day ahead inc hosp,quantile,0.5,776.0,COVID-19
DE-BW,00+,2023-01-26,2023-01-01,-25 day ahead inc hosp,quantile,0.75,779.0,COVID-19
DE-BW,00+,2023-01-26,2023-01-01,-25 day ahead inc hosp,quantile,0.9,782.0,COVID-19
DE-BW,00+,2023-01-26,2023-01-01,-25 day ahead inc hosp,quantile,0.975,785.0,COVID-19
DE-BW,00+,2023-01-26,2023-01-01,-25 day ahead inc hosp,mean,,776.76275,COVID-19
DE-BW,00+,2023-01-26,2023-01-02,-24 day ahead inc hosp,quantile,0.025,764.0,COVID-19
DE-BW,00+,2023-01-26,2023-01-02,-24 day ahead inc hosp,quantile,0.1,766.0,COVID-19
DE-BW,00+,2023-01-26,2023-01-02,-24 day ahead inc hosp,quantile,0.25,768.0,COVID-19
DE-BW,00+,2023-01-26,2023-01-02,-24 day ahead inc hosp,quantile,0.5,771.0,COVID-19
DE-BW,00+,2023-01-26,2023-01-02,-24 day ahead inc hosp,quantile,0.75,773.0,COVID-19
DE-BW,00+,2023-01-26,2023-01-02,-24 day ahead inc hosp,quantile,0.9,776.0,COVID-19
DE-BW,00+,2023-01-26,2023-01-02,-24 day ahead inc hosp,quantile,0.975,780.0,COVID-19
DE-BW,00+,2023-01-26,2023-01-02,-24 day ahead inc hosp,mean,,770.943,COVID-19
DE-BW,00+,2023-01-26,2023-01-03,-23 day ahead inc hosp,quantile,0.025,941.0,COVID-19
DE-BW,00+,2023-01-26,2023-01-03,-23 day ahead inc hosp,quantile,0.1,943.0,COVID-19
DE-BW,00+,2023-01-26,2023-01-03,-23 day ahead inc hosp,quantile,0.25,946.0,COVID-19
DE-BW,00+,2023-01-26,2023-01-03,-23 day ahead inc hosp,quantile,0.5,948.0,COVID-19
DE-BW,00+,2023-01-26,2023-01-03,-23 day ahead inc hosp,quantile,0.75,951.0,COVID-19
DE-BW,00+,2023-01-26,2023-01-03,-23 day ahead inc hosp,quantile,0.9,954.0,COVID-19
DE-BW,00+,2023-01-26,2023-01-03,-23 day ahead inc hosp,quantile,0.975,959.0,COVID-19
DE-BW,00+,2023-01-26,2023-01-03,-23 day ahead inc hosp,mean,,948.643,COVID-19
DE-BW,00+,2023-01-26,2023-01-04,-22 day ahead inc hosp,quantile,0.025,794.0,COVID-19
DE-BW,00+,2023-01-26,2023-01-04,-22 day ahead inc hosp,quantile,0.1,796.9000000000001,COVID-19
DE-BW,00+,2023-01-26,2023-01-04,-22 day ahead inc hosp,quantile,0.25,799.0,COVID-19
DE-BW,00+,2023-01-26,2023-01-04,-22 day ahead inc hosp,quantile,0.5,802.0,COVID-19
DE-BW,00+,2023-01-26,2023-01-04,-22 day ahead inc hosp,quantile,0.75,805.0,COVID-19
DE-BW,00+,2023-01-26,2023-01-04,-22 day ahead inc hosp,quantile,0.9,808.0,COVID-19
DE-BW,00+,2023-01-26,2023-01-04,-22 day ahead inc hosp,quantile,0.975,811.0250000000001,COVID-19
DE-BW,00+,2023-01-26,2023-01-04,-22 day ahead inc hosp,mean,,802.0535,COVID-19
DE-BW,00+,2023-01-26,2023-01-05,-21 day ahead inc hosp,quantile,0.025,715.0,COVID-19
DE-BW,00+,2023-01-26,2023-01-05,-21 day ahead inc hosp,quantile,0.1,717.0,COVID-19
DE-BW,00+,2023-01-26,2023-01-05,-21 day ahead inc hosp,quantile,0.25,720.0,COVID-19
DE-BW,00+,2023-01-26,2023-01-05,-21 day ahead inc hosp,quantile,0.5,723.0,COVID-19
DE-BW,00+,2023-01-26,2023-01-05,-21 day ahead inc hosp,quantile,0.75,726.0,COVID-19
DE-BW,00+,2023-01-26,2023-01-05,-21 day ahead inc hosp,quantile,0.9,729.0,COVID-19
DE-BW,00+,2023-01-26,2023-01-05,-21 day ahead inc hosp,quantile,0.975,733.0,COVID-19
DE-BW,00+,2023-01-26,2023-01-05,-21 day ahead inc hosp,mean,,723.20275,COVID-19
DE-BW,00+,2023-01-26,2023-01-06,-20 day ahead inc hosp,quantile,0.025,666.0,COVID-19
DE-BW,00+,2023-01-26,2023-01-06,-20 day ahead inc hosp,quantile,0.1,668.0,COVID-19
DE-BW,00+,2023-01-26,2023-01-06,-20 day ahead inc hosp,quantile,0.25,671.0,COVID-19
DE-BW,00+,2023-01-26,2023-01-06,-20 day ahead inc hosp,quantile,0.5,674.0,COVID-19
DE-BW,00+,2023-01-26,2023-01-06,-20 day ahead inc hosp,quantile,0.75,677.0,COVID-19
DE-BW,00+,2023-01-26,2023-01-06,-20 day ahead inc hosp,quantile,0.9,680.0,COVID-19
DE-BW,00+,2023-01-26,2023-01-06,-20 day ahead inc hosp,quantile,0.975,685.0,COVID-19
DE-BW,00+,2023-01-26,2023-01-06,-20 day ahead inc hosp,mean,,674.236,COVID-19
DE-BW,00+,2023-01-26,2023-01-07,-19 day ahead inc hosp,quantile,0.025,592.0,COVID-19
DE-BW,00+,2023-01-26,2023-01-07,-19 day ahead inc hosp,quantile,0.1,595.0,COVID-19
DE-BW,00+,2023-01-26,2023-01-07,-19 day ahead inc hosp,quantile,0.25,597.0,COVID-19
DE-BW,00+,2023-01-26,2023-01-07,-19 day ahead inc hosp,quantile,0.5,600.0,COVID-19
DE-BW,00+,2023-01-26,2023-01-07,-19 day ahead inc hosp,quantile,0.75,603.0,COVID-19
DE-BW,00+,2023-01-26,2023-01-07,-19 day ahead inc hosp,quantile,0.9,606.0,COVID-19
DE-BW,00+,2023-01-26,2023-01-07,-19 day ahead inc hosp,quantile,0.975,610.0,COVID-19
DE-BW,00+,2023-01-26,2023-01-07,-19 day ahead inc hosp,mean,,600.34675,COVID-19
DE-BW,00+,2023-01-26,2023-01-08,-18 day ahead inc hosp,quantile,0.025,578.0,COVID-19
DE-BW,00+,2023-01-26,2023-01-08,-18 day ahead inc hosp,quantile,0.1,581.0,COVID-19
DE-BW,00+,2023-01-26,2023-01-08,-18 day ahead inc hosp,quantile,0.25,583.0,COVID-19
DE-BW,00+,2023-01-26,2023-01-08,-18 day ahead inc hosp,quantile,0.5,586.0,COVID-19
DE-BW,00+,2023-01-26,2023-01-08,-18 day ahead inc hosp,quantile,0.75,589.0,COVID-19
DE-BW,00+,2023-01-26,2023-01-08,-18 day ahead inc hosp,quantile,0.9,593.0,COVID-19
DE-BW,00+,2023-01-26,2023-01-08,-18 day ahead inc hosp,quantile,0.975,596.0,COVID-19
DE-BW,00+,2023-01-26,2023-01-08,-18 day ahead inc hosp,mean,,586.41825,COVID-19
DE-BW,00+,2023-01-26,2023-01-09,-17 day ahead inc hosp,quantile,0.025,553.0,COVID-19
DE-BW,00+,2023-01-26,2023-01-09,-17 day ahead inc hosp,quantile,0.1,556.0,COVID-19
DE-BW,00+,2023-01-26,2023-01-09,-17 day ahead inc hosp,quantile,0.25,558.0,COVID-19
DE-BW,00+,2023-01-26,2023-01-09,-17 day ahead inc hosp,quantile,0.5,561.0,COVID-19
DE-BW,00+,2023-01-26,2023-01-09,-17 day ahead inc hosp,quantile,0.75,564.0,COVID-19
DE-BW,00+,2023-01-26,2023-01-09,-17 day ahead inc hosp,quantile,0.9,568.0,COVID-19
DE-BW,00+,2023-01-26,2023-01-09,-17 day ahead inc hosp,quantile,0.975,572.0,COVID-19
DE-BW,00+,2023-01-26,2023-01-09,-17 day ahead inc hosp,mean,,561.542,COVID-19
DE-BW,00+,2023-01-26,2023-01-10,-16 day ahead inc hosp,quantile,0.025,550.0,COVID-19
DE-BW,00+,2023-01-26,2023-01-10,-16 day ahead inc hosp,quantile,0.1,554.0,COVID-19
DE-BW,00+,2023-01-26,2023-01-10,-16 day ahead inc hosp,quantile,0.25,557.0,COVID-19
DE-BW,00+,2023-01-26,2023-01-10,-16 day ahead inc hosp,quantile,0.5,560.0,COVID-19
DE-BW,00+,2023-01-26,2023-01-10,-16 day ahead inc hosp,quantile,0.75,564.0,COVID-19
DE-BW,00+,2023-01-26,2023-01-10,-16 day ahead inc hosp,quantile,0.9,568.0,COVID-19
DE-BW,00+,2023-01-26,2023-01-10,-16 day ahead inc hosp,quantile,0.975,572.0250000000001,COVID-19
DE-BW,00+,2023-01-26,2023-01-10,-16 day ahead inc hosp,mean,,560.531,COVID-19
DE-BW,00+,2023-01-26,2023-01-11,-15 day ahead inc hosp,quantile,0.025,549.0,COVID-19
DE-BW,00+,2023-01-26,2023-01-11,-15 day ahead inc hosp,quantile,0.1,552.0,COVID-19
DE-BW,00+,2023-01-26,2023-01-11,-15 day ahead inc hosp,quantile,0.25,555.0,COVID-19
DE-BW,00+,2023-01-26,2023-01-11,-15 day ahead inc hosp,quantile,0.5,559.0,COVID-19
DE-BW,00+,2023-01-26,2023-01-11,-15 day ahead inc hosp,quantile,0.75,564.0,COVID-19
DE-BW,00+,2023-01-26,2023-01-11,-15 day ahead inc hosp,quantile,0.9,568.0,COVID-19
DE-BW,00+,2023-01-26,2023-01-11,-15 day ahead inc hosp,quantile,0.975,573.0,COVID-19
DE-BW,00+,2023-01-26,2023-01-11,-15 day ahead inc hosp,mean,,559.568,COVID-19
DE-BW,00+,2023-01-26,2023-01-12,-14 day ahead inc hosp,quantile,0.025,518.0,COVID-19
DE-BW,00+,2023-01-26,2023-01-12,-14 day ahead inc hosp,quantile,0.1,521.0,COVID-19
DE-BW,00+,2023-01-26,2023-01-12,-14 day ahead inc hosp,quantile,0.25,524.0,COVID-19
DE-BW,00+,2023-01-26,2023-01-12,-14 day ahead inc hosp,quantile,0.5,529.0,COVID-19
DE-BW,00+,2023-01-26,2023-01-12,-14 day ahead inc hosp,quantile,0.75,533.0,COVID-19
DE-BW,00+,2023-01-26,2023-01-12,-14 day ahead inc hosp,quantile,0.9,537.0,COVID-19
DE-BW,00+,2023-01-26,2023-01-12,-14 day ahead inc hosp,quantile,0.975,542.0250000000001,COVID-19
DE-BW,00+,2023-01-26,2023-01-12,-14 day ahead inc hosp,mean,,528.93525,COVID-19
DE-BW,00+,2023-01-26,2023-01-13,-13 day ahead inc hosp,quantile,0.025,492.0,COVID-19
DE-BW,00+,2023-01-26,2023-01-13,-13 day ahead inc hosp,quantile,0.1,496.0,COVID-19
DE-BW,00+,2023-01-26,2023-01-13,-13 day ahead inc hosp,quantile,0.25,499.0,COVID-19
DE-BW,00+,2023-01-26,2023-01-13,-13 day ahead inc hosp,quantile,0.5,504.0,COVID-19
DE-BW,00+,2023-01-26,2023-01-13,-13 day ahead inc hosp,quantile,0.75,508.0,COVID-19
DE-BW,00+,2023-01-26,2023-01-13,-13 day ahead inc hosp,quantile,0.9,513.0,COVID-19
DE-BW,00+,2023-01-26,2023-01-13,-13 day ahead inc hosp,quantile,0.975,518.0,COVID-19
DE-BW,00+,2023-01-26,2023-01-13,-13 day ahead inc hosp,mean,,504.0335,COVID-19
DE-BW,00+,2023-01-26,2023-01-14,-12 day ahead inc hosp,quantile,0.025,534.0,COVID-19
DE-BW,00+,2023-01-26,2023-01-14,-12 day ahead inc hosp,quantile,0.1,537.0,COVID-19
DE-BW,00+,2023-01-26,2023-01-14,-12 day ahead inc hosp,quantile,0.25,542.0,COVID-19
DE-BW,00+,2023-01-26,2023-01-14,-12 day ahead inc hosp,quantile,0.5,546.0,COVID-19
DE-BW,00+,2023-01-26,2023-01-14,-12 day ahead inc hosp,quantile,0.75,552.0,COVID-19
DE-BW,00+,2023-01-26,2023-01-14,-12 day ahead inc hosp,quantile,0.9,557.0,COVID-19
DE-BW,00+,2023-01-26,2023-01-14,-12 day ahead inc hosp,quantile,0.975,563.0,COVID-19
DE-BW,00+,2023-01-26,2023-01-14,-12 day ahead inc hosp,mean,,546.84275,COVID-19
DE-BW,00+,2023-01-26,2023-01-15,-11 day ahead inc hosp,quantile,0.025,526.0,COVID-19
DE-BW,00+,2023-01-26,2023-01-15,-11 day ahead inc hosp,quantile,0.1,530.0,COVID-19
DE-BW,00+,2023-01-26,2023-01-15,-11 day ahead inc hosp,quantile,0.25,534.0,COVID-19
DE-BW,00+,2023-01-26,2023-01-15,-11 day ahead inc hosp,quantile,0.5,539.0,COVID-19
DE-BW,00+,2023-01-26,2023-01-15,-11 day ahead inc hosp,quantile,0.75,544.0,COVID-19
DE-BW,00+,2023-01-26,2023-01-15,-11 day ahead inc hosp,quantile,0.9,549.0,COVID-19
DE-BW,00+,2023-01-26,2023-01-15,-11 day ahead inc hosp,quantile,0.975,556.0,COVID-19
DE-BW,00+,2023-01-26,2023-01-15,-11 day ahead inc hosp,mean,,539.5505,COVID-19
DE-BW,00+,2023-01-26,2023-01-16,-10 day ahead inc hosp,quantile,0.025,525.0,COVID-19
DE-BW,00+,2023-01-26,2023-01-16,-10 day ahead inc hosp,quantile,0.1,529.0,COVID-19
DE-BW,00+,2023-01-26,2023-01-16,-10 day ahead inc hosp,quantile,0.25,533.0,COVID-19
DE-BW,00+,2023-01-26,2023-01-16,-10 day ahead inc hosp,quantile,0.5,538.0,COVID-19
DE-BW,00+,2023-01-26,2023-01-16,-10 day ahead inc hosp,quantile,0.75,543.0,COVID-19
DE-BW,00+,2023-01-26,2023-01-16,-10 day ahead inc hosp,quantile,0.9,548.0,COVID-19
DE-BW,00+,2023-01-26,2023-01-16,-10 day ahead inc hosp,quantile,0.975,555.0,COVID-19
DE-BW,00+,2023-01-26,2023-01-16,-10 day ahead inc hosp,mean,,538.16325,COVID-19
DE-BW,00+,2023-01-26,2023-01-17,-9 day ahead inc hosp,quantile,0.025,436.0,COVID-19
DE-BW,00+,2023-01-26,2023-01-17,-9 day ahead inc hosp,quantile,0.1,441.0,COVID-19
DE-BW,00+,2023-01-26,2023-01-17,-9 day ahead inc hosp,quantile,0.25,445.0,COVID-19
DE-BW,00+,2023-01-26,2023-01-17,-9 day ahead inc hosp,quantile,0.5,450.0,COVID-19
DE-BW,00+,2023-01-26,2023-01-17,-9 day ahead inc hosp,quantile,0.75,455.0,COVID-19
DE-BW,00+,2023-01-26,2023-01-17,-9 day ahead inc hosp,quantile,0.9,461.0,COVID-19
DE-BW,00+,2023-01-26,2023-01-17,-9 day ahead inc hosp,quantile,0.975,468.0,COVID-19
DE-BW,00+,2023-01-26,2023-01-17,-9 day ahead inc hosp,mean,,450.4005,COVID-19
DE-BW,00+,2023-01-26,2023-01-18,-8 day ahead inc hosp,quantile,0.025,403.0,COVID-19
DE-BW,00+,2023-01-26,2023-01-18,-8 day ahead inc hosp,quantile,0.1,408.0,COVID-19
DE-BW,00+,2023-01-26,2023-01-18,-8 day ahead inc hosp,quantile,0.25,413.0,COVID-19
DE-BW,00+,2023-01-26,2023-01-18,-8 day ahead inc hosp,quantile,0.5,419.0,COVID-19
DE-BW,00+,2023-01-26,2023-01-18,-8 day ahead inc hosp,quantile,0.75,425.0,COVID-19
DE-BW,00+,2023-01-26,2023-01-18,-8 day ahead inc hosp,quantile,0.9,431.0,COVID-19
DE-BW,00+,2023-01-26,2023-01-18,-8 day ahead inc hosp,quantile,0.975,438.0,COVID-19
DE-BW,00+,2023-01-26,2023-01-18,-8 day ahead inc hosp,mean,,419.13075,COVID-19
DE-BW,00+,2023-01-26,2023-01-19,-7 day ahead inc hosp,quantile,0.025,390.0,COVID-19
DE-BW,00+,2023-01-26,2023-01-19,-7 day ahead inc hosp,quantile,0.1,395.0,COVID-19
DE-BW,00+,2023-01-26,2023-01-19,-7 day ahead inc hosp,quantile,0.25,401.0,COVID-19
DE-BW,00+,2023-01-26,2023-01-19,-7 day ahead inc hosp,quantile,0.5,407.0,COVID-19
DE-BW,00+,2023-01-26,2023-01-19,-7 day ahead inc hosp,quantile,0.75,413.0,COVID-19
DE-BW,00+,2023-01-26,2023-01-19,-7 day ahead inc hosp,quantile,0.9,420.0,COVID-19
DE-BW,00+,2023-01-26,2023-01-19,-7 day ahead inc hosp,quantile,0.975,428.0,COVID-19
DE-BW,00+,2023-01-26,2023-01-19,-7 day ahead inc hosp,mean,,407.27625,COVID-19
DE-BW,00+,2023-01-26,2023-01-20,-6 day ahead inc hosp,quantile,0.025,390.0,COVID-19
DE-BW,00+,2023-01-26,2023-01-20,-6 day ahead inc hosp,quantile,0.1,396.0,COVID-19
DE-BW,00+,2023-01-26,2023-01-20,-6 day ahead inc hosp,quantile,0.25,401.0,COVID-19
DE-BW,00+,2023-01-26,2023-01-20,-6 day ahead inc hosp,quantile,0.5,408.0,COVID-19
DE-BW,00+,2023-01-26,2023-01-20,-6 day ahead inc hosp,quantile,0.75,415.0,COVID-19
DE-BW,00+,2023-01-26,2023-01-20,-6 day ahead inc hosp,quantile,0.9,423.0,COVID-19
DE-BW,00+,2023-01-26,2023-01-20,-6 day ahead inc hosp,quantile,0.975,432.0,COVID-19
DE-BW,00+,2023-01-26,2023-01-20,-6 day ahead inc hosp,mean,,408.60175,COVID-19
DE-BW,00+,2023-01-26,2023-01-21,-5 day ahead inc hosp,quantile,0.025,384.0,COVID-19
DE-BW,00+,2023-01-26,2023-01-21,-5 day ahead inc hosp,quantile,0.1,391.0,COVID-19
DE-BW,00+,2023-01-26,2023-01-21,-5 day ahead inc hosp,quantile,0.25,397.0,COVID-19
DE-BW,00+,2023-01-26,2023-01-21,-5 day ahead inc hosp,quantile,0.5,405.0,COVID-19
DE-BW,00+,2023-01-26,2023-01-21,-5 day ahead inc hosp,quantile,0.75,414.0,COVID-19
DE-BW,00+,2023-01-26,2023-01-21,-5 day ahead inc hosp,quantile,0.9,423.0,COVID-19
DE-BW,00+,2023-01-26,2023-01-21,-5 day ahead inc hosp,quantile,0.975,432.0250000000001,COVID-19
DE-BW,00+,2023-01-26,2023-01-21,-5 day ahead inc hosp,mean,,405.8555,COVID-19
DE-BW,00+,2023-01-26,2023-01-22,-4 day ahead inc hosp,quantile,0.025,391.0,COVID-19
DE-BW,00+,2023-01-26,2023-01-22,-4 day ahead inc hosp,quantile,0.1,398.0,COVID-19
DE-BW,00+,2023-01-26,2023-01-22,-4 day ahead inc hosp,quantile,0.25,405.0,COVID-19
DE-BW,00+,2023-01-26,2023-01-22,-4 day ahead inc hosp,quantile,0.5,413.0,COVID-19
DE-BW,00+,2023-01-26,2023-01-22,-4 day ahead inc hosp,quantile,0.75,422.0,COVID-19
DE-BW,00+,2023-01-26,2023-01-22,-4 day ahead inc hosp,quantile,0.9,431.0,COVID-19
DE-BW,00+,2023-01-26,2023-01-22,-4 day ahead inc hosp,quantile,0.975,442.0,COVID-19
DE-BW,00+,2023-01-26,2023-01-22,-4 day ahead inc hosp,mean,,414.0395,COVID-19
DE-BW,00+,2023-01-26,2023-01-23,-3 day ahead inc hosp,quantile,0.025,391.0,COVID-19
DE-BW,00+,2023-01-26,2023-01-23,-3 day ahead inc hosp,quantile,0.1,398.0,COVID-19
DE-BW,00+,2023-01-26,2023-01-23,-3 day ahead inc hosp,quantile,0.25,405.0,COVID-19
DE-BW,00+,2023-01-26,2023-01-23,-3 day ahead inc hosp,quantile,0.5,413.0,COVID-19
DE-BW,00+,2023-01-26,2023-01-23,-3 day ahead inc hosp,quantile,0.75,422.0,COVID-19
DE-BW,00+,2023-01-26,2023-01-23,-3 day ahead inc hosp,quantile,0.9,432.0,COVID-19
DE-BW,00+,2023-01-26,2023-01-23,-3 day ahead inc hosp,quantile,0.975,444.0,COVID-19
DE-BW,00+,2023-01-26,2023-01-23,-3 day ahead inc hosp,mean,,414.22225,COVID-19
DE-BW,00+,2023-01-26,2023-01-24,-2 day ahead inc hosp,quantile,0.025,361.0,COVID-19
DE-BW,00+,2023-01-26,2023-01-24,-2 day ahead inc hosp,quantile,0.1,370.0,COVID-19
DE-BW,00+,2023-01-26,2023-01-24,-2 day ahead inc hosp,quantile,0.25,379.0,COVID-19
DE-BW,00+,2023-01-26,2023-01-24,-2 day ahead inc hosp,quantile,0.5,391.0,COVID-19
DE-BW,00+,2023-01-26,2023-01-24,-2 day ahead inc hosp,quantile,0.75,404.0,COVID-19
DE-BW,00+,2023-01-26,2023-01-24,-2 day ahead inc hosp,quantile,0.9,417.0,COVID-19
DE-BW,00+,2023-01-26,2023-01-24,-2 day ahead inc hosp,quantile,0.975,436.0,COVID-19
DE-BW,00+,2023-01-26,2023-01-24,-2 day ahead inc hosp,mean,,392.72775,COVID-19
DE-BW,00+,2023-01-26,2023-01-25,-1 day ahead inc hosp,quantile,0.025,349.975,COVID-19
DE-BW,00+,2023-01-26,2023-01-25,-1 day ahead inc hosp,quantile,0.1,361.0,COVID-19
DE-BW,00+,2023-01-26,2023-01-25,-1 day ahead inc hosp,quantile,0.25,374.0,COVID-19
DE-BW,00+,2023-01-26,2023-01-25,-1 day ahead inc hosp,quantile,0.5,391.0,COVID-19
DE-BW,00+,2023-01-26,2023-01-25,-1 day ahead inc hosp,quantile,0.75,409.0,COVID-19
DE-BW,00+,2023-01-26,2023-01-25,-1 day ahead inc hosp,quantile,0.9,433.0,COVID-19
DE-BW,00+,2023-01-26,2023-01-25,-1 day ahead inc hosp,quantile,0.975,465.0,COVID-19
DE-BW,00+,2023-01-26,2023-01-25,-1 day ahead inc hosp,mean,,394.69175,COVID-19
DE-BW,00+,2023-01-26,2023-01-26,0 day ahead inc hosp,quantile,0.025,333.0,COVID-19
DE-BW,00+,2023-01-26,2023-01-26,0 day ahead inc hosp,quantile,0.1,350.0,COVID-19
DE-BW,00+,2023-01-26,2023-01-26,0 day ahead inc hosp,quantile,0.25,368.0,COVID-19
DE-BW,00+,2023-01-26,2023-01-26,0 day ahead inc hosp,quantile,0.5,394.0,COVID-19
DE-BW,00+,2023-01-26,2023-01-26,0 day ahead inc hosp,quantile,0.75,429.0,COVID-19
DE-BW,00+,2023-01-26,2023-01-26,0 day ahead inc hosp,quantile,0.9,474.0999999999999,COVID-19
DE-BW,00+,2023-01-26,2023-01-26,0 day ahead inc hosp,quantile,0.975,554.0250000000001,COVID-19
DE-BW,00+,2023-01-26,2023-01-26,0 day ahead inc hosp,mean,,406.554,COVID-19
DE-BY,00+,2023-01-26,2022-12-29,-28 day ahead inc hosp,quantile,0.025,1567.0,COVID-19
DE-BY,00+,2023-01-26,2022-12-29,-28 day ahead inc hosp,quantile,0.1,1570.0,COVID-19
DE-BY,00+,2023-01-26,2022-12-29,-28 day ahead inc hosp,quantile,0.25,1572.0,COVID-19
DE-BY,00+,2023-01-26,2022-12-29,-28 day ahead inc hosp,quantile,0.5,1576.0,COVID-19
DE-BY,00+,2023-01-26,2022-12-29,-28 day ahead inc hosp,quantile,0.75,1580.0,COVID-19
DE-BY,00+,2023-01-26,2022-12-29,-28 day ahead inc hosp,quantile,0.9,1584.0,COVID-19
DE-BY,00+,2023-01-26,2022-12-29,-28 day ahead inc hosp,quantile,0.975,1590.0,COVID-19
DE-BY,00+,2023-01-26,2022-12-29,-28 day ahead inc hosp,mean,,1576.578,COVID-19
DE-BY,00+,2023-01-26,2022-12-30,-27 day ahead inc hosp,quantile,0.025,1557.0,COVID-19
DE-BY,00+,2023-01-26,2022-12-30,-27 day ahead inc hosp,quantile,0.1,1559.0,COVID-19
DE-BY,00+,2023-01-26,2022-12-30,-27 day ahead inc hosp,quantile,0.25,1562.0,COVID-19
DE-BY,00+,2023-01-26,2022-12-30,-27 day ahead inc hosp,quantile,0.5,1566.0,COVID-19
DE-BY,00+,2023-01-26,2022-12-30,-27 day ahead inc hosp,quantile,0.75,1570.0,COVID-19
DE-BY,00+,2023-01-26,2022-12-30,-27 day ahead inc hosp,quantile,0.9,1574.0,COVID-19
DE-BY,00+,2023-01-26,2022-12-30,-27 day ahead inc hosp,quantile,0.975,1580.0,COVID-19
DE-BY,00+,2023-01-26,2022-12-30,-27 day ahead inc hosp,mean,,1566.29075,COVID-19
DE-BY,00+,2023-01-26,2022-12-31,-26 day ahead inc hosp,quantile,0.025,1532.0,COVID-19
DE-BY,00+,2023-01-26,2022-12-31,-26 day ahead inc hosp,quantile,0.1,1535.0,COVID-19
DE-BY,00+,2023-01-26,2022-12-31,-26 day ahead inc hosp,quantile,0.25,1538.0,COVID-19
DE-BY,00+,2023-01-26,2022-12-31,-26 day ahead inc hosp,quantile,0.5,1542.0,COVID-19
DE-BY,00+,2023-01-26,2022-12-31,-26 day ahead inc hosp,quantile,0.75,1546.0,COVID-19
DE-BY,00+,2023-01-26,2022-12-31,-26 day ahead inc hosp,quantile,0.9,1551.0,COVID-19
DE-BY,00+,2023-01-26,2022-12-31,-26 day ahead inc hosp,quantile,0.975,1556.0,COVID-19
DE-BY,00+,2023-01-26,2022-12-31,-26 day ahead inc hosp,mean,,1542.2615,COVID-19
DE-BY,00+,2023-01-26,2023-01-01,-25 day ahead inc hosp,quantile,0.025,1534.0,COVID-19
DE-BY,00+,2023-01-26,2023-01-01,-25 day ahead inc hosp,quantile,0.1,1537.0,COVID-19
DE-BY,00+,2023-01-26,2023-01-01,-25 day ahead inc hosp,quantile,0.25,1540.0,COVID-19
DE-BY,00+,2023-01-26,2023-01-01,-25 day ahead inc hosp,quantile,0.5,1544.0,COVID-19
DE-BY,00+,2023-01-26,2023-01-01,-25 day ahead inc hosp,quantile,0.75,1548.0,COVID-19
DE-BY,00+,2023-01-26,2023-01-01,-25 day ahead inc hosp,quantile,0.9,1553.0,COVID-19
DE-BY,00+,2023-01-26,2023-01-01,-25 day ahead inc hosp,quantile,0.975,1559.0,COVID-19
DE-BY,00+,2023-01-26,2023-01-01,-25 day ahead inc hosp,mean,,1544.65575,COVID-19
DE-BY,00+,2023-01-26,2023-01-02,-24 day ahead inc hosp,quantile,0.025,1536.0,COVID-19
DE-BY,00+,2023-01-26,2023-01-02,-24 day ahead inc hosp,quantile,0.1,1539.0,COVID-19
DE-BY,00+,2023-01-26,2023-01-02,-24 day ahead inc hosp,quantile,0.25,1542.0,COVID-19
DE-BY,00+,2023-01-26,2023-01-02,-24 day ahead inc hosp,quantile,0.5,1546.0,COVID-19
DE-BY,00+,2023-01-26,2023-01-02,-24 day ahead inc hosp,quantile,0.75,1551.0,COVID-19
DE-BY,00+,2023-01-26,2023-01-02,-24 day ahead inc hosp,quantile,0.9,1555.0,COVID-19
DE-BY,00+,2023-01-26,2023-01-02,-24 day ahead inc hosp,quantile,0.975,1561.0,COVID-19
DE-BY,00+,2023-01-26,2023-01-02,-24 day ahead inc hosp,mean,,1546.83725,COVID-19
DE-BY,00+,2023-01-26,2023-01-03,-23 day ahead inc hosp,quantile,0.025,1905.0,COVID-19
DE-BY,00+,2023-01-26,2023-01-03,-23 day ahead inc hosp,quantile,0.1,1908.0,COVID-19
DE-BY,00+,2023-01-26,2023-01-03,-23 day ahead inc hosp,quantile,0.25,1912.0,COVID-19
DE-BY,00+,2023-01-26,2023-01-03,-23 day ahead inc hosp,quantile,0.5,1916.0,COVID-19
DE-BY,00+,2023-01-26,2023-01-03,-23 day ahead inc hosp,quantile,0.75,1921.0,COVID-19
DE-BY,00+,2023-01-26,2023-01-03,-23 day ahead inc hosp,quantile,0.9,1926.0,COVID-19
DE-BY,00+,2023-01-26,2023-01-03,-23 day ahead inc hosp,quantile,0.975,1932.0,COVID-19
DE-BY,00+,2023-01-26,2023-01-03,-23 day ahead inc hosp,mean,,1916.51,COVID-19
DE-BY,00+,2023-01-26,2023-01-04,-22 day ahead inc hosp,quantile,0.025,1622.0,COVID-19
DE-BY,00+,2023-01-26,2023-01-04,-22 day ahead inc hosp,quantile,0.1,1626.0,COVID-19
DE-BY,00+,2023-01-26,2023-01-04,-22 day ahead inc hosp,quantile,0.25,1629.0,COVID-19
DE-BY,00+,2023-01-26,2023-01-04,-22 day ahead inc hosp,quantile,0.5,1634.0,COVID-19
DE-BY,00+,2023-01-26,2023-01-04,-22 day ahead inc hosp,quantile,0.75,1638.0,COVID-19
DE-BY,00+,2023-01-26,2023-01-04,-22 day ahead inc hosp,quantile,0.9,1644.0,COVID-19
DE-BY,00+,2023-01-26,2023-01-04,-22 day ahead inc hosp,quantile,0.975,1650.0,COVID-19
DE-BY,00+,2023-01-26,2023-01-04,-22 day ahead inc hosp,mean,,1634.19075,COVID-19
DE-BY,00+,2023-01-26,2023-01-05,-21 day ahead inc hosp,quantile,0.025,1528.0,COVID-19
DE-BY,00+,2023-01-26,2023-01-05,-21 day ahead inc hosp,quantile,0.1,1532.0,COVID-19
DE-BY,00+,2023-01-26,2023-01-05,-21 day ahead inc hosp,quantile,0.25,1536.0,COVID-19
DE-BY,00+,2023-01-26,2023-01-05,-21 day ahead inc hosp,quantile,0.5,1540.0,COVID-19
DE-BY,00+,2023-01-26,2023-01-05,-21 day ahead inc hosp,quantile,0.75,1545.0,COVID-19
DE-BY,00+,2023-01-26,2023-01-05,-21 day ahead inc hosp,quantile,0.9,1550.0,COVID-19
DE-BY,00+,2023-01-26,2023-01-05,-21 day ahead inc hosp,quantile,0.975,1556.0,COVID-19
DE-BY,00+,2023-01-26,2023-01-05,-21 day ahead inc hosp,mean,,1540.4805,COVID-19
DE-BY,00+,2023-01-26,2023-01-06,-20 day ahead inc hosp,quantile,0.025,1497.0,COVID-19
DE-BY,00+,2023-01-26,2023-01-06,-20 day ahead inc hosp,quantile,0.1,1501.0,COVID-19
DE-BY,00+,2023-01-26,2023-01-06,-20 day ahead inc hosp,quantile,0.25,1505.0,COVID-19
DE-BY,00+,2023-01-26,2023-01-06,-20 day ahead inc hosp,quantile,0.5,1510.0,COVID-19
DE-BY,00+,2023-01-26,2023-01-06,-20 day ahead inc hosp,quantile,0.75,1515.0,COVID-19
DE-BY,00+,2023-01-26,2023-01-06,-20 day ahead inc hosp,quantile,0.9,1521.0,COVID-19
DE-BY,00+,2023-01-26,2023-01-06,-20 day ahead inc hosp,quantile,0.975,1527.0,COVID-19
DE-BY,00+,2023-01-26,2023-01-06,-20 day ahead inc hosp,mean,,1510.37425,COVID-19
DE-BY,00+,2023-01-26,2023-01-07,-19 day ahead inc hosp,quantile,0.025,1324.0,COVID-19
DE-BY,00+,2023-01-26,2023-01-07,-19 day ahead inc hosp,quantile,0.1,1328.0,COVID-19
DE-BY,00+,2023-01-26,2023-01-07,-19 day ahead inc hosp,quantile,0.25,1332.0,COVID-19
DE-BY,00+,2023-01-26,2023-01-07,-19 day ahead inc hosp,quantile,0.5,1336.0,COVID-19
DE-BY,00+,2023-01-26,2023-01-07,-19 day ahead inc hosp,quantile,0.75,1341.0,COVID-19
DE-BY,00+,2023-01-26,2023-01-07,-19 day ahead inc hosp,quantile,0.9,1346.0,COVID-19
DE-BY,00+,2023-01-26,2023-01-07,-19 day ahead inc hosp,quantile,0.975,1353.0,COVID-19
DE-BY,00+,2023-01-26,2023-01-07,-19 day ahead inc hosp,mean,,1336.845,COVID-19
DE-BY,00+,2023-01-26,2023-01-08,-18 day ahead inc hosp,quantile,0.025,1329.0,COVID-19
DE-BY,00+,2023-01-26,2023-01-08,-18 day ahead inc hosp,quantile,0.1,1333.0,COVID-19
DE-BY,00+,2023-01-26,2023-01-08,-18 day ahead inc hosp,quantile,0.25,1336.0,COVID-19
DE-BY,00+,2023-01-26,2023-01-08,-18 day ahead inc hosp,quantile,0.5,1341.0,COVID-19
DE-BY,00+,2023-01-26,2023-01-08,-18 day ahead inc hosp,quantile,0.75,1346.0,COVID-19
DE-BY,00+,2023-01-26,2023-01-08,-18 day ahead inc hosp,quantile,0.9,1351.0,COVID-19
DE-BY,00+,2023-01-26,2023-01-08,-18 day ahead inc hosp,quantile,0.975,1358.0,COVID-19
DE-BY,00+,2023-01-26,2023-01-08,-18 day ahead inc hosp,mean,,1341.43175,COVID-19
DE-BY,00+,2023-01-26,2023-01-09,-17 day ahead inc hosp,quantile,0.025,1335.0,COVID-19
DE-BY,00+,2023-01-26,2023-01-09,-17 day ahead inc hosp,quantile,0.1,1339.0,COVID-19
DE-BY,00+,2023-01-26,2023-01-09,-17 day ahead inc hosp,quantile,0.25,1343.0,COVID-19
DE-BY,00+,2023-01-26,2023-01-09,-17 day ahead inc hosp,quantile,0.5,1348.0,COVID-19
DE-BY,00+,2023-01-26,2023-01-09,-17 day ahead inc hosp,quantile,0.75,1353.0,COVID-19
DE-BY,00+,2023-01-26,2023-01-09,-17 day ahead inc hosp,quantile,0.9,1358.0,COVID-19
DE-BY,00+,2023-01-26,2023-01-09,-17 day ahead inc hosp,quantile,0.975,1364.0,COVID-19
DE-BY,00+,2023-01-26,2023-01-09,-17 day ahead inc hosp,mean,,1348.22625,COVID-19
DE-BY,00+,2023-01-26,2023-01-10,-16 day ahead inc hosp,quantile,0.025,1437.0,COVID-19
DE-BY,00+,2023-01-26,2023-01-10,-16 day ahead inc hosp,quantile,0.1,1441.0,COVID-19
DE-BY,00+,2023-01-26,2023-01-10,-16 day ahead inc hosp,quantile,0.25,1445.0,COVID-19
DE-BY,00+,2023-01-26,2023-01-10,-16 day ahead inc hosp,quantile,0.5,1450.0,COVID-19
DE-BY,00+,2023-01-26,2023-01-10,-16 day ahead inc hosp,quantile,0.75,1455.0,COVID-19
DE-BY,00+,2023-01-26,2023-01-10,-16 day ahead inc hosp,quantile,0.9,1461.0,COVID-19
DE-BY,00+,2023-01-26,2023-01-10,-16 day ahead inc hosp,quantile,0.975,1468.0,COVID-19
DE-BY,00+,2023-01-26,2023-01-10,-16 day ahead inc hosp,mean,,1450.572,COVID-19
DE-BY,00+,2023-01-26,2023-01-11,-15 day ahead inc hosp,quantile,0.025,1410.975,COVID-19
DE-BY,00+,2023-01-26,2023-01-11,-15 day ahead inc hosp,quantile,0.1,1415.0,COVID-19
DE-BY,00+,2023-01-26,2023-01-11,-15 day ahead inc hosp,quantile,0.25,1419.0,COVID-19
DE-BY,00+,2023-01-26,2023-01-11,-15 day ahead inc hosp,quantile,0.5,1424.0,COVID-19
DE-BY,00+,2023-01-26,2023-01-11,-15 day ahead inc hosp,quantile,0.75,1430.0,COVID-19
DE-BY,00+,2023-01-26,2023-01-11,-15 day ahead inc hosp,quantile,0.9,1435.0,COVID-19
DE-BY,00+,2023-01-26,2023-01-11,-15 day ahead inc hosp,quantile,0.975,1442.0,COVID-19
DE-BY,00+,2023-01-26,2023-01-11,-15 day ahead inc hosp,mean,,1424.65425,COVID-19
DE-BY,00+,2023-01-26,2023-01-12,-14 day ahead inc hosp,quantile,0.025,1377.0,COVID-19
DE-BY,00+,2023-01-26,2023-01-12,-14 day ahead inc hosp,quantile,0.1,1381.0,COVID-19
DE-BY,00+,2023-01-26,2023-01-12,-14 day ahead inc hosp,quantile,0.25,1386.0,COVID-19
DE-BY,00+,2023-01-26,2023-01-12,-14 day ahead inc hosp,quantile,0.5,1391.0,COVID-19
DE-BY,00+,2023-01-26,2023-01-12,-14 day ahead inc hosp,quantile,0.75,1396.0,COVID-19
DE-BY,00+,2023-01-26,2023-01-12,-14 day ahead inc hosp,quantile,0.9,1402.0,COVID-19
DE-BY,00+,2023-01-26,2023-01-12,-14 day ahead inc hosp,quantile,0.975,1409.025,COVID-19
DE-BY,00+,2023-01-26,2023-01-12,-14 day ahead inc hosp,mean,,1391.414,COVID-19
DE-BY,00+,2023-01-26,2023-01-13,-13 day ahead inc hosp,quantile,0.025,1281.0,COVID-19
DE-BY,00+,2023-01-26,2023-01-13,-13 day ahead inc hosp,quantile,0.1,1285.0,COVID-19
DE-BY,00+,2023-01-26,2023-01-13,-13 day ahead inc hosp,quantile,0.25,1290.0,COVID-19
DE-BY,00+,2023-01-26,2023-01-13,-13 day ahead inc hosp,quantile,0.5,1295.0,COVID-19
DE-BY,00+,2023-01-26,2023-01-13,-13 day ahead inc hosp,quantile,0.75,1301.0,COVID-19
DE-BY,00+,2023-01-26,2023-01-13,-13 day ahead inc hosp,quantile,0.9,1307.0,COVID-19
DE-BY,00+,2023-01-26,2023-01-13,-13 day ahead inc hosp,quantile,0.975,1314.0,COVID-19
DE-BY,00+,2023-01-26,2023-01-13,-13 day ahead inc hosp,mean,,1295.72725,COVID-19
DE-BY,00+,2023-01-26,2023-01-14,-12 day ahead inc hosp,quantile,0.025,1412.0,COVID-19
DE-BY,00+,2023-01-26,2023-01-14,-12 day ahead inc hosp,quantile,0.1,1417.0,COVID-19
DE-BY,00+,2023-01-26,2023-01-14,-12 day ahead inc hosp,quantile,0.25,1422.0,COVID-19
DE-BY,00+,2023-01-26,2023-01-14,-12 day ahead inc hosp,quantile,0.5,1429.0,COVID-19
DE-BY,00+,2023-01-26,2023-01-14,-12 day ahead inc hosp,quantile,0.75,1435.25,COVID-19
DE-BY,00+,2023-01-26,2023-01-14,-12 day ahead inc hosp,quantile,0.9,1442.0,COVID-19
DE-BY,00+,2023-01-26,2023-01-14,-12 day ahead inc hosp,quantile,0.975,1450.025,COVID-19
DE-BY,00+,2023-01-26,2023-01-14,-12 day ahead inc hosp,mean,,1429.30775,COVID-19
DE-BY,00+,2023-01-26,2023-01-15,-11 day ahead inc hosp,quantile,0.025,1393.0,COVID-19
DE-BY,00+,2023-01-26,2023-01-15,-11 day ahead inc hosp,quantile,0.1,1398.0,COVID-19
DE-BY,00+,2023-01-26,2023-01-15,-11 day ahead inc hosp,quantile,0.25,1404.0,COVID-19
DE-BY,00+,2023-01-26,2023-01-15,-11 day ahead inc hosp,quantile,0.5,1410.0,COVID-19
DE-BY,00+,2023-01-26,2023-01-15,-11 day ahead inc hosp,quantile,0.75,1417.0,COVID-19
DE-BY,00+,2023-01-26,2023-01-15,-11 day ahead inc hosp,quantile,0.9,1424.0,COVID-19
DE-BY,00+,2023-01-26,2023-01-15,-11 day ahead inc hosp,quantile,0.975,1432.0,COVID-19
DE-BY,00+,2023-01-26,2023-01-15,-11 day ahead inc hosp,mean,,1411.0405,COVID-19
DE-BY,00+,2023-01-26,2023-01-16,-10 day ahead inc hosp,quantile,0.025,1374.0,COVID-19
DE-BY,00+,2023-01-26,2023-01-16,-10 day ahead inc hosp,quantile,0.1,1379.0,COVID-19
DE-BY,00+,2023-01-26,2023-01-16,-10 day ahead inc hosp,quantile,0.25,1385.0,COVID-19
DE-BY,00+,2023-01-26,2023-01-16,-10 day ahead inc hosp,quantile,0.5,1391.0,COVID-19
DE-BY,00+,2023-01-26,2023-01-16,-10 day ahead inc hosp,quantile,0.75,1398.0,COVID-19
DE-BY,00+,2023-01-26,2023-01-16,-10 day ahead inc hosp,quantile,0.9,1405.0,COVID-19
DE-BY,00+,2023-01-26,2023-01-16,-10 day ahead inc hosp,quantile,0.975,1413.0,COVID-19
DE-BY,00+,2023-01-26,2023-01-16,-10 day ahead inc hosp,mean,,1391.76875,COVID-19
DE-BY,00+,2023-01-26,2023-01-17,-9 day ahead inc hosp,quantile,0.025,1211.0,COVID-19
DE-BY,00+,2023-01-26,2023-01-17,-9 day ahead inc hosp,quantile,0.1,1216.0,COVID-19
DE-BY,00+,2023-01-26,2023-01-17,-9 day ahead inc hosp,quantile,0.25,1222.0,COVID-19
DE-BY,00+,2023-01-26,2023-01-17,-9 day ahead inc hosp,quantile,0.5,1229.0,COVID-19
DE-BY,00+,2023-01-26,2023-01-17,-9 day ahead inc hosp,quantile,0.75,1236.0,COVID-19
DE-BY,00+,2023-01-26,2023-01-17,-9 day ahead inc hosp,quantile,0.9,1243.0,COVID-19
DE-BY,00+,2023-01-26,2023-01-17,-9 day ahead inc hosp,quantile,0.975,1252.0,COVID-19
DE-BY,00+,2023-01-26,2023-01-17,-9 day ahead inc hosp,mean,,1229.2925,COVID-19
DE-BY,00+,2023-01-26,2023-01-18,-8 day ahead inc hosp,quantile,0.025,1134.0,COVID-19
DE-BY,00+,2023-01-26,2023-01-18,-8 day ahead inc hosp,quantile,0.1,1141.0,COVID-19
DE-BY,00+,2023-01-26,2023-01-18,-8 day ahead inc hosp,quantile,0.25,1147.0,COVID-19
DE-BY,00+,2023-01-26,2023-01-18,-8 day ahead inc hosp,quantile,0.5,1155.0,COVID-19
DE-BY,00+,2023-01-26,2023-01-18,-8 day ahead inc hosp,quantile,0.75,1163.0,COVID-19
DE-BY,00+,2023-01-26,2023-01-18,-8 day ahead inc hosp,quantile,0.9,1171.0,COVID-19
DE-BY,00+,2023-01-26,2023-01-18,-8 day ahead inc hosp,quantile,0.975,1180.0,COVID-19
DE-BY,00+,2023-01-26,2023-01-18,-8 day ahead inc hosp,mean,,1155.3905,COVID-19
DE-BY,00+,2023-01-26,2023-01-19,-7 day ahead inc hosp,quantile,0.025,1071.0,COVID-19
DE-BY,00+,2023-01-26,2023-01-19,-7 day ahead inc hosp,quantile,0.1,1079.0,COVID-19
DE-BY,00+,2023-01-26,2023-01-19,-7 day ahead inc hosp,quantile,0.25,1086.0,COVID-19
DE-BY,00+,2023-01-26,2023-01-19,-7 day ahead inc hosp,quantile,0.5,1095.0,COVID-19
DE-BY,00+,2023-01-26,2023-01-19,-7 day ahead inc hosp,quantile,0.75,1103.0,COVID-19
DE-BY,00+,2023-01-26,2023-01-19,-7 day ahead inc hosp,quantile,0.9,1113.0,COVID-19
DE-BY,00+,2023-01-26,2023-01-19,-7 day ahead inc hosp,quantile,0.975,1124.0,COVID-19
DE-BY,00+,2023-01-26,2023-01-19,-7 day ahead inc hosp,mean,,1095.27325,COVID-19
DE-BY,00+,2023-01-26,2023-01-20,-6 day ahead inc hosp,quantile,0.025,1099.0,COVID-19
DE-BY,00+,2023-01-26,2023-01-20,-6 day ahead inc hosp,quantile,0.1,1109.0,COVID-19
DE-BY,00+,2023-01-26,2023-01-20,-6 day ahead inc hosp,quantile,0.25,1117.0,COVID-19
DE-BY,00+,2023-01-26,2023-01-20,-6 day ahead inc hosp,quantile,0.5,1127.0,COVID-19
DE-BY,00+,2023-01-26,2023-01-20,-6 day ahead inc hosp,quantile,0.75,1138.0,COVID-19
DE-BY,00+,2023-01-26,2023-01-20,-6 day ahead inc hosp,quantile,0.9,1149.0,COVID-19
DE-BY,00+,2023-01-26,2023-01-20,-6 day ahead inc hosp,quantile,0.975,1165.0,COVID-19
DE-BY,00+,2023-01-26,2023-01-20,-6 day ahead inc hosp,mean,,1128.07225,COVID-19
DE-BY,00+,2023-01-26,2023-01-21,-5 day ahead inc hosp,quantile,0.025,1075.0,COVID-19
DE-BY,00+,2023-01-26,2023-01-21,-5 day ahead inc hosp,quantile,0.1,1084.0,COVID-19
DE-BY,00+,2023-01-26,2023-01-21,-5 day ahead inc hosp,quantile,0.25,1093.0,COVID-19
DE-BY,00+,2023-01-26,2023-01-21,-5 day ahead inc hosp,quantile,0.5,1105.0,COVID-19
DE-BY,00+,2023-01-26,2023-01-21,-5 day ahead inc hosp,quantile,0.75,1118.0,COVID-19
DE-BY,00+,2023-01-26,2023-01-21,-5 day ahead inc hosp,quantile,0.9,1131.0,COVID-19
DE-BY,00+,2023-01-26,2023-01-21,-5 day ahead inc hosp,quantile,0.975,1149.0,COVID-19
DE-BY,00+,2023-01-26,2023-01-21,-5 day ahead inc hosp,mean,,1106.70975,COVID-19
DE-BY,00+,2023-01-26,2023-01-22,-4 day ahead inc hosp,quantile,0.025,1087.0,COVID-19
DE-BY,00+,2023-01-26,2023-01-22,-4 day ahead inc hosp,quantile,0.1,1097.0,COVID-19
DE-BY,00+,2023-01-26,2023-01-22,-4 day ahead inc hosp,quantile,0.25,1107.0,COVID-19
DE-BY,00+,2023-01-26,2023-01-22,-4 day ahead inc hosp,quantile,0.5,1119.0,COVID-19
DE-BY,00+,2023-01-26,2023-01-22,-4 day ahead inc hosp,quantile,0.75,1133.0,COVID-19
DE-BY,00+,2023-01-26,2023-01-22,-4 day ahead inc hosp,quantile,0.9,1147.0,COVID-19
DE-BY,00+,2023-01-26,2023-01-22,-4 day ahead inc hosp,quantile,0.975,1165.025,COVID-19
DE-BY,00+,2023-01-26,2023-01-22,-4 day ahead inc hosp,mean,,1121.05725,COVID-19
DE-BY,00+,2023-01-26,2023-01-23,-3 day ahead inc hosp,quantile,0.025,1099.975,COVID-19
DE-BY,00+,2023-01-26,2023-01-23,-3 day ahead inc hosp,quantile,0.1,1110.0,COVID-19
DE-BY,00+,2023-01-26,2023-01-23,-3 day ahead inc hosp,quantile,0.25,1120.0,COVID-19
DE-BY,00+,2023-01-26,2023-01-23,-3 day ahead inc hosp,quantile,0.5,1134.0,COVID-19
DE-BY,00+,2023-01-26,2023-01-23,-3 day ahead inc hosp,quantile,0.75,1148.0,COVID-19
DE-BY,00+,2023-01-26,2023-01-23,-3 day ahead inc hosp,quantile,0.9,1163.0,COVID-19
DE-BY,00+,2023-01-26,2023-01-23,-3 day ahead inc hosp,quantile,0.975,1182.0,COVID-19
DE-BY,00+,2023-01-26,2023-01-23,-3 day ahead inc hosp,mean,,1135.03675,COVID-19
DE-BY,00+,2023-01-26,2023-01-24,-2 day ahead inc hosp,quantile,0.025,1062.975,COVID-19
DE-BY,00+,2023-01-26,2023-01-24,-2 day ahead inc hosp,quantile,0.1,1076.0,COVID-19
DE-BY,00+,2023-01-26,2023-01-24,-2 day ahead inc hosp,quantile,0.25,1090.0,COVID-19
DE-BY,00+,2023-01-26,2023-01-24,-2 day ahead inc hosp,quantile,0.5,1107.0,COVID-19
DE-BY,00+,2023-01-26,2023-01-24,-2 day ahead inc hosp,quantile,0.75,1126.0,COVID-19
DE-BY,00+,2023-01-26,2023-01-24,-2 day ahead inc hosp,quantile,0.9,1148.0,COVID-19
DE-BY,00+,2023-01-26,2023-01-24,-2 day ahead inc hosp,quantile,0.975,1173.0,COVID-19
DE-BY,00+,2023-01-26,2023-01-24,-2 day ahead inc hosp,mean,,1110.10825,COVID-19
DE-BY,00+,2023-01-26,2023-01-25,-1 day ahead inc hosp,quantile,0.025,1135.0,COVID-19
DE-BY,00+,2023-01-26,2023-01-25,-1 day ahead inc hosp,quantile,0.1,1158.0,COVID-19
DE-BY,00+,2023-01-26,2023-01-25,-1 day ahead inc hosp,quantile,0.25,1180.0,COVID-19
DE-BY,00+,2023-01-26,2023-01-25,-1 day ahead inc hosp,quantile,0.5,1210.0,COVID-19
DE-BY,00+,2023-01-26,2023-01-25,-1 day ahead inc hosp,quantile,0.75,1249.0,COVID-19
DE-BY,00+,2023-01-26,2023-01-25,-1 day ahead inc hosp,quantile,0.9,1296.1,COVID-19
DE-BY,00+,2023-01-26,2023-01-25,-1 day ahead inc hosp,quantile,0.975,1362.0,COVID-19
DE-BY,00+,2023-01-26,2023-01-25,-1 day ahead inc hosp,mean,,1220.838,COVID-19
DE-BY,00+,2023-01-26,2023-01-26,0 day ahead inc hosp,quantile,0.025,1137.0,COVID-19
DE-BY,00+,2023-01-26,2023-01-26,0 day ahead inc hosp,quantile,0.1,1181.0,COVID-19
DE-BY,00+,2023-01-26,2023-01-26,0 day ahead inc hosp,quantile,0.25,1226.0,COVID-19
DE-BY,00+,2023-01-26,2023-01-26,0 day ahead inc hosp,quantile,0.5,1298.0,COVID-19
DE-BY,00+,2023-01-26,2023-01-26,0 day ahead inc hosp,quantile,0.75,1407.0,COVID-19
DE-BY,00+,2023-01-26,2023-01-26,0 day ahead inc hosp,quantile,0.9,1544.1,COVID-19
DE-BY,00+,2023-01-26,2023-01-26,0 day ahead inc hosp,quantile,0.975,1806.0750000000005,COVID-19
DE-BY,00+,2023-01-26,2023-01-26,0 day ahead inc hosp,mean,,1341.8325,COVID-19
DE-HB,00+,2023-01-26,2022-12-29,-28 day ahead inc hosp,quantile,0.025,85.0,COVID-19
DE-HB,00+,2023-01-26,2022-12-29,-28 day ahead inc hosp,quantile,0.1,85.0,COVID-19
DE-HB,00+,2023-01-26,2022-12-29,-28 day ahead inc hosp,quantile,0.25,85.0,COVID-19
DE-HB,00+,2023-01-26,2022-12-29,-28 day ahead inc hosp,quantile,0.5,85.0,COVID-19
DE-HB,00+,2023-01-26,2022-12-29,-28 day ahead inc hosp,quantile,0.75,85.0,COVID-19
DE-HB,00+,2023-01-26,2022-12-29,-28 day ahead inc hosp,quantile,0.9,85.0,COVID-19
DE-HB,00+,2023-01-26,2022-12-29,-28 day ahead inc hosp,quantile,0.975,86.0,COVID-19
DE-HB,00+,2023-01-26,2022-12-29,-28 day ahead inc hosp,mean,,85.0755,COVID-19
DE-HB,00+,2023-01-26,2022-12-30,-27 day ahead inc hosp,quantile,0.025,81.0,COVID-19
DE-HB,00+,2023-01-26,2022-12-30,-27 day ahead inc hosp,quantile,0.1,81.0,COVID-19
DE-HB,00+,2023-01-26,2022-12-30,-27 day ahead inc hosp,quantile,0.25,81.0,COVID-19
DE-HB,00+,2023-01-26,2022-12-30,-27 day ahead inc hosp,quantile,0.5,81.0,COVID-19
DE-HB,00+,2023-01-26,2022-12-30,-27 day ahead inc hosp,quantile,0.75,81.0,COVID-19
DE-HB,00+,2023-01-26,2022-12-30,-27 day ahead inc hosp,quantile,0.9,82.0,COVID-19
DE-HB,00+,2023-01-26,2022-12-30,-27 day ahead inc hosp,quantile,0.975,82.0,COVID-19
DE-HB,00+,2023-01-26,2022-12-30,-27 day ahead inc hosp,mean,,81.11825,COVID-19
DE-HB,00+,2023-01-26,2022-12-31,-26 day ahead inc hosp,quantile,0.025,81.0,COVID-19
DE-HB,00+,2023-01-26,2022-12-31,-26 day ahead inc hosp,quantile,0.1,81.0,COVID-19
DE-HB,00+,2023-01-26,2022-12-31,-26 day ahead inc hosp,quantile,0.25,81.0,COVID-19
DE-HB,00+,2023-01-26,2022-12-31,-26 day ahead inc hosp,quantile,0.5,81.0,COVID-19
DE-HB,00+,2023-01-26,2022-12-31,-26 day ahead inc hosp,quantile,0.75,81.0,COVID-19
DE-HB,00+,2023-01-26,2022-12-31,-26 day ahead inc hosp,quantile,0.9,82.0,COVID-19
DE-HB,00+,2023-01-26,2022-12-31,-26 day ahead inc hosp,quantile,0.975,82.0,COVID-19
DE-HB,00+,2023-01-26,2022-12-31,-26 day ahead inc hosp,mean,,81.17125,COVID-19
DE-HB,00+,2023-01-26,2023-01-01,-25 day ahead inc hosp,quantile,0.025,81.0,COVID-19
DE-HB,00+,2023-01-26,2023-01-01,-25 day ahead inc hosp,quantile,0.1,81.0,COVID-19
DE-HB,00+,2023-01-26,2023-01-01,-25 day ahead inc hosp,quantile,0.25,81.0,COVID-19
DE-HB,00+,2023-01-26,2023-01-01,-25 day ahead inc hosp,quantile,0.5,81.0,COVID-19
DE-HB,00+,2023-01-26,2023-01-01,-25 day ahead inc hosp,quantile,0.75,81.0,COVID-19
DE-HB,00+,2023-01-26,2023-01-01,-25 day ahead inc hosp,quantile,0.9,82.0,COVID-19
DE-HB,00+,2023-01-26,2023-01-01,-25 day ahead inc hosp,quantile,0.975,82.0,COVID-19
DE-HB,00+,2023-01-26,2023-01-01,-25 day ahead inc hosp,mean,,81.19125,COVID-19
DE-HB,00+,2023-01-26,2023-01-02,-24 day ahead inc hosp,quantile,0.025,81.0,COVID-19
DE-HB,00+,2023-01-26,2023-01-02,-24 day ahead inc hosp,quantile,0.1,81.0,COVID-19
DE-HB,00+,2023-01-26,2023-01-02,-24 day ahead inc hosp,quantile,0.25,81.0,COVID-19
DE-HB,00+,2023-01-26,2023-01-02,-24 day ahead inc hosp,quantile,0.5,81.0,COVID-19
DE-HB,00+,2023-01-26,2023-01-02,-24 day ahead inc hosp,quantile,0.75,81.0,COVID-19
DE-HB,00+,2023-01-26,2023-01-02,-24 day ahead inc hosp,quantile,0.9,82.0,COVID-19
DE-HB,00+,2023-01-26,2023-01-02,-24 day ahead inc hosp,quantile,0.975,82.0,COVID-19
DE-HB,00+,2023-01-26,2023-01-02,-24 day ahead inc hosp,mean,,81.20175,COVID-19
DE-HB,00+,2023-01-26,2023-01-03,-23 day ahead inc hosp,quantile,0.025,107.0,COVID-19
DE-HB,00+,2023-01-26,2023-01-03,-23 day ahead inc hosp,quantile,0.1,107.0,COVID-19
DE-HB,00+,2023-01-26,2023-01-03,-23 day ahead inc hosp,quantile,0.25,107.0,COVID-19
DE-HB,00+,2023-01-26,2023-01-03,-23 day ahead inc hosp,quantile,0.5,107.0,COVID-19
DE-HB,00+,2023-01-26,2023-01-03,-23 day ahead inc hosp,quantile,0.75,107.0,COVID-19
DE-HB,00+,2023-01-26,2023-01-03,-23 day ahead inc hosp,quantile,0.9,108.0,COVID-19
DE-HB,00+,2023-01-26,2023-01-03,-23 day ahead inc hosp,quantile,0.975,109.0,COVID-19
DE-HB,00+,2023-01-26,2023-01-03,-23 day ahead inc hosp,mean,,107.26975,COVID-19
DE-HB,00+,2023-01-26,2023-01-04,-22 day ahead inc hosp,quantile,0.025,86.0,COVID-19
DE-HB,00+,2023-01-26,2023-01-04,-22 day ahead inc hosp,quantile,0.1,86.0,COVID-19
DE-HB,00+,2023-01-26,2023-01-04,-22 day ahead inc hosp,quantile,0.25,86.0,COVID-19
DE-HB,00+,2023-01-26,2023-01-04,-22 day ahead inc hosp,quantile,0.5,86.0,COVID-19
DE-HB,00+,2023-01-26,2023-01-04,-22 day ahead inc hosp,quantile,0.75,87.0,COVID-19
DE-HB,00+,2023-01-26,2023-01-04,-22 day ahead inc hosp,quantile,0.9,87.0,COVID-19
DE-HB,00+,2023-01-26,2023-01-04,-22 day ahead inc hosp,quantile,0.975,88.0,COVID-19
DE-HB,00+,2023-01-26,2023-01-04,-22 day ahead inc hosp,mean,,86.36825,COVID-19
DE-HB,00+,2023-01-26,2023-01-05,-21 day ahead inc hosp,quantile,0.025,96.0,COVID-19
DE-HB,00+,2023-01-26,2023-01-05,-21 day ahead inc hosp,quantile,0.1,96.0,COVID-19
DE-HB,00+,2023-01-26,2023-01-05,-21 day ahead inc hosp,quantile,0.25,96.0,COVID-19
DE-HB,00+,2023-01-26,2023-01-05,-21 day ahead inc hosp,quantile,0.5,96.0,COVID-19
DE-HB,00+,2023-01-26,2023-01-05,-21 day ahead inc hosp,quantile,0.75,97.0,COVID-19
DE-HB,00+,2023-01-26,2023-01-05,-21 day ahead inc hosp,quantile,0.9,98.0,COVID-19
DE-HB,00+,2023-01-26,2023-01-05,-21 day ahead inc hosp,quantile,0.975,99.0,COVID-19
DE-HB,00+,2023-01-26,2023-01-05,-21 day ahead inc hosp,mean,,96.61025,COVID-19
DE-HB,00+,2023-01-26,2023-01-06,-20 day ahead inc hosp,quantile,0.025,86.0,COVID-19
DE-HB,00+,2023-01-26,2023-01-06,-20 day ahead inc hosp,quantile,0.1,86.0,COVID-19
DE-HB,00+,2023-01-26,2023-01-06,-20 day ahead inc hosp,quantile,0.25,86.0,COVID-19
DE-HB,00+,2023-01-26,2023-01-06,-20 day ahead inc hosp,quantile,0.5,86.0,COVID-19
DE-HB,00+,2023-01-26,2023-01-06,-20 day ahead inc hosp,quantile,0.75,87.0,COVID-19
DE-HB,00+,2023-01-26,2023-01-06,-20 day ahead inc hosp,quantile,0.9,88.0,COVID-19
DE-HB,00+,2023-01-26,2023-01-06,-20 day ahead inc hosp,quantile,0.975,89.0,COVID-19
DE-HB,00+,2023-01-26,2023-01-06,-20 day ahead inc hosp,mean,,86.7195,COVID-19
DE-HB,00+,2023-01-26,2023-01-07,-19 day ahead inc hosp,quantile,0.025,88.0,COVID-19
DE-HB,00+,2023-01-26,2023-01-07,-19 day ahead inc hosp,quantile,0.1,88.0,COVID-19
DE-HB,00+,2023-01-26,2023-01-07,-19 day ahead inc hosp,quantile,0.25,88.0,COVID-19
DE-HB,00+,2023-01-26,2023-01-07,-19 day ahead inc hosp,quantile,0.5,89.0,COVID-19
DE-HB,00+,2023-01-26,2023-01-07,-19 day ahead inc hosp,quantile,0.75,90.0,COVID-19
DE-HB,00+,2023-01-26,2023-01-07,-19 day ahead inc hosp,quantile,0.9,90.0,COVID-19
DE-HB,00+,2023-01-26,2023-01-07,-19 day ahead inc hosp,quantile,0.975,92.0,COVID-19
DE-HB,00+,2023-01-26,2023-01-07,-19 day ahead inc hosp,mean,,88.98075,COVID-19
DE-HB,00+,2023-01-26,2023-01-08,-18 day ahead inc hosp,quantile,0.025,88.0,COVID-19
DE-HB,00+,2023-01-26,2023-01-08,-18 day ahead inc hosp,quantile,0.1,88.0,COVID-19
DE-HB,00+,2023-01-26,2023-01-08,-18 day ahead inc hosp,quantile,0.25,88.0,COVID-19
DE-HB,00+,2023-01-26,2023-01-08,-18 day ahead inc hosp,quantile,0.5,89.0,COVID-19
DE-HB,00+,2023-01-26,2023-01-08,-18 day ahead inc hosp,quantile,0.75,90.0,COVID-19
DE-HB,00+,2023-01-26,2023-01-08,-18 day ahead inc hosp,quantile,0.9,90.0,COVID-19
DE-HB,00+,2023-01-26,2023-01-08,-18 day ahead inc hosp,quantile,0.975,92.0,COVID-19
DE-HB,00+,2023-01-26,2023-01-08,-18 day ahead inc hosp,mean,,89.0515,COVID-19
DE-HB,00+,2023-01-26,2023-01-09,-17 day ahead inc hosp,quantile,0.025,88.0,COVID-19
DE-HB,00+,2023-01-26,2023-01-09,-17 day ahead inc hosp,quantile,0.1,88.0,COVID-19
DE-HB,00+,2023-01-26,2023-01-09,-17 day ahead inc hosp,quantile,0.25,88.0,COVID-19
DE-HB,00+,2023-01-26,2023-01-09,-17 day ahead inc hosp,quantile,0.5,89.0,COVID-19
DE-HB,00+,2023-01-26,2023-01-09,-17 day ahead inc hosp,quantile,0.75,90.0,COVID-19
DE-HB,00+,2023-01-26,2023-01-09,-17 day ahead inc hosp,quantile,0.9,91.0,COVID-19
DE-HB,00+,2023-01-26,2023-01-09,-17 day ahead inc hosp,quantile,0.975,92.0,COVID-19
DE-HB,00+,2023-01-26,2023-01-09,-17 day ahead inc hosp,mean,,89.0855,COVID-19
DE-HB,00+,2023-01-26,2023-01-10,-16 day ahead inc hosp,quantile,0.025,73.0,COVID-19
DE-HB,00+,2023-01-26,2023-01-10,-16 day ahead inc hosp,quantile,0.1,73.0,COVID-19
DE-HB,00+,2023-01-26,2023-01-10,-16 day ahead inc hosp,quantile,0.25,73.0,COVID-19
DE-HB,00+,2023-01-26,2023-01-10,-16 day ahead inc hosp,quantile,0.5,74.0,COVID-19
DE-HB,00+,2023-01-26,2023-01-10,-16 day ahead inc hosp,quantile,0.75,75.0,COVID-19
DE-HB,00+,2023-01-26,2023-01-10,-16 day ahead inc hosp,quantile,0.9,76.0,COVID-19
DE-HB,00+,2023-01-26,2023-01-10,-16 day ahead inc hosp,quantile,0.975,77.0,COVID-19
DE-HB,00+,2023-01-26,2023-01-10,-16 day ahead inc hosp,mean,,74.14925,COVID-19
DE-HB,00+,2023-01-26,2023-01-11,-15 day ahead inc hosp,quantile,0.025,59.0,COVID-19
DE-HB,00+,2023-01-26,2023-01-11,-15 day ahead inc hosp,quantile,0.1,59.0,COVID-19
DE-HB,00+,2023-01-26,2023-01-11,-15 day ahead inc hosp,quantile,0.25,59.0,COVID-19
DE-HB,00+,2023-01-26,2023-01-11,-15 day ahead inc hosp,quantile,0.5,60.0,COVID-19
DE-HB,00+,2023-01-26,2023-01-11,-15 day ahead inc hosp,quantile,0.75,61.0,COVID-19
DE-HB,00+,2023-01-26,2023-01-11,-15 day ahead inc hosp,quantile,0.9,62.0,COVID-19
DE-HB,00+,2023-01-26,2023-01-11,-15 day ahead inc hosp,quantile,0.975,63.0,COVID-19
DE-HB,00+,2023-01-26,2023-01-11,-15 day ahead inc hosp,mean,,60.249,COVID-19
DE-HB,00+,2023-01-26,2023-01-12,-14 day ahead inc hosp,quantile,0.025,44.0,COVID-19
DE-HB,00+,2023-01-26,2023-01-12,-14 day ahead inc hosp,quantile,0.1,44.0,COVID-19
DE-HB,00+,2023-01-26,2023-01-12,-14 day ahead inc hosp,quantile,0.25,44.0,COVID-19
DE-HB,00+,2023-01-26,2023-01-12,-14 day ahead inc hosp,quantile,0.5,45.0,COVID-19
DE-HB,00+,2023-01-26,2023-01-12,-14 day ahead inc hosp,quantile,0.75,46.0,COVID-19
DE-HB,00+,2023-01-26,2023-01-12,-14 day ahead inc hosp,quantile,0.9,47.0,COVID-19
DE-HB,00+,2023-01-26,2023-01-12,-14 day ahead inc hosp,quantile,0.975,48.0,COVID-19
DE-HB,00+,2023-01-26,2023-01-12,-14 day ahead inc hosp,mean,,45.3075,COVID-19
DE-HB,00+,2023-01-26,2023-01-13,-13 day ahead inc hosp,quantile,0.025,45.0,COVID-19
DE-HB,00+,2023-01-26,2023-01-13,-13 day ahead inc hosp,quantile,0.1,45.0,COVID-19
DE-HB,00+,2023-01-26,2023-01-13,-13 day ahead inc hosp,quantile,0.25,45.0,COVID-19
DE-HB,00+,2023-01-26,2023-01-13,-13 day ahead inc hosp,quantile,0.5,46.0,COVID-19
DE-HB,00+,2023-01-26,2023-01-13,-13 day ahead inc hosp,quantile,0.75,47.0,COVID-19
DE-HB,00+,2023-01-26,2023-01-13,-13 day ahead inc hosp,quantile,0.9,48.0,COVID-19
DE-HB,00+,2023-01-26,2023-01-13,-13 day ahead inc hosp,quantile,0.975,49.0,COVID-19
DE-HB,00+,2023-01-26,2023-01-13,-13 day ahead inc hosp,mean,,46.4295,COVID-19
DE-HB,00+,2023-01-26,2023-01-14,-12 day ahead inc hosp,quantile,0.025,32.0,COVID-19
DE-HB,00+,2023-01-26,2023-01-14,-12 day ahead inc hosp,quantile,0.1,32.0,COVID-19
DE-HB,00+,2023-01-26,2023-01-14,-12 day ahead inc hosp,quantile,0.25,32.0,COVID-19
DE-HB,00+,2023-01-26,2023-01-14,-12 day ahead inc hosp,quantile,0.5,33.0,COVID-19
DE-HB,00+,2023-01-26,2023-01-14,-12 day ahead inc hosp,quantile,0.75,34.0,COVID-19
DE-HB,00+,2023-01-26,2023-01-14,-12 day ahead inc hosp,quantile,0.9,35.0,COVID-19
DE-HB,00+,2023-01-26,2023-01-14,-12 day ahead inc hosp,quantile,0.975,36.0,COVID-19
DE-HB,00+,2023-01-26,2023-01-14,-12 day ahead inc hosp,mean,,33.28125,COVID-19
DE-HB,00+,2023-01-26,2023-01-15,-11 day ahead inc hosp,quantile,0.025,32.0,COVID-19
DE-HB,00+,2023-01-26,2023-01-15,-11 day ahead inc hosp,quantile,0.1,32.0,COVID-19
DE-HB,00+,2023-01-26,2023-01-15,-11 day ahead inc hosp,quantile,0.25,32.0,COVID-19
DE-HB,00+,2023-01-26,2023-01-15,-11 day ahead inc hosp,quantile,0.5,33.0,COVID-19
DE-HB,00+,2023-01-26,2023-01-15,-11 day ahead inc hosp,quantile,0.75,34.0,COVID-19
DE-HB,00+,2023-01-26,2023-01-15,-11 day ahead inc hosp,quantile,0.9,35.0,COVID-19
DE-HB,00+,2023-01-26,2023-01-15,-11 day ahead inc hosp,quantile,0.975,36.0,COVID-19
DE-HB,00+,2023-01-26,2023-01-15,-11 day ahead inc hosp,mean,,33.30425,COVID-19
DE-HB,00+,2023-01-26,2023-01-16,-10 day ahead inc hosp,quantile,0.025,32.0,COVID-19
DE-HB,00+,2023-01-26,2023-01-16,-10 day ahead inc hosp,quantile,0.1,32.0,COVID-19
DE-HB,00+,2023-01-26,2023-01-16,-10 day ahead inc hosp,quantile,0.25,32.0,COVID-19
DE-HB,00+,2023-01-26,2023-01-16,-10 day ahead inc hosp,quantile,0.5,33.0,COVID-19
DE-HB,00+,2023-01-26,2023-01-16,-10 day ahead inc hosp,quantile,0.75,34.0,COVID-19
DE-HB,00+,2023-01-26,2023-01-16,-10 day ahead inc hosp,quantile,0.9,35.0,COVID-19
DE-HB,00+,2023-01-26,2023-01-16,-10 day ahead inc hosp,quantile,0.975,36.0,COVID-19
DE-HB,00+,2023-01-26,2023-01-16,-10 day ahead inc hosp,mean,,33.348,COVID-19
DE-HB,00+,2023-01-26,2023-01-17,-9 day ahead inc hosp,quantile,0.025,30.0,COVID-19
DE-HB,00+,2023-01-26,2023-01-17,-9 day ahead inc hosp,quantile,0.1,30.0,COVID-19
DE-HB,00+,2023-01-26,2023-01-17,-9 day ahead inc hosp,quantile,0.25,30.0,COVID-19
DE-HB,00+,2023-01-26,2023-01-17,-9 day ahead inc hosp,quantile,0.5,31.0,COVID-19
DE-HB,00+,2023-01-26,2023-01-17,-9 day ahead inc hosp,quantile,0.75,32.0,COVID-19
DE-HB,00+,2023-01-26,2023-01-17,-9 day ahead inc hosp,quantile,0.9,33.0,COVID-19
DE-HB,00+,2023-01-26,2023-01-17,-9 day ahead inc hosp,quantile,0.975,34.0,COVID-19
DE-HB,00+,2023-01-26,2023-01-17,-9 day ahead inc hosp,mean,,31.41475,COVID-19
DE-HB,00+,2023-01-26,2023-01-18,-8 day ahead inc hosp,quantile,0.025,26.0,COVID-19
DE-HB,00+,2023-01-26,2023-01-18,-8 day ahead inc hosp,quantile,0.1,26.0,COVID-19
DE-HB,00+,2023-01-26,2023-01-18,-8 day ahead inc hosp,quantile,0.25,26.0,COVID-19
DE-HB,00+,2023-01-26,2023-01-18,-8 day ahead inc hosp,quantile,0.5,27.0,COVID-19
DE-HB,00+,2023-01-26,2023-01-18,-8 day ahead inc hosp,quantile,0.75,28.0,COVID-19
DE-HB,00+,2023-01-26,2023-01-18,-8 day ahead inc hosp,quantile,0.9,29.0,COVID-19
DE-HB,00+,2023-01-26,2023-01-18,-8 day ahead inc hosp,quantile,0.975,30.0,COVID-19
DE-HB,00+,2023-01-26,2023-01-18,-8 day ahead inc hosp,mean,,27.4045,COVID-19
DE-HB,00+,2023-01-26,2023-01-19,-7 day ahead inc hosp,quantile,0.025,21.0,COVID-19
DE-HB,00+,2023-01-26,2023-01-19,-7 day ahead inc hosp,quantile,0.1,21.0,COVID-19
DE-HB,00+,2023-01-26,2023-01-19,-7 day ahead inc hosp,quantile,0.25,21.0,COVID-19
DE-HB,00+,2023-01-26,2023-01-19,-7 day ahead inc hosp,quantile,0.5,22.0,COVID-19
DE-HB,00+,2023-01-26,2023-01-19,-7 day ahead inc hosp,quantile,0.75,23.0,COVID-19
DE-HB,00+,2023-01-26,2023-01-19,-7 day ahead inc hosp,quantile,0.9,24.0,COVID-19
DE-HB,00+,2023-01-26,2023-01-19,-7 day ahead inc hosp,quantile,0.975,25.0,COVID-19
DE-HB,00+,2023-01-26,2023-01-19,-7 day ahead inc hosp,mean,,22.2865,COVID-19
DE-HB,00+,2023-01-26,2023-01-20,-6 day ahead inc hosp,quantile,0.025,16.0,COVID-19
DE-HB,00+,2023-01-26,2023-01-20,-6 day ahead inc hosp,quantile,0.1,16.0,COVID-19
DE-HB,00+,2023-01-26,2023-01-20,-6 day ahead inc hosp,quantile,0.25,16.0,COVID-19
DE-HB,00+,2023-01-26,2023-01-20,-6 day ahead inc hosp,quantile,0.5,17.0,COVID-19
DE-HB,00+,2023-01-26,2023-01-20,-6 day ahead inc hosp,quantile,0.75,18.0,COVID-19
DE-HB,00+,2023-01-26,2023-01-20,-6 day ahead inc hosp,quantile,0.9,19.0,COVID-19
DE-HB,00+,2023-01-26,2023-01-20,-6 day ahead inc hosp,quantile,0.975,20.0,COVID-19
DE-HB,00+,2023-01-26,2023-01-20,-6 day ahead inc hosp,mean,,17.1635,COVID-19
DE-HB,00+,2023-01-26,2023-01-21,-5 day ahead inc hosp,quantile,0.025,16.0,COVID-19
DE-HB,00+,2023-01-26,2023-01-21,-5 day ahead inc hosp,quantile,0.1,16.0,COVID-19
DE-HB,00+,2023-01-26,2023-01-21,-5 day ahead inc hosp,quantile,0.25,16.0,COVID-19
DE-HB,00+,2023-01-26,2023-01-21,-5 day ahead inc hosp,quantile,0.5,17.0,COVID-19
DE-HB,00+,2023-01-26,2023-01-21,-5 day ahead inc hosp,quantile,0.75,18.0,COVID-19
DE-HB,00+,2023-01-26,2023-01-21,-5 day ahead inc hosp,quantile,0.9,19.0,COVID-19
DE-HB,00+,2023-01-26,2023-01-21,-5 day ahead inc hosp,quantile,0.975,20.0,COVID-19
DE-HB,00+,2023-01-26,2023-01-21,-5 day ahead inc hosp,mean,,17.2665,COVID-19
DE-HB,00+,2023-01-26,2023-01-22,-4 day ahead inc hosp,quantile,0.025,16.0,COVID-19
DE-HB,00+,2023-01-26,2023-01-22,-4 day ahead inc hosp,quantile,0.1,16.0,COVID-19
DE-HB,00+,2023-01-26,2023-01-22,-4 day ahead inc hosp,quantile,0.25,16.0,COVID-19
DE-HB,00+,2023-01-26,2023-01-22,-4 day ahead inc hosp,quantile,0.5,17.0,COVID-19
DE-HB,00+,2023-01-26,2023-01-22,-4 day ahead inc hosp,quantile,0.75,18.0,COVID-19
DE-HB,00+,2023-01-26,2023-01-22,-4 day ahead inc hosp,quantile,0.9,19.0,COVID-19
DE-HB,00+,2023-01-26,2023-01-22,-4 day ahead inc hosp,quantile,0.975,20.0,COVID-19
DE-HB,00+,2023-01-26,2023-01-22,-4 day ahead inc hosp,mean,,17.39275,COVID-19
DE-HB,00+,2023-01-26,2023-01-23,-3 day ahead inc hosp,quantile,0.025,16.0,COVID-19
DE-HB,00+,2023-01-26,2023-01-23,-3 day ahead inc hosp,quantile,0.1,16.0,COVID-19
DE-HB,00+,2023-01-26,2023-01-23,-3 day ahead inc hosp,quantile,0.25,16.0,COVID-19
DE-HB,00+,2023-01-26,2023-01-23,-3 day ahead inc hosp,quantile,0.5,17.0,COVID-19
DE-HB,00+,2023-01-26,2023-01-23,-3 day ahead inc hosp,quantile,0.75,18.0,COVID-19
DE-HB,00+,2023-01-26,2023-01-23,-3 day ahead inc hosp,quantile,0.9,19.0,COVID-19
DE-HB,00+,2023-01-26,2023-01-23,-3 day ahead inc hosp,quantile,0.975,21.0,COVID-19
DE-HB,00+,2023-01-26,2023-01-23,-3 day ahead inc hosp,mean,,17.46175,COVID-19
DE-HB,00+,2023-01-26,2023-01-24,-2 day ahead inc hosp,quantile,0.025,9.0,COVID-19
DE-HB,00+,2023-01-26,2023-01-24,-2 day ahead inc hosp,quantile,0.1,9.0,COVID-19
DE-HB,00+,2023-01-26,2023-01-24,-2 day ahead inc hosp,quantile,0.25,9.0,COVID-19
DE-HB,00+,2023-01-26,2023-01-24,-2 day ahead inc hosp,quantile,0.5,10.0,COVID-19
DE-HB,00+,2023-01-26,2023-01-24,-2 day ahead inc hosp,quantile,0.75,11.0,COVID-19
DE-HB,00+,2023-01-26,2023-01-24,-2 day ahead inc hosp,quantile,0.9,12.0,COVID-19
DE-HB,00+,2023-01-26,2023-01-24,-2 day ahead inc hosp,quantile,0.975,14.0,COVID-19
DE-HB,00+,2023-01-26,2023-01-24,-2 day ahead inc hosp,mean,,10.52725,COVID-19
DE-HB,00+,2023-01-26,2023-01-25,-1 day ahead inc hosp,quantile,0.025,8.0,COVID-19
DE-HB,00+,2023-01-26,2023-01-25,-1 day ahead inc hosp,quantile,0.1,8.0,COVID-19
DE-HB,00+,2023-01-26,2023-01-25,-1 day ahead inc hosp,quantile,0.25,9.0,COVID-19
DE-HB,00+,2023-01-26,2023-01-25,-1 day ahead inc hosp,quantile,0.5,10.0,COVID-19
DE-HB,00+,2023-01-26,2023-01-25,-1 day ahead inc hosp,quantile,0.75,11.0,COVID-19
DE-HB,00+,2023-01-26,2023-01-25,-1 day ahead inc hosp,quantile,0.9,12.0,COVID-19
DE-HB,00+,2023-01-26,2023-01-25,-1 day ahead inc hosp,quantile,0.975,14.0,COVID-19
DE-HB,00+,2023-01-26,2023-01-25,-1 day ahead inc hosp,mean,,9.974,COVID-19
DE-HB,00+,2023-01-26,2023-01-26,0 day ahead inc hosp,quantile,0.025,7.0,COVID-19
DE-HB,00+,2023-01-26,2023-01-26,0 day ahead inc hosp,quantile,0.1,8.0,COVID-19
DE-HB,00+,2023-01-26,2023-01-26,0 day ahead inc hosp,quantile,0.25,9.0,COVID-19
DE-HB,00+,2023-01-26,2023-01-26,0 day ahead inc hosp,quantile,0.5,10.0,COVID-19
DE-HB,00+,2023-01-26,2023-01-26,0 day ahead inc hosp,quantile,0.75,12.0,COVID-19
DE-HB,00+,2023-01-26,2023-01-26,0 day ahead inc hosp,quantile,0.9,15.0,COVID-19
DE-HB,00+,2023-01-26,2023-01-26,0 day ahead inc hosp,quantile,0.975,19.0,COVID-19
DE-HB,00+,2023-01-26,2023-01-26,0 day ahead inc hosp,mean,,10.86325,COVID-19
DE-HE,00+,2023-01-26,2022-12-29,-28 day ahead inc hosp,quantile,0.025,796.0,COVID-19
DE-HE,00+,2023-01-26,2022-12-29,-28 day ahead inc hosp,quantile,0.1,797.0,COVID-19
DE-HE,00+,2023-01-26,2022-12-29,-28 day ahead inc hosp,quantile,0.25,798.0,COVID-19
DE-HE,00+,2023-01-26,2022-12-29,-28 day ahead inc hosp,quantile,0.5,799.0,COVID-19
DE-HE,00+,2023-01-26,2022-12-29,-28 day ahead inc hosp,quantile,0.75,801.0,COVID-19
DE-HE,00+,2023-01-26,2022-12-29,-28 day ahead inc hosp,quantile,0.9,803.0,COVID-19
DE-HE,00+,2023-01-26,2022-12-29,-28 day ahead inc hosp,quantile,0.975,805.0,COVID-19
DE-HE,00+,2023-01-26,2022-12-29,-28 day ahead inc hosp,mean,,799.71625,COVID-19
DE-HE,00+,2023-01-26,2022-12-30,-27 day ahead inc hosp,quantile,0.025,781.0,COVID-19
DE-HE,00+,2023-01-26,2022-12-30,-27 day ahead inc hosp,quantile,0.1,782.0,COVID-19
DE-HE,00+,2023-01-26,2022-12-30,-27 day ahead inc hosp,quantile,0.25,783.0,COVID-19
DE-HE,00+,2023-01-26,2022-12-30,-27 day ahead inc hosp,quantile,0.5,785.0,COVID-19
DE-HE,00+,2023-01-26,2022-12-30,-27 day ahead inc hosp,quantile,0.75,787.0,COVID-19
DE-HE,00+,2023-01-26,2022-12-30,-27 day ahead inc hosp,quantile,0.9,788.0,COVID-19
DE-HE,00+,2023-01-26,2022-12-30,-27 day ahead inc hosp,quantile,0.975,791.0,COVID-19
DE-HE,00+,2023-01-26,2022-12-30,-27 day ahead inc hosp,mean,,785.121,COVID-19
DE-HE,00+,2023-01-26,2022-12-31,-26 day ahead inc hosp,quantile,0.025,736.0,COVID-19
DE-HE,00+,2023-01-26,2022-12-31,-26 day ahead inc hosp,quantile,0.1,736.0,COVID-19
DE-HE,00+,2023-01-26,2022-12-31,-26 day ahead inc hosp,quantile,0.25,738.0,COVID-19
DE-HE,00+,2023-01-26,2022-12-31,-26 day ahead inc hosp,quantile,0.5,739.0,COVID-19
DE-HE,00+,2023-01-26,2022-12-31,-26 day ahead inc hosp,quantile,0.75,741.0,COVID-19
DE-HE,00+,2023-01-26,2022-12-31,-26 day ahead inc hosp,quantile,0.9,743.0,COVID-19
DE-HE,00+,2023-01-26,2022-12-31,-26 day ahead inc hosp,quantile,0.975,745.0,COVID-19
DE-HE,00+,2023-01-26,2022-12-31,-26 day ahead inc hosp,mean,,739.429,COVID-19
DE-HE,00+,2023-01-26,2023-01-01,-25 day ahead inc hosp,quantile,0.025,738.0,COVID-19
DE-HE,00+,2023-01-26,2023-01-01,-25 day ahead inc hosp,quantile,0.1,739.0,COVID-19
DE-HE,00+,2023-01-26,2023-01-01,-25 day ahead inc hosp,quantile,0.25,740.0,COVID-19
DE-HE,00+,2023-01-26,2023-01-01,-25 day ahead inc hosp,quantile,0.5,741.0,COVID-19
DE-HE,00+,2023-01-26,2023-01-01,-25 day ahead inc hosp,quantile,0.75,743.0,COVID-19
DE-HE,00+,2023-01-26,2023-01-01,-25 day ahead inc hosp,quantile,0.9,745.0,COVID-19
DE-HE,00+,2023-01-26,2023-01-01,-25 day ahead inc hosp,quantile,0.975,748.0,COVID-19
DE-HE,00+,2023-01-26,2023-01-01,-25 day ahead inc hosp,mean,,741.59,COVID-19
DE-HE,00+,2023-01-26,2023-01-02,-24 day ahead inc hosp,quantile,0.025,718.0,COVID-19
DE-HE,00+,2023-01-26,2023-01-02,-24 day ahead inc hosp,quantile,0.1,719.0,COVID-19
DE-HE,00+,2023-01-26,2023-01-02,-24 day ahead inc hosp,quantile,0.25,720.0,COVID-19
DE-HE,00+,2023-01-26,2023-01-02,-24 day ahead inc hosp,quantile,0.5,721.0,COVID-19
DE-HE,00+,2023-01-26,2023-01-02,-24 day ahead inc hosp,quantile,0.75,723.0,COVID-19
DE-HE,00+,2023-01-26,2023-01-02,-24 day ahead inc hosp,quantile,0.9,725.0,COVID-19
DE-HE,00+,2023-01-26,2023-01-02,-24 day ahead inc hosp,quantile,0.975,728.0,COVID-19
DE-HE,00+,2023-01-26,2023-01-02,-24 day ahead inc hosp,mean,,721.6805,COVID-19
DE-HE,00+,2023-01-26,2023-01-03,-23 day ahead inc hosp,quantile,0.025,930.0,COVID-19
DE-HE,00+,2023-01-26,2023-01-03,-23 day ahead inc hosp,quantile,0.1,932.0,COVID-19
DE-HE,00+,2023-01-26,2023-01-03,-23 day ahead inc hosp,quantile,0.25,933.0,COVID-19
DE-HE,00+,2023-01-26,2023-01-03,-23 day ahead inc hosp,quantile,0.5,935.0,COVID-19
DE-HE,00+,2023-01-26,2023-01-03,-23 day ahead inc hosp,quantile,0.75,937.0,COVID-19
DE-HE,00+,2023-01-26,2023-01-03,-23 day ahead inc hosp,quantile,0.9,940.0,COVID-19
DE-HE,00+,2023-01-26,2023-01-03,-23 day ahead inc hosp,quantile,0.975,943.0,COVID-19
DE-HE,00+,2023-01-26,2023-01-03,-23 day ahead inc hosp,mean,,935.48425,COVID-19
DE-HE,00+,2023-01-26,2023-01-04,-22 day ahead inc hosp,quantile,0.025,800.0,COVID-19
DE-HE,00+,2023-01-26,2023-01-04,-22 day ahead inc hosp,quantile,0.1,801.0,COVID-19
DE-HE,00+,2023-01-26,2023-01-04,-22 day ahead inc hosp,quantile,0.25,802.0,COVID-19
DE-HE,00+,2023-01-26,2023-01-04,-22 day ahead inc hosp,quantile,0.5,804.0,COVID-19
DE-HE,00+,2023-01-26,2023-01-04,-22 day ahead inc hosp,quantile,0.75,806.0,COVID-19
DE-HE,00+,2023-01-26,2023-01-04,-22 day ahead inc hosp,quantile,0.9,809.0,COVID-19
DE-HE,00+,2023-01-26,2023-01-04,-22 day ahead inc hosp,quantile,0.975,811.0,COVID-19
DE-HE,00+,2023-01-26,2023-01-04,-22 day ahead inc hosp,mean,,804.54625,COVID-19
DE-HE,00+,2023-01-26,2023-01-05,-21 day ahead inc hosp,quantile,0.025,729.0,COVID-19
DE-HE,00+,2023-01-26,2023-01-05,-21 day ahead inc hosp,quantile,0.1,730.0,COVID-19
DE-HE,00+,2023-01-26,2023-01-05,-21 day ahead inc hosp,quantile,0.25,732.0,COVID-19
DE-HE,00+,2023-01-26,2023-01-05,-21 day ahead inc hosp,quantile,0.5,734.0,COVID-19
DE-HE,00+,2023-01-26,2023-01-05,-21 day ahead inc hosp,quantile,0.75,736.0,COVID-19
DE-HE,00+,2023-01-26,2023-01-05,-21 day ahead inc hosp,quantile,0.9,738.0,COVID-19
DE-HE,00+,2023-01-26,2023-01-05,-21 day ahead inc hosp,quantile,0.975,741.0,COVID-19
DE-HE,00+,2023-01-26,2023-01-05,-21 day ahead inc hosp,mean,,733.9915,COVID-19
DE-HE,00+,2023-01-26,2023-01-06,-20 day ahead inc hosp,quantile,0.025,687.0,COVID-19
DE-HE,00+,2023-01-26,2023-01-06,-20 day ahead inc hosp,quantile,0.1,689.0,COVID-19
DE-HE,00+,2023-01-26,2023-01-06,-20 day ahead inc hosp,quantile,0.25,690.0,COVID-19
DE-HE,00+,2023-01-26,2023-01-06,-20 day ahead inc hosp,quantile,0.5,692.0,COVID-19
DE-HE,00+,2023-01-26,2023-01-06,-20 day ahead inc hosp,quantile,0.75,695.0,COVID-19
DE-HE,00+,2023-01-26,2023-01-06,-20 day ahead inc hosp,quantile,0.9,697.0,COVID-19
DE-HE,00+,2023-01-26,2023-01-06,-20 day ahead inc hosp,quantile,0.975,700.0,COVID-19
DE-HE,00+,2023-01-26,2023-01-06,-20 day ahead inc hosp,mean,,692.64425,COVID-19
DE-HE,00+,2023-01-26,2023-01-07,-19 day ahead inc hosp,quantile,0.025,665.0,COVID-19
DE-HE,00+,2023-01-26,2023-01-07,-19 day ahead inc hosp,quantile,0.1,666.0,COVID-19
DE-HE,00+,2023-01-26,2023-01-07,-19 day ahead inc hosp,quantile,0.25,668.0,COVID-19
DE-HE,00+,2023-01-26,2023-01-07,-19 day ahead inc hosp,quantile,0.5,670.0,COVID-19
DE-HE,00+,2023-01-26,2023-01-07,-19 day ahead inc hosp,quantile,0.75,672.0,COVID-19
DE-HE,00+,2023-01-26,2023-01-07,-19 day ahead inc hosp,quantile,0.9,675.0,COVID-19
DE-HE,00+,2023-01-26,2023-01-07,-19 day ahead inc hosp,quantile,0.975,678.0,COVID-19
DE-HE,00+,2023-01-26,2023-01-07,-19 day ahead inc hosp,mean,,670.36675,COVID-19
DE-HE,00+,2023-01-26,2023-01-08,-18 day ahead inc hosp,quantile,0.025,651.0,COVID-19
DE-HE,00+,2023-01-26,2023-01-08,-18 day ahead inc hosp,quantile,0.1,652.0,COVID-19
DE-HE,00+,2023-01-26,2023-01-08,-18 day ahead inc hosp,quantile,0.25,654.0,COVID-19
DE-HE,00+,2023-01-26,2023-01-08,-18 day ahead inc hosp,quantile,0.5,656.0,COVID-19
DE-HE,00+,2023-01-26,2023-01-08,-18 day ahead inc hosp,quantile,0.75,659.0,COVID-19
DE-HE,00+,2023-01-26,2023-01-08,-18 day ahead inc hosp,quantile,0.9,661.0,COVID-19
DE-HE,00+,2023-01-26,2023-01-08,-18 day ahead inc hosp,quantile,0.975,664.0,COVID-19
DE-HE,00+,2023-01-26,2023-01-08,-18 day ahead inc hosp,mean,,656.47925,COVID-19
DE-HE,00+,2023-01-26,2023-01-09,-17 day ahead inc hosp,quantile,0.025,653.0,COVID-19
DE-HE,00+,2023-01-26,2023-01-09,-17 day ahead inc hosp,quantile,0.1,655.0,COVID-19
DE-HE,00+,2023-01-26,2023-01-09,-17 day ahead inc hosp,quantile,0.25,656.0,COVID-19
DE-HE,00+,2023-01-26,2023-01-09,-17 day ahead inc hosp,quantile,0.5,658.0,COVID-19
DE-HE,00+,2023-01-26,2023-01-09,-17 day ahead inc hosp,quantile,0.75,661.0,COVID-19
DE-HE,00+,2023-01-26,2023-01-09,-17 day ahead inc hosp,quantile,0.9,663.0,COVID-19
DE-HE,00+,2023-01-26,2023-01-09,-17 day ahead inc hosp,quantile,0.975,666.0,COVID-19
DE-HE,00+,2023-01-26,2023-01-09,-17 day ahead inc hosp,mean,,658.68425,COVID-19
DE-HE,00+,2023-01-26,2023-01-10,-16 day ahead inc hosp,quantile,0.025,577.0,COVID-19
DE-HE,00+,2023-01-26,2023-01-10,-16 day ahead inc hosp,quantile,0.1,579.0,COVID-19
DE-HE,00+,2023-01-26,2023-01-10,-16 day ahead inc hosp,quantile,0.25,581.0,COVID-19
DE-HE,00+,2023-01-26,2023-01-10,-16 day ahead inc hosp,quantile,0.5,583.0,COVID-19
DE-HE,00+,2023-01-26,2023-01-10,-16 day ahead inc hosp,quantile,0.75,586.0,COVID-19
DE-HE,00+,2023-01-26,2023-01-10,-16 day ahead inc hosp,quantile,0.9,588.0,COVID-19
DE-HE,00+,2023-01-26,2023-01-10,-16 day ahead inc hosp,quantile,0.975,592.0,COVID-19
DE-HE,00+,2023-01-26,2023-01-10,-16 day ahead inc hosp,mean,,583.4865,COVID-19
DE-HE,00+,2023-01-26,2023-01-11,-15 day ahead inc hosp,quantile,0.025,527.0,COVID-19
DE-HE,00+,2023-01-26,2023-01-11,-15 day ahead inc hosp,quantile,0.1,529.0,COVID-19
DE-HE,00+,2023-01-26,2023-01-11,-15 day ahead inc hosp,quantile,0.25,531.0,COVID-19
DE-HE,00+,2023-01-26,2023-01-11,-15 day ahead inc hosp,quantile,0.5,533.0,COVID-19
DE-HE,00+,2023-01-26,2023-01-11,-15 day ahead inc hosp,quantile,0.75,536.0,COVID-19
DE-HE,00+,2023-01-26,2023-01-11,-15 day ahead inc hosp,quantile,0.9,539.0,COVID-19
DE-HE,00+,2023-01-26,2023-01-11,-15 day ahead inc hosp,quantile,0.975,542.0,COVID-19
DE-HE,00+,2023-01-26,2023-01-11,-15 day ahead inc hosp,mean,,533.7415,COVID-19
DE-HE,00+,2023-01-26,2023-01-12,-14 day ahead inc hosp,quantile,0.025,510.0,COVID-19
DE-HE,00+,2023-01-26,2023-01-12,-14 day ahead inc hosp,quantile,0.1,512.0,COVID-19
DE-HE,00+,2023-01-26,2023-01-12,-14 day ahead inc hosp,quantile,0.25,514.0,COVID-19
DE-HE,00+,2023-01-26,2023-01-12,-14 day ahead inc hosp,quantile,0.5,517.0,COVID-19
DE-HE,00+,2023-01-26,2023-01-12,-14 day ahead inc hosp,quantile,0.75,520.0,COVID-19
DE-HE,00+,2023-01-26,2023-01-12,-14 day ahead inc hosp,quantile,0.9,523.0,COVID-19
DE-HE,00+,2023-01-26,2023-01-12,-14 day ahead inc hosp,quantile,0.975,526.0,COVID-19
DE-HE,00+,2023-01-26,2023-01-12,-14 day ahead inc hosp,mean,,516.885,COVID-19
DE-HE,00+,2023-01-26,2023-01-13,-13 day ahead inc hosp,quantile,0.025,520.0,COVID-19
DE-HE,00+,2023-01-26,2023-01-13,-13 day ahead inc hosp,quantile,0.1,522.0,COVID-19
DE-HE,00+,2023-01-26,2023-01-13,-13 day ahead inc hosp,quantile,0.25,525.0,COVID-19
DE-HE,00+,2023-01-26,2023-01-13,-13 day ahead inc hosp,quantile,0.5,528.0,COVID-19
DE-HE,00+,2023-01-26,2023-01-13,-13 day ahead inc hosp,quantile,0.75,531.0,COVID-19
DE-HE,00+,2023-01-26,2023-01-13,-13 day ahead inc hosp,quantile,0.9,534.0,COVID-19
DE-HE,00+,2023-01-26,2023-01-13,-13 day ahead inc hosp,quantile,0.975,538.0,COVID-19
DE-HE,00+,2023-01-26,2023-01-13,-13 day ahead inc hosp,mean,,528.1725,COVID-19
DE-HE,00+,2023-01-26,2023-01-14,-12 day ahead inc hosp,quantile,0.025,503.0,COVID-19
DE-HE,00+,2023-01-26,2023-01-14,-12 day ahead inc hosp,quantile,0.1,505.0,COVID-19
DE-HE,00+,2023-01-26,2023-01-14,-12 day ahead inc hosp,quantile,0.25,508.0,COVID-19
DE-HE,00+,2023-01-26,2023-01-14,-12 day ahead inc hosp,quantile,0.5,511.0,COVID-19
DE-HE,00+,2023-01-26,2023-01-14,-12 day ahead inc hosp,quantile,0.75,514.0,COVID-19
DE-HE,00+,2023-01-26,2023-01-14,-12 day ahead inc hosp,quantile,0.9,518.0,COVID-19
DE-HE,00+,2023-01-26,2023-01-14,-12 day ahead inc hosp,quantile,0.975,522.0,COVID-19
DE-HE,00+,2023-01-26,2023-01-14,-12 day ahead inc hosp,mean,,511.17925,COVID-19
DE-HE,00+,2023-01-26,2023-01-15,-11 day ahead inc hosp,quantile,0.025,503.0,COVID-19
DE-HE,00+,2023-01-26,2023-01-15,-11 day ahead inc hosp,quantile,0.1,506.0,COVID-19
DE-HE,00+,2023-01-26,2023-01-15,-11 day ahead inc hosp,quantile,0.25,508.0,COVID-19
DE-HE,00+,2023-01-26,2023-01-15,-11 day ahead inc hosp,quantile,0.5,512.0,COVID-19
DE-HE,00+,2023-01-26,2023-01-15,-11 day ahead inc hosp,quantile,0.75,515.0,COVID-19
DE-HE,00+,2023-01-26,2023-01-15,-11 day ahead inc hosp,quantile,0.9,519.0,COVID-19
DE-HE,00+,2023-01-26,2023-01-15,-11 day ahead inc hosp,quantile,0.975,523.0,COVID-19
DE-HE,00+,2023-01-26,2023-01-15,-11 day ahead inc hosp,mean,,511.887,COVID-19
DE-HE,00+,2023-01-26,2023-01-16,-10 day ahead inc hosp,quantile,0.025,518.0,COVID-19
DE-HE,00+,2023-01-26,2023-01-16,-10 day ahead inc hosp,quantile,0.1,521.0,COVID-19
DE-HE,00+,2023-01-26,2023-01-16,-10 day ahead inc hosp,quantile,0.25,524.0,COVID-19
DE-HE,00+,2023-01-26,2023-01-16,-10 day ahead inc hosp,quantile,0.5,527.0,COVID-19
DE-HE,00+,2023-01-26,2023-01-16,-10 day ahead inc hosp,quantile,0.75,531.0,COVID-19
DE-HE,00+,2023-01-26,2023-01-16,-10 day ahead inc hosp,quantile,0.9,534.0,COVID-19
DE-HE,00+,2023-01-26,2023-01-16,-10 day ahead inc hosp,quantile,0.975,539.0,COVID-19
DE-HE,00+,2023-01-26,2023-01-16,-10 day ahead inc hosp,mean,,527.3,COVID-19
DE-HE,00+,2023-01-26,2023-01-17,-9 day ahead inc hosp,quantile,0.025,465.0,COVID-19
DE-HE,00+,2023-01-26,2023-01-17,-9 day ahead inc hosp,quantile,0.1,468.0,COVID-19
DE-HE,00+,2023-01-26,2023-01-17,-9 day ahead inc hosp,quantile,0.25,471.0,COVID-19
DE-HE,00+,2023-01-26,2023-01-17,-9 day ahead inc hosp,quantile,0.5,474.0,COVID-19
DE-HE,00+,2023-01-26,2023-01-17,-9 day ahead inc hosp,quantile,0.75,478.0,COVID-19
DE-HE,00+,2023-01-26,2023-01-17,-9 day ahead inc hosp,quantile,0.9,482.0,COVID-19
DE-HE,00+,2023-01-26,2023-01-17,-9 day ahead inc hosp,quantile,0.975,487.0,COVID-19
DE-HE,00+,2023-01-26,2023-01-17,-9 day ahead inc hosp,mean,,474.8135,COVID-19
DE-HE,00+,2023-01-26,2023-01-18,-8 day ahead inc hosp,quantile,0.025,416.0,COVID-19
DE-HE,00+,2023-01-26,2023-01-18,-8 day ahead inc hosp,quantile,0.1,419.0,COVID-19
DE-HE,00+,2023-01-26,2023-01-18,-8 day ahead inc hosp,quantile,0.25,422.0,COVID-19
DE-HE,00+,2023-01-26,2023-01-18,-8 day ahead inc hosp,quantile,0.5,425.0,COVID-19
DE-HE,00+,2023-01-26,2023-01-18,-8 day ahead inc hosp,quantile,0.75,429.0,COVID-19
DE-HE,00+,2023-01-26,2023-01-18,-8 day ahead inc hosp,quantile,0.9,433.0,COVID-19
DE-HE,00+,2023-01-26,2023-01-18,-8 day ahead inc hosp,quantile,0.975,438.0,COVID-19
DE-HE,00+,2023-01-26,2023-01-18,-8 day ahead inc hosp,mean,,425.65575,COVID-19
DE-HE,00+,2023-01-26,2023-01-19,-7 day ahead inc hosp,quantile,0.025,389.0,COVID-19
DE-HE,00+,2023-01-26,2023-01-19,-7 day ahead inc hosp,quantile,0.1,392.0,COVID-19
DE-HE,00+,2023-01-26,2023-01-19,-7 day ahead inc hosp,quantile,0.25,396.0,COVID-19
DE-HE,00+,2023-01-26,2023-01-19,-7 day ahead inc hosp,quantile,0.5,400.0,COVID-19
DE-HE,00+,2023-01-26,2023-01-19,-7 day ahead inc hosp,quantile,0.75,404.0,COVID-19
DE-HE,00+,2023-01-26,2023-01-19,-7 day ahead inc hosp,quantile,0.9,408.0,COVID-19
DE-HE,00+,2023-01-26,2023-01-19,-7 day ahead inc hosp,quantile,0.975,413.0,COVID-19
DE-HE,00+,2023-01-26,2023-01-19,-7 day ahead inc hosp,mean,,399.9735,COVID-19
DE-HE,00+,2023-01-26,2023-01-20,-6 day ahead inc hosp,quantile,0.025,363.0,COVID-19
DE-HE,00+,2023-01-26,2023-01-20,-6 day ahead inc hosp,quantile,0.1,367.0,COVID-19
DE-HE,00+,2023-01-26,2023-01-20,-6 day ahead inc hosp,quantile,0.25,371.0,COVID-19
DE-HE,00+,2023-01-26,2023-01-20,-6 day ahead inc hosp,quantile,0.5,375.0,COVID-19
DE-HE,00+,2023-01-26,2023-01-20,-6 day ahead inc hosp,quantile,0.75,380.0,COVID-19
DE-HE,00+,2023-01-26,2023-01-20,-6 day ahead inc hosp,quantile,0.9,385.0,COVID-19
DE-HE,00+,2023-01-26,2023-01-20,-6 day ahead inc hosp,quantile,0.975,390.0250000000001,COVID-19
DE-HE,00+,2023-01-26,2023-01-20,-6 day ahead inc hosp,mean,,375.55875,COVID-19
DE-HE,00+,2023-01-26,2023-01-21,-5 day ahead inc hosp,quantile,0.025,351.0,COVID-19
DE-HE,00+,2023-01-26,2023-01-21,-5 day ahead inc hosp,quantile,0.1,355.0,COVID-19
DE-HE,00+,2023-01-26,2023-01-21,-5 day ahead inc hosp,quantile,0.25,360.0,COVID-19
DE-HE,00+,2023-01-26,2023-01-21,-5 day ahead inc hosp,quantile,0.5,365.0,COVID-19
DE-HE,00+,2023-01-26,2023-01-21,-5 day ahead inc hosp,quantile,0.75,371.0,COVID-19
DE-HE,00+,2023-01-26,2023-01-21,-5 day ahead inc hosp,quantile,0.9,376.0,COVID-19
DE-HE,00+,2023-01-26,2023-01-21,-5 day ahead inc hosp,quantile,0.975,383.0,COVID-19
DE-HE,00+,2023-01-26,2023-01-21,-5 day ahead inc hosp,mean,,365.582,COVID-19
DE-HE,00+,2023-01-26,2023-01-22,-4 day ahead inc hosp,quantile,0.025,349.0,COVID-19
DE-HE,00+,2023-01-26,2023-01-22,-4 day ahead inc hosp,quantile,0.1,354.0,COVID-19
DE-HE,00+,2023-01-26,2023-01-22,-4 day ahead inc hosp,quantile,0.25,358.0,COVID-19
DE-HE,00+,2023-01-26,2023-01-22,-4 day ahead inc hosp,quantile,0.5,364.0,COVID-19
DE-HE,00+,2023-01-26,2023-01-22,-4 day ahead inc hosp,quantile,0.75,370.0,COVID-19
DE-HE,00+,2023-01-26,2023-01-22,-4 day ahead inc hosp,quantile,0.9,375.0,COVID-19
DE-HE,00+,2023-01-26,2023-01-22,-4 day ahead inc hosp,quantile,0.975,383.0,COVID-19
DE-HE,00+,2023-01-26,2023-01-22,-4 day ahead inc hosp,mean,,364.3455,COVID-19
DE-HE,00+,2023-01-26,2023-01-23,-3 day ahead inc hosp,quantile,0.025,333.0,COVID-19
DE-HE,00+,2023-01-26,2023-01-23,-3 day ahead inc hosp,quantile,0.1,338.0,COVID-19
DE-HE,00+,2023-01-26,2023-01-23,-3 day ahead inc hosp,quantile,0.25,342.0,COVID-19
DE-HE,00+,2023-01-26,2023-01-23,-3 day ahead inc hosp,quantile,0.5,348.0,COVID-19
DE-HE,00+,2023-01-26,2023-01-23,-3 day ahead inc hosp,quantile,0.75,354.0,COVID-19
DE-HE,00+,2023-01-26,2023-01-23,-3 day ahead inc hosp,quantile,0.9,360.0,COVID-19
DE-HE,00+,2023-01-26,2023-01-23,-3 day ahead inc hosp,quantile,0.975,367.0,COVID-19
DE-HE,00+,2023-01-26,2023-01-23,-3 day ahead inc hosp,mean,,348.281,COVID-19
DE-HE,00+,2023-01-26,2023-01-24,-2 day ahead inc hosp,quantile,0.025,321.0,COVID-19
DE-HE,00+,2023-01-26,2023-01-24,-2 day ahead inc hosp,quantile,0.1,327.0,COVID-19
DE-HE,00+,2023-01-26,2023-01-24,-2 day ahead inc hosp,quantile,0.25,333.0,COVID-19
DE-HE,00+,2023-01-26,2023-01-24,-2 day ahead inc hosp,quantile,0.5,340.0,COVID-19
DE-HE,00+,2023-01-26,2023-01-24,-2 day ahead inc hosp,quantile,0.75,348.0,COVID-19
DE-HE,00+,2023-01-26,2023-01-24,-2 day ahead inc hosp,quantile,0.9,356.0,COVID-19
DE-HE,00+,2023-01-26,2023-01-24,-2 day ahead inc hosp,quantile,0.975,368.0,COVID-19
DE-HE,00+,2023-01-26,2023-01-24,-2 day ahead inc hosp,mean,,341.38975,COVID-19
DE-HE,00+,2023-01-26,2023-01-25,-1 day ahead inc hosp,quantile,0.025,324.0,COVID-19
DE-HE,00+,2023-01-26,2023-01-25,-1 day ahead inc hosp,quantile,0.1,332.0,COVID-19
DE-HE,00+,2023-01-26,2023-01-25,-1 day ahead inc hosp,quantile,0.25,340.0,COVID-19
DE-HE,00+,2023-01-26,2023-01-25,-1 day ahead inc hosp,quantile,0.5,350.0,COVID-19
DE-HE,00+,2023-01-26,2023-01-25,-1 day ahead inc hosp,quantile,0.75,362.0,COVID-19
DE-HE,00+,2023-01-26,2023-01-25,-1 day ahead inc hosp,quantile,0.9,376.0,COVID-19
DE-HE,00+,2023-01-26,2023-01-25,-1 day ahead inc hosp,quantile,0.975,397.0,COVID-19
DE-HE,00+,2023-01-26,2023-01-25,-1 day ahead inc hosp,mean,,352.50875,COVID-19
DE-HE,00+,2023-01-26,2023-01-26,0 day ahead inc hosp,quantile,0.025,322.0,COVID-19
DE-HE,00+,2023-01-26,2023-01-26,0 day ahead inc hosp,quantile,0.1,334.0,COVID-19
DE-HE,00+,2023-01-26,2023-01-26,0 day ahead inc hosp,quantile,0.25,348.0,COVID-19
DE-HE,00+,2023-01-26,2023-01-26,0 day ahead inc hosp,quantile,0.5,368.0,COVID-19
DE-HE,00+,2023-01-26,2023-01-26,0 day ahead inc hosp,quantile,0.75,397.0,COVID-19
DE-HE,00+,2023-01-26,2023-01-26,0 day ahead inc hosp,quantile,0.9,432.0,COVID-19
DE-HE,00+,2023-01-26,2023-01-26,0 day ahead inc hosp,quantile,0.975,495.0,COVID-19
DE-HE,00+,2023-01-26,2023-01-26,0 day ahead inc hosp,mean,,378.74,COVID-19
DE-HH,00+,2023-01-26,2022-12-29,-28 day ahead inc hosp,quantile,0.025,187.0,COVID-19
DE-HH,00+,2023-01-26,2022-12-29,-28 day ahead inc hosp,quantile,0.1,188.0,COVID-19
DE-HH,00+,2023-01-26,2022-12-29,-28 day ahead inc hosp,quantile,0.25,189.0,COVID-19
DE-HH,00+,2023-01-26,2022-12-29,-28 day ahead inc hosp,quantile,0.5,190.0,COVID-19
DE-HH,00+,2023-01-26,2022-12-29,-28 day ahead inc hosp,quantile,0.75,191.0,COVID-19
DE-HH,00+,2023-01-26,2022-12-29,-28 day ahead inc hosp,quantile,0.9,193.0,COVID-19
DE-HH,00+,2023-01-26,2022-12-29,-28 day ahead inc hosp,quantile,0.975,195.0,COVID-19
DE-HH,00+,2023-01-26,2022-12-29,-28 day ahead inc hosp,mean,,190.27475,COVID-19
DE-HH,00+,2023-01-26,2022-12-30,-27 day ahead inc hosp,quantile,0.025,228.0,COVID-19
DE-HH,00+,2023-01-26,2022-12-30,-27 day ahead inc hosp,quantile,0.1,229.0,COVID-19
DE-HH,00+,2023-01-26,2022-12-30,-27 day ahead inc hosp,quantile,0.25,230.0,COVID-19
DE-HH,00+,2023-01-26,2022-12-30,-27 day ahead inc hosp,quantile,0.5,232.0,COVID-19
DE-HH,00+,2023-01-26,2022-12-30,-27 day ahead inc hosp,quantile,0.75,234.0,COVID-19
DE-HH,00+,2023-01-26,2022-12-30,-27 day ahead inc hosp,quantile,0.9,236.0,COVID-19
DE-HH,00+,2023-01-26,2022-12-30,-27 day ahead inc hosp,quantile,0.975,238.0,COVID-19
DE-HH,00+,2023-01-26,2022-12-30,-27 day ahead inc hosp,mean,,232.12175,COVID-19
DE-HH,00+,2023-01-26,2022-12-31,-26 day ahead inc hosp,quantile,0.025,205.0,COVID-19
DE-HH,00+,2023-01-26,2022-12-31,-26 day ahead inc hosp,quantile,0.1,206.0,COVID-19
DE-HH,00+,2023-01-26,2022-12-31,-26 day ahead inc hosp,quantile,0.25,208.0,COVID-19
DE-HH,00+,2023-01-26,2022-12-31,-26 day ahead inc hosp,quantile,0.5,209.0,COVID-19
DE-HH,00+,2023-01-26,2022-12-31,-26 day ahead inc hosp,quantile,0.75,211.0,COVID-19
DE-HH,00+,2023-01-26,2022-12-31,-26 day ahead inc hosp,quantile,0.9,213.0,COVID-19
DE-HH,00+,2023-01-26,2022-12-31,-26 day ahead inc hosp,quantile,0.975,216.0,COVID-19
DE-HH,00+,2023-01-26,2022-12-31,-26 day ahead inc hosp,mean,,209.671,COVID-19
DE-HH,00+,2023-01-26,2023-01-01,-25 day ahead inc hosp,quantile,0.025,205.0,COVID-19
DE-HH,00+,2023-01-26,2023-01-01,-25 day ahead inc hosp,quantile,0.1,206.0,COVID-19
DE-HH,00+,2023-01-26,2023-01-01,-25 day ahead inc hosp,quantile,0.25,208.0,COVID-19
DE-HH,00+,2023-01-26,2023-01-01,-25 day ahead inc hosp,quantile,0.5,210.0,COVID-19
DE-HH,00+,2023-01-26,2023-01-01,-25 day ahead inc hosp,quantile,0.75,212.0,COVID-19
DE-HH,00+,2023-01-26,2023-01-01,-25 day ahead inc hosp,quantile,0.9,214.0,COVID-19
DE-HH,00+,2023-01-26,2023-01-01,-25 day ahead inc hosp,quantile,0.975,217.0,COVID-19
DE-HH,00+,2023-01-26,2023-01-01,-25 day ahead inc hosp,mean,,209.9985,COVID-19
DE-HH,00+,2023-01-26,2023-01-02,-24 day ahead inc hosp,quantile,0.025,194.0,COVID-19
DE-HH,00+,2023-01-26,2023-01-02,-24 day ahead inc hosp,quantile,0.1,196.0,COVID-19
DE-HH,00+,2023-01-26,2023-01-02,-24 day ahead inc hosp,quantile,0.25,197.0,COVID-19
DE-HH,00+,2023-01-26,2023-01-02,-24 day ahead inc hosp,quantile,0.5,199.0,COVID-19
DE-HH,00+,2023-01-26,2023-01-02,-24 day ahead inc hosp,quantile,0.75,201.0,COVID-19
DE-HH,00+,2023-01-26,2023-01-02,-24 day ahead inc hosp,quantile,0.9,203.0,COVID-19
DE-HH,00+,2023-01-26,2023-01-02,-24 day ahead inc hosp,quantile,0.975,206.0,COVID-19
DE-HH,00+,2023-01-26,2023-01-02,-24 day ahead inc hosp,mean,,199.148,COVID-19
DE-HH,00+,2023-01-26,2023-01-03,-23 day ahead inc hosp,quantile,0.025,209.0,COVID-19
DE-HH,00+,2023-01-26,2023-01-03,-23 day ahead inc hosp,quantile,0.1,210.0,COVID-19
DE-HH,00+,2023-01-26,2023-01-03,-23 day ahead inc hosp,quantile,0.25,212.0,COVID-19
DE-HH,00+,2023-01-26,2023-01-03,-23 day ahead inc hosp,quantile,0.5,214.0,COVID-19
DE-HH,00+,2023-01-26,2023-01-03,-23 day ahead inc hosp,quantile,0.75,216.0,COVID-19
DE-HH,00+,2023-01-26,2023-01-03,-23 day ahead inc hosp,quantile,0.9,219.0,COVID-19
DE-HH,00+,2023-01-26,2023-01-03,-23 day ahead inc hosp,quantile,0.975,221.0,COVID-19
DE-HH,00+,2023-01-26,2023-01-03,-23 day ahead inc hosp,mean,,214.312,COVID-19
DE-HH,00+,2023-01-26,2023-01-04,-22 day ahead inc hosp,quantile,0.025,201.0,COVID-19
DE-HH,00+,2023-01-26,2023-01-04,-22 day ahead inc hosp,quantile,0.1,202.0,COVID-19
DE-HH,00+,2023-01-26,2023-01-04,-22 day ahead inc hosp,quantile,0.25,204.0,COVID-19
DE-HH,00+,2023-01-26,2023-01-04,-22 day ahead inc hosp,quantile,0.5,206.0,COVID-19
DE-HH,00+,2023-01-26,2023-01-04,-22 day ahead inc hosp,quantile,0.75,209.0,COVID-19
DE-HH,00+,2023-01-26,2023-01-04,-22 day ahead inc hosp,quantile,0.9,211.0,COVID-19
DE-HH,00+,2023-01-26,2023-01-04,-22 day ahead inc hosp,quantile,0.975,214.0,COVID-19
DE-HH,00+,2023-01-26,2023-01-04,-22 day ahead inc hosp,mean,,206.66325,COVID-19
DE-HH,00+,2023-01-26,2023-01-05,-21 day ahead inc hosp,quantile,0.025,211.0,COVID-19
DE-HH,00+,2023-01-26,2023-01-05,-21 day ahead inc hosp,quantile,0.1,213.0,COVID-19
DE-HH,00+,2023-01-26,2023-01-05,-21 day ahead inc hosp,quantile,0.25,215.0,COVID-19
DE-HH,00+,2023-01-26,2023-01-05,-21 day ahead inc hosp,quantile,0.5,218.0,COVID-19
DE-HH,00+,2023-01-26,2023-01-05,-21 day ahead inc hosp,quantile,0.75,221.0,COVID-19
DE-HH,00+,2023-01-26,2023-01-05,-21 day ahead inc hosp,quantile,0.9,223.0,COVID-19
DE-HH,00+,2023-01-26,2023-01-05,-21 day ahead inc hosp,quantile,0.975,227.0,COVID-19
DE-HH,00+,2023-01-26,2023-01-05,-21 day ahead inc hosp,mean,,218.04175,COVID-19
DE-HH,00+,2023-01-26,2023-01-06,-20 day ahead inc hosp,quantile,0.025,168.0,COVID-19
DE-HH,00+,2023-01-26,2023-01-06,-20 day ahead inc hosp,quantile,0.1,170.0,COVID-19
DE-HH,00+,2023-01-26,2023-01-06,-20 day ahead inc hosp,quantile,0.25,172.0,COVID-19
DE-HH,00+,2023-01-26,2023-01-06,-20 day ahead inc hosp,quantile,0.5,175.0,COVID-19
DE-HH,00+,2023-01-26,2023-01-06,-20 day ahead inc hosp,quantile,0.75,178.0,COVID-19
DE-HH,00+,2023-01-26,2023-01-06,-20 day ahead inc hosp,quantile,0.9,180.0,COVID-19
DE-HH,00+,2023-01-26,2023-01-06,-20 day ahead inc hosp,quantile,0.975,183.0250000000001,COVID-19
DE-HH,00+,2023-01-26,2023-01-06,-20 day ahead inc hosp,mean,,175.22375,COVID-19
DE-HH,00+,2023-01-26,2023-01-07,-19 day ahead inc hosp,quantile,0.025,163.0,COVID-19
DE-HH,00+,2023-01-26,2023-01-07,-19 day ahead inc hosp,quantile,0.1,165.0,COVID-19
DE-HH,00+,2023-01-26,2023-01-07,-19 day ahead inc hosp,quantile,0.25,167.0,COVID-19
DE-HH,00+,2023-01-26,2023-01-07,-19 day ahead inc hosp,quantile,0.5,169.0,COVID-19
DE-HH,00+,2023-01-26,2023-01-07,-19 day ahead inc hosp,quantile,0.75,172.0,COVID-19
DE-HH,00+,2023-01-26,2023-01-07,-19 day ahead inc hosp,quantile,0.9,175.0,COVID-19
DE-HH,00+,2023-01-26,2023-01-07,-19 day ahead inc hosp,quantile,0.975,179.0,COVID-19
DE-HH,00+,2023-01-26,2023-01-07,-19 day ahead inc hosp,mean,,169.824,COVID-19
DE-HH,00+,2023-01-26,2023-01-08,-18 day ahead inc hosp,quantile,0.025,159.0,COVID-19
DE-HH,00+,2023-01-26,2023-01-08,-18 day ahead inc hosp,quantile,0.1,161.0,COVID-19
DE-HH,00+,2023-01-26,2023-01-08,-18 day ahead inc hosp,quantile,0.25,163.0,COVID-19
DE-HH,00+,2023-01-26,2023-01-08,-18 day ahead inc hosp,quantile,0.5,166.0,COVID-19
DE-HH,00+,2023-01-26,2023-01-08,-18 day ahead inc hosp,quantile,0.75,169.0,COVID-19
DE-HH,00+,2023-01-26,2023-01-08,-18 day ahead inc hosp,quantile,0.9,171.0999999999999,COVID-19
DE-HH,00+,2023-01-26,2023-01-08,-18 day ahead inc hosp,quantile,0.975,175.0,COVID-19
DE-HH,00+,2023-01-26,2023-01-08,-18 day ahead inc hosp,mean,,166.064,COVID-19
DE-HH,00+,2023-01-26,2023-01-09,-17 day ahead inc hosp,quantile,0.025,159.0,COVID-19
DE-HH,00+,2023-01-26,2023-01-09,-17 day ahead inc hosp,quantile,0.1,161.0,COVID-19
DE-HH,00+,2023-01-26,2023-01-09,-17 day ahead inc hosp,quantile,0.25,163.0,COVID-19
DE-HH,00+,2023-01-26,2023-01-09,-17 day ahead inc hosp,quantile,0.5,166.0,COVID-19
DE-HH,00+,2023-01-26,2023-01-09,-17 day ahead inc hosp,quantile,0.75,169.0,COVID-19
DE-HH,00+,2023-01-26,2023-01-09,-17 day ahead inc hosp,quantile,0.9,172.0,COVID-19
DE-HH,00+,2023-01-26,2023-01-09,-17 day ahead inc hosp,quantile,0.975,176.0,COVID-19
DE-HH,00+,2023-01-26,2023-01-09,-17 day ahead inc hosp,mean,,166.39875,COVID-19
DE-HH,00+,2023-01-26,2023-01-10,-16 day ahead inc hosp,quantile,0.025,168.0,COVID-19
DE-HH,00+,2023-01-26,2023-01-10,-16 day ahead inc hosp,quantile,0.1,170.0,COVID-19
DE-HH,00+,2023-01-26,2023-01-10,-16 day ahead inc hosp,quantile,0.25,173.0,COVID-19
DE-HH,00+,2023-01-26,2023-01-10,-16 day ahead inc hosp,quantile,0.5,176.0,COVID-19
DE-HH,00+,2023-01-26,2023-01-10,-16 day ahead inc hosp,quantile,0.75,179.0,COVID-19
DE-HH,00+,2023-01-26,2023-01-10,-16 day ahead inc hosp,quantile,0.9,182.0,COVID-19
DE-HH,00+,2023-01-26,2023-01-10,-16 day ahead inc hosp,quantile,0.975,186.0,COVID-19
DE-HH,00+,2023-01-26,2023-01-10,-16 day ahead inc hosp,mean,,175.90475,COVID-19
DE-HH,00+,2023-01-26,2023-01-11,-15 day ahead inc hosp,quantile,0.025,161.0,COVID-19
DE-HH,00+,2023-01-26,2023-01-11,-15 day ahead inc hosp,quantile,0.1,164.0,COVID-19
DE-HH,00+,2023-01-26,2023-01-11,-15 day ahead inc hosp,quantile,0.25,166.0,COVID-19
DE-HH,00+,2023-01-26,2023-01-11,-15 day ahead inc hosp,quantile,0.5,169.0,COVID-19
DE-HH,00+,2023-01-26,2023-01-11,-15 day ahead inc hosp,quantile,0.75,172.0,COVID-19
DE-HH,00+,2023-01-26,2023-01-11,-15 day ahead inc hosp,quantile,0.9,175.0,COVID-19
DE-HH,00+,2023-01-26,2023-01-11,-15 day ahead inc hosp,quantile,0.975,179.0,COVID-19
DE-HH,00+,2023-01-26,2023-01-11,-15 day ahead inc hosp,mean,,169.22425,COVID-19
DE-HH,00+,2023-01-26,2023-01-12,-14 day ahead inc hosp,quantile,0.025,122.0,COVID-19
DE-HH,00+,2023-01-26,2023-01-12,-14 day ahead inc hosp,quantile,0.1,124.0,COVID-19
DE-HH,00+,2023-01-26,2023-01-12,-14 day ahead inc hosp,quantile,0.25,126.0,COVID-19
DE-HH,00+,2023-01-26,2023-01-12,-14 day ahead inc hosp,quantile,0.5,129.0,COVID-19
DE-HH,00+,2023-01-26,2023-01-12,-14 day ahead inc hosp,quantile,0.75,132.0,COVID-19
DE-HH,00+,2023-01-26,2023-01-12,-14 day ahead inc hosp,quantile,0.9,135.0,COVID-19
DE-HH,00+,2023-01-26,2023-01-12,-14 day ahead inc hosp,quantile,0.975,139.0,COVID-19
DE-HH,00+,2023-01-26,2023-01-12,-14 day ahead inc hosp,mean,,129.49875,COVID-19
DE-HH,00+,2023-01-26,2023-01-13,-13 day ahead inc hosp,quantile,0.025,94.0,COVID-19
DE-HH,00+,2023-01-26,2023-01-13,-13 day ahead inc hosp,quantile,0.1,96.0,COVID-19
DE-HH,00+,2023-01-26,2023-01-13,-13 day ahead inc hosp,quantile,0.25,98.0,COVID-19
DE-HH,00+,2023-01-26,2023-01-13,-13 day ahead inc hosp,quantile,0.5,101.0,COVID-19
DE-HH,00+,2023-01-26,2023-01-13,-13 day ahead inc hosp,quantile,0.75,104.0,COVID-19
DE-HH,00+,2023-01-26,2023-01-13,-13 day ahead inc hosp,quantile,0.9,106.0,COVID-19
DE-HH,00+,2023-01-26,2023-01-13,-13 day ahead inc hosp,quantile,0.975,110.0,COVID-19
DE-HH,00+,2023-01-26,2023-01-13,-13 day ahead inc hosp,mean,,101.14825,COVID-19
DE-HH,00+,2023-01-26,2023-01-14,-12 day ahead inc hosp,quantile,0.025,97.0,COVID-19
DE-HH,00+,2023-01-26,2023-01-14,-12 day ahead inc hosp,quantile,0.1,99.0,COVID-19
DE-HH,00+,2023-01-26,2023-01-14,-12 day ahead inc hosp,quantile,0.25,101.0,COVID-19
DE-HH,00+,2023-01-26,2023-01-14,-12 day ahead inc hosp,quantile,0.5,104.0,COVID-19
DE-HH,00+,2023-01-26,2023-01-14,-12 day ahead inc hosp,quantile,0.75,107.0,COVID-19
DE-HH,00+,2023-01-26,2023-01-14,-12 day ahead inc hosp,quantile,0.9,110.0,COVID-19
DE-HH,00+,2023-01-26,2023-01-14,-12 day ahead inc hosp,quantile,0.975,113.0,COVID-19
DE-HH,00+,2023-01-26,2023-01-14,-12 day ahead inc hosp,mean,,104.015,COVID-19
DE-HH,00+,2023-01-26,2023-01-15,-11 day ahead inc hosp,quantile,0.025,95.0,COVID-19
DE-HH,00+,2023-01-26,2023-01-15,-11 day ahead inc hosp,quantile,0.1,97.0,COVID-19
DE-HH,00+,2023-01-26,2023-01-15,-11 day ahead inc hosp,quantile,0.25,99.0,COVID-19
DE-HH,00+,2023-01-26,2023-01-15,-11 day ahead inc hosp,quantile,0.5,102.0,COVID-19
DE-HH,00+,2023-01-26,2023-01-15,-11 day ahead inc hosp,quantile,0.75,105.0,COVID-19
DE-HH,00+,2023-01-26,2023-01-15,-11 day ahead inc hosp,quantile,0.9,108.0,COVID-19
DE-HH,00+,2023-01-26,2023-01-15,-11 day ahead inc hosp,quantile,0.975,111.0,COVID-19
DE-HH,00+,2023-01-26,2023-01-15,-11 day ahead inc hosp,mean,,102.27025,COVID-19
DE-HH,00+,2023-01-26,2023-01-16,-10 day ahead inc hosp,quantile,0.025,96.0,COVID-19
DE-HH,00+,2023-01-26,2023-01-16,-10 day ahead inc hosp,quantile,0.1,98.0,COVID-19
DE-HH,00+,2023-01-26,2023-01-16,-10 day ahead inc hosp,quantile,0.25,101.0,COVID-19
DE-HH,00+,2023-01-26,2023-01-16,-10 day ahead inc hosp,quantile,0.5,103.0,COVID-19
DE-HH,00+,2023-01-26,2023-01-16,-10 day ahead inc hosp,quantile,0.75,106.0,COVID-19
DE-HH,00+,2023-01-26,2023-01-16,-10 day ahead inc hosp,quantile,0.9,109.0,COVID-19
DE-HH,00+,2023-01-26,2023-01-16,-10 day ahead inc hosp,quantile,0.975,113.0,COVID-19
DE-HH,00+,2023-01-26,2023-01-16,-10 day ahead inc hosp,mean,,103.614,COVID-19
DE-HH,00+,2023-01-26,2023-01-17,-9 day ahead inc hosp,quantile,0.025,77.0,COVID-19
DE-HH,00+,2023-01-26,2023-01-17,-9 day ahead inc hosp,quantile,0.1,79.0,COVID-19
DE-HH,00+,2023-01-26,2023-01-17,-9 day ahead inc hosp,quantile,0.25,81.0,COVID-19
DE-HH,00+,2023-01-26,2023-01-17,-9 day ahead inc hosp,quantile,0.5,84.0,COVID-19
DE-HH,00+,2023-01-26,2023-01-17,-9 day ahead inc hosp,quantile,0.75,87.0,COVID-19
DE-HH,00+,2023-01-26,2023-01-17,-9 day ahead inc hosp,quantile,0.9,90.0,COVID-19
DE-HH,00+,2023-01-26,2023-01-17,-9 day ahead inc hosp,quantile,0.975,94.0,COVID-19
DE-HH,00+,2023-01-26,2023-01-17,-9 day ahead inc hosp,mean,,84.27025,COVID-19
DE-HH,00+,2023-01-26,2023-01-18,-8 day ahead inc hosp,quantile,0.025,63.0,COVID-19
DE-HH,00+,2023-01-26,2023-01-18,-8 day ahead inc hosp,quantile,0.1,65.0,COVID-19
DE-HH,00+,2023-01-26,2023-01-18,-8 day ahead inc hosp,quantile,0.25,67.0,COVID-19
DE-HH,00+,2023-01-26,2023-01-18,-8 day ahead inc hosp,quantile,0.5,69.0,COVID-19
DE-HH,00+,2023-01-26,2023-01-18,-8 day ahead inc hosp,quantile,0.75,72.0,COVID-19
DE-HH,00+,2023-01-26,2023-01-18,-8 day ahead inc hosp,quantile,0.9,75.0,COVID-19
DE-HH,00+,2023-01-26,2023-01-18,-8 day ahead inc hosp,quantile,0.975,79.0,COVID-19
DE-HH,00+,2023-01-26,2023-01-18,-8 day ahead inc hosp,mean,,69.61225,COVID-19
DE-HH,00+,2023-01-26,2023-01-19,-7 day ahead inc hosp,quantile,0.025,52.0,COVID-19
DE-HH,00+,2023-01-26,2023-01-19,-7 day ahead inc hosp,quantile,0.1,54.0,COVID-19
DE-HH,00+,2023-01-26,2023-01-19,-7 day ahead inc hosp,quantile,0.25,57.0,COVID-19
DE-HH,00+,2023-01-26,2023-01-19,-7 day ahead inc hosp,quantile,0.5,59.0,COVID-19
DE-HH,00+,2023-01-26,2023-01-19,-7 day ahead inc hosp,quantile,0.75,62.0,COVID-19
DE-HH,00+,2023-01-26,2023-01-19,-7 day ahead inc hosp,quantile,0.9,65.0,COVID-19
DE-HH,00+,2023-01-26,2023-01-19,-7 day ahead inc hosp,quantile,0.975,68.0,COVID-19
DE-HH,00+,2023-01-26,2023-01-19,-7 day ahead inc hosp,mean,,59.52575,COVID-19
DE-HH,00+,2023-01-26,2023-01-20,-6 day ahead inc hosp,quantile,0.025,57.0,COVID-19
DE-HH,00+,2023-01-26,2023-01-20,-6 day ahead inc hosp,quantile,0.1,60.0,COVID-19
DE-HH,00+,2023-01-26,2023-01-20,-6 day ahead inc hosp,quantile,0.25,62.0,COVID-19
DE-HH,00+,2023-01-26,2023-01-20,-6 day ahead inc hosp,quantile,0.5,65.0,COVID-19
DE-HH,00+,2023-01-26,2023-01-20,-6 day ahead inc hosp,quantile,0.75,68.0,COVID-19
DE-HH,00+,2023-01-26,2023-01-20,-6 day ahead inc hosp,quantile,0.9,71.0,COVID-19
DE-HH,00+,2023-01-26,2023-01-20,-6 day ahead inc hosp,quantile,0.975,75.0,COVID-19
DE-HH,00+,2023-01-26,2023-01-20,-6 day ahead inc hosp,mean,,65.253,COVID-19
DE-HH,00+,2023-01-26,2023-01-21,-5 day ahead inc hosp,quantile,0.025,47.0,COVID-19
DE-HH,00+,2023-01-26,2023-01-21,-5 day ahead inc hosp,quantile,0.1,50.0,COVID-19
DE-HH,00+,2023-01-26,2023-01-21,-5 day ahead inc hosp,quantile,0.25,52.0,COVID-19
DE-HH,00+,2023-01-26,2023-01-21,-5 day ahead inc hosp,quantile,0.5,55.0,COVID-19
DE-HH,00+,2023-01-26,2023-01-21,-5 day ahead inc hosp,quantile,0.75,59.0,COVID-19
DE-HH,00+,2023-01-26,2023-01-21,-5 day ahead inc hosp,quantile,0.9,62.0,COVID-19
DE-HH,00+,2023-01-26,2023-01-21,-5 day ahead inc hosp,quantile,0.975,67.0,COVID-19
DE-HH,00+,2023-01-26,2023-01-21,-5 day ahead inc hosp,mean,,55.6335,COVID-19
DE-HH,00+,2023-01-26,2023-01-22,-4 day ahead inc hosp,quantile,0.025,50.0,COVID-19
DE-HH,00+,2023-01-26,2023-01-22,-4 day ahead inc hosp,quantile,0.1,53.0,COVID-19
DE-HH,00+,2023-01-26,2023-01-22,-4 day ahead inc hosp,quantile,0.25,56.0,COVID-19
DE-HH,00+,2023-01-26,2023-01-22,-4 day ahead inc hosp,quantile,0.5,59.0,COVID-19
DE-HH,00+,2023-01-26,2023-01-22,-4 day ahead inc hosp,quantile,0.75,63.0,COVID-19
DE-HH,00+,2023-01-26,2023-01-22,-4 day ahead inc hosp,quantile,0.9,67.0,COVID-19
DE-HH,00+,2023-01-26,2023-01-22,-4 day ahead inc hosp,quantile,0.975,72.0,COVID-19
DE-HH,00+,2023-01-26,2023-01-22,-4 day ahead inc hosp,mean,,59.72525,COVID-19
DE-HH,00+,2023-01-26,2023-01-23,-3 day ahead inc hosp,quantile,0.025,49.0,COVID-19
DE-HH,00+,2023-01-26,2023-01-23,-3 day ahead inc hosp,quantile,0.1,52.0,COVID-19
DE-HH,00+,2023-01-26,2023-01-23,-3 day ahead inc hosp,quantile,0.25,55.0,COVID-19
DE-HH,00+,2023-01-26,2023-01-23,-3 day ahead inc hosp,quantile,0.5,59.0,COVID-19
DE-HH,00+,2023-01-26,2023-01-23,-3 day ahead inc hosp,quantile,0.75,63.0,COVID-19
DE-HH,00+,2023-01-26,2023-01-23,-3 day ahead inc hosp,quantile,0.9,67.0,COVID-19
DE-HH,00+,2023-01-26,2023-01-23,-3 day ahead inc hosp,quantile,0.975,72.0,COVID-19
DE-HH,00+,2023-01-26,2023-01-23,-3 day ahead inc hosp,mean,,59.2965,COVID-19
DE-HH,00+,2023-01-26,2023-01-24,-2 day ahead inc hosp,quantile,0.025,44.0,COVID-19
DE-HH,00+,2023-01-26,2023-01-24,-2 day ahead inc hosp,quantile,0.1,48.0,COVID-19
DE-HH,00+,2023-01-26,2023-01-24,-2 day ahead inc hosp,quantile,0.25,51.0,COVID-19
DE-HH,00+,2023-01-26,2023-01-24,-2 day ahead inc hosp,quantile,0.5,55.0,COVID-19
DE-HH,00+,2023-01-26,2023-01-24,-2 day ahead inc hosp,quantile,0.75,60.0,COVID-19
DE-HH,00+,2023-01-26,2023-01-24,-2 day ahead inc hosp,quantile,0.9,65.09999999999991,COVID-19
DE-HH,00+,2023-01-26,2023-01-24,-2 day ahead inc hosp,quantile,0.975,72.0,COVID-19
DE-HH,00+,2023-01-26,2023-01-24,-2 day ahead inc hosp,mean,,56.003,COVID-19
DE-HH,00+,2023-01-26,2023-01-25,-1 day ahead inc hosp,quantile,0.025,43.0,COVID-19
DE-HH,00+,2023-01-26,2023-01-25,-1 day ahead inc hosp,quantile,0.1,48.0,COVID-19
DE-HH,00+,2023-01-26,2023-01-25,-1 day ahead inc hosp,quantile,0.25,52.0,COVID-19
DE-HH,00+,2023-01-26,2023-01-25,-1 day ahead inc hosp,quantile,0.5,57.0,COVID-19
DE-HH,00+,2023-01-26,2023-01-25,-1 day ahead inc hosp,quantile,0.75,64.0,COVID-19
DE-HH,00+,2023-01-26,2023-01-25,-1 day ahead inc hosp,quantile,0.9,71.0,COVID-19
DE-HH,00+,2023-01-26,2023-01-25,-1 day ahead inc hosp,quantile,0.975,79.0,COVID-19
DE-HH,00+,2023-01-26,2023-01-25,-1 day ahead inc hosp,mean,,58.29025,COVID-19
DE-HH,00+,2023-01-26,2023-01-26,0 day ahead inc hosp,quantile,0.025,53.0,COVID-19
DE-HH,00+,2023-01-26,2023-01-26,0 day ahead inc hosp,quantile,0.1,59.0,COVID-19
DE-HH,00+,2023-01-26,2023-01-26,0 day ahead inc hosp,quantile,0.25,66.0,COVID-19
DE-HH,00+,2023-01-26,2023-01-26,0 day ahead inc hosp,quantile,0.5,76.0,COVID-19
DE-HH,00+,2023-01-26,2023-01-26,0 day ahead inc hosp,quantile,0.75,88.0,COVID-19
DE-HH,00+,2023-01-26,2023-01-26,0 day ahead inc hosp,quantile,0.9,103.0,COVID-19
DE-HH,00+,2023-01-26,2023-01-26,0 day ahead inc hosp,quantile,0.975,125.0,COVID-19
DE-HH,00+,2023-01-26,2023-01-26,0 day ahead inc hosp,mean,,79.2825,COVID-19
DE-MV,00+,2023-01-26,2022-12-29,-28 day ahead inc hosp,quantile,0.025,346.0,COVID-19
DE-MV,00+,2023-01-26,2022-12-29,-28 day ahead inc hosp,quantile,0.1,346.0,COVID-19
DE-MV,00+,2023-01-26,2022-12-29,-28 day ahead inc hosp,quantile,0.25,346.0,COVID-19
DE-MV,00+,2023-01-26,2022-12-29,-28 day ahead inc hosp,quantile,0.5,346.0,COVID-19
DE-MV,00+,2023-01-26,2022-12-29,-28 day ahead inc hosp,quantile,0.75,346.0,COVID-19
DE-MV,00+,2023-01-26,2022-12-29,-28 day ahead inc hosp,quantile,0.9,347.0,COVID-19
DE-MV,00+,2023-01-26,2022-12-29,-28 day ahead inc hosp,quantile,0.975,347.0,COVID-19
DE-MV,00+,2023-01-26,2022-12-29,-28 day ahead inc hosp,mean,,346.11725,COVID-19
DE-MV,00+,2023-01-26,2022-12-30,-27 day ahead inc hosp,quantile,0.025,338.0,COVID-19
DE-MV,00+,2023-01-26,2022-12-30,-27 day ahead inc hosp,quantile,0.1,338.0,COVID-19
DE-MV,00+,2023-01-26,2022-12-30,-27 day ahead inc hosp,quantile,0.25,338.0,COVID-19
DE-MV,00+,2023-01-26,2022-12-30,-27 day ahead inc hosp,quantile,0.5,338.0,COVID-19
DE-MV,00+,2023-01-26,2022-12-30,-27 day ahead inc hosp,quantile,0.75,338.0,COVID-19
DE-MV,00+,2023-01-26,2022-12-30,-27 day ahead inc hosp,quantile,0.9,339.0,COVID-19
DE-MV,00+,2023-01-26,2022-12-30,-27 day ahead inc hosp,quantile,0.975,339.0,COVID-19
DE-MV,00+,2023-01-26,2022-12-30,-27 day ahead inc hosp,mean,,338.15725,COVID-19
DE-MV,00+,2023-01-26,2022-12-31,-26 day ahead inc hosp,quantile,0.025,336.0,COVID-19
DE-MV,00+,2023-01-26,2022-12-31,-26 day ahead inc hosp,quantile,0.1,336.0,COVID-19
DE-MV,00+,2023-01-26,2022-12-31,-26 day ahead inc hosp,quantile,0.25,336.0,COVID-19
DE-MV,00+,2023-01-26,2022-12-31,-26 day ahead inc hosp,quantile,0.5,336.0,COVID-19
DE-MV,00+,2023-01-26,2022-12-31,-26 day ahead inc hosp,quantile,0.75,336.0,COVID-19
DE-MV,00+,2023-01-26,2022-12-31,-26 day ahead inc hosp,quantile,0.9,337.0,COVID-19
DE-MV,00+,2023-01-26,2022-12-31,-26 day ahead inc hosp,quantile,0.975,338.0,COVID-19
DE-MV,00+,2023-01-26,2022-12-31,-26 day ahead inc hosp,mean,,336.24825,COVID-19
DE-MV,00+,2023-01-26,2023-01-01,-25 day ahead inc hosp,quantile,0.025,333.0,COVID-19
DE-MV,00+,2023-01-26,2023-01-01,-25 day ahead inc hosp,quantile,0.1,333.0,COVID-19
DE-MV,00+,2023-01-26,2023-01-01,-25 day ahead inc hosp,quantile,0.25,333.0,COVID-19
DE-MV,00+,2023-01-26,2023-01-01,-25 day ahead inc hosp,quantile,0.5,333.0,COVID-19
DE-MV,00+,2023-01-26,2023-01-01,-25 day ahead inc hosp,quantile,0.75,333.0,COVID-19
DE-MV,00+,2023-01-26,2023-01-01,-25 day ahead inc hosp,quantile,0.9,334.0,COVID-19
DE-MV,00+,2023-01-26,2023-01-01,-25 day ahead inc hosp,quantile,0.975,335.0,COVID-19
DE-MV,00+,2023-01-26,2023-01-01,-25 day ahead inc hosp,mean,,333.29525,COVID-19
DE-MV,00+,2023-01-26,2023-01-02,-24 day ahead inc hosp,quantile,0.025,326.0,COVID-19
DE-MV,00+,2023-01-26,2023-01-02,-24 day ahead inc hosp,quantile,0.1,326.0,COVID-19
DE-MV,00+,2023-01-26,2023-01-02,-24 day ahead inc hosp,quantile,0.25,326.0,COVID-19
DE-MV,00+,2023-01-26,2023-01-02,-24 day ahead inc hosp,quantile,0.5,326.0,COVID-19
DE-MV,00+,2023-01-26,2023-01-02,-24 day ahead inc hosp,quantile,0.75,327.0,COVID-19
DE-MV,00+,2023-01-26,2023-01-02,-24 day ahead inc hosp,quantile,0.9,327.0,COVID-19
DE-MV,00+,2023-01-26,2023-01-02,-24 day ahead inc hosp,quantile,0.975,328.0,COVID-19
DE-MV,00+,2023-01-26,2023-01-02,-24 day ahead inc hosp,mean,,326.32425,COVID-19
DE-MV,00+,2023-01-26,2023-01-03,-23 day ahead inc hosp,quantile,0.025,374.0,COVID-19
DE-MV,00+,2023-01-26,2023-01-03,-23 day ahead inc hosp,quantile,0.1,374.0,COVID-19
DE-MV,00+,2023-01-26,2023-01-03,-23 day ahead inc hosp,quantile,0.25,374.0,COVID-19
DE-MV,00+,2023-01-26,2023-01-03,-23 day ahead inc hosp,quantile,0.5,374.0,COVID-19
DE-MV,00+,2023-01-26,2023-01-03,-23 day ahead inc hosp,quantile,0.75,375.0,COVID-19
DE-MV,00+,2023-01-26,2023-01-03,-23 day ahead inc hosp,quantile,0.9,375.0,COVID-19
DE-MV,00+,2023-01-26,2023-01-03,-23 day ahead inc hosp,quantile,0.975,376.0,COVID-19
DE-MV,00+,2023-01-26,2023-01-03,-23 day ahead inc hosp,mean,,374.47775,COVID-19
DE-MV,00+,2023-01-26,2023-01-04,-22 day ahead inc hosp,quantile,0.025,297.0,COVID-19
DE-MV,00+,2023-01-26,2023-01-04,-22 day ahead inc hosp,quantile,0.1,297.0,COVID-19
DE-MV,00+,2023-01-26,2023-01-04,-22 day ahead inc hosp,quantile,0.25,297.0,COVID-19
DE-MV,00+,2023-01-26,2023-01-04,-22 day ahead inc hosp,quantile,0.5,297.0,COVID-19
DE-MV,00+,2023-01-26,2023-01-04,-22 day ahead inc hosp,quantile,0.75,298.0,COVID-19
DE-MV,00+,2023-01-26,2023-01-04,-22 day ahead inc hosp,quantile,0.9,299.0,COVID-19
DE-MV,00+,2023-01-26,2023-01-04,-22 day ahead inc hosp,quantile,0.975,300.0,COVID-19
DE-MV,00+,2023-01-26,2023-01-04,-22 day ahead inc hosp,mean,,297.6055,COVID-19
DE-MV,00+,2023-01-26,2023-01-05,-21 day ahead inc hosp,quantile,0.025,257.0,COVID-19
DE-MV,00+,2023-01-26,2023-01-05,-21 day ahead inc hosp,quantile,0.1,257.0,COVID-19
DE-MV,00+,2023-01-26,2023-01-05,-21 day ahead inc hosp,quantile,0.25,257.0,COVID-19
DE-MV,00+,2023-01-26,2023-01-05,-21 day ahead inc hosp,quantile,0.5,258.0,COVID-19
DE-MV,00+,2023-01-26,2023-01-05,-21 day ahead inc hosp,quantile,0.75,258.0,COVID-19
DE-MV,00+,2023-01-26,2023-01-05,-21 day ahead inc hosp,quantile,0.9,259.0,COVID-19
DE-MV,00+,2023-01-26,2023-01-05,-21 day ahead inc hosp,quantile,0.975,260.0,COVID-19
DE-MV,00+,2023-01-26,2023-01-05,-21 day ahead inc hosp,mean,,257.75175,COVID-19
DE-MV,00+,2023-01-26,2023-01-06,-20 day ahead inc hosp,quantile,0.025,232.0,COVID-19
DE-MV,00+,2023-01-26,2023-01-06,-20 day ahead inc hosp,quantile,0.1,232.0,COVID-19
DE-MV,00+,2023-01-26,2023-01-06,-20 day ahead inc hosp,quantile,0.25,232.0,COVID-19
DE-MV,00+,2023-01-26,2023-01-06,-20 day ahead inc hosp,quantile,0.5,233.0,COVID-19
DE-MV,00+,2023-01-26,2023-01-06,-20 day ahead inc hosp,quantile,0.75,233.0,COVID-19
DE-MV,00+,2023-01-26,2023-01-06,-20 day ahead inc hosp,quantile,0.9,234.0,COVID-19
DE-MV,00+,2023-01-26,2023-01-06,-20 day ahead inc hosp,quantile,0.975,235.0,COVID-19
DE-MV,00+,2023-01-26,2023-01-06,-20 day ahead inc hosp,mean,,232.95025,COVID-19
DE-MV,00+,2023-01-26,2023-01-07,-19 day ahead inc hosp,quantile,0.025,216.0,COVID-19
DE-MV,00+,2023-01-26,2023-01-07,-19 day ahead inc hosp,quantile,0.1,216.0,COVID-19
DE-MV,00+,2023-01-26,2023-01-07,-19 day ahead inc hosp,quantile,0.25,216.0,COVID-19
DE-MV,00+,2023-01-26,2023-01-07,-19 day ahead inc hosp,quantile,0.5,217.0,COVID-19
DE-MV,00+,2023-01-26,2023-01-07,-19 day ahead inc hosp,quantile,0.75,218.0,COVID-19
DE-MV,00+,2023-01-26,2023-01-07,-19 day ahead inc hosp,quantile,0.9,219.0,COVID-19
DE-MV,00+,2023-01-26,2023-01-07,-19 day ahead inc hosp,quantile,0.975,220.0,COVID-19
DE-MV,00+,2023-01-26,2023-01-07,-19 day ahead inc hosp,mean,,217.1425,COVID-19
DE-MV,00+,2023-01-26,2023-01-08,-18 day ahead inc hosp,quantile,0.025,212.0,COVID-19
DE-MV,00+,2023-01-26,2023-01-08,-18 day ahead inc hosp,quantile,0.1,212.0,COVID-19
DE-MV,00+,2023-01-26,2023-01-08,-18 day ahead inc hosp,quantile,0.25,212.0,COVID-19
DE-MV,00+,2023-01-26,2023-01-08,-18 day ahead inc hosp,quantile,0.5,213.0,COVID-19
DE-MV,00+,2023-01-26,2023-01-08,-18 day ahead inc hosp,quantile,0.75,214.0,COVID-19
DE-MV,00+,2023-01-26,2023-01-08,-18 day ahead inc hosp,quantile,0.9,215.0,COVID-19
DE-MV,00+,2023-01-26,2023-01-08,-18 day ahead inc hosp,quantile,0.975,216.0,COVID-19
DE-MV,00+,2023-01-26,2023-01-08,-18 day ahead inc hosp,mean,,213.263,COVID-19
DE-MV,00+,2023-01-26,2023-01-09,-17 day ahead inc hosp,quantile,0.025,210.0,COVID-19
DE-MV,00+,2023-01-26,2023-01-09,-17 day ahead inc hosp,quantile,0.1,210.0,COVID-19
DE-MV,00+,2023-01-26,2023-01-09,-17 day ahead inc hosp,quantile,0.25,210.0,COVID-19
DE-MV,00+,2023-01-26,2023-01-09,-17 day ahead inc hosp,quantile,0.5,211.0,COVID-19
DE-MV,00+,2023-01-26,2023-01-09,-17 day ahead inc hosp,quantile,0.75,212.0,COVID-19
DE-MV,00+,2023-01-26,2023-01-09,-17 day ahead inc hosp,quantile,0.9,213.0,COVID-19
DE-MV,00+,2023-01-26,2023-01-09,-17 day ahead inc hosp,quantile,0.975,214.0,COVID-19
DE-MV,00+,2023-01-26,2023-01-09,-17 day ahead inc hosp,mean,,211.318,COVID-19
DE-MV,00+,2023-01-26,2023-01-10,-16 day ahead inc hosp,quantile,0.025,196.0,COVID-19
DE-MV,00+,2023-01-26,2023-01-10,-16 day ahead inc hosp,quantile,0.1,196.0,COVID-19
DE-MV,00+,2023-01-26,2023-01-10,-16 day ahead inc hosp,quantile,0.25,196.0,COVID-19
DE-MV,00+,2023-01-26,2023-01-10,-16 day ahead inc hosp,quantile,0.5,197.0,COVID-19
DE-MV,00+,2023-01-26,2023-01-10,-16 day ahead inc hosp,quantile,0.75,198.0,COVID-19
DE-MV,00+,2023-01-26,2023-01-10,-16 day ahead inc hosp,quantile,0.9,199.0,COVID-19
DE-MV,00+,2023-01-26,2023-01-10,-16 day ahead inc hosp,quantile,0.975,200.0,COVID-19
DE-MV,00+,2023-01-26,2023-01-10,-16 day ahead inc hosp,mean,,197.445,COVID-19
DE-MV,00+,2023-01-26,2023-01-11,-15 day ahead inc hosp,quantile,0.025,186.0,COVID-19
DE-MV,00+,2023-01-26,2023-01-11,-15 day ahead inc hosp,quantile,0.1,186.0,COVID-19
DE-MV,00+,2023-01-26,2023-01-11,-15 day ahead inc hosp,quantile,0.25,187.0,COVID-19
DE-MV,00+,2023-01-26,2023-01-11,-15 day ahead inc hosp,quantile,0.5,187.0,COVID-19
DE-MV,00+,2023-01-26,2023-01-11,-15 day ahead inc hosp,quantile,0.75,188.0,COVID-19
DE-MV,00+,2023-01-26,2023-01-11,-15 day ahead inc hosp,quantile,0.9,189.0,COVID-19
DE-MV,00+,2023-01-26,2023-01-11,-15 day ahead inc hosp,quantile,0.975,191.0,COVID-19
DE-MV,00+,2023-01-26,2023-01-11,-15 day ahead inc hosp,mean,,187.60575,COVID-19
DE-MV,00+,2023-01-26,2023-01-12,-14 day ahead inc hosp,quantile,0.025,174.0,COVID-19
DE-MV,00+,2023-01-26,2023-01-12,-14 day ahead inc hosp,quantile,0.1,174.0,COVID-19
DE-MV,00+,2023-01-26,2023-01-12,-14 day ahead inc hosp,quantile,0.25,175.0,COVID-19
DE-MV,00+,2023-01-26,2023-01-12,-14 day ahead inc hosp,quantile,0.5,176.0,COVID-19
DE-MV,00+,2023-01-26,2023-01-12,-14 day ahead inc hosp,quantile,0.75,177.0,COVID-19
DE-MV,00+,2023-01-26,2023-01-12,-14 day ahead inc hosp,quantile,0.9,178.0,COVID-19
DE-MV,00+,2023-01-26,2023-01-12,-14 day ahead inc hosp,quantile,0.975,179.0,COVID-19
DE-MV,00+,2023-01-26,2023-01-12,-14 day ahead inc hosp,mean,,175.78975,COVID-19
DE-MV,00+,2023-01-26,2023-01-13,-13 day ahead inc hosp,quantile,0.025,147.0,COVID-19
DE-MV,00+,2023-01-26,2023-01-13,-13 day ahead inc hosp,quantile,0.1,147.0,COVID-19
DE-MV,00+,2023-01-26,2023-01-13,-13 day ahead inc hosp,quantile,0.25,148.0,COVID-19
DE-MV,00+,2023-01-26,2023-01-13,-13 day ahead inc hosp,quantile,0.5,149.0,COVID-19
DE-MV,00+,2023-01-26,2023-01-13,-13 day ahead inc hosp,quantile,0.75,150.0,COVID-19
DE-MV,00+,2023-01-26,2023-01-13,-13 day ahead inc hosp,quantile,0.9,151.0,COVID-19
DE-MV,00+,2023-01-26,2023-01-13,-13 day ahead inc hosp,quantile,0.975,152.0,COVID-19
DE-MV,00+,2023-01-26,2023-01-13,-13 day ahead inc hosp,mean,,149.00125,COVID-19
DE-MV,00+,2023-01-26,2023-01-14,-12 day ahead inc hosp,quantile,0.025,138.0,COVID-19
DE-MV,00+,2023-01-26,2023-01-14,-12 day ahead inc hosp,quantile,0.1,139.0,COVID-19
DE-MV,00+,2023-01-26,2023-01-14,-12 day ahead inc hosp,quantile,0.25,139.0,COVID-19
DE-MV,00+,2023-01-26,2023-01-14,-12 day ahead inc hosp,quantile,0.5,140.0,COVID-19
DE-MV,00+,2023-01-26,2023-01-14,-12 day ahead inc hosp,quantile,0.75,142.0,COVID-19
DE-MV,00+,2023-01-26,2023-01-14,-12 day ahead inc hosp,quantile,0.9,143.0,COVID-19
DE-MV,00+,2023-01-26,2023-01-14,-12 day ahead inc hosp,quantile,0.975,145.0,COVID-19
DE-MV,00+,2023-01-26,2023-01-14,-12 day ahead inc hosp,mean,,140.64525,COVID-19
DE-MV,00+,2023-01-26,2023-01-15,-11 day ahead inc hosp,quantile,0.025,135.0,COVID-19
DE-MV,00+,2023-01-26,2023-01-15,-11 day ahead inc hosp,quantile,0.1,136.0,COVID-19
DE-MV,00+,2023-01-26,2023-01-15,-11 day ahead inc hosp,quantile,0.25,137.0,COVID-19
DE-MV,00+,2023-01-26,2023-01-15,-11 day ahead inc hosp,quantile,0.5,138.0,COVID-19
DE-MV,00+,2023-01-26,2023-01-15,-11 day ahead inc hosp,quantile,0.75,139.0,COVID-19
DE-MV,00+,2023-01-26,2023-01-15,-11 day ahead inc hosp,quantile,0.9,140.0,COVID-19
DE-MV,00+,2023-01-26,2023-01-15,-11 day ahead inc hosp,quantile,0.975,142.0,COVID-19
DE-MV,00+,2023-01-26,2023-01-15,-11 day ahead inc hosp,mean,,137.94525,COVID-19
DE-MV,00+,2023-01-26,2023-01-16,-10 day ahead inc hosp,quantile,0.025,135.0,COVID-19
DE-MV,00+,2023-01-26,2023-01-16,-10 day ahead inc hosp,quantile,0.1,136.0,COVID-19
DE-MV,00+,2023-01-26,2023-01-16,-10 day ahead inc hosp,quantile,0.25,137.0,COVID-19
DE-MV,00+,2023-01-26,2023-01-16,-10 day ahead inc hosp,quantile,0.5,138.0,COVID-19
DE-MV,00+,2023-01-26,2023-01-16,-10 day ahead inc hosp,quantile,0.75,139.0,COVID-19
DE-MV,00+,2023-01-26,2023-01-16,-10 day ahead inc hosp,quantile,0.9,141.0,COVID-19
DE-MV,00+,2023-01-26,2023-01-16,-10 day ahead inc hosp,quantile,0.975,142.0,COVID-19
DE-MV,00+,2023-01-26,2023-01-16,-10 day ahead inc hosp,mean,,138.0835,COVID-19
DE-MV,00+,2023-01-26,2023-01-17,-9 day ahead inc hosp,quantile,0.025,106.0,COVID-19
DE-MV,00+,2023-01-26,2023-01-17,-9 day ahead inc hosp,quantile,0.1,107.0,COVID-19
DE-MV,00+,2023-01-26,2023-01-17,-9 day ahead inc hosp,quantile,0.25,108.0,COVID-19
DE-MV,00+,2023-01-26,2023-01-17,-9 day ahead inc hosp,quantile,0.5,109.0,COVID-19
DE-MV,00+,2023-01-26,2023-01-17,-9 day ahead inc hosp,quantile,0.75,110.0,COVID-19
DE-MV,00+,2023-01-26,2023-01-17,-9 day ahead inc hosp,quantile,0.9,112.0,COVID-19
DE-MV,00+,2023-01-26,2023-01-17,-9 day ahead inc hosp,quantile,0.975,114.0,COVID-19
DE-MV,00+,2023-01-26,2023-01-17,-9 day ahead inc hosp,mean,,109.182,COVID-19
DE-MV,00+,2023-01-26,2023-01-18,-8 day ahead inc hosp,quantile,0.025,96.0,COVID-19
DE-MV,00+,2023-01-26,2023-01-18,-8 day ahead inc hosp,quantile,0.1,97.0,COVID-19
DE-MV,00+,2023-01-26,2023-01-18,-8 day ahead inc hosp,quantile,0.25,98.0,COVID-19
DE-MV,00+,2023-01-26,2023-01-18,-8 day ahead inc hosp,quantile,0.5,99.0,COVID-19
DE-MV,00+,2023-01-26,2023-01-18,-8 day ahead inc hosp,quantile,0.75,101.0,COVID-19
DE-MV,00+,2023-01-26,2023-01-18,-8 day ahead inc hosp,quantile,0.9,102.0,COVID-19
DE-MV,00+,2023-01-26,2023-01-18,-8 day ahead inc hosp,quantile,0.975,104.0,COVID-19
DE-MV,00+,2023-01-26,2023-01-18,-8 day ahead inc hosp,mean,,99.4765,COVID-19
DE-MV,00+,2023-01-26,2023-01-19,-7 day ahead inc hosp,quantile,0.025,86.0,COVID-19
DE-MV,00+,2023-01-26,2023-01-19,-7 day ahead inc hosp,quantile,0.1,87.0,COVID-19
DE-MV,00+,2023-01-26,2023-01-19,-7 day ahead inc hosp,quantile,0.25,88.0,COVID-19
DE-MV,00+,2023-01-26,2023-01-19,-7 day ahead inc hosp,quantile,0.5,90.0,COVID-19
DE-MV,00+,2023-01-26,2023-01-19,-7 day ahead inc hosp,quantile,0.75,91.0,COVID-19
DE-MV,00+,2023-01-26,2023-01-19,-7 day ahead inc hosp,quantile,0.9,93.0,COVID-19
DE-MV,00+,2023-01-26,2023-01-19,-7 day ahead inc hosp,quantile,0.975,95.0,COVID-19
DE-MV,00+,2023-01-26,2023-01-19,-7 day ahead inc hosp,mean,,89.943,COVID-19
DE-MV,00+,2023-01-26,2023-01-20,-6 day ahead inc hosp,quantile,0.025,83.0,COVID-19
DE-MV,00+,2023-01-26,2023-01-20,-6 day ahead inc hosp,quantile,0.1,84.0,COVID-19
DE-MV,00+,2023-01-26,2023-01-20,-6 day ahead inc hosp,quantile,0.25,85.0,COVID-19
DE-MV,00+,2023-01-26,2023-01-20,-6 day ahead inc hosp,quantile,0.5,86.5,COVID-19
DE-MV,00+,2023-01-26,2023-01-20,-6 day ahead inc hosp,quantile,0.75,88.0,COVID-19
DE-MV,00+,2023-01-26,2023-01-20,-6 day ahead inc hosp,quantile,0.9,90.0,COVID-19
DE-MV,00+,2023-01-26,2023-01-20,-6 day ahead inc hosp,quantile,0.975,92.0,COVID-19
DE-MV,00+,2023-01-26,2023-01-20,-6 day ahead inc hosp,mean,,86.74775,COVID-19
DE-MV,00+,2023-01-26,2023-01-21,-5 day ahead inc hosp,quantile,0.025,72.0,COVID-19
DE-MV,00+,2023-01-26,2023-01-21,-5 day ahead inc hosp,quantile,0.1,73.0,COVID-19
DE-MV,00+,2023-01-26,2023-01-21,-5 day ahead inc hosp,quantile,0.25,75.0,COVID-19
DE-MV,00+,2023-01-26,2023-01-21,-5 day ahead inc hosp,quantile,0.5,76.0,COVID-19
DE-MV,00+,2023-01-26,2023-01-21,-5 day ahead inc hosp,quantile,0.75,78.0,COVID-19
DE-MV,00+,2023-01-26,2023-01-21,-5 day ahead inc hosp,quantile,0.9,80.0,COVID-19
DE-MV,00+,2023-01-26,2023-01-21,-5 day ahead inc hosp,quantile,0.975,83.0,COVID-19
DE-MV,00+,2023-01-26,2023-01-21,-5 day ahead inc hosp,mean,,76.68175,COVID-19
DE-MV,00+,2023-01-26,2023-01-22,-4 day ahead inc hosp,quantile,0.025,70.0,COVID-19
DE-MV,00+,2023-01-26,2023-01-22,-4 day ahead inc hosp,quantile,0.1,71.0,COVID-19
DE-MV,00+,2023-01-26,2023-01-22,-4 day ahead inc hosp,quantile,0.25,72.0,COVID-19
DE-MV,00+,2023-01-26,2023-01-22,-4 day ahead inc hosp,quantile,0.5,74.0,COVID-19
DE-MV,00+,2023-01-26,2023-01-22,-4 day ahead inc hosp,quantile,0.75,76.0,COVID-19
DE-MV,00+,2023-01-26,2023-01-22,-4 day ahead inc hosp,quantile,0.9,78.0,COVID-19
DE-MV,00+,2023-01-26,2023-01-22,-4 day ahead inc hosp,quantile,0.975,81.0,COVID-19
DE-MV,00+,2023-01-26,2023-01-22,-4 day ahead inc hosp,mean,,74.41575,COVID-19
DE-MV,00+,2023-01-26,2023-01-23,-3 day ahead inc hosp,quantile,0.025,69.0,COVID-19
DE-MV,00+,2023-01-26,2023-01-23,-3 day ahead inc hosp,quantile,0.1,70.0,COVID-19
DE-MV,00+,2023-01-26,2023-01-23,-3 day ahead inc hosp,quantile,0.25,72.0,COVID-19
DE-MV,00+,2023-01-26,2023-01-23,-3 day ahead inc hosp,quantile,0.5,74.0,COVID-19
DE-MV,00+,2023-01-26,2023-01-23,-3 day ahead inc hosp,quantile,0.75,76.0,COVID-19
DE-MV,00+,2023-01-26,2023-01-23,-3 day ahead inc hosp,quantile,0.9,78.0,COVID-19
DE-MV,00+,2023-01-26,2023-01-23,-3 day ahead inc hosp,quantile,0.975,81.0,COVID-19
DE-MV,00+,2023-01-26,2023-01-23,-3 day ahead inc hosp,mean,,74.14125,COVID-19
DE-MV,00+,2023-01-26,2023-01-24,-2 day ahead inc hosp,quantile,0.025,85.0,COVID-19
DE-MV,00+,2023-01-26,2023-01-24,-2 day ahead inc hosp,quantile,0.1,87.0,COVID-19
DE-MV,00+,2023-01-26,2023-01-24,-2 day ahead inc hosp,quantile,0.25,89.0,COVID-19
DE-MV,00+,2023-01-26,2023-01-24,-2 day ahead inc hosp,quantile,0.5,92.0,COVID-19
DE-MV,00+,2023-01-26,2023-01-24,-2 day ahead inc hosp,quantile,0.75,94.0,COVID-19
DE-MV,00+,2023-01-26,2023-01-24,-2 day ahead inc hosp,quantile,0.9,97.0,COVID-19
DE-MV,00+,2023-01-26,2023-01-24,-2 day ahead inc hosp,quantile,0.975,101.0,COVID-19
DE-MV,00+,2023-01-26,2023-01-24,-2 day ahead inc hosp,mean,,92.03175,COVID-19
DE-MV,00+,2023-01-26,2023-01-25,-1 day ahead inc hosp,quantile,0.025,84.0,COVID-19
DE-MV,00+,2023-01-26,2023-01-25,-1 day ahead inc hosp,quantile,0.1,87.0,COVID-19
DE-MV,00+,2023-01-26,2023-01-25,-1 day ahead inc hosp,quantile,0.25,89.0,COVID-19
DE-MV,00+,2023-01-26,2023-01-25,-1 day ahead inc hosp,quantile,0.5,93.0,COVID-19
DE-MV,00+,2023-01-26,2023-01-25,-1 day ahead inc hosp,quantile,0.75,97.0,COVID-19
DE-MV,00+,2023-01-26,2023-01-25,-1 day ahead inc hosp,quantile,0.9,101.0,COVID-19
DE-MV,00+,2023-01-26,2023-01-25,-1 day ahead inc hosp,quantile,0.975,107.0,COVID-19
DE-MV,00+,2023-01-26,2023-01-25,-1 day ahead inc hosp,mean,,93.52175,COVID-19
DE-MV,00+,2023-01-26,2023-01-26,0 day ahead inc hosp,quantile,0.025,86.0,COVID-19
DE-MV,00+,2023-01-26,2023-01-26,0 day ahead inc hosp,quantile,0.1,89.0,COVID-19
DE-MV,00+,2023-01-26,2023-01-26,0 day ahead inc hosp,quantile,0.25,94.0,COVID-19
DE-MV,00+,2023-01-26,2023-01-26,0 day ahead inc hosp,quantile,0.5,99.0,COVID-19
DE-MV,00+,2023-01-26,2023-01-26,0 day ahead inc hosp,quantile,0.75,107.0,COVID-19
DE-MV,00+,2023-01-26,2023-01-26,0 day ahead inc hosp,quantile,0.9,116.0,COVID-19
DE-MV,00+,2023-01-26,2023-01-26,0 day ahead inc hosp,quantile,0.975,131.0,COVID-19
DE-MV,00+,2023-01-26,2023-01-26,0 day ahead inc hosp,mean,,101.69675,COVID-19
DE-NI,00+,2023-01-26,2022-12-29,-28 day ahead inc hosp,quantile,0.025,778.0,COVID-19
DE-NI,00+,2023-01-26,2022-12-29,-28 day ahead inc hosp,quantile,0.1,781.0,COVID-19
DE-NI,00+,2023-01-26,2022-12-29,-28 day ahead inc hosp,quantile,0.25,784.0,COVID-19
DE-NI,00+,2023-01-26,2022-12-29,-28 day ahead inc hosp,quantile,0.5,788.0,COVID-19
DE-NI,00+,2023-01-26,2022-12-29,-28 day ahead inc hosp,quantile,0.75,792.0,COVID-19
DE-NI,00+,2023-01-26,2022-12-29,-28 day ahead inc hosp,quantile,0.9,796.0,COVID-19
DE-NI,00+,2023-01-26,2022-12-29,-28 day ahead inc hosp,quantile,0.975,802.0,COVID-19
DE-NI,00+,2023-01-26,2022-12-29,-28 day ahead inc hosp,mean,,788.21125,COVID-19
DE-NI,00+,2023-01-26,2022-12-30,-27 day ahead inc hosp,quantile,0.025,724.0,COVID-19
DE-NI,00+,2023-01-26,2022-12-30,-27 day ahead inc hosp,quantile,0.1,727.0,COVID-19
DE-NI,00+,2023-01-26,2022-12-30,-27 day ahead inc hosp,quantile,0.25,730.0,COVID-19
DE-NI,00+,2023-01-26,2022-12-30,-27 day ahead inc hosp,quantile,0.5,734.0,COVID-19
DE-NI,00+,2023-01-26,2022-12-30,-27 day ahead inc hosp,quantile,0.75,738.0,COVID-19
DE-NI,00+,2023-01-26,2022-12-30,-27 day ahead inc hosp,quantile,0.9,743.0,COVID-19
DE-NI,00+,2023-01-26,2022-12-30,-27 day ahead inc hosp,quantile,0.975,748.0,COVID-19
DE-NI,00+,2023-01-26,2022-12-30,-27 day ahead inc hosp,mean,,734.70875,COVID-19
DE-NI,00+,2023-01-26,2022-12-31,-26 day ahead inc hosp,quantile,0.025,701.0,COVID-19
DE-NI,00+,2023-01-26,2022-12-31,-26 day ahead inc hosp,quantile,0.1,704.0,COVID-19
DE-NI,00+,2023-01-26,2022-12-31,-26 day ahead inc hosp,quantile,0.25,708.0,COVID-19
DE-NI,00+,2023-01-26,2022-12-31,-26 day ahead inc hosp,quantile,0.5,711.0,COVID-19
DE-NI,00+,2023-01-26,2022-12-31,-26 day ahead inc hosp,quantile,0.75,716.0,COVID-19
DE-NI,00+,2023-01-26,2022-12-31,-26 day ahead inc hosp,quantile,0.9,720.0,COVID-19
DE-NI,00+,2023-01-26,2022-12-31,-26 day ahead inc hosp,quantile,0.975,726.0,COVID-19
DE-NI,00+,2023-01-26,2022-12-31,-26 day ahead inc hosp,mean,,711.94675,COVID-19
DE-NI,00+,2023-01-26,2023-01-01,-25 day ahead inc hosp,quantile,0.025,687.0,COVID-19
DE-NI,00+,2023-01-26,2023-01-01,-25 day ahead inc hosp,quantile,0.1,690.0,COVID-19
DE-NI,00+,2023-01-26,2023-01-01,-25 day ahead inc hosp,quantile,0.25,694.0,COVID-19
DE-NI,00+,2023-01-26,2023-01-01,-25 day ahead inc hosp,quantile,0.5,697.0,COVID-19
DE-NI,00+,2023-01-26,2023-01-01,-25 day ahead inc hosp,quantile,0.75,702.0,COVID-19
DE-NI,00+,2023-01-26,2023-01-01,-25 day ahead inc hosp,quantile,0.9,706.0,COVID-19
DE-NI,00+,2023-01-26,2023-01-01,-25 day ahead inc hosp,quantile,0.975,711.0,COVID-19
DE-NI,00+,2023-01-26,2023-01-01,-25 day ahead inc hosp,mean,,697.95625,COVID-19
DE-NI,00+,2023-01-26,2023-01-02,-24 day ahead inc hosp,quantile,0.025,694.0,COVID-19
DE-NI,00+,2023-01-26,2023-01-02,-24 day ahead inc hosp,quantile,0.1,697.0,COVID-19
DE-NI,00+,2023-01-26,2023-01-02,-24 day ahead inc hosp,quantile,0.25,700.0,COVID-19
DE-NI,00+,2023-01-26,2023-01-02,-24 day ahead inc hosp,quantile,0.5,704.0,COVID-19
DE-NI,00+,2023-01-26,2023-01-02,-24 day ahead inc hosp,quantile,0.75,708.0,COVID-19
DE-NI,00+,2023-01-26,2023-01-02,-24 day ahead inc hosp,quantile,0.9,713.0,COVID-19
DE-NI,00+,2023-01-26,2023-01-02,-24 day ahead inc hosp,quantile,0.975,718.0,COVID-19
DE-NI,00+,2023-01-26,2023-01-02,-24 day ahead inc hosp,mean,,704.413,COVID-19
DE-NI,00+,2023-01-26,2023-01-03,-23 day ahead inc hosp,quantile,0.025,865.0,COVID-19
DE-NI,00+,2023-01-26,2023-01-03,-23 day ahead inc hosp,quantile,0.1,868.0,COVID-19
DE-NI,00+,2023-01-26,2023-01-03,-23 day ahead inc hosp,quantile,0.25,872.0,COVID-19
DE-NI,00+,2023-01-26,2023-01-03,-23 day ahead inc hosp,quantile,0.5,876.0,COVID-19
DE-NI,00+,2023-01-26,2023-01-03,-23 day ahead inc hosp,quantile,0.75,881.0,COVID-19
DE-NI,00+,2023-01-26,2023-01-03,-23 day ahead inc hosp,quantile,0.9,886.0,COVID-19
DE-NI,00+,2023-01-26,2023-01-03,-23 day ahead inc hosp,quantile,0.975,891.0,COVID-19
DE-NI,00+,2023-01-26,2023-01-03,-23 day ahead inc hosp,mean,,876.64275,COVID-19
DE-NI,00+,2023-01-26,2023-01-04,-22 day ahead inc hosp,quantile,0.025,768.0,COVID-19
DE-NI,00+,2023-01-26,2023-01-04,-22 day ahead inc hosp,quantile,0.1,772.0,COVID-19
DE-NI,00+,2023-01-26,2023-01-04,-22 day ahead inc hosp,quantile,0.25,775.0,COVID-19
DE-NI,00+,2023-01-26,2023-01-04,-22 day ahead inc hosp,quantile,0.5,780.0,COVID-19
DE-NI,00+,2023-01-26,2023-01-04,-22 day ahead inc hosp,quantile,0.75,784.0,COVID-19
DE-NI,00+,2023-01-26,2023-01-04,-22 day ahead inc hosp,quantile,0.9,789.0,COVID-19
DE-NI,00+,2023-01-26,2023-01-04,-22 day ahead inc hosp,quantile,0.975,795.0,COVID-19
DE-NI,00+,2023-01-26,2023-01-04,-22 day ahead inc hosp,mean,,780.117,COVID-19
DE-NI,00+,2023-01-26,2023-01-05,-21 day ahead inc hosp,quantile,0.025,688.0,COVID-19
DE-NI,00+,2023-01-26,2023-01-05,-21 day ahead inc hosp,quantile,0.1,691.0,COVID-19
DE-NI,00+,2023-01-26,2023-01-05,-21 day ahead inc hosp,quantile,0.25,694.0,COVID-19
DE-NI,00+,2023-01-26,2023-01-05,-21 day ahead inc hosp,quantile,0.5,698.0,COVID-19
DE-NI,00+,2023-01-26,2023-01-05,-21 day ahead inc hosp,quantile,0.75,703.0,COVID-19
DE-NI,00+,2023-01-26,2023-01-05,-21 day ahead inc hosp,quantile,0.9,707.0,COVID-19
DE-NI,00+,2023-01-26,2023-01-05,-21 day ahead inc hosp,quantile,0.975,712.0,COVID-19
DE-NI,00+,2023-01-26,2023-01-05,-21 day ahead inc hosp,mean,,698.659,COVID-19
DE-NI,00+,2023-01-26,2023-01-06,-20 day ahead inc hosp,quantile,0.025,662.0,COVID-19
DE-NI,00+,2023-01-26,2023-01-06,-20 day ahead inc hosp,quantile,0.1,665.0,COVID-19
DE-NI,00+,2023-01-26,2023-01-06,-20 day ahead inc hosp,quantile,0.25,669.0,COVID-19
DE-NI,00+,2023-01-26,2023-01-06,-20 day ahead inc hosp,quantile,0.5,673.0,COVID-19
DE-NI,00+,2023-01-26,2023-01-06,-20 day ahead inc hosp,quantile,0.75,678.0,COVID-19
DE-NI,00+,2023-01-26,2023-01-06,-20 day ahead inc hosp,quantile,0.9,682.0,COVID-19
DE-NI,00+,2023-01-26,2023-01-06,-20 day ahead inc hosp,quantile,0.975,687.0,COVID-19
DE-NI,00+,2023-01-26,2023-01-06,-20 day ahead inc hosp,mean,,673.452,COVID-19
DE-NI,00+,2023-01-26,2023-01-07,-19 day ahead inc hosp,quantile,0.025,599.0,COVID-19
DE-NI,00+,2023-01-26,2023-01-07,-19 day ahead inc hosp,quantile,0.1,602.0,COVID-19
DE-NI,00+,2023-01-26,2023-01-07,-19 day ahead inc hosp,quantile,0.25,606.0,COVID-19
DE-NI,00+,2023-01-26,2023-01-07,-19 day ahead inc hosp,quantile,0.5,610.0,COVID-19
DE-NI,00+,2023-01-26,2023-01-07,-19 day ahead inc hosp,quantile,0.75,614.0,COVID-19
DE-NI,00+,2023-01-26,2023-01-07,-19 day ahead inc hosp,quantile,0.9,619.0,COVID-19
DE-NI,00+,2023-01-26,2023-01-07,-19 day ahead inc hosp,quantile,0.975,624.0,COVID-19
DE-NI,00+,2023-01-26,2023-01-07,-19 day ahead inc hosp,mean,,610.0105,COVID-19
DE-NI,00+,2023-01-26,2023-01-08,-18 day ahead inc hosp,quantile,0.025,589.0,COVID-19
DE-NI,00+,2023-01-26,2023-01-08,-18 day ahead inc hosp,quantile,0.1,592.0,COVID-19
DE-NI,00+,2023-01-26,2023-01-08,-18 day ahead inc hosp,quantile,0.25,596.0,COVID-19
DE-NI,00+,2023-01-26,2023-01-08,-18 day ahead inc hosp,quantile,0.5,600.0,COVID-19
DE-NI,00+,2023-01-26,2023-01-08,-18 day ahead inc hosp,quantile,0.75,604.0,COVID-19
DE-NI,00+,2023-01-26,2023-01-08,-18 day ahead inc hosp,quantile,0.9,609.0,COVID-19
DE-NI,00+,2023-01-26,2023-01-08,-18 day ahead inc hosp,quantile,0.975,613.0,COVID-19
DE-NI,00+,2023-01-26,2023-01-08,-18 day ahead inc hosp,mean,,600.00675,COVID-19
DE-NI,00+,2023-01-26,2023-01-09,-17 day ahead inc hosp,quantile,0.025,573.0,COVID-19
DE-NI,00+,2023-01-26,2023-01-09,-17 day ahead inc hosp,quantile,0.1,576.0,COVID-19
DE-NI,00+,2023-01-26,2023-01-09,-17 day ahead inc hosp,quantile,0.25,580.0,COVID-19
DE-NI,00+,2023-01-26,2023-01-09,-17 day ahead inc hosp,quantile,0.5,584.0,COVID-19
DE-NI,00+,2023-01-26,2023-01-09,-17 day ahead inc hosp,quantile,0.75,588.0,COVID-19
DE-NI,00+,2023-01-26,2023-01-09,-17 day ahead inc hosp,quantile,0.9,593.0,COVID-19
DE-NI,00+,2023-01-26,2023-01-09,-17 day ahead inc hosp,quantile,0.975,597.0,COVID-19
DE-NI,00+,2023-01-26,2023-01-09,-17 day ahead inc hosp,mean,,584.0005,COVID-19
DE-NI,00+,2023-01-26,2023-01-10,-16 day ahead inc hosp,quantile,0.025,516.0,COVID-19
DE-NI,00+,2023-01-26,2023-01-10,-16 day ahead inc hosp,quantile,0.1,519.0,COVID-19
DE-NI,00+,2023-01-26,2023-01-10,-16 day ahead inc hosp,quantile,0.25,523.0,COVID-19
DE-NI,00+,2023-01-26,2023-01-10,-16 day ahead inc hosp,quantile,0.5,527.0,COVID-19
DE-NI,00+,2023-01-26,2023-01-10,-16 day ahead inc hosp,quantile,0.75,531.0,COVID-19
DE-NI,00+,2023-01-26,2023-01-10,-16 day ahead inc hosp,quantile,0.9,535.0,COVID-19
DE-NI,00+,2023-01-26,2023-01-10,-16 day ahead inc hosp,quantile,0.975,540.0,COVID-19
DE-NI,00+,2023-01-26,2023-01-10,-16 day ahead inc hosp,mean,,526.99175,COVID-19
DE-NI,00+,2023-01-26,2023-01-11,-15 day ahead inc hosp,quantile,0.025,480.0,COVID-19
DE-NI,00+,2023-01-26,2023-01-11,-15 day ahead inc hosp,quantile,0.1,483.0,COVID-19
DE-NI,00+,2023-01-26,2023-01-11,-15 day ahead inc hosp,quantile,0.25,486.0,COVID-19
DE-NI,00+,2023-01-26,2023-01-11,-15 day ahead inc hosp,quantile,0.5,490.0,COVID-19
DE-NI,00+,2023-01-26,2023-01-11,-15 day ahead inc hosp,quantile,0.75,494.0,COVID-19
DE-NI,00+,2023-01-26,2023-01-11,-15 day ahead inc hosp,quantile,0.9,498.0,COVID-19
DE-NI,00+,2023-01-26,2023-01-11,-15 day ahead inc hosp,quantile,0.975,503.0,COVID-19
DE-NI,00+,2023-01-26,2023-01-11,-15 day ahead inc hosp,mean,,490.14375,COVID-19
DE-NI,00+,2023-01-26,2023-01-12,-14 day ahead inc hosp,quantile,0.025,446.0,COVID-19
DE-NI,00+,2023-01-26,2023-01-12,-14 day ahead inc hosp,quantile,0.1,449.0,COVID-19
DE-NI,00+,2023-01-26,2023-01-12,-14 day ahead inc hosp,quantile,0.25,452.0,COVID-19
DE-NI,00+,2023-01-26,2023-01-12,-14 day ahead inc hosp,quantile,0.5,456.0,COVID-19
DE-NI,00+,2023-01-26,2023-01-12,-14 day ahead inc hosp,quantile,0.75,460.0,COVID-19
DE-NI,00+,2023-01-26,2023-01-12,-14 day ahead inc hosp,quantile,0.9,464.0,COVID-19
DE-NI,00+,2023-01-26,2023-01-12,-14 day ahead inc hosp,quantile,0.975,468.0,COVID-19
DE-NI,00+,2023-01-26,2023-01-12,-14 day ahead inc hosp,mean,,456.415,COVID-19
DE-NI,00+,2023-01-26,2023-01-13,-13 day ahead inc hosp,quantile,0.025,426.0,COVID-19
DE-NI,00+,2023-01-26,2023-01-13,-13 day ahead inc hosp,quantile,0.1,429.0,COVID-19
DE-NI,00+,2023-01-26,2023-01-13,-13 day ahead inc hosp,quantile,0.25,432.0,COVID-19
DE-NI,00+,2023-01-26,2023-01-13,-13 day ahead inc hosp,quantile,0.5,436.0,COVID-19
DE-NI,00+,2023-01-26,2023-01-13,-13 day ahead inc hosp,quantile,0.75,440.0,COVID-19
DE-NI,00+,2023-01-26,2023-01-13,-13 day ahead inc hosp,quantile,0.9,444.0,COVID-19
DE-NI,00+,2023-01-26,2023-01-13,-13 day ahead inc hosp,quantile,0.975,449.0,COVID-19
DE-NI,00+,2023-01-26,2023-01-13,-13 day ahead inc hosp,mean,,436.66375,COVID-19
DE-NI,00+,2023-01-26,2023-01-14,-12 day ahead inc hosp,quantile,0.025,407.0,COVID-19
DE-NI,00+,2023-01-26,2023-01-14,-12 day ahead inc hosp,quantile,0.1,410.0,COVID-19
DE-NI,00+,2023-01-26,2023-01-14,-12 day ahead inc hosp,quantile,0.25,413.0,COVID-19
DE-NI,00+,2023-01-26,2023-01-14,-12 day ahead inc hosp,quantile,0.5,417.0,COVID-19
DE-NI,00+,2023-01-26,2023-01-14,-12 day ahead inc hosp,quantile,0.75,421.0,COVID-19
DE-NI,00+,2023-01-26,2023-01-14,-12 day ahead inc hosp,quantile,0.9,425.0,COVID-19
DE-NI,00+,2023-01-26,2023-01-14,-12 day ahead inc hosp,quantile,0.975,430.0,COVID-19
DE-NI,00+,2023-01-26,2023-01-14,-12 day ahead inc hosp,mean,,417.5775,COVID-19
DE-NI,00+,2023-01-26,2023-01-15,-11 day ahead inc hosp,quantile,0.025,419.0,COVID-19
DE-NI,00+,2023-01-26,2023-01-15,-11 day ahead inc hosp,quantile,0.1,422.0,COVID-19
DE-NI,00+,2023-01-26,2023-01-15,-11 day ahead inc hosp,quantile,0.25,426.0,COVID-19
DE-NI,00+,2023-01-26,2023-01-15,-11 day ahead inc hosp,quantile,0.5,430.0,COVID-19
DE-NI,00+,2023-01-26,2023-01-15,-11 day ahead inc hosp,quantile,0.75,434.0,COVID-19
DE-NI,00+,2023-01-26,2023-01-15,-11 day ahead inc hosp,quantile,0.9,438.0,COVID-19
DE-NI,00+,2023-01-26,2023-01-15,-11 day ahead inc hosp,quantile,0.975,443.0,COVID-19
DE-NI,00+,2023-01-26,2023-01-15,-11 day ahead inc hosp,mean,,430.1605,COVID-19
DE-NI,00+,2023-01-26,2023-01-16,-10 day ahead inc hosp,quantile,0.025,420.0,COVID-19
DE-NI,00+,2023-01-26,2023-01-16,-10 day ahead inc hosp,quantile,0.1,423.0,COVID-19
DE-NI,00+,2023-01-26,2023-01-16,-10 day ahead inc hosp,quantile,0.25,427.0,COVID-19
DE-NI,00+,2023-01-26,2023-01-16,-10 day ahead inc hosp,quantile,0.5,431.0,COVID-19
DE-NI,00+,2023-01-26,2023-01-16,-10 day ahead inc hosp,quantile,0.75,435.0,COVID-19
DE-NI,00+,2023-01-26,2023-01-16,-10 day ahead inc hosp,quantile,0.9,439.0,COVID-19
DE-NI,00+,2023-01-26,2023-01-16,-10 day ahead inc hosp,quantile,0.975,445.0,COVID-19
DE-NI,00+,2023-01-26,2023-01-16,-10 day ahead inc hosp,mean,,430.98925,COVID-19
DE-NI,00+,2023-01-26,2023-01-17,-9 day ahead inc hosp,quantile,0.025,368.0,COVID-19
DE-NI,00+,2023-01-26,2023-01-17,-9 day ahead inc hosp,quantile,0.1,371.0,COVID-19
DE-NI,00+,2023-01-26,2023-01-17,-9 day ahead inc hosp,quantile,0.25,375.0,COVID-19
DE-NI,00+,2023-01-26,2023-01-17,-9 day ahead inc hosp,quantile,0.5,379.0,COVID-19
DE-NI,00+,2023-01-26,2023-01-17,-9 day ahead inc hosp,quantile,0.75,384.0,COVID-19
DE-NI,00+,2023-01-26,2023-01-17,-9 day ahead inc hosp,quantile,0.9,388.0,COVID-19
DE-NI,00+,2023-01-26,2023-01-17,-9 day ahead inc hosp,quantile,0.975,393.0,COVID-19
DE-NI,00+,2023-01-26,2023-01-17,-9 day ahead inc hosp,mean,,379.33375,COVID-19
DE-NI,00+,2023-01-26,2023-01-18,-8 day ahead inc hosp,quantile,0.025,337.0,COVID-19
DE-NI,00+,2023-01-26,2023-01-18,-8 day ahead inc hosp,quantile,0.1,341.0,COVID-19
DE-NI,00+,2023-01-26,2023-01-18,-8 day ahead inc hosp,quantile,0.25,345.0,COVID-19
DE-NI,00+,2023-01-26,2023-01-18,-8 day ahead inc hosp,quantile,0.5,349.0,COVID-19
DE-NI,00+,2023-01-26,2023-01-18,-8 day ahead inc hosp,quantile,0.75,353.0,COVID-19
DE-NI,00+,2023-01-26,2023-01-18,-8 day ahead inc hosp,quantile,0.9,358.0,COVID-19
DE-NI,00+,2023-01-26,2023-01-18,-8 day ahead inc hosp,quantile,0.975,363.0,COVID-19
DE-NI,00+,2023-01-26,2023-01-18,-8 day ahead inc hosp,mean,,349.10325,COVID-19
DE-NI,00+,2023-01-26,2023-01-19,-7 day ahead inc hosp,quantile,0.025,330.0,COVID-19
DE-NI,00+,2023-01-26,2023-01-19,-7 day ahead inc hosp,quantile,0.1,334.0,COVID-19
DE-NI,00+,2023-01-26,2023-01-19,-7 day ahead inc hosp,quantile,0.25,338.0,COVID-19
DE-NI,00+,2023-01-26,2023-01-19,-7 day ahead inc hosp,quantile,0.5,342.0,COVID-19
DE-NI,00+,2023-01-26,2023-01-19,-7 day ahead inc hosp,quantile,0.75,347.0,COVID-19
DE-NI,00+,2023-01-26,2023-01-19,-7 day ahead inc hosp,quantile,0.9,352.0,COVID-19
DE-NI,00+,2023-01-26,2023-01-19,-7 day ahead inc hosp,quantile,0.975,358.0,COVID-19
DE-NI,00+,2023-01-26,2023-01-19,-7 day ahead inc hosp,mean,,342.7825,COVID-19
DE-NI,00+,2023-01-26,2023-01-20,-6 day ahead inc hosp,quantile,0.025,318.0,COVID-19
DE-NI,00+,2023-01-26,2023-01-20,-6 day ahead inc hosp,quantile,0.1,322.0,COVID-19
DE-NI,00+,2023-01-26,2023-01-20,-6 day ahead inc hosp,quantile,0.25,326.0,COVID-19
DE-NI,00+,2023-01-26,2023-01-20,-6 day ahead inc hosp,quantile,0.5,332.0,COVID-19
DE-NI,00+,2023-01-26,2023-01-20,-6 day ahead inc hosp,quantile,0.75,337.0,COVID-19
DE-NI,00+,2023-01-26,2023-01-20,-6 day ahead inc hosp,quantile,0.9,343.0,COVID-19
DE-NI,00+,2023-01-26,2023-01-20,-6 day ahead inc hosp,quantile,0.975,349.0,COVID-19
DE-NI,00+,2023-01-26,2023-01-20,-6 day ahead inc hosp,mean,,331.95475,COVID-19
DE-NI,00+,2023-01-26,2023-01-21,-5 day ahead inc hosp,quantile,0.025,315.0,COVID-19
DE-NI,00+,2023-01-26,2023-01-21,-5 day ahead inc hosp,quantile,0.1,320.0,COVID-19
DE-NI,00+,2023-01-26,2023-01-21,-5 day ahead inc hosp,quantile,0.25,325.0,COVID-19
DE-NI,00+,2023-01-26,2023-01-21,-5 day ahead inc hosp,quantile,0.5,330.0,COVID-19
DE-NI,00+,2023-01-26,2023-01-21,-5 day ahead inc hosp,quantile,0.75,337.0,COVID-19
DE-NI,00+,2023-01-26,2023-01-21,-5 day ahead inc hosp,quantile,0.9,342.0,COVID-19
DE-NI,00+,2023-01-26,2023-01-21,-5 day ahead inc hosp,quantile,0.975,350.0,COVID-19
DE-NI,00+,2023-01-26,2023-01-21,-5 day ahead inc hosp,mean,,330.88425,COVID-19
DE-NI,00+,2023-01-26,2023-01-22,-4 day ahead inc hosp,quantile,0.025,303.0,COVID-19
DE-NI,00+,2023-01-26,2023-01-22,-4 day ahead inc hosp,quantile,0.1,308.0,COVID-19
DE-NI,00+,2023-01-26,2023-01-22,-4 day ahead inc hosp,quantile,0.25,313.0,COVID-19
DE-NI,00+,2023-01-26,2023-01-22,-4 day ahead inc hosp,quantile,0.5,319.0,COVID-19
DE-NI,00+,2023-01-26,2023-01-22,-4 day ahead inc hosp,quantile,0.75,325.0,COVID-19
DE-NI,00+,2023-01-26,2023-01-22,-4 day ahead inc hosp,quantile,0.9,331.0,COVID-19
DE-NI,00+,2023-01-26,2023-01-22,-4 day ahead inc hosp,quantile,0.975,339.0,COVID-19
DE-NI,00+,2023-01-26,2023-01-22,-4 day ahead inc hosp,mean,,319.139,COVID-19
DE-NI,00+,2023-01-26,2023-01-23,-3 day ahead inc hosp,quantile,0.025,313.0,COVID-19
DE-NI,00+,2023-01-26,2023-01-23,-3 day ahead inc hosp,quantile,0.1,319.0,COVID-19
DE-NI,00+,2023-01-26,2023-01-23,-3 day ahead inc hosp,quantile,0.25,324.0,COVID-19
DE-NI,00+,2023-01-26,2023-01-23,-3 day ahead inc hosp,quantile,0.5,330.0,COVID-19
DE-NI,00+,2023-01-26,2023-01-23,-3 day ahead inc hosp,quantile,0.75,337.0,COVID-19
DE-NI,00+,2023-01-26,2023-01-23,-3 day ahead inc hosp,quantile,0.9,344.0,COVID-19
DE-NI,00+,2023-01-26,2023-01-23,-3 day ahead inc hosp,quantile,0.975,352.0,COVID-19
DE-NI,00+,2023-01-26,2023-01-23,-3 day ahead inc hosp,mean,,330.94525,COVID-19
DE-NI,00+,2023-01-26,2023-01-24,-2 day ahead inc hosp,quantile,0.025,301.0,COVID-19
DE-NI,00+,2023-01-26,2023-01-24,-2 day ahead inc hosp,quantile,0.1,307.0,COVID-19
DE-NI,00+,2023-01-26,2023-01-24,-2 day ahead inc hosp,quantile,0.25,313.0,COVID-19
DE-NI,00+,2023-01-26,2023-01-24,-2 day ahead inc hosp,quantile,0.5,320.0,COVID-19
DE-NI,00+,2023-01-26,2023-01-24,-2 day ahead inc hosp,quantile,0.75,328.0,COVID-19
DE-NI,00+,2023-01-26,2023-01-24,-2 day ahead inc hosp,quantile,0.9,336.0,COVID-19
DE-NI,00+,2023-01-26,2023-01-24,-2 day ahead inc hosp,quantile,0.975,345.0,COVID-19
DE-NI,00+,2023-01-26,2023-01-24,-2 day ahead inc hosp,mean,,320.93475,COVID-19
DE-NI,00+,2023-01-26,2023-01-25,-1 day ahead inc hosp,quantile,0.025,308.0,COVID-19
DE-NI,00+,2023-01-26,2023-01-25,-1 day ahead inc hosp,quantile,0.1,315.0,COVID-19
DE-NI,00+,2023-01-26,2023-01-25,-1 day ahead inc hosp,quantile,0.25,324.0,COVID-19
DE-NI,00+,2023-01-26,2023-01-25,-1 day ahead inc hosp,quantile,0.5,334.0,COVID-19
DE-NI,00+,2023-01-26,2023-01-25,-1 day ahead inc hosp,quantile,0.75,346.0,COVID-19
DE-NI,00+,2023-01-26,2023-01-25,-1 day ahead inc hosp,quantile,0.9,358.0,COVID-19
DE-NI,00+,2023-01-26,2023-01-25,-1 day ahead inc hosp,quantile,0.975,377.0,COVID-19
DE-NI,00+,2023-01-26,2023-01-25,-1 day ahead inc hosp,mean,,336.282,COVID-19
DE-NI,00+,2023-01-26,2023-01-26,0 day ahead inc hosp,quantile,0.025,291.0,COVID-19
DE-NI,00+,2023-01-26,2023-01-26,0 day ahead inc hosp,quantile,0.1,304.0,COVID-19
DE-NI,00+,2023-01-26,2023-01-26,0 day ahead inc hosp,quantile,0.25,317.0,COVID-19
DE-NI,00+,2023-01-26,2023-01-26,0 day ahead inc hosp,quantile,0.5,335.0,COVID-19
DE-NI,00+,2023-01-26,2023-01-26,0 day ahead inc hosp,quantile,0.75,358.0,COVID-19
DE-NI,00+,2023-01-26,2023-01-26,0 day ahead inc hosp,quantile,0.9,386.0,COVID-19
DE-NI,00+,2023-01-26,2023-01-26,0 day ahead inc hosp,quantile,0.975,437.0,COVID-19
DE-NI,00+,2023-01-26,2023-01-26,0 day ahead inc hosp,mean,,341.81925,COVID-19
DE-NW,00+,2023-01-26,2022-12-29,-28 day ahead inc hosp,quantile,0.025,2814.0,COVID-19
DE-NW,00+,2023-01-26,2022-12-29,-28 day ahead inc hosp,quantile,0.1,2819.0,COVID-19
DE-NW,00+,2023-01-26,2022-12-29,-28 day ahead inc hosp,quantile,0.25,2824.0,COVID-19
DE-NW,00+,2023-01-26,2022-12-29,-28 day ahead inc hosp,quantile,0.5,2830.0,COVID-19
DE-NW,00+,2023-01-26,2022-12-29,-28 day ahead inc hosp,quantile,0.75,2837.0,COVID-19
DE-NW,00+,2023-01-26,2022-12-29,-28 day ahead inc hosp,quantile,0.9,2844.0,COVID-19
DE-NW,00+,2023-01-26,2022-12-29,-28 day ahead inc hosp,quantile,0.975,2853.0,COVID-19
DE-NW,00+,2023-01-26,2022-12-29,-28 day ahead inc hosp,mean,,2830.845,COVID-19
DE-NW,00+,2023-01-26,2022-12-30,-27 day ahead inc hosp,quantile,0.025,2815.0,COVID-19
DE-NW,00+,2023-01-26,2022-12-30,-27 day ahead inc hosp,quantile,0.1,2821.0,COVID-19
DE-NW,00+,2023-01-26,2022-12-30,-27 day ahead inc hosp,quantile,0.25,2826.0,COVID-19
DE-NW,00+,2023-01-26,2022-12-30,-27 day ahead inc hosp,quantile,0.5,2833.0,COVID-19
DE-NW,00+,2023-01-26,2022-12-30,-27 day ahead inc hosp,quantile,0.75,2840.0,COVID-19
DE-NW,00+,2023-01-26,2022-12-30,-27 day ahead inc hosp,quantile,0.9,2848.0,COVID-19
DE-NW,00+,2023-01-26,2022-12-30,-27 day ahead inc hosp,quantile,0.975,2857.0,COVID-19
DE-NW,00+,2023-01-26,2022-12-30,-27 day ahead inc hosp,mean,,2833.90525,COVID-19
DE-NW,00+,2023-01-26,2022-12-31,-26 day ahead inc hosp,quantile,0.025,2699.0,COVID-19
DE-NW,00+,2023-01-26,2022-12-31,-26 day ahead inc hosp,quantile,0.1,2705.0,COVID-19
DE-NW,00+,2023-01-26,2022-12-31,-26 day ahead inc hosp,quantile,0.25,2710.0,COVID-19
DE-NW,00+,2023-01-26,2022-12-31,-26 day ahead inc hosp,quantile,0.5,2717.0,COVID-19
DE-NW,00+,2023-01-26,2022-12-31,-26 day ahead inc hosp,quantile,0.75,2725.0,COVID-19
DE-NW,00+,2023-01-26,2022-12-31,-26 day ahead inc hosp,quantile,0.9,2732.0,COVID-19
DE-NW,00+,2023-01-26,2022-12-31,-26 day ahead inc hosp,quantile,0.975,2742.0,COVID-19
DE-NW,00+,2023-01-26,2022-12-31,-26 day ahead inc hosp,mean,,2718.234,COVID-19
DE-NW,00+,2023-01-26,2023-01-01,-25 day ahead inc hosp,quantile,0.025,2709.0,COVID-19
DE-NW,00+,2023-01-26,2023-01-01,-25 day ahead inc hosp,quantile,0.1,2715.0,COVID-19
DE-NW,00+,2023-01-26,2023-01-01,-25 day ahead inc hosp,quantile,0.25,2721.0,COVID-19
DE-NW,00+,2023-01-26,2023-01-01,-25 day ahead inc hosp,quantile,0.5,2728.0,COVID-19
DE-NW,00+,2023-01-26,2023-01-01,-25 day ahead inc hosp,quantile,0.75,2736.0,COVID-19
DE-NW,00+,2023-01-26,2023-01-01,-25 day ahead inc hosp,quantile,0.9,2743.0,COVID-19
DE-NW,00+,2023-01-26,2023-01-01,-25 day ahead inc hosp,quantile,0.975,2753.0,COVID-19
DE-NW,00+,2023-01-26,2023-01-01,-25 day ahead inc hosp,mean,,2728.7535,COVID-19
DE-NW,00+,2023-01-26,2023-01-02,-24 day ahead inc hosp,quantile,0.025,2711.0,COVID-19
DE-NW,00+,2023-01-26,2023-01-02,-24 day ahead inc hosp,quantile,0.1,2717.0,COVID-19
DE-NW,00+,2023-01-26,2023-01-02,-24 day ahead inc hosp,quantile,0.25,2723.0,COVID-19
DE-NW,00+,2023-01-26,2023-01-02,-24 day ahead inc hosp,quantile,0.5,2731.0,COVID-19
DE-NW,00+,2023-01-26,2023-01-02,-24 day ahead inc hosp,quantile,0.75,2739.0,COVID-19
DE-NW,00+,2023-01-26,2023-01-02,-24 day ahead inc hosp,quantile,0.9,2746.0,COVID-19
DE-NW,00+,2023-01-26,2023-01-02,-24 day ahead inc hosp,quantile,0.975,2756.0,COVID-19
DE-NW,00+,2023-01-26,2023-01-02,-24 day ahead inc hosp,mean,,2731.3405,COVID-19
DE-NW,00+,2023-01-26,2023-01-03,-23 day ahead inc hosp,quantile,0.025,3103.0,COVID-19
DE-NW,00+,2023-01-26,2023-01-03,-23 day ahead inc hosp,quantile,0.1,3110.0,COVID-19
DE-NW,00+,2023-01-26,2023-01-03,-23 day ahead inc hosp,quantile,0.25,3116.0,COVID-19
DE-NW,00+,2023-01-26,2023-01-03,-23 day ahead inc hosp,quantile,0.5,3124.0,COVID-19
DE-NW,00+,2023-01-26,2023-01-03,-23 day ahead inc hosp,quantile,0.75,3133.0,COVID-19
DE-NW,00+,2023-01-26,2023-01-03,-23 day ahead inc hosp,quantile,0.9,3141.0,COVID-19
DE-NW,00+,2023-01-26,2023-01-03,-23 day ahead inc hosp,quantile,0.975,3152.0,COVID-19
DE-NW,00+,2023-01-26,2023-01-03,-23 day ahead inc hosp,mean,,3124.91525,COVID-19
DE-NW,00+,2023-01-26,2023-01-04,-22 day ahead inc hosp,quantile,0.025,2983.0,COVID-19
DE-NW,00+,2023-01-26,2023-01-04,-22 day ahead inc hosp,quantile,0.1,2990.0,COVID-19
DE-NW,00+,2023-01-26,2023-01-04,-22 day ahead inc hosp,quantile,0.25,2996.0,COVID-19
DE-NW,00+,2023-01-26,2023-01-04,-22 day ahead inc hosp,quantile,0.5,3004.0,COVID-19
DE-NW,00+,2023-01-26,2023-01-04,-22 day ahead inc hosp,quantile,0.75,3013.0,COVID-19
DE-NW,00+,2023-01-26,2023-01-04,-22 day ahead inc hosp,quantile,0.9,3022.0,COVID-19
DE-NW,00+,2023-01-26,2023-01-04,-22 day ahead inc hosp,quantile,0.975,3032.0,COVID-19
DE-NW,00+,2023-01-26,2023-01-04,-22 day ahead inc hosp,mean,,3005.1935,COVID-19
DE-NW,00+,2023-01-26,2023-01-05,-21 day ahead inc hosp,quantile,0.025,2827.0,COVID-19
DE-NW,00+,2023-01-26,2023-01-05,-21 day ahead inc hosp,quantile,0.1,2835.0,COVID-19
DE-NW,00+,2023-01-26,2023-01-05,-21 day ahead inc hosp,quantile,0.25,2841.0,COVID-19
DE-NW,00+,2023-01-26,2023-01-05,-21 day ahead inc hosp,quantile,0.5,2849.0,COVID-19
DE-NW,00+,2023-01-26,2023-01-05,-21 day ahead inc hosp,quantile,0.75,2858.0,COVID-19
DE-NW,00+,2023-01-26,2023-01-05,-21 day ahead inc hosp,quantile,0.9,2866.0,COVID-19
DE-NW,00+,2023-01-26,2023-01-05,-21 day ahead inc hosp,quantile,0.975,2875.0,COVID-19
DE-NW,00+,2023-01-26,2023-01-05,-21 day ahead inc hosp,mean,,2849.6855,COVID-19
DE-NW,00+,2023-01-26,2023-01-06,-20 day ahead inc hosp,quantile,0.025,2585.0,COVID-19
DE-NW,00+,2023-01-26,2023-01-06,-20 day ahead inc hosp,quantile,0.1,2592.0,COVID-19
DE-NW,00+,2023-01-26,2023-01-06,-20 day ahead inc hosp,quantile,0.25,2599.0,COVID-19
DE-NW,00+,2023-01-26,2023-01-06,-20 day ahead inc hosp,quantile,0.5,2606.0,COVID-19
DE-NW,00+,2023-01-26,2023-01-06,-20 day ahead inc hosp,quantile,0.75,2615.0,COVID-19
DE-NW,00+,2023-01-26,2023-01-06,-20 day ahead inc hosp,quantile,0.9,2623.0,COVID-19
DE-NW,00+,2023-01-26,2023-01-06,-20 day ahead inc hosp,quantile,0.975,2632.0,COVID-19
DE-NW,00+,2023-01-26,2023-01-06,-20 day ahead inc hosp,mean,,2606.869,COVID-19
DE-NW,00+,2023-01-26,2023-01-07,-19 day ahead inc hosp,quantile,0.025,2446.0,COVID-19
DE-NW,00+,2023-01-26,2023-01-07,-19 day ahead inc hosp,quantile,0.1,2453.0,COVID-19
DE-NW,00+,2023-01-26,2023-01-07,-19 day ahead inc hosp,quantile,0.25,2459.0,COVID-19
DE-NW,00+,2023-01-26,2023-01-07,-19 day ahead inc hosp,quantile,0.5,2467.0,COVID-19
DE-NW,00+,2023-01-26,2023-01-07,-19 day ahead inc hosp,quantile,0.75,2475.0,COVID-19
DE-NW,00+,2023-01-26,2023-01-07,-19 day ahead inc hosp,quantile,0.9,2483.0,COVID-19
DE-NW,00+,2023-01-26,2023-01-07,-19 day ahead inc hosp,quantile,0.975,2493.0,COVID-19
DE-NW,00+,2023-01-26,2023-01-07,-19 day ahead inc hosp,mean,,2467.39825,COVID-19
DE-NW,00+,2023-01-26,2023-01-08,-18 day ahead inc hosp,quantile,0.025,2398.0,COVID-19
DE-NW,00+,2023-01-26,2023-01-08,-18 day ahead inc hosp,quantile,0.1,2405.9,COVID-19
DE-NW,00+,2023-01-26,2023-01-08,-18 day ahead inc hosp,quantile,0.25,2412.0,COVID-19
DE-NW,00+,2023-01-26,2023-01-08,-18 day ahead inc hosp,quantile,0.5,2420.0,COVID-19
DE-NW,00+,2023-01-26,2023-01-08,-18 day ahead inc hosp,quantile,0.75,2428.0,COVID-19
DE-NW,00+,2023-01-26,2023-01-08,-18 day ahead inc hosp,quantile,0.9,2436.0,COVID-19
DE-NW,00+,2023-01-26,2023-01-08,-18 day ahead inc hosp,quantile,0.975,2446.0,COVID-19
DE-NW,00+,2023-01-26,2023-01-08,-18 day ahead inc hosp,mean,,2420.4505,COVID-19
DE-NW,00+,2023-01-26,2023-01-09,-17 day ahead inc hosp,quantile,0.025,2343.0,COVID-19
DE-NW,00+,2023-01-26,2023-01-09,-17 day ahead inc hosp,quantile,0.1,2350.0,COVID-19
DE-NW,00+,2023-01-26,2023-01-09,-17 day ahead inc hosp,quantile,0.25,2357.0,COVID-19
DE-NW,00+,2023-01-26,2023-01-09,-17 day ahead inc hosp,quantile,0.5,2364.0,COVID-19
DE-NW,00+,2023-01-26,2023-01-09,-17 day ahead inc hosp,quantile,0.75,2373.0,COVID-19
DE-NW,00+,2023-01-26,2023-01-09,-17 day ahead inc hosp,quantile,0.9,2381.0,COVID-19
DE-NW,00+,2023-01-26,2023-01-09,-17 day ahead inc hosp,quantile,0.975,2391.0,COVID-19
DE-NW,00+,2023-01-26,2023-01-09,-17 day ahead inc hosp,mean,,2365.06475,COVID-19
DE-NW,00+,2023-01-26,2023-01-10,-16 day ahead inc hosp,quantile,0.025,2239.0,COVID-19
DE-NW,00+,2023-01-26,2023-01-10,-16 day ahead inc hosp,quantile,0.1,2245.0,COVID-19
DE-NW,00+,2023-01-26,2023-01-10,-16 day ahead inc hosp,quantile,0.25,2251.0,COVID-19
DE-NW,00+,2023-01-26,2023-01-10,-16 day ahead inc hosp,quantile,0.5,2259.0,COVID-19
DE-NW,00+,2023-01-26,2023-01-10,-16 day ahead inc hosp,quantile,0.75,2267.0,COVID-19
DE-NW,00+,2023-01-26,2023-01-10,-16 day ahead inc hosp,quantile,0.9,2275.0,COVID-19
DE-NW,00+,2023-01-26,2023-01-10,-16 day ahead inc hosp,quantile,0.975,2284.025,COVID-19
DE-NW,00+,2023-01-26,2023-01-10,-16 day ahead inc hosp,mean,,2259.434,COVID-19
DE-NW,00+,2023-01-26,2023-01-11,-15 day ahead inc hosp,quantile,0.025,2060.0,COVID-19
DE-NW,00+,2023-01-26,2023-01-11,-15 day ahead inc hosp,quantile,0.1,2066.0,COVID-19
DE-NW,00+,2023-01-26,2023-01-11,-15 day ahead inc hosp,quantile,0.25,2073.0,COVID-19
DE-NW,00+,2023-01-26,2023-01-11,-15 day ahead inc hosp,quantile,0.5,2080.0,COVID-19
DE-NW,00+,2023-01-26,2023-01-11,-15 day ahead inc hosp,quantile,0.75,2087.0,COVID-19
DE-NW,00+,2023-01-26,2023-01-11,-15 day ahead inc hosp,quantile,0.9,2095.0,COVID-19
DE-NW,00+,2023-01-26,2023-01-11,-15 day ahead inc hosp,quantile,0.975,2104.0,COVID-19
DE-NW,00+,2023-01-26,2023-01-11,-15 day ahead inc hosp,mean,,2080.2315,COVID-19
DE-NW,00+,2023-01-26,2023-01-12,-14 day ahead inc hosp,quantile,0.025,1879.0,COVID-19
DE-NW,00+,2023-01-26,2023-01-12,-14 day ahead inc hosp,quantile,0.1,1885.0,COVID-19
DE-NW,00+,2023-01-26,2023-01-12,-14 day ahead inc hosp,quantile,0.25,1891.0,COVID-19
DE-NW,00+,2023-01-26,2023-01-12,-14 day ahead inc hosp,quantile,0.5,1899.0,COVID-19
DE-NW,00+,2023-01-26,2023-01-12,-14 day ahead inc hosp,quantile,0.75,1907.0,COVID-19
DE-NW,00+,2023-01-26,2023-01-12,-14 day ahead inc hosp,quantile,0.9,1914.0,COVID-19
DE-NW,00+,2023-01-26,2023-01-12,-14 day ahead inc hosp,quantile,0.975,1922.0,COVID-19
DE-NW,00+,2023-01-26,2023-01-12,-14 day ahead inc hosp,mean,,1899.1205,COVID-19
DE-NW,00+,2023-01-26,2023-01-13,-13 day ahead inc hosp,quantile,0.025,1730.0,COVID-19
DE-NW,00+,2023-01-26,2023-01-13,-13 day ahead inc hosp,quantile,0.1,1736.0,COVID-19
DE-NW,00+,2023-01-26,2023-01-13,-13 day ahead inc hosp,quantile,0.25,1743.0,COVID-19
DE-NW,00+,2023-01-26,2023-01-13,-13 day ahead inc hosp,quantile,0.5,1751.0,COVID-19
DE-NW,00+,2023-01-26,2023-01-13,-13 day ahead inc hosp,quantile,0.75,1759.0,COVID-19
DE-NW,00+,2023-01-26,2023-01-13,-13 day ahead inc hosp,quantile,0.9,1767.0,COVID-19
DE-NW,00+,2023-01-26,2023-01-13,-13 day ahead inc hosp,quantile,0.975,1775.0,COVID-19
DE-NW,00+,2023-01-26,2023-01-13,-13 day ahead inc hosp,mean,,1751.219,COVID-19
DE-NW,00+,2023-01-26,2023-01-14,-12 day ahead inc hosp,quantile,0.025,1642.0,COVID-19
DE-NW,00+,2023-01-26,2023-01-14,-12 day ahead inc hosp,quantile,0.1,1649.0,COVID-19
DE-NW,00+,2023-01-26,2023-01-14,-12 day ahead inc hosp,quantile,0.25,1656.0,COVID-19
DE-NW,00+,2023-01-26,2023-01-14,-12 day ahead inc hosp,quantile,0.5,1664.0,COVID-19
DE-NW,00+,2023-01-26,2023-01-14,-12 day ahead inc hosp,quantile,0.75,1672.0,COVID-19
DE-NW,00+,2023-01-26,2023-01-14,-12 day ahead inc hosp,quantile,0.9,1681.0,COVID-19
DE-NW,00+,2023-01-26,2023-01-14,-12 day ahead inc hosp,quantile,0.975,1690.0,COVID-19
DE-NW,00+,2023-01-26,2023-01-14,-12 day ahead inc hosp,mean,,1664.5985,COVID-19
DE-NW,00+,2023-01-26,2023-01-15,-11 day ahead inc hosp,quantile,0.025,1596.0,COVID-19
DE-NW,00+,2023-01-26,2023-01-15,-11 day ahead inc hosp,quantile,0.1,1603.0,COVID-19
DE-NW,00+,2023-01-26,2023-01-15,-11 day ahead inc hosp,quantile,0.25,1609.0,COVID-19
DE-NW,00+,2023-01-26,2023-01-15,-11 day ahead inc hosp,quantile,0.5,1618.0,COVID-19
DE-NW,00+,2023-01-26,2023-01-15,-11 day ahead inc hosp,quantile,0.75,1626.0,COVID-19
DE-NW,00+,2023-01-26,2023-01-15,-11 day ahead inc hosp,quantile,0.9,1635.0,COVID-19
DE-NW,00+,2023-01-26,2023-01-15,-11 day ahead inc hosp,quantile,0.975,1644.0,COVID-19
DE-NW,00+,2023-01-26,2023-01-15,-11 day ahead inc hosp,mean,,1618.266,COVID-19
DE-NW,00+,2023-01-26,2023-01-16,-10 day ahead inc hosp,quantile,0.025,1560.0,COVID-19
DE-NW,00+,2023-01-26,2023-01-16,-10 day ahead inc hosp,quantile,0.1,1567.0,COVID-19
DE-NW,00+,2023-01-26,2023-01-16,-10 day ahead inc hosp,quantile,0.25,1574.0,COVID-19
DE-NW,00+,2023-01-26,2023-01-16,-10 day ahead inc hosp,quantile,0.5,1582.0,COVID-19
DE-NW,00+,2023-01-26,2023-01-16,-10 day ahead inc hosp,quantile,0.75,1591.0,COVID-19
DE-NW,00+,2023-01-26,2023-01-16,-10 day ahead inc hosp,quantile,0.9,1599.0,COVID-19
DE-NW,00+,2023-01-26,2023-01-16,-10 day ahead inc hosp,quantile,0.975,1608.0,COVID-19
DE-NW,00+,2023-01-26,2023-01-16,-10 day ahead inc hosp,mean,,1582.53975,COVID-19
DE-NW,00+,2023-01-26,2023-01-17,-9 day ahead inc hosp,quantile,0.025,1418.0,COVID-19
DE-NW,00+,2023-01-26,2023-01-17,-9 day ahead inc hosp,quantile,0.1,1426.0,COVID-19
DE-NW,00+,2023-01-26,2023-01-17,-9 day ahead inc hosp,quantile,0.25,1434.0,COVID-19
DE-NW,00+,2023-01-26,2023-01-17,-9 day ahead inc hosp,quantile,0.5,1444.0,COVID-19
DE-NW,00+,2023-01-26,2023-01-17,-9 day ahead inc hosp,quantile,0.75,1453.0,COVID-19
DE-NW,00+,2023-01-26,2023-01-17,-9 day ahead inc hosp,quantile,0.9,1462.0,COVID-19
DE-NW,00+,2023-01-26,2023-01-17,-9 day ahead inc hosp,quantile,0.975,1473.0,COVID-19
DE-NW,00+,2023-01-26,2023-01-17,-9 day ahead inc hosp,mean,,1443.8615,COVID-19
DE-NW,00+,2023-01-26,2023-01-18,-8 day ahead inc hosp,quantile,0.025,1341.0,COVID-19
DE-NW,00+,2023-01-26,2023-01-18,-8 day ahead inc hosp,quantile,0.1,1350.0,COVID-19
DE-NW,00+,2023-01-26,2023-01-18,-8 day ahead inc hosp,quantile,0.25,1359.0,COVID-19
DE-NW,00+,2023-01-26,2023-01-18,-8 day ahead inc hosp,quantile,0.5,1369.0,COVID-19
DE-NW,00+,2023-01-26,2023-01-18,-8 day ahead inc hosp,quantile,0.75,1379.25,COVID-19
DE-NW,00+,2023-01-26,2023-01-18,-8 day ahead inc hosp,quantile,0.9,1390.0,COVID-19
DE-NW,00+,2023-01-26,2023-01-18,-8 day ahead inc hosp,quantile,0.975,1402.0,COVID-19
DE-NW,00+,2023-01-26,2023-01-18,-8 day ahead inc hosp,mean,,1369.617,COVID-19
DE-NW,00+,2023-01-26,2023-01-19,-7 day ahead inc hosp,quantile,0.025,1296.0,COVID-19
DE-NW,00+,2023-01-26,2023-01-19,-7 day ahead inc hosp,quantile,0.1,1306.0,COVID-19
DE-NW,00+,2023-01-26,2023-01-19,-7 day ahead inc hosp,quantile,0.25,1315.0,COVID-19
DE-NW,00+,2023-01-26,2023-01-19,-7 day ahead inc hosp,quantile,0.5,1326.0,COVID-19
DE-NW,00+,2023-01-26,2023-01-19,-7 day ahead inc hosp,quantile,0.75,1338.0,COVID-19
DE-NW,00+,2023-01-26,2023-01-19,-7 day ahead inc hosp,quantile,0.9,1350.0,COVID-19
DE-NW,00+,2023-01-26,2023-01-19,-7 day ahead inc hosp,quantile,0.975,1364.0,COVID-19
DE-NW,00+,2023-01-26,2023-01-19,-7 day ahead inc hosp,mean,,1326.917,COVID-19
DE-NW,00+,2023-01-26,2023-01-20,-6 day ahead inc hosp,quantile,0.025,1224.0,COVID-19
DE-NW,00+,2023-01-26,2023-01-20,-6 day ahead inc hosp,quantile,0.1,1236.0,COVID-19
DE-NW,00+,2023-01-26,2023-01-20,-6 day ahead inc hosp,quantile,0.25,1247.0,COVID-19
DE-NW,00+,2023-01-26,2023-01-20,-6 day ahead inc hosp,quantile,0.5,1259.0,COVID-19
DE-NW,00+,2023-01-26,2023-01-20,-6 day ahead inc hosp,quantile,0.75,1273.0,COVID-19
DE-NW,00+,2023-01-26,2023-01-20,-6 day ahead inc hosp,quantile,0.9,1286.0,COVID-19
DE-NW,00+,2023-01-26,2023-01-20,-6 day ahead inc hosp,quantile,0.975,1301.0,COVID-19
DE-NW,00+,2023-01-26,2023-01-20,-6 day ahead inc hosp,mean,,1260.3605,COVID-19
DE-NW,00+,2023-01-26,2023-01-21,-5 day ahead inc hosp,quantile,0.025,1173.975,COVID-19
DE-NW,00+,2023-01-26,2023-01-21,-5 day ahead inc hosp,quantile,0.1,1186.0,COVID-19
DE-NW,00+,2023-01-26,2023-01-21,-5 day ahead inc hosp,quantile,0.25,1198.0,COVID-19
DE-NW,00+,2023-01-26,2023-01-21,-5 day ahead inc hosp,quantile,0.5,1214.0,COVID-19
DE-NW,00+,2023-01-26,2023-01-21,-5 day ahead inc hosp,quantile,0.75,1230.0,COVID-19
DE-NW,00+,2023-01-26,2023-01-21,-5 day ahead inc hosp,quantile,0.9,1246.0,COVID-19
DE-NW,00+,2023-01-26,2023-01-21,-5 day ahead inc hosp,quantile,0.975,1266.0,COVID-19
DE-NW,00+,2023-01-26,2023-01-21,-5 day ahead inc hosp,mean,,1215.05775,COVID-19
DE-NW,00+,2023-01-26,2023-01-22,-4 day ahead inc hosp,quantile,0.025,1162.0,COVID-19
DE-NW,00+,2023-01-26,2023-01-22,-4 day ahead inc hosp,quantile,0.1,1175.0,COVID-19
DE-NW,00+,2023-01-26,2023-01-22,-4 day ahead inc hosp,quantile,0.25,1188.0,COVID-19
DE-NW,00+,2023-01-26,2023-01-22,-4 day ahead inc hosp,quantile,0.5,1205.0,COVID-19
DE-NW,00+,2023-01-26,2023-01-22,-4 day ahead inc hosp,quantile,0.75,1223.0,COVID-19
DE-NW,00+,2023-01-26,2023-01-22,-4 day ahead inc hosp,quantile,0.9,1241.0,COVID-19
DE-NW,00+,2023-01-26,2023-01-22,-4 day ahead inc hosp,quantile,0.975,1262.0,COVID-19
DE-NW,00+,2023-01-26,2023-01-22,-4 day ahead inc hosp,mean,,1206.3995,COVID-19
DE-NW,00+,2023-01-26,2023-01-23,-3 day ahead inc hosp,quantile,0.025,1182.0,COVID-19
DE-NW,00+,2023-01-26,2023-01-23,-3 day ahead inc hosp,quantile,0.1,1198.0,COVID-19
DE-NW,00+,2023-01-26,2023-01-23,-3 day ahead inc hosp,quantile,0.25,1213.0,COVID-19
DE-NW,00+,2023-01-26,2023-01-23,-3 day ahead inc hosp,quantile,0.5,1231.0,COVID-19
DE-NW,00+,2023-01-26,2023-01-23,-3 day ahead inc hosp,quantile,0.75,1250.0,COVID-19
DE-NW,00+,2023-01-26,2023-01-23,-3 day ahead inc hosp,quantile,0.9,1271.0,COVID-19
DE-NW,00+,2023-01-26,2023-01-23,-3 day ahead inc hosp,quantile,0.975,1294.0,COVID-19
DE-NW,00+,2023-01-26,2023-01-23,-3 day ahead inc hosp,mean,,1232.888,COVID-19
DE-NW,00+,2023-01-26,2023-01-24,-2 day ahead inc hosp,quantile,0.025,1128.0,COVID-19
DE-NW,00+,2023-01-26,2023-01-24,-2 day ahead inc hosp,quantile,0.1,1148.9,COVID-19
DE-NW,00+,2023-01-26,2023-01-24,-2 day ahead inc hosp,quantile,0.25,1169.0,COVID-19
DE-NW,00+,2023-01-26,2023-01-24,-2 day ahead inc hosp,quantile,0.5,1191.0,COVID-19
DE-NW,00+,2023-01-26,2023-01-24,-2 day ahead inc hosp,quantile,0.75,1218.0,COVID-19
DE-NW,00+,2023-01-26,2023-01-24,-2 day ahead inc hosp,quantile,0.9,1244.0,COVID-19
DE-NW,00+,2023-01-26,2023-01-24,-2 day ahead inc hosp,quantile,0.975,1279.0,COVID-19
DE-NW,00+,2023-01-26,2023-01-24,-2 day ahead inc hosp,mean,,1194.68075,COVID-19
DE-NW,00+,2023-01-26,2023-01-25,-1 day ahead inc hosp,quantile,0.025,1128.0,COVID-19
DE-NW,00+,2023-01-26,2023-01-25,-1 day ahead inc hosp,quantile,0.1,1158.0,COVID-19
DE-NW,00+,2023-01-26,2023-01-25,-1 day ahead inc hosp,quantile,0.25,1187.0,COVID-19
DE-NW,00+,2023-01-26,2023-01-25,-1 day ahead inc hosp,quantile,0.5,1223.0,COVID-19
DE-NW,00+,2023-01-26,2023-01-25,-1 day ahead inc hosp,quantile,0.75,1267.0,COVID-19
DE-NW,00+,2023-01-26,2023-01-25,-1 day ahead inc hosp,quantile,0.9,1316.0,COVID-19
DE-NW,00+,2023-01-26,2023-01-25,-1 day ahead inc hosp,quantile,0.975,1377.025,COVID-19
DE-NW,00+,2023-01-26,2023-01-25,-1 day ahead inc hosp,mean,,1231.45025,COVID-19
DE-NW,00+,2023-01-26,2023-01-26,0 day ahead inc hosp,quantile,0.025,1076.975,COVID-19
DE-NW,00+,2023-01-26,2023-01-26,0 day ahead inc hosp,quantile,0.1,1117.0,COVID-19
DE-NW,00+,2023-01-26,2023-01-26,0 day ahead inc hosp,quantile,0.25,1168.0,COVID-19
DE-NW,00+,2023-01-26,2023-01-26,0 day ahead inc hosp,quantile,0.5,1234.0,COVID-19
DE-NW,00+,2023-01-26,2023-01-26,0 day ahead inc hosp,quantile,0.75,1318.0,COVID-19
DE-NW,00+,2023-01-26,2023-01-26,0 day ahead inc hosp,quantile,0.9,1428.0,COVID-19
DE-NW,00+,2023-01-26,2023-01-26,0 day ahead inc hosp,quantile,0.975,1572.0500000000002,COVID-19
DE-NW,00+,2023-01-26,2023-01-26,0 day ahead inc hosp,mean,,1257.69025,COVID-19
DE-RP,00+,2023-01-26,2022-12-29,-28 day ahead inc hosp,quantile,0.025,409.0,COVID-19
DE-RP,00+,2023-01-26,2022-12-29,-28 day ahead inc hosp,quantile,0.1,409.0,COVID-19
DE-RP,00+,2023-01-26,2022-12-29,-28 day ahead inc hosp,quantile,0.25,410.0,COVID-19
DE-RP,00+,2023-01-26,2022-12-29,-28 day ahead inc hosp,quantile,0.5,411.0,COVID-19
DE-RP,00+,2023-01-26,2022-12-29,-28 day ahead inc hosp,quantile,0.75,412.0,COVID-19
DE-RP,00+,2023-01-26,2022-12-29,-28 day ahead inc hosp,quantile,0.9,414.0,COVID-19
DE-RP,00+,2023-01-26,2022-12-29,-28 day ahead inc hosp,quantile,0.975,416.0,COVID-19
DE-RP,00+,2023-01-26,2022-12-29,-28 day ahead inc hosp,mean,,411.41475,COVID-19
DE-RP,00+,2023-01-26,2022-12-30,-27 day ahead inc hosp,quantile,0.025,356.0,COVID-19
DE-RP,00+,2023-01-26,2022-12-30,-27 day ahead inc hosp,quantile,0.1,357.0,COVID-19
DE-RP,00+,2023-01-26,2022-12-30,-27 day ahead inc hosp,quantile,0.25,357.0,COVID-19
DE-RP,00+,2023-01-26,2022-12-30,-27 day ahead inc hosp,quantile,0.5,358.0,COVID-19
DE-RP,00+,2023-01-26,2022-12-30,-27 day ahead inc hosp,quantile,0.75,360.0,COVID-19
DE-RP,00+,2023-01-26,2022-12-30,-27 day ahead inc hosp,quantile,0.9,361.0,COVID-19
DE-RP,00+,2023-01-26,2022-12-30,-27 day ahead inc hosp,quantile,0.975,363.0,COVID-19
DE-RP,00+,2023-01-26,2022-12-30,-27 day ahead inc hosp,mean,,358.58375,COVID-19
DE-RP,00+,2023-01-26,2022-12-31,-26 day ahead inc hosp,quantile,0.025,306.0,COVID-19
DE-RP,00+,2023-01-26,2022-12-31,-26 day ahead inc hosp,quantile,0.1,307.0,COVID-19
DE-RP,00+,2023-01-26,2022-12-31,-26 day ahead inc hosp,quantile,0.25,307.0,COVID-19
DE-RP,00+,2023-01-26,2022-12-31,-26 day ahead inc hosp,quantile,0.5,308.0,COVID-19
DE-RP,00+,2023-01-26,2022-12-31,-26 day ahead inc hosp,quantile,0.75,310.0,COVID-19
DE-RP,00+,2023-01-26,2022-12-31,-26 day ahead inc hosp,quantile,0.9,311.0,COVID-19
DE-RP,00+,2023-01-26,2022-12-31,-26 day ahead inc hosp,quantile,0.975,313.0,COVID-19
DE-RP,00+,2023-01-26,2022-12-31,-26 day ahead inc hosp,mean,,308.757,COVID-19
DE-RP,00+,2023-01-26,2023-01-01,-25 day ahead inc hosp,quantile,0.025,303.0,COVID-19
DE-RP,00+,2023-01-26,2023-01-01,-25 day ahead inc hosp,quantile,0.1,304.0,COVID-19
DE-RP,00+,2023-01-26,2023-01-01,-25 day ahead inc hosp,quantile,0.25,305.0,COVID-19
DE-RP,00+,2023-01-26,2023-01-01,-25 day ahead inc hosp,quantile,0.5,306.0,COVID-19
DE-RP,00+,2023-01-26,2023-01-01,-25 day ahead inc hosp,quantile,0.75,307.0,COVID-19
DE-RP,00+,2023-01-26,2023-01-01,-25 day ahead inc hosp,quantile,0.9,309.0,COVID-19
DE-RP,00+,2023-01-26,2023-01-01,-25 day ahead inc hosp,quantile,0.975,311.0,COVID-19
DE-RP,00+,2023-01-26,2023-01-01,-25 day ahead inc hosp,mean,,306.07,COVID-19
DE-RP,00+,2023-01-26,2023-01-02,-24 day ahead inc hosp,quantile,0.025,313.0,COVID-19
DE-RP,00+,2023-01-26,2023-01-02,-24 day ahead inc hosp,quantile,0.1,314.0,COVID-19
DE-RP,00+,2023-01-26,2023-01-02,-24 day ahead inc hosp,quantile,0.25,315.0,COVID-19
DE-RP,00+,2023-01-26,2023-01-02,-24 day ahead inc hosp,quantile,0.5,316.0,COVID-19
DE-RP,00+,2023-01-26,2023-01-02,-24 day ahead inc hosp,quantile,0.75,318.0,COVID-19
DE-RP,00+,2023-01-26,2023-01-02,-24 day ahead inc hosp,quantile,0.9,319.0,COVID-19
DE-RP,00+,2023-01-26,2023-01-02,-24 day ahead inc hosp,quantile,0.975,321.0,COVID-19
DE-RP,00+,2023-01-26,2023-01-02,-24 day ahead inc hosp,mean,,316.5685,COVID-19
DE-RP,00+,2023-01-26,2023-01-03,-23 day ahead inc hosp,quantile,0.025,504.0,COVID-19
DE-RP,00+,2023-01-26,2023-01-03,-23 day ahead inc hosp,quantile,0.1,505.0,COVID-19
DE-RP,00+,2023-01-26,2023-01-03,-23 day ahead inc hosp,quantile,0.25,507.0,COVID-19
DE-RP,00+,2023-01-26,2023-01-03,-23 day ahead inc hosp,quantile,0.5,508.0,COVID-19
DE-RP,00+,2023-01-26,2023-01-03,-23 day ahead inc hosp,quantile,0.75,510.0,COVID-19
DE-RP,00+,2023-01-26,2023-01-03,-23 day ahead inc hosp,quantile,0.9,512.0,COVID-19
DE-RP,00+,2023-01-26,2023-01-03,-23 day ahead inc hosp,quantile,0.975,514.0250000000001,COVID-19
DE-RP,00+,2023-01-26,2023-01-03,-23 day ahead inc hosp,mean,,508.5145,COVID-19
DE-RP,00+,2023-01-26,2023-01-04,-22 day ahead inc hosp,quantile,0.025,530.0,COVID-19
DE-RP,00+,2023-01-26,2023-01-04,-22 day ahead inc hosp,quantile,0.1,531.0,COVID-19
DE-RP,00+,2023-01-26,2023-01-04,-22 day ahead inc hosp,quantile,0.25,533.0,COVID-19
DE-RP,00+,2023-01-26,2023-01-04,-22 day ahead inc hosp,quantile,0.5,535.0,COVID-19
DE-RP,00+,2023-01-26,2023-01-04,-22 day ahead inc hosp,quantile,0.75,537.0,COVID-19
DE-RP,00+,2023-01-26,2023-01-04,-22 day ahead inc hosp,quantile,0.9,540.0,COVID-19
DE-RP,00+,2023-01-26,2023-01-04,-22 day ahead inc hosp,quantile,0.975,542.0,COVID-19
DE-RP,00+,2023-01-26,2023-01-04,-22 day ahead inc hosp,mean,,535.3455,COVID-19
DE-RP,00+,2023-01-26,2023-01-05,-21 day ahead inc hosp,quantile,0.025,560.0,COVID-19
DE-RP,00+,2023-01-26,2023-01-05,-21 day ahead inc hosp,quantile,0.1,562.0,COVID-19
DE-RP,00+,2023-01-26,2023-01-05,-21 day ahead inc hosp,quantile,0.25,564.0,COVID-19
DE-RP,00+,2023-01-26,2023-01-05,-21 day ahead inc hosp,quantile,0.5,566.0,COVID-19
DE-RP,00+,2023-01-26,2023-01-05,-21 day ahead inc hosp,quantile,0.75,569.0,COVID-19
DE-RP,00+,2023-01-26,2023-01-05,-21 day ahead inc hosp,quantile,0.9,571.0,COVID-19
DE-RP,00+,2023-01-26,2023-01-05,-21 day ahead inc hosp,quantile,0.975,575.0,COVID-19
DE-RP,00+,2023-01-26,2023-01-05,-21 day ahead inc hosp,mean,,566.502,COVID-19
DE-RP,00+,2023-01-26,2023-01-06,-20 day ahead inc hosp,quantile,0.025,598.0,COVID-19
DE-RP,00+,2023-01-26,2023-01-06,-20 day ahead inc hosp,quantile,0.1,600.0,COVID-19
DE-RP,00+,2023-01-26,2023-01-06,-20 day ahead inc hosp,quantile,0.25,603.0,COVID-19
DE-RP,00+,2023-01-26,2023-01-06,-20 day ahead inc hosp,quantile,0.5,605.0,COVID-19
DE-RP,00+,2023-01-26,2023-01-06,-20 day ahead inc hosp,quantile,0.75,608.0,COVID-19
DE-RP,00+,2023-01-26,2023-01-06,-20 day ahead inc hosp,quantile,0.9,611.0,COVID-19
DE-RP,00+,2023-01-26,2023-01-06,-20 day ahead inc hosp,quantile,0.975,614.0,COVID-19
DE-RP,00+,2023-01-26,2023-01-06,-20 day ahead inc hosp,mean,,605.50075,COVID-19
DE-RP,00+,2023-01-26,2023-01-07,-19 day ahead inc hosp,quantile,0.025,609.0,COVID-19
DE-RP,00+,2023-01-26,2023-01-07,-19 day ahead inc hosp,quantile,0.1,611.0,COVID-19
DE-RP,00+,2023-01-26,2023-01-07,-19 day ahead inc hosp,quantile,0.25,614.0,COVID-19
DE-RP,00+,2023-01-26,2023-01-07,-19 day ahead inc hosp,quantile,0.5,616.0,COVID-19
DE-RP,00+,2023-01-26,2023-01-07,-19 day ahead inc hosp,quantile,0.75,619.0,COVID-19
DE-RP,00+,2023-01-26,2023-01-07,-19 day ahead inc hosp,quantile,0.9,623.0,COVID-19
DE-RP,00+,2023-01-26,2023-01-07,-19 day ahead inc hosp,quantile,0.975,626.0,COVID-19
DE-RP,00+,2023-01-26,2023-01-07,-19 day ahead inc hosp,mean,,616.74575,COVID-19
DE-RP,00+,2023-01-26,2023-01-08,-18 day ahead inc hosp,quantile,0.025,608.0,COVID-19
DE-RP,00+,2023-01-26,2023-01-08,-18 day ahead inc hosp,quantile,0.1,611.0,COVID-19
DE-RP,00+,2023-01-26,2023-01-08,-18 day ahead inc hosp,quantile,0.25,613.0,COVID-19
DE-RP,00+,2023-01-26,2023-01-08,-18 day ahead inc hosp,quantile,0.5,616.0,COVID-19
DE-RP,00+,2023-01-26,2023-01-08,-18 day ahead inc hosp,quantile,0.75,619.0,COVID-19
DE-RP,00+,2023-01-26,2023-01-08,-18 day ahead inc hosp,quantile,0.9,622.0,COVID-19
DE-RP,00+,2023-01-26,2023-01-08,-18 day ahead inc hosp,quantile,0.975,626.0,COVID-19
DE-RP,00+,2023-01-26,2023-01-08,-18 day ahead inc hosp,mean,,616.02175,COVID-19
DE-RP,00+,2023-01-26,2023-01-09,-17 day ahead inc hosp,quantile,0.025,592.0,COVID-19
DE-RP,00+,2023-01-26,2023-01-09,-17 day ahead inc hosp,quantile,0.1,595.0,COVID-19
DE-RP,00+,2023-01-26,2023-01-09,-17 day ahead inc hosp,quantile,0.25,597.0,COVID-19
DE-RP,00+,2023-01-26,2023-01-09,-17 day ahead inc hosp,quantile,0.5,600.0,COVID-19
DE-RP,00+,2023-01-26,2023-01-09,-17 day ahead inc hosp,quantile,0.75,603.0,COVID-19
DE-RP,00+,2023-01-26,2023-01-09,-17 day ahead inc hosp,quantile,0.9,606.0,COVID-19
DE-RP,00+,2023-01-26,2023-01-09,-17 day ahead inc hosp,quantile,0.975,610.0,COVID-19
DE-RP,00+,2023-01-26,2023-01-09,-17 day ahead inc hosp,mean,,599.98475,COVID-19
DE-RP,00+,2023-01-26,2023-01-10,-16 day ahead inc hosp,quantile,0.025,503.0,COVID-19
DE-RP,00+,2023-01-26,2023-01-10,-16 day ahead inc hosp,quantile,0.1,505.0,COVID-19
DE-RP,00+,2023-01-26,2023-01-10,-16 day ahead inc hosp,quantile,0.25,507.0,COVID-19
DE-RP,00+,2023-01-26,2023-01-10,-16 day ahead inc hosp,quantile,0.5,510.0,COVID-19
DE-RP,00+,2023-01-26,2023-01-10,-16 day ahead inc hosp,quantile,0.75,513.0,COVID-19
DE-RP,00+,2023-01-26,2023-01-10,-16 day ahead inc hosp,quantile,0.9,516.0,COVID-19
DE-RP,00+,2023-01-26,2023-01-10,-16 day ahead inc hosp,quantile,0.975,520.0,COVID-19
DE-RP,00+,2023-01-26,2023-01-10,-16 day ahead inc hosp,mean,,510.506,COVID-19
DE-RP,00+,2023-01-26,2023-01-11,-15 day ahead inc hosp,quantile,0.025,429.0,COVID-19
DE-RP,00+,2023-01-26,2023-01-11,-15 day ahead inc hosp,quantile,0.1,431.0,COVID-19
DE-RP,00+,2023-01-26,2023-01-11,-15 day ahead inc hosp,quantile,0.25,433.0,COVID-19
DE-RP,00+,2023-01-26,2023-01-11,-15 day ahead inc hosp,quantile,0.5,436.0,COVID-19
DE-RP,00+,2023-01-26,2023-01-11,-15 day ahead inc hosp,quantile,0.75,439.0,COVID-19
DE-RP,00+,2023-01-26,2023-01-11,-15 day ahead inc hosp,quantile,0.9,442.0,COVID-19
DE-RP,00+,2023-01-26,2023-01-11,-15 day ahead inc hosp,quantile,0.975,446.0,COVID-19
DE-RP,00+,2023-01-26,2023-01-11,-15 day ahead inc hosp,mean,,436.40325,COVID-19
DE-RP,00+,2023-01-26,2023-01-12,-14 day ahead inc hosp,quantile,0.025,368.0,COVID-19
DE-RP,00+,2023-01-26,2023-01-12,-14 day ahead inc hosp,quantile,0.1,370.0,COVID-19
DE-RP,00+,2023-01-26,2023-01-12,-14 day ahead inc hosp,quantile,0.25,372.0,COVID-19
DE-RP,00+,2023-01-26,2023-01-12,-14 day ahead inc hosp,quantile,0.5,375.0,COVID-19
DE-RP,00+,2023-01-26,2023-01-12,-14 day ahead inc hosp,quantile,0.75,378.0,COVID-19
DE-RP,00+,2023-01-26,2023-01-12,-14 day ahead inc hosp,quantile,0.9,381.0,COVID-19
DE-RP,00+,2023-01-26,2023-01-12,-14 day ahead inc hosp,quantile,0.975,385.0,COVID-19
DE-RP,00+,2023-01-26,2023-01-12,-14 day ahead inc hosp,mean,,375.3485,COVID-19
DE-RP,00+,2023-01-26,2023-01-13,-13 day ahead inc hosp,quantile,0.025,306.0,COVID-19
DE-RP,00+,2023-01-26,2023-01-13,-13 day ahead inc hosp,quantile,0.1,309.0,COVID-19
DE-RP,00+,2023-01-26,2023-01-13,-13 day ahead inc hosp,quantile,0.25,311.0,COVID-19
DE-RP,00+,2023-01-26,2023-01-13,-13 day ahead inc hosp,quantile,0.5,314.0,COVID-19
DE-RP,00+,2023-01-26,2023-01-13,-13 day ahead inc hosp,quantile,0.75,317.0,COVID-19
DE-RP,00+,2023-01-26,2023-01-13,-13 day ahead inc hosp,quantile,0.9,320.0,COVID-19
DE-RP,00+,2023-01-26,2023-01-13,-13 day ahead inc hosp,quantile,0.975,324.0,COVID-19
DE-RP,00+,2023-01-26,2023-01-13,-13 day ahead inc hosp,mean,,314.064,COVID-19
DE-RP,00+,2023-01-26,2023-01-14,-12 day ahead inc hosp,quantile,0.025,296.0,COVID-19
DE-RP,00+,2023-01-26,2023-01-14,-12 day ahead inc hosp,quantile,0.1,298.0,COVID-19
DE-RP,00+,2023-01-26,2023-01-14,-12 day ahead inc hosp,quantile,0.25,301.0,COVID-19
DE-RP,00+,2023-01-26,2023-01-14,-12 day ahead inc hosp,quantile,0.5,303.0,COVID-19
DE-RP,00+,2023-01-26,2023-01-14,-12 day ahead inc hosp,quantile,0.75,306.0,COVID-19
DE-RP,00+,2023-01-26,2023-01-14,-12 day ahead inc hosp,quantile,0.9,310.0,COVID-19
DE-RP,00+,2023-01-26,2023-01-14,-12 day ahead inc hosp,quantile,0.975,314.0,COVID-19
DE-RP,00+,2023-01-26,2023-01-14,-12 day ahead inc hosp,mean,,303.7065,COVID-19
DE-RP,00+,2023-01-26,2023-01-15,-11 day ahead inc hosp,quantile,0.025,292.0,COVID-19
DE-RP,00+,2023-01-26,2023-01-15,-11 day ahead inc hosp,quantile,0.1,294.0,COVID-19
DE-RP,00+,2023-01-26,2023-01-15,-11 day ahead inc hosp,quantile,0.25,297.0,COVID-19
DE-RP,00+,2023-01-26,2023-01-15,-11 day ahead inc hosp,quantile,0.5,300.0,COVID-19
DE-RP,00+,2023-01-26,2023-01-15,-11 day ahead inc hosp,quantile,0.75,303.0,COVID-19
DE-RP,00+,2023-01-26,2023-01-15,-11 day ahead inc hosp,quantile,0.9,306.0,COVID-19
DE-RP,00+,2023-01-26,2023-01-15,-11 day ahead inc hosp,quantile,0.975,310.0,COVID-19
DE-RP,00+,2023-01-26,2023-01-15,-11 day ahead inc hosp,mean,,300.01875,COVID-19
DE-RP,00+,2023-01-26,2023-01-16,-10 day ahead inc hosp,quantile,0.025,295.0,COVID-19
DE-RP,00+,2023-01-26,2023-01-16,-10 day ahead inc hosp,quantile,0.1,297.0,COVID-19
DE-RP,00+,2023-01-26,2023-01-16,-10 day ahead inc hosp,quantile,0.25,300.0,COVID-19
DE-RP,00+,2023-01-26,2023-01-16,-10 day ahead inc hosp,quantile,0.5,302.0,COVID-19
DE-RP,00+,2023-01-26,2023-01-16,-10 day ahead inc hosp,quantile,0.75,306.0,COVID-19
DE-RP,00+,2023-01-26,2023-01-16,-10 day ahead inc hosp,quantile,0.9,309.0,COVID-19
DE-RP,00+,2023-01-26,2023-01-16,-10 day ahead inc hosp,quantile,0.975,313.0,COVID-19
DE-RP,00+,2023-01-26,2023-01-16,-10 day ahead inc hosp,mean,,302.809,COVID-19
DE-RP,00+,2023-01-26,2023-01-17,-9 day ahead inc hosp,quantile,0.025,280.0,COVID-19
DE-RP,00+,2023-01-26,2023-01-17,-9 day ahead inc hosp,quantile,0.1,283.0,COVID-19
DE-RP,00+,2023-01-26,2023-01-17,-9 day ahead inc hosp,quantile,0.25,286.0,COVID-19
DE-RP,00+,2023-01-26,2023-01-17,-9 day ahead inc hosp,quantile,0.5,289.0,COVID-19
DE-RP,00+,2023-01-26,2023-01-17,-9 day ahead inc hosp,quantile,0.75,293.0,COVID-19
DE-RP,00+,2023-01-26,2023-01-17,-9 day ahead inc hosp,quantile,0.9,297.0,COVID-19
DE-RP,00+,2023-01-26,2023-01-17,-9 day ahead inc hosp,quantile,0.975,302.0,COVID-19
DE-RP,00+,2023-01-26,2023-01-17,-9 day ahead inc hosp,mean,,289.794,COVID-19
DE-RP,00+,2023-01-26,2023-01-18,-8 day ahead inc hosp,quantile,0.025,265.0,COVID-19
DE-RP,00+,2023-01-26,2023-01-18,-8 day ahead inc hosp,quantile,0.1,268.0,COVID-19
DE-RP,00+,2023-01-26,2023-01-18,-8 day ahead inc hosp,quantile,0.25,271.0,COVID-19
DE-RP,00+,2023-01-26,2023-01-18,-8 day ahead inc hosp,quantile,0.5,274.0,COVID-19
DE-RP,00+,2023-01-26,2023-01-18,-8 day ahead inc hosp,quantile,0.75,279.0,COVID-19
DE-RP,00+,2023-01-26,2023-01-18,-8 day ahead inc hosp,quantile,0.9,283.0,COVID-19
DE-RP,00+,2023-01-26,2023-01-18,-8 day ahead inc hosp,quantile,0.975,287.0250000000001,COVID-19
DE-RP,00+,2023-01-26,2023-01-18,-8 day ahead inc hosp,mean,,274.91575,COVID-19
DE-RP,00+,2023-01-26,2023-01-19,-7 day ahead inc hosp,quantile,0.025,267.0,COVID-19
DE-RP,00+,2023-01-26,2023-01-19,-7 day ahead inc hosp,quantile,0.1,270.0,COVID-19
DE-RP,00+,2023-01-26,2023-01-19,-7 day ahead inc hosp,quantile,0.25,274.0,COVID-19
DE-RP,00+,2023-01-26,2023-01-19,-7 day ahead inc hosp,quantile,0.5,278.0,COVID-19
DE-RP,00+,2023-01-26,2023-01-19,-7 day ahead inc hosp,quantile,0.75,282.0,COVID-19
DE-RP,00+,2023-01-26,2023-01-19,-7 day ahead inc hosp,quantile,0.9,287.0,COVID-19
DE-RP,00+,2023-01-26,2023-01-19,-7 day ahead inc hosp,quantile,0.975,292.0250000000001,COVID-19
DE-RP,00+,2023-01-26,2023-01-19,-7 day ahead inc hosp,mean,,278.3265,COVID-19
DE-RP,00+,2023-01-26,2023-01-20,-6 day ahead inc hosp,quantile,0.025,269.0,COVID-19
DE-RP,00+,2023-01-26,2023-01-20,-6 day ahead inc hosp,quantile,0.1,273.0,COVID-19
DE-RP,00+,2023-01-26,2023-01-20,-6 day ahead inc hosp,quantile,0.25,277.0,COVID-19
DE-RP,00+,2023-01-26,2023-01-20,-6 day ahead inc hosp,quantile,0.5,281.0,COVID-19
DE-RP,00+,2023-01-26,2023-01-20,-6 day ahead inc hosp,quantile,0.75,287.0,COVID-19
DE-RP,00+,2023-01-26,2023-01-20,-6 day ahead inc hosp,quantile,0.9,292.0,COVID-19
DE-RP,00+,2023-01-26,2023-01-20,-6 day ahead inc hosp,quantile,0.975,298.0,COVID-19
DE-RP,00+,2023-01-26,2023-01-20,-6 day ahead inc hosp,mean,,282.11925,COVID-19
DE-RP,00+,2023-01-26,2023-01-21,-5 day ahead inc hosp,quantile,0.025,260.0,COVID-19
DE-RP,00+,2023-01-26,2023-01-21,-5 day ahead inc hosp,quantile,0.1,264.0,COVID-19
DE-RP,00+,2023-01-26,2023-01-21,-5 day ahead inc hosp,quantile,0.25,268.0,COVID-19
DE-RP,00+,2023-01-26,2023-01-21,-5 day ahead inc hosp,quantile,0.5,273.0,COVID-19
DE-RP,00+,2023-01-26,2023-01-21,-5 day ahead inc hosp,quantile,0.75,279.0,COVID-19
DE-RP,00+,2023-01-26,2023-01-21,-5 day ahead inc hosp,quantile,0.9,286.0,COVID-19
DE-RP,00+,2023-01-26,2023-01-21,-5 day ahead inc hosp,quantile,0.975,293.0,COVID-19
DE-RP,00+,2023-01-26,2023-01-21,-5 day ahead inc hosp,mean,,274.15,COVID-19
DE-RP,00+,2023-01-26,2023-01-22,-4 day ahead inc hosp,quantile,0.025,272.0,COVID-19
DE-RP,00+,2023-01-26,2023-01-22,-4 day ahead inc hosp,quantile,0.1,277.0,COVID-19
DE-RP,00+,2023-01-26,2023-01-22,-4 day ahead inc hosp,quantile,0.25,282.0,COVID-19
DE-RP,00+,2023-01-26,2023-01-22,-4 day ahead inc hosp,quantile,0.5,288.0,COVID-19
DE-RP,00+,2023-01-26,2023-01-22,-4 day ahead inc hosp,quantile,0.75,295.0,COVID-19
DE-RP,00+,2023-01-26,2023-01-22,-4 day ahead inc hosp,quantile,0.9,302.0,COVID-19
DE-RP,00+,2023-01-26,2023-01-22,-4 day ahead inc hosp,quantile,0.975,310.0,COVID-19
DE-RP,00+,2023-01-26,2023-01-22,-4 day ahead inc hosp,mean,,288.775,COVID-19
DE-RP,00+,2023-01-26,2023-01-23,-3 day ahead inc hosp,quantile,0.025,277.0,COVID-19
DE-RP,00+,2023-01-26,2023-01-23,-3 day ahead inc hosp,quantile,0.1,282.0,COVID-19
DE-RP,00+,2023-01-26,2023-01-23,-3 day ahead inc hosp,quantile,0.25,288.0,COVID-19
DE-RP,00+,2023-01-26,2023-01-23,-3 day ahead inc hosp,quantile,0.5,294.0,COVID-19
DE-RP,00+,2023-01-26,2023-01-23,-3 day ahead inc hosp,quantile,0.75,302.0,COVID-19
DE-RP,00+,2023-01-26,2023-01-23,-3 day ahead inc hosp,quantile,0.9,309.0,COVID-19
DE-RP,00+,2023-01-26,2023-01-23,-3 day ahead inc hosp,quantile,0.975,318.0,COVID-19
DE-RP,00+,2023-01-26,2023-01-23,-3 day ahead inc hosp,mean,,295.33875,COVID-19
DE-RP,00+,2023-01-26,2023-01-24,-2 day ahead inc hosp,quantile,0.025,270.0,COVID-19
DE-RP,00+,2023-01-26,2023-01-24,-2 day ahead inc hosp,quantile,0.1,276.0,COVID-19
DE-RP,00+,2023-01-26,2023-01-24,-2 day ahead inc hosp,quantile,0.25,283.0,COVID-19
DE-RP,00+,2023-01-26,2023-01-24,-2 day ahead inc hosp,quantile,0.5,292.0,COVID-19
DE-RP,00+,2023-01-26,2023-01-24,-2 day ahead inc hosp,quantile,0.75,302.0,COVID-19
DE-RP,00+,2023-01-26,2023-01-24,-2 day ahead inc hosp,quantile,0.9,311.0,COVID-19
DE-RP,00+,2023-01-26,2023-01-24,-2 day ahead inc hosp,quantile,0.975,324.0250000000001,COVID-19
DE-RP,00+,2023-01-26,2023-01-24,-2 day ahead inc hosp,mean,,293.11025,COVID-19
DE-RP,00+,2023-01-26,2023-01-25,-1 day ahead inc hosp,quantile,0.025,309.0,COVID-19
DE-RP,00+,2023-01-26,2023-01-25,-1 day ahead inc hosp,quantile,0.1,319.0,COVID-19
DE-RP,00+,2023-01-26,2023-01-25,-1 day ahead inc hosp,quantile,0.25,331.0,COVID-19
DE-RP,00+,2023-01-26,2023-01-25,-1 day ahead inc hosp,quantile,0.5,345.0,COVID-19
DE-RP,00+,2023-01-26,2023-01-25,-1 day ahead inc hosp,quantile,0.75,364.0,COVID-19
DE-RP,00+,2023-01-26,2023-01-25,-1 day ahead inc hosp,quantile,0.9,385.0,COVID-19
DE-RP,00+,2023-01-26,2023-01-25,-1 day ahead inc hosp,quantile,0.975,417.0,COVID-19
DE-RP,00+,2023-01-26,2023-01-25,-1 day ahead inc hosp,mean,,349.89775,COVID-19
DE-RP,00+,2023-01-26,2023-01-26,0 day ahead inc hosp,quantile,0.025,324.0,COVID-19
DE-RP,00+,2023-01-26,2023-01-26,0 day ahead inc hosp,quantile,0.1,343.0,COVID-19
DE-RP,00+,2023-01-26,2023-01-26,0 day ahead inc hosp,quantile,0.25,364.0,COVID-19
DE-RP,00+,2023-01-26,2023-01-26,0 day ahead inc hosp,quantile,0.5,397.0,COVID-19
DE-RP,00+,2023-01-26,2023-01-26,0 day ahead inc hosp,quantile,0.75,446.0,COVID-19
DE-RP,00+,2023-01-26,2023-01-26,0 day ahead inc hosp,quantile,0.9,507.0999999999999,COVID-19
DE-RP,00+,2023-01-26,2023-01-26,0 day ahead inc hosp,quantile,0.975,614.0250000000001,COVID-19
DE-RP,00+,2023-01-26,2023-01-26,0 day ahead inc hosp,mean,,415.475,COVID-19
DE-SH,00+,2023-01-26,2022-12-29,-28 day ahead inc hosp,quantile,0.025,539.0,COVID-19
DE-SH,00+,2023-01-26,2022-12-29,-28 day ahead inc hosp,quantile,0.1,539.0,COVID-19
DE-SH,00+,2023-01-26,2022-12-29,-28 day ahead inc hosp,quantile,0.25,540.0,COVID-19
DE-SH,00+,2023-01-26,2022-12-29,-28 day ahead inc hosp,quantile,0.5,541.0,COVID-19
DE-SH,00+,2023-01-26,2022-12-29,-28 day ahead inc hosp,quantile,0.75,542.0,COVID-19
DE-SH,00+,2023-01-26,2022-12-29,-28 day ahead inc hosp,quantile,0.9,544.0,COVID-19
DE-SH,00+,2023-01-26,2022-12-29,-28 day ahead inc hosp,quantile,0.975,545.0,COVID-19
DE-SH,00+,2023-01-26,2022-12-29,-28 day ahead inc hosp,mean,,541.319,COVID-19
DE-SH,00+,2023-01-26,2022-12-30,-27 day ahead inc hosp,quantile,0.025,522.0,COVID-19
DE-SH,00+,2023-01-26,2022-12-30,-27 day ahead inc hosp,quantile,0.1,523.0,COVID-19
DE-SH,00+,2023-01-26,2022-12-30,-27 day ahead inc hosp,quantile,0.25,524.0,COVID-19
DE-SH,00+,2023-01-26,2022-12-30,-27 day ahead inc hosp,quantile,0.5,525.0,COVID-19
DE-SH,00+,2023-01-26,2022-12-30,-27 day ahead inc hosp,quantile,0.75,526.0,COVID-19
DE-SH,00+,2023-01-26,2022-12-30,-27 day ahead inc hosp,quantile,0.9,528.0,COVID-19
DE-SH,00+,2023-01-26,2022-12-30,-27 day ahead inc hosp,quantile,0.975,530.0,COVID-19
DE-SH,00+,2023-01-26,2022-12-30,-27 day ahead inc hosp,mean,,525.16525,COVID-19
DE-SH,00+,2023-01-26,2022-12-31,-26 day ahead inc hosp,quantile,0.025,522.0,COVID-19
DE-SH,00+,2023-01-26,2022-12-31,-26 day ahead inc hosp,quantile,0.1,522.0,COVID-19
DE-SH,00+,2023-01-26,2022-12-31,-26 day ahead inc hosp,quantile,0.25,524.0,COVID-19
DE-SH,00+,2023-01-26,2022-12-31,-26 day ahead inc hosp,quantile,0.5,525.0,COVID-19
DE-SH,00+,2023-01-26,2022-12-31,-26 day ahead inc hosp,quantile,0.75,527.0,COVID-19
DE-SH,00+,2023-01-26,2022-12-31,-26 day ahead inc hosp,quantile,0.9,529.0,COVID-19
DE-SH,00+,2023-01-26,2022-12-31,-26 day ahead inc hosp,quantile,0.975,531.0,COVID-19
DE-SH,00+,2023-01-26,2022-12-31,-26 day ahead inc hosp,mean,,525.42775,COVID-19
DE-SH,00+,2023-01-26,2023-01-01,-25 day ahead inc hosp,quantile,0.025,516.0,COVID-19
DE-SH,00+,2023-01-26,2023-01-01,-25 day ahead inc hosp,quantile,0.1,517.0,COVID-19
DE-SH,00+,2023-01-26,2023-01-01,-25 day ahead inc hosp,quantile,0.25,518.0,COVID-19
DE-SH,00+,2023-01-26,2023-01-01,-25 day ahead inc hosp,quantile,0.5,519.0,COVID-19
DE-SH,00+,2023-01-26,2023-01-01,-25 day ahead inc hosp,quantile,0.75,521.0,COVID-19
DE-SH,00+,2023-01-26,2023-01-01,-25 day ahead inc hosp,quantile,0.9,523.0,COVID-19
DE-SH,00+,2023-01-26,2023-01-01,-25 day ahead inc hosp,quantile,0.975,525.0250000000001,COVID-19
DE-SH,00+,2023-01-26,2023-01-01,-25 day ahead inc hosp,mean,,519.75775,COVID-19
DE-SH,00+,2023-01-26,2023-01-02,-24 day ahead inc hosp,quantile,0.025,509.0,COVID-19
DE-SH,00+,2023-01-26,2023-01-02,-24 day ahead inc hosp,quantile,0.1,510.0,COVID-19
DE-SH,00+,2023-01-26,2023-01-02,-24 day ahead inc hosp,quantile,0.25,511.0,COVID-19
DE-SH,00+,2023-01-26,2023-01-02,-24 day ahead inc hosp,quantile,0.5,513.0,COVID-19
DE-SH,00+,2023-01-26,2023-01-02,-24 day ahead inc hosp,quantile,0.75,514.0,COVID-19
DE-SH,00+,2023-01-26,2023-01-02,-24 day ahead inc hosp,quantile,0.9,516.0,COVID-19
DE-SH,00+,2023-01-26,2023-01-02,-24 day ahead inc hosp,quantile,0.975,519.0,COVID-19
DE-SH,00+,2023-01-26,2023-01-02,-24 day ahead inc hosp,mean,,512.872,COVID-19
DE-SH,00+,2023-01-26,2023-01-03,-23 day ahead inc hosp,quantile,0.025,627.0,COVID-19
DE-SH,00+,2023-01-26,2023-01-03,-23 day ahead inc hosp,quantile,0.1,629.0,COVID-19
DE-SH,00+,2023-01-26,2023-01-03,-23 day ahead inc hosp,quantile,0.25,630.0,COVID-19
DE-SH,00+,2023-01-26,2023-01-03,-23 day ahead inc hosp,quantile,0.5,632.0,COVID-19
DE-SH,00+,2023-01-26,2023-01-03,-23 day ahead inc hosp,quantile,0.75,634.0,COVID-19
DE-SH,00+,2023-01-26,2023-01-03,-23 day ahead inc hosp,quantile,0.9,636.0,COVID-19
DE-SH,00+,2023-01-26,2023-01-03,-23 day ahead inc hosp,quantile,0.975,638.0,COVID-19
DE-SH,00+,2023-01-26,2023-01-03,-23 day ahead inc hosp,mean,,631.94175,COVID-19
DE-SH,00+,2023-01-26,2023-01-04,-22 day ahead inc hosp,quantile,0.025,553.0,COVID-19
DE-SH,00+,2023-01-26,2023-01-04,-22 day ahead inc hosp,quantile,0.1,554.0,COVID-19
DE-SH,00+,2023-01-26,2023-01-04,-22 day ahead inc hosp,quantile,0.25,555.0,COVID-19
DE-SH,00+,2023-01-26,2023-01-04,-22 day ahead inc hosp,quantile,0.5,557.0,COVID-19
DE-SH,00+,2023-01-26,2023-01-04,-22 day ahead inc hosp,quantile,0.75,559.0,COVID-19
DE-SH,00+,2023-01-26,2023-01-04,-22 day ahead inc hosp,quantile,0.9,561.0999999999999,COVID-19
DE-SH,00+,2023-01-26,2023-01-04,-22 day ahead inc hosp,quantile,0.975,564.0,COVID-19
DE-SH,00+,2023-01-26,2023-01-04,-22 day ahead inc hosp,mean,,557.6145,COVID-19
DE-SH,00+,2023-01-26,2023-01-05,-21 day ahead inc hosp,quantile,0.025,477.0,COVID-19
DE-SH,00+,2023-01-26,2023-01-05,-21 day ahead inc hosp,quantile,0.1,479.0,COVID-19
DE-SH,00+,2023-01-26,2023-01-05,-21 day ahead inc hosp,quantile,0.25,480.0,COVID-19
DE-SH,00+,2023-01-26,2023-01-05,-21 day ahead inc hosp,quantile,0.5,482.0,COVID-19
DE-SH,00+,2023-01-26,2023-01-05,-21 day ahead inc hosp,quantile,0.75,484.0,COVID-19
DE-SH,00+,2023-01-26,2023-01-05,-21 day ahead inc hosp,quantile,0.9,486.0,COVID-19
DE-SH,00+,2023-01-26,2023-01-05,-21 day ahead inc hosp,quantile,0.975,489.0,COVID-19
DE-SH,00+,2023-01-26,2023-01-05,-21 day ahead inc hosp,mean,,482.309,COVID-19
DE-SH,00+,2023-01-26,2023-01-06,-20 day ahead inc hosp,quantile,0.025,448.0,COVID-19
DE-SH,00+,2023-01-26,2023-01-06,-20 day ahead inc hosp,quantile,0.1,450.0,COVID-19
DE-SH,00+,2023-01-26,2023-01-06,-20 day ahead inc hosp,quantile,0.25,452.0,COVID-19
DE-SH,00+,2023-01-26,2023-01-06,-20 day ahead inc hosp,quantile,0.5,454.0,COVID-19
DE-SH,00+,2023-01-26,2023-01-06,-20 day ahead inc hosp,quantile,0.75,456.0,COVID-19
DE-SH,00+,2023-01-26,2023-01-06,-20 day ahead inc hosp,quantile,0.9,458.0,COVID-19
DE-SH,00+,2023-01-26,2023-01-06,-20 day ahead inc hosp,quantile,0.975,461.0,COVID-19
DE-SH,00+,2023-01-26,2023-01-06,-20 day ahead inc hosp,mean,,454.068,COVID-19
DE-SH,00+,2023-01-26,2023-01-07,-19 day ahead inc hosp,quantile,0.025,400.0,COVID-19
DE-SH,00+,2023-01-26,2023-01-07,-19 day ahead inc hosp,quantile,0.1,402.0,COVID-19
DE-SH,00+,2023-01-26,2023-01-07,-19 day ahead inc hosp,quantile,0.25,404.0,COVID-19
DE-SH,00+,2023-01-26,2023-01-07,-19 day ahead inc hosp,quantile,0.5,406.0,COVID-19
DE-SH,00+,2023-01-26,2023-01-07,-19 day ahead inc hosp,quantile,0.75,408.0,COVID-19
DE-SH,00+,2023-01-26,2023-01-07,-19 day ahead inc hosp,quantile,0.9,410.0,COVID-19
DE-SH,00+,2023-01-26,2023-01-07,-19 day ahead inc hosp,quantile,0.975,413.0,COVID-19
DE-SH,00+,2023-01-26,2023-01-07,-19 day ahead inc hosp,mean,,405.90925,COVID-19
DE-SH,00+,2023-01-26,2023-01-08,-18 day ahead inc hosp,quantile,0.025,401.0,COVID-19
DE-SH,00+,2023-01-26,2023-01-08,-18 day ahead inc hosp,quantile,0.1,402.0,COVID-19
DE-SH,00+,2023-01-26,2023-01-08,-18 day ahead inc hosp,quantile,0.25,404.0,COVID-19
DE-SH,00+,2023-01-26,2023-01-08,-18 day ahead inc hosp,quantile,0.5,406.0,COVID-19
DE-SH,00+,2023-01-26,2023-01-08,-18 day ahead inc hosp,quantile,0.75,408.0,COVID-19
DE-SH,00+,2023-01-26,2023-01-08,-18 day ahead inc hosp,quantile,0.9,410.0999999999999,COVID-19
DE-SH,00+,2023-01-26,2023-01-08,-18 day ahead inc hosp,quantile,0.975,413.0,COVID-19
DE-SH,00+,2023-01-26,2023-01-08,-18 day ahead inc hosp,mean,,406.1925,COVID-19
DE-SH,00+,2023-01-26,2023-01-09,-17 day ahead inc hosp,quantile,0.025,406.0,COVID-19
DE-SH,00+,2023-01-26,2023-01-09,-17 day ahead inc hosp,quantile,0.1,408.0,COVID-19
DE-SH,00+,2023-01-26,2023-01-09,-17 day ahead inc hosp,quantile,0.25,409.0,COVID-19
DE-SH,00+,2023-01-26,2023-01-09,-17 day ahead inc hosp,quantile,0.5,411.0,COVID-19
DE-SH,00+,2023-01-26,2023-01-09,-17 day ahead inc hosp,quantile,0.75,414.0,COVID-19
DE-SH,00+,2023-01-26,2023-01-09,-17 day ahead inc hosp,quantile,0.9,416.0,COVID-19
DE-SH,00+,2023-01-26,2023-01-09,-17 day ahead inc hosp,quantile,0.975,418.0,COVID-19
DE-SH,00+,2023-01-26,2023-01-09,-17 day ahead inc hosp,mean,,411.5265,COVID-19
DE-SH,00+,2023-01-26,2023-01-10,-16 day ahead inc hosp,quantile,0.025,362.0,COVID-19
DE-SH,00+,2023-01-26,2023-01-10,-16 day ahead inc hosp,quantile,0.1,364.0,COVID-19
DE-SH,00+,2023-01-26,2023-01-10,-16 day ahead inc hosp,quantile,0.25,366.0,COVID-19
DE-SH,00+,2023-01-26,2023-01-10,-16 day ahead inc hosp,quantile,0.5,368.0,COVID-19
DE-SH,00+,2023-01-26,2023-01-10,-16 day ahead inc hosp,quantile,0.75,371.0,COVID-19
DE-SH,00+,2023-01-26,2023-01-10,-16 day ahead inc hosp,quantile,0.9,373.0,COVID-19
DE-SH,00+,2023-01-26,2023-01-10,-16 day ahead inc hosp,quantile,0.975,376.0,COVID-19
DE-SH,00+,2023-01-26,2023-01-10,-16 day ahead inc hosp,mean,,368.392,COVID-19
DE-SH,00+,2023-01-26,2023-01-11,-15 day ahead inc hosp,quantile,0.025,342.0,COVID-19
DE-SH,00+,2023-01-26,2023-01-11,-15 day ahead inc hosp,quantile,0.1,344.0,COVID-19
DE-SH,00+,2023-01-26,2023-01-11,-15 day ahead inc hosp,quantile,0.25,346.0,COVID-19
DE-SH,00+,2023-01-26,2023-01-11,-15 day ahead inc hosp,quantile,0.5,348.0,COVID-19
DE-SH,00+,2023-01-26,2023-01-11,-15 day ahead inc hosp,quantile,0.75,350.0,COVID-19
DE-SH,00+,2023-01-26,2023-01-11,-15 day ahead inc hosp,quantile,0.9,353.0,COVID-19
DE-SH,00+,2023-01-26,2023-01-11,-15 day ahead inc hosp,quantile,0.975,356.0,COVID-19
DE-SH,00+,2023-01-26,2023-01-11,-15 day ahead inc hosp,mean,,348.00375,COVID-19
DE-SH,00+,2023-01-26,2023-01-12,-14 day ahead inc hosp,quantile,0.025,312.0,COVID-19
DE-SH,00+,2023-01-26,2023-01-12,-14 day ahead inc hosp,quantile,0.1,314.0,COVID-19
DE-SH,00+,2023-01-26,2023-01-12,-14 day ahead inc hosp,quantile,0.25,316.0,COVID-19
DE-SH,00+,2023-01-26,2023-01-12,-14 day ahead inc hosp,quantile,0.5,318.0,COVID-19
DE-SH,00+,2023-01-26,2023-01-12,-14 day ahead inc hosp,quantile,0.75,321.0,COVID-19
DE-SH,00+,2023-01-26,2023-01-12,-14 day ahead inc hosp,quantile,0.9,323.0,COVID-19
DE-SH,00+,2023-01-26,2023-01-12,-14 day ahead inc hosp,quantile,0.975,327.0,COVID-19
DE-SH,00+,2023-01-26,2023-01-12,-14 day ahead inc hosp,mean,,318.47975,COVID-19
DE-SH,00+,2023-01-26,2023-01-13,-13 day ahead inc hosp,quantile,0.025,283.0,COVID-19
DE-SH,00+,2023-01-26,2023-01-13,-13 day ahead inc hosp,quantile,0.1,284.0,COVID-19
DE-SH,00+,2023-01-26,2023-01-13,-13 day ahead inc hosp,quantile,0.25,286.0,COVID-19
DE-SH,00+,2023-01-26,2023-01-13,-13 day ahead inc hosp,quantile,0.5,288.0,COVID-19
DE-SH,00+,2023-01-26,2023-01-13,-13 day ahead inc hosp,quantile,0.75,291.0,COVID-19
DE-SH,00+,2023-01-26,2023-01-13,-13 day ahead inc hosp,quantile,0.9,294.0,COVID-19
DE-SH,00+,2023-01-26,2023-01-13,-13 day ahead inc hosp,quantile,0.975,297.0,COVID-19
DE-SH,00+,2023-01-26,2023-01-13,-13 day ahead inc hosp,mean,,288.839,COVID-19
DE-SH,00+,2023-01-26,2023-01-14,-12 day ahead inc hosp,quantile,0.025,269.0,COVID-19
DE-SH,00+,2023-01-26,2023-01-14,-12 day ahead inc hosp,quantile,0.1,271.0,COVID-19
DE-SH,00+,2023-01-26,2023-01-14,-12 day ahead inc hosp,quantile,0.25,273.0,COVID-19
DE-SH,00+,2023-01-26,2023-01-14,-12 day ahead inc hosp,quantile,0.5,275.0,COVID-19
DE-SH,00+,2023-01-26,2023-01-14,-12 day ahead inc hosp,quantile,0.75,278.0,COVID-19
DE-SH,00+,2023-01-26,2023-01-14,-12 day ahead inc hosp,quantile,0.9,280.0,COVID-19
DE-SH,00+,2023-01-26,2023-01-14,-12 day ahead inc hosp,quantile,0.975,283.0,COVID-19
DE-SH,00+,2023-01-26,2023-01-14,-12 day ahead inc hosp,mean,,275.22525,COVID-19
DE-SH,00+,2023-01-26,2023-01-15,-11 day ahead inc hosp,quantile,0.025,257.0,COVID-19
DE-SH,00+,2023-01-26,2023-01-15,-11 day ahead inc hosp,quantile,0.1,259.0,COVID-19
DE-SH,00+,2023-01-26,2023-01-15,-11 day ahead inc hosp,quantile,0.25,261.0,COVID-19
DE-SH,00+,2023-01-26,2023-01-15,-11 day ahead inc hosp,quantile,0.5,263.0,COVID-19
DE-SH,00+,2023-01-26,2023-01-15,-11 day ahead inc hosp,quantile,0.75,266.0,COVID-19
DE-SH,00+,2023-01-26,2023-01-15,-11 day ahead inc hosp,quantile,0.9,268.0,COVID-19
DE-SH,00+,2023-01-26,2023-01-15,-11 day ahead inc hosp,quantile,0.975,272.0,COVID-19
DE-SH,00+,2023-01-26,2023-01-15,-11 day ahead inc hosp,mean,,263.24875,COVID-19
DE-SH,00+,2023-01-26,2023-01-16,-10 day ahead inc hosp,quantile,0.025,255.0,COVID-19
DE-SH,00+,2023-01-26,2023-01-16,-10 day ahead inc hosp,quantile,0.1,257.0,COVID-19
DE-SH,00+,2023-01-26,2023-01-16,-10 day ahead inc hosp,quantile,0.25,259.0,COVID-19
DE-SH,00+,2023-01-26,2023-01-16,-10 day ahead inc hosp,quantile,0.5,261.0,COVID-19
DE-SH,00+,2023-01-26,2023-01-16,-10 day ahead inc hosp,quantile,0.75,264.0,COVID-19
DE-SH,00+,2023-01-26,2023-01-16,-10 day ahead inc hosp,quantile,0.9,267.0,COVID-19
DE-SH,00+,2023-01-26,2023-01-16,-10 day ahead inc hosp,quantile,0.975,270.0,COVID-19
DE-SH,00+,2023-01-26,2023-01-16,-10 day ahead inc hosp,mean,,261.64125,COVID-19
DE-SH,00+,2023-01-26,2023-01-17,-9 day ahead inc hosp,quantile,0.025,212.0,COVID-19
DE-SH,00+,2023-01-26,2023-01-17,-9 day ahead inc hosp,quantile,0.1,215.0,COVID-19
DE-SH,00+,2023-01-26,2023-01-17,-9 day ahead inc hosp,quantile,0.25,216.0,COVID-19
DE-SH,00+,2023-01-26,2023-01-17,-9 day ahead inc hosp,quantile,0.5,219.0,COVID-19
DE-SH,00+,2023-01-26,2023-01-17,-9 day ahead inc hosp,quantile,0.75,222.0,COVID-19
DE-SH,00+,2023-01-26,2023-01-17,-9 day ahead inc hosp,quantile,0.9,224.0,COVID-19
DE-SH,00+,2023-01-26,2023-01-17,-9 day ahead inc hosp,quantile,0.975,228.0,COVID-19
DE-SH,00+,2023-01-26,2023-01-17,-9 day ahead inc hosp,mean,,219.2405,COVID-19
DE-SH,00+,2023-01-26,2023-01-18,-8 day ahead inc hosp,quantile,0.025,183.0,COVID-19
DE-SH,00+,2023-01-26,2023-01-18,-8 day ahead inc hosp,quantile,0.1,185.0,COVID-19
DE-SH,00+,2023-01-26,2023-01-18,-8 day ahead inc hosp,quantile,0.25,187.0,COVID-19
DE-SH,00+,2023-01-26,2023-01-18,-8 day ahead inc hosp,quantile,0.5,189.0,COVID-19
DE-SH,00+,2023-01-26,2023-01-18,-8 day ahead inc hosp,quantile,0.75,192.0,COVID-19
DE-SH,00+,2023-01-26,2023-01-18,-8 day ahead inc hosp,quantile,0.9,195.0,COVID-19
DE-SH,00+,2023-01-26,2023-01-18,-8 day ahead inc hosp,quantile,0.975,199.0,COVID-19
DE-SH,00+,2023-01-26,2023-01-18,-8 day ahead inc hosp,mean,,189.68625,COVID-19
DE-SH,00+,2023-01-26,2023-01-19,-7 day ahead inc hosp,quantile,0.025,187.0,COVID-19
DE-SH,00+,2023-01-26,2023-01-19,-7 day ahead inc hosp,quantile,0.1,190.0,COVID-19
DE-SH,00+,2023-01-26,2023-01-19,-7 day ahead inc hosp,quantile,0.25,192.0,COVID-19
DE-SH,00+,2023-01-26,2023-01-19,-7 day ahead inc hosp,quantile,0.5,195.0,COVID-19
DE-SH,00+,2023-01-26,2023-01-19,-7 day ahead inc hosp,quantile,0.75,199.0,COVID-19
DE-SH,00+,2023-01-26,2023-01-19,-7 day ahead inc hosp,quantile,0.9,202.0,COVID-19
DE-SH,00+,2023-01-26,2023-01-19,-7 day ahead inc hosp,quantile,0.975,206.0,COVID-19
DE-SH,00+,2023-01-26,2023-01-19,-7 day ahead inc hosp,mean,,195.621,COVID-19
DE-SH,00+,2023-01-26,2023-01-20,-6 day ahead inc hosp,quantile,0.025,180.0,COVID-19
DE-SH,00+,2023-01-26,2023-01-20,-6 day ahead inc hosp,quantile,0.1,182.0,COVID-19
DE-SH,00+,2023-01-26,2023-01-20,-6 day ahead inc hosp,quantile,0.25,185.0,COVID-19
DE-SH,00+,2023-01-26,2023-01-20,-6 day ahead inc hosp,quantile,0.5,188.0,COVID-19
DE-SH,00+,2023-01-26,2023-01-20,-6 day ahead inc hosp,quantile,0.75,192.0,COVID-19
DE-SH,00+,2023-01-26,2023-01-20,-6 day ahead inc hosp,quantile,0.9,195.0,COVID-19
DE-SH,00+,2023-01-26,2023-01-20,-6 day ahead inc hosp,quantile,0.975,200.0250000000001,COVID-19
DE-SH,00+,2023-01-26,2023-01-20,-6 day ahead inc hosp,mean,,188.61075,COVID-19
DE-SH,00+,2023-01-26,2023-01-21,-5 day ahead inc hosp,quantile,0.025,174.0,COVID-19
DE-SH,00+,2023-01-26,2023-01-21,-5 day ahead inc hosp,quantile,0.1,177.0,COVID-19
DE-SH,00+,2023-01-26,2023-01-21,-5 day ahead inc hosp,quantile,0.25,180.0,COVID-19
DE-SH,00+,2023-01-26,2023-01-21,-5 day ahead inc hosp,quantile,0.5,184.0,COVID-19
DE-SH,00+,2023-01-26,2023-01-21,-5 day ahead inc hosp,quantile,0.75,188.0,COVID-19
DE-SH,00+,2023-01-26,2023-01-21,-5 day ahead inc hosp,quantile,0.9,192.0,COVID-19
DE-SH,00+,2023-01-26,2023-01-21,-5 day ahead inc hosp,quantile,0.975,197.0,COVID-19
DE-SH,00+,2023-01-26,2023-01-21,-5 day ahead inc hosp,mean,,184.24875,COVID-19
DE-SH,00+,2023-01-26,2023-01-22,-4 day ahead inc hosp,quantile,0.025,174.0,COVID-19
DE-SH,00+,2023-01-26,2023-01-22,-4 day ahead inc hosp,quantile,0.1,177.0,COVID-19
DE-SH,00+,2023-01-26,2023-01-22,-4 day ahead inc hosp,quantile,0.25,180.0,COVID-19
DE-SH,00+,2023-01-26,2023-01-22,-4 day ahead inc hosp,quantile,0.5,184.0,COVID-19
DE-SH,00+,2023-01-26,2023-01-22,-4 day ahead inc hosp,quantile,0.75,188.0,COVID-19
DE-SH,00+,2023-01-26,2023-01-22,-4 day ahead inc hosp,quantile,0.9,192.0,COVID-19
DE-SH,00+,2023-01-26,2023-01-22,-4 day ahead inc hosp,quantile,0.975,198.0,COVID-19
DE-SH,00+,2023-01-26,2023-01-22,-4 day ahead inc hosp,mean,,184.596,COVID-19
DE-SH,00+,2023-01-26,2023-01-23,-3 day ahead inc hosp,quantile,0.025,171.0,COVID-19
DE-SH,00+,2023-01-26,2023-01-23,-3 day ahead inc hosp,quantile,0.1,174.0,COVID-19
DE-SH,00+,2023-01-26,2023-01-23,-3 day ahead inc hosp,quantile,0.25,177.0,COVID-19
DE-SH,00+,2023-01-26,2023-01-23,-3 day ahead inc hosp,quantile,0.5,181.0,COVID-19
DE-SH,00+,2023-01-26,2023-01-23,-3 day ahead inc hosp,quantile,0.75,186.0,COVID-19
DE-SH,00+,2023-01-26,2023-01-23,-3 day ahead inc hosp,quantile,0.9,190.0,COVID-19
DE-SH,00+,2023-01-26,2023-01-23,-3 day ahead inc hosp,quantile,0.975,195.0,COVID-19
DE-SH,00+,2023-01-26,2023-01-23,-3 day ahead inc hosp,mean,,181.703,COVID-19
DE-SH,00+,2023-01-26,2023-01-24,-2 day ahead inc hosp,quantile,0.025,144.0,COVID-19
DE-SH,00+,2023-01-26,2023-01-24,-2 day ahead inc hosp,quantile,0.1,148.0,COVID-19
DE-SH,00+,2023-01-26,2023-01-24,-2 day ahead inc hosp,quantile,0.25,152.0,COVID-19
DE-SH,00+,2023-01-26,2023-01-24,-2 day ahead inc hosp,quantile,0.5,156.0,COVID-19
DE-SH,00+,2023-01-26,2023-01-24,-2 day ahead inc hosp,quantile,0.75,161.0,COVID-19
DE-SH,00+,2023-01-26,2023-01-24,-2 day ahead inc hosp,quantile,0.9,165.0,COVID-19
DE-SH,00+,2023-01-26,2023-01-24,-2 day ahead inc hosp,quantile,0.975,171.0,COVID-19
DE-SH,00+,2023-01-26,2023-01-24,-2 day ahead inc hosp,mean,,156.32125,COVID-19
DE-SH,00+,2023-01-26,2023-01-25,-1 day ahead inc hosp,quantile,0.025,150.0,COVID-19
DE-SH,00+,2023-01-26,2023-01-25,-1 day ahead inc hosp,quantile,0.1,154.0,COVID-19
DE-SH,00+,2023-01-26,2023-01-25,-1 day ahead inc hosp,quantile,0.25,159.0,COVID-19
DE-SH,00+,2023-01-26,2023-01-25,-1 day ahead inc hosp,quantile,0.5,164.0,COVID-19
DE-SH,00+,2023-01-26,2023-01-25,-1 day ahead inc hosp,quantile,0.75,171.0,COVID-19
DE-SH,00+,2023-01-26,2023-01-25,-1 day ahead inc hosp,quantile,0.9,177.0,COVID-19
DE-SH,00+,2023-01-26,2023-01-25,-1 day ahead inc hosp,quantile,0.975,185.0,COVID-19
DE-SH,00+,2023-01-26,2023-01-25,-1 day ahead inc hosp,mean,,165.22475,COVID-19
DE-SH,00+,2023-01-26,2023-01-26,0 day ahead inc hosp,quantile,0.025,114.0,COVID-19
DE-SH,00+,2023-01-26,2023-01-26,0 day ahead inc hosp,quantile,0.1,119.0,COVID-19
DE-SH,00+,2023-01-26,2023-01-26,0 day ahead inc hosp,quantile,0.25,124.0,COVID-19
DE-SH,00+,2023-01-26,2023-01-26,0 day ahead inc hosp,quantile,0.5,132.0,COVID-19
DE-SH,00+,2023-01-26,2023-01-26,0 day ahead inc hosp,quantile,0.75,140.0,COVID-19
DE-SH,00+,2023-01-26,2023-01-26,0 day ahead inc hosp,quantile,0.9,151.0,COVID-19
DE-SH,00+,2023-01-26,2023-01-26,0 day ahead inc hosp,quantile,0.975,169.0,COVID-19
DE-SH,00+,2023-01-26,2023-01-26,0 day ahead inc hosp,mean,,133.757,COVID-19
DE-SL,00+,2023-01-26,2022-12-29,-28 day ahead inc hosp,quantile,0.025,131.0,COVID-19
DE-SL,00+,2023-01-26,2022-12-29,-28 day ahead inc hosp,quantile,0.1,131.0,COVID-19
DE-SL,00+,2023-01-26,2022-12-29,-28 day ahead inc hosp,quantile,0.25,131.0,COVID-19
DE-SL,00+,2023-01-26,2022-12-29,-28 day ahead inc hosp,quantile,0.5,131.0,COVID-19
DE-SL,00+,2023-01-26,2022-12-29,-28 day ahead inc hosp,quantile,0.75,131.0,COVID-19
DE-SL,00+,2023-01-26,2022-12-29,-28 day ahead inc hosp,quantile,0.9,131.0,COVID-19
DE-SL,00+,2023-01-26,2022-12-29,-28 day ahead inc hosp,quantile,0.975,132.0,COVID-19
DE-SL,00+,2023-01-26,2022-12-29,-28 day ahead inc hosp,mean,,131.04975,COVID-19
DE-SL,00+,2023-01-26,2022-12-30,-27 day ahead inc hosp,quantile,0.025,107.0,COVID-19
DE-SL,00+,2023-01-26,2022-12-30,-27 day ahead inc hosp,quantile,0.1,107.0,COVID-19
DE-SL,00+,2023-01-26,2022-12-30,-27 day ahead inc hosp,quantile,0.25,107.0,COVID-19
DE-SL,00+,2023-01-26,2022-12-30,-27 day ahead inc hosp,quantile,0.5,107.0,COVID-19
DE-SL,00+,2023-01-26,2022-12-30,-27 day ahead inc hosp,quantile,0.75,107.0,COVID-19
DE-SL,00+,2023-01-26,2022-12-30,-27 day ahead inc hosp,quantile,0.9,107.0,COVID-19
DE-SL,00+,2023-01-26,2022-12-30,-27 day ahead inc hosp,quantile,0.975,108.0,COVID-19
DE-SL,00+,2023-01-26,2022-12-30,-27 day ahead inc hosp,mean,,107.105,COVID-19
DE-SL,00+,2023-01-26,2022-12-31,-26 day ahead inc hosp,quantile,0.025,95.0,COVID-19
DE-SL,00+,2023-01-26,2022-12-31,-26 day ahead inc hosp,quantile,0.1,95.0,COVID-19
DE-SL,00+,2023-01-26,2022-12-31,-26 day ahead inc hosp,quantile,0.25,95.0,COVID-19
DE-SL,00+,2023-01-26,2022-12-31,-26 day ahead inc hosp,quantile,0.5,95.0,COVID-19
DE-SL,00+,2023-01-26,2022-12-31,-26 day ahead inc hosp,quantile,0.75,95.0,COVID-19
DE-SL,00+,2023-01-26,2022-12-31,-26 day ahead inc hosp,quantile,0.9,96.0,COVID-19
DE-SL,00+,2023-01-26,2022-12-31,-26 day ahead inc hosp,quantile,0.975,96.0,COVID-19
DE-SL,00+,2023-01-26,2022-12-31,-26 day ahead inc hosp,mean,,95.12975,COVID-19
DE-SL,00+,2023-01-26,2023-01-01,-25 day ahead inc hosp,quantile,0.025,95.0,COVID-19
DE-SL,00+,2023-01-26,2023-01-01,-25 day ahead inc hosp,quantile,0.1,95.0,COVID-19
DE-SL,00+,2023-01-26,2023-01-01,-25 day ahead inc hosp,quantile,0.25,95.0,COVID-19
DE-SL,00+,2023-01-26,2023-01-01,-25 day ahead inc hosp,quantile,0.5,95.0,COVID-19
DE-SL,00+,2023-01-26,2023-01-01,-25 day ahead inc hosp,quantile,0.75,95.0,COVID-19
DE-SL,00+,2023-01-26,2023-01-01,-25 day ahead inc hosp,quantile,0.9,96.0,COVID-19
DE-SL,00+,2023-01-26,2023-01-01,-25 day ahead inc hosp,quantile,0.975,96.0,COVID-19
DE-SL,00+,2023-01-26,2023-01-01,-25 day ahead inc hosp,mean,,95.14025,COVID-19
DE-SL,00+,2023-01-26,2023-01-02,-24 day ahead inc hosp,quantile,0.025,95.0,COVID-19
DE-SL,00+,2023-01-26,2023-01-02,-24 day ahead inc hosp,quantile,0.1,95.0,COVID-19
DE-SL,00+,2023-01-26,2023-01-02,-24 day ahead inc hosp,quantile,0.25,95.0,COVID-19
DE-SL,00+,2023-01-26,2023-01-02,-24 day ahead inc hosp,quantile,0.5,95.0,COVID-19
DE-SL,00+,2023-01-26,2023-01-02,-24 day ahead inc hosp,quantile,0.75,95.0,COVID-19
DE-SL,00+,2023-01-26,2023-01-02,-24 day ahead inc hosp,quantile,0.9,96.0,COVID-19
DE-SL,00+,2023-01-26,2023-01-02,-24 day ahead inc hosp,quantile,0.975,96.0,COVID-19
DE-SL,00+,2023-01-26,2023-01-02,-24 day ahead inc hosp,mean,,95.16275,COVID-19
DE-SL,00+,2023-01-26,2023-01-03,-23 day ahead inc hosp,quantile,0.025,142.0,COVID-19
DE-SL,00+,2023-01-26,2023-01-03,-23 day ahead inc hosp,quantile,0.1,142.0,COVID-19
DE-SL,00+,2023-01-26,2023-01-03,-23 day ahead inc hosp,quantile,0.25,142.0,COVID-19
DE-SL,00+,2023-01-26,2023-01-03,-23 day ahead inc hosp,quantile,0.5,142.0,COVID-19
DE-SL,00+,2023-01-26,2023-01-03,-23 day ahead inc hosp,quantile,0.75,143.0,COVID-19
DE-SL,00+,2023-01-26,2023-01-03,-23 day ahead inc hosp,quantile,0.9,143.0,COVID-19
DE-SL,00+,2023-01-26,2023-01-03,-23 day ahead inc hosp,quantile,0.975,144.0,COVID-19
DE-SL,00+,2023-01-26,2023-01-03,-23 day ahead inc hosp,mean,,142.32925,COVID-19
DE-SL,00+,2023-01-26,2023-01-04,-22 day ahead inc hosp,quantile,0.025,123.0,COVID-19
DE-SL,00+,2023-01-26,2023-01-04,-22 day ahead inc hosp,quantile,0.1,123.0,COVID-19
DE-SL,00+,2023-01-26,2023-01-04,-22 day ahead inc hosp,quantile,0.25,123.0,COVID-19
DE-SL,00+,2023-01-26,2023-01-04,-22 day ahead inc hosp,quantile,0.5,123.0,COVID-19
DE-SL,00+,2023-01-26,2023-01-04,-22 day ahead inc hosp,quantile,0.75,124.0,COVID-19
DE-SL,00+,2023-01-26,2023-01-04,-22 day ahead inc hosp,quantile,0.9,124.0,COVID-19
DE-SL,00+,2023-01-26,2023-01-04,-22 day ahead inc hosp,quantile,0.975,125.0,COVID-19
DE-SL,00+,2023-01-26,2023-01-04,-22 day ahead inc hosp,mean,,123.44425,COVID-19
DE-SL,00+,2023-01-26,2023-01-05,-21 day ahead inc hosp,quantile,0.025,129.0,COVID-19
DE-SL,00+,2023-01-26,2023-01-05,-21 day ahead inc hosp,quantile,0.1,129.0,COVID-19
DE-SL,00+,2023-01-26,2023-01-05,-21 day ahead inc hosp,quantile,0.25,129.0,COVID-19
DE-SL,00+,2023-01-26,2023-01-05,-21 day ahead inc hosp,quantile,0.5,129.0,COVID-19
DE-SL,00+,2023-01-26,2023-01-05,-21 day ahead inc hosp,quantile,0.75,130.0,COVID-19
DE-SL,00+,2023-01-26,2023-01-05,-21 day ahead inc hosp,quantile,0.9,131.0,COVID-19
DE-SL,00+,2023-01-26,2023-01-05,-21 day ahead inc hosp,quantile,0.975,132.0,COVID-19
DE-SL,00+,2023-01-26,2023-01-05,-21 day ahead inc hosp,mean,,129.596,COVID-19
DE-SL,00+,2023-01-26,2023-01-06,-20 day ahead inc hosp,quantile,0.025,129.0,COVID-19
DE-SL,00+,2023-01-26,2023-01-06,-20 day ahead inc hosp,quantile,0.1,129.0,COVID-19
DE-SL,00+,2023-01-26,2023-01-06,-20 day ahead inc hosp,quantile,0.25,129.0,COVID-19
DE-SL,00+,2023-01-26,2023-01-06,-20 day ahead inc hosp,quantile,0.5,129.0,COVID-19
DE-SL,00+,2023-01-26,2023-01-06,-20 day ahead inc hosp,quantile,0.75,130.0,COVID-19
DE-SL,00+,2023-01-26,2023-01-06,-20 day ahead inc hosp,quantile,0.9,131.0,COVID-19
DE-SL,00+,2023-01-26,2023-01-06,-20 day ahead inc hosp,quantile,0.975,132.0,COVID-19
DE-SL,00+,2023-01-26,2023-01-06,-20 day ahead inc hosp,mean,,129.66775,COVID-19
DE-SL,00+,2023-01-26,2023-01-07,-19 day ahead inc hosp,quantile,0.025,131.0,COVID-19
DE-SL,00+,2023-01-26,2023-01-07,-19 day ahead inc hosp,quantile,0.1,131.0,COVID-19
DE-SL,00+,2023-01-26,2023-01-07,-19 day ahead inc hosp,quantile,0.25,131.0,COVID-19
DE-SL,00+,2023-01-26,2023-01-07,-19 day ahead inc hosp,quantile,0.5,132.0,COVID-19
DE-SL,00+,2023-01-26,2023-01-07,-19 day ahead inc hosp,quantile,0.75,132.0,COVID-19
DE-SL,00+,2023-01-26,2023-01-07,-19 day ahead inc hosp,quantile,0.9,133.0,COVID-19
DE-SL,00+,2023-01-26,2023-01-07,-19 day ahead inc hosp,quantile,0.975,134.0,COVID-19
DE-SL,00+,2023-01-26,2023-01-07,-19 day ahead inc hosp,mean,,131.76975,COVID-19
DE-SL,00+,2023-01-26,2023-01-08,-18 day ahead inc hosp,quantile,0.025,131.0,COVID-19
DE-SL,00+,2023-01-26,2023-01-08,-18 day ahead inc hosp,quantile,0.1,131.0,COVID-19
DE-SL,00+,2023-01-26,2023-01-08,-18 day ahead inc hosp,quantile,0.25,131.0,COVID-19
DE-SL,00+,2023-01-26,2023-01-08,-18 day ahead inc hosp,quantile,0.5,132.0,COVID-19
DE-SL,00+,2023-01-26,2023-01-08,-18 day ahead inc hosp,quantile,0.75,132.0,COVID-19
DE-SL,00+,2023-01-26,2023-01-08,-18 day ahead inc hosp,quantile,0.9,133.0,COVID-19
DE-SL,00+,2023-01-26,2023-01-08,-18 day ahead inc hosp,quantile,0.975,134.0,COVID-19
DE-SL,00+,2023-01-26,2023-01-08,-18 day ahead inc hosp,mean,,131.82325,COVID-19
DE-SL,00+,2023-01-26,2023-01-09,-17 day ahead inc hosp,quantile,0.025,131.0,COVID-19
DE-SL,00+,2023-01-26,2023-01-09,-17 day ahead inc hosp,quantile,0.1,131.0,COVID-19
DE-SL,00+,2023-01-26,2023-01-09,-17 day ahead inc hosp,quantile,0.25,131.0,COVID-19
DE-SL,00+,2023-01-26,2023-01-09,-17 day ahead inc hosp,quantile,0.5,132.0,COVID-19
DE-SL,00+,2023-01-26,2023-01-09,-17 day ahead inc hosp,quantile,0.75,132.0,COVID-19
DE-SL,00+,2023-01-26,2023-01-09,-17 day ahead inc hosp,quantile,0.9,133.0,COVID-19
DE-SL,00+,2023-01-26,2023-01-09,-17 day ahead inc hosp,quantile,0.975,134.0,COVID-19
DE-SL,00+,2023-01-26,2023-01-09,-17 day ahead inc hosp,mean,,131.86525,COVID-19
DE-SL,00+,2023-01-26,2023-01-10,-16 day ahead inc hosp,quantile,0.025,101.0,COVID-19
DE-SL,00+,2023-01-26,2023-01-10,-16 day ahead inc hosp,quantile,0.1,101.0,COVID-19
DE-SL,00+,2023-01-26,2023-01-10,-16 day ahead inc hosp,quantile,0.25,101.0,COVID-19
DE-SL,00+,2023-01-26,2023-01-10,-16 day ahead inc hosp,quantile,0.5,102.0,COVID-19
DE-SL,00+,2023-01-26,2023-01-10,-16 day ahead inc hosp,quantile,0.75,102.0,COVID-19
DE-SL,00+,2023-01-26,2023-01-10,-16 day ahead inc hosp,quantile,0.9,103.0,COVID-19
DE-SL,00+,2023-01-26,2023-01-10,-16 day ahead inc hosp,quantile,0.975,104.0,COVID-19
DE-SL,00+,2023-01-26,2023-01-10,-16 day ahead inc hosp,mean,,101.847,COVID-19
DE-SL,00+,2023-01-26,2023-01-11,-15 day ahead inc hosp,quantile,0.025,95.0,COVID-19
DE-SL,00+,2023-01-26,2023-01-11,-15 day ahead inc hosp,quantile,0.1,95.0,COVID-19
DE-SL,00+,2023-01-26,2023-01-11,-15 day ahead inc hosp,quantile,0.25,95.0,COVID-19
DE-SL,00+,2023-01-26,2023-01-11,-15 day ahead inc hosp,quantile,0.5,96.0,COVID-19
DE-SL,00+,2023-01-26,2023-01-11,-15 day ahead inc hosp,quantile,0.75,97.0,COVID-19
DE-SL,00+,2023-01-26,2023-01-11,-15 day ahead inc hosp,quantile,0.9,98.0,COVID-19
DE-SL,00+,2023-01-26,2023-01-11,-15 day ahead inc hosp,quantile,0.975,99.0,COVID-19
DE-SL,00+,2023-01-26,2023-01-11,-15 day ahead inc hosp,mean,,96.1225,COVID-19
DE-SL,00+,2023-01-26,2023-01-12,-14 day ahead inc hosp,quantile,0.025,97.0,COVID-19
DE-SL,00+,2023-01-26,2023-01-12,-14 day ahead inc hosp,quantile,0.1,97.0,COVID-19
DE-SL,00+,2023-01-26,2023-01-12,-14 day ahead inc hosp,quantile,0.25,97.0,COVID-19
DE-SL,00+,2023-01-26,2023-01-12,-14 day ahead inc hosp,quantile,0.5,98.0,COVID-19
DE-SL,00+,2023-01-26,2023-01-12,-14 day ahead inc hosp,quantile,0.75,99.0,COVID-19
DE-SL,00+,2023-01-26,2023-01-12,-14 day ahead inc hosp,quantile,0.9,100.0,COVID-19
DE-SL,00+,2023-01-26,2023-01-12,-14 day ahead inc hosp,quantile,0.975,102.0,COVID-19
DE-SL,00+,2023-01-26,2023-01-12,-14 day ahead inc hosp,mean,,98.39325,COVID-19
DE-SL,00+,2023-01-26,2023-01-13,-13 day ahead inc hosp,quantile,0.025,87.0,COVID-19
DE-SL,00+,2023-01-26,2023-01-13,-13 day ahead inc hosp,quantile,0.1,87.0,COVID-19
DE-SL,00+,2023-01-26,2023-01-13,-13 day ahead inc hosp,quantile,0.25,88.0,COVID-19
DE-SL,00+,2023-01-26,2023-01-13,-13 day ahead inc hosp,quantile,0.5,88.0,COVID-19
DE-SL,00+,2023-01-26,2023-01-13,-13 day ahead inc hosp,quantile,0.75,89.0,COVID-19
DE-SL,00+,2023-01-26,2023-01-13,-13 day ahead inc hosp,quantile,0.9,90.0,COVID-19
DE-SL,00+,2023-01-26,2023-01-13,-13 day ahead inc hosp,quantile,0.975,92.0,COVID-19
DE-SL,00+,2023-01-26,2023-01-13,-13 day ahead inc hosp,mean,,88.5645,COVID-19
DE-SL,00+,2023-01-26,2023-01-14,-12 day ahead inc hosp,quantile,0.025,83.0,COVID-19
DE-SL,00+,2023-01-26,2023-01-14,-12 day ahead inc hosp,quantile,0.1,83.0,COVID-19
DE-SL,00+,2023-01-26,2023-01-14,-12 day ahead inc hosp,quantile,0.25,84.0,COVID-19
DE-SL,00+,2023-01-26,2023-01-14,-12 day ahead inc hosp,quantile,0.5,84.0,COVID-19
DE-SL,00+,2023-01-26,2023-01-14,-12 day ahead inc hosp,quantile,0.75,86.0,COVID-19
DE-SL,00+,2023-01-26,2023-01-14,-12 day ahead inc hosp,quantile,0.9,87.0,COVID-19
DE-SL,00+,2023-01-26,2023-01-14,-12 day ahead inc hosp,quantile,0.975,88.0,COVID-19
DE-SL,00+,2023-01-26,2023-01-14,-12 day ahead inc hosp,mean,,84.74275,COVID-19
DE-SL,00+,2023-01-26,2023-01-15,-11 day ahead inc hosp,quantile,0.025,83.0,COVID-19
DE-SL,00+,2023-01-26,2023-01-15,-11 day ahead inc hosp,quantile,0.1,83.0,COVID-19
DE-SL,00+,2023-01-26,2023-01-15,-11 day ahead inc hosp,quantile,0.25,84.0,COVID-19
DE-SL,00+,2023-01-26,2023-01-15,-11 day ahead inc hosp,quantile,0.5,85.0,COVID-19
DE-SL,00+,2023-01-26,2023-01-15,-11 day ahead inc hosp,quantile,0.75,86.0,COVID-19
DE-SL,00+,2023-01-26,2023-01-15,-11 day ahead inc hosp,quantile,0.9,87.0,COVID-19
DE-SL,00+,2023-01-26,2023-01-15,-11 day ahead inc hosp,quantile,0.975,88.0,COVID-19
DE-SL,00+,2023-01-26,2023-01-15,-11 day ahead inc hosp,mean,,84.8625,COVID-19
DE-SL,00+,2023-01-26,2023-01-16,-10 day ahead inc hosp,quantile,0.025,83.0,COVID-19
DE-SL,00+,2023-01-26,2023-01-16,-10 day ahead inc hosp,quantile,0.1,83.0,COVID-19
DE-SL,00+,2023-01-26,2023-01-16,-10 day ahead inc hosp,quantile,0.25,84.0,COVID-19
DE-SL,00+,2023-01-26,2023-01-16,-10 day ahead inc hosp,quantile,0.5,85.0,COVID-19
DE-SL,00+,2023-01-26,2023-01-16,-10 day ahead inc hosp,quantile,0.75,86.0,COVID-19
DE-SL,00+,2023-01-26,2023-01-16,-10 day ahead inc hosp,quantile,0.9,87.0,COVID-19
DE-SL,00+,2023-01-26,2023-01-16,-10 day ahead inc hosp,quantile,0.975,89.0,COVID-19
DE-SL,00+,2023-01-26,2023-01-16,-10 day ahead inc hosp,mean,,85.0215,COVID-19
DE-SL,00+,2023-01-26,2023-01-17,-9 day ahead inc hosp,quantile,0.025,91.0,COVID-19
DE-SL,00+,2023-01-26,2023-01-17,-9 day ahead inc hosp,quantile,0.1,91.0,COVID-19
DE-SL,00+,2023-01-26,2023-01-17,-9 day ahead inc hosp,quantile,0.25,92.0,COVID-19
DE-SL,00+,2023-01-26,2023-01-17,-9 day ahead inc hosp,quantile,0.5,93.0,COVID-19
DE-SL,00+,2023-01-26,2023-01-17,-9 day ahead inc hosp,quantile,0.75,94.0,COVID-19
DE-SL,00+,2023-01-26,2023-01-17,-9 day ahead inc hosp,quantile,0.9,96.0,COVID-19
DE-SL,00+,2023-01-26,2023-01-17,-9 day ahead inc hosp,quantile,0.975,97.0,COVID-19
DE-SL,00+,2023-01-26,2023-01-17,-9 day ahead inc hosp,mean,,93.413,COVID-19
DE-SL,00+,2023-01-26,2023-01-18,-8 day ahead inc hosp,quantile,0.025,85.0,COVID-19
DE-SL,00+,2023-01-26,2023-01-18,-8 day ahead inc hosp,quantile,0.1,86.0,COVID-19
DE-SL,00+,2023-01-26,2023-01-18,-8 day ahead inc hosp,quantile,0.25,87.0,COVID-19
DE-SL,00+,2023-01-26,2023-01-18,-8 day ahead inc hosp,quantile,0.5,88.0,COVID-19
DE-SL,00+,2023-01-26,2023-01-18,-8 day ahead inc hosp,quantile,0.75,89.0,COVID-19
DE-SL,00+,2023-01-26,2023-01-18,-8 day ahead inc hosp,quantile,0.9,91.0,COVID-19
DE-SL,00+,2023-01-26,2023-01-18,-8 day ahead inc hosp,quantile,0.975,93.0,COVID-19
DE-SL,00+,2023-01-26,2023-01-18,-8 day ahead inc hosp,mean,,88.14975,COVID-19
DE-SL,00+,2023-01-26,2023-01-19,-7 day ahead inc hosp,quantile,0.025,76.0,COVID-19
DE-SL,00+,2023-01-26,2023-01-19,-7 day ahead inc hosp,quantile,0.1,77.0,COVID-19
DE-SL,00+,2023-01-26,2023-01-19,-7 day ahead inc hosp,quantile,0.25,78.0,COVID-19
DE-SL,00+,2023-01-26,2023-01-19,-7 day ahead inc hosp,quantile,0.5,79.0,COVID-19
DE-SL,00+,2023-01-26,2023-01-19,-7 day ahead inc hosp,quantile,0.75,81.0,COVID-19
DE-SL,00+,2023-01-26,2023-01-19,-7 day ahead inc hosp,quantile,0.9,83.0,COVID-19
DE-SL,00+,2023-01-26,2023-01-19,-7 day ahead inc hosp,quantile,0.975,85.0,COVID-19
DE-SL,00+,2023-01-26,2023-01-19,-7 day ahead inc hosp,mean,,79.65475,COVID-19
DE-SL,00+,2023-01-26,2023-01-20,-6 day ahead inc hosp,quantile,0.025,82.0,COVID-19
DE-SL,00+,2023-01-26,2023-01-20,-6 day ahead inc hosp,quantile,0.1,83.0,COVID-19
DE-SL,00+,2023-01-26,2023-01-20,-6 day ahead inc hosp,quantile,0.25,84.0,COVID-19
DE-SL,00+,2023-01-26,2023-01-20,-6 day ahead inc hosp,quantile,0.5,86.0,COVID-19
DE-SL,00+,2023-01-26,2023-01-20,-6 day ahead inc hosp,quantile,0.75,88.0,COVID-19
DE-SL,00+,2023-01-26,2023-01-20,-6 day ahead inc hosp,quantile,0.9,90.0,COVID-19
DE-SL,00+,2023-01-26,2023-01-20,-6 day ahead inc hosp,quantile,0.975,93.0,COVID-19
DE-SL,00+,2023-01-26,2023-01-20,-6 day ahead inc hosp,mean,,86.2855,COVID-19
DE-SL,00+,2023-01-26,2023-01-21,-5 day ahead inc hosp,quantile,0.025,74.0,COVID-19
DE-SL,00+,2023-01-26,2023-01-21,-5 day ahead inc hosp,quantile,0.1,75.0,COVID-19
DE-SL,00+,2023-01-26,2023-01-21,-5 day ahead inc hosp,quantile,0.25,77.0,COVID-19
DE-SL,00+,2023-01-26,2023-01-21,-5 day ahead inc hosp,quantile,0.5,79.0,COVID-19
DE-SL,00+,2023-01-26,2023-01-21,-5 day ahead inc hosp,quantile,0.75,81.0,COVID-19
DE-SL,00+,2023-01-26,2023-01-21,-5 day ahead inc hosp,quantile,0.9,83.0,COVID-19
DE-SL,00+,2023-01-26,2023-01-21,-5 day ahead inc hosp,quantile,0.975,86.0,COVID-19
DE-SL,00+,2023-01-26,2023-01-21,-5 day ahead inc hosp,mean,,79.0235,COVID-19
DE-SL,00+,2023-01-26,2023-01-22,-4 day ahead inc hosp,quantile,0.025,74.0,COVID-19
DE-SL,00+,2023-01-26,2023-01-22,-4 day ahead inc hosp,quantile,0.1,76.0,COVID-19
DE-SL,00+,2023-01-26,2023-01-22,-4 day ahead inc hosp,quantile,0.25,77.0,COVID-19
DE-SL,00+,2023-01-26,2023-01-22,-4 day ahead inc hosp,quantile,0.5,79.0,COVID-19
DE-SL,00+,2023-01-26,2023-01-22,-4 day ahead inc hosp,quantile,0.75,81.0,COVID-19
DE-SL,00+,2023-01-26,2023-01-22,-4 day ahead inc hosp,quantile,0.9,84.0,COVID-19
DE-SL,00+,2023-01-26,2023-01-22,-4 day ahead inc hosp,quantile,0.975,87.0,COVID-19
DE-SL,00+,2023-01-26,2023-01-22,-4 day ahead inc hosp,mean,,79.58375,COVID-19
DE-SL,00+,2023-01-26,2023-01-23,-3 day ahead inc hosp,quantile,0.025,75.0,COVID-19
DE-SL,00+,2023-01-26,2023-01-23,-3 day ahead inc hosp,quantile,0.1,76.0,COVID-19
DE-SL,00+,2023-01-26,2023-01-23,-3 day ahead inc hosp,quantile,0.25,78.0,COVID-19
DE-SL,00+,2023-01-26,2023-01-23,-3 day ahead inc hosp,quantile,0.5,80.0,COVID-19
DE-SL,00+,2023-01-26,2023-01-23,-3 day ahead inc hosp,quantile,0.75,82.0,COVID-19
DE-SL,00+,2023-01-26,2023-01-23,-3 day ahead inc hosp,quantile,0.9,84.0,COVID-19
DE-SL,00+,2023-01-26,2023-01-23,-3 day ahead inc hosp,quantile,0.975,87.0,COVID-19
DE-SL,00+,2023-01-26,2023-01-23,-3 day ahead inc hosp,mean,,79.99275,COVID-19
DE-SL,00+,2023-01-26,2023-01-24,-2 day ahead inc hosp,quantile,0.025,61.0,COVID-19
DE-SL,00+,2023-01-26,2023-01-24,-2 day ahead inc hosp,quantile,0.1,62.0,COVID-19
DE-SL,00+,2023-01-26,2023-01-24,-2 day ahead inc hosp,quantile,0.25,64.0,COVID-19
DE-SL,00+,2023-01-26,2023-01-24,-2 day ahead inc hosp,quantile,0.5,66.0,COVID-19
DE-SL,00+,2023-01-26,2023-01-24,-2 day ahead inc hosp,quantile,0.75,69.0,COVID-19
DE-SL,00+,2023-01-26,2023-01-24,-2 day ahead inc hosp,quantile,0.9,71.0,COVID-19
DE-SL,00+,2023-01-26,2023-01-24,-2 day ahead inc hosp,quantile,0.975,74.0,COVID-19
DE-SL,00+,2023-01-26,2023-01-24,-2 day ahead inc hosp,mean,,66.56375,COVID-19
DE-SL,00+,2023-01-26,2023-01-25,-1 day ahead inc hosp,quantile,0.025,48.0,COVID-19
DE-SL,00+,2023-01-26,2023-01-25,-1 day ahead inc hosp,quantile,0.1,50.0,COVID-19
DE-SL,00+,2023-01-26,2023-01-25,-1 day ahead inc hosp,quantile,0.25,52.0,COVID-19
DE-SL,00+,2023-01-26,2023-01-25,-1 day ahead inc hosp,quantile,0.5,54.0,COVID-19
DE-SL,00+,2023-01-26,2023-01-25,-1 day ahead inc hosp,quantile,0.75,57.0,COVID-19
DE-SL,00+,2023-01-26,2023-01-25,-1 day ahead inc hosp,quantile,0.9,59.0,COVID-19
DE-SL,00+,2023-01-26,2023-01-25,-1 day ahead inc hosp,quantile,0.975,63.0,COVID-19
DE-SL,00+,2023-01-26,2023-01-25,-1 day ahead inc hosp,mean,,54.332,COVID-19
DE-SL,00+,2023-01-26,2023-01-26,0 day ahead inc hosp,quantile,0.025,43.0,COVID-19
DE-SL,00+,2023-01-26,2023-01-26,0 day ahead inc hosp,quantile,0.1,45.0,COVID-19
DE-SL,00+,2023-01-26,2023-01-26,0 day ahead inc hosp,quantile,0.25,47.0,COVID-19
DE-SL,00+,2023-01-26,2023-01-26,0 day ahead inc hosp,quantile,0.5,50.0,COVID-19
DE-SL,00+,2023-01-26,2023-01-26,0 day ahead inc hosp,quantile,0.75,54.0,COVID-19
DE-SL,00+,2023-01-26,2023-01-26,0 day ahead inc hosp,quantile,0.9,58.0,COVID-19
DE-SL,00+,2023-01-26,2023-01-26,0 day ahead inc hosp,quantile,0.975,66.0,COVID-19
DE-SL,00+,2023-01-26,2023-01-26,0 day ahead inc hosp,mean,,51.098,COVID-19
DE-SN,00+,2023-01-26,2022-12-29,-28 day ahead inc hosp,quantile,0.025,569.0,COVID-19
DE-SN,00+,2023-01-26,2022-12-29,-28 day ahead inc hosp,quantile,0.1,570.0,COVID-19
DE-SN,00+,2023-01-26,2022-12-29,-28 day ahead inc hosp,quantile,0.25,571.0,COVID-19
DE-SN,00+,2023-01-26,2022-12-29,-28 day ahead inc hosp,quantile,0.5,573.0,COVID-19
DE-SN,00+,2023-01-26,2022-12-29,-28 day ahead inc hosp,quantile,0.75,575.0,COVID-19
DE-SN,00+,2023-01-26,2022-12-29,-28 day ahead inc hosp,quantile,0.9,577.0,COVID-19
DE-SN,00+,2023-01-26,2022-12-29,-28 day ahead inc hosp,quantile,0.975,579.0,COVID-19
DE-SN,00+,2023-01-26,2022-12-29,-28 day ahead inc hosp,mean,,573.28475,COVID-19
DE-SN,00+,2023-01-26,2022-12-30,-27 day ahead inc hosp,quantile,0.025,562.0,COVID-19
DE-SN,00+,2023-01-26,2022-12-30,-27 day ahead inc hosp,quantile,0.1,563.0,COVID-19
DE-SN,00+,2023-01-26,2022-12-30,-27 day ahead inc hosp,quantile,0.25,564.0,COVID-19
DE-SN,00+,2023-01-26,2022-12-30,-27 day ahead inc hosp,quantile,0.5,565.0,COVID-19
DE-SN,00+,2023-01-26,2022-12-30,-27 day ahead inc hosp,quantile,0.75,567.0,COVID-19
DE-SN,00+,2023-01-26,2022-12-30,-27 day ahead inc hosp,quantile,0.9,569.0,COVID-19
DE-SN,00+,2023-01-26,2022-12-30,-27 day ahead inc hosp,quantile,0.975,572.0,COVID-19
DE-SN,00+,2023-01-26,2022-12-30,-27 day ahead inc hosp,mean,,565.8195,COVID-19
DE-SN,00+,2023-01-26,2022-12-31,-26 day ahead inc hosp,quantile,0.025,544.0,COVID-19
DE-SN,00+,2023-01-26,2022-12-31,-26 day ahead inc hosp,quantile,0.1,545.0,COVID-19
DE-SN,00+,2023-01-26,2022-12-31,-26 day ahead inc hosp,quantile,0.25,546.0,COVID-19
DE-SN,00+,2023-01-26,2022-12-31,-26 day ahead inc hosp,quantile,0.5,548.0,COVID-19
DE-SN,00+,2023-01-26,2022-12-31,-26 day ahead inc hosp,quantile,0.75,550.0,COVID-19
DE-SN,00+,2023-01-26,2022-12-31,-26 day ahead inc hosp,quantile,0.9,551.0,COVID-19
DE-SN,00+,2023-01-26,2022-12-31,-26 day ahead inc hosp,quantile,0.975,554.0,COVID-19
DE-SN,00+,2023-01-26,2022-12-31,-26 day ahead inc hosp,mean,,547.98325,COVID-19
DE-SN,00+,2023-01-26,2023-01-01,-25 day ahead inc hosp,quantile,0.025,543.0,COVID-19
DE-SN,00+,2023-01-26,2023-01-01,-25 day ahead inc hosp,quantile,0.1,544.0,COVID-19
DE-SN,00+,2023-01-26,2023-01-01,-25 day ahead inc hosp,quantile,0.25,545.0,COVID-19
DE-SN,00+,2023-01-26,2023-01-01,-25 day ahead inc hosp,quantile,0.5,547.0,COVID-19
DE-SN,00+,2023-01-26,2023-01-01,-25 day ahead inc hosp,quantile,0.75,549.0,COVID-19
DE-SN,00+,2023-01-26,2023-01-01,-25 day ahead inc hosp,quantile,0.9,551.0,COVID-19
DE-SN,00+,2023-01-26,2023-01-01,-25 day ahead inc hosp,quantile,0.975,553.0,COVID-19
DE-SN,00+,2023-01-26,2023-01-01,-25 day ahead inc hosp,mean,,547.10575,COVID-19
DE-SN,00+,2023-01-26,2023-01-02,-24 day ahead inc hosp,quantile,0.025,535.0,COVID-19
DE-SN,00+,2023-01-26,2023-01-02,-24 day ahead inc hosp,quantile,0.1,536.0,COVID-19
DE-SN,00+,2023-01-26,2023-01-02,-24 day ahead inc hosp,quantile,0.25,537.0,COVID-19
DE-SN,00+,2023-01-26,2023-01-02,-24 day ahead inc hosp,quantile,0.5,539.0,COVID-19
DE-SN,00+,2023-01-26,2023-01-02,-24 day ahead inc hosp,quantile,0.75,541.0,COVID-19
DE-SN,00+,2023-01-26,2023-01-02,-24 day ahead inc hosp,quantile,0.9,543.0,COVID-19
DE-SN,00+,2023-01-26,2023-01-02,-24 day ahead inc hosp,quantile,0.975,545.0,COVID-19
DE-SN,00+,2023-01-26,2023-01-02,-24 day ahead inc hosp,mean,,539.1965,COVID-19
DE-SN,00+,2023-01-26,2023-01-03,-23 day ahead inc hosp,quantile,0.025,638.0,COVID-19
DE-SN,00+,2023-01-26,2023-01-03,-23 day ahead inc hosp,quantile,0.1,640.0,COVID-19
DE-SN,00+,2023-01-26,2023-01-03,-23 day ahead inc hosp,quantile,0.25,641.0,COVID-19
DE-SN,00+,2023-01-26,2023-01-03,-23 day ahead inc hosp,quantile,0.5,643.0,COVID-19
DE-SN,00+,2023-01-26,2023-01-03,-23 day ahead inc hosp,quantile,0.75,645.0,COVID-19
DE-SN,00+,2023-01-26,2023-01-03,-23 day ahead inc hosp,quantile,0.9,647.0,COVID-19
DE-SN,00+,2023-01-26,2023-01-03,-23 day ahead inc hosp,quantile,0.975,650.0,COVID-19
DE-SN,00+,2023-01-26,2023-01-03,-23 day ahead inc hosp,mean,,643.10625,COVID-19
DE-SN,00+,2023-01-26,2023-01-04,-22 day ahead inc hosp,quantile,0.025,511.0,COVID-19
DE-SN,00+,2023-01-26,2023-01-04,-22 day ahead inc hosp,quantile,0.1,512.0,COVID-19
DE-SN,00+,2023-01-26,2023-01-04,-22 day ahead inc hosp,quantile,0.25,514.0,COVID-19
DE-SN,00+,2023-01-26,2023-01-04,-22 day ahead inc hosp,quantile,0.5,515.0,COVID-19
DE-SN,00+,2023-01-26,2023-01-04,-22 day ahead inc hosp,quantile,0.75,517.0,COVID-19
DE-SN,00+,2023-01-26,2023-01-04,-22 day ahead inc hosp,quantile,0.9,519.0,COVID-19
DE-SN,00+,2023-01-26,2023-01-04,-22 day ahead inc hosp,quantile,0.975,522.0,COVID-19
DE-SN,00+,2023-01-26,2023-01-04,-22 day ahead inc hosp,mean,,515.59775,COVID-19
DE-SN,00+,2023-01-26,2023-01-05,-21 day ahead inc hosp,quantile,0.025,471.0,COVID-19
DE-SN,00+,2023-01-26,2023-01-05,-21 day ahead inc hosp,quantile,0.1,473.0,COVID-19
DE-SN,00+,2023-01-26,2023-01-05,-21 day ahead inc hosp,quantile,0.25,474.0,COVID-19
DE-SN,00+,2023-01-26,2023-01-05,-21 day ahead inc hosp,quantile,0.5,476.0,COVID-19
DE-SN,00+,2023-01-26,2023-01-05,-21 day ahead inc hosp,quantile,0.75,478.0,COVID-19
DE-SN,00+,2023-01-26,2023-01-05,-21 day ahead inc hosp,quantile,0.9,480.0,COVID-19
DE-SN,00+,2023-01-26,2023-01-05,-21 day ahead inc hosp,quantile,0.975,482.0,COVID-19
DE-SN,00+,2023-01-26,2023-01-05,-21 day ahead inc hosp,mean,,475.88725,COVID-19
DE-SN,00+,2023-01-26,2023-01-06,-20 day ahead inc hosp,quantile,0.025,443.0,COVID-19
DE-SN,00+,2023-01-26,2023-01-06,-20 day ahead inc hosp,quantile,0.1,444.0,COVID-19
DE-SN,00+,2023-01-26,2023-01-06,-20 day ahead inc hosp,quantile,0.25,445.0,COVID-19
DE-SN,00+,2023-01-26,2023-01-06,-20 day ahead inc hosp,quantile,0.5,447.0,COVID-19
DE-SN,00+,2023-01-26,2023-01-06,-20 day ahead inc hosp,quantile,0.75,449.0,COVID-19
DE-SN,00+,2023-01-26,2023-01-06,-20 day ahead inc hosp,quantile,0.9,451.0,COVID-19
DE-SN,00+,2023-01-26,2023-01-06,-20 day ahead inc hosp,quantile,0.975,454.0,COVID-19
DE-SN,00+,2023-01-26,2023-01-06,-20 day ahead inc hosp,mean,,447.4985,COVID-19
DE-SN,00+,2023-01-26,2023-01-07,-19 day ahead inc hosp,quantile,0.025,429.0,COVID-19
DE-SN,00+,2023-01-26,2023-01-07,-19 day ahead inc hosp,quantile,0.1,431.0,COVID-19
DE-SN,00+,2023-01-26,2023-01-07,-19 day ahead inc hosp,quantile,0.25,432.0,COVID-19
DE-SN,00+,2023-01-26,2023-01-07,-19 day ahead inc hosp,quantile,0.5,434.0,COVID-19
DE-SN,00+,2023-01-26,2023-01-07,-19 day ahead inc hosp,quantile,0.75,436.0,COVID-19
DE-SN,00+,2023-01-26,2023-01-07,-19 day ahead inc hosp,quantile,0.9,438.0,COVID-19
DE-SN,00+,2023-01-26,2023-01-07,-19 day ahead inc hosp,quantile,0.975,441.0,COVID-19
DE-SN,00+,2023-01-26,2023-01-07,-19 day ahead inc hosp,mean,,434.23825,COVID-19
DE-SN,00+,2023-01-26,2023-01-08,-18 day ahead inc hosp,quantile,0.025,421.0,COVID-19
DE-SN,00+,2023-01-26,2023-01-08,-18 day ahead inc hosp,quantile,0.1,423.0,COVID-19
DE-SN,00+,2023-01-26,2023-01-08,-18 day ahead inc hosp,quantile,0.25,424.0,COVID-19
DE-SN,00+,2023-01-26,2023-01-08,-18 day ahead inc hosp,quantile,0.5,426.0,COVID-19
DE-SN,00+,2023-01-26,2023-01-08,-18 day ahead inc hosp,quantile,0.75,428.0,COVID-19
DE-SN,00+,2023-01-26,2023-01-08,-18 day ahead inc hosp,quantile,0.9,431.0,COVID-19
DE-SN,00+,2023-01-26,2023-01-08,-18 day ahead inc hosp,quantile,0.975,433.0250000000001,COVID-19
DE-SN,00+,2023-01-26,2023-01-08,-18 day ahead inc hosp,mean,,426.534,COVID-19
DE-SN,00+,2023-01-26,2023-01-09,-17 day ahead inc hosp,quantile,0.025,412.0,COVID-19
DE-SN,00+,2023-01-26,2023-01-09,-17 day ahead inc hosp,quantile,0.1,414.0,COVID-19
DE-SN,00+,2023-01-26,2023-01-09,-17 day ahead inc hosp,quantile,0.25,415.0,COVID-19
DE-SN,00+,2023-01-26,2023-01-09,-17 day ahead inc hosp,quantile,0.5,417.0,COVID-19
DE-SN,00+,2023-01-26,2023-01-09,-17 day ahead inc hosp,quantile,0.75,420.0,COVID-19
DE-SN,00+,2023-01-26,2023-01-09,-17 day ahead inc hosp,quantile,0.9,422.0,COVID-19
DE-SN,00+,2023-01-26,2023-01-09,-17 day ahead inc hosp,quantile,0.975,425.0,COVID-19
DE-SN,00+,2023-01-26,2023-01-09,-17 day ahead inc hosp,mean,,417.73325,COVID-19
DE-SN,00+,2023-01-26,2023-01-10,-16 day ahead inc hosp,quantile,0.025,361.0,COVID-19
DE-SN,00+,2023-01-26,2023-01-10,-16 day ahead inc hosp,quantile,0.1,363.0,COVID-19
DE-SN,00+,2023-01-26,2023-01-10,-16 day ahead inc hosp,quantile,0.25,364.0,COVID-19
DE-SN,00+,2023-01-26,2023-01-10,-16 day ahead inc hosp,quantile,0.5,366.0,COVID-19
DE-SN,00+,2023-01-26,2023-01-10,-16 day ahead inc hosp,quantile,0.75,369.0,COVID-19
DE-SN,00+,2023-01-26,2023-01-10,-16 day ahead inc hosp,quantile,0.9,371.0,COVID-19
DE-SN,00+,2023-01-26,2023-01-10,-16 day ahead inc hosp,quantile,0.975,374.0,COVID-19
DE-SN,00+,2023-01-26,2023-01-10,-16 day ahead inc hosp,mean,,366.63725,COVID-19
DE-SN,00+,2023-01-26,2023-01-11,-15 day ahead inc hosp,quantile,0.025,318.0,COVID-19
DE-SN,00+,2023-01-26,2023-01-11,-15 day ahead inc hosp,quantile,0.1,320.0,COVID-19
DE-SN,00+,2023-01-26,2023-01-11,-15 day ahead inc hosp,quantile,0.25,321.0,COVID-19
DE-SN,00+,2023-01-26,2023-01-11,-15 day ahead inc hosp,quantile,0.5,323.0,COVID-19
DE-SN,00+,2023-01-26,2023-01-11,-15 day ahead inc hosp,quantile,0.75,326.0,COVID-19
DE-SN,00+,2023-01-26,2023-01-11,-15 day ahead inc hosp,quantile,0.9,328.0,COVID-19
DE-SN,00+,2023-01-26,2023-01-11,-15 day ahead inc hosp,quantile,0.975,331.0,COVID-19
DE-SN,00+,2023-01-26,2023-01-11,-15 day ahead inc hosp,mean,,323.832,COVID-19
DE-SN,00+,2023-01-26,2023-01-12,-14 day ahead inc hosp,quantile,0.025,278.0,COVID-19
DE-SN,00+,2023-01-26,2023-01-12,-14 day ahead inc hosp,quantile,0.1,280.0,COVID-19
DE-SN,00+,2023-01-26,2023-01-12,-14 day ahead inc hosp,quantile,0.25,282.0,COVID-19
DE-SN,00+,2023-01-26,2023-01-12,-14 day ahead inc hosp,quantile,0.5,284.0,COVID-19
DE-SN,00+,2023-01-26,2023-01-12,-14 day ahead inc hosp,quantile,0.75,286.0,COVID-19
DE-SN,00+,2023-01-26,2023-01-12,-14 day ahead inc hosp,quantile,0.9,288.0,COVID-19
DE-SN,00+,2023-01-26,2023-01-12,-14 day ahead inc hosp,quantile,0.975,291.0,COVID-19
DE-SN,00+,2023-01-26,2023-01-12,-14 day ahead inc hosp,mean,,283.9375,COVID-19
DE-SN,00+,2023-01-26,2023-01-13,-13 day ahead inc hosp,quantile,0.025,261.0,COVID-19
DE-SN,00+,2023-01-26,2023-01-13,-13 day ahead inc hosp,quantile,0.1,263.0,COVID-19
DE-SN,00+,2023-01-26,2023-01-13,-13 day ahead inc hosp,quantile,0.25,265.0,COVID-19
DE-SN,00+,2023-01-26,2023-01-13,-13 day ahead inc hosp,quantile,0.5,267.0,COVID-19
DE-SN,00+,2023-01-26,2023-01-13,-13 day ahead inc hosp,quantile,0.75,269.0,COVID-19
DE-SN,00+,2023-01-26,2023-01-13,-13 day ahead inc hosp,quantile,0.9,272.0,COVID-19
DE-SN,00+,2023-01-26,2023-01-13,-13 day ahead inc hosp,quantile,0.975,274.0,COVID-19
DE-SN,00+,2023-01-26,2023-01-13,-13 day ahead inc hosp,mean,,267.0745,COVID-19
DE-SN,00+,2023-01-26,2023-01-14,-12 day ahead inc hosp,quantile,0.025,242.0,COVID-19
DE-SN,00+,2023-01-26,2023-01-14,-12 day ahead inc hosp,quantile,0.1,244.0,COVID-19
DE-SN,00+,2023-01-26,2023-01-14,-12 day ahead inc hosp,quantile,0.25,246.0,COVID-19
DE-SN,00+,2023-01-26,2023-01-14,-12 day ahead inc hosp,quantile,0.5,248.0,COVID-19
DE-SN,00+,2023-01-26,2023-01-14,-12 day ahead inc hosp,quantile,0.75,250.0,COVID-19
DE-SN,00+,2023-01-26,2023-01-14,-12 day ahead inc hosp,quantile,0.9,253.0,COVID-19
DE-SN,00+,2023-01-26,2023-01-14,-12 day ahead inc hosp,quantile,0.975,256.0,COVID-19
DE-SN,00+,2023-01-26,2023-01-14,-12 day ahead inc hosp,mean,,248.1925,COVID-19
DE-SN,00+,2023-01-26,2023-01-15,-11 day ahead inc hosp,quantile,0.025,237.975,COVID-19
DE-SN,00+,2023-01-26,2023-01-15,-11 day ahead inc hosp,quantile,0.1,239.0,COVID-19
DE-SN,00+,2023-01-26,2023-01-15,-11 day ahead inc hosp,quantile,0.25,241.0,COVID-19
DE-SN,00+,2023-01-26,2023-01-15,-11 day ahead inc hosp,quantile,0.5,243.0,COVID-19
DE-SN,00+,2023-01-26,2023-01-15,-11 day ahead inc hosp,quantile,0.75,245.0,COVID-19
DE-SN,00+,2023-01-26,2023-01-15,-11 day ahead inc hosp,quantile,0.9,248.0,COVID-19
DE-SN,00+,2023-01-26,2023-01-15,-11 day ahead inc hosp,quantile,0.975,251.0,COVID-19
DE-SN,00+,2023-01-26,2023-01-15,-11 day ahead inc hosp,mean,,243.304,COVID-19
DE-SN,00+,2023-01-26,2023-01-16,-10 day ahead inc hosp,quantile,0.025,237.0,COVID-19
DE-SN,00+,2023-01-26,2023-01-16,-10 day ahead inc hosp,quantile,0.1,239.0,COVID-19
DE-SN,00+,2023-01-26,2023-01-16,-10 day ahead inc hosp,quantile,0.25,241.0,COVID-19
DE-SN,00+,2023-01-26,2023-01-16,-10 day ahead inc hosp,quantile,0.5,243.0,COVID-19
DE-SN,00+,2023-01-26,2023-01-16,-10 day ahead inc hosp,quantile,0.75,246.0,COVID-19
DE-SN,00+,2023-01-26,2023-01-16,-10 day ahead inc hosp,quantile,0.9,248.0,COVID-19
DE-SN,00+,2023-01-26,2023-01-16,-10 day ahead inc hosp,quantile,0.975,251.0,COVID-19
DE-SN,00+,2023-01-26,2023-01-16,-10 day ahead inc hosp,mean,,243.45925,COVID-19
DE-SN,00+,2023-01-26,2023-01-17,-9 day ahead inc hosp,quantile,0.025,205.0,COVID-19
DE-SN,00+,2023-01-26,2023-01-17,-9 day ahead inc hosp,quantile,0.1,207.0,COVID-19
DE-SN,00+,2023-01-26,2023-01-17,-9 day ahead inc hosp,quantile,0.25,209.0,COVID-19
DE-SN,00+,2023-01-26,2023-01-17,-9 day ahead inc hosp,quantile,0.5,211.0,COVID-19
DE-SN,00+,2023-01-26,2023-01-17,-9 day ahead inc hosp,quantile,0.75,214.0,COVID-19
DE-SN,00+,2023-01-26,2023-01-17,-9 day ahead inc hosp,quantile,0.9,216.0,COVID-19
DE-SN,00+,2023-01-26,2023-01-17,-9 day ahead inc hosp,quantile,0.975,219.0250000000001,COVID-19
DE-SN,00+,2023-01-26,2023-01-17,-9 day ahead inc hosp,mean,,211.673,COVID-19
DE-SN,00+,2023-01-26,2023-01-18,-8 day ahead inc hosp,quantile,0.025,205.0,COVID-19
DE-SN,00+,2023-01-26,2023-01-18,-8 day ahead inc hosp,quantile,0.1,207.0,COVID-19
DE-SN,00+,2023-01-26,2023-01-18,-8 day ahead inc hosp,quantile,0.25,209.0,COVID-19
DE-SN,00+,2023-01-26,2023-01-18,-8 day ahead inc hosp,quantile,0.5,211.0,COVID-19
DE-SN,00+,2023-01-26,2023-01-18,-8 day ahead inc hosp,quantile,0.75,214.0,COVID-19
DE-SN,00+,2023-01-26,2023-01-18,-8 day ahead inc hosp,quantile,0.9,216.0,COVID-19
DE-SN,00+,2023-01-26,2023-01-18,-8 day ahead inc hosp,quantile,0.975,220.0,COVID-19
DE-SN,00+,2023-01-26,2023-01-18,-8 day ahead inc hosp,mean,,211.272,COVID-19
DE-SN,00+,2023-01-26,2023-01-19,-7 day ahead inc hosp,quantile,0.025,209.0,COVID-19
DE-SN,00+,2023-01-26,2023-01-19,-7 day ahead inc hosp,quantile,0.1,211.0,COVID-19
DE-SN,00+,2023-01-26,2023-01-19,-7 day ahead inc hosp,quantile,0.25,213.0,COVID-19
DE-SN,00+,2023-01-26,2023-01-19,-7 day ahead inc hosp,quantile,0.5,216.0,COVID-19
DE-SN,00+,2023-01-26,2023-01-19,-7 day ahead inc hosp,quantile,0.75,219.0,COVID-19
DE-SN,00+,2023-01-26,2023-01-19,-7 day ahead inc hosp,quantile,0.9,222.0,COVID-19
DE-SN,00+,2023-01-26,2023-01-19,-7 day ahead inc hosp,quantile,0.975,226.0,COVID-19
DE-SN,00+,2023-01-26,2023-01-19,-7 day ahead inc hosp,mean,,216.3615,COVID-19
DE-SN,00+,2023-01-26,2023-01-20,-6 day ahead inc hosp,quantile,0.025,204.0,COVID-19
DE-SN,00+,2023-01-26,2023-01-20,-6 day ahead inc hosp,quantile,0.1,206.0,COVID-19
DE-SN,00+,2023-01-26,2023-01-20,-6 day ahead inc hosp,quantile,0.25,208.0,COVID-19
DE-SN,00+,2023-01-26,2023-01-20,-6 day ahead inc hosp,quantile,0.5,212.0,COVID-19
DE-SN,00+,2023-01-26,2023-01-20,-6 day ahead inc hosp,quantile,0.75,215.0,COVID-19
DE-SN,00+,2023-01-26,2023-01-20,-6 day ahead inc hosp,quantile,0.9,219.0,COVID-19
DE-SN,00+,2023-01-26,2023-01-20,-6 day ahead inc hosp,quantile,0.975,224.0,COVID-19
DE-SN,00+,2023-01-26,2023-01-20,-6 day ahead inc hosp,mean,,212.1675,COVID-19
DE-SN,00+,2023-01-26,2023-01-21,-5 day ahead inc hosp,quantile,0.025,196.0,COVID-19
DE-SN,00+,2023-01-26,2023-01-21,-5 day ahead inc hosp,quantile,0.1,199.0,COVID-19
DE-SN,00+,2023-01-26,2023-01-21,-5 day ahead inc hosp,quantile,0.25,202.0,COVID-19
DE-SN,00+,2023-01-26,2023-01-21,-5 day ahead inc hosp,quantile,0.5,206.0,COVID-19
DE-SN,00+,2023-01-26,2023-01-21,-5 day ahead inc hosp,quantile,0.75,210.0,COVID-19
DE-SN,00+,2023-01-26,2023-01-21,-5 day ahead inc hosp,quantile,0.9,214.0,COVID-19
DE-SN,00+,2023-01-26,2023-01-21,-5 day ahead inc hosp,quantile,0.975,219.0,COVID-19
DE-SN,00+,2023-01-26,2023-01-21,-5 day ahead inc hosp,mean,,206.3315,COVID-19
DE-SN,00+,2023-01-26,2023-01-22,-4 day ahead inc hosp,quantile,0.025,201.0,COVID-19
DE-SN,00+,2023-01-26,2023-01-22,-4 day ahead inc hosp,quantile,0.1,204.0,COVID-19
DE-SN,00+,2023-01-26,2023-01-22,-4 day ahead inc hosp,quantile,0.25,208.0,COVID-19
DE-SN,00+,2023-01-26,2023-01-22,-4 day ahead inc hosp,quantile,0.5,212.0,COVID-19
DE-SN,00+,2023-01-26,2023-01-22,-4 day ahead inc hosp,quantile,0.75,216.0,COVID-19
DE-SN,00+,2023-01-26,2023-01-22,-4 day ahead inc hosp,quantile,0.9,221.0,COVID-19
DE-SN,00+,2023-01-26,2023-01-22,-4 day ahead inc hosp,quantile,0.975,227.0,COVID-19
DE-SN,00+,2023-01-26,2023-01-22,-4 day ahead inc hosp,mean,,212.34025,COVID-19
DE-SN,00+,2023-01-26,2023-01-23,-3 day ahead inc hosp,quantile,0.025,194.0,COVID-19
DE-SN,00+,2023-01-26,2023-01-23,-3 day ahead inc hosp,quantile,0.1,198.0,COVID-19
DE-SN,00+,2023-01-26,2023-01-23,-3 day ahead inc hosp,quantile,0.25,202.0,COVID-19
DE-SN,00+,2023-01-26,2023-01-23,-3 day ahead inc hosp,quantile,0.5,206.0,COVID-19
DE-SN,00+,2023-01-26,2023-01-23,-3 day ahead inc hosp,quantile,0.75,211.0,COVID-19
DE-SN,00+,2023-01-26,2023-01-23,-3 day ahead inc hosp,quantile,0.9,216.0,COVID-19
DE-SN,00+,2023-01-26,2023-01-23,-3 day ahead inc hosp,quantile,0.975,222.0,COVID-19
DE-SN,00+,2023-01-26,2023-01-23,-3 day ahead inc hosp,mean,,206.3955,COVID-19
DE-SN,00+,2023-01-26,2023-01-24,-2 day ahead inc hosp,quantile,0.025,173.0,COVID-19
DE-SN,00+,2023-01-26,2023-01-24,-2 day ahead inc hosp,quantile,0.1,177.0,COVID-19
DE-SN,00+,2023-01-26,2023-01-24,-2 day ahead inc hosp,quantile,0.25,181.0,COVID-19
DE-SN,00+,2023-01-26,2023-01-24,-2 day ahead inc hosp,quantile,0.5,186.0,COVID-19
DE-SN,00+,2023-01-26,2023-01-24,-2 day ahead inc hosp,quantile,0.75,193.0,COVID-19
DE-SN,00+,2023-01-26,2023-01-24,-2 day ahead inc hosp,quantile,0.9,199.0,COVID-19
DE-SN,00+,2023-01-26,2023-01-24,-2 day ahead inc hosp,quantile,0.975,207.0,COVID-19
DE-SN,00+,2023-01-26,2023-01-24,-2 day ahead inc hosp,mean,,187.0575,COVID-19
DE-SN,00+,2023-01-26,2023-01-25,-1 day ahead inc hosp,quantile,0.025,151.0,COVID-19
DE-SN,00+,2023-01-26,2023-01-25,-1 day ahead inc hosp,quantile,0.1,157.0,COVID-19
DE-SN,00+,2023-01-26,2023-01-25,-1 day ahead inc hosp,quantile,0.25,164.0,COVID-19
DE-SN,00+,2023-01-26,2023-01-25,-1 day ahead inc hosp,quantile,0.5,172.0,COVID-19
DE-SN,00+,2023-01-26,2023-01-25,-1 day ahead inc hosp,quantile,0.75,183.0,COVID-19
DE-SN,00+,2023-01-26,2023-01-25,-1 day ahead inc hosp,quantile,0.9,196.0,COVID-19
DE-SN,00+,2023-01-26,2023-01-25,-1 day ahead inc hosp,quantile,0.975,215.0,COVID-19
DE-SN,00+,2023-01-26,2023-01-25,-1 day ahead inc hosp,mean,,175.10325,COVID-19
DE-SN,00+,2023-01-26,2023-01-26,0 day ahead inc hosp,quantile,0.025,150.0,COVID-19
DE-SN,00+,2023-01-26,2023-01-26,0 day ahead inc hosp,quantile,0.1,162.0,COVID-19
DE-SN,00+,2023-01-26,2023-01-26,0 day ahead inc hosp,quantile,0.25,173.0,COVID-19
DE-SN,00+,2023-01-26,2023-01-26,0 day ahead inc hosp,quantile,0.5,192.0,COVID-19
DE-SN,00+,2023-01-26,2023-01-26,0 day ahead inc hosp,quantile,0.75,220.0,COVID-19
DE-SN,00+,2023-01-26,2023-01-26,0 day ahead inc hosp,quantile,0.9,255.0,COVID-19
DE-SN,00+,2023-01-26,2023-01-26,0 day ahead inc hosp,quantile,0.975,312.0,COVID-19
DE-SN,00+,2023-01-26,2023-01-26,0 day ahead inc hosp,mean,,202.78475,COVID-19
DE-ST,00+,2023-01-26,2022-12-29,-28 day ahead inc hosp,quantile,0.025,338.0,COVID-19
DE-ST,00+,2023-01-26,2022-12-29,-28 day ahead inc hosp,quantile,0.1,338.0,COVID-19
DE-ST,00+,2023-01-26,2022-12-29,-28 day ahead inc hosp,quantile,0.25,338.0,COVID-19
DE-ST,00+,2023-01-26,2022-12-29,-28 day ahead inc hosp,quantile,0.5,338.0,COVID-19
DE-ST,00+,2023-01-26,2022-12-29,-28 day ahead inc hosp,quantile,0.75,339.0,COVID-19
DE-ST,00+,2023-01-26,2022-12-29,-28 day ahead inc hosp,quantile,0.9,340.0,COVID-19
DE-ST,00+,2023-01-26,2022-12-29,-28 day ahead inc hosp,quantile,0.975,341.0,COVID-19
DE-ST,00+,2023-01-26,2022-12-29,-28 day ahead inc hosp,mean,,338.72625,COVID-19
DE-ST,00+,2023-01-26,2022-12-30,-27 day ahead inc hosp,quantile,0.025,338.0,COVID-19
DE-ST,00+,2023-01-26,2022-12-30,-27 day ahead inc hosp,quantile,0.1,338.0,COVID-19
DE-ST,00+,2023-01-26,2022-12-30,-27 day ahead inc hosp,quantile,0.25,338.0,COVID-19
DE-ST,00+,2023-01-26,2022-12-30,-27 day ahead inc hosp,quantile,0.5,339.0,COVID-19
DE-ST,00+,2023-01-26,2022-12-30,-27 day ahead inc hosp,quantile,0.75,340.0,COVID-19
DE-ST,00+,2023-01-26,2022-12-30,-27 day ahead inc hosp,quantile,0.9,341.0,COVID-19
DE-ST,00+,2023-01-26,2022-12-30,-27 day ahead inc hosp,quantile,0.975,342.0,COVID-19
DE-ST,00+,2023-01-26,2022-12-30,-27 day ahead inc hosp,mean,,339.06225,COVID-19
DE-ST,00+,2023-01-26,2022-12-31,-26 day ahead inc hosp,quantile,0.025,315.0,COVID-19
DE-ST,00+,2023-01-26,2022-12-31,-26 day ahead inc hosp,quantile,0.1,315.0,COVID-19
DE-ST,00+,2023-01-26,2022-12-31,-26 day ahead inc hosp,quantile,0.25,315.0,COVID-19
DE-ST,00+,2023-01-26,2022-12-31,-26 day ahead inc hosp,quantile,0.5,316.0,COVID-19
DE-ST,00+,2023-01-26,2022-12-31,-26 day ahead inc hosp,quantile,0.75,317.0,COVID-19
DE-ST,00+,2023-01-26,2022-12-31,-26 day ahead inc hosp,quantile,0.9,318.0,COVID-19
DE-ST,00+,2023-01-26,2022-12-31,-26 day ahead inc hosp,quantile,0.975,319.0,COVID-19
DE-ST,00+,2023-01-26,2022-12-31,-26 day ahead inc hosp,mean,,316.20725,COVID-19
DE-ST,00+,2023-01-26,2023-01-01,-25 day ahead inc hosp,quantile,0.025,316.0,COVID-19
DE-ST,00+,2023-01-26,2023-01-01,-25 day ahead inc hosp,quantile,0.1,316.0,COVID-19
DE-ST,00+,2023-01-26,2023-01-01,-25 day ahead inc hosp,quantile,0.25,316.0,COVID-19
DE-ST,00+,2023-01-26,2023-01-01,-25 day ahead inc hosp,quantile,0.5,317.0,COVID-19
DE-ST,00+,2023-01-26,2023-01-01,-25 day ahead inc hosp,quantile,0.75,318.0,COVID-19
DE-ST,00+,2023-01-26,2023-01-01,-25 day ahead inc hosp,quantile,0.9,319.0,COVID-19
DE-ST,00+,2023-01-26,2023-01-01,-25 day ahead inc hosp,quantile,0.975,320.0,COVID-19
DE-ST,00+,2023-01-26,2023-01-01,-25 day ahead inc hosp,mean,,317.2845,COVID-19
DE-ST,00+,2023-01-26,2023-01-02,-24 day ahead inc hosp,quantile,0.025,318.0,COVID-19
DE-ST,00+,2023-01-26,2023-01-02,-24 day ahead inc hosp,quantile,0.1,318.0,COVID-19
DE-ST,00+,2023-01-26,2023-01-02,-24 day ahead inc hosp,quantile,0.25,318.0,COVID-19
DE-ST,00+,2023-01-26,2023-01-02,-24 day ahead inc hosp,quantile,0.5,319.0,COVID-19
DE-ST,00+,2023-01-26,2023-01-02,-24 day ahead inc hosp,quantile,0.75,320.0,COVID-19
DE-ST,00+,2023-01-26,2023-01-02,-24 day ahead inc hosp,quantile,0.9,321.0,COVID-19
DE-ST,00+,2023-01-26,2023-01-02,-24 day ahead inc hosp,quantile,0.975,323.0,COVID-19
DE-ST,00+,2023-01-26,2023-01-02,-24 day ahead inc hosp,mean,,319.4045,COVID-19
DE-ST,00+,2023-01-26,2023-01-03,-23 day ahead inc hosp,quantile,0.025,418.0,COVID-19
DE-ST,00+,2023-01-26,2023-01-03,-23 day ahead inc hosp,quantile,0.1,419.0,COVID-19
DE-ST,00+,2023-01-26,2023-01-03,-23 day ahead inc hosp,quantile,0.25,419.0,COVID-19
DE-ST,00+,2023-01-26,2023-01-03,-23 day ahead inc hosp,quantile,0.5,421.0,COVID-19
DE-ST,00+,2023-01-26,2023-01-03,-23 day ahead inc hosp,quantile,0.75,422.0,COVID-19
DE-ST,00+,2023-01-26,2023-01-03,-23 day ahead inc hosp,quantile,0.9,424.0,COVID-19
DE-ST,00+,2023-01-26,2023-01-03,-23 day ahead inc hosp,quantile,0.975,425.0,COVID-19
DE-ST,00+,2023-01-26,2023-01-03,-23 day ahead inc hosp,mean,,420.8535,COVID-19
DE-ST,00+,2023-01-26,2023-01-04,-22 day ahead inc hosp,quantile,0.025,335.0,COVID-19
DE-ST,00+,2023-01-26,2023-01-04,-22 day ahead inc hosp,quantile,0.1,336.0,COVID-19
DE-ST,00+,2023-01-26,2023-01-04,-22 day ahead inc hosp,quantile,0.25,337.0,COVID-19
DE-ST,00+,2023-01-26,2023-01-04,-22 day ahead inc hosp,quantile,0.5,338.0,COVID-19
DE-ST,00+,2023-01-26,2023-01-04,-22 day ahead inc hosp,quantile,0.75,340.0,COVID-19
DE-ST,00+,2023-01-26,2023-01-04,-22 day ahead inc hosp,quantile,0.9,342.0,COVID-19
DE-ST,00+,2023-01-26,2023-01-04,-22 day ahead inc hosp,quantile,0.975,344.0,COVID-19
DE-ST,00+,2023-01-26,2023-01-04,-22 day ahead inc hosp,mean,,338.7895,COVID-19
DE-ST,00+,2023-01-26,2023-01-05,-21 day ahead inc hosp,quantile,0.025,291.0,COVID-19
DE-ST,00+,2023-01-26,2023-01-05,-21 day ahead inc hosp,quantile,0.1,292.0,COVID-19
DE-ST,00+,2023-01-26,2023-01-05,-21 day ahead inc hosp,quantile,0.25,293.0,COVID-19
DE-ST,00+,2023-01-26,2023-01-05,-21 day ahead inc hosp,quantile,0.5,294.0,COVID-19
DE-ST,00+,2023-01-26,2023-01-05,-21 day ahead inc hosp,quantile,0.75,296.0,COVID-19
DE-ST,00+,2023-01-26,2023-01-05,-21 day ahead inc hosp,quantile,0.9,298.0,COVID-19
DE-ST,00+,2023-01-26,2023-01-05,-21 day ahead inc hosp,quantile,0.975,300.0,COVID-19
DE-ST,00+,2023-01-26,2023-01-05,-21 day ahead inc hosp,mean,,294.43775,COVID-19
DE-ST,00+,2023-01-26,2023-01-06,-20 day ahead inc hosp,quantile,0.025,273.0,COVID-19
DE-ST,00+,2023-01-26,2023-01-06,-20 day ahead inc hosp,quantile,0.1,274.0,COVID-19
DE-ST,00+,2023-01-26,2023-01-06,-20 day ahead inc hosp,quantile,0.25,275.0,COVID-19
DE-ST,00+,2023-01-26,2023-01-06,-20 day ahead inc hosp,quantile,0.5,277.0,COVID-19
DE-ST,00+,2023-01-26,2023-01-06,-20 day ahead inc hosp,quantile,0.75,279.0,COVID-19
DE-ST,00+,2023-01-26,2023-01-06,-20 day ahead inc hosp,quantile,0.9,281.0,COVID-19
DE-ST,00+,2023-01-26,2023-01-06,-20 day ahead inc hosp,quantile,0.975,283.0,COVID-19
DE-ST,00+,2023-01-26,2023-01-06,-20 day ahead inc hosp,mean,,277.09875,COVID-19
DE-ST,00+,2023-01-26,2023-01-07,-19 day ahead inc hosp,quantile,0.025,237.0,COVID-19
DE-ST,00+,2023-01-26,2023-01-07,-19 day ahead inc hosp,quantile,0.1,238.0,COVID-19
DE-ST,00+,2023-01-26,2023-01-07,-19 day ahead inc hosp,quantile,0.25,239.0,COVID-19
DE-ST,00+,2023-01-26,2023-01-07,-19 day ahead inc hosp,quantile,0.5,241.0,COVID-19
DE-ST,00+,2023-01-26,2023-01-07,-19 day ahead inc hosp,quantile,0.75,243.0,COVID-19
DE-ST,00+,2023-01-26,2023-01-07,-19 day ahead inc hosp,quantile,0.9,245.0,COVID-19
DE-ST,00+,2023-01-26,2023-01-07,-19 day ahead inc hosp,quantile,0.975,247.0,COVID-19
DE-ST,00+,2023-01-26,2023-01-07,-19 day ahead inc hosp,mean,,241.17475,COVID-19
DE-ST,00+,2023-01-26,2023-01-08,-18 day ahead inc hosp,quantile,0.025,237.0,COVID-19
DE-ST,00+,2023-01-26,2023-01-08,-18 day ahead inc hosp,quantile,0.1,238.0,COVID-19
DE-ST,00+,2023-01-26,2023-01-08,-18 day ahead inc hosp,quantile,0.25,240.0,COVID-19
DE-ST,00+,2023-01-26,2023-01-08,-18 day ahead inc hosp,quantile,0.5,241.0,COVID-19
DE-ST,00+,2023-01-26,2023-01-08,-18 day ahead inc hosp,quantile,0.75,243.0,COVID-19
DE-ST,00+,2023-01-26,2023-01-08,-18 day ahead inc hosp,quantile,0.9,245.0,COVID-19
DE-ST,00+,2023-01-26,2023-01-08,-18 day ahead inc hosp,quantile,0.975,248.0,COVID-19
DE-ST,00+,2023-01-26,2023-01-08,-18 day ahead inc hosp,mean,,241.46375,COVID-19
DE-ST,00+,2023-01-26,2023-01-09,-17 day ahead inc hosp,quantile,0.025,238.0,COVID-19
DE-ST,00+,2023-01-26,2023-01-09,-17 day ahead inc hosp,quantile,0.1,240.0,COVID-19
DE-ST,00+,2023-01-26,2023-01-09,-17 day ahead inc hosp,quantile,0.25,241.0,COVID-19
DE-ST,00+,2023-01-26,2023-01-09,-17 day ahead inc hosp,quantile,0.5,243.0,COVID-19
DE-ST,00+,2023-01-26,2023-01-09,-17 day ahead inc hosp,quantile,0.75,245.0,COVID-19
DE-ST,00+,2023-01-26,2023-01-09,-17 day ahead inc hosp,quantile,0.9,247.0,COVID-19
DE-ST,00+,2023-01-26,2023-01-09,-17 day ahead inc hosp,quantile,0.975,250.0,COVID-19
DE-ST,00+,2023-01-26,2023-01-09,-17 day ahead inc hosp,mean,,243.007,COVID-19
DE-ST,00+,2023-01-26,2023-01-10,-16 day ahead inc hosp,quantile,0.025,224.0,COVID-19
DE-ST,00+,2023-01-26,2023-01-10,-16 day ahead inc hosp,quantile,0.1,225.0,COVID-19
DE-ST,00+,2023-01-26,2023-01-10,-16 day ahead inc hosp,quantile,0.25,227.0,COVID-19
DE-ST,00+,2023-01-26,2023-01-10,-16 day ahead inc hosp,quantile,0.5,229.0,COVID-19
DE-ST,00+,2023-01-26,2023-01-10,-16 day ahead inc hosp,quantile,0.75,231.0,COVID-19
DE-ST,00+,2023-01-26,2023-01-10,-16 day ahead inc hosp,quantile,0.9,234.0,COVID-19
DE-ST,00+,2023-01-26,2023-01-10,-16 day ahead inc hosp,quantile,0.975,237.0,COVID-19
DE-ST,00+,2023-01-26,2023-01-10,-16 day ahead inc hosp,mean,,229.33425,COVID-19
DE-ST,00+,2023-01-26,2023-01-11,-15 day ahead inc hosp,quantile,0.025,214.0,COVID-19
DE-ST,00+,2023-01-26,2023-01-11,-15 day ahead inc hosp,quantile,0.1,216.0,COVID-19
DE-ST,00+,2023-01-26,2023-01-11,-15 day ahead inc hosp,quantile,0.25,218.0,COVID-19
DE-ST,00+,2023-01-26,2023-01-11,-15 day ahead inc hosp,quantile,0.5,220.0,COVID-19
DE-ST,00+,2023-01-26,2023-01-11,-15 day ahead inc hosp,quantile,0.75,222.0,COVID-19
DE-ST,00+,2023-01-26,2023-01-11,-15 day ahead inc hosp,quantile,0.9,225.0,COVID-19
DE-ST,00+,2023-01-26,2023-01-11,-15 day ahead inc hosp,quantile,0.975,227.0,COVID-19
DE-ST,00+,2023-01-26,2023-01-11,-15 day ahead inc hosp,mean,,220.02875,COVID-19
DE-ST,00+,2023-01-26,2023-01-12,-14 day ahead inc hosp,quantile,0.025,216.0,COVID-19
DE-ST,00+,2023-01-26,2023-01-12,-14 day ahead inc hosp,quantile,0.1,218.0,COVID-19
DE-ST,00+,2023-01-26,2023-01-12,-14 day ahead inc hosp,quantile,0.25,220.0,COVID-19
DE-ST,00+,2023-01-26,2023-01-12,-14 day ahead inc hosp,quantile,0.5,222.0,COVID-19
DE-ST,00+,2023-01-26,2023-01-12,-14 day ahead inc hosp,quantile,0.75,225.0,COVID-19
DE-ST,00+,2023-01-26,2023-01-12,-14 day ahead inc hosp,quantile,0.9,228.0,COVID-19
DE-ST,00+,2023-01-26,2023-01-12,-14 day ahead inc hosp,quantile,0.975,231.0,COVID-19
DE-ST,00+,2023-01-26,2023-01-12,-14 day ahead inc hosp,mean,,222.61975,COVID-19
DE-ST,00+,2023-01-26,2023-01-13,-13 day ahead inc hosp,quantile,0.025,192.0,COVID-19
DE-ST,00+,2023-01-26,2023-01-13,-13 day ahead inc hosp,quantile,0.1,194.0,COVID-19
DE-ST,00+,2023-01-26,2023-01-13,-13 day ahead inc hosp,quantile,0.25,196.0,COVID-19
DE-ST,00+,2023-01-26,2023-01-13,-13 day ahead inc hosp,quantile,0.5,198.0,COVID-19
DE-ST,00+,2023-01-26,2023-01-13,-13 day ahead inc hosp,quantile,0.75,201.0,COVID-19
DE-ST,00+,2023-01-26,2023-01-13,-13 day ahead inc hosp,quantile,0.9,203.0,COVID-19
DE-ST,00+,2023-01-26,2023-01-13,-13 day ahead inc hosp,quantile,0.975,207.0,COVID-19
DE-ST,00+,2023-01-26,2023-01-13,-13 day ahead inc hosp,mean,,198.33325,COVID-19
DE-ST,00+,2023-01-26,2023-01-14,-12 day ahead inc hosp,quantile,0.025,205.0,COVID-19
DE-ST,00+,2023-01-26,2023-01-14,-12 day ahead inc hosp,quantile,0.1,207.0,COVID-19
DE-ST,00+,2023-01-26,2023-01-14,-12 day ahead inc hosp,quantile,0.25,209.0,COVID-19
DE-ST,00+,2023-01-26,2023-01-14,-12 day ahead inc hosp,quantile,0.5,212.0,COVID-19
DE-ST,00+,2023-01-26,2023-01-14,-12 day ahead inc hosp,quantile,0.75,215.0,COVID-19
DE-ST,00+,2023-01-26,2023-01-14,-12 day ahead inc hosp,quantile,0.9,218.0,COVID-19
DE-ST,00+,2023-01-26,2023-01-14,-12 day ahead inc hosp,quantile,0.975,222.0,COVID-19
DE-ST,00+,2023-01-26,2023-01-14,-12 day ahead inc hosp,mean,,212.08075,COVID-19
DE-ST,00+,2023-01-26,2023-01-15,-11 day ahead inc hosp,quantile,0.025,205.0,COVID-19
DE-ST,00+,2023-01-26,2023-01-15,-11 day ahead inc hosp,quantile,0.1,207.0,COVID-19
DE-ST,00+,2023-01-26,2023-01-15,-11 day ahead inc hosp,quantile,0.25,209.0,COVID-19
DE-ST,00+,2023-01-26,2023-01-15,-11 day ahead inc hosp,quantile,0.5,212.0,COVID-19
DE-ST,00+,2023-01-26,2023-01-15,-11 day ahead inc hosp,quantile,0.75,215.0,COVID-19
DE-ST,00+,2023-01-26,2023-01-15,-11 day ahead inc hosp,quantile,0.9,218.0,COVID-19
DE-ST,00+,2023-01-26,2023-01-15,-11 day ahead inc hosp,quantile,0.975,223.0,COVID-19
DE-ST,00+,2023-01-26,2023-01-15,-11 day ahead inc hosp,mean,,212.6045,COVID-19
DE-ST,00+,2023-01-26,2023-01-16,-10 day ahead inc hosp,quantile,0.025,201.0,COVID-19
DE-ST,00+,2023-01-26,2023-01-16,-10 day ahead inc hosp,quantile,0.1,203.0,COVID-19
DE-ST,00+,2023-01-26,2023-01-16,-10 day ahead inc hosp,quantile,0.25,205.0,COVID-19
DE-ST,00+,2023-01-26,2023-01-16,-10 day ahead inc hosp,quantile,0.5,208.0,COVID-19
DE-ST,00+,2023-01-26,2023-01-16,-10 day ahead inc hosp,quantile,0.75,211.0,COVID-19
DE-ST,00+,2023-01-26,2023-01-16,-10 day ahead inc hosp,quantile,0.9,214.0,COVID-19
DE-ST,00+,2023-01-26,2023-01-16,-10 day ahead inc hosp,quantile,0.975,219.0,COVID-19
DE-ST,00+,2023-01-26,2023-01-16,-10 day ahead inc hosp,mean,,208.53875,COVID-19
DE-ST,00+,2023-01-26,2023-01-17,-9 day ahead inc hosp,quantile,0.025,146.0,COVID-19
DE-ST,00+,2023-01-26,2023-01-17,-9 day ahead inc hosp,quantile,0.1,148.0,COVID-19
DE-ST,00+,2023-01-26,2023-01-17,-9 day ahead inc hosp,quantile,0.25,151.0,COVID-19
DE-ST,00+,2023-01-26,2023-01-17,-9 day ahead inc hosp,quantile,0.5,154.0,COVID-19
DE-ST,00+,2023-01-26,2023-01-17,-9 day ahead inc hosp,quantile,0.75,157.0,COVID-19
DE-ST,00+,2023-01-26,2023-01-17,-9 day ahead inc hosp,quantile,0.9,160.0,COVID-19
DE-ST,00+,2023-01-26,2023-01-17,-9 day ahead inc hosp,quantile,0.975,164.0,COVID-19
DE-ST,00+,2023-01-26,2023-01-17,-9 day ahead inc hosp,mean,,154.00875,COVID-19
DE-ST,00+,2023-01-26,2023-01-18,-8 day ahead inc hosp,quantile,0.025,138.0,COVID-19
DE-ST,00+,2023-01-26,2023-01-18,-8 day ahead inc hosp,quantile,0.1,141.0,COVID-19
DE-ST,00+,2023-01-26,2023-01-18,-8 day ahead inc hosp,quantile,0.25,143.0,COVID-19
DE-ST,00+,2023-01-26,2023-01-18,-8 day ahead inc hosp,quantile,0.5,146.0,COVID-19
DE-ST,00+,2023-01-26,2023-01-18,-8 day ahead inc hosp,quantile,0.75,150.0,COVID-19
DE-ST,00+,2023-01-26,2023-01-18,-8 day ahead inc hosp,quantile,0.9,153.0,COVID-19
DE-ST,00+,2023-01-26,2023-01-18,-8 day ahead inc hosp,quantile,0.975,158.0,COVID-19
DE-ST,00+,2023-01-26,2023-01-18,-8 day ahead inc hosp,mean,,146.694,COVID-19
DE-ST,00+,2023-01-26,2023-01-19,-7 day ahead inc hosp,quantile,0.025,112.0,COVID-19
DE-ST,00+,2023-01-26,2023-01-19,-7 day ahead inc hosp,quantile,0.1,114.0,COVID-19
DE-ST,00+,2023-01-26,2023-01-19,-7 day ahead inc hosp,quantile,0.25,117.0,COVID-19
DE-ST,00+,2023-01-26,2023-01-19,-7 day ahead inc hosp,quantile,0.5,120.0,COVID-19
DE-ST,00+,2023-01-26,2023-01-19,-7 day ahead inc hosp,quantile,0.75,124.0,COVID-19
DE-ST,00+,2023-01-26,2023-01-19,-7 day ahead inc hosp,quantile,0.9,128.0,COVID-19
DE-ST,00+,2023-01-26,2023-01-19,-7 day ahead inc hosp,quantile,0.975,132.0,COVID-19
DE-ST,00+,2023-01-26,2023-01-19,-7 day ahead inc hosp,mean,,120.70625,COVID-19
DE-ST,00+,2023-01-26,2023-01-20,-6 day ahead inc hosp,quantile,0.025,111.0,COVID-19
DE-ST,00+,2023-01-26,2023-01-20,-6 day ahead inc hosp,quantile,0.1,113.0,COVID-19
DE-ST,00+,2023-01-26,2023-01-20,-6 day ahead inc hosp,quantile,0.25,116.0,COVID-19
DE-ST,00+,2023-01-26,2023-01-20,-6 day ahead inc hosp,quantile,0.5,119.0,COVID-19
DE-ST,00+,2023-01-26,2023-01-20,-6 day ahead inc hosp,quantile,0.75,123.0,COVID-19
DE-ST,00+,2023-01-26,2023-01-20,-6 day ahead inc hosp,quantile,0.9,127.0,COVID-19
DE-ST,00+,2023-01-26,2023-01-20,-6 day ahead inc hosp,quantile,0.975,132.0,COVID-19
DE-ST,00+,2023-01-26,2023-01-20,-6 day ahead inc hosp,mean,,119.72275,COVID-19
DE-ST,00+,2023-01-26,2023-01-21,-5 day ahead inc hosp,quantile,0.025,113.0,COVID-19
DE-ST,00+,2023-01-26,2023-01-21,-5 day ahead inc hosp,quantile,0.1,116.0,COVID-19
DE-ST,00+,2023-01-26,2023-01-21,-5 day ahead inc hosp,quantile,0.25,119.0,COVID-19
DE-ST,00+,2023-01-26,2023-01-21,-5 day ahead inc hosp,quantile,0.5,122.0,COVID-19
DE-ST,00+,2023-01-26,2023-01-21,-5 day ahead inc hosp,quantile,0.75,127.0,COVID-19
DE-ST,00+,2023-01-26,2023-01-21,-5 day ahead inc hosp,quantile,0.9,131.0,COVID-19
DE-ST,00+,2023-01-26,2023-01-21,-5 day ahead inc hosp,quantile,0.975,136.0,COVID-19
DE-ST,00+,2023-01-26,2023-01-21,-5 day ahead inc hosp,mean,,122.9685,COVID-19
DE-ST,00+,2023-01-26,2023-01-22,-4 day ahead inc hosp,quantile,0.025,111.0,COVID-19
DE-ST,00+,2023-01-26,2023-01-22,-4 day ahead inc hosp,quantile,0.1,113.90000000000003,COVID-19
DE-ST,00+,2023-01-26,2023-01-22,-4 day ahead inc hosp,quantile,0.25,116.0,COVID-19
DE-ST,00+,2023-01-26,2023-01-22,-4 day ahead inc hosp,quantile,0.5,120.0,COVID-19
DE-ST,00+,2023-01-26,2023-01-22,-4 day ahead inc hosp,quantile,0.75,124.0,COVID-19
DE-ST,00+,2023-01-26,2023-01-22,-4 day ahead inc hosp,quantile,0.9,129.0,COVID-19
DE-ST,00+,2023-01-26,2023-01-22,-4 day ahead inc hosp,quantile,0.975,134.0,COVID-19
DE-ST,00+,2023-01-26,2023-01-22,-4 day ahead inc hosp,mean,,120.73075,COVID-19
DE-ST,00+,2023-01-26,2023-01-23,-3 day ahead inc hosp,quantile,0.025,111.0,COVID-19
DE-ST,00+,2023-01-26,2023-01-23,-3 day ahead inc hosp,quantile,0.1,114.0,COVID-19
DE-ST,00+,2023-01-26,2023-01-23,-3 day ahead inc hosp,quantile,0.25,117.0,COVID-19
DE-ST,00+,2023-01-26,2023-01-23,-3 day ahead inc hosp,quantile,0.5,121.0,COVID-19
DE-ST,00+,2023-01-26,2023-01-23,-3 day ahead inc hosp,quantile,0.75,126.0,COVID-19
DE-ST,00+,2023-01-26,2023-01-23,-3 day ahead inc hosp,quantile,0.9,130.0,COVID-19
DE-ST,00+,2023-01-26,2023-01-23,-3 day ahead inc hosp,quantile,0.975,135.0,COVID-19
DE-ST,00+,2023-01-26,2023-01-23,-3 day ahead inc hosp,mean,,121.765,COVID-19
DE-ST,00+,2023-01-26,2023-01-24,-2 day ahead inc hosp,quantile,0.025,108.0,COVID-19
DE-ST,00+,2023-01-26,2023-01-24,-2 day ahead inc hosp,quantile,0.1,112.0,COVID-19
DE-ST,00+,2023-01-26,2023-01-24,-2 day ahead inc hosp,quantile,0.25,115.0,COVID-19
DE-ST,00+,2023-01-26,2023-01-24,-2 day ahead inc hosp,quantile,0.5,120.0,COVID-19
DE-ST,00+,2023-01-26,2023-01-24,-2 day ahead inc hosp,quantile,0.75,125.0,COVID-19
DE-ST,00+,2023-01-26,2023-01-24,-2 day ahead inc hosp,quantile,0.9,130.0,COVID-19
DE-ST,00+,2023-01-26,2023-01-24,-2 day ahead inc hosp,quantile,0.975,137.0,COVID-19
DE-ST,00+,2023-01-26,2023-01-24,-2 day ahead inc hosp,mean,,120.47825,COVID-19
DE-ST,00+,2023-01-26,2023-01-25,-1 day ahead inc hosp,quantile,0.025,101.0,COVID-19
DE-ST,00+,2023-01-26,2023-01-25,-1 day ahead inc hosp,quantile,0.1,105.0,COVID-19
DE-ST,00+,2023-01-26,2023-01-25,-1 day ahead inc hosp,quantile,0.25,109.0,COVID-19
DE-ST,00+,2023-01-26,2023-01-25,-1 day ahead inc hosp,quantile,0.5,114.0,COVID-19
DE-ST,00+,2023-01-26,2023-01-25,-1 day ahead inc hosp,quantile,0.75,121.0,COVID-19
DE-ST,00+,2023-01-26,2023-01-25,-1 day ahead inc hosp,quantile,0.9,128.0,COVID-19
DE-ST,00+,2023-01-26,2023-01-25,-1 day ahead inc hosp,quantile,0.975,139.0,COVID-19
DE-ST,00+,2023-01-26,2023-01-25,-1 day ahead inc hosp,mean,,115.73025,COVID-19
DE-ST,00+,2023-01-26,2023-01-26,0 day ahead inc hosp,quantile,0.025,98.0,COVID-19
DE-ST,00+,2023-01-26,2023-01-26,0 day ahead inc hosp,quantile,0.1,104.0,COVID-19
DE-ST,00+,2023-01-26,2023-01-26,0 day ahead inc hosp,quantile,0.25,110.0,COVID-19
DE-ST,00+,2023-01-26,2023-01-26,0 day ahead inc hosp,quantile,0.5,119.0,COVID-19
DE-ST,00+,2023-01-26,2023-01-26,0 day ahead inc hosp,quantile,0.75,131.0,COVID-19
DE-ST,00+,2023-01-26,2023-01-26,0 day ahead inc hosp,quantile,0.9,147.0,COVID-19
DE-ST,00+,2023-01-26,2023-01-26,0 day ahead inc hosp,quantile,0.975,172.0,COVID-19
DE-ST,00+,2023-01-26,2023-01-26,0 day ahead inc hosp,mean,,123.1185,COVID-19
DE-TH,00+,2023-01-26,2022-12-29,-28 day ahead inc hosp,quantile,0.025,286.0,COVID-19
DE-TH,00+,2023-01-26,2022-12-29,-28 day ahead inc hosp,quantile,0.1,286.0,COVID-19
DE-TH,00+,2023-01-26,2022-12-29,-28 day ahead inc hosp,quantile,0.25,286.0,COVID-19
DE-TH,00+,2023-01-26,2022-12-29,-28 day ahead inc hosp,quantile,0.5,286.0,COVID-19
DE-TH,00+,2023-01-26,2022-12-29,-28 day ahead inc hosp,quantile,0.75,286.0,COVID-19
DE-TH,00+,2023-01-26,2022-12-29,-28 day ahead inc hosp,quantile,0.9,286.0,COVID-19
DE-TH,00+,2023-01-26,2022-12-29,-28 day ahead inc hosp,quantile,0.975,287.0,COVID-19
DE-TH,00+,2023-01-26,2022-12-29,-28 day ahead inc hosp,mean,,286.0565,COVID-19
DE-TH,00+,2023-01-26,2022-12-30,-27 day ahead inc hosp,quantile,0.025,283.0,COVID-19
DE-TH,00+,2023-01-26,2022-12-30,-27 day ahead inc hosp,quantile,0.1,283.0,COVID-19
DE-TH,00+,2023-01-26,2022-12-30,-27 day ahead inc hosp,quantile,0.25,283.0,COVID-19
DE-TH,00+,2023-01-26,2022-12-30,-27 day ahead inc hosp,quantile,0.5,283.0,COVID-19
DE-TH,00+,2023-01-26,2022-12-30,-27 day ahead inc hosp,quantile,0.75,283.0,COVID-19
DE-TH,00+,2023-01-26,2022-12-30,-27 day ahead inc hosp,quantile,0.9,283.0,COVID-19
DE-TH,00+,2023-01-26,2022-12-30,-27 day ahead inc hosp,quantile,0.975,284.0,COVID-19
DE-TH,00+,2023-01-26,2022-12-30,-27 day ahead inc hosp,mean,,283.09775,COVID-19
DE-TH,00+,2023-01-26,2022-12-31,-26 day ahead inc hosp,quantile,0.025,265.0,COVID-19
DE-TH,00+,2023-01-26,2022-12-31,-26 day ahead inc hosp,quantile,0.1,265.0,COVID-19
DE-TH,00+,2023-01-26,2022-12-31,-26 day ahead inc hosp,quantile,0.25,265.0,COVID-19
DE-TH,00+,2023-01-26,2022-12-31,-26 day ahead inc hosp,quantile,0.5,265.0,COVID-19
DE-TH,00+,2023-01-26,2022-12-31,-26 day ahead inc hosp,quantile,0.75,265.0,COVID-19
DE-TH,00+,2023-01-26,2022-12-31,-26 day ahead inc hosp,quantile,0.9,266.0,COVID-19
DE-TH,00+,2023-01-26,2022-12-31,-26 day ahead inc hosp,quantile,0.975,266.0,COVID-19
DE-TH,00+,2023-01-26,2022-12-31,-26 day ahead inc hosp,mean,,265.12725,COVID-19
DE-TH,00+,2023-01-26,2023-01-01,-25 day ahead inc hosp,quantile,0.025,257.0,COVID-19
DE-TH,00+,2023-01-26,2023-01-01,-25 day ahead inc hosp,quantile,0.1,257.0,COVID-19
DE-TH,00+,2023-01-26,2023-01-01,-25 day ahead inc hosp,quantile,0.25,257.0,COVID-19
DE-TH,00+,2023-01-26,2023-01-01,-25 day ahead inc hosp,quantile,0.5,257.0,COVID-19
DE-TH,00+,2023-01-26,2023-01-01,-25 day ahead inc hosp,quantile,0.75,257.0,COVID-19
DE-TH,00+,2023-01-26,2023-01-01,-25 day ahead inc hosp,quantile,0.9,258.0,COVID-19
DE-TH,00+,2023-01-26,2023-01-01,-25 day ahead inc hosp,quantile,0.975,258.0,COVID-19
DE-TH,00+,2023-01-26,2023-01-01,-25 day ahead inc hosp,mean,,257.148,COVID-19
DE-TH,00+,2023-01-26,2023-01-02,-24 day ahead inc hosp,quantile,0.025,259.0,COVID-19
DE-TH,00+,2023-01-26,2023-01-02,-24 day ahead inc hosp,quantile,0.1,259.0,COVID-19
DE-TH,00+,2023-01-26,2023-01-02,-24 day ahead inc hosp,quantile,0.25,259.0,COVID-19
DE-TH,00+,2023-01-26,2023-01-02,-24 day ahead inc hosp,quantile,0.5,259.0,COVID-19
DE-TH,00+,2023-01-26,2023-01-02,-24 day ahead inc hosp,quantile,0.75,259.0,COVID-19
DE-TH,00+,2023-01-26,2023-01-02,-24 day ahead inc hosp,quantile,0.9,260.0,COVID-19
DE-TH,00+,2023-01-26,2023-01-02,-24 day ahead inc hosp,quantile,0.975,260.0,COVID-19
DE-TH,00+,2023-01-26,2023-01-02,-24 day ahead inc hosp,mean,,259.1845,COVID-19
DE-TH,00+,2023-01-26,2023-01-03,-23 day ahead inc hosp,quantile,0.025,347.0,COVID-19
DE-TH,00+,2023-01-26,2023-01-03,-23 day ahead inc hosp,quantile,0.1,347.0,COVID-19
DE-TH,00+,2023-01-26,2023-01-03,-23 day ahead inc hosp,quantile,0.25,347.0,COVID-19
DE-TH,00+,2023-01-26,2023-01-03,-23 day ahead inc hosp,quantile,0.5,347.0,COVID-19
DE-TH,00+,2023-01-26,2023-01-03,-23 day ahead inc hosp,quantile,0.75,348.0,COVID-19
DE-TH,00+,2023-01-26,2023-01-03,-23 day ahead inc hosp,quantile,0.9,348.0,COVID-19
DE-TH,00+,2023-01-26,2023-01-03,-23 day ahead inc hosp,quantile,0.975,349.0,COVID-19
DE-TH,00+,2023-01-26,2023-01-03,-23 day ahead inc hosp,mean,,347.43775,COVID-19
DE-TH,00+,2023-01-26,2023-01-04,-22 day ahead inc hosp,quantile,0.025,307.0,COVID-19
DE-TH,00+,2023-01-26,2023-01-04,-22 day ahead inc hosp,quantile,0.1,307.0,COVID-19
DE-TH,00+,2023-01-26,2023-01-04,-22 day ahead inc hosp,quantile,0.25,307.0,COVID-19
DE-TH,00+,2023-01-26,2023-01-04,-22 day ahead inc hosp,quantile,0.5,307.0,COVID-19
DE-TH,00+,2023-01-26,2023-01-04,-22 day ahead inc hosp,quantile,0.75,308.0,COVID-19
DE-TH,00+,2023-01-26,2023-01-04,-22 day ahead inc hosp,quantile,0.9,309.0,COVID-19
DE-TH,00+,2023-01-26,2023-01-04,-22 day ahead inc hosp,quantile,0.975,310.0,COVID-19
DE-TH,00+,2023-01-26,2023-01-04,-22 day ahead inc hosp,mean,,307.56525,COVID-19
DE-TH,00+,2023-01-26,2023-01-05,-21 day ahead inc hosp,quantile,0.025,308.0,COVID-19
DE-TH,00+,2023-01-26,2023-01-05,-21 day ahead inc hosp,quantile,0.1,308.0,COVID-19
DE-TH,00+,2023-01-26,2023-01-05,-21 day ahead inc hosp,quantile,0.25,308.0,COVID-19
DE-TH,00+,2023-01-26,2023-01-05,-21 day ahead inc hosp,quantile,0.5,309.0,COVID-19
DE-TH,00+,2023-01-26,2023-01-05,-21 day ahead inc hosp,quantile,0.75,309.0,COVID-19
DE-TH,00+,2023-01-26,2023-01-05,-21 day ahead inc hosp,quantile,0.9,310.0,COVID-19
DE-TH,00+,2023-01-26,2023-01-05,-21 day ahead inc hosp,quantile,0.975,311.0,COVID-19
DE-TH,00+,2023-01-26,2023-01-05,-21 day ahead inc hosp,mean,,308.79875,COVID-19
DE-TH,00+,2023-01-26,2023-01-06,-20 day ahead inc hosp,quantile,0.025,289.0,COVID-19
DE-TH,00+,2023-01-26,2023-01-06,-20 day ahead inc hosp,quantile,0.1,289.0,COVID-19
DE-TH,00+,2023-01-26,2023-01-06,-20 day ahead inc hosp,quantile,0.25,289.0,COVID-19
DE-TH,00+,2023-01-26,2023-01-06,-20 day ahead inc hosp,quantile,0.5,290.0,COVID-19
DE-TH,00+,2023-01-26,2023-01-06,-20 day ahead inc hosp,quantile,0.75,291.0,COVID-19
DE-TH,00+,2023-01-26,2023-01-06,-20 day ahead inc hosp,quantile,0.9,292.0,COVID-19
DE-TH,00+,2023-01-26,2023-01-06,-20 day ahead inc hosp,quantile,0.975,293.0,COVID-19
DE-TH,00+,2023-01-26,2023-01-06,-20 day ahead inc hosp,mean,,290.03775,COVID-19
DE-TH,00+,2023-01-26,2023-01-07,-19 day ahead inc hosp,quantile,0.025,287.0,COVID-19
DE-TH,00+,2023-01-26,2023-01-07,-19 day ahead inc hosp,quantile,0.1,287.0,COVID-19
DE-TH,00+,2023-01-26,2023-01-07,-19 day ahead inc hosp,quantile,0.25,287.0,COVID-19
DE-TH,00+,2023-01-26,2023-01-07,-19 day ahead inc hosp,quantile,0.5,288.0,COVID-19
DE-TH,00+,2023-01-26,2023-01-07,-19 day ahead inc hosp,quantile,0.75,289.0,COVID-19
DE-TH,00+,2023-01-26,2023-01-07,-19 day ahead inc hosp,quantile,0.9,290.0,COVID-19
DE-TH,00+,2023-01-26,2023-01-07,-19 day ahead inc hosp,quantile,0.975,291.0,COVID-19
DE-TH,00+,2023-01-26,2023-01-07,-19 day ahead inc hosp,mean,,288.24775,COVID-19
DE-TH,00+,2023-01-26,2023-01-08,-18 day ahead inc hosp,quantile,0.025,285.0,COVID-19
DE-TH,00+,2023-01-26,2023-01-08,-18 day ahead inc hosp,quantile,0.1,285.0,COVID-19
DE-TH,00+,2023-01-26,2023-01-08,-18 day ahead inc hosp,quantile,0.25,285.0,COVID-19
DE-TH,00+,2023-01-26,2023-01-08,-18 day ahead inc hosp,quantile,0.5,286.0,COVID-19
DE-TH,00+,2023-01-26,2023-01-08,-18 day ahead inc hosp,quantile,0.75,287.0,COVID-19
DE-TH,00+,2023-01-26,2023-01-08,-18 day ahead inc hosp,quantile,0.9,288.0,COVID-19
DE-TH,00+,2023-01-26,2023-01-08,-18 day ahead inc hosp,quantile,0.975,289.0,COVID-19
DE-TH,00+,2023-01-26,2023-01-08,-18 day ahead inc hosp,mean,,286.30275,COVID-19
DE-TH,00+,2023-01-26,2023-01-09,-17 day ahead inc hosp,quantile,0.025,286.0,COVID-19
DE-TH,00+,2023-01-26,2023-01-09,-17 day ahead inc hosp,quantile,0.1,286.0,COVID-19
DE-TH,00+,2023-01-26,2023-01-09,-17 day ahead inc hosp,quantile,0.25,286.0,COVID-19
DE-TH,00+,2023-01-26,2023-01-09,-17 day ahead inc hosp,quantile,0.5,287.0,COVID-19
DE-TH,00+,2023-01-26,2023-01-09,-17 day ahead inc hosp,quantile,0.75,288.0,COVID-19
DE-TH,00+,2023-01-26,2023-01-09,-17 day ahead inc hosp,quantile,0.9,289.0,COVID-19
DE-TH,00+,2023-01-26,2023-01-09,-17 day ahead inc hosp,quantile,0.975,290.0,COVID-19
DE-TH,00+,2023-01-26,2023-01-09,-17 day ahead inc hosp,mean,,287.3635,COVID-19
DE-TH,00+,2023-01-26,2023-01-10,-16 day ahead inc hosp,quantile,0.025,222.0,COVID-19
DE-TH,00+,2023-01-26,2023-01-10,-16 day ahead inc hosp,quantile,0.1,222.0,COVID-19
DE-TH,00+,2023-01-26,2023-01-10,-16 day ahead inc hosp,quantile,0.25,222.0,COVID-19
DE-TH,00+,2023-01-26,2023-01-10,-16 day ahead inc hosp,quantile,0.5,223.0,COVID-19
DE-TH,00+,2023-01-26,2023-01-10,-16 day ahead inc hosp,quantile,0.75,224.0,COVID-19
DE-TH,00+,2023-01-26,2023-01-10,-16 day ahead inc hosp,quantile,0.9,225.0,COVID-19
DE-TH,00+,2023-01-26,2023-01-10,-16 day ahead inc hosp,quantile,0.975,227.0,COVID-19
DE-TH,00+,2023-01-26,2023-01-10,-16 day ahead inc hosp,mean,,223.41475,COVID-19
DE-TH,00+,2023-01-26,2023-01-11,-15 day ahead inc hosp,quantile,0.025,203.0,COVID-19
DE-TH,00+,2023-01-26,2023-01-11,-15 day ahead inc hosp,quantile,0.1,203.0,COVID-19
DE-TH,00+,2023-01-26,2023-01-11,-15 day ahead inc hosp,quantile,0.25,204.0,COVID-19
DE-TH,00+,2023-01-26,2023-01-11,-15 day ahead inc hosp,quantile,0.5,205.0,COVID-19
DE-TH,00+,2023-01-26,2023-01-11,-15 day ahead inc hosp,quantile,0.75,206.0,COVID-19
DE-TH,00+,2023-01-26,2023-01-11,-15 day ahead inc hosp,quantile,0.9,207.0,COVID-19
DE-TH,00+,2023-01-26,2023-01-11,-15 day ahead inc hosp,quantile,0.975,208.0,COVID-19
DE-TH,00+,2023-01-26,2023-01-11,-15 day ahead inc hosp,mean,,204.7235,COVID-19
DE-TH,00+,2023-01-26,2023-01-12,-14 day ahead inc hosp,quantile,0.025,181.0,COVID-19
DE-TH,00+,2023-01-26,2023-01-12,-14 day ahead inc hosp,quantile,0.1,181.0,COVID-19
DE-TH,00+,2023-01-26,2023-01-12,-14 day ahead inc hosp,quantile,0.25,182.0,COVID-19
DE-TH,00+,2023-01-26,2023-01-12,-14 day ahead inc hosp,quantile,0.5,183.0,COVID-19
DE-TH,00+,2023-01-26,2023-01-12,-14 day ahead inc hosp,quantile,0.75,184.0,COVID-19
DE-TH,00+,2023-01-26,2023-01-12,-14 day ahead inc hosp,quantile,0.9,185.0,COVID-19
DE-TH,00+,2023-01-26,2023-01-12,-14 day ahead inc hosp,quantile,0.975,187.0,COVID-19
DE-TH,00+,2023-01-26,2023-01-12,-14 day ahead inc hosp,mean,,183.1145,COVID-19
DE-TH,00+,2023-01-26,2023-01-13,-13 day ahead inc hosp,quantile,0.025,167.0,COVID-19
DE-TH,00+,2023-01-26,2023-01-13,-13 day ahead inc hosp,quantile,0.1,167.0,COVID-19
DE-TH,00+,2023-01-26,2023-01-13,-13 day ahead inc hosp,quantile,0.25,168.0,COVID-19
DE-TH,00+,2023-01-26,2023-01-13,-13 day ahead inc hosp,quantile,0.5,169.0,COVID-19
DE-TH,00+,2023-01-26,2023-01-13,-13 day ahead inc hosp,quantile,0.75,170.0,COVID-19
DE-TH,00+,2023-01-26,2023-01-13,-13 day ahead inc hosp,quantile,0.9,172.0,COVID-19
DE-TH,00+,2023-01-26,2023-01-13,-13 day ahead inc hosp,quantile,0.975,173.0,COVID-19
DE-TH,00+,2023-01-26,2023-01-13,-13 day ahead inc hosp,mean,,169.45575,COVID-19
DE-TH,00+,2023-01-26,2023-01-14,-12 day ahead inc hosp,quantile,0.025,158.0,COVID-19
DE-TH,00+,2023-01-26,2023-01-14,-12 day ahead inc hosp,quantile,0.1,159.0,COVID-19
DE-TH,00+,2023-01-26,2023-01-14,-12 day ahead inc hosp,quantile,0.25,160.0,COVID-19
DE-TH,00+,2023-01-26,2023-01-14,-12 day ahead inc hosp,quantile,0.5,161.0,COVID-19
DE-TH,00+,2023-01-26,2023-01-14,-12 day ahead inc hosp,quantile,0.75,162.0,COVID-19
DE-TH,00+,2023-01-26,2023-01-14,-12 day ahead inc hosp,quantile,0.9,163.0,COVID-19
DE-TH,00+,2023-01-26,2023-01-14,-12 day ahead inc hosp,quantile,0.975,165.0,COVID-19
DE-TH,00+,2023-01-26,2023-01-14,-12 day ahead inc hosp,mean,,160.85025,COVID-19
DE-TH,00+,2023-01-26,2023-01-15,-11 day ahead inc hosp,quantile,0.025,157.0,COVID-19
DE-TH,00+,2023-01-26,2023-01-15,-11 day ahead inc hosp,quantile,0.1,158.0,COVID-19
DE-TH,00+,2023-01-26,2023-01-15,-11 day ahead inc hosp,quantile,0.25,159.0,COVID-19
DE-TH,00+,2023-01-26,2023-01-15,-11 day ahead inc hosp,quantile,0.5,160.0,COVID-19
DE-TH,00+,2023-01-26,2023-01-15,-11 day ahead inc hosp,quantile,0.75,161.0,COVID-19
DE-TH,00+,2023-01-26,2023-01-15,-11 day ahead inc hosp,quantile,0.9,163.0,COVID-19
DE-TH,00+,2023-01-26,2023-01-15,-11 day ahead inc hosp,quantile,0.975,164.0,COVID-19
DE-TH,00+,2023-01-26,2023-01-15,-11 day ahead inc hosp,mean,,160.098,COVID-19
DE-TH,00+,2023-01-26,2023-01-16,-10 day ahead inc hosp,quantile,0.025,150.0,COVID-19
DE-TH,00+,2023-01-26,2023-01-16,-10 day ahead inc hosp,quantile,0.1,151.0,COVID-19
DE-TH,00+,2023-01-26,2023-01-16,-10 day ahead inc hosp,quantile,0.25,152.0,COVID-19
DE-TH,00+,2023-01-26,2023-01-16,-10 day ahead inc hosp,quantile,0.5,153.0,COVID-19
DE-TH,00+,2023-01-26,2023-01-16,-10 day ahead inc hosp,quantile,0.75,154.0,COVID-19
DE-TH,00+,2023-01-26,2023-01-16,-10 day ahead inc hosp,quantile,0.9,156.0,COVID-19
DE-TH,00+,2023-01-26,2023-01-16,-10 day ahead inc hosp,quantile,0.975,158.0,COVID-19
DE-TH,00+,2023-01-26,2023-01-16,-10 day ahead inc hosp,mean,,153.2485,COVID-19
DE-TH,00+,2023-01-26,2023-01-17,-9 day ahead inc hosp,quantile,0.025,144.0,COVID-19
DE-TH,00+,2023-01-26,2023-01-17,-9 day ahead inc hosp,quantile,0.1,145.0,COVID-19
DE-TH,00+,2023-01-26,2023-01-17,-9 day ahead inc hosp,quantile,0.25,146.0,COVID-19
DE-TH,00+,2023-01-26,2023-01-17,-9 day ahead inc hosp,quantile,0.5,148.0,COVID-19
DE-TH,00+,2023-01-26,2023-01-17,-9 day ahead inc hosp,quantile,0.75,149.0,COVID-19
DE-TH,00+,2023-01-26,2023-01-17,-9 day ahead inc hosp,quantile,0.9,151.0,COVID-19
DE-TH,00+,2023-01-26,2023-01-17,-9 day ahead inc hosp,quantile,0.975,153.0,COVID-19
DE-TH,00+,2023-01-26,2023-01-17,-9 day ahead inc hosp,mean,,147.84725,COVID-19
DE-TH,00+,2023-01-26,2023-01-18,-8 day ahead inc hosp,quantile,0.025,135.0,COVID-19
DE-TH,00+,2023-01-26,2023-01-18,-8 day ahead inc hosp,quantile,0.1,136.0,COVID-19
DE-TH,00+,2023-01-26,2023-01-18,-8 day ahead inc hosp,quantile,0.25,137.0,COVID-19
DE-TH,00+,2023-01-26,2023-01-18,-8 day ahead inc hosp,quantile,0.5,138.0,COVID-19
DE-TH,00+,2023-01-26,2023-01-18,-8 day ahead inc hosp,quantile,0.75,140.0,COVID-19
DE-TH,00+,2023-01-26,2023-01-18,-8 day ahead inc hosp,quantile,0.9,142.0,COVID-19
DE-TH,00+,2023-01-26,2023-01-18,-8 day ahead inc hosp,quantile,0.975,144.0,COVID-19
DE-TH,00+,2023-01-26,2023-01-18,-8 day ahead inc hosp,mean,,138.5075,COVID-19
DE-TH,00+,2023-01-26,2023-01-19,-7 day ahead inc hosp,quantile,0.025,117.0,COVID-19
DE-TH,00+,2023-01-26,2023-01-19,-7 day ahead inc hosp,quantile,0.1,118.0,COVID-19
DE-TH,00+,2023-01-26,2023-01-19,-7 day ahead inc hosp,quantile,0.25,119.0,COVID-19
DE-TH,00+,2023-01-26,2023-01-19,-7 day ahead inc hosp,quantile,0.5,121.0,COVID-19
DE-TH,00+,2023-01-26,2023-01-19,-7 day ahead inc hosp,quantile,0.75,122.0,COVID-19
DE-TH,00+,2023-01-26,2023-01-19,-7 day ahead inc hosp,quantile,0.9,124.0,COVID-19
DE-TH,00+,2023-01-26,2023-01-19,-7 day ahead inc hosp,quantile,0.975,126.0,COVID-19
DE-TH,00+,2023-01-26,2023-01-19,-7 day ahead inc hosp,mean,,120.84225,COVID-19
DE-TH,00+,2023-01-26,2023-01-20,-6 day ahead inc hosp,quantile,0.025,106.0,COVID-19
DE-TH,00+,2023-01-26,2023-01-20,-6 day ahead inc hosp,quantile,0.1,108.0,COVID-19
DE-TH,00+,2023-01-26,2023-01-20,-6 day ahead inc hosp,quantile,0.25,109.0,COVID-19
DE-TH,00+,2023-01-26,2023-01-20,-6 day ahead inc hosp,quantile,0.5,111.0,COVID-19
DE-TH,00+,2023-01-26,2023-01-20,-6 day ahead inc hosp,quantile,0.75,113.0,COVID-19
DE-TH,00+,2023-01-26,2023-01-20,-6 day ahead inc hosp,quantile,0.9,115.0,COVID-19
DE-TH,00+,2023-01-26,2023-01-20,-6 day ahead inc hosp,quantile,0.975,117.0,COVID-19
DE-TH,00+,2023-01-26,2023-01-20,-6 day ahead inc hosp,mean,,111.00225,COVID-19
DE-TH,00+,2023-01-26,2023-01-21,-5 day ahead inc hosp,quantile,0.025,102.0,COVID-19
DE-TH,00+,2023-01-26,2023-01-21,-5 day ahead inc hosp,quantile,0.1,104.0,COVID-19
DE-TH,00+,2023-01-26,2023-01-21,-5 day ahead inc hosp,quantile,0.25,105.0,COVID-19
DE-TH,00+,2023-01-26,2023-01-21,-5 day ahead inc hosp,quantile,0.5,107.0,COVID-19
DE-TH,00+,2023-01-26,2023-01-21,-5 day ahead inc hosp,quantile,0.75,110.0,COVID-19
DE-TH,00+,2023-01-26,2023-01-21,-5 day ahead inc hosp,quantile,0.9,112.0,COVID-19
DE-TH,00+,2023-01-26,2023-01-21,-5 day ahead inc hosp,quantile,0.975,115.0,COVID-19
DE-TH,00+,2023-01-26,2023-01-21,-5 day ahead inc hosp,mean,,107.619,COVID-19
DE-TH,00+,2023-01-26,2023-01-22,-4 day ahead inc hosp,quantile,0.025,102.0,COVID-19
DE-TH,00+,2023-01-26,2023-01-22,-4 day ahead inc hosp,quantile,0.1,104.0,COVID-19
DE-TH,00+,2023-01-26,2023-01-22,-4 day ahead inc hosp,quantile,0.25,105.0,COVID-19
DE-TH,00+,2023-01-26,2023-01-22,-4 day ahead inc hosp,quantile,0.5,108.0,COVID-19
DE-TH,00+,2023-01-26,2023-01-22,-4 day ahead inc hosp,quantile,0.75,110.0,COVID-19
DE-TH,00+,2023-01-26,2023-01-22,-4 day ahead inc hosp,quantile,0.9,113.0,COVID-19
DE-TH,00+,2023-01-26,2023-01-22,-4 day ahead inc hosp,quantile,0.975,116.0,COVID-19
DE-TH,00+,2023-01-26,2023-01-22,-4 day ahead inc hosp,mean,,107.93225,COVID-19
DE-TH,00+,2023-01-26,2023-01-23,-3 day ahead inc hosp,quantile,0.025,101.0,COVID-19
DE-TH,00+,2023-01-26,2023-01-23,-3 day ahead inc hosp,quantile,0.1,103.0,COVID-19
DE-TH,00+,2023-01-26,2023-01-23,-3 day ahead inc hosp,quantile,0.25,105.0,COVID-19
DE-TH,00+,2023-01-26,2023-01-23,-3 day ahead inc hosp,quantile,0.5,108.0,COVID-19
DE-TH,00+,2023-01-26,2023-01-23,-3 day ahead inc hosp,quantile,0.75,111.0,COVID-19
DE-TH,00+,2023-01-26,2023-01-23,-3 day ahead inc hosp,quantile,0.9,114.0,COVID-19
DE-TH,00+,2023-01-26,2023-01-23,-3 day ahead inc hosp,quantile,0.975,117.0,COVID-19
DE-TH,00+,2023-01-26,2023-01-23,-3 day ahead inc hosp,mean,,108.1875,COVID-19
DE-TH,00+,2023-01-26,2023-01-24,-2 day ahead inc hosp,quantile,0.025,100.0,COVID-19
DE-TH,00+,2023-01-26,2023-01-24,-2 day ahead inc hosp,quantile,0.1,102.0,COVID-19
DE-TH,00+,2023-01-26,2023-01-24,-2 day ahead inc hosp,quantile,0.25,104.0,COVID-19
DE-TH,00+,2023-01-26,2023-01-24,-2 day ahead inc hosp,quantile,0.5,107.0,COVID-19
DE-TH,00+,2023-01-26,2023-01-24,-2 day ahead inc hosp,quantile,0.75,111.0,COVID-19
DE-TH,00+,2023-01-26,2023-01-24,-2 day ahead inc hosp,quantile,0.9,114.0,COVID-19
DE-TH,00+,2023-01-26,2023-01-24,-2 day ahead inc hosp,quantile,0.975,119.0,COVID-19
DE-TH,00+,2023-01-26,2023-01-24,-2 day ahead inc hosp,mean,,107.6245,COVID-19
DE-TH,00+,2023-01-26,2023-01-25,-1 day ahead inc hosp,quantile,0.025,86.0,COVID-19
DE-TH,00+,2023-01-26,2023-01-25,-1 day ahead inc hosp,quantile,0.1,89.0,COVID-19
DE-TH,00+,2023-01-26,2023-01-25,-1 day ahead inc hosp,quantile,0.25,92.0,COVID-19
DE-TH,00+,2023-01-26,2023-01-25,-1 day ahead inc hosp,quantile,0.5,96.0,COVID-19
DE-TH,00+,2023-01-26,2023-01-25,-1 day ahead inc hosp,quantile,0.75,100.0,COVID-19
DE-TH,00+,2023-01-26,2023-01-25,-1 day ahead inc hosp,quantile,0.9,104.0,COVID-19
DE-TH,00+,2023-01-26,2023-01-25,-1 day ahead inc hosp,quantile,0.975,109.0,COVID-19
DE-TH,00+,2023-01-26,2023-01-25,-1 day ahead inc hosp,mean,,96.2815,COVID-19
DE-TH,00+,2023-01-26,2023-01-26,0 day ahead inc hosp,quantile,0.025,87.0,COVID-19
DE-TH,00+,2023-01-26,2023-01-26,0 day ahead inc hosp,quantile,0.1,91.0,COVID-19
DE-TH,00+,2023-01-26,2023-01-26,0 day ahead inc hosp,quantile,0.25,95.0,COVID-19
DE-TH,00+,2023-01-26,2023-01-26,0 day ahead inc hosp,quantile,0.5,101.0,COVID-19
DE-TH,00+,2023-01-26,2023-01-26,0 day ahead inc hosp,quantile,0.75,108.0,COVID-19
DE-TH,00+,2023-01-26,2023-01-26,0 day ahead inc hosp,quantile,0.9,117.0,COVID-19
DE-TH,00+,2023-01-26,2023-01-26,0 day ahead inc hosp,quantile,0.975,131.0,COVID-19
DE-TH,00+,2023-01-26,2023-01-26,0 day ahead inc hosp,mean,,102.88775,COVID-19
