model,target_type,forecast_date,target_end_date,location,age_group,pathogen,mean,q0.025,q0.1,q0.25,q0.5,q0.75,q0.9,q0.975,retrospective
KIT-simple_nowcast,hosp,2024-05-08,2024-04-10,DE,00+,COVID-19,273.0,269.0,270.0,271.0,272.0,274.0,276.0,278.0,False
KIT-simple_nowcast,hosp,2024-05-08,2024-04-10,DE,00-04,COVID-19,9.0,9.0,9.0,9.0,9.0,9.0,9.0,9.0,False
KIT-simple_nowcast,hosp,2024-05-08,2024-04-10,DE,05-14,COVID-19,2.0,2.0,2.0,2.0,2.0,2.0,2.0,2.0,False
KIT-simple_nowcast,hosp,2024-05-08,2024-04-10,DE,15-34,COVID-19,7.0,7.0,7.0,7.0,7.0,7.0,7.0,7.0,False
KIT-simple_nowcast,hosp,2024-05-08,2024-04-10,DE,35-59,COVID-19,30.0,29.0,29.0,29.0,29.0,30.0,31.0,32.0,False
KIT-simple_nowcast,hosp,2024-05-08,2024-04-10,DE,60-79,COVID-19,90.0,89.0,89.0,89.0,90.0,91.0,92.0,93.0,False
KIT-simple_nowcast,hosp,2024-05-08,2024-04-10,DE,80+,COVID-19,135.0,133.0,133.0,134.0,135.0,136.0,137.0,139.0,False
KIT-simple_nowcast,hosp,2024-05-08,2024-04-10,DE-BB,00+,COVID-19,19.0,19.0,19.0,19.0,19.0,19.0,19.0,19.0,False
KIT-simple_nowcast,hosp,2024-05-08,2024-04-10,DE-BE,00+,COVID-19,13.0,13.0,13.0,13.0,13.0,13.0,13.0,13.0,False
KIT-simple_nowcast,hosp,2024-05-08,2024-04-10,DE-BW,00+,COVID-19,14.0,13.0,13.0,13.0,13.0,14.0,15.0,17.0,False
KIT-simple_nowcast,hosp,2024-05-08,2024-04-10,DE-BY,00+,COVID-19,31.0,31.0,31.0,31.0,31.0,31.0,31.0,31.0,False
KIT-simple_nowcast,hosp,2024-05-08,2024-04-10,DE-HB,00+,COVID-19,9.0,9.0,9.0,9.0,9.0,9.0,9.0,9.0,False
KIT-simple_nowcast,hosp,2024-05-08,2024-04-10,DE-HE,00+,COVID-19,34.0,34.0,34.0,34.0,34.0,35.0,35.0,36.0,False
KIT-simple_nowcast,hosp,2024-05-08,2024-04-10,DE-HH,00+,COVID-19,7.0,7.0,7.0,7.0,7.0,7.0,7.0,7.0,False
KIT-simple_nowcast,hosp,2024-05-08,2024-04-10,DE-MV,00+,COVID-19,8.0,8.0,8.0,8.0,8.0,8.0,8.0,8.0,False
KIT-simple_nowcast,hosp,2024-05-08,2024-04-10,DE-NI,00+,COVID-19,29.0,29.0,29.0,29.0,29.0,30.0,30.0,31.0,False
KIT-simple_nowcast,hosp,2024-05-08,2024-04-10,DE-NW,00+,COVID-19,61.0,60.0,60.0,60.0,60.0,62.0,64.0,69.0,False
KIT-simple_nowcast,hosp,2024-05-08,2024-04-10,DE-RP,00+,COVID-19,15.0,15.0,15.0,15.0,15.0,15.0,15.0,15.0,False
KIT-simple_nowcast,hosp,2024-05-08,2024-04-10,DE-SH,00+,COVID-19,12.0,12.0,12.0,12.0,12.0,12.0,12.0,12.0,False
KIT-simple_nowcast,hosp,2024-05-08,2024-04-10,DE-SL,00+,COVID-19,1.0,1.0,1.0,1.0,1.0,1.0,1.0,1.0,False
KIT-simple_nowcast,hosp,2024-05-08,2024-04-10,DE-SN,00+,COVID-19,5.0,5.0,5.0,5.0,5.0,5.0,6.0,7.0,False
KIT-simple_nowcast,hosp,2024-05-08,2024-04-10,DE-ST,00+,COVID-19,10.0,10.0,10.0,10.0,10.0,10.0,10.0,10.0,False
KIT-simple_nowcast,hosp,2024-05-08,2024-04-10,DE-TH,00+,COVID-19,3.0,3.0,3.0,3.0,3.0,3.0,3.0,3.0,False
KIT-simple_nowcast,hosp,2024-05-08,2024-04-11,DE,00+,COVID-19,266.0,262.0,263.0,264.0,266.0,267.0,269.0,271.0,False
KIT-simple_nowcast,hosp,2024-05-08,2024-04-11,DE,00-04,COVID-19,9.0,9.0,9.0,9.0,9.0,9.0,9.0,9.0,False
KIT-simple_nowcast,hosp,2024-05-08,2024-04-11,DE,05-14,COVID-19,2.0,2.0,2.0,2.0,2.0,2.0,2.0,2.0,False
KIT-simple_nowcast,hosp,2024-05-08,2024-04-11,DE,15-34,COVID-19,7.0,7.0,7.0,7.0,7.0,7.0,7.0,7.0,False
KIT-simple_nowcast,hosp,2024-05-08,2024-04-11,DE,35-59,COVID-19,28.0,27.0,27.0,27.0,27.0,28.0,29.0,30.0,False
KIT-simple_nowcast,hosp,2024-05-08,2024-04-11,DE,60-79,COVID-19,95.0,94.0,94.0,95.0,95.0,96.0,97.0,98.0,False
KIT-simple_nowcast,hosp,2024-05-08,2024-04-11,DE,80+,COVID-19,126.0,124.0,124.0,125.0,126.0,127.0,129.0,130.0,False
KIT-simple_nowcast,hosp,2024-05-08,2024-04-11,DE-BB,00+,COVID-19,18.0,18.0,18.0,18.0,18.0,18.0,18.0,18.0,False
KIT-simple_nowcast,hosp,2024-05-08,2024-04-11,DE-BE,00+,COVID-19,11.0,11.0,11.0,11.0,11.0,11.0,11.0,11.0,False
KIT-simple_nowcast,hosp,2024-05-08,2024-04-11,DE-BW,00+,COVID-19,14.0,13.0,13.0,13.0,13.0,14.0,15.0,17.0,False
KIT-simple_nowcast,hosp,2024-05-08,2024-04-11,DE-BY,00+,COVID-19,32.0,32.0,32.0,32.0,32.0,32.0,32.0,32.0,False
KIT-simple_nowcast,hosp,2024-05-08,2024-04-11,DE-HB,00+,COVID-19,10.0,10.0,10.0,10.0,10.0,10.0,10.0,10.0,False
KIT-simple_nowcast,hosp,2024-05-08,2024-04-11,DE-HE,00+,COVID-19,38.0,37.0,37.0,37.0,37.0,38.0,39.0,40.0,False
KIT-simple_nowcast,hosp,2024-05-08,2024-04-11,DE-HH,00+,COVID-19,9.0,9.0,9.0,9.0,9.0,9.0,9.0,9.0,False
KIT-simple_nowcast,hosp,2024-05-08,2024-04-11,DE-MV,00+,COVID-19,9.0,9.0,9.0,9.0,9.0,9.0,9.0,9.0,False
KIT-simple_nowcast,hosp,2024-05-08,2024-04-11,DE-NI,00+,COVID-19,28.0,28.0,28.0,28.0,28.0,29.0,29.0,30.0,False
KIT-simple_nowcast,hosp,2024-05-08,2024-04-11,DE-NW,00+,COVID-19,53.0,52.0,52.0,52.0,52.0,54.0,56.0,60.0,False
KIT-simple_nowcast,hosp,2024-05-08,2024-04-11,DE-RP,00+,COVID-19,12.0,12.0,12.0,12.0,12.0,12.0,12.0,12.0,False
KIT-simple_nowcast,hosp,2024-05-08,2024-04-11,DE-SH,00+,COVID-19,15.0,15.0,15.0,15.0,15.0,15.0,15.0,15.0,False
KIT-simple_nowcast,hosp,2024-05-08,2024-04-11,DE-SL,00+,COVID-19,1.0,1.0,1.0,1.0,1.0,1.0,1.0,1.0,False
KIT-simple_nowcast,hosp,2024-05-08,2024-04-11,DE-SN,00+,COVID-19,2.0,2.0,2.0,2.0,2.0,2.0,3.0,4.0,False
KIT-simple_nowcast,hosp,2024-05-08,2024-04-11,DE-ST,00+,COVID-19,8.0,8.0,8.0,8.0,8.0,8.0,8.0,8.0,False
KIT-simple_nowcast,hosp,2024-05-08,2024-04-11,DE-TH,00+,COVID-19,5.0,5.0,5.0,5.0,5.0,5.0,5.0,5.0,False
KIT-simple_nowcast,hosp,2024-05-08,2024-04-12,DE,00+,COVID-19,245.0,241.0,242.0,243.0,245.0,246.0,248.0,250.0,False
KIT-simple_nowcast,hosp,2024-05-08,2024-04-12,DE,00-04,COVID-19,10.0,10.0,10.0,10.0,10.0,10.0,10.0,10.0,False
KIT-simple_nowcast,hosp,2024-05-08,2024-04-12,DE,05-14,COVID-19,2.0,2.0,2.0,2.0,2.0,2.0,2.0,2.0,False
KIT-simple_nowcast,hosp,2024-05-08,2024-04-12,DE,15-34,COVID-19,6.0,6.0,6.0,6.0,6.0,6.0,6.0,6.0,False
KIT-simple_nowcast,hosp,2024-05-08,2024-04-12,DE,35-59,COVID-19,25.0,24.0,24.0,24.0,24.0,25.0,26.0,27.0,False
KIT-simple_nowcast,hosp,2024-05-08,2024-04-12,DE,60-79,COVID-19,87.0,86.0,86.0,87.0,87.0,88.0,89.0,90.0,False
KIT-simple_nowcast,hosp,2024-05-08,2024-04-12,DE,80+,COVID-19,116.0,114.0,114.0,115.0,116.0,117.0,119.0,121.0,False
KIT-simple_nowcast,hosp,2024-05-08,2024-04-12,DE-BB,00+,COVID-19,15.0,15.0,15.0,15.0,15.0,15.0,15.0,15.0,False
KIT-simple_nowcast,hosp,2024-05-08,2024-04-12,DE-BE,00+,COVID-19,4.0,4.0,4.0,4.0,4.0,4.0,4.0,4.0,False
KIT-simple_nowcast,hosp,2024-05-08,2024-04-12,DE-BW,00+,COVID-19,14.0,13.0,13.0,13.0,14.0,14.0,16.0,17.0,False
KIT-simple_nowcast,hosp,2024-05-08,2024-04-12,DE-BY,00+,COVID-19,30.0,30.0,30.0,30.0,30.0,30.0,30.0,30.0,False
KIT-simple_nowcast,hosp,2024-05-08,2024-04-12,DE-HB,00+,COVID-19,4.0,4.0,4.0,4.0,4.0,4.0,4.0,4.0,False
KIT-simple_nowcast,hosp,2024-05-08,2024-04-12,DE-HE,00+,COVID-19,36.0,35.0,35.0,35.0,35.0,36.0,37.0,38.0,False
KIT-simple_nowcast,hosp,2024-05-08,2024-04-12,DE-HH,00+,COVID-19,11.0,11.0,11.0,11.0,11.0,11.0,11.0,11.0,False
KIT-simple_nowcast,hosp,2024-05-08,2024-04-12,DE-MV,00+,COVID-19,7.0,7.0,7.0,7.0,7.0,7.0,7.0,7.0,False
KIT-simple_nowcast,hosp,2024-05-08,2024-04-12,DE-NI,00+,COVID-19,28.0,28.0,28.0,28.0,28.0,29.0,29.0,30.0,False
KIT-simple_nowcast,hosp,2024-05-08,2024-04-12,DE-NW,00+,COVID-19,61.0,59.0,59.0,59.0,59.0,61.0,64.0,69.0,False
KIT-simple_nowcast,hosp,2024-05-08,2024-04-12,DE-RP,00+,COVID-19,10.0,10.0,10.0,10.0,10.0,10.0,10.0,10.0,False
KIT-simple_nowcast,hosp,2024-05-08,2024-04-12,DE-SH,00+,COVID-19,9.0,9.0,9.0,9.0,9.0,9.0,9.0,9.0,False
KIT-simple_nowcast,hosp,2024-05-08,2024-04-12,DE-SL,00+,COVID-19,2.0,2.0,2.0,2.0,2.0,2.0,2.0,2.0,False
KIT-simple_nowcast,hosp,2024-05-08,2024-04-12,DE-SN,00+,COVID-19,3.0,3.0,3.0,3.0,3.0,3.0,4.0,5.0,False
KIT-simple_nowcast,hosp,2024-05-08,2024-04-12,DE-ST,00+,COVID-19,6.0,6.0,6.0,6.0,6.0,6.0,6.0,6.0,False
KIT-simple_nowcast,hosp,2024-05-08,2024-04-12,DE-TH,00+,COVID-19,5.0,5.0,5.0,5.0,5.0,5.0,5.0,5.0,False
KIT-simple_nowcast,hosp,2024-05-08,2024-04-13,DE,00+,COVID-19,242.0,238.0,239.0,240.0,242.0,244.0,246.0,248.0,False
KIT-simple_nowcast,hosp,2024-05-08,2024-04-13,DE,00-04,COVID-19,10.0,10.0,10.0,10.0,10.0,10.0,10.0,10.0,False
KIT-simple_nowcast,hosp,2024-05-08,2024-04-13,DE,05-14,COVID-19,2.0,2.0,2.0,2.0,2.0,2.0,2.0,2.0,False
KIT-simple_nowcast,hosp,2024-05-08,2024-04-13,DE,15-34,COVID-19,6.0,6.0,6.0,6.0,6.0,6.0,6.0,6.0,False
KIT-simple_nowcast,hosp,2024-05-08,2024-04-13,DE,35-59,COVID-19,27.0,26.0,26.0,26.0,26.0,27.0,28.0,29.0,False
KIT-simple_nowcast,hosp,2024-05-08,2024-04-13,DE,60-79,COVID-19,93.0,91.0,91.0,92.0,93.0,93.0,94.0,96.0,False
KIT-simple_nowcast,hosp,2024-05-08,2024-04-13,DE,80+,COVID-19,106.0,104.0,104.0,105.0,106.0,107.0,109.0,111.0,False
KIT-simple_nowcast,hosp,2024-05-08,2024-04-13,DE-BB,00+,COVID-19,14.0,14.0,14.0,14.0,14.0,14.0,14.0,14.0,False
KIT-simple_nowcast,hosp,2024-05-08,2024-04-13,DE-BE,00+,COVID-19,5.0,5.0,5.0,5.0,5.0,5.0,5.0,5.0,False
KIT-simple_nowcast,hosp,2024-05-08,2024-04-13,DE-BW,00+,COVID-19,13.0,12.0,12.0,12.0,13.0,14.0,15.0,16.0,False
KIT-simple_nowcast,hosp,2024-05-08,2024-04-13,DE-BY,00+,COVID-19,35.0,35.0,35.0,35.0,35.0,35.0,35.0,35.0,False
KIT-simple_nowcast,hosp,2024-05-08,2024-04-13,DE-HB,00+,COVID-19,3.0,3.0,3.0,3.0,3.0,3.0,3.0,3.0,False
KIT-simple_nowcast,hosp,2024-05-08,2024-04-13,DE-HE,00+,COVID-19,31.0,30.0,30.0,30.0,30.0,31.0,32.0,33.0,False
KIT-simple_nowcast,hosp,2024-05-08,2024-04-13,DE-HH,00+,COVID-19,11.0,11.0,11.0,11.0,11.0,11.0,11.0,11.0,False
KIT-simple_nowcast,hosp,2024-05-08,2024-04-13,DE-MV,00+,COVID-19,4.0,4.0,4.0,4.0,4.0,4.0,4.0,4.0,False
KIT-simple_nowcast,hosp,2024-05-08,2024-04-13,DE-NI,00+,COVID-19,29.0,29.0,29.0,29.0,29.0,30.0,30.0,31.0,False
KIT-simple_nowcast,hosp,2024-05-08,2024-04-13,DE-NW,00+,COVID-19,61.0,59.0,59.0,59.0,59.0,61.0,64.0,69.0,False
KIT-simple_nowcast,hosp,2024-05-08,2024-04-13,DE-RP,00+,COVID-19,9.0,9.0,9.0,9.0,9.0,9.0,9.0,9.0,False
KIT-simple_nowcast,hosp,2024-05-08,2024-04-13,DE-SH,00+,COVID-19,13.0,13.0,13.0,13.0,13.0,13.0,13.0,13.0,False
KIT-simple_nowcast,hosp,2024-05-08,2024-04-13,DE-SL,00+,COVID-19,2.0,2.0,2.0,2.0,2.0,2.0,2.0,2.0,False
KIT-simple_nowcast,hosp,2024-05-08,2024-04-13,DE-SN,00+,COVID-19,4.0,4.0,4.0,4.0,4.0,5.0,5.0,7.0,False
KIT-simple_nowcast,hosp,2024-05-08,2024-04-13,DE-ST,00+,COVID-19,3.0,3.0,3.0,3.0,3.0,3.0,3.0,3.0,False
KIT-simple_nowcast,hosp,2024-05-08,2024-04-13,DE-TH,00+,COVID-19,5.0,5.0,5.0,5.0,5.0,5.0,5.0,5.0,False
KIT-simple_nowcast,hosp,2024-05-08,2024-04-14,DE,00+,COVID-19,239.0,235.0,236.0,237.0,239.0,241.0,243.0,245.0,False
KIT-simple_nowcast,hosp,2024-05-08,2024-04-14,DE,00-04,COVID-19,10.0,10.0,10.0,10.0,10.0,10.0,10.0,10.0,False
KIT-simple_nowcast,hosp,2024-05-08,2024-04-14,DE,05-14,COVID-19,2.0,2.0,2.0,2.0,2.0,2.0,2.0,2.0,False
KIT-simple_nowcast,hosp,2024-05-08,2024-04-14,DE,15-34,COVID-19,6.0,6.0,6.0,6.0,6.0,6.0,6.0,6.0,False
KIT-simple_nowcast,hosp,2024-05-08,2024-04-14,DE,35-59,COVID-19,26.0,25.0,25.0,25.0,25.0,26.0,27.0,28.0,False
KIT-simple_nowcast,hosp,2024-05-08,2024-04-14,DE,60-79,COVID-19,93.0,91.0,91.0,92.0,93.0,93.0,94.0,96.0,False
KIT-simple_nowcast,hosp,2024-05-08,2024-04-14,DE,80+,COVID-19,104.0,102.0,102.0,103.0,104.0,105.0,107.0,109.0,False
KIT-simple_nowcast,hosp,2024-05-08,2024-04-14,DE-BB,00+,COVID-19,13.0,13.0,13.0,13.0,13.0,13.0,13.0,13.0,False
KIT-simple_nowcast,hosp,2024-05-08,2024-04-14,DE-BE,00+,COVID-19,5.0,5.0,5.0,5.0,5.0,5.0,5.0,5.0,False
KIT-simple_nowcast,hosp,2024-05-08,2024-04-14,DE-BW,00+,COVID-19,12.0,11.0,11.0,11.0,12.0,12.0,13.0,15.0,False
KIT-simple_nowcast,hosp,2024-05-08,2024-04-14,DE-BY,00+,COVID-19,35.0,35.0,35.0,35.0,35.0,35.0,35.0,35.0,False
KIT-simple_nowcast,hosp,2024-05-08,2024-04-14,DE-HB,00+,COVID-19,3.0,3.0,3.0,3.0,3.0,3.0,3.0,3.0,False
KIT-simple_nowcast,hosp,2024-05-08,2024-04-14,DE-HE,00+,COVID-19,31.0,30.0,30.0,30.0,30.0,31.0,32.0,33.0,False
KIT-simple_nowcast,hosp,2024-05-08,2024-04-14,DE-HH,00+,COVID-19,11.0,11.0,11.0,11.0,11.0,11.0,11.0,11.0,False
KIT-simple_nowcast,hosp,2024-05-08,2024-04-14,DE-MV,00+,COVID-19,4.0,4.0,4.0,4.0,4.0,4.0,4.0,4.0,False
KIT-simple_nowcast,hosp,2024-05-08,2024-04-14,DE-NI,00+,COVID-19,29.0,29.0,29.0,29.0,29.0,30.0,30.0,31.0,False
KIT-simple_nowcast,hosp,2024-05-08,2024-04-14,DE-NW,00+,COVID-19,61.0,59.0,59.0,59.0,59.0,61.0,64.0,69.0,False
KIT-simple_nowcast,hosp,2024-05-08,2024-04-14,DE-RP,00+,COVID-19,9.0,9.0,9.0,9.0,9.0,9.0,9.0,9.0,False
KIT-simple_nowcast,hosp,2024-05-08,2024-04-14,DE-SH,00+,COVID-19,13.0,13.0,13.0,13.0,13.0,13.0,13.0,13.0,False
KIT-simple_nowcast,hosp,2024-05-08,2024-04-14,DE-SL,00+,COVID-19,2.0,2.0,2.0,2.0,2.0,2.0,2.0,2.0,False
KIT-simple_nowcast,hosp,2024-05-08,2024-04-14,DE-SN,00+,COVID-19,4.0,4.0,4.0,4.0,4.0,5.0,5.0,7.0,False
KIT-simple_nowcast,hosp,2024-05-08,2024-04-14,DE-ST,00+,COVID-19,3.0,3.0,3.0,3.0,3.0,3.0,3.0,3.0,False
KIT-simple_nowcast,hosp,2024-05-08,2024-04-14,DE-TH,00+,COVID-19,4.0,4.0,4.0,4.0,4.0,4.0,4.0,4.0,False
KIT-simple_nowcast,hosp,2024-05-08,2024-04-15,DE,00+,COVID-19,236.0,232.0,233.0,234.0,236.0,238.0,240.0,242.0,False
KIT-simple_nowcast,hosp,2024-05-08,2024-04-15,DE,00-04,COVID-19,9.0,9.0,9.0,9.0,9.0,9.0,9.0,9.0,False
KIT-simple_nowcast,hosp,2024-05-08,2024-04-15,DE,05-14,COVID-19,2.0,2.0,2.0,2.0,2.0,2.0,2.0,2.0,False
KIT-simple_nowcast,hosp,2024-05-08,2024-04-15,DE,15-34,COVID-19,6.0,6.0,6.0,6.0,6.0,6.0,6.0,6.0,False
KIT-simple_nowcast,hosp,2024-05-08,2024-04-15,DE,35-59,COVID-19,26.0,25.0,25.0,25.0,25.0,26.0,27.0,28.0,False
KIT-simple_nowcast,hosp,2024-05-08,2024-04-15,DE,60-79,COVID-19,92.0,90.0,90.0,91.0,92.0,92.0,93.0,95.0,False
KIT-simple_nowcast,hosp,2024-05-08,2024-04-15,DE,80+,COVID-19,103.0,101.0,101.0,102.0,103.0,104.0,106.0,108.0,False
KIT-simple_nowcast,hosp,2024-05-08,2024-04-15,DE-BB,00+,COVID-19,12.0,12.0,12.0,12.0,12.0,12.0,12.0,12.0,False
KIT-simple_nowcast,hosp,2024-05-08,2024-04-15,DE-BE,00+,COVID-19,5.0,5.0,5.0,5.0,5.0,5.0,5.0,5.0,False
KIT-simple_nowcast,hosp,2024-05-08,2024-04-15,DE-BW,00+,COVID-19,12.0,11.0,11.0,11.0,12.0,12.0,13.0,15.0,False
KIT-simple_nowcast,hosp,2024-05-08,2024-04-15,DE-BY,00+,COVID-19,35.0,35.0,35.0,35.0,35.0,35.0,35.0,35.0,False
KIT-simple_nowcast,hosp,2024-05-08,2024-04-15,DE-HB,00+,COVID-19,3.0,3.0,3.0,3.0,3.0,3.0,3.0,3.0,False
KIT-simple_nowcast,hosp,2024-05-08,2024-04-15,DE-HE,00+,COVID-19,32.0,31.0,31.0,31.0,31.0,32.0,33.0,34.0,False
KIT-simple_nowcast,hosp,2024-05-08,2024-04-15,DE-HH,00+,COVID-19,11.0,11.0,11.0,11.0,11.0,11.0,11.0,11.0,False
KIT-simple_nowcast,hosp,2024-05-08,2024-04-15,DE-MV,00+,COVID-19,4.0,4.0,4.0,4.0,4.0,4.0,4.0,4.0,False
KIT-simple_nowcast,hosp,2024-05-08,2024-04-15,DE-NI,00+,COVID-19,25.0,25.0,25.0,25.0,25.0,26.0,26.0,27.0,False
KIT-simple_nowcast,hosp,2024-05-08,2024-04-15,DE-NW,00+,COVID-19,61.0,59.0,59.0,59.0,59.0,61.0,64.0,68.0,False
KIT-simple_nowcast,hosp,2024-05-08,2024-04-15,DE-RP,00+,COVID-19,9.0,9.0,9.0,9.0,9.0,9.0,9.0,9.0,False
KIT-simple_nowcast,hosp,2024-05-08,2024-04-15,DE-SH,00+,COVID-19,13.0,13.0,13.0,13.0,13.0,13.0,13.0,13.0,False
KIT-simple_nowcast,hosp,2024-05-08,2024-04-15,DE-SL,00+,COVID-19,2.0,2.0,2.0,2.0,2.0,2.0,2.0,2.0,False
KIT-simple_nowcast,hosp,2024-05-08,2024-04-15,DE-SN,00+,COVID-19,6.0,5.0,5.0,5.0,5.0,6.0,7.0,8.0,False
KIT-simple_nowcast,hosp,2024-05-08,2024-04-15,DE-ST,00+,COVID-19,3.0,3.0,3.0,3.0,3.0,3.0,3.0,3.0,False
KIT-simple_nowcast,hosp,2024-05-08,2024-04-15,DE-TH,00+,COVID-19,4.0,4.0,4.0,4.0,4.0,4.0,4.0,4.0,False
KIT-simple_nowcast,hosp,2024-05-08,2024-04-16,DE,00+,COVID-19,205.0,201.0,202.0,203.0,205.0,207.0,209.0,212.0,False
KIT-simple_nowcast,hosp,2024-05-08,2024-04-16,DE,00-04,COVID-19,9.0,9.0,9.0,9.0,9.0,9.0,9.0,9.0,False
KIT-simple_nowcast,hosp,2024-05-08,2024-04-16,DE,05-14,COVID-19,2.0,2.0,2.0,2.0,2.0,2.0,2.0,2.0,False
KIT-simple_nowcast,hosp,2024-05-08,2024-04-16,DE,15-34,COVID-19,8.0,8.0,8.0,8.0,8.0,8.0,8.0,9.0,False
KIT-simple_nowcast,hosp,2024-05-08,2024-04-16,DE,35-59,COVID-19,21.0,20.0,20.0,20.0,20.0,21.0,22.0,23.0,False
KIT-simple_nowcast,hosp,2024-05-08,2024-04-16,DE,60-79,COVID-19,86.0,84.0,84.0,85.0,86.0,87.0,88.0,89.0,False
KIT-simple_nowcast,hosp,2024-05-08,2024-04-16,DE,80+,COVID-19,81.0,79.0,79.0,79.0,80.0,82.0,84.0,86.0,False
KIT-simple_nowcast,hosp,2024-05-08,2024-04-16,DE-BB,00+,COVID-19,6.0,6.0,6.0,6.0,6.0,6.0,6.0,6.0,False
KIT-simple_nowcast,hosp,2024-05-08,2024-04-16,DE-BE,00+,COVID-19,3.0,3.0,3.0,3.0,3.0,3.0,3.0,3.0,False
KIT-simple_nowcast,hosp,2024-05-08,2024-04-16,DE-BW,00+,COVID-19,12.0,11.0,11.0,11.0,12.0,13.0,14.0,15.0,False
KIT-simple_nowcast,hosp,2024-05-08,2024-04-16,DE-BY,00+,COVID-19,24.0,24.0,24.0,24.0,24.0,24.0,24.0,24.0,False
KIT-simple_nowcast,hosp,2024-05-08,2024-04-16,DE-HB,00+,COVID-19,1.0,1.0,1.0,1.0,1.0,1.0,1.0,1.0,False
KIT-simple_nowcast,hosp,2024-05-08,2024-04-16,DE-HE,00+,COVID-19,29.0,28.0,28.0,28.0,28.0,29.0,30.0,31.0,False
KIT-simple_nowcast,hosp,2024-05-08,2024-04-16,DE-HH,00+,COVID-19,12.0,12.0,12.0,12.0,12.0,12.0,12.0,12.0,False
KIT-simple_nowcast,hosp,2024-05-08,2024-04-16,DE-MV,00+,COVID-19,4.0,4.0,4.0,4.0,4.0,4.0,4.0,4.0,False
KIT-simple_nowcast,hosp,2024-05-08,2024-04-16,DE-NI,00+,COVID-19,17.0,17.0,17.0,17.0,17.0,18.0,18.0,19.0,False
KIT-simple_nowcast,hosp,2024-05-08,2024-04-16,DE-NW,00+,COVID-19,52.0,51.0,51.0,51.0,52.0,53.0,55.0,59.0,False
KIT-simple_nowcast,hosp,2024-05-08,2024-04-16,DE-RP,00+,COVID-19,11.0,11.0,11.0,11.0,11.0,11.0,11.0,11.0,False
KIT-simple_nowcast,hosp,2024-05-08,2024-04-16,DE-SH,00+,COVID-19,12.0,12.0,12.0,12.0,12.0,12.0,12.0,12.0,False
KIT-simple_nowcast,hosp,2024-05-08,2024-04-16,DE-SL,00+,COVID-19,3.0,3.0,3.0,3.0,3.0,3.0,4.0,5.0,False
KIT-simple_nowcast,hosp,2024-05-08,2024-04-16,DE-SN,00+,COVID-19,12.0,11.0,11.0,11.0,12.0,13.0,14.0,16.0,False
KIT-simple_nowcast,hosp,2024-05-08,2024-04-16,DE-ST,00+,COVID-19,2.0,2.0,2.0,2.0,2.0,2.0,2.0,2.0,False
KIT-simple_nowcast,hosp,2024-05-08,2024-04-16,DE-TH,00+,COVID-19,5.0,5.0,5.0,5.0,5.0,5.0,5.0,5.0,False
KIT-simple_nowcast,hosp,2024-05-08,2024-04-17,DE,00+,COVID-19,194.0,190.0,191.0,192.0,194.0,196.0,198.0,201.0,False
KIT-simple_nowcast,hosp,2024-05-08,2024-04-17,DE,00-04,COVID-19,8.0,8.0,8.0,8.0,8.0,8.0,8.0,8.0,False
KIT-simple_nowcast,hosp,2024-05-08,2024-04-17,DE,05-14,COVID-19,2.0,2.0,2.0,2.0,2.0,2.0,2.0,2.0,False
KIT-simple_nowcast,hosp,2024-05-08,2024-04-17,DE,15-34,COVID-19,13.0,13.0,13.0,13.0,13.0,13.0,13.0,14.0,False
KIT-simple_nowcast,hosp,2024-05-08,2024-04-17,DE,35-59,COVID-19,23.0,22.0,22.0,22.0,22.0,23.0,24.0,25.0,False
KIT-simple_nowcast,hosp,2024-05-08,2024-04-17,DE,60-79,COVID-19,77.0,75.0,75.0,76.0,77.0,78.0,79.0,80.0,False
KIT-simple_nowcast,hosp,2024-05-08,2024-04-17,DE,80+,COVID-19,74.0,72.0,72.0,72.0,73.0,75.0,77.0,79.0,False
KIT-simple_nowcast,hosp,2024-05-08,2024-04-17,DE-BB,00+,COVID-19,3.0,3.0,3.0,3.0,3.0,3.0,3.0,3.0,False
KIT-simple_nowcast,hosp,2024-05-08,2024-04-17,DE-BE,00+,COVID-19,2.0,2.0,2.0,2.0,2.0,2.0,2.0,2.0,False
KIT-simple_nowcast,hosp,2024-05-08,2024-04-17,DE-BW,00+,COVID-19,12.0,11.0,11.0,11.0,12.0,13.0,14.0,15.0,False
KIT-simple_nowcast,hosp,2024-05-08,2024-04-17,DE-BY,00+,COVID-19,22.0,22.0,22.0,22.0,22.0,22.0,22.0,22.0,False
KIT-simple_nowcast,hosp,2024-05-08,2024-04-17,DE-HB,00+,COVID-19,1.0,1.0,1.0,1.0,1.0,1.0,1.0,1.0,False
KIT-simple_nowcast,hosp,2024-05-08,2024-04-17,DE-HE,00+,COVID-19,25.0,24.0,24.0,24.0,24.0,25.0,26.0,27.0,False
KIT-simple_nowcast,hosp,2024-05-08,2024-04-17,DE-HH,00+,COVID-19,12.0,12.0,12.0,12.0,12.0,12.0,12.0,12.0,False
KIT-simple_nowcast,hosp,2024-05-08,2024-04-17,DE-MV,00+,COVID-19,1.0,1.0,1.0,1.0,1.0,1.0,1.0,1.0,False
KIT-simple_nowcast,hosp,2024-05-08,2024-04-17,DE-NI,00+,COVID-19,18.0,18.0,18.0,18.0,18.0,19.0,19.0,20.0,False
KIT-simple_nowcast,hosp,2024-05-08,2024-04-17,DE-NW,00+,COVID-19,56.0,54.0,54.0,54.0,55.0,56.0,59.0,62.0,False
KIT-simple_nowcast,hosp,2024-05-08,2024-04-17,DE-RP,00+,COVID-19,10.0,10.0,10.0,10.0,10.0,10.0,10.0,10.0,False
KIT-simple_nowcast,hosp,2024-05-08,2024-04-17,DE-SH,00+,COVID-19,12.0,12.0,12.0,12.0,12.0,12.0,12.0,12.0,False
KIT-simple_nowcast,hosp,2024-05-08,2024-04-17,DE-SL,00+,COVID-19,4.0,4.0,4.0,4.0,4.0,5.0,5.0,6.0,False
KIT-simple_nowcast,hosp,2024-05-08,2024-04-17,DE-SN,00+,COVID-19,11.0,10.0,10.0,10.0,11.0,12.0,13.0,15.0,False
KIT-simple_nowcast,hosp,2024-05-08,2024-04-17,DE-ST,00+,COVID-19,2.0,2.0,2.0,2.0,2.0,2.0,2.0,2.0,False
KIT-simple_nowcast,hosp,2024-05-08,2024-04-17,DE-TH,00+,COVID-19,4.0,4.0,4.0,4.0,4.0,4.0,4.0,4.0,False
KIT-simple_nowcast,hosp,2024-05-08,2024-04-18,DE,00+,COVID-19,182.0,178.0,179.0,180.0,182.0,184.0,186.0,189.0,False
KIT-simple_nowcast,hosp,2024-05-08,2024-04-18,DE,00-04,COVID-19,7.0,7.0,7.0,7.0,7.0,7.0,7.0,8.0,False
KIT-simple_nowcast,hosp,2024-05-08,2024-04-18,DE,05-14,COVID-19,2.0,2.0,2.0,2.0,2.0,2.0,2.0,2.0,False
KIT-simple_nowcast,hosp,2024-05-08,2024-04-18,DE,15-34,COVID-19,11.0,11.0,11.0,11.0,11.0,11.0,12.0,12.0,False
KIT-simple_nowcast,hosp,2024-05-08,2024-04-18,DE,35-59,COVID-19,23.0,22.0,22.0,22.0,22.0,23.0,24.0,25.0,False
KIT-simple_nowcast,hosp,2024-05-08,2024-04-18,DE,60-79,COVID-19,71.0,69.0,69.0,70.0,71.0,72.0,73.0,74.0,False
KIT-simple_nowcast,hosp,2024-05-08,2024-04-18,DE,80+,COVID-19,71.0,69.0,69.0,69.0,71.0,72.0,74.0,76.0,False
KIT-simple_nowcast,hosp,2024-05-08,2024-04-18,DE-BB,00+,COVID-19,3.0,3.0,3.0,3.0,3.0,3.0,3.0,3.0,False
KIT-simple_nowcast,hosp,2024-05-08,2024-04-18,DE-BE,00+,COVID-19,3.0,3.0,3.0,3.0,3.0,3.0,3.0,3.0,False
KIT-simple_nowcast,hosp,2024-05-08,2024-04-18,DE-BW,00+,COVID-19,12.0,11.0,11.0,11.0,12.0,13.0,14.0,15.0,False
KIT-simple_nowcast,hosp,2024-05-08,2024-04-18,DE-BY,00+,COVID-19,24.0,24.0,24.0,24.0,24.0,24.0,24.0,25.0,False
KIT-simple_nowcast,hosp,2024-05-08,2024-04-18,DE-HB,00+,COVID-19,0.0,0.0,0.0,0.0,0.0,0.0,0.0,0.0,False
KIT-simple_nowcast,hosp,2024-05-08,2024-04-18,DE-HE,00+,COVID-19,23.0,22.0,22.0,22.0,22.0,23.0,24.0,24.0,False
KIT-simple_nowcast,hosp,2024-05-08,2024-04-18,DE-HH,00+,COVID-19,10.0,10.0,10.0,10.0,10.0,10.0,10.0,10.0,False
KIT-simple_nowcast,hosp,2024-05-08,2024-04-18,DE-MV,00+,COVID-19,0.0,0.0,0.0,0.0,0.0,0.0,0.0,0.0,False
KIT-simple_nowcast,hosp,2024-05-08,2024-04-18,DE-NI,00+,COVID-19,16.0,16.0,16.0,16.0,16.0,17.0,17.0,18.0,False
KIT-simple_nowcast,hosp,2024-05-08,2024-04-18,DE-NW,00+,COVID-19,48.0,47.0,47.0,47.0,48.0,49.0,51.0,54.0,False
KIT-simple_nowcast,hosp,2024-05-08,2024-04-18,DE-RP,00+,COVID-19,11.0,11.0,11.0,11.0,11.0,11.0,11.0,12.0,False
KIT-simple_nowcast,hosp,2024-05-08,2024-04-18,DE-SH,00+,COVID-19,9.0,9.0,9.0,9.0,9.0,9.0,9.0,9.0,False
KIT-simple_nowcast,hosp,2024-05-08,2024-04-18,DE-SL,00+,COVID-19,7.0,6.0,6.0,6.0,7.0,7.0,8.0,9.0,False
KIT-simple_nowcast,hosp,2024-05-08,2024-04-18,DE-SN,00+,COVID-19,10.0,9.0,9.0,9.0,10.0,11.0,12.0,14.0,False
KIT-simple_nowcast,hosp,2024-05-08,2024-04-18,DE-ST,00+,COVID-19,5.0,5.0,5.0,5.0,5.0,5.0,5.0,5.0,False
KIT-simple_nowcast,hosp,2024-05-08,2024-04-18,DE-TH,00+,COVID-19,2.0,2.0,2.0,2.0,2.0,2.0,2.0,2.0,False
KIT-simple_nowcast,hosp,2024-05-08,2024-04-19,DE,00+,COVID-19,182.0,177.0,179.0,180.0,182.0,184.0,186.0,189.0,False
KIT-simple_nowcast,hosp,2024-05-08,2024-04-19,DE,00-04,COVID-19,5.0,5.0,5.0,5.0,5.0,5.0,5.0,6.0,False
KIT-simple_nowcast,hosp,2024-05-08,2024-04-19,DE,05-14,COVID-19,2.0,2.0,2.0,2.0,2.0,2.0,2.0,2.0,False
KIT-simple_nowcast,hosp,2024-05-08,2024-04-19,DE,15-34,COVID-19,13.0,13.0,13.0,13.0,13.0,13.0,14.0,14.0,False
KIT-simple_nowcast,hosp,2024-05-08,2024-04-19,DE,35-59,COVID-19,26.0,25.0,25.0,25.0,25.0,26.0,27.0,29.0,False
KIT-simple_nowcast,hosp,2024-05-08,2024-04-19,DE,60-79,COVID-19,71.0,69.0,69.0,70.0,71.0,72.0,73.0,74.0,False
KIT-simple_nowcast,hosp,2024-05-08,2024-04-19,DE,80+,COVID-19,67.0,65.0,65.0,66.0,67.0,68.0,70.0,72.0,False
KIT-simple_nowcast,hosp,2024-05-08,2024-04-19,DE-BB,00+,COVID-19,2.0,2.0,2.0,2.0,2.0,2.0,2.0,2.0,False
KIT-simple_nowcast,hosp,2024-05-08,2024-04-19,DE-BE,00+,COVID-19,5.0,5.0,5.0,5.0,5.0,5.0,5.0,5.0,False
KIT-simple_nowcast,hosp,2024-05-08,2024-04-19,DE-BW,00+,COVID-19,11.0,10.0,10.0,10.0,11.0,12.0,13.0,15.0,False
KIT-simple_nowcast,hosp,2024-05-08,2024-04-19,DE-BY,00+,COVID-19,26.0,26.0,26.0,26.0,26.0,26.0,27.0,28.0,False
KIT-simple_nowcast,hosp,2024-05-08,2024-04-19,DE-HB,00+,COVID-19,0.0,0.0,0.0,0.0,0.0,0.0,0.0,0.0,False
KIT-simple_nowcast,hosp,2024-05-08,2024-04-19,DE-HE,00+,COVID-19,21.0,20.0,20.0,20.0,20.0,21.0,22.0,22.0,False
KIT-simple_nowcast,hosp,2024-05-08,2024-04-19,DE-HH,00+,COVID-19,8.0,8.0,8.0,8.0,8.0,8.0,8.0,8.0,False
KIT-simple_nowcast,hosp,2024-05-08,2024-04-19,DE-MV,00+,COVID-19,0.0,0.0,0.0,0.0,0.0,0.0,0.0,0.0,False
KIT-simple_nowcast,hosp,2024-05-08,2024-04-19,DE-NI,00+,COVID-19,16.0,16.0,16.0,16.0,16.0,17.0,17.0,18.0,False
KIT-simple_nowcast,hosp,2024-05-08,2024-04-19,DE-NW,00+,COVID-19,44.0,43.0,43.0,43.0,44.0,45.0,47.0,49.0,False
KIT-simple_nowcast,hosp,2024-05-08,2024-04-19,DE-RP,00+,COVID-19,15.0,15.0,15.0,15.0,15.0,15.0,15.0,16.0,False
KIT-simple_nowcast,hosp,2024-05-08,2024-04-19,DE-SH,00+,COVID-19,11.0,11.0,11.0,11.0,11.0,11.0,11.0,12.0,False
KIT-simple_nowcast,hosp,2024-05-08,2024-04-19,DE-SL,00+,COVID-19,6.0,5.0,5.0,5.0,6.0,6.0,7.0,8.0,False
KIT-simple_nowcast,hosp,2024-05-08,2024-04-19,DE-SN,00+,COVID-19,10.0,9.0,9.0,9.0,10.0,11.0,12.0,14.0,False
KIT-simple_nowcast,hosp,2024-05-08,2024-04-19,DE-ST,00+,COVID-19,4.0,4.0,4.0,4.0,4.0,4.0,4.0,4.0,False
KIT-simple_nowcast,hosp,2024-05-08,2024-04-19,DE-TH,00+,COVID-19,3.0,3.0,3.0,3.0,3.0,3.0,3.0,3.0,False
KIT-simple_nowcast,hosp,2024-05-08,2024-04-20,DE,00+,COVID-19,179.0,175.0,176.0,177.0,179.0,181.0,183.0,186.0,False
KIT-simple_nowcast,hosp,2024-05-08,2024-04-20,DE,00-04,COVID-19,8.0,8.0,8.0,8.0,8.0,8.0,9.0,10.0,False
KIT-simple_nowcast,hosp,2024-05-08,2024-04-20,DE,05-14,COVID-19,2.0,2.0,2.0,2.0,2.0,2.0,2.0,2.0,False
KIT-simple_nowcast,hosp,2024-05-08,2024-04-20,DE,15-34,COVID-19,14.0,14.0,14.0,14.0,14.0,14.0,15.0,15.0,False
KIT-simple_nowcast,hosp,2024-05-08,2024-04-20,DE,35-59,COVID-19,27.0,26.0,26.0,26.0,26.0,27.0,29.0,31.0,False
KIT-simple_nowcast,hosp,2024-05-08,2024-04-20,DE,60-79,COVID-19,66.0,64.0,64.0,65.0,66.0,67.0,68.0,69.0,False
KIT-simple_nowcast,hosp,2024-05-08,2024-04-20,DE,80+,COVID-19,64.0,62.0,62.0,63.0,64.0,65.0,67.0,69.0,False
KIT-simple_nowcast,hosp,2024-05-08,2024-04-20,DE-BB,00+,COVID-19,2.0,2.0,2.0,2.0,2.0,2.0,2.0,2.0,False
KIT-simple_nowcast,hosp,2024-05-08,2024-04-20,DE-BE,00+,COVID-19,6.0,6.0,6.0,6.0,6.0,6.0,6.0,6.0,False
KIT-simple_nowcast,hosp,2024-05-08,2024-04-20,DE-BW,00+,COVID-19,13.0,11.0,11.0,11.0,12.0,13.0,15.0,16.0,False
KIT-simple_nowcast,hosp,2024-05-08,2024-04-20,DE-BY,00+,COVID-19,22.0,22.0,22.0,22.0,22.0,22.0,23.0,24.0,False
KIT-simple_nowcast,hosp,2024-05-08,2024-04-20,DE-HB,00+,COVID-19,0.0,0.0,0.0,0.0,0.0,0.0,0.0,0.0,False
KIT-simple_nowcast,hosp,2024-05-08,2024-04-20,DE-HE,00+,COVID-19,20.0,19.0,19.0,19.0,19.0,20.0,21.0,21.0,False
KIT-simple_nowcast,hosp,2024-05-08,2024-04-20,DE-HH,00+,COVID-19,10.0,10.0,10.0,10.0,10.0,10.0,10.0,10.0,False
KIT-simple_nowcast,hosp,2024-05-08,2024-04-20,DE-MV,00+,COVID-19,0.0,0.0,0.0,0.0,0.0,0.0,0.0,0.0,False
KIT-simple_nowcast,hosp,2024-05-08,2024-04-20,DE-NI,00+,COVID-19,13.0,13.0,13.0,13.0,13.0,14.0,14.0,15.0,False
KIT-simple_nowcast,hosp,2024-05-08,2024-04-20,DE-NW,00+,COVID-19,45.0,43.0,43.0,43.0,44.0,45.0,47.0,49.0,False
KIT-simple_nowcast,hosp,2024-05-08,2024-04-20,DE-RP,00+,COVID-19,17.0,17.0,17.0,17.0,17.0,17.0,17.0,18.0,False
KIT-simple_nowcast,hosp,2024-05-08,2024-04-20,DE-SH,00+,COVID-19,10.0,10.0,10.0,10.0,10.0,10.0,11.0,11.0,False
KIT-simple_nowcast,hosp,2024-05-08,2024-04-20,DE-SL,00+,COVID-19,6.0,5.0,5.0,5.0,6.0,6.0,7.0,8.0,False
KIT-simple_nowcast,hosp,2024-05-08,2024-04-20,DE-SN,00+,COVID-19,10.0,9.0,9.0,9.0,10.0,11.0,12.0,13.0,False
KIT-simple_nowcast,hosp,2024-05-08,2024-04-20,DE-ST,00+,COVID-19,4.0,4.0,4.0,4.0,4.0,4.0,4.0,4.0,False
KIT-simple_nowcast,hosp,2024-05-08,2024-04-20,DE-TH,00+,COVID-19,3.0,3.0,3.0,3.0,3.0,3.0,3.0,3.0,False
KIT-simple_nowcast,hosp,2024-05-08,2024-04-21,DE,00+,COVID-19,178.0,174.0,175.0,176.0,178.0,180.0,182.0,185.0,False
KIT-simple_nowcast,hosp,2024-05-08,2024-04-21,DE,00-04,COVID-19,8.0,8.0,8.0,8.0,8.0,8.0,9.0,10.0,False
KIT-simple_nowcast,hosp,2024-05-08,2024-04-21,DE,05-14,COVID-19,2.0,2.0,2.0,2.0,2.0,2.0,2.0,2.0,False
KIT-simple_nowcast,hosp,2024-05-08,2024-04-21,DE,15-34,COVID-19,14.0,14.0,14.0,14.0,14.0,14.0,15.0,15.0,False
KIT-simple_nowcast,hosp,2024-05-08,2024-04-21,DE,35-59,COVID-19,27.0,26.0,26.0,26.0,26.0,27.0,29.0,31.0,False
KIT-simple_nowcast,hosp,2024-05-08,2024-04-21,DE,60-79,COVID-19,65.0,63.0,63.0,64.0,65.0,66.0,67.0,68.0,False
KIT-simple_nowcast,hosp,2024-05-08,2024-04-21,DE,80+,COVID-19,64.0,62.0,62.0,63.0,64.0,65.0,67.0,69.0,False
KIT-simple_nowcast,hosp,2024-05-08,2024-04-21,DE-BB,00+,COVID-19,2.0,2.0,2.0,2.0,2.0,2.0,2.0,2.0,False
KIT-simple_nowcast,hosp,2024-05-08,2024-04-21,DE-BE,00+,COVID-19,6.0,6.0,6.0,6.0,6.0,6.0,6.0,6.0,False
KIT-simple_nowcast,hosp,2024-05-08,2024-04-21,DE-BW,00+,COVID-19,13.0,11.0,11.0,12.0,12.0,13.0,14.0,16.0,False
KIT-simple_nowcast,hosp,2024-05-08,2024-04-21,DE-BY,00+,COVID-19,22.0,22.0,22.0,22.0,22.0,22.0,23.0,24.0,False
KIT-simple_nowcast,hosp,2024-05-08,2024-04-21,DE-HB,00+,COVID-19,0.0,0.0,0.0,0.0,0.0,0.0,0.0,0.0,False
KIT-simple_nowcast,hosp,2024-05-08,2024-04-21,DE-HE,00+,COVID-19,20.0,19.0,19.0,19.0,19.0,20.0,21.0,21.0,False
KIT-simple_nowcast,hosp,2024-05-08,2024-04-21,DE-HH,00+,COVID-19,10.0,10.0,10.0,10.0,10.0,10.0,10.0,10.0,False
KIT-simple_nowcast,hosp,2024-05-08,2024-04-21,DE-MV,00+,COVID-19,0.0,0.0,0.0,0.0,0.0,0.0,0.0,0.0,False
KIT-simple_nowcast,hosp,2024-05-08,2024-04-21,DE-NI,00+,COVID-19,13.0,13.0,13.0,13.0,13.0,14.0,14.0,15.0,False
KIT-simple_nowcast,hosp,2024-05-08,2024-04-21,DE-NW,00+,COVID-19,44.0,42.0,42.0,42.0,43.0,44.0,46.0,47.0,False
KIT-simple_nowcast,hosp,2024-05-08,2024-04-21,DE-RP,00+,COVID-19,17.0,17.0,17.0,17.0,17.0,17.0,17.0,18.0,False
KIT-simple_nowcast,hosp,2024-05-08,2024-04-21,DE-SH,00+,COVID-19,10.0,10.0,10.0,10.0,10.0,10.0,11.0,11.0,False
KIT-simple_nowcast,hosp,2024-05-08,2024-04-21,DE-SL,00+,COVID-19,6.0,5.0,5.0,5.0,6.0,6.0,7.0,8.0,False
KIT-simple_nowcast,hosp,2024-05-08,2024-04-21,DE-SN,00+,COVID-19,10.0,9.0,9.0,9.0,10.0,11.0,12.0,13.0,False
KIT-simple_nowcast,hosp,2024-05-08,2024-04-21,DE-ST,00+,COVID-19,4.0,4.0,4.0,4.0,4.0,4.0,4.0,4.0,False
KIT-simple_nowcast,hosp,2024-05-08,2024-04-21,DE-TH,00+,COVID-19,3.0,3.0,3.0,3.0,3.0,3.0,3.0,3.0,False
KIT-simple_nowcast,hosp,2024-05-08,2024-04-22,DE,00+,COVID-19,176.0,172.0,173.0,174.0,176.0,178.0,180.0,183.0,False
KIT-simple_nowcast,hosp,2024-05-08,2024-04-22,DE,00-04,COVID-19,8.0,8.0,8.0,8.0,8.0,8.0,9.0,10.0,False
KIT-simple_nowcast,hosp,2024-05-08,2024-04-22,DE,05-14,COVID-19,2.0,2.0,2.0,2.0,2.0,2.0,2.0,2.0,False
KIT-simple_nowcast,hosp,2024-05-08,2024-04-22,DE,15-34,COVID-19,14.0,14.0,14.0,14.0,14.0,14.0,15.0,15.0,False
KIT-simple_nowcast,hosp,2024-05-08,2024-04-22,DE,35-59,COVID-19,27.0,26.0,26.0,26.0,26.0,27.0,29.0,31.0,False
KIT-simple_nowcast,hosp,2024-05-08,2024-04-22,DE,60-79,COVID-19,65.0,63.0,63.0,64.0,65.0,66.0,67.0,68.0,False
KIT-simple_nowcast,hosp,2024-05-08,2024-04-22,DE,80+,COVID-19,62.0,60.0,60.0,61.0,62.0,63.0,65.0,67.0,False
KIT-simple_nowcast,hosp,2024-05-08,2024-04-22,DE-BB,00+,COVID-19,2.0,2.0,2.0,2.0,2.0,2.0,2.0,2.0,False
KIT-simple_nowcast,hosp,2024-05-08,2024-04-22,DE-BE,00+,COVID-19,6.0,6.0,6.0,6.0,6.0,6.0,6.0,6.0,False
KIT-simple_nowcast,hosp,2024-05-08,2024-04-22,DE-BW,00+,COVID-19,13.0,11.0,11.0,12.0,12.0,13.0,14.0,16.0,False
KIT-simple_nowcast,hosp,2024-05-08,2024-04-22,DE-BY,00+,COVID-19,22.0,22.0,22.0,22.0,22.0,22.0,23.0,24.0,False
KIT-simple_nowcast,hosp,2024-05-08,2024-04-22,DE-HB,00+,COVID-19,0.0,0.0,0.0,0.0,0.0,0.0,0.0,0.0,False
KIT-simple_nowcast,hosp,2024-05-08,2024-04-22,DE-HE,00+,COVID-19,19.0,18.0,18.0,18.0,18.0,19.0,19.0,20.0,False
KIT-simple_nowcast,hosp,2024-05-08,2024-04-22,DE-HH,00+,COVID-19,10.0,10.0,10.0,10.0,10.0,10.0,10.0,10.0,False
KIT-simple_nowcast,hosp,2024-05-08,2024-04-22,DE-MV,00+,COVID-19,0.0,0.0,0.0,0.0,0.0,0.0,0.0,0.0,False
KIT-simple_nowcast,hosp,2024-05-08,2024-04-22,DE-NI,00+,COVID-19,13.0,13.0,13.0,13.0,13.0,14.0,14.0,15.0,False
KIT-simple_nowcast,hosp,2024-05-08,2024-04-22,DE-NW,00+,COVID-19,44.0,42.0,42.0,42.0,43.0,44.0,46.0,47.0,False
KIT-simple_nowcast,hosp,2024-05-08,2024-04-22,DE-RP,00+,COVID-19,17.0,17.0,17.0,17.0,17.0,17.0,17.0,18.0,False
KIT-simple_nowcast,hosp,2024-05-08,2024-04-22,DE-SH,00+,COVID-19,10.0,10.0,10.0,10.0,10.0,10.0,11.0,11.0,False
KIT-simple_nowcast,hosp,2024-05-08,2024-04-22,DE-SL,00+,COVID-19,6.0,5.0,5.0,5.0,6.0,6.0,7.0,8.0,False
KIT-simple_nowcast,hosp,2024-05-08,2024-04-22,DE-SN,00+,COVID-19,9.0,8.0,8.0,8.0,9.0,9.0,10.0,11.0,False
KIT-simple_nowcast,hosp,2024-05-08,2024-04-22,DE-ST,00+,COVID-19,4.0,4.0,4.0,4.0,4.0,4.0,4.0,4.0,False
KIT-simple_nowcast,hosp,2024-05-08,2024-04-22,DE-TH,00+,COVID-19,3.0,3.0,3.0,3.0,3.0,3.0,3.0,3.0,False
KIT-simple_nowcast,hosp,2024-05-08,2024-04-23,DE,00+,COVID-19,183.0,178.0,180.0,181.0,183.0,185.0,188.0,191.0,False
KIT-simple_nowcast,hosp,2024-05-08,2024-04-23,DE,00-04,COVID-19,7.0,7.0,7.0,7.0,7.0,7.0,8.0,9.0,False
KIT-simple_nowcast,hosp,2024-05-08,2024-04-23,DE,05-14,COVID-19,1.0,1.0,1.0,1.0,1.0,1.0,1.0,1.0,False
KIT-simple_nowcast,hosp,2024-05-08,2024-04-23,DE,15-34,COVID-19,14.0,14.0,14.0,14.0,14.0,14.0,15.0,15.0,False
KIT-simple_nowcast,hosp,2024-05-08,2024-04-23,DE,35-59,COVID-19,29.0,28.0,28.0,28.0,28.0,29.0,31.0,33.0,False
KIT-simple_nowcast,hosp,2024-05-08,2024-04-23,DE,60-79,COVID-19,63.0,61.0,61.0,62.0,63.0,64.0,65.0,67.0,False
KIT-simple_nowcast,hosp,2024-05-08,2024-04-23,DE,80+,COVID-19,71.0,68.0,68.0,69.0,70.0,72.0,74.0,77.0,False
KIT-simple_nowcast,hosp,2024-05-08,2024-04-23,DE-BB,00+,COVID-19,6.0,6.0,6.0,6.0,6.0,6.0,6.0,6.0,False
KIT-simple_nowcast,hosp,2024-05-08,2024-04-23,DE-BE,00+,COVID-19,7.0,7.0,7.0,7.0,7.0,7.0,7.0,7.0,False
KIT-simple_nowcast,hosp,2024-05-08,2024-04-23,DE-BW,00+,COVID-19,13.0,11.0,11.0,12.0,12.0,13.0,15.0,16.0,False
KIT-simple_nowcast,hosp,2024-05-08,2024-04-23,DE-BY,00+,COVID-19,26.0,26.0,26.0,26.0,26.0,27.0,27.0,29.0,False
KIT-simple_nowcast,hosp,2024-05-08,2024-04-23,DE-HB,00+,COVID-19,0.0,0.0,0.0,0.0,0.0,0.0,0.0,0.0,False
KIT-simple_nowcast,hosp,2024-05-08,2024-04-23,DE-HE,00+,COVID-19,18.0,17.0,17.0,17.0,18.0,18.0,19.0,20.0,False
KIT-simple_nowcast,hosp,2024-05-08,2024-04-23,DE-HH,00+,COVID-19,8.0,8.0,8.0,8.0,8.0,8.0,8.0,8.0,False
KIT-simple_nowcast,hosp,2024-05-08,2024-04-23,DE-MV,00+,COVID-19,1.0,1.0,1.0,1.0,1.0,1.0,1.0,2.0,False
KIT-simple_nowcast,hosp,2024-05-08,2024-04-23,DE-NI,00+,COVID-19,15.0,15.0,15.0,15.0,15.0,16.0,16.0,17.0,False
KIT-simple_nowcast,hosp,2024-05-08,2024-04-23,DE-NW,00+,COVID-19,44.0,42.0,42.0,42.0,43.0,45.0,46.0,48.0,False
KIT-simple_nowcast,hosp,2024-05-08,2024-04-23,DE-RP,00+,COVID-19,15.0,15.0,15.0,15.0,15.0,15.0,16.0,16.0,False
KIT-simple_nowcast,hosp,2024-05-08,2024-04-23,DE-SH,00+,COVID-19,14.0,14.0,14.0,14.0,14.0,15.0,15.0,16.0,False
KIT-simple_nowcast,hosp,2024-05-08,2024-04-23,DE-SL,00+,COVID-19,4.0,3.0,3.0,3.0,3.0,4.0,5.0,6.0,False
KIT-simple_nowcast,hosp,2024-05-08,2024-04-23,DE-SN,00+,COVID-19,4.0,4.0,4.0,4.0,4.0,5.0,5.0,6.0,False
KIT-simple_nowcast,hosp,2024-05-08,2024-04-23,DE-ST,00+,COVID-19,4.0,4.0,4.0,4.0,4.0,4.0,4.0,4.0,False
KIT-simple_nowcast,hosp,2024-05-08,2024-04-23,DE-TH,00+,COVID-19,4.0,4.0,4.0,4.0,4.0,4.0,4.0,4.0,False
KIT-simple_nowcast,hosp,2024-05-08,2024-04-24,DE,00+,COVID-19,199.0,193.0,194.0,196.0,198.0,201.0,203.0,207.0,False
KIT-simple_nowcast,hosp,2024-05-08,2024-04-24,DE,00-04,COVID-19,7.0,7.0,7.0,7.0,7.0,7.0,8.0,9.0,False
KIT-simple_nowcast,hosp,2024-05-08,2024-04-24,DE,05-14,COVID-19,1.0,1.0,1.0,1.0,1.0,1.0,1.0,1.0,False
KIT-simple_nowcast,hosp,2024-05-08,2024-04-24,DE,15-34,COVID-19,12.0,12.0,12.0,12.0,12.0,12.0,13.0,13.0,False
KIT-simple_nowcast,hosp,2024-05-08,2024-04-24,DE,35-59,COVID-19,32.0,31.0,31.0,31.0,32.0,33.0,34.0,36.0,False
KIT-simple_nowcast,hosp,2024-05-08,2024-04-24,DE,60-79,COVID-19,69.0,66.0,67.0,67.0,68.0,70.0,71.0,72.0,False
KIT-simple_nowcast,hosp,2024-05-08,2024-04-24,DE,80+,COVID-19,79.0,75.0,76.0,77.0,78.0,80.0,82.0,85.0,False
KIT-simple_nowcast,hosp,2024-05-08,2024-04-24,DE-BB,00+,COVID-19,6.0,6.0,6.0,6.0,6.0,6.0,6.0,6.0,False
KIT-simple_nowcast,hosp,2024-05-08,2024-04-24,DE-BE,00+,COVID-19,7.0,7.0,7.0,7.0,7.0,7.0,7.0,7.0,False
KIT-simple_nowcast,hosp,2024-05-08,2024-04-24,DE-BW,00+,COVID-19,15.0,13.0,13.0,14.0,15.0,16.0,17.0,19.0,False
KIT-simple_nowcast,hosp,2024-05-08,2024-04-24,DE-BY,00+,COVID-19,25.0,25.0,25.0,25.0,25.0,26.0,27.0,28.0,False
KIT-simple_nowcast,hosp,2024-05-08,2024-04-24,DE-HB,00+,COVID-19,0.0,0.0,0.0,0.0,0.0,0.0,0.0,0.0,False
KIT-simple_nowcast,hosp,2024-05-08,2024-04-24,DE-HE,00+,COVID-19,25.0,24.0,24.0,24.0,25.0,26.0,27.0,28.0,False
KIT-simple_nowcast,hosp,2024-05-08,2024-04-24,DE-HH,00+,COVID-19,9.0,9.0,9.0,9.0,9.0,9.0,9.0,9.0,False
KIT-simple_nowcast,hosp,2024-05-08,2024-04-24,DE-MV,00+,COVID-19,3.0,3.0,3.0,3.0,3.0,3.0,4.0,4.0,False
KIT-simple_nowcast,hosp,2024-05-08,2024-04-24,DE-NI,00+,COVID-19,12.0,12.0,12.0,12.0,12.0,13.0,13.0,14.0,False
KIT-simple_nowcast,hosp,2024-05-08,2024-04-24,DE-NW,00+,COVID-19,51.0,49.0,49.0,50.0,51.0,52.0,54.0,56.0,False
KIT-simple_nowcast,hosp,2024-05-08,2024-04-24,DE-RP,00+,COVID-19,18.0,18.0,18.0,18.0,18.0,18.0,19.0,19.0,False
KIT-simple_nowcast,hosp,2024-05-08,2024-04-24,DE-SH,00+,COVID-19,12.0,12.0,12.0,12.0,12.0,13.0,13.0,14.0,False
KIT-simple_nowcast,hosp,2024-05-08,2024-04-24,DE-SL,00+,COVID-19,2.0,2.0,2.0,2.0,2.0,3.0,3.0,4.0,False
KIT-simple_nowcast,hosp,2024-05-08,2024-04-24,DE-SN,00+,COVID-19,6.0,5.0,5.0,5.0,5.0,6.0,7.0,8.0,False
KIT-simple_nowcast,hosp,2024-05-08,2024-04-24,DE-ST,00+,COVID-19,4.0,4.0,4.0,4.0,4.0,4.0,4.0,4.0,False
KIT-simple_nowcast,hosp,2024-05-08,2024-04-24,DE-TH,00+,COVID-19,4.0,4.0,4.0,4.0,4.0,4.0,4.0,4.0,False
KIT-simple_nowcast,hosp,2024-05-08,2024-04-25,DE,00+,COVID-19,196.0,190.0,192.0,193.0,196.0,198.0,201.0,204.0,False
KIT-simple_nowcast,hosp,2024-05-08,2024-04-25,DE,00-04,COVID-19,7.0,7.0,7.0,7.0,7.0,8.0,8.0,9.0,False
KIT-simple_nowcast,hosp,2024-05-08,2024-04-25,DE,05-14,COVID-19,1.0,1.0,1.0,1.0,1.0,1.0,1.0,1.0,False
KIT-simple_nowcast,hosp,2024-05-08,2024-04-25,DE,15-34,COVID-19,13.0,13.0,13.0,13.0,13.0,13.0,14.0,15.0,False
KIT-simple_nowcast,hosp,2024-05-08,2024-04-25,DE,35-59,COVID-19,34.0,33.0,33.0,33.0,34.0,35.0,36.0,38.0,False
KIT-simple_nowcast,hosp,2024-05-08,2024-04-25,DE,60-79,COVID-19,70.0,67.0,68.0,69.0,70.0,71.0,72.0,74.0,False
KIT-simple_nowcast,hosp,2024-05-08,2024-04-25,DE,80+,COVID-19,74.0,70.0,71.0,72.0,73.0,75.0,77.0,80.0,False
KIT-simple_nowcast,hosp,2024-05-08,2024-04-25,DE-BB,00+,COVID-19,6.0,6.0,6.0,6.0,6.0,6.0,6.0,6.0,False
KIT-simple_nowcast,hosp,2024-05-08,2024-04-25,DE-BE,00+,COVID-19,7.0,7.0,7.0,7.0,7.0,7.0,7.0,7.0,False
KIT-simple_nowcast,hosp,2024-05-08,2024-04-25,DE-BW,00+,COVID-19,16.0,14.0,14.0,15.0,16.0,17.0,19.0,20.0,False
KIT-simple_nowcast,hosp,2024-05-08,2024-04-25,DE-BY,00+,COVID-19,21.0,21.0,21.0,21.0,21.0,22.0,22.0,24.0,False
KIT-simple_nowcast,hosp,2024-05-08,2024-04-25,DE-HB,00+,COVID-19,0.0,0.0,0.0,0.0,0.0,0.0,0.0,0.0,False
KIT-simple_nowcast,hosp,2024-05-08,2024-04-25,DE-HE,00+,COVID-19,20.0,19.0,19.0,19.0,20.0,21.0,22.0,23.0,False
KIT-simple_nowcast,hosp,2024-05-08,2024-04-25,DE-HH,00+,COVID-19,10.0,10.0,10.0,10.0,10.0,10.0,10.0,10.0,False
KIT-simple_nowcast,hosp,2024-05-08,2024-04-25,DE-MV,00+,COVID-19,3.0,3.0,3.0,3.0,3.0,3.0,4.0,4.0,False
KIT-simple_nowcast,hosp,2024-05-08,2024-04-25,DE-NI,00+,COVID-19,13.0,13.0,13.0,13.0,13.0,14.0,14.0,15.0,False
KIT-simple_nowcast,hosp,2024-05-08,2024-04-25,DE-NW,00+,COVID-19,58.0,55.0,55.0,56.0,57.0,59.0,60.0,62.0,False
KIT-simple_nowcast,hosp,2024-05-08,2024-04-25,DE-RP,00+,COVID-19,16.0,16.0,16.0,16.0,16.0,16.0,17.0,17.0,False
KIT-simple_nowcast,hosp,2024-05-08,2024-04-25,DE-SH,00+,COVID-19,14.0,14.0,14.0,14.0,14.0,15.0,15.0,16.0,False
KIT-simple_nowcast,hosp,2024-05-08,2024-04-25,DE-SL,00+,COVID-19,0.0,0.0,0.0,0.0,0.0,0.0,0.0,0.0,False
KIT-simple_nowcast,hosp,2024-05-08,2024-04-25,DE-SN,00+,COVID-19,7.0,6.0,6.0,6.0,7.0,7.0,8.0,9.0,False
KIT-simple_nowcast,hosp,2024-05-08,2024-04-25,DE-ST,00+,COVID-19,2.0,2.0,2.0,2.0,2.0,2.0,2.0,2.0,False
KIT-simple_nowcast,hosp,2024-05-08,2024-04-25,DE-TH,00+,COVID-19,4.0,4.0,4.0,4.0,4.0,4.0,4.0,4.0,False
KIT-simple_nowcast,hosp,2024-05-08,2024-04-26,DE,00+,COVID-19,212.0,205.0,207.0,209.0,211.0,214.0,217.0,221.0,False
KIT-simple_nowcast,hosp,2024-05-08,2024-04-26,DE,00-04,COVID-19,8.0,8.0,8.0,8.0,8.0,9.0,9.0,10.0,False
KIT-simple_nowcast,hosp,2024-05-08,2024-04-26,DE,05-14,COVID-19,3.0,3.0,3.0,3.0,3.0,3.0,3.0,3.0,False
KIT-simple_nowcast,hosp,2024-05-08,2024-04-26,DE,15-34,COVID-19,11.0,11.0,11.0,11.0,11.0,11.0,12.0,13.0,False
KIT-simple_nowcast,hosp,2024-05-08,2024-04-26,DE,35-59,COVID-19,37.0,36.0,36.0,36.0,37.0,38.0,40.0,42.0,False
KIT-simple_nowcast,hosp,2024-05-08,2024-04-26,DE,60-79,COVID-19,76.0,72.0,73.0,74.0,75.0,77.0,78.0,80.0,False
KIT-simple_nowcast,hosp,2024-05-08,2024-04-26,DE,80+,COVID-19,79.0,75.0,76.0,77.0,79.0,81.0,83.0,86.0,False
KIT-simple_nowcast,hosp,2024-05-08,2024-04-26,DE-BB,00+,COVID-19,6.0,6.0,6.0,6.0,6.0,6.0,6.0,6.0,False
KIT-simple_nowcast,hosp,2024-05-08,2024-04-26,DE-BE,00+,COVID-19,5.0,5.0,5.0,5.0,5.0,5.0,5.0,5.0,False
KIT-simple_nowcast,hosp,2024-05-08,2024-04-26,DE-BW,00+,COVID-19,19.0,16.0,17.0,17.0,19.0,20.0,22.0,24.0,False
KIT-simple_nowcast,hosp,2024-05-08,2024-04-26,DE-BY,00+,COVID-19,21.0,20.0,20.0,20.0,20.0,21.0,22.0,23.0,False
KIT-simple_nowcast,hosp,2024-05-08,2024-04-26,DE-HB,00+,COVID-19,1.0,1.0,1.0,1.0,1.0,1.0,1.0,1.0,False
KIT-simple_nowcast,hosp,2024-05-08,2024-04-26,DE-HE,00+,COVID-19,27.0,25.0,25.0,26.0,26.0,27.0,28.0,30.0,False
KIT-simple_nowcast,hosp,2024-05-08,2024-04-26,DE-HH,00+,COVID-19,12.0,12.0,12.0,12.0,12.0,12.0,12.0,13.0,False
KIT-simple_nowcast,hosp,2024-05-08,2024-04-26,DE-MV,00+,COVID-19,3.0,3.0,3.0,3.0,3.0,3.0,4.0,4.0,False
KIT-simple_nowcast,hosp,2024-05-08,2024-04-26,DE-NI,00+,COVID-19,12.0,12.0,12.0,12.0,12.0,13.0,13.0,14.0,False
KIT-simple_nowcast,hosp,2024-05-08,2024-04-26,DE-NW,00+,COVID-19,64.0,61.0,62.0,63.0,64.0,65.0,67.0,69.0,False
KIT-simple_nowcast,hosp,2024-05-08,2024-04-26,DE-RP,00+,COVID-19,16.0,16.0,16.0,16.0,16.0,16.0,17.0,18.0,False
KIT-simple_nowcast,hosp,2024-05-08,2024-04-26,DE-SH,00+,COVID-19,14.0,13.0,13.0,13.0,13.0,14.0,15.0,15.0,False
KIT-simple_nowcast,hosp,2024-05-08,2024-04-26,DE-SL,00+,COVID-19,0.0,0.0,0.0,0.0,0.0,0.0,0.0,0.0,False
KIT-simple_nowcast,hosp,2024-05-08,2024-04-26,DE-SN,00+,COVID-19,7.0,6.0,6.0,6.0,7.0,7.0,8.0,9.0,False
KIT-simple_nowcast,hosp,2024-05-08,2024-04-26,DE-ST,00+,COVID-19,5.0,5.0,5.0,5.0,5.0,5.0,5.0,5.0,False
KIT-simple_nowcast,hosp,2024-05-08,2024-04-26,DE-TH,00+,COVID-19,3.0,3.0,3.0,3.0,3.0,3.0,3.0,3.0,False
KIT-simple_nowcast,hosp,2024-05-08,2024-04-27,DE,00+,COVID-19,231.0,224.0,226.0,228.0,231.0,234.0,237.0,241.0,False
KIT-simple_nowcast,hosp,2024-05-08,2024-04-27,DE,00-04,COVID-19,4.0,4.0,4.0,4.0,4.0,4.0,5.0,6.0,False
KIT-simple_nowcast,hosp,2024-05-08,2024-04-27,DE,05-14,COVID-19,3.0,3.0,3.0,3.0,3.0,3.0,3.0,3.0,False
KIT-simple_nowcast,hosp,2024-05-08,2024-04-27,DE,15-34,COVID-19,13.0,13.0,13.0,13.0,13.0,13.0,14.0,15.0,False
KIT-simple_nowcast,hosp,2024-05-08,2024-04-27,DE,35-59,COVID-19,38.0,36.0,36.0,36.0,37.0,38.0,40.0,42.0,False
KIT-simple_nowcast,hosp,2024-05-08,2024-04-27,DE,60-79,COVID-19,83.0,80.0,81.0,82.0,83.0,84.0,86.0,88.0,False
KIT-simple_nowcast,hosp,2024-05-08,2024-04-27,DE,80+,COVID-19,93.0,88.0,89.0,91.0,93.0,95.0,98.0,102.0,False
KIT-simple_nowcast,hosp,2024-05-08,2024-04-27,DE-BB,00+,COVID-19,6.0,6.0,6.0,6.0,6.0,6.0,6.0,6.0,False
KIT-simple_nowcast,hosp,2024-05-08,2024-04-27,DE-BE,00+,COVID-19,5.0,5.0,5.0,5.0,5.0,5.0,5.0,6.0,False
KIT-simple_nowcast,hosp,2024-05-08,2024-04-27,DE-BW,00+,COVID-19,23.0,19.0,20.0,21.0,22.0,24.0,26.0,28.0,False
KIT-simple_nowcast,hosp,2024-05-08,2024-04-27,DE-BY,00+,COVID-19,21.0,20.0,20.0,20.0,20.0,21.0,22.0,23.0,False
KIT-simple_nowcast,hosp,2024-05-08,2024-04-27,DE-HB,00+,COVID-19,1.0,1.0,1.0,1.0,1.0,1.0,1.0,1.0,False
KIT-simple_nowcast,hosp,2024-05-08,2024-04-27,DE-HE,00+,COVID-19,33.0,31.0,31.0,32.0,33.0,34.0,35.0,36.0,False
KIT-simple_nowcast,hosp,2024-05-08,2024-04-27,DE-HH,00+,COVID-19,12.0,12.0,12.0,12.0,12.0,12.0,12.0,13.0,False
KIT-simple_nowcast,hosp,2024-05-08,2024-04-27,DE-MV,00+,COVID-19,3.0,3.0,3.0,3.0,3.0,3.0,4.0,4.0,False
KIT-simple_nowcast,hosp,2024-05-08,2024-04-27,DE-NI,00+,COVID-19,20.0,19.0,19.0,19.0,19.0,20.0,21.0,22.0,False
KIT-simple_nowcast,hosp,2024-05-08,2024-04-27,DE-NW,00+,COVID-19,68.0,64.0,65.0,66.0,67.0,69.0,70.0,72.0,False
KIT-simple_nowcast,hosp,2024-05-08,2024-04-27,DE-RP,00+,COVID-19,16.0,16.0,16.0,16.0,16.0,17.0,17.0,18.0,False
KIT-simple_nowcast,hosp,2024-05-08,2024-04-27,DE-SH,00+,COVID-19,11.0,10.0,10.0,10.0,10.0,11.0,11.0,12.0,False
KIT-simple_nowcast,hosp,2024-05-08,2024-04-27,DE-SL,00+,COVID-19,0.0,0.0,0.0,0.0,0.0,0.0,0.0,0.0,False
KIT-simple_nowcast,hosp,2024-05-08,2024-04-27,DE-SN,00+,COVID-19,7.0,6.0,6.0,6.0,7.0,8.0,9.0,10.0,False
KIT-simple_nowcast,hosp,2024-05-08,2024-04-27,DE-ST,00+,COVID-19,5.0,5.0,5.0,5.0,5.0,5.0,5.0,5.0,False
KIT-simple_nowcast,hosp,2024-05-08,2024-04-27,DE-TH,00+,COVID-19,5.0,5.0,5.0,5.0,5.0,5.0,5.0,5.0,False
KIT-simple_nowcast,hosp,2024-05-08,2024-04-28,DE,00+,COVID-19,233.0,225.0,227.0,230.0,232.0,235.0,238.0,242.0,False
KIT-simple_nowcast,hosp,2024-05-08,2024-04-28,DE,00-04,COVID-19,4.0,4.0,4.0,4.0,4.0,4.0,5.0,6.0,False
KIT-simple_nowcast,hosp,2024-05-08,2024-04-28,DE,05-14,COVID-19,3.0,3.0,3.0,3.0,3.0,3.0,3.0,3.0,False
KIT-simple_nowcast,hosp,2024-05-08,2024-04-28,DE,15-34,COVID-19,13.0,13.0,13.0,13.0,13.0,13.0,14.0,15.0,False
KIT-simple_nowcast,hosp,2024-05-08,2024-04-28,DE,35-59,COVID-19,38.0,36.0,36.0,36.0,37.0,38.0,40.0,41.0,False
KIT-simple_nowcast,hosp,2024-05-08,2024-04-28,DE,60-79,COVID-19,84.0,81.0,82.0,83.0,84.0,86.0,87.0,89.0,False
KIT-simple_nowcast,hosp,2024-05-08,2024-04-28,DE,80+,COVID-19,93.0,88.0,90.0,91.0,93.0,95.0,98.0,101.0,False
KIT-simple_nowcast,hosp,2024-05-08,2024-04-28,DE-BB,00+,COVID-19,6.0,6.0,6.0,6.0,6.0,6.0,6.0,6.0,False
KIT-simple_nowcast,hosp,2024-05-08,2024-04-28,DE-BE,00+,COVID-19,5.0,5.0,5.0,5.0,5.0,5.0,5.0,6.0,False
KIT-simple_nowcast,hosp,2024-05-08,2024-04-28,DE-BW,00+,COVID-19,23.0,19.0,20.0,21.0,22.0,24.0,26.0,29.0,False
KIT-simple_nowcast,hosp,2024-05-08,2024-04-28,DE-BY,00+,COVID-19,21.0,20.0,20.0,20.0,20.0,21.0,22.0,23.0,False
KIT-simple_nowcast,hosp,2024-05-08,2024-04-28,DE-HB,00+,COVID-19,1.0,1.0,1.0,1.0,1.0,1.0,1.0,1.0,False
KIT-simple_nowcast,hosp,2024-05-08,2024-04-28,DE-HE,00+,COVID-19,33.0,31.0,31.0,32.0,33.0,34.0,35.0,36.0,False
KIT-simple_nowcast,hosp,2024-05-08,2024-04-28,DE-HH,00+,COVID-19,12.0,12.0,12.0,12.0,12.0,12.0,12.0,13.0,False
KIT-simple_nowcast,hosp,2024-05-08,2024-04-28,DE-MV,00+,COVID-19,3.0,3.0,3.0,3.0,3.0,3.0,4.0,5.0,False
KIT-simple_nowcast,hosp,2024-05-08,2024-04-28,DE-NI,00+,COVID-19,20.0,19.0,19.0,19.0,19.0,20.0,21.0,22.0,False
KIT-simple_nowcast,hosp,2024-05-08,2024-04-28,DE-NW,00+,COVID-19,68.0,64.0,65.0,66.0,67.0,69.0,70.0,72.0,False
KIT-simple_nowcast,hosp,2024-05-08,2024-04-28,DE-RP,00+,COVID-19,17.0,17.0,17.0,17.0,17.0,18.0,18.0,19.0,False
KIT-simple_nowcast,hosp,2024-05-08,2024-04-28,DE-SH,00+,COVID-19,11.0,10.0,10.0,10.0,10.0,11.0,11.0,12.0,False
KIT-simple_nowcast,hosp,2024-05-08,2024-04-28,DE-SL,00+,COVID-19,0.0,0.0,0.0,0.0,0.0,0.0,0.0,0.0,False
KIT-simple_nowcast,hosp,2024-05-08,2024-04-28,DE-SN,00+,COVID-19,7.0,6.0,6.0,6.0,7.0,8.0,9.0,10.0,False
KIT-simple_nowcast,hosp,2024-05-08,2024-04-28,DE-ST,00+,COVID-19,5.0,5.0,5.0,5.0,5.0,5.0,5.0,5.0,False
KIT-simple_nowcast,hosp,2024-05-08,2024-04-28,DE-TH,00+,COVID-19,5.0,5.0,5.0,5.0,5.0,5.0,5.0,5.0,False
KIT-simple_nowcast,hosp,2024-05-08,2024-04-29,DE,00+,COVID-19,234.0,227.0,229.0,231.0,233.0,236.0,239.0,243.0,False
KIT-simple_nowcast,hosp,2024-05-08,2024-04-29,DE,00-04,COVID-19,4.0,4.0,4.0,4.0,4.0,4.0,5.0,6.0,False
KIT-simple_nowcast,hosp,2024-05-08,2024-04-29,DE,05-14,COVID-19,3.0,3.0,3.0,3.0,3.0,3.0,3.0,3.0,False
KIT-simple_nowcast,hosp,2024-05-08,2024-04-29,DE,15-34,COVID-19,13.0,13.0,13.0,13.0,13.0,13.0,14.0,15.0,False
KIT-simple_nowcast,hosp,2024-05-08,2024-04-29,DE,35-59,COVID-19,39.0,37.0,37.0,37.0,38.0,39.0,41.0,42.0,False
KIT-simple_nowcast,hosp,2024-05-08,2024-04-29,DE,60-79,COVID-19,84.0,81.0,82.0,83.0,84.0,86.0,87.0,89.0,False
KIT-simple_nowcast,hosp,2024-05-08,2024-04-29,DE,80+,COVID-19,93.0,89.0,90.0,91.0,93.0,95.0,98.0,101.0,False
KIT-simple_nowcast,hosp,2024-05-08,2024-04-29,DE-BB,00+,COVID-19,6.0,6.0,6.0,6.0,6.0,6.0,6.0,6.0,False
KIT-simple_nowcast,hosp,2024-05-08,2024-04-29,DE-BE,00+,COVID-19,5.0,5.0,5.0,5.0,5.0,5.0,5.0,6.0,False
KIT-simple_nowcast,hosp,2024-05-08,2024-04-29,DE-BW,00+,COVID-19,23.0,19.0,19.0,20.0,22.0,24.0,26.0,30.0,False
KIT-simple_nowcast,hosp,2024-05-08,2024-04-29,DE-BY,00+,COVID-19,21.0,20.0,20.0,20.0,20.0,21.0,22.0,23.0,False
KIT-simple_nowcast,hosp,2024-05-08,2024-04-29,DE-HB,00+,COVID-19,1.0,1.0,1.0,1.0,1.0,1.0,1.0,1.0,False
KIT-simple_nowcast,hosp,2024-05-08,2024-04-29,DE-HE,00+,COVID-19,34.0,32.0,32.0,33.0,34.0,35.0,36.0,38.0,False
KIT-simple_nowcast,hosp,2024-05-08,2024-04-29,DE-HH,00+,COVID-19,12.0,12.0,12.0,12.0,12.0,12.0,12.0,13.0,False
KIT-simple_nowcast,hosp,2024-05-08,2024-04-29,DE-MV,00+,COVID-19,3.0,3.0,3.0,3.0,3.0,3.0,4.0,5.0,False
KIT-simple_nowcast,hosp,2024-05-08,2024-04-29,DE-NI,00+,COVID-19,20.0,19.0,19.0,19.0,19.0,20.0,21.0,22.0,False
KIT-simple_nowcast,hosp,2024-05-08,2024-04-29,DE-NW,00+,COVID-19,68.0,64.0,65.0,66.0,68.0,69.0,70.0,72.0,False
KIT-simple_nowcast,hosp,2024-05-08,2024-04-29,DE-RP,00+,COVID-19,17.0,17.0,17.0,17.0,17.0,18.0,18.0,19.0,False
KIT-simple_nowcast,hosp,2024-05-08,2024-04-29,DE-SH,00+,COVID-19,11.0,10.0,10.0,10.0,10.0,11.0,11.0,12.0,False
KIT-simple_nowcast,hosp,2024-05-08,2024-04-29,DE-SL,00+,COVID-19,0.0,0.0,0.0,0.0,0.0,0.0,0.0,0.0,False
KIT-simple_nowcast,hosp,2024-05-08,2024-04-29,DE-SN,00+,COVID-19,7.0,6.0,6.0,6.0,7.0,8.0,9.0,10.0,False
KIT-simple_nowcast,hosp,2024-05-08,2024-04-29,DE-ST,00+,COVID-19,5.0,5.0,5.0,5.0,5.0,5.0,5.0,5.0,False
KIT-simple_nowcast,hosp,2024-05-08,2024-04-29,DE-TH,00+,COVID-19,5.0,5.0,5.0,5.0,5.0,5.0,5.0,5.0,False
KIT-simple_nowcast,hosp,2024-05-08,2024-04-30,DE,00+,COVID-19,308.0,298.0,301.0,304.0,308.0,312.0,316.0,321.0,False
KIT-simple_nowcast,hosp,2024-05-08,2024-04-30,DE,00-04,COVID-19,12.0,11.0,11.0,11.0,12.0,13.0,14.0,15.0,False
KIT-simple_nowcast,hosp,2024-05-08,2024-04-30,DE,05-14,COVID-19,5.0,5.0,5.0,5.0,5.0,5.0,5.0,5.0,False
KIT-simple_nowcast,hosp,2024-05-08,2024-04-30,DE,15-34,COVID-19,15.0,15.0,15.0,15.0,15.0,15.0,16.0,18.0,False
KIT-simple_nowcast,hosp,2024-05-08,2024-04-30,DE,35-59,COVID-19,54.0,51.0,51.0,52.0,53.0,55.0,56.0,58.0,False
KIT-simple_nowcast,hosp,2024-05-08,2024-04-30,DE,60-79,COVID-19,97.0,93.0,94.0,95.0,97.0,99.0,100.0,102.0,False
KIT-simple_nowcast,hosp,2024-05-08,2024-04-30,DE,80+,COVID-19,128.0,120.0,122.0,125.0,128.0,131.0,135.0,140.0,False
KIT-simple_nowcast,hosp,2024-05-08,2024-04-30,DE-BB,00+,COVID-19,7.0,7.0,7.0,7.0,7.0,7.0,7.0,7.0,False
KIT-simple_nowcast,hosp,2024-05-08,2024-04-30,DE-BE,00+,COVID-19,6.0,6.0,6.0,6.0,6.0,6.0,6.0,7.0,False
KIT-simple_nowcast,hosp,2024-05-08,2024-04-30,DE-BW,00+,COVID-19,29.0,24.0,25.0,26.0,28.0,31.0,35.0,40.0,False
KIT-simple_nowcast,hosp,2024-05-08,2024-04-30,DE-BY,00+,COVID-19,29.0,28.0,28.0,28.0,29.0,30.0,31.0,34.0,False
KIT-simple_nowcast,hosp,2024-05-08,2024-04-30,DE-HB,00+,COVID-19,3.0,3.0,3.0,3.0,3.0,3.0,3.0,3.0,False
KIT-simple_nowcast,hosp,2024-05-08,2024-04-30,DE-HE,00+,COVID-19,37.0,34.0,35.0,36.0,37.0,38.0,39.0,41.0,False
KIT-simple_nowcast,hosp,2024-05-08,2024-04-30,DE-HH,00+,COVID-19,19.0,19.0,19.0,19.0,19.0,19.0,20.0,22.0,False
KIT-simple_nowcast,hosp,2024-05-08,2024-04-30,DE-MV,00+,COVID-19,7.0,6.0,6.0,6.0,6.0,7.0,9.0,12.0,False
KIT-simple_nowcast,hosp,2024-05-08,2024-04-30,DE-NI,00+,COVID-19,24.0,23.0,23.0,23.0,24.0,25.0,26.0,27.0,False
KIT-simple_nowcast,hosp,2024-05-08,2024-04-30,DE-NW,00+,COVID-19,96.0,91.0,92.0,94.0,95.0,97.0,99.0,101.0,False
KIT-simple_nowcast,hosp,2024-05-08,2024-04-30,DE-RP,00+,COVID-19,25.0,24.0,24.0,24.0,25.0,26.0,27.0,28.0,False
KIT-simple_nowcast,hosp,2024-05-08,2024-04-30,DE-SH,00+,COVID-19,11.0,10.0,10.0,10.0,11.0,11.0,12.0,13.0,False
KIT-simple_nowcast,hosp,2024-05-08,2024-04-30,DE-SL,00+,COVID-19,0.0,0.0,0.0,0.0,0.0,0.0,0.0,0.0,False
KIT-simple_nowcast,hosp,2024-05-08,2024-04-30,DE-SN,00+,COVID-19,6.0,5.0,5.0,5.0,6.0,7.0,8.0,9.0,False
KIT-simple_nowcast,hosp,2024-05-08,2024-04-30,DE-ST,00+,COVID-19,8.0,8.0,8.0,8.0,8.0,8.0,8.0,8.0,False
KIT-simple_nowcast,hosp,2024-05-08,2024-04-30,DE-TH,00+,COVID-19,4.0,4.0,4.0,4.0,4.0,4.0,4.0,4.0,False
KIT-simple_nowcast,hosp,2024-05-08,2024-05-01,DE,00+,COVID-19,338.0,326.0,329.0,333.0,337.0,342.0,347.0,353.0,False
KIT-simple_nowcast,hosp,2024-05-08,2024-05-01,DE,00-04,COVID-19,11.0,10.0,10.0,10.0,11.0,12.0,13.0,14.0,False
KIT-simple_nowcast,hosp,2024-05-08,2024-05-01,DE,05-14,COVID-19,8.0,8.0,8.0,8.0,8.0,8.0,9.0,10.0,False
KIT-simple_nowcast,hosp,2024-05-08,2024-05-01,DE,15-34,COVID-19,14.0,14.0,14.0,14.0,14.0,15.0,15.0,17.0,False
KIT-simple_nowcast,hosp,2024-05-08,2024-05-01,DE,35-59,COVID-19,51.0,49.0,49.0,50.0,51.0,53.0,54.0,56.0,False
KIT-simple_nowcast,hosp,2024-05-08,2024-05-01,DE,60-79,COVID-19,113.0,108.0,109.0,111.0,113.0,115.0,117.0,119.0,False
KIT-simple_nowcast,hosp,2024-05-08,2024-05-01,DE,80+,COVID-19,143.0,134.0,137.0,139.0,143.0,147.0,151.0,157.0,False
KIT-simple_nowcast,hosp,2024-05-08,2024-05-01,DE-BB,00+,COVID-19,24.0,24.0,24.0,24.0,24.0,24.0,24.0,24.0,False
KIT-simple_nowcast,hosp,2024-05-08,2024-05-01,DE-BE,00+,COVID-19,6.0,6.0,6.0,6.0,6.0,6.0,7.0,7.0,False
KIT-simple_nowcast,hosp,2024-05-08,2024-05-01,DE-BW,00+,COVID-19,31.0,25.0,26.0,27.0,30.0,33.0,38.0,44.0,False
KIT-simple_nowcast,hosp,2024-05-08,2024-05-01,DE-BY,00+,COVID-19,32.0,30.0,30.0,30.0,31.0,32.0,34.0,37.0,False
KIT-simple_nowcast,hosp,2024-05-08,2024-05-01,DE-HB,00+,COVID-19,3.0,3.0,3.0,3.0,3.0,3.0,3.0,3.0,False
KIT-simple_nowcast,hosp,2024-05-08,2024-05-01,DE-HE,00+,COVID-19,36.0,33.0,34.0,35.0,36.0,37.0,39.0,41.0,False
KIT-simple_nowcast,hosp,2024-05-08,2024-05-01,DE-HH,00+,COVID-19,16.0,16.0,16.0,16.0,16.0,17.0,17.0,19.0,False
KIT-simple_nowcast,hosp,2024-05-08,2024-05-01,DE-MV,00+,COVID-19,6.0,5.0,5.0,5.0,5.0,6.0,8.0,12.0,False
KIT-simple_nowcast,hosp,2024-05-08,2024-05-01,DE-NI,00+,COVID-19,23.0,22.0,22.0,22.0,23.0,24.0,25.0,26.0,False
KIT-simple_nowcast,hosp,2024-05-08,2024-05-01,DE-NW,00+,COVID-19,90.0,85.0,87.0,88.0,90.0,91.0,93.0,95.0,False
KIT-simple_nowcast,hosp,2024-05-08,2024-05-01,DE-RP,00+,COVID-19,30.0,28.0,28.0,29.0,30.0,31.0,32.0,33.0,False
KIT-simple_nowcast,hosp,2024-05-08,2024-05-01,DE-SH,00+,COVID-19,22.0,20.0,20.0,21.0,21.0,22.0,23.0,25.0,False
KIT-simple_nowcast,hosp,2024-05-08,2024-05-01,DE-SL,00+,COVID-19,0.0,0.0,0.0,0.0,0.0,0.0,0.0,0.0,False
KIT-simple_nowcast,hosp,2024-05-08,2024-05-01,DE-SN,00+,COVID-19,5.0,4.0,4.0,4.0,5.0,5.0,6.0,8.0,False
KIT-simple_nowcast,hosp,2024-05-08,2024-05-01,DE-ST,00+,COVID-19,11.0,11.0,11.0,11.0,11.0,11.0,11.0,11.0,False
KIT-simple_nowcast,hosp,2024-05-08,2024-05-01,DE-TH,00+,COVID-19,4.0,4.0,4.0,4.0,4.0,4.0,4.0,4.0,False
KIT-simple_nowcast,hosp,2024-05-08,2024-05-02,DE,00+,COVID-19,315.0,303.0,307.0,310.0,314.0,319.0,324.0,330.0,False
KIT-simple_nowcast,hosp,2024-05-08,2024-05-02,DE,00-04,COVID-19,10.0,9.0,9.0,9.0,10.0,11.0,12.0,13.0,False
KIT-simple_nowcast,hosp,2024-05-08,2024-05-02,DE,05-14,COVID-19,7.0,7.0,7.0,7.0,7.0,7.0,8.0,9.0,False
KIT-simple_nowcast,hosp,2024-05-08,2024-05-02,DE,15-34,COVID-19,13.0,13.0,13.0,13.0,13.0,14.0,14.0,15.0,False
KIT-simple_nowcast,hosp,2024-05-08,2024-05-02,DE,35-59,COVID-19,46.0,44.0,44.0,45.0,46.0,47.0,48.0,50.0,False
KIT-simple_nowcast,hosp,2024-05-08,2024-05-02,DE,60-79,COVID-19,104.0,99.0,100.0,102.0,103.0,105.0,107.0,109.0,False
KIT-simple_nowcast,hosp,2024-05-08,2024-05-02,DE,80+,COVID-19,137.0,128.0,131.0,133.0,137.0,140.0,144.0,150.0,False
KIT-simple_nowcast,hosp,2024-05-08,2024-05-02,DE-BB,00+,COVID-19,23.0,23.0,23.0,23.0,23.0,23.0,23.0,23.0,False
KIT-simple_nowcast,hosp,2024-05-08,2024-05-02,DE-BE,00+,COVID-19,5.0,5.0,5.0,5.0,5.0,5.0,6.0,6.0,False
KIT-simple_nowcast,hosp,2024-05-08,2024-05-02,DE-BW,00+,COVID-19,27.0,22.0,23.0,24.0,26.0,30.0,34.0,39.0,False
KIT-simple_nowcast,hosp,2024-05-08,2024-05-02,DE-BY,00+,COVID-19,31.0,29.0,29.0,29.0,30.0,31.0,33.0,36.0,False
KIT-simple_nowcast,hosp,2024-05-08,2024-05-02,DE-HB,00+,COVID-19,3.0,3.0,3.0,3.0,3.0,3.0,3.0,3.0,False
KIT-simple_nowcast,hosp,2024-05-08,2024-05-02,DE-HE,00+,COVID-19,34.0,31.0,32.0,33.0,34.0,35.0,37.0,39.0,False
KIT-simple_nowcast,hosp,2024-05-08,2024-05-02,DE-HH,00+,COVID-19,15.0,15.0,15.0,15.0,15.0,16.0,16.0,17.0,False
KIT-simple_nowcast,hosp,2024-05-08,2024-05-02,DE-MV,00+,COVID-19,6.0,5.0,5.0,5.0,5.0,6.0,8.0,12.0,False
KIT-simple_nowcast,hosp,2024-05-08,2024-05-02,DE-NI,00+,COVID-19,22.0,21.0,21.0,21.0,22.0,23.0,24.0,25.0,False
KIT-simple_nowcast,hosp,2024-05-08,2024-05-02,DE-NW,00+,COVID-19,81.0,77.0,78.0,79.0,81.0,83.0,85.0,87.0,False
KIT-simple_nowcast,hosp,2024-05-08,2024-05-02,DE-RP,00+,COVID-19,30.0,28.0,28.0,29.0,30.0,31.0,32.0,33.0,False
KIT-simple_nowcast,hosp,2024-05-08,2024-05-02,DE-SH,00+,COVID-19,19.0,18.0,18.0,19.0,19.0,20.0,21.0,22.0,False
KIT-simple_nowcast,hosp,2024-05-08,2024-05-02,DE-SL,00+,COVID-19,0.0,0.0,0.0,0.0,0.0,0.0,0.0,0.0,False
KIT-simple_nowcast,hosp,2024-05-08,2024-05-02,DE-SN,00+,COVID-19,4.0,3.0,3.0,3.0,3.0,4.0,5.0,6.0,False
KIT-simple_nowcast,hosp,2024-05-08,2024-05-02,DE-ST,00+,COVID-19,10.0,10.0,10.0,10.0,10.0,10.0,10.0,10.0,False
KIT-simple_nowcast,hosp,2024-05-08,2024-05-02,DE-TH,00+,COVID-19,4.0,4.0,4.0,4.0,4.0,4.0,4.0,4.0,False
KIT-simple_nowcast,hosp,2024-05-08,2024-05-03,DE,00+,COVID-19,332.0,317.0,321.0,326.0,331.0,337.0,343.0,350.0,False
KIT-simple_nowcast,hosp,2024-05-08,2024-05-03,DE,00-04,COVID-19,12.0,10.0,10.0,11.0,12.0,13.0,14.0,15.0,False
KIT-simple_nowcast,hosp,2024-05-08,2024-05-03,DE,05-14,COVID-19,5.0,5.0,5.0,5.0,5.0,5.0,6.0,7.0,False
KIT-simple_nowcast,hosp,2024-05-08,2024-05-03,DE,15-34,COVID-19,16.0,15.0,15.0,15.0,15.0,16.0,17.0,18.0,False
KIT-simple_nowcast,hosp,2024-05-08,2024-05-03,DE,35-59,COVID-19,46.0,43.0,44.0,44.0,45.0,47.0,48.0,50.0,False
KIT-simple_nowcast,hosp,2024-05-08,2024-05-03,DE,60-79,COVID-19,105.0,99.0,101.0,102.0,104.0,107.0,109.0,111.0,False
KIT-simple_nowcast,hosp,2024-05-08,2024-05-03,DE,80+,COVID-19,152.0,141.0,144.0,147.0,151.0,156.0,161.0,167.0,False
KIT-simple_nowcast,hosp,2024-05-08,2024-05-03,DE-BB,00+,COVID-19,25.0,25.0,25.0,25.0,25.0,25.0,25.0,25.0,False
KIT-simple_nowcast,hosp,2024-05-08,2024-05-03,DE-BE,00+,COVID-19,9.0,8.0,8.0,8.0,8.0,9.0,10.0,10.0,False
KIT-simple_nowcast,hosp,2024-05-08,2024-05-03,DE-BW,00+,COVID-19,27.0,21.0,22.0,23.0,26.0,30.0,34.0,40.0,False
KIT-simple_nowcast,hosp,2024-05-08,2024-05-03,DE-BY,00+,COVID-19,29.0,27.0,27.0,27.0,28.0,30.0,32.0,35.0,False
KIT-simple_nowcast,hosp,2024-05-08,2024-05-03,DE-HB,00+,COVID-19,2.0,2.0,2.0,2.0,2.0,2.0,2.0,2.0,False
KIT-simple_nowcast,hosp,2024-05-08,2024-05-03,DE-HE,00+,COVID-19,37.0,32.0,34.0,35.0,36.0,38.0,40.0,43.0,False
KIT-simple_nowcast,hosp,2024-05-08,2024-05-03,DE-HH,00+,COVID-19,21.0,20.0,20.0,20.0,21.0,22.0,23.0,24.0,False
KIT-simple_nowcast,hosp,2024-05-08,2024-05-03,DE-MV,00+,COVID-19,6.0,5.0,5.0,5.0,5.0,6.0,8.0,12.0,False
KIT-simple_nowcast,hosp,2024-05-08,2024-05-03,DE-NI,00+,COVID-19,21.0,20.0,20.0,20.0,21.0,22.0,23.0,24.0,False
KIT-simple_nowcast,hosp,2024-05-08,2024-05-03,DE-NW,00+,COVID-19,78.0,73.0,74.0,76.0,78.0,80.0,82.0,84.0,False
KIT-simple_nowcast,hosp,2024-05-08,2024-05-03,DE-RP,00+,COVID-19,32.0,29.0,30.0,30.0,31.0,33.0,34.0,35.0,False
KIT-simple_nowcast,hosp,2024-05-08,2024-05-03,DE-SH,00+,COVID-19,28.0,25.0,26.0,27.0,28.0,29.0,30.0,32.0,False
KIT-simple_nowcast,hosp,2024-05-08,2024-05-03,DE-SL,00+,COVID-19,0.0,0.0,0.0,0.0,0.0,0.0,0.0,0.0,False
KIT-simple_nowcast,hosp,2024-05-08,2024-05-03,DE-SN,00+,COVID-19,2.0,2.0,2.0,2.0,2.0,3.0,3.0,5.0,False
KIT-simple_nowcast,hosp,2024-05-08,2024-05-03,DE-ST,00+,COVID-19,9.0,9.0,9.0,9.0,9.0,9.0,9.0,10.0,False
KIT-simple_nowcast,hosp,2024-05-08,2024-05-03,DE-TH,00+,COVID-19,6.0,6.0,6.0,6.0,6.0,6.0,6.0,7.0,False
KIT-simple_nowcast,hosp,2024-05-08,2024-05-04,DE,00+,COVID-19,338.0,320.0,325.0,330.0,337.0,344.0,351.0,360.0,False
KIT-simple_nowcast,hosp,2024-05-08,2024-05-04,DE,00-04,COVID-19,15.0,12.0,13.0,13.0,14.0,16.0,17.0,18.0,False
KIT-simple_nowcast,hosp,2024-05-08,2024-05-04,DE,05-14,COVID-19,5.0,5.0,5.0,5.0,5.0,5.0,6.0,7.0,False
KIT-simple_nowcast,hosp,2024-05-08,2024-05-04,DE,15-34,COVID-19,17.0,16.0,16.0,16.0,17.0,18.0,19.0,21.0,False
KIT-simple_nowcast,hosp,2024-05-08,2024-05-04,DE,35-59,COVID-19,46.0,43.0,44.0,45.0,46.0,47.0,49.0,51.0,False
KIT-simple_nowcast,hosp,2024-05-08,2024-05-04,DE,60-79,COVID-19,101.0,94.0,96.0,98.0,100.0,103.0,105.0,108.0,False
KIT-simple_nowcast,hosp,2024-05-08,2024-05-04,DE,80+,COVID-19,157.0,145.0,148.0,152.0,156.0,162.0,167.0,173.0,False
KIT-simple_nowcast,hosp,2024-05-08,2024-05-04,DE-BB,00+,COVID-19,25.0,25.0,25.0,25.0,25.0,25.0,25.0,25.0,False
KIT-simple_nowcast,hosp,2024-05-08,2024-05-04,DE-BE,00+,COVID-19,10.0,9.0,9.0,9.0,10.0,11.0,11.0,13.0,False
KIT-simple_nowcast,hosp,2024-05-08,2024-05-04,DE-BW,00+,COVID-19,27.0,20.0,21.0,23.0,26.0,30.0,35.0,42.0,False
KIT-simple_nowcast,hosp,2024-05-08,2024-05-04,DE-BY,00+,COVID-19,29.0,27.0,27.0,27.0,29.0,30.0,32.0,36.0,False
KIT-simple_nowcast,hosp,2024-05-08,2024-05-04,DE-HB,00+,COVID-19,2.0,2.0,2.0,2.0,2.0,2.0,2.0,2.0,False
KIT-simple_nowcast,hosp,2024-05-08,2024-05-04,DE-HE,00+,COVID-19,37.0,32.0,33.0,35.0,37.0,39.0,41.0,45.0,False
KIT-simple_nowcast,hosp,2024-05-08,2024-05-04,DE-HH,00+,COVID-19,20.0,19.0,19.0,19.0,20.0,21.0,23.0,25.0,False
KIT-simple_nowcast,hosp,2024-05-08,2024-05-04,DE-MV,00+,COVID-19,7.0,6.0,6.0,6.0,6.0,7.0,10.0,15.0,False
KIT-simple_nowcast,hosp,2024-05-08,2024-05-04,DE-NI,00+,COVID-19,17.0,16.0,16.0,16.0,17.0,18.0,19.0,21.0,False
KIT-simple_nowcast,hosp,2024-05-08,2024-05-04,DE-NW,00+,COVID-19,80.0,74.0,76.0,78.0,80.0,82.0,84.0,87.0,False
KIT-simple_nowcast,hosp,2024-05-08,2024-05-04,DE-RP,00+,COVID-19,33.0,30.0,31.0,32.0,33.0,34.0,36.0,38.0,False
KIT-simple_nowcast,hosp,2024-05-08,2024-05-04,DE-SH,00+,COVID-19,34.0,31.0,32.0,33.0,34.0,35.0,37.0,38.0,False
KIT-simple_nowcast,hosp,2024-05-08,2024-05-04,DE-SL,00+,COVID-19,0.0,0.0,0.0,0.0,0.0,0.0,0.0,0.0,False
KIT-simple_nowcast,hosp,2024-05-08,2024-05-04,DE-SN,00+,COVID-19,1.0,1.0,1.0,1.0,1.0,1.0,2.0,3.0,False
KIT-simple_nowcast,hosp,2024-05-08,2024-05-04,DE-ST,00+,COVID-19,9.0,9.0,9.0,9.0,9.0,9.0,9.0,10.0,False
KIT-simple_nowcast,hosp,2024-05-08,2024-05-04,DE-TH,00+,COVID-19,5.0,5.0,5.0,5.0,5.0,5.0,6.0,7.0,False
KIT-simple_nowcast,hosp,2024-05-08,2024-05-05,DE,00+,COVID-19,340.0,319.0,325.0,331.0,339.0,348.0,357.0,368.0,False
KIT-simple_nowcast,hosp,2024-05-08,2024-05-05,DE,00-04,COVID-19,15.0,12.0,13.0,13.0,14.0,16.0,17.0,18.0,False
KIT-simple_nowcast,hosp,2024-05-08,2024-05-05,DE,05-14,COVID-19,5.0,5.0,5.0,5.0,5.0,5.0,6.0,7.0,False
KIT-simple_nowcast,hosp,2024-05-08,2024-05-05,DE,15-34,COVID-19,19.0,17.0,17.0,17.0,18.0,19.0,20.0,22.0,False
KIT-simple_nowcast,hosp,2024-05-08,2024-05-05,DE,35-59,COVID-19,46.0,43.0,44.0,44.0,46.0,47.0,49.0,52.0,False
KIT-simple_nowcast,hosp,2024-05-08,2024-05-05,DE,60-79,COVID-19,101.0,94.0,96.0,98.0,100.0,103.0,106.0,110.0,False
KIT-simple_nowcast,hosp,2024-05-08,2024-05-05,DE,80+,COVID-19,158.0,145.0,148.0,152.0,157.0,164.0,170.0,178.0,False
KIT-simple_nowcast,hosp,2024-05-08,2024-05-05,DE-BB,00+,COVID-19,25.0,25.0,25.0,25.0,25.0,25.0,25.0,25.0,False
KIT-simple_nowcast,hosp,2024-05-08,2024-05-05,DE-BE,00+,COVID-19,10.0,9.0,9.0,9.0,10.0,11.0,12.0,13.0,False
KIT-simple_nowcast,hosp,2024-05-08,2024-05-05,DE-BW,00+,COVID-19,27.0,20.0,21.0,23.0,26.0,30.0,35.0,42.0,False
KIT-simple_nowcast,hosp,2024-05-08,2024-05-05,DE-BY,00+,COVID-19,30.0,28.0,28.0,29.0,30.0,32.0,34.0,37.0,False
KIT-simple_nowcast,hosp,2024-05-08,2024-05-05,DE-HB,00+,COVID-19,2.0,2.0,2.0,2.0,2.0,2.0,2.0,2.0,False
KIT-simple_nowcast,hosp,2024-05-08,2024-05-05,DE-HE,00+,COVID-19,38.0,33.0,34.0,36.0,38.0,40.0,43.0,47.0,False
KIT-simple_nowcast,hosp,2024-05-08,2024-05-05,DE-HH,00+,COVID-19,20.0,19.0,19.0,19.0,20.0,21.0,22.0,24.0,False
KIT-simple_nowcast,hosp,2024-05-08,2024-05-05,DE-MV,00+,COVID-19,7.0,6.0,6.0,6.0,6.0,7.0,10.0,15.0,False
KIT-simple_nowcast,hosp,2024-05-08,2024-05-05,DE-NI,00+,COVID-19,19.0,17.0,17.0,17.0,18.0,19.0,21.0,23.0,False
KIT-simple_nowcast,hosp,2024-05-08,2024-05-05,DE-NW,00+,COVID-19,80.0,74.0,76.0,77.0,80.0,82.0,85.0,88.0,False
KIT-simple_nowcast,hosp,2024-05-08,2024-05-05,DE-RP,00+,COVID-19,32.0,29.0,29.0,30.0,32.0,33.0,36.0,39.0,False
KIT-simple_nowcast,hosp,2024-05-08,2024-05-05,DE-SH,00+,COVID-19,34.0,30.0,31.0,32.0,34.0,36.0,37.0,40.0,False
KIT-simple_nowcast,hosp,2024-05-08,2024-05-05,DE-SL,00+,COVID-19,0.0,0.0,0.0,0.0,0.0,0.0,0.0,0.0,False
KIT-simple_nowcast,hosp,2024-05-08,2024-05-05,DE-SN,00+,COVID-19,1.0,1.0,1.0,1.0,1.0,1.0,2.0,3.0,False
KIT-simple_nowcast,hosp,2024-05-08,2024-05-05,DE-ST,00+,COVID-19,9.0,9.0,9.0,9.0,9.0,9.0,9.0,10.0,False
KIT-simple_nowcast,hosp,2024-05-08,2024-05-05,DE-TH,00+,COVID-19,5.0,5.0,5.0,5.0,5.0,5.0,6.0,7.0,False
KIT-simple_nowcast,hosp,2024-05-08,2024-05-06,DE,00+,COVID-19,343.0,316.0,322.0,330.0,340.0,353.0,366.0,383.0,False
KIT-simple_nowcast,hosp,2024-05-08,2024-05-06,DE,00-04,COVID-19,15.0,12.0,13.0,13.0,14.0,16.0,17.0,18.0,False
KIT-simple_nowcast,hosp,2024-05-08,2024-05-06,DE,05-14,COVID-19,5.0,5.0,5.0,5.0,5.0,5.0,6.0,7.0,False
KIT-simple_nowcast,hosp,2024-05-08,2024-05-06,DE,15-34,COVID-19,19.0,17.0,17.0,17.0,18.0,19.0,21.0,22.0,False
KIT-simple_nowcast,hosp,2024-05-08,2024-05-06,DE,35-59,COVID-19,46.0,42.0,43.0,44.0,45.0,47.0,50.0,53.0,False
KIT-simple_nowcast,hosp,2024-05-08,2024-05-06,DE,60-79,COVID-19,102.0,94.0,96.0,98.0,101.0,105.0,109.0,115.0,False
KIT-simple_nowcast,hosp,2024-05-08,2024-05-06,DE,80+,COVID-19,160.0,144.0,148.0,152.0,158.0,166.0,174.0,185.0,False
KIT-simple_nowcast,hosp,2024-05-08,2024-05-06,DE-BB,00+,COVID-19,25.0,25.0,25.0,25.0,25.0,25.0,25.0,25.0,False
KIT-simple_nowcast,hosp,2024-05-08,2024-05-06,DE-BE,00+,COVID-19,10.0,9.0,9.0,9.0,10.0,11.0,12.0,13.0,False
KIT-simple_nowcast,hosp,2024-05-08,2024-05-06,DE-BW,00+,COVID-19,27.0,20.0,21.0,23.0,26.0,30.0,35.0,42.0,False
KIT-simple_nowcast,hosp,2024-05-08,2024-05-06,DE-BY,00+,COVID-19,30.0,28.0,28.0,29.0,30.0,32.0,34.0,37.0,False
KIT-simple_nowcast,hosp,2024-05-08,2024-05-06,DE-HB,00+,COVID-19,2.0,2.0,2.0,2.0,2.0,2.0,2.0,2.0,False
KIT-simple_nowcast,hosp,2024-05-08,2024-05-06,DE-HE,00+,COVID-19,37.0,32.0,33.0,35.0,37.0,39.0,42.0,46.0,False
KIT-simple_nowcast,hosp,2024-05-08,2024-05-06,DE-HH,00+,COVID-19,20.0,19.0,19.0,19.0,20.0,21.0,22.0,24.0,False
KIT-simple_nowcast,hosp,2024-05-08,2024-05-06,DE-MV,00+,COVID-19,7.0,6.0,6.0,6.0,6.0,7.0,10.0,15.0,False
KIT-simple_nowcast,hosp,2024-05-08,2024-05-06,DE-NI,00+,COVID-19,19.0,17.0,17.0,17.0,18.0,20.0,21.0,23.0,False
KIT-simple_nowcast,hosp,2024-05-08,2024-05-06,DE-NW,00+,COVID-19,81.0,73.0,75.0,77.0,80.0,83.0,88.0,94.0,False
KIT-simple_nowcast,hosp,2024-05-08,2024-05-06,DE-RP,00+,COVID-19,32.0,29.0,29.0,30.0,31.0,34.0,36.0,40.0,False
KIT-simple_nowcast,hosp,2024-05-08,2024-05-06,DE-SH,00+,COVID-19,35.0,31.0,32.0,33.0,35.0,37.0,40.0,45.0,False
KIT-simple_nowcast,hosp,2024-05-08,2024-05-06,DE-SL,00+,COVID-19,0.0,0.0,0.0,0.0,0.0,0.0,0.0,0.0,False
KIT-simple_nowcast,hosp,2024-05-08,2024-05-06,DE-SN,00+,COVID-19,3.0,2.0,2.0,2.0,3.0,4.0,5.0,7.0,False
KIT-simple_nowcast,hosp,2024-05-08,2024-05-06,DE-ST,00+,COVID-19,9.0,9.0,9.0,9.0,9.0,9.0,9.0,10.0,False
KIT-simple_nowcast,hosp,2024-05-08,2024-05-06,DE-TH,00+,COVID-19,5.0,5.0,5.0,5.0,5.0,5.0,6.0,6.0,False
KIT-simple_nowcast,hosp,2024-05-08,2024-05-07,DE,00+,COVID-19,346.0,293.0,305.0,320.0,341.0,366.0,394.0,431.0,False
KIT-simple_nowcast,hosp,2024-05-08,2024-05-07,DE,00-04,COVID-19,20.0,14.0,16.0,17.0,19.0,22.0,24.0,27.0,False
KIT-simple_nowcast,hosp,2024-05-08,2024-05-07,DE,05-14,COVID-19,4.0,4.0,4.0,4.0,4.0,5.0,6.0,7.0,False
KIT-simple_nowcast,hosp,2024-05-08,2024-05-07,DE,15-34,COVID-19,20.0,17.0,17.0,18.0,20.0,21.0,23.0,26.0,False
KIT-simple_nowcast,hosp,2024-05-08,2024-05-07,DE,35-59,COVID-19,37.0,31.0,32.0,34.0,36.0,40.0,44.0,49.0,False
KIT-simple_nowcast,hosp,2024-05-08,2024-05-07,DE,60-79,COVID-19,114.0,97.0,101.0,106.0,112.0,121.0,130.0,141.0,False
KIT-simple_nowcast,hosp,2024-05-08,2024-05-07,DE,80+,COVID-19,154.0,127.0,133.0,141.0,151.0,165.0,179.0,198.0,False
KIT-simple_nowcast,hosp,2024-05-08,2024-05-07,DE-BB,00+,COVID-19,22.0,22.0,22.0,22.0,22.0,22.0,23.0,24.0,False
KIT-simple_nowcast,hosp,2024-05-08,2024-05-07,DE-BE,00+,COVID-19,12.0,10.0,10.0,10.0,11.0,13.0,15.0,17.0,False
KIT-simple_nowcast,hosp,2024-05-08,2024-05-07,DE-BW,00+,COVID-19,35.0,22.0,24.0,27.0,33.0,40.0,48.0,60.0,False
KIT-simple_nowcast,hosp,2024-05-08,2024-05-07,DE-BY,00+,COVID-19,33.0,27.0,28.0,29.0,32.0,35.0,40.0,47.0,False
KIT-simple_nowcast,hosp,2024-05-08,2024-05-07,DE-HB,00+,COVID-19,1.0,1.0,1.0,1.0,1.0,1.0,1.0,2.0,False
KIT-simple_nowcast,hosp,2024-05-08,2024-05-07,DE-HE,00+,COVID-19,33.0,27.0,28.0,30.0,33.0,36.0,40.0,44.0,False
KIT-simple_nowcast,hosp,2024-05-08,2024-05-07,DE-HH,00+,COVID-19,17.0,14.0,15.0,15.0,17.0,18.0,20.0,22.0,False
KIT-simple_nowcast,hosp,2024-05-08,2024-05-07,DE-MV,00+,COVID-19,8.0,4.0,4.0,4.0,5.0,8.0,16.0,30.0,False
KIT-simple_nowcast,hosp,2024-05-08,2024-05-07,DE-NI,00+,COVID-19,17.0,13.0,13.0,14.0,16.0,18.0,21.0,25.0,False
KIT-simple_nowcast,hosp,2024-05-08,2024-05-07,DE-NW,00+,COVID-19,71.0,58.0,60.0,63.0,69.0,76.0,84.0,95.0,False
KIT-simple_nowcast,hosp,2024-05-08,2024-05-07,DE-RP,00+,COVID-19,50.0,35.0,37.0,41.0,47.0,55.0,66.0,82.0,False
KIT-simple_nowcast,hosp,2024-05-08,2024-05-07,DE-SH,00+,COVID-19,32.0,27.0,27.0,29.0,31.0,34.0,38.0,43.0,False
KIT-simple_nowcast,hosp,2024-05-08,2024-05-07,DE-SL,00+,COVID-19,2.0,1.0,1.0,1.0,1.0,2.0,3.0,4.0,False
KIT-simple_nowcast,hosp,2024-05-08,2024-05-07,DE-SN,00+,COVID-19,2.0,1.0,1.0,1.0,1.0,2.0,4.0,6.0,False
KIT-simple_nowcast,hosp,2024-05-08,2024-05-07,DE-ST,00+,COVID-19,8.0,8.0,8.0,8.0,8.0,8.0,10.0,11.0,False
KIT-simple_nowcast,hosp,2024-05-08,2024-05-07,DE-TH,00+,COVID-19,9.0,8.0,8.0,8.0,8.0,10.0,11.0,15.0,False
KIT-simple_nowcast,hosp,2024-05-08,2024-05-08,DE,00+,COVID-19,309.0,247.0,262.0,279.0,303.0,333.0,364.0,406.0,False
KIT-simple_nowcast,hosp,2024-05-08,2024-05-08,DE,00-04,COVID-19,20.0,14.0,15.0,17.0,19.0,22.0,25.0,30.0,False
KIT-simple_nowcast,hosp,2024-05-08,2024-05-08,DE,05-14,COVID-19,1.0,1.0,1.0,1.0,1.0,1.0,2.0,3.0,False
KIT-simple_nowcast,hosp,2024-05-08,2024-05-08,DE,15-34,COVID-19,20.0,16.0,17.0,18.0,20.0,21.0,24.0,26.0,False
KIT-simple_nowcast,hosp,2024-05-08,2024-05-08,DE,35-59,COVID-19,33.0,28.0,29.0,30.0,33.0,35.0,38.0,42.0,False
KIT-simple_nowcast,hosp,2024-05-08,2024-05-08,DE,60-79,COVID-19,110.0,85.0,91.0,98.0,108.0,120.0,133.0,150.0,False
KIT-simple_nowcast,hosp,2024-05-08,2024-05-08,DE,80+,COVID-19,129.0,100.0,106.0,114.0,125.0,140.0,156.0,177.0,False
KIT-simple_nowcast,hosp,2024-05-08,2024-05-08,DE-BB,00+,COVID-19,5.0,5.0,5.0,5.0,5.0,5.0,6.0,7.0,False
KIT-simple_nowcast,hosp,2024-05-08,2024-05-08,DE-BE,00+,COVID-19,11.0,9.0,9.0,9.0,10.0,12.0,14.0,16.0,False
KIT-simple_nowcast,hosp,2024-05-08,2024-05-08,DE-BW,00+,COVID-19,28.0,17.0,19.0,22.0,26.0,33.0,40.0,50.0,False
KIT-simple_nowcast,hosp,2024-05-08,2024-05-08,DE-BY,00+,COVID-19,42.0,31.0,33.0,36.0,40.0,46.0,53.0,63.0,False
KIT-simple_nowcast,hosp,2024-05-08,2024-05-08,DE-HB,00+,COVID-19,1.0,1.0,1.0,1.0,1.0,1.0,1.0,2.0,False
KIT-simple_nowcast,hosp,2024-05-08,2024-05-08,DE-HE,00+,COVID-19,28.0,21.0,22.0,24.0,27.0,30.0,34.0,39.0,False
KIT-simple_nowcast,hosp,2024-05-08,2024-05-08,DE-HH,00+,COVID-19,16.0,13.0,13.0,14.0,15.0,17.0,19.0,21.0,False
KIT-simple_nowcast,hosp,2024-05-08,2024-05-08,DE-MV,00+,COVID-19,7.0,3.0,3.0,3.0,4.0,7.0,14.0,29.0,False
KIT-simple_nowcast,hosp,2024-05-08,2024-05-08,DE-NI,00+,COVID-19,16.0,12.0,12.0,13.0,15.0,17.0,20.0,24.0,False
KIT-simple_nowcast,hosp,2024-05-08,2024-05-08,DE-NW,00+,COVID-19,74.0,55.0,59.0,64.0,71.0,81.0,92.0,107.0,False
KIT-simple_nowcast,hosp,2024-05-08,2024-05-08,DE-RP,00+,COVID-19,42.0,28.0,29.0,32.0,38.0,48.0,60.0,77.0,False
KIT-simple_nowcast,hosp,2024-05-08,2024-05-08,DE-SH,00+,COVID-19,25.0,19.0,20.0,21.0,24.0,28.0,32.0,39.0,False
KIT-simple_nowcast,hosp,2024-05-08,2024-05-08,DE-SL,00+,COVID-19,2.0,1.0,1.0,1.0,1.0,2.0,3.0,4.0,False
KIT-simple_nowcast,hosp,2024-05-08,2024-05-08,DE-SN,00+,COVID-19,2.0,1.0,1.0,1.0,1.0,2.0,4.0,6.0,False
KIT-simple_nowcast,hosp,2024-05-08,2024-05-08,DE-ST,00+,COVID-19,5.0,5.0,5.0,5.0,5.0,6.0,6.0,7.0,False
KIT-simple_nowcast,hosp,2024-05-08,2024-05-08,DE-TH,00+,COVID-19,9.0,8.0,8.0,8.0,8.0,10.0,11.0,14.0,False
RIVM-KEW,hosp,2024-05-08,2024-04-10,DE,00+,COVID-19,272.969,270.0,270.0,272.0,273.0,274.0,276.0,277.0,False
RIVM-KEW,hosp,2024-05-08,2024-04-10,DE,00-04,COVID-19,9.13,9.0,9.0,9.0,9.0,9.0,10.0,10.0,False
RIVM-KEW,hosp,2024-05-08,2024-04-10,DE,05-14,COVID-19,2.052,2.0,2.0,2.0,2.0,2.0,2.0,3.0,False
RIVM-KEW,hosp,2024-05-08,2024-04-10,DE,15-34,COVID-19,7.108,7.0,7.0,7.0,7.0,7.0,7.0,8.0,False
RIVM-KEW,hosp,2024-05-08,2024-04-10,DE,35-59,COVID-19,29.291,29.0,29.0,29.0,29.0,29.0,30.0,31.0,False
RIVM-KEW,hosp,2024-05-08,2024-04-10,DE,60-79,COVID-19,90.466,89.0,89.0,90.0,90.0,91.0,92.0,93.0,False
RIVM-KEW,hosp,2024-05-08,2024-04-10,DE,80+,COVID-19,134.996,133.0,133.0,134.0,135.0,136.0,137.0,138.0,False
RIVM-KEW,hosp,2024-05-08,2024-04-10,DE-BB,00+,COVID-19,19.062,19.0,19.0,19.0,19.0,19.0,19.0,20.0,False
RIVM-KEW,hosp,2024-05-08,2024-04-10,DE-BE,00+,COVID-19,13.087,13.0,13.0,13.0,13.0,13.0,13.0,14.0,False
RIVM-KEW,hosp,2024-05-08,2024-04-10,DE-BW,00+,COVID-19,13.755,13.0,13.0,13.0,14.0,14.0,15.0,16.0,False
RIVM-KEW,hosp,2024-05-08,2024-04-10,DE-BY,00+,COVID-19,31.507,31.0,31.0,31.0,31.0,32.0,32.0,33.0,False
RIVM-KEW,hosp,2024-05-08,2024-04-10,DE-HB,00+,COVID-19,9.224,9.0,9.0,9.0,9.0,9.0,10.0,10.0,False
RIVM-KEW,hosp,2024-05-08,2024-04-10,DE-HE,00+,COVID-19,34.529,34.0,34.0,34.0,34.0,35.0,35.0,37.0,False
RIVM-KEW,hosp,2024-05-08,2024-04-10,DE-HH,00+,COVID-19,7.099,7.0,7.0,7.0,7.0,7.0,7.0,8.0,False
RIVM-KEW,hosp,2024-05-08,2024-04-10,DE-MV,00+,COVID-19,8.245,8.0,8.0,8.0,8.0,8.0,9.0,10.0,False
RIVM-KEW,hosp,2024-05-08,2024-04-10,DE-NI,00+,COVID-19,29.315,29.0,29.0,29.0,29.0,30.0,30.0,31.0,False
RIVM-KEW,hosp,2024-05-08,2024-04-10,DE-NW,00+,COVID-19,60.766,60.0,60.0,60.0,61.0,61.0,62.0,63.0,False
RIVM-KEW,hosp,2024-05-08,2024-04-10,DE-RP,00+,COVID-19,15.085,15.0,15.0,15.0,15.0,15.0,15.0,16.0,False
RIVM-KEW,hosp,2024-05-08,2024-04-10,DE-SH,00+,COVID-19,12.055,12.0,12.0,12.0,12.0,12.0,12.0,13.0,False
RIVM-KEW,hosp,2024-05-08,2024-04-10,DE-SL,00+,COVID-19,1.043,1.0,1.0,1.0,1.0,1.0,1.0,2.0,False
RIVM-KEW,hosp,2024-05-08,2024-04-10,DE-SN,00+,COVID-19,5.347,5.0,5.0,5.0,5.0,6.0,6.0,7.0,False
RIVM-KEW,hosp,2024-05-08,2024-04-10,DE-ST,00+,COVID-19,10.064,10.0,10.0,10.0,10.0,10.0,10.0,11.0,False
RIVM-KEW,hosp,2024-05-08,2024-04-10,DE-TH,00+,COVID-19,3.126,3.0,3.0,3.0,3.0,3.0,4.0,4.0,False
RIVM-KEW,hosp,2024-05-08,2024-04-11,DE,00+,COVID-19,266.035,263.0,263.0,265.0,266.0,267.0,269.0,270.0,False
RIVM-KEW,hosp,2024-05-08,2024-04-11,DE,00-04,COVID-19,9.147,9.0,9.0,9.0,9.0,9.0,10.0,10.0,False
RIVM-KEW,hosp,2024-05-08,2024-04-11,DE,05-14,COVID-19,2.055,2.0,2.0,2.0,2.0,2.0,2.0,3.0,False
RIVM-KEW,hosp,2024-05-08,2024-04-11,DE,15-34,COVID-19,7.107,7.0,7.0,7.0,7.0,7.0,8.0,8.0,False
RIVM-KEW,hosp,2024-05-08,2024-04-11,DE,35-59,COVID-19,27.333,27.0,27.0,27.0,27.0,28.0,28.0,29.0,False
RIVM-KEW,hosp,2024-05-08,2024-04-11,DE,60-79,COVID-19,95.519,94.0,94.0,95.0,95.0,96.0,97.0,98.0,False
RIVM-KEW,hosp,2024-05-08,2024-04-11,DE,80+,COVID-19,126.05,124.0,124.0,125.0,126.0,127.0,128.0,130.0,False
RIVM-KEW,hosp,2024-05-08,2024-04-11,DE-BB,00+,COVID-19,18.065,18.0,18.0,18.0,18.0,18.0,18.0,19.0,False
RIVM-KEW,hosp,2024-05-08,2024-04-11,DE-BE,00+,COVID-19,11.091,11.0,11.0,11.0,11.0,11.0,11.0,12.0,False
RIVM-KEW,hosp,2024-05-08,2024-04-11,DE-BW,00+,COVID-19,13.757,13.0,13.0,13.0,14.0,14.0,15.0,16.0,False
RIVM-KEW,hosp,2024-05-08,2024-04-11,DE-BY,00+,COVID-19,32.499,32.0,32.0,32.0,32.0,33.0,33.0,34.0,False
RIVM-KEW,hosp,2024-05-08,2024-04-11,DE-HB,00+,COVID-19,10.223,10.0,10.0,10.0,10.0,10.0,11.0,11.0,False
RIVM-KEW,hosp,2024-05-08,2024-04-11,DE-HE,00+,COVID-19,37.545,37.0,37.0,37.0,37.0,38.0,38.0,39.0,False
RIVM-KEW,hosp,2024-05-08,2024-04-11,DE-HH,00+,COVID-19,9.094,9.0,9.0,9.0,9.0,9.0,9.0,10.0,False
RIVM-KEW,hosp,2024-05-08,2024-04-11,DE-MV,00+,COVID-19,9.239,9.0,9.0,9.0,9.0,9.0,10.0,11.0,False
RIVM-KEW,hosp,2024-05-08,2024-04-11,DE-NI,00+,COVID-19,28.315,28.0,28.0,28.0,28.0,29.0,29.0,30.0,False
RIVM-KEW,hosp,2024-05-08,2024-04-11,DE-NW,00+,COVID-19,52.806,52.0,52.0,52.0,53.0,53.0,54.0,55.0,False
RIVM-KEW,hosp,2024-05-08,2024-04-11,DE-RP,00+,COVID-19,12.083,12.0,12.0,12.0,12.0,12.0,12.0,13.0,False
RIVM-KEW,hosp,2024-05-08,2024-04-11,DE-SH,00+,COVID-19,15.057,15.0,15.0,15.0,15.0,15.0,15.0,16.0,False
RIVM-KEW,hosp,2024-05-08,2024-04-11,DE-SL,00+,COVID-19,1.053,1.0,1.0,1.0,1.0,1.0,1.0,2.0,False
RIVM-KEW,hosp,2024-05-08,2024-04-11,DE-SN,00+,COVID-19,2.355,2.0,2.0,2.0,2.0,3.0,3.0,4.0,False
RIVM-KEW,hosp,2024-05-08,2024-04-11,DE-ST,00+,COVID-19,8.068,8.0,8.0,8.0,8.0,8.0,8.0,9.0,False
RIVM-KEW,hosp,2024-05-08,2024-04-11,DE-TH,00+,COVID-19,5.136,5.0,5.0,5.0,5.0,5.0,6.0,6.0,False
RIVM-KEW,hosp,2024-05-08,2024-04-12,DE,00+,COVID-19,245.132,242.0,243.0,244.0,245.0,246.0,248.0,250.0,False
RIVM-KEW,hosp,2024-05-08,2024-04-12,DE,00-04,COVID-19,10.148,10.0,10.0,10.0,10.0,10.0,11.0,11.0,False
RIVM-KEW,hosp,2024-05-08,2024-04-12,DE,05-14,COVID-19,2.055,2.0,2.0,2.0,2.0,2.0,2.0,3.0,False
RIVM-KEW,hosp,2024-05-08,2024-04-12,DE,15-34,COVID-19,6.121,6.0,6.0,6.0,6.0,6.0,7.0,7.0,False
RIVM-KEW,hosp,2024-05-08,2024-04-12,DE,35-59,COVID-19,24.36,24.0,24.0,24.0,24.0,25.0,25.0,26.0,False
RIVM-KEW,hosp,2024-05-08,2024-04-12,DE,60-79,COVID-19,87.557,86.0,86.0,87.0,87.0,88.0,89.0,90.0,False
RIVM-KEW,hosp,2024-05-08,2024-04-12,DE,80+,COVID-19,116.089,114.0,114.0,115.0,116.0,117.0,118.0,119.0,False
RIVM-KEW,hosp,2024-05-08,2024-04-12,DE-BB,00+,COVID-19,15.075,15.0,15.0,15.0,15.0,15.0,15.0,16.0,False
RIVM-KEW,hosp,2024-05-08,2024-04-12,DE-BE,00+,COVID-19,4.086,4.0,4.0,4.0,4.0,4.0,4.0,5.0,False
RIVM-KEW,hosp,2024-05-08,2024-04-12,DE-BW,00+,COVID-19,13.76,13.0,13.0,13.0,14.0,14.0,15.0,16.0,False
RIVM-KEW,hosp,2024-05-08,2024-04-12,DE-BY,00+,COVID-19,30.508,30.0,30.0,30.0,30.0,31.0,31.0,32.0,False
RIVM-KEW,hosp,2024-05-08,2024-04-12,DE-HB,00+,COVID-19,4.219,4.0,4.0,4.0,4.0,4.0,5.0,5.0,False
RIVM-KEW,hosp,2024-05-08,2024-04-12,DE-HE,00+,COVID-19,35.557,35.0,35.0,35.0,35.0,36.0,37.0,37.0,False
RIVM-KEW,hosp,2024-05-08,2024-04-12,DE-HH,00+,COVID-19,11.104,11.0,11.0,11.0,11.0,11.0,12.0,12.0,False
RIVM-KEW,hosp,2024-05-08,2024-04-12,DE-MV,00+,COVID-19,7.219,7.0,7.0,7.0,7.0,7.0,8.0,9.0,False
RIVM-KEW,hosp,2024-05-08,2024-04-12,DE-NI,00+,COVID-19,28.322,28.0,28.0,28.0,28.0,29.0,29.0,30.0,False
RIVM-KEW,hosp,2024-05-08,2024-04-12,DE-NW,00+,COVID-19,59.85,59.0,59.0,59.0,60.0,60.0,61.0,62.0,False
RIVM-KEW,hosp,2024-05-08,2024-04-12,DE-RP,00+,COVID-19,10.076,10.0,10.0,10.0,10.0,10.0,10.0,11.0,False
RIVM-KEW,hosp,2024-05-08,2024-04-12,DE-SH,00+,COVID-19,9.06,9.0,9.0,9.0,9.0,9.0,9.0,10.0,False
RIVM-KEW,hosp,2024-05-08,2024-04-12,DE-SL,00+,COVID-19,2.054,2.0,2.0,2.0,2.0,2.0,2.0,3.0,False
RIVM-KEW,hosp,2024-05-08,2024-04-12,DE-SN,00+,COVID-19,3.365,3.0,3.0,3.0,3.0,4.0,4.0,5.0,False
RIVM-KEW,hosp,2024-05-08,2024-04-12,DE-ST,00+,COVID-19,6.07,6.0,6.0,6.0,6.0,6.0,6.0,7.0,False
RIVM-KEW,hosp,2024-05-08,2024-04-12,DE-TH,00+,COVID-19,5.136,5.0,5.0,5.0,5.0,5.0,6.0,6.0,False
RIVM-KEW,hosp,2024-05-08,2024-04-13,DE,00+,COVID-19,242.32,239.0,240.0,241.0,242.0,244.0,245.0,247.0,False
RIVM-KEW,hosp,2024-05-08,2024-04-13,DE,00-04,COVID-19,10.147,10.0,10.0,10.0,10.0,10.0,11.0,11.0,False
RIVM-KEW,hosp,2024-05-08,2024-04-13,DE,05-14,COVID-19,2.058,2.0,2.0,2.0,2.0,2.0,2.0,3.0,False
RIVM-KEW,hosp,2024-05-08,2024-04-13,DE,15-34,COVID-19,6.124,6.0,6.0,6.0,6.0,6.0,7.0,7.0,False
RIVM-KEW,hosp,2024-05-08,2024-04-13,DE,35-59,COVID-19,26.372,26.0,26.0,26.0,26.0,27.0,27.0,28.0,False
RIVM-KEW,hosp,2024-05-08,2024-04-13,DE,60-79,COVID-19,92.648,91.0,91.0,92.0,92.0,93.0,94.0,96.0,False
RIVM-KEW,hosp,2024-05-08,2024-04-13,DE,80+,COVID-19,106.125,104.0,104.0,105.0,106.0,107.0,108.0,109.0,False
RIVM-KEW,hosp,2024-05-08,2024-04-13,DE-BB,00+,COVID-19,14.077,14.0,14.0,14.0,14.0,14.0,14.0,15.0,False
RIVM-KEW,hosp,2024-05-08,2024-04-13,DE-BE,00+,COVID-19,5.091,5.0,5.0,5.0,5.0,5.0,5.0,6.0,False
RIVM-KEW,hosp,2024-05-08,2024-04-13,DE-BW,00+,COVID-19,12.743,12.0,12.0,12.0,13.0,13.0,14.0,15.0,False
RIVM-KEW,hosp,2024-05-08,2024-04-13,DE-BY,00+,COVID-19,35.497,35.0,35.0,35.0,35.0,36.0,36.0,37.0,False
RIVM-KEW,hosp,2024-05-08,2024-04-13,DE-HB,00+,COVID-19,3.216,3.0,3.0,3.0,3.0,3.0,4.0,4.0,False
RIVM-KEW,hosp,2024-05-08,2024-04-13,DE-HE,00+,COVID-19,30.576,30.0,30.0,30.0,30.0,31.0,32.0,32.0,False
RIVM-KEW,hosp,2024-05-08,2024-04-13,DE-HH,00+,COVID-19,11.1,11.0,11.0,11.0,11.0,11.0,11.0,12.0,False
RIVM-KEW,hosp,2024-05-08,2024-04-13,DE-MV,00+,COVID-19,4.219,4.0,4.0,4.0,4.0,4.0,5.0,6.0,False
RIVM-KEW,hosp,2024-05-08,2024-04-13,DE-NI,00+,COVID-19,29.317,29.0,29.0,29.0,29.0,30.0,30.0,31.0,False
RIVM-KEW,hosp,2024-05-08,2024-04-13,DE-NW,00+,COVID-19,59.853,59.0,59.0,59.0,60.0,60.0,61.0,62.0,False
RIVM-KEW,hosp,2024-05-08,2024-04-13,DE-RP,00+,COVID-19,9.086,9.0,9.0,9.0,9.0,9.0,9.0,10.0,False
RIVM-KEW,hosp,2024-05-08,2024-04-13,DE-SH,00+,COVID-19,13.06,13.0,13.0,13.0,13.0,13.0,13.0,14.0,False
RIVM-KEW,hosp,2024-05-08,2024-04-13,DE-SL,00+,COVID-19,2.061,2.0,2.0,2.0,2.0,2.0,2.0,3.0,False
RIVM-KEW,hosp,2024-05-08,2024-04-13,DE-SN,00+,COVID-19,4.369,4.0,4.0,4.0,4.0,5.0,5.0,6.0,False
RIVM-KEW,hosp,2024-05-08,2024-04-13,DE-ST,00+,COVID-19,3.079,3.0,3.0,3.0,3.0,3.0,3.0,4.0,False
RIVM-KEW,hosp,2024-05-08,2024-04-13,DE-TH,00+,COVID-19,5.131,5.0,5.0,5.0,5.0,5.0,6.0,6.0,False
RIVM-KEW,hosp,2024-05-08,2024-04-14,DE,00+,COVID-19,239.352,236.0,237.0,238.0,239.0,241.0,242.0,244.0,False
RIVM-KEW,hosp,2024-05-08,2024-04-14,DE,00-04,COVID-19,10.148,10.0,10.0,10.0,10.0,10.0,11.0,11.0,False
RIVM-KEW,hosp,2024-05-08,2024-04-14,DE,05-14,COVID-19,2.056,2.0,2.0,2.0,2.0,2.0,2.0,3.0,False
RIVM-KEW,hosp,2024-05-08,2024-04-14,DE,15-34,COVID-19,6.126,6.0,6.0,6.0,6.0,6.0,7.0,7.0,False
RIVM-KEW,hosp,2024-05-08,2024-04-14,DE,35-59,COVID-19,25.373,25.0,25.0,25.0,25.0,26.0,26.0,27.0,False
RIVM-KEW,hosp,2024-05-08,2024-04-14,DE,60-79,COVID-19,92.662,91.0,91.0,92.0,92.0,93.0,94.0,96.0,False
RIVM-KEW,hosp,2024-05-08,2024-04-14,DE,80+,COVID-19,104.132,102.0,102.0,103.0,104.0,105.0,106.0,107.0,False
RIVM-KEW,hosp,2024-05-08,2024-04-14,DE-BB,00+,COVID-19,13.079,13.0,13.0,13.0,13.0,13.0,13.0,14.0,False
RIVM-KEW,hosp,2024-05-08,2024-04-14,DE-BE,00+,COVID-19,5.091,5.0,5.0,5.0,5.0,5.0,5.0,6.0,False
RIVM-KEW,hosp,2024-05-08,2024-04-14,DE-BW,00+,COVID-19,11.744,11.0,11.0,11.0,12.0,12.0,13.0,14.0,False
RIVM-KEW,hosp,2024-05-08,2024-04-14,DE-BY,00+,COVID-19,35.498,35.0,35.0,35.0,35.0,36.0,36.0,37.0,False
RIVM-KEW,hosp,2024-05-08,2024-04-14,DE-HB,00+,COVID-19,3.215,3.0,3.0,3.0,3.0,3.0,4.0,4.0,False
RIVM-KEW,hosp,2024-05-08,2024-04-14,DE-HE,00+,COVID-19,30.583,30.0,30.0,30.0,30.0,31.0,32.0,33.0,False
RIVM-KEW,hosp,2024-05-08,2024-04-14,DE-HH,00+,COVID-19,11.1,11.0,11.0,11.0,11.0,11.0,11.0,12.0,False
RIVM-KEW,hosp,2024-05-08,2024-04-14,DE-MV,00+,COVID-19,4.219,4.0,4.0,4.0,4.0,4.0,5.0,6.0,False
RIVM-KEW,hosp,2024-05-08,2024-04-14,DE-NI,00+,COVID-19,29.32,29.0,29.0,29.0,29.0,30.0,30.0,31.0,False
RIVM-KEW,hosp,2024-05-08,2024-04-14,DE-NW,00+,COVID-19,59.853,59.0,59.0,59.0,60.0,60.0,61.0,62.0,False
RIVM-KEW,hosp,2024-05-08,2024-04-14,DE-RP,00+,COVID-19,9.085,9.0,9.0,9.0,9.0,9.0,9.0,10.0,False
RIVM-KEW,hosp,2024-05-08,2024-04-14,DE-SH,00+,COVID-19,13.058,13.0,13.0,13.0,13.0,13.0,13.0,14.0,False
RIVM-KEW,hosp,2024-05-08,2024-04-14,DE-SL,00+,COVID-19,2.059,2.0,2.0,2.0,2.0,2.0,2.0,3.0,False
RIVM-KEW,hosp,2024-05-08,2024-04-14,DE-SN,00+,COVID-19,4.377,4.0,4.0,4.0,4.0,5.0,5.0,6.0,False
RIVM-KEW,hosp,2024-05-08,2024-04-14,DE-ST,00+,COVID-19,3.08,3.0,3.0,3.0,3.0,3.0,3.0,4.0,False
RIVM-KEW,hosp,2024-05-08,2024-04-14,DE-TH,00+,COVID-19,4.129,4.0,4.0,4.0,4.0,4.0,5.0,5.0,False
RIVM-KEW,hosp,2024-05-08,2024-04-15,DE,00+,COVID-19,236.377,233.0,234.0,235.0,236.0,238.0,239.0,241.0,False
RIVM-KEW,hosp,2024-05-08,2024-04-15,DE,00-04,COVID-19,9.148,9.0,9.0,9.0,9.0,9.0,10.0,10.0,False
RIVM-KEW,hosp,2024-05-08,2024-04-15,DE,05-14,COVID-19,2.058,2.0,2.0,2.0,2.0,2.0,2.0,3.0,False
RIVM-KEW,hosp,2024-05-08,2024-04-15,DE,15-34,COVID-19,6.127,6.0,6.0,6.0,6.0,6.0,7.0,7.0,False
RIVM-KEW,hosp,2024-05-08,2024-04-15,DE,35-59,COVID-19,25.372,25.0,25.0,25.0,25.0,26.0,26.0,27.0,False
RIVM-KEW,hosp,2024-05-08,2024-04-15,DE,60-79,COVID-19,91.657,90.0,90.0,91.0,91.0,92.0,93.0,95.0,False
RIVM-KEW,hosp,2024-05-08,2024-04-15,DE,80+,COVID-19,103.128,101.0,101.0,102.0,103.0,104.0,105.0,106.0,False
RIVM-KEW,hosp,2024-05-08,2024-04-15,DE-BB,00+,COVID-19,12.081,12.0,12.0,12.0,12.0,12.0,12.0,13.0,False
RIVM-KEW,hosp,2024-05-08,2024-04-15,DE-BE,00+,COVID-19,5.092,5.0,5.0,5.0,5.0,5.0,5.0,6.0,False
RIVM-KEW,hosp,2024-05-08,2024-04-15,DE-BW,00+,COVID-19,11.74,11.0,11.0,11.0,12.0,12.0,13.0,14.0,False
RIVM-KEW,hosp,2024-05-08,2024-04-15,DE-BY,00+,COVID-19,35.495,35.0,35.0,35.0,35.0,36.0,36.0,37.0,False
RIVM-KEW,hosp,2024-05-08,2024-04-15,DE-HB,00+,COVID-19,3.214,3.0,3.0,3.0,3.0,3.0,4.0,4.0,False
RIVM-KEW,hosp,2024-05-08,2024-04-15,DE-HE,00+,COVID-19,31.588,31.0,31.0,31.0,31.0,32.0,33.0,34.0,False
RIVM-KEW,hosp,2024-05-08,2024-04-15,DE-HH,00+,COVID-19,11.101,11.0,11.0,11.0,11.0,11.0,11.0,12.0,False
RIVM-KEW,hosp,2024-05-08,2024-04-15,DE-MV,00+,COVID-19,4.22,4.0,4.0,4.0,4.0,4.0,5.0,6.0,False
RIVM-KEW,hosp,2024-05-08,2024-04-15,DE-NI,00+,COVID-19,25.324,25.0,25.0,25.0,25.0,26.0,26.0,27.0,False
RIVM-KEW,hosp,2024-05-08,2024-04-15,DE-NW,00+,COVID-19,59.863,59.0,59.0,59.0,60.0,60.0,61.0,62.0,False
RIVM-KEW,hosp,2024-05-08,2024-04-15,DE-RP,00+,COVID-19,9.085,9.0,9.0,9.0,9.0,9.0,9.0,10.0,False
RIVM-KEW,hosp,2024-05-08,2024-04-15,DE-SH,00+,COVID-19,13.059,13.0,13.0,13.0,13.0,13.0,13.0,14.0,False
RIVM-KEW,hosp,2024-05-08,2024-04-15,DE-SL,00+,COVID-19,2.058,2.0,2.0,2.0,2.0,2.0,2.0,3.0,False
RIVM-KEW,hosp,2024-05-08,2024-04-15,DE-SN,00+,COVID-19,5.382,5.0,5.0,5.0,5.0,6.0,6.0,7.0,False
RIVM-KEW,hosp,2024-05-08,2024-04-15,DE-ST,00+,COVID-19,3.08,3.0,3.0,3.0,3.0,3.0,3.0,4.0,False
RIVM-KEW,hosp,2024-05-08,2024-04-15,DE-TH,00+,COVID-19,4.129,4.0,4.0,4.0,4.0,4.0,5.0,5.0,False
RIVM-KEW,hosp,2024-05-08,2024-04-16,DE,00+,COVID-19,205.616,202.0,203.0,204.0,205.0,207.0,208.0,211.0,False
RIVM-KEW,hosp,2024-05-08,2024-04-16,DE,00-04,COVID-19,9.147,9.0,9.0,9.0,9.0,9.0,10.0,10.0,False
RIVM-KEW,hosp,2024-05-08,2024-04-16,DE,05-14,COVID-19,2.05,2.0,2.0,2.0,2.0,2.0,2.0,3.0,False
RIVM-KEW,hosp,2024-05-08,2024-04-16,DE,15-34,COVID-19,8.126,8.0,8.0,8.0,8.0,8.0,9.0,9.0,False
RIVM-KEW,hosp,2024-05-08,2024-04-16,DE,35-59,COVID-19,20.374,20.0,20.0,20.0,20.0,21.0,21.0,22.0,False
RIVM-KEW,hosp,2024-05-08,2024-04-16,DE,60-79,COVID-19,85.687,84.0,84.0,85.0,85.0,86.0,88.0,89.0,False
RIVM-KEW,hosp,2024-05-08,2024-04-16,DE,80+,COVID-19,81.184,79.0,79.0,80.0,81.0,82.0,83.0,84.0,False
RIVM-KEW,hosp,2024-05-08,2024-04-16,DE-BB,00+,COVID-19,6.085,6.0,6.0,6.0,6.0,6.0,6.0,7.0,False
RIVM-KEW,hosp,2024-05-08,2024-04-16,DE-BE,00+,COVID-19,3.092,3.0,3.0,3.0,3.0,3.0,3.0,4.0,False
RIVM-KEW,hosp,2024-05-08,2024-04-16,DE-BW,00+,COVID-19,11.765,11.0,11.0,11.0,12.0,12.0,13.0,14.0,False
RIVM-KEW,hosp,2024-05-08,2024-04-16,DE-BY,00+,COVID-19,24.538,24.0,24.0,24.0,24.0,25.0,25.0,26.0,False
RIVM-KEW,hosp,2024-05-08,2024-04-16,DE-HB,00+,COVID-19,1.203,1.0,1.0,1.0,1.0,1.0,2.0,2.0,False
RIVM-KEW,hosp,2024-05-08,2024-04-16,DE-HE,00+,COVID-19,28.593,28.0,28.0,28.0,28.0,29.0,30.0,30.0,False
RIVM-KEW,hosp,2024-05-08,2024-04-16,DE-HH,00+,COVID-19,12.12,12.0,12.0,12.0,12.0,12.0,13.0,13.0,False
RIVM-KEW,hosp,2024-05-08,2024-04-16,DE-MV,00+,COVID-19,4.218,4.0,4.0,4.0,4.0,4.0,5.0,5.0,False
RIVM-KEW,hosp,2024-05-08,2024-04-16,DE-NI,00+,COVID-19,17.334,17.0,17.0,17.0,17.0,18.0,18.0,19.0,False
RIVM-KEW,hosp,2024-05-08,2024-04-16,DE-NW,00+,COVID-19,51.893,51.0,51.0,51.0,52.0,52.0,53.0,54.0,False
RIVM-KEW,hosp,2024-05-08,2024-04-16,DE-RP,00+,COVID-19,11.09,11.0,11.0,11.0,11.0,11.0,11.0,12.0,False
RIVM-KEW,hosp,2024-05-08,2024-04-16,DE-SH,00+,COVID-19,12.057,12.0,12.0,12.0,12.0,12.0,12.0,13.0,False
RIVM-KEW,hosp,2024-05-08,2024-04-16,DE-SL,00+,COVID-19,3.057,3.0,3.0,3.0,3.0,3.0,3.0,4.0,False
RIVM-KEW,hosp,2024-05-08,2024-04-16,DE-SN,00+,COVID-19,11.384,11.0,11.0,11.0,11.0,12.0,12.0,13.0,False
RIVM-KEW,hosp,2024-05-08,2024-04-16,DE-ST,00+,COVID-19,2.094,2.0,2.0,2.0,2.0,2.0,2.0,3.0,False
RIVM-KEW,hosp,2024-05-08,2024-04-16,DE-TH,00+,COVID-19,5.121,5.0,5.0,5.0,5.0,5.0,6.0,6.0,False
RIVM-KEW,hosp,2024-05-08,2024-04-17,DE,00+,COVID-19,194.861,191.0,192.0,193.0,195.0,196.0,198.0,200.0,False
RIVM-KEW,hosp,2024-05-08,2024-04-17,DE,00-04,COVID-19,8.163,8.0,8.0,8.0,8.0,8.0,9.0,9.0,False
RIVM-KEW,hosp,2024-05-08,2024-04-17,DE,05-14,COVID-19,2.048,2.0,2.0,2.0,2.0,2.0,2.0,3.0,False
RIVM-KEW,hosp,2024-05-08,2024-04-17,DE,15-34,COVID-19,13.138,13.0,13.0,13.0,13.0,13.0,14.0,14.0,False
RIVM-KEW,hosp,2024-05-08,2024-04-17,DE,35-59,COVID-19,22.402,22.0,22.0,22.0,22.0,23.0,23.0,24.0,False
RIVM-KEW,hosp,2024-05-08,2024-04-17,DE,60-79,COVID-19,76.781,75.0,75.0,76.0,77.0,78.0,78.0,80.0,False
RIVM-KEW,hosp,2024-05-08,2024-04-17,DE,80+,COVID-19,74.199,72.0,72.0,73.0,74.0,75.0,76.0,78.0,False
RIVM-KEW,hosp,2024-05-08,2024-04-17,DE-BB,00+,COVID-19,3.09,3.0,3.0,3.0,3.0,3.0,3.0,4.0,False
RIVM-KEW,hosp,2024-05-08,2024-04-17,DE-BE,00+,COVID-19,2.095,2.0,2.0,2.0,2.0,2.0,2.0,3.0,False
RIVM-KEW,hosp,2024-05-08,2024-04-17,DE-BW,00+,COVID-19,11.776,11.0,11.0,11.0,12.0,12.0,13.0,14.0,False
RIVM-KEW,hosp,2024-05-08,2024-04-17,DE-BY,00+,COVID-19,22.548,22.0,22.0,22.0,22.0,23.0,24.0,24.0,False
RIVM-KEW,hosp,2024-05-08,2024-04-17,DE-HB,00+,COVID-19,1.189,1.0,1.0,1.0,1.0,1.0,2.0,2.0,False
RIVM-KEW,hosp,2024-05-08,2024-04-17,DE-HE,00+,COVID-19,24.613,24.0,24.0,24.0,24.0,25.0,26.0,26.0,False
RIVM-KEW,hosp,2024-05-08,2024-04-17,DE-HH,00+,COVID-19,12.123,12.0,12.0,12.0,12.0,12.0,13.0,13.0,False
RIVM-KEW,hosp,2024-05-08,2024-04-17,DE-MV,00+,COVID-19,1.218,1.0,1.0,1.0,1.0,1.0,2.0,2.0,False
RIVM-KEW,hosp,2024-05-08,2024-04-17,DE-NI,00+,COVID-19,18.351,18.0,18.0,18.0,18.0,19.0,19.0,20.0,False
RIVM-KEW,hosp,2024-05-08,2024-04-17,DE-NW,00+,COVID-19,54.937,54.0,54.0,54.0,55.0,55.0,56.0,57.0,False
RIVM-KEW,hosp,2024-05-08,2024-04-17,DE-RP,00+,COVID-19,10.094,10.0,10.0,10.0,10.0,10.0,10.0,11.0,False
RIVM-KEW,hosp,2024-05-08,2024-04-17,DE-SH,00+,COVID-19,12.07,12.0,12.0,12.0,12.0,12.0,12.0,13.0,False
RIVM-KEW,hosp,2024-05-08,2024-04-17,DE-SL,00+,COVID-19,4.058,4.0,4.0,4.0,4.0,4.0,4.0,5.0,False
RIVM-KEW,hosp,2024-05-08,2024-04-17,DE-SN,00+,COVID-19,10.391,10.0,10.0,10.0,10.0,11.0,11.0,12.0,False
RIVM-KEW,hosp,2024-05-08,2024-04-17,DE-ST,00+,COVID-19,2.102,2.0,2.0,2.0,2.0,2.0,2.0,3.0,False
RIVM-KEW,hosp,2024-05-08,2024-04-17,DE-TH,00+,COVID-19,4.112,4.0,4.0,4.0,4.0,4.0,5.0,5.0,False
RIVM-KEW,hosp,2024-05-08,2024-04-18,DE,00+,COVID-19,183.141,179.0,180.0,181.0,183.0,185.0,186.0,188.0,False
RIVM-KEW,hosp,2024-05-08,2024-04-18,DE,00-04,COVID-19,7.166,7.0,7.0,7.0,7.0,7.0,8.0,8.0,False
RIVM-KEW,hosp,2024-05-08,2024-04-18,DE,05-14,COVID-19,2.039,2.0,2.0,2.0,2.0,2.0,2.0,3.0,False
RIVM-KEW,hosp,2024-05-08,2024-04-18,DE,15-34,COVID-19,11.148,11.0,11.0,11.0,11.0,11.0,12.0,12.0,False
RIVM-KEW,hosp,2024-05-08,2024-04-18,DE,35-59,COVID-19,22.383,22.0,22.0,22.0,22.0,23.0,23.0,24.0,False
RIVM-KEW,hosp,2024-05-08,2024-04-18,DE,60-79,COVID-19,70.829,69.0,69.0,70.0,71.0,72.0,73.0,74.0,False
RIVM-KEW,hosp,2024-05-08,2024-04-18,DE,80+,COVID-19,71.252,69.0,70.0,70.0,71.0,72.0,73.0,75.0,False
RIVM-KEW,hosp,2024-05-08,2024-04-18,DE-BB,00+,COVID-19,3.093,3.0,3.0,3.0,3.0,3.0,3.0,4.0,False
RIVM-KEW,hosp,2024-05-08,2024-04-18,DE-BE,00+,COVID-19,3.099,3.0,3.0,3.0,3.0,3.0,3.0,4.0,False
RIVM-KEW,hosp,2024-05-08,2024-04-18,DE-BW,00+,COVID-19,11.791,11.0,11.0,11.0,12.0,12.0,13.0,14.0,False
RIVM-KEW,hosp,2024-05-08,2024-04-18,DE-BY,00+,COVID-19,24.572,24.0,24.0,24.0,24.0,25.0,26.0,26.0,False
RIVM-KEW,hosp,2024-05-08,2024-04-18,DE-HB,00+,COVID-19,0.193,0.0,0.0,0.0,0.0,0.0,1.0,1.0,False
RIVM-KEW,hosp,2024-05-08,2024-04-18,DE-HE,00+,COVID-19,22.626,22.0,22.0,22.0,22.0,23.0,24.0,24.0,False
RIVM-KEW,hosp,2024-05-08,2024-04-18,DE-HH,00+,COVID-19,10.141,10.0,10.0,10.0,10.0,10.0,11.0,11.0,False
RIVM-KEW,hosp,2024-05-08,2024-04-18,DE-MV,00+,COVID-19,0.209,0.0,0.0,0.0,0.0,0.0,1.0,1.0,False
RIVM-KEW,hosp,2024-05-08,2024-04-18,DE-NI,00+,COVID-19,16.37,16.0,16.0,16.0,16.0,17.0,17.0,18.0,False
RIVM-KEW,hosp,2024-05-08,2024-04-18,DE-NW,00+,COVID-19,47.981,47.0,47.0,47.0,48.0,49.0,49.0,50.0,False
RIVM-KEW,hosp,2024-05-08,2024-04-18,DE-RP,00+,COVID-19,11.101,11.0,11.0,11.0,11.0,11.0,11.0,12.0,False
RIVM-KEW,hosp,2024-05-08,2024-04-18,DE-SH,00+,COVID-19,9.068,9.0,9.0,9.0,9.0,9.0,9.0,10.0,False
RIVM-KEW,hosp,2024-05-08,2024-04-18,DE-SL,00+,COVID-19,6.057,6.0,6.0,6.0,6.0,6.0,6.0,7.0,False
RIVM-KEW,hosp,2024-05-08,2024-04-18,DE-SN,00+,COVID-19,9.38,9.0,9.0,9.0,9.0,10.0,10.0,11.0,False
RIVM-KEW,hosp,2024-05-08,2024-04-18,DE-ST,00+,COVID-19,5.103,5.0,5.0,5.0,5.0,5.0,5.0,6.0,False
RIVM-KEW,hosp,2024-05-08,2024-04-18,DE-TH,00+,COVID-19,2.093,2.0,2.0,2.0,2.0,2.0,2.0,3.0,False
RIVM-KEW,hosp,2024-05-08,2024-04-19,DE,00+,COVID-19,182.437,179.0,179.0,181.0,182.0,184.0,185.0,187.0,False
RIVM-KEW,hosp,2024-05-08,2024-04-19,DE,00-04,COVID-19,5.177,5.0,5.0,5.0,5.0,5.0,6.0,6.0,False
RIVM-KEW,hosp,2024-05-08,2024-04-19,DE,05-14,COVID-19,2.051,2.0,2.0,2.0,2.0,2.0,2.0,3.0,False
RIVM-KEW,hosp,2024-05-08,2024-04-19,DE,15-34,COVID-19,13.145,13.0,13.0,13.0,13.0,13.0,14.0,14.0,False
RIVM-KEW,hosp,2024-05-08,2024-04-19,DE,35-59,COVID-19,25.398,25.0,25.0,25.0,25.0,26.0,26.0,27.0,False
RIVM-KEW,hosp,2024-05-08,2024-04-19,DE,60-79,COVID-19,70.899,69.0,69.0,70.0,71.0,72.0,73.0,74.0,False
RIVM-KEW,hosp,2024-05-08,2024-04-19,DE,80+,COVID-19,67.354,65.0,66.0,66.0,67.0,68.0,69.0,71.0,False
RIVM-KEW,hosp,2024-05-08,2024-04-19,DE-BB,00+,COVID-19,2.101,2.0,2.0,2.0,2.0,2.0,2.0,3.0,False
RIVM-KEW,hosp,2024-05-08,2024-04-19,DE-BE,00+,COVID-19,5.109,5.0,5.0,5.0,5.0,5.0,5.0,6.0,False
RIVM-KEW,hosp,2024-05-08,2024-04-19,DE-BW,00+,COVID-19,10.811,10.0,10.0,10.0,11.0,11.0,12.0,13.0,False
RIVM-KEW,hosp,2024-05-08,2024-04-19,DE-BY,00+,COVID-19,26.604,26.0,26.0,26.0,26.0,27.0,28.0,29.0,False
RIVM-KEW,hosp,2024-05-08,2024-04-19,DE-HB,00+,COVID-19,0.206,0.0,0.0,0.0,0.0,0.0,1.0,1.0,False
RIVM-KEW,hosp,2024-05-08,2024-04-19,DE-HE,00+,COVID-19,20.62,20.0,20.0,20.0,20.0,21.0,22.0,22.0,False
RIVM-KEW,hosp,2024-05-08,2024-04-19,DE-HH,00+,COVID-19,8.149,8.0,8.0,8.0,8.0,8.0,9.0,9.0,False
RIVM-KEW,hosp,2024-05-08,2024-04-19,DE-MV,00+,COVID-19,0.217,0.0,0.0,0.0,0.0,0.0,1.0,1.0,False
RIVM-KEW,hosp,2024-05-08,2024-04-19,DE-NI,00+,COVID-19,16.377,16.0,16.0,16.0,16.0,17.0,17.0,18.0,False
RIVM-KEW,hosp,2024-05-08,2024-04-19,DE-NW,00+,COVID-19,44.029,43.0,43.0,43.0,44.0,45.0,45.0,46.0,False
RIVM-KEW,hosp,2024-05-08,2024-04-19,DE-RP,00+,COVID-19,15.133,15.0,15.0,15.0,15.0,15.0,16.0,16.0,False
RIVM-KEW,hosp,2024-05-08,2024-04-19,DE-SH,00+,COVID-19,11.086,11.0,11.0,11.0,11.0,11.0,11.0,12.0,False
RIVM-KEW,hosp,2024-05-08,2024-04-19,DE-SL,00+,COVID-19,5.067,5.0,5.0,5.0,5.0,5.0,5.0,6.0,False
RIVM-KEW,hosp,2024-05-08,2024-04-19,DE-SN,00+,COVID-19,9.384,9.0,9.0,9.0,9.0,10.0,10.0,11.0,False
RIVM-KEW,hosp,2024-05-08,2024-04-19,DE-ST,00+,COVID-19,4.107,4.0,4.0,4.0,4.0,4.0,5.0,5.0,False
RIVM-KEW,hosp,2024-05-08,2024-04-19,DE-TH,00+,COVID-19,3.086,3.0,3.0,3.0,3.0,3.0,3.0,4.0,False
RIVM-KEW,hosp,2024-05-08,2024-04-20,DE,00+,COVID-19,179.749,176.0,177.0,178.0,180.0,181.0,183.0,185.0,False
RIVM-KEW,hosp,2024-05-08,2024-04-20,DE,00-04,COVID-19,8.194,8.0,8.0,8.0,8.0,8.0,9.0,9.0,False
RIVM-KEW,hosp,2024-05-08,2024-04-20,DE,05-14,COVID-19,2.05,2.0,2.0,2.0,2.0,2.0,2.0,3.0,False
RIVM-KEW,hosp,2024-05-08,2024-04-20,DE,15-34,COVID-19,14.156,14.0,14.0,14.0,14.0,14.0,15.0,15.0,False
RIVM-KEW,hosp,2024-05-08,2024-04-20,DE,35-59,COVID-19,26.426,26.0,26.0,26.0,26.0,27.0,27.0,28.0,False
RIVM-KEW,hosp,2024-05-08,2024-04-20,DE,60-79,COVID-19,65.993,64.0,64.0,65.0,66.0,67.0,68.0,69.0,False
RIVM-KEW,hosp,2024-05-08,2024-04-20,DE,80+,COVID-19,64.516,62.0,63.0,63.0,64.0,65.0,67.0,68.0,False
RIVM-KEW,hosp,2024-05-08,2024-04-20,DE-BB,00+,COVID-19,2.109,2.0,2.0,2.0,2.0,2.0,3.0,3.0,False
RIVM-KEW,hosp,2024-05-08,2024-04-20,DE-BE,00+,COVID-19,6.129,6.0,6.0,6.0,6.0,6.0,7.0,7.0,False
RIVM-KEW,hosp,2024-05-08,2024-04-20,DE-BW,00+,COVID-19,11.833,11.0,11.0,11.0,12.0,12.0,13.0,14.0,False
RIVM-KEW,hosp,2024-05-08,2024-04-20,DE-BY,00+,COVID-19,22.641,22.0,22.0,22.0,22.0,23.0,24.0,25.0,False
RIVM-KEW,hosp,2024-05-08,2024-04-20,DE-HB,00+,COVID-19,0.203,0.0,0.0,0.0,0.0,0.0,1.0,1.0,False
RIVM-KEW,hosp,2024-05-08,2024-04-20,DE-HE,00+,COVID-19,19.683,19.0,19.0,19.0,19.0,20.0,21.0,22.0,False
RIVM-KEW,hosp,2024-05-08,2024-04-20,DE-HH,00+,COVID-19,10.153,10.0,10.0,10.0,10.0,10.0,11.0,11.0,False
RIVM-KEW,hosp,2024-05-08,2024-04-20,DE-MV,00+,COVID-19,0.221,0.0,0.0,0.0,0.0,0.0,1.0,2.0,False
RIVM-KEW,hosp,2024-05-08,2024-04-20,DE-NI,00+,COVID-19,13.395,13.0,13.0,13.0,13.0,14.0,14.0,15.0,False
RIVM-KEW,hosp,2024-05-08,2024-04-20,DE-NW,00+,COVID-19,44.136,43.0,43.0,43.0,44.0,45.0,46.0,47.0,False
RIVM-KEW,hosp,2024-05-08,2024-04-20,DE-RP,00+,COVID-19,17.139,17.0,17.0,17.0,17.0,17.0,18.0,18.0,False
RIVM-KEW,hosp,2024-05-08,2024-04-20,DE-SH,00+,COVID-19,10.09,10.0,10.0,10.0,10.0,10.0,10.0,11.0,False
RIVM-KEW,hosp,2024-05-08,2024-04-20,DE-SL,00+,COVID-19,5.067,5.0,5.0,5.0,5.0,5.0,5.0,6.0,False
RIVM-KEW,hosp,2024-05-08,2024-04-20,DE-SN,00+,COVID-19,9.403,9.0,9.0,9.0,9.0,10.0,10.0,11.0,False
RIVM-KEW,hosp,2024-05-08,2024-04-20,DE-ST,00+,COVID-19,4.099,4.0,4.0,4.0,4.0,4.0,4.0,5.0,False
RIVM-KEW,hosp,2024-05-08,2024-04-20,DE-TH,00+,COVID-19,3.085,3.0,3.0,3.0,3.0,3.0,3.0,4.0,False
RIVM-KEW,hosp,2024-05-08,2024-04-21,DE,00+,COVID-19,178.823,174.0,176.0,177.0,179.0,180.0,182.0,184.0,False
RIVM-KEW,hosp,2024-05-08,2024-04-21,DE,00-04,COVID-19,8.197,8.0,8.0,8.0,8.0,8.0,9.0,9.0,False
RIVM-KEW,hosp,2024-05-08,2024-04-21,DE,05-14,COVID-19,2.051,2.0,2.0,2.0,2.0,2.0,2.0,3.0,False
RIVM-KEW,hosp,2024-05-08,2024-04-21,DE,15-34,COVID-19,14.161,14.0,14.0,14.0,14.0,14.0,15.0,15.0,False
RIVM-KEW,hosp,2024-05-08,2024-04-21,DE,35-59,COVID-19,26.44,26.0,26.0,26.0,26.0,27.0,27.0,28.0,False
RIVM-KEW,hosp,2024-05-08,2024-04-21,DE,60-79,COVID-19,65.013,63.0,63.0,64.0,65.0,66.0,67.0,68.0,False
RIVM-KEW,hosp,2024-05-08,2024-04-21,DE,80+,COVID-19,64.529,62.0,63.0,63.0,64.0,65.0,67.0,68.0,False
RIVM-KEW,hosp,2024-05-08,2024-04-21,DE-BB,00+,COVID-19,2.108,2.0,2.0,2.0,2.0,2.0,3.0,3.0,False
RIVM-KEW,hosp,2024-05-08,2024-04-21,DE-BE,00+,COVID-19,6.132,6.0,6.0,6.0,6.0,6.0,7.0,7.0,False
RIVM-KEW,hosp,2024-05-08,2024-04-21,DE-BW,00+,COVID-19,11.838,11.0,11.0,11.0,12.0,12.0,13.0,14.0,False
RIVM-KEW,hosp,2024-05-08,2024-04-21,DE-BY,00+,COVID-19,22.641,22.0,22.0,22.0,22.0,23.0,24.0,25.0,False
RIVM-KEW,hosp,2024-05-08,2024-04-21,DE-HB,00+,COVID-19,0.203,0.0,0.0,0.0,0.0,0.0,1.0,1.0,False
RIVM-KEW,hosp,2024-05-08,2024-04-21,DE-HE,00+,COVID-19,19.688,19.0,19.0,19.0,19.0,20.0,21.0,22.0,False
RIVM-KEW,hosp,2024-05-08,2024-04-21,DE-HH,00+,COVID-19,10.154,10.0,10.0,10.0,10.0,10.0,11.0,11.0,False
RIVM-KEW,hosp,2024-05-08,2024-04-21,DE-MV,00+,COVID-19,0.218,0.0,0.0,0.0,0.0,0.0,1.0,1.0,False
RIVM-KEW,hosp,2024-05-08,2024-04-21,DE-NI,00+,COVID-19,13.389,13.0,13.0,13.0,13.0,14.0,14.0,15.0,False
RIVM-KEW,hosp,2024-05-08,2024-04-21,DE-NW,00+,COVID-19,43.17,42.0,42.0,42.0,43.0,44.0,45.0,46.0,False
RIVM-KEW,hosp,2024-05-08,2024-04-21,DE-RP,00+,COVID-19,17.142,17.0,17.0,17.0,17.0,17.0,18.0,18.0,False
RIVM-KEW,hosp,2024-05-08,2024-04-21,DE-SH,00+,COVID-19,10.093,10.0,10.0,10.0,10.0,10.0,10.0,11.0,False
RIVM-KEW,hosp,2024-05-08,2024-04-21,DE-SL,00+,COVID-19,5.068,5.0,5.0,5.0,5.0,5.0,5.0,6.0,False
RIVM-KEW,hosp,2024-05-08,2024-04-21,DE-SN,00+,COVID-19,9.405,9.0,9.0,9.0,9.0,10.0,10.0,11.0,False
RIVM-KEW,hosp,2024-05-08,2024-04-21,DE-ST,00+,COVID-19,4.098,4.0,4.0,4.0,4.0,4.0,4.0,5.0,False
RIVM-KEW,hosp,2024-05-08,2024-04-21,DE-TH,00+,COVID-19,3.09,3.0,3.0,3.0,3.0,3.0,3.0,4.0,False
RIVM-KEW,hosp,2024-05-08,2024-04-22,DE,00+,COVID-19,176.893,172.0,174.0,175.0,177.0,178.0,180.0,183.0,False
RIVM-KEW,hosp,2024-05-08,2024-04-22,DE,00-04,COVID-19,8.198,8.0,8.0,8.0,8.0,8.0,9.0,9.0,False
RIVM-KEW,hosp,2024-05-08,2024-04-22,DE,05-14,COVID-19,2.05,2.0,2.0,2.0,2.0,2.0,2.0,3.0,False
RIVM-KEW,hosp,2024-05-08,2024-04-22,DE,15-34,COVID-19,14.163,14.0,14.0,14.0,14.0,14.0,15.0,15.0,False
RIVM-KEW,hosp,2024-05-08,2024-04-22,DE,35-59,COVID-19,26.448,26.0,26.0,26.0,26.0,27.0,27.0,28.0,False
RIVM-KEW,hosp,2024-05-08,2024-04-22,DE,60-79,COVID-19,65.036,63.0,63.0,64.0,65.0,66.0,67.0,68.0,False
RIVM-KEW,hosp,2024-05-08,2024-04-22,DE,80+,COVID-19,62.557,60.0,61.0,61.0,62.0,63.0,65.0,66.0,False
RIVM-KEW,hosp,2024-05-08,2024-04-22,DE-BB,00+,COVID-19,2.107,2.0,2.0,2.0,2.0,2.0,3.0,3.0,False
RIVM-KEW,hosp,2024-05-08,2024-04-22,DE-BE,00+,COVID-19,6.132,6.0,6.0,6.0,6.0,6.0,7.0,7.0,False
RIVM-KEW,hosp,2024-05-08,2024-04-22,DE-BW,00+,COVID-19,11.849,11.0,11.0,11.0,12.0,12.0,13.0,14.0,False
RIVM-KEW,hosp,2024-05-08,2024-04-22,DE-BY,00+,COVID-19,22.645,22.0,22.0,22.0,22.0,23.0,24.0,25.0,False
RIVM-KEW,hosp,2024-05-08,2024-04-22,DE-HB,00+,COVID-19,0.204,0.0,0.0,0.0,0.0,0.0,1.0,1.0,False
RIVM-KEW,hosp,2024-05-08,2024-04-22,DE-HE,00+,COVID-19,18.696,18.0,18.0,18.0,18.0,19.0,20.0,21.0,False
RIVM-KEW,hosp,2024-05-08,2024-04-22,DE-HH,00+,COVID-19,10.155,10.0,10.0,10.0,10.0,10.0,11.0,11.0,False
RIVM-KEW,hosp,2024-05-08,2024-04-22,DE-MV,00+,COVID-19,0.217,0.0,0.0,0.0,0.0,0.0,1.0,1.0,False
RIVM-KEW,hosp,2024-05-08,2024-04-22,DE-NI,00+,COVID-19,13.391,13.0,13.0,13.0,13.0,14.0,14.0,15.0,False
RIVM-KEW,hosp,2024-05-08,2024-04-22,DE-NW,00+,COVID-19,43.192,42.0,42.0,42.0,43.0,44.0,45.0,46.0,False
RIVM-KEW,hosp,2024-05-08,2024-04-22,DE-RP,00+,COVID-19,17.144,17.0,17.0,17.0,17.0,17.0,18.0,18.0,False
RIVM-KEW,hosp,2024-05-08,2024-04-22,DE-SH,00+,COVID-19,10.095,10.0,10.0,10.0,10.0,10.0,10.0,11.0,False
RIVM-KEW,hosp,2024-05-08,2024-04-22,DE-SL,00+,COVID-19,5.068,5.0,5.0,5.0,5.0,5.0,5.0,6.0,False
RIVM-KEW,hosp,2024-05-08,2024-04-22,DE-SN,00+,COVID-19,8.408,8.0,8.0,8.0,8.0,9.0,9.0,10.0,False
RIVM-KEW,hosp,2024-05-08,2024-04-22,DE-ST,00+,COVID-19,4.098,4.0,4.0,4.0,4.0,4.0,4.0,5.0,False
RIVM-KEW,hosp,2024-05-08,2024-04-22,DE-TH,00+,COVID-19,3.089,3.0,3.0,3.0,3.0,3.0,3.0,4.0,False
RIVM-KEW,hosp,2024-05-08,2024-04-23,DE,00+,COVID-19,183.757,179.0,180.0,182.0,184.0,185.0,187.0,190.0,False
RIVM-KEW,hosp,2024-05-08,2024-04-23,DE,00-04,COVID-19,7.252,7.0,7.0,7.0,7.0,7.0,8.0,8.0,False
RIVM-KEW,hosp,2024-05-08,2024-04-23,DE,05-14,COVID-19,1.056,1.0,1.0,1.0,1.0,1.0,1.0,2.0,False
RIVM-KEW,hosp,2024-05-08,2024-04-23,DE,15-34,COVID-19,14.199,14.0,14.0,14.0,14.0,14.0,15.0,15.0,False
RIVM-KEW,hosp,2024-05-08,2024-04-23,DE,35-59,COVID-19,28.522,28.0,28.0,28.0,28.0,29.0,30.0,30.0,False
RIVM-KEW,hosp,2024-05-08,2024-04-23,DE,60-79,COVID-19,63.354,61.0,62.0,62.0,63.0,64.0,65.0,67.0,False
RIVM-KEW,hosp,2024-05-08,2024-04-23,DE,80+,COVID-19,70.989,68.0,69.0,70.0,71.0,72.0,73.0,75.0,False
RIVM-KEW,hosp,2024-05-08,2024-04-23,DE-BB,00+,COVID-19,6.123,6.0,6.0,6.0,6.0,6.0,7.0,7.0,False
RIVM-KEW,hosp,2024-05-08,2024-04-23,DE-BE,00+,COVID-19,7.15,7.0,7.0,7.0,7.0,7.0,8.0,8.0,False
RIVM-KEW,hosp,2024-05-08,2024-04-23,DE-BW,00+,COVID-19,11.912,11.0,11.0,11.0,12.0,12.0,13.0,14.0,False
RIVM-KEW,hosp,2024-05-08,2024-04-23,DE-BY,00+,COVID-19,26.784,26.0,26.0,26.0,27.0,27.0,28.0,29.0,False
RIVM-KEW,hosp,2024-05-08,2024-04-23,DE-HB,00+,COVID-19,0.226,0.0,0.0,0.0,0.0,0.0,1.0,1.0,False
RIVM-KEW,hosp,2024-05-08,2024-04-23,DE-HE,00+,COVID-19,17.884,17.0,17.0,17.0,18.0,18.0,19.0,20.0,False
RIVM-KEW,hosp,2024-05-08,2024-04-23,DE-HH,00+,COVID-19,8.192,8.0,8.0,8.0,8.0,8.0,9.0,9.0,False
RIVM-KEW,hosp,2024-05-08,2024-04-23,DE-MV,00+,COVID-19,1.206,1.0,1.0,1.0,1.0,1.0,2.0,2.0,False
RIVM-KEW,hosp,2024-05-08,2024-04-23,DE-NI,00+,COVID-19,15.409,15.0,15.0,15.0,15.0,16.0,16.0,17.0,False
RIVM-KEW,hosp,2024-05-08,2024-04-23,DE-NW,00+,COVID-19,43.329,42.0,42.0,42.0,43.0,44.0,45.0,46.0,False
RIVM-KEW,hosp,2024-05-08,2024-04-23,DE-RP,00+,COVID-19,15.182,15.0,15.0,15.0,15.0,15.0,16.0,16.0,False
RIVM-KEW,hosp,2024-05-08,2024-04-23,DE-SH,00+,COVID-19,14.114,14.0,14.0,14.0,14.0,14.0,15.0,15.0,False
RIVM-KEW,hosp,2024-05-08,2024-04-23,DE-SL,00+,COVID-19,3.1,3.0,3.0,3.0,3.0,3.0,3.0,4.0,False
RIVM-KEW,hosp,2024-05-08,2024-04-23,DE-SN,00+,COVID-19,4.46,4.0,4.0,4.0,4.0,5.0,5.0,6.0,False
RIVM-KEW,hosp,2024-05-08,2024-04-23,DE-ST,00+,COVID-19,4.099,4.0,4.0,4.0,4.0,4.0,4.0,5.0,False
RIVM-KEW,hosp,2024-05-08,2024-04-23,DE-TH,00+,COVID-19,4.105,4.0,4.0,4.0,4.0,4.0,4.0,5.0,False
RIVM-KEW,hosp,2024-05-08,2024-04-24,DE,00+,COVID-19,198.515,194.0,195.0,196.0,198.0,200.0,202.0,205.0,False
RIVM-KEW,hosp,2024-05-08,2024-04-24,DE,00-04,COVID-19,7.283,7.0,7.0,7.0,7.0,7.0,8.0,9.0,False
RIVM-KEW,hosp,2024-05-08,2024-04-24,DE,05-14,COVID-19,1.066,1.0,1.0,1.0,1.0,1.0,1.0,2.0,False
RIVM-KEW,hosp,2024-05-08,2024-04-24,DE,15-34,COVID-19,12.225,12.0,12.0,12.0,12.0,12.0,13.0,13.0,False
RIVM-KEW,hosp,2024-05-08,2024-04-24,DE,35-59,COVID-19,31.589,31.0,31.0,31.0,31.0,32.0,33.0,33.0,False
RIVM-KEW,hosp,2024-05-08,2024-04-24,DE,60-79,COVID-19,68.569,66.0,67.0,67.0,68.0,69.0,71.0,72.0,False
RIVM-KEW,hosp,2024-05-08,2024-04-24,DE,80+,COVID-19,78.371,75.0,76.0,77.0,78.0,79.0,81.0,82.0,False
RIVM-KEW,hosp,2024-05-08,2024-04-24,DE-BB,00+,COVID-19,6.151,6.0,6.0,6.0,6.0,6.0,7.0,7.0,False
RIVM-KEW,hosp,2024-05-08,2024-04-24,DE-BE,00+,COVID-19,7.162,7.0,7.0,7.0,7.0,7.0,8.0,8.0,False
RIVM-KEW,hosp,2024-05-08,2024-04-24,DE-BW,00+,COVID-19,13.995,13.0,13.0,13.0,14.0,15.0,15.0,16.0,False
RIVM-KEW,hosp,2024-05-08,2024-04-24,DE-BY,00+,COVID-19,25.907,25.0,25.0,25.0,26.0,26.0,27.0,28.0,False
RIVM-KEW,hosp,2024-05-08,2024-04-24,DE-HB,00+,COVID-19,0.278,0.0,0.0,0.0,0.0,0.0,1.0,2.0,False
RIVM-KEW,hosp,2024-05-08,2024-04-24,DE-HE,00+,COVID-19,24.987,24.0,24.0,24.0,25.0,25.0,26.0,27.0,False
RIVM-KEW,hosp,2024-05-08,2024-04-24,DE-HH,00+,COVID-19,9.222,9.0,9.0,9.0,9.0,9.0,10.0,10.0,False
RIVM-KEW,hosp,2024-05-08,2024-04-24,DE-MV,00+,COVID-19,3.22,3.0,3.0,3.0,3.0,3.0,4.0,4.0,False
RIVM-KEW,hosp,2024-05-08,2024-04-24,DE-NI,00+,COVID-19,12.454,12.0,12.0,12.0,12.0,13.0,13.0,14.0,False
RIVM-KEW,hosp,2024-05-08,2024-04-24,DE-NW,00+,COVID-19,50.464,49.0,49.0,50.0,50.0,51.0,52.0,54.0,False
RIVM-KEW,hosp,2024-05-08,2024-04-24,DE-RP,00+,COVID-19,18.222,18.0,18.0,18.0,18.0,18.0,19.0,19.0,False
RIVM-KEW,hosp,2024-05-08,2024-04-24,DE-SH,00+,COVID-19,12.13,12.0,12.0,12.0,12.0,12.0,13.0,13.0,False
RIVM-KEW,hosp,2024-05-08,2024-04-24,DE-SL,00+,COVID-19,2.129,2.0,2.0,2.0,2.0,2.0,3.0,3.0,False
RIVM-KEW,hosp,2024-05-08,2024-04-24,DE-SN,00+,COVID-19,5.507,5.0,5.0,5.0,5.0,6.0,6.0,7.0,False
RIVM-KEW,hosp,2024-05-08,2024-04-24,DE-ST,00+,COVID-19,4.107,4.0,4.0,4.0,4.0,4.0,5.0,5.0,False
RIVM-KEW,hosp,2024-05-08,2024-04-24,DE-TH,00+,COVID-19,4.113,4.0,4.0,4.0,4.0,4.0,5.0,5.0,False
RIVM-KEW,hosp,2024-05-08,2024-04-25,DE,00+,COVID-19,196.437,191.0,193.0,194.0,196.0,198.0,200.0,203.0,False
RIVM-KEW,hosp,2024-05-08,2024-04-25,DE,00-04,COVID-19,7.31,7.0,7.0,7.0,7.0,8.0,8.0,9.0,False
RIVM-KEW,hosp,2024-05-08,2024-04-25,DE,05-14,COVID-19,1.078,1.0,1.0,1.0,1.0,1.0,1.0,2.0,False
RIVM-KEW,hosp,2024-05-08,2024-04-25,DE,15-34,COVID-19,13.263,13.0,13.0,13.0,13.0,13.0,14.0,15.0,False
RIVM-KEW,hosp,2024-05-08,2024-04-25,DE,35-59,COVID-19,33.715,33.0,33.0,33.0,34.0,34.0,35.0,36.0,False
RIVM-KEW,hosp,2024-05-08,2024-04-25,DE,60-79,COVID-19,69.93,67.0,68.0,69.0,70.0,71.0,72.0,74.0,False
RIVM-KEW,hosp,2024-05-08,2024-04-25,DE,80+,COVID-19,73.785,71.0,71.0,72.0,74.0,75.0,76.0,78.0,False
RIVM-KEW,hosp,2024-05-08,2024-04-25,DE-BB,00+,COVID-19,6.164,6.0,6.0,6.0,6.0,6.0,7.0,7.0,False
RIVM-KEW,hosp,2024-05-08,2024-04-25,DE-BE,00+,COVID-19,7.188,7.0,7.0,7.0,7.0,7.0,8.0,8.0,False
RIVM-KEW,hosp,2024-05-08,2024-04-25,DE-BW,00+,COVID-19,15.118,14.0,14.0,14.0,15.0,16.0,17.0,18.0,False
RIVM-KEW,hosp,2024-05-08,2024-04-25,DE-BY,00+,COVID-19,22.048,21.0,21.0,21.0,22.0,23.0,23.0,24.0,False
RIVM-KEW,hosp,2024-05-08,2024-04-25,DE-HB,00+,COVID-19,0.308,0.0,0.0,0.0,0.0,1.0,1.0,2.0,False
RIVM-KEW,hosp,2024-05-08,2024-04-25,DE-HE,00+,COVID-19,20.175,19.0,19.0,19.0,20.0,21.0,22.0,23.0,False
RIVM-KEW,hosp,2024-05-08,2024-04-25,DE-HH,00+,COVID-19,10.24,10.0,10.0,10.0,10.0,10.0,11.0,11.0,False
RIVM-KEW,hosp,2024-05-08,2024-04-25,DE-MV,00+,COVID-19,3.232,3.0,3.0,3.0,3.0,3.0,4.0,5.0,False
RIVM-KEW,hosp,2024-05-08,2024-04-25,DE-NI,00+,COVID-19,13.495,13.0,13.0,13.0,13.0,14.0,15.0,15.0,False
RIVM-KEW,hosp,2024-05-08,2024-04-25,DE-NW,00+,COVID-19,56.696,55.0,55.0,56.0,57.0,58.0,58.0,60.0,False
RIVM-KEW,hosp,2024-05-08,2024-04-25,DE-RP,00+,COVID-19,16.273,16.0,16.0,16.0,16.0,16.0,17.0,18.0,False
RIVM-KEW,hosp,2024-05-08,2024-04-25,DE-SH,00+,COVID-19,14.149,14.0,14.0,14.0,14.0,14.0,15.0,15.0,False
RIVM-KEW,hosp,2024-05-08,2024-04-25,DE-SL,00+,COVID-19,0.139,0.0,0.0,0.0,0.0,0.0,1.0,1.0,False
RIVM-KEW,hosp,2024-05-08,2024-04-25,DE-SN,00+,COVID-19,6.575,6.0,6.0,6.0,6.0,7.0,8.0,8.0,False
RIVM-KEW,hosp,2024-05-08,2024-04-25,DE-ST,00+,COVID-19,2.113,2.0,2.0,2.0,2.0,2.0,3.0,3.0,False
RIVM-KEW,hosp,2024-05-08,2024-04-25,DE-TH,00+,COVID-19,4.119,4.0,4.0,4.0,4.0,4.0,5.0,5.0,False
RIVM-KEW,hosp,2024-05-08,2024-04-26,DE,00+,COVID-19,211.564,206.0,208.0,209.0,211.0,214.0,216.0,218.0,False
RIVM-KEW,hosp,2024-05-08,2024-04-26,DE,00-04,COVID-19,8.363,8.0,8.0,8.0,8.0,9.0,9.0,10.0,False
RIVM-KEW,hosp,2024-05-08,2024-04-26,DE,05-14,COVID-19,3.075,3.0,3.0,3.0,3.0,3.0,3.0,4.0,False
RIVM-KEW,hosp,2024-05-08,2024-04-26,DE,15-34,COVID-19,11.299,11.0,11.0,11.0,11.0,12.0,12.0,13.0,False
RIVM-KEW,hosp,2024-05-08,2024-04-26,DE,35-59,COVID-19,36.805,36.0,36.0,36.0,37.0,37.0,38.0,39.0,False
RIVM-KEW,hosp,2024-05-08,2024-04-26,DE,60-79,COVID-19,75.416,72.0,73.0,74.0,75.0,77.0,78.0,79.0,False
RIVM-KEW,hosp,2024-05-08,2024-04-26,DE,80+,COVID-19,79.417,76.0,77.0,78.0,79.0,81.0,82.0,84.0,False
RIVM-KEW,hosp,2024-05-08,2024-04-26,DE-BB,00+,COVID-19,6.183,6.0,6.0,6.0,6.0,6.0,7.0,7.0,False
RIVM-KEW,hosp,2024-05-08,2024-04-26,DE-BE,00+,COVID-19,5.225,5.0,5.0,5.0,5.0,5.0,6.0,6.0,False
RIVM-KEW,hosp,2024-05-08,2024-04-26,DE-BW,00+,COVID-19,17.311,16.0,16.0,16.0,17.0,18.0,19.0,20.0,False
RIVM-KEW,hosp,2024-05-08,2024-04-26,DE-BY,00+,COVID-19,21.228,20.0,20.0,20.0,21.0,22.0,23.0,24.0,False
RIVM-KEW,hosp,2024-05-08,2024-04-26,DE-HB,00+,COVID-19,1.338,1.0,1.0,1.0,1.0,2.0,2.0,3.0,False
RIVM-KEW,hosp,2024-05-08,2024-04-26,DE-HE,00+,COVID-19,26.428,25.0,25.0,25.0,26.0,27.0,28.0,30.0,False
RIVM-KEW,hosp,2024-05-08,2024-04-26,DE-HH,00+,COVID-19,12.28,12.0,12.0,12.0,12.0,12.0,13.0,14.0,False
RIVM-KEW,hosp,2024-05-08,2024-04-26,DE-MV,00+,COVID-19,3.238,3.0,3.0,3.0,3.0,3.0,4.0,5.0,False
RIVM-KEW,hosp,2024-05-08,2024-04-26,DE-NI,00+,COVID-19,12.573,12.0,12.0,12.0,12.0,13.0,14.0,15.0,False
RIVM-KEW,hosp,2024-05-08,2024-04-26,DE-NW,00+,COVID-19,62.918,61.0,61.0,62.0,63.0,64.0,65.0,66.0,False
RIVM-KEW,hosp,2024-05-08,2024-04-26,DE-RP,00+,COVID-19,16.354,16.0,16.0,16.0,16.0,17.0,17.0,18.0,False
RIVM-KEW,hosp,2024-05-08,2024-04-26,DE-SH,00+,COVID-19,13.176,13.0,13.0,13.0,13.0,13.0,14.0,14.0,False
RIVM-KEW,hosp,2024-05-08,2024-04-26,DE-SL,00+,COVID-19,0.151,0.0,0.0,0.0,0.0,0.0,1.0,1.0,False
RIVM-KEW,hosp,2024-05-08,2024-04-26,DE-SN,00+,COVID-19,6.657,6.0,6.0,6.0,6.0,7.0,8.0,9.0,False
RIVM-KEW,hosp,2024-05-08,2024-04-26,DE-ST,00+,COVID-19,5.128,5.0,5.0,5.0,5.0,5.0,6.0,6.0,False
RIVM-KEW,hosp,2024-05-08,2024-04-26,DE-TH,00+,COVID-19,3.147,3.0,3.0,3.0,3.0,3.0,4.0,4.0,False
RIVM-KEW,hosp,2024-05-08,2024-04-27,DE,00+,COVID-19,230.716,224.0,226.0,228.0,230.0,233.0,235.0,238.0,False
RIVM-KEW,hosp,2024-05-08,2024-04-27,DE,00-04,COVID-19,4.428,4.0,4.0,4.0,4.0,5.0,5.0,6.0,False
RIVM-KEW,hosp,2024-05-08,2024-04-27,DE,05-14,COVID-19,3.091,3.0,3.0,3.0,3.0,3.0,3.0,4.0,False
RIVM-KEW,hosp,2024-05-08,2024-04-27,DE,15-34,COVID-19,13.345,13.0,13.0,13.0,13.0,14.0,14.0,15.0,False
RIVM-KEW,hosp,2024-05-08,2024-04-27,DE,35-59,COVID-19,36.953,36.0,36.0,36.0,37.0,37.0,38.0,39.0,False
RIVM-KEW,hosp,2024-05-08,2024-04-27,DE,60-79,COVID-19,82.997,80.0,81.0,82.0,83.0,84.0,86.0,87.0,False
RIVM-KEW,hosp,2024-05-08,2024-04-27,DE,80+,COVID-19,93.122,89.0,90.0,92.0,93.0,95.0,96.0,98.0,False
RIVM-KEW,hosp,2024-05-08,2024-04-27,DE-BB,00+,COVID-19,6.217,6.0,6.0,6.0,6.0,6.0,7.0,7.0,False
RIVM-KEW,hosp,2024-05-08,2024-04-27,DE-BE,00+,COVID-19,5.276,5.0,5.0,5.0,5.0,5.0,6.0,7.0,False
RIVM-KEW,hosp,2024-05-08,2024-04-27,DE-BW,00+,COVID-19,20.477,19.0,19.0,19.0,20.0,21.0,22.0,23.0,False
RIVM-KEW,hosp,2024-05-08,2024-04-27,DE-BY,00+,COVID-19,21.374,20.0,20.0,20.0,21.0,22.0,23.0,24.0,False
RIVM-KEW,hosp,2024-05-08,2024-04-27,DE-HB,00+,COVID-19,1.398,1.0,1.0,1.0,1.0,2.0,2.0,3.0,False
RIVM-KEW,hosp,2024-05-08,2024-04-27,DE-HE,00+,COVID-19,32.703,31.0,31.0,32.0,33.0,33.0,34.0,36.0,False
RIVM-KEW,hosp,2024-05-08,2024-04-27,DE-HH,00+,COVID-19,12.348,12.0,12.0,12.0,12.0,13.0,13.0,14.0,False
RIVM-KEW,hosp,2024-05-08,2024-04-27,DE-MV,00+,COVID-19,3.262,3.0,3.0,3.0,3.0,3.0,4.0,5.0,False
RIVM-KEW,hosp,2024-05-08,2024-04-27,DE-NI,00+,COVID-19,19.65,19.0,19.0,19.0,19.0,20.0,21.0,22.0,False
RIVM-KEW,hosp,2024-05-08,2024-04-27,DE-NW,00+,COVID-19,66.256,64.0,64.0,65.0,66.0,67.0,68.0,69.0,False
RIVM-KEW,hosp,2024-05-08,2024-04-27,DE-RP,00+,COVID-19,16.459,16.0,16.0,16.0,16.0,17.0,17.0,18.0,False
RIVM-KEW,hosp,2024-05-08,2024-04-27,DE-SH,00+,COVID-19,10.236,10.0,10.0,10.0,10.0,10.0,11.0,12.0,False
RIVM-KEW,hosp,2024-05-08,2024-04-27,DE-SL,00+,COVID-19,0.18,0.0,0.0,0.0,0.0,0.0,1.0,1.0,False
RIVM-KEW,hosp,2024-05-08,2024-04-27,DE-SN,00+,COVID-19,6.739,6.0,6.0,6.0,7.0,7.0,8.0,9.0,False
RIVM-KEW,hosp,2024-05-08,2024-04-27,DE-ST,00+,COVID-19,5.153,5.0,5.0,5.0,5.0,5.0,6.0,6.0,False
RIVM-KEW,hosp,2024-05-08,2024-04-27,DE-TH,00+,COVID-19,5.173,5.0,5.0,5.0,5.0,5.0,6.0,6.0,False
RIVM-KEW,hosp,2024-05-08,2024-04-28,DE,00+,COVID-19,231.96,225.0,227.0,230.0,232.0,234.0,237.0,239.0,False
RIVM-KEW,hosp,2024-05-08,2024-04-28,DE,00-04,COVID-19,4.442,4.0,4.0,4.0,4.0,5.0,5.0,6.0,False
RIVM-KEW,hosp,2024-05-08,2024-04-28,DE,05-14,COVID-19,3.096,3.0,3.0,3.0,3.0,3.0,3.0,4.0,False
RIVM-KEW,hosp,2024-05-08,2024-04-28,DE,15-34,COVID-19,13.347,13.0,13.0,13.0,13.0,14.0,14.0,15.0,False
RIVM-KEW,hosp,2024-05-08,2024-04-28,DE,35-59,COVID-19,36.979,36.0,36.0,36.0,37.0,37.0,38.0,39.0,False
RIVM-KEW,hosp,2024-05-08,2024-04-28,DE,60-79,COVID-19,84.102,81.0,82.0,83.0,84.0,85.0,87.0,88.0,False
RIVM-KEW,hosp,2024-05-08,2024-04-28,DE,80+,COVID-19,93.27,89.0,90.0,92.0,93.0,95.0,96.0,98.0,False
RIVM-KEW,hosp,2024-05-08,2024-04-28,DE-BB,00+,COVID-19,6.219,6.0,6.0,6.0,6.0,6.0,7.0,7.0,False
RIVM-KEW,hosp,2024-05-08,2024-04-28,DE-BE,00+,COVID-19,5.285,5.0,5.0,5.0,5.0,5.0,6.0,7.0,False
RIVM-KEW,hosp,2024-05-08,2024-04-28,DE-BW,00+,COVID-19,20.499,19.0,19.0,19.0,20.0,21.0,22.0,23.0,False
RIVM-KEW,hosp,2024-05-08,2024-04-28,DE-BY,00+,COVID-19,21.397,20.0,20.0,20.0,21.0,22.0,23.0,24.0,False
RIVM-KEW,hosp,2024-05-08,2024-04-28,DE-HB,00+,COVID-19,1.41,1.0,1.0,1.0,1.0,2.0,2.0,3.0,False
RIVM-KEW,hosp,2024-05-08,2024-04-28,DE-HE,00+,COVID-19,32.741,31.0,31.0,32.0,33.0,33.0,34.0,36.0,False
RIVM-KEW,hosp,2024-05-08,2024-04-28,DE-HH,00+,COVID-19,12.352,12.0,12.0,12.0,12.0,13.0,13.0,14.0,False
RIVM-KEW,hosp,2024-05-08,2024-04-28,DE-MV,00+,COVID-19,3.269,3.0,3.0,3.0,3.0,3.0,4.0,5.0,False
RIVM-KEW,hosp,2024-05-08,2024-04-28,DE-NI,00+,COVID-19,19.69,19.0,19.0,19.0,19.0,20.0,21.0,22.0,False
RIVM-KEW,hosp,2024-05-08,2024-04-28,DE-NW,00+,COVID-19,66.313,64.0,64.0,65.0,66.0,67.0,68.0,70.0,False
RIVM-KEW,hosp,2024-05-08,2024-04-28,DE-RP,00+,COVID-19,17.469,17.0,17.0,17.0,17.0,18.0,18.0,19.0,False
RIVM-KEW,hosp,2024-05-08,2024-04-28,DE-SH,00+,COVID-19,10.261,10.0,10.0,10.0,10.0,10.0,11.0,12.0,False
RIVM-KEW,hosp,2024-05-08,2024-04-28,DE-SL,00+,COVID-19,0.186,0.0,0.0,0.0,0.0,0.0,1.0,1.0,False
RIVM-KEW,hosp,2024-05-08,2024-04-28,DE-SN,00+,COVID-19,6.766,6.0,6.0,6.0,7.0,7.0,8.0,9.0,False
RIVM-KEW,hosp,2024-05-08,2024-04-28,DE-ST,00+,COVID-19,5.157,5.0,5.0,5.0,5.0,5.0,6.0,6.0,False
RIVM-KEW,hosp,2024-05-08,2024-04-28,DE-TH,00+,COVID-19,5.169,5.0,5.0,5.0,5.0,5.0,6.0,6.0,False
RIVM-KEW,hosp,2024-05-08,2024-04-29,DE,00+,COVID-19,233.251,226.0,229.0,231.0,233.0,236.0,238.0,240.0,False
RIVM-KEW,hosp,2024-05-08,2024-04-29,DE,00-04,COVID-19,4.448,4.0,4.0,4.0,4.0,5.0,5.0,6.0,False
RIVM-KEW,hosp,2024-05-08,2024-04-29,DE,05-14,COVID-19,3.097,3.0,3.0,3.0,3.0,3.0,3.0,4.0,False
RIVM-KEW,hosp,2024-05-08,2024-04-29,DE,15-34,COVID-19,13.352,13.0,13.0,13.0,13.0,14.0,14.0,15.0,False
RIVM-KEW,hosp,2024-05-08,2024-04-29,DE,35-59,COVID-19,38.007,37.0,37.0,37.0,38.0,39.0,39.0,40.0,False
RIVM-KEW,hosp,2024-05-08,2024-04-29,DE,60-79,COVID-19,84.178,81.0,82.0,83.0,84.0,85.0,87.0,88.0,False
RIVM-KEW,hosp,2024-05-08,2024-04-29,DE,80+,COVID-19,93.415,89.0,90.0,92.0,93.0,95.0,96.0,98.0,False
RIVM-KEW,hosp,2024-05-08,2024-04-29,DE-BB,00+,COVID-19,6.221,6.0,6.0,6.0,6.0,6.0,7.0,7.0,False
RIVM-KEW,hosp,2024-05-08,2024-04-29,DE-BE,00+,COVID-19,5.289,5.0,5.0,5.0,5.0,5.0,6.0,7.0,False
RIVM-KEW,hosp,2024-05-08,2024-04-29,DE-BW,00+,COVID-19,20.512,19.0,19.0,19.0,20.0,21.0,22.0,24.0,False
RIVM-KEW,hosp,2024-05-08,2024-04-29,DE-BY,00+,COVID-19,21.419,20.0,20.0,20.0,21.0,22.0,23.0,24.0,False
RIVM-KEW,hosp,2024-05-08,2024-04-29,DE-HB,00+,COVID-19,1.42,1.0,1.0,1.0,1.0,2.0,2.0,3.0,False
RIVM-KEW,hosp,2024-05-08,2024-04-29,DE-HE,00+,COVID-19,33.781,32.0,32.0,33.0,34.0,34.0,36.0,37.0,False
RIVM-KEW,hosp,2024-05-08,2024-04-29,DE-HH,00+,COVID-19,12.358,12.0,12.0,12.0,12.0,13.0,13.0,14.0,False
RIVM-KEW,hosp,2024-05-08,2024-04-29,DE-MV,00+,COVID-19,3.274,3.0,3.0,3.0,3.0,3.0,4.0,5.0,False
RIVM-KEW,hosp,2024-05-08,2024-04-29,DE-NI,00+,COVID-19,19.704,19.0,19.0,19.0,19.0,20.0,21.0,22.0,False
RIVM-KEW,hosp,2024-05-08,2024-04-29,DE-NW,00+,COVID-19,66.357,64.0,64.0,65.0,66.0,67.0,68.0,70.0,False
RIVM-KEW,hosp,2024-05-08,2024-04-29,DE-RP,00+,COVID-19,17.479,17.0,17.0,17.0,17.0,18.0,18.0,19.0,False
RIVM-KEW,hosp,2024-05-08,2024-04-29,DE-SH,00+,COVID-19,10.266,10.0,10.0,10.0,10.0,10.0,11.0,12.0,False
RIVM-KEW,hosp,2024-05-08,2024-04-29,DE-SL,00+,COVID-19,0.19,0.0,0.0,0.0,0.0,0.0,1.0,1.0,False
RIVM-KEW,hosp,2024-05-08,2024-04-29,DE-SN,00+,COVID-19,6.799,6.0,6.0,6.0,7.0,7.0,8.0,9.0,False
RIVM-KEW,hosp,2024-05-08,2024-04-29,DE-ST,00+,COVID-19,5.158,5.0,5.0,5.0,5.0,5.0,6.0,6.0,False
RIVM-KEW,hosp,2024-05-08,2024-04-29,DE-TH,00+,COVID-19,5.172,5.0,5.0,5.0,5.0,5.0,6.0,6.0,False
RIVM-KEW,hosp,2024-05-08,2024-04-30,DE,00+,COVID-19,302.845,295.0,298.0,300.0,303.0,306.0,309.0,312.0,False
RIVM-KEW,hosp,2024-05-08,2024-04-30,DE,00-04,COVID-19,11.586,11.0,11.0,11.0,11.0,12.0,13.0,13.0,False
RIVM-KEW,hosp,2024-05-08,2024-04-30,DE,05-14,COVID-19,5.128,5.0,5.0,5.0,5.0,5.0,6.0,6.0,False
RIVM-KEW,hosp,2024-05-08,2024-04-30,DE,15-34,COVID-19,15.461,15.0,15.0,15.0,15.0,16.0,16.0,17.0,False
RIVM-KEW,hosp,2024-05-08,2024-04-30,DE,35-59,COVID-19,52.378,51.0,51.0,52.0,52.0,53.0,54.0,55.0,False
RIVM-KEW,hosp,2024-05-08,2024-04-30,DE,60-79,COVID-19,96.446,92.0,94.0,95.0,96.0,98.0,100.0,101.0,False
RIVM-KEW,hosp,2024-05-08,2024-04-30,DE,80+,COVID-19,125.171,120.0,122.0,123.0,125.0,127.0,129.0,131.0,False
RIVM-KEW,hosp,2024-05-08,2024-04-30,DE-BB,00+,COVID-19,7.285,7.0,7.0,7.0,7.0,8.0,8.0,9.0,False
RIVM-KEW,hosp,2024-05-08,2024-04-30,DE-BE,00+,COVID-19,6.407,6.0,6.0,6.0,6.0,7.0,7.0,8.0,False
RIVM-KEW,hosp,2024-05-08,2024-04-30,DE-BW,00+,COVID-19,25.933,24.0,24.0,25.0,26.0,27.0,28.0,29.0,False
RIVM-KEW,hosp,2024-05-08,2024-04-30,DE-BY,00+,COVID-19,29.981,28.0,28.0,29.0,30.0,31.0,32.0,33.0,False
RIVM-KEW,hosp,2024-05-08,2024-04-30,DE-HB,00+,COVID-19,3.522,3.0,3.0,3.0,3.0,4.0,4.0,5.0,False
RIVM-KEW,hosp,2024-05-08,2024-04-30,DE-HE,00+,COVID-19,36.485,34.0,35.0,35.0,36.0,38.0,39.0,40.0,False
RIVM-KEW,hosp,2024-05-08,2024-04-30,DE-HH,00+,COVID-19,19.463,19.0,19.0,19.0,19.0,20.0,20.0,21.0,False
RIVM-KEW,hosp,2024-05-08,2024-04-30,DE-MV,00+,COVID-19,6.331,6.0,6.0,6.0,6.0,7.0,7.0,8.0,False
RIVM-KEW,hosp,2024-05-08,2024-04-30,DE-NI,00+,COVID-19,23.892,23.0,23.0,23.0,24.0,24.0,25.0,26.0,False
RIVM-KEW,hosp,2024-05-08,2024-04-30,DE-NW,00+,COVID-19,91.991,89.0,90.0,91.0,92.0,93.0,94.0,96.0,False
RIVM-KEW,hosp,2024-05-08,2024-04-30,DE-RP,00+,COVID-19,24.71,24.0,24.0,24.0,25.0,25.0,26.0,27.0,False
RIVM-KEW,hosp,2024-05-08,2024-04-30,DE-SH,00+,COVID-19,10.366,10.0,10.0,10.0,10.0,11.0,11.0,12.0,False
RIVM-KEW,hosp,2024-05-08,2024-04-30,DE-SL,00+,COVID-19,0.261,0.0,0.0,0.0,0.0,0.0,1.0,2.0,False
RIVM-KEW,hosp,2024-05-08,2024-04-30,DE-SN,00+,COVID-19,6.008,5.0,5.0,5.0,6.0,6.0,7.0,8.0,False
RIVM-KEW,hosp,2024-05-08,2024-04-30,DE-ST,00+,COVID-19,8.215,8.0,8.0,8.0,8.0,8.0,9.0,10.0,False
RIVM-KEW,hosp,2024-05-08,2024-04-30,DE-TH,00+,COVID-19,4.199,4.0,4.0,4.0,4.0,4.0,5.0,5.0,False
RIVM-KEW,hosp,2024-05-08,2024-05-01,DE,00+,COVID-19,331.329,323.0,325.0,328.0,331.0,335.0,338.0,341.0,False
RIVM-KEW,hosp,2024-05-08,2024-05-01,DE,00-04,COVID-19,10.718,10.0,10.0,10.0,11.0,11.0,12.0,13.0,False
RIVM-KEW,hosp,2024-05-08,2024-05-01,DE,05-14,COVID-19,8.154,8.0,8.0,8.0,8.0,8.0,9.0,9.0,False
RIVM-KEW,hosp,2024-05-08,2024-05-01,DE,15-34,COVID-19,14.59,14.0,14.0,14.0,14.0,15.0,16.0,16.0,False
RIVM-KEW,hosp,2024-05-08,2024-05-01,DE,35-59,COVID-19,50.727,49.0,49.0,50.0,51.0,51.0,52.0,53.0,False
RIVM-KEW,hosp,2024-05-08,2024-05-01,DE,60-79,COVID-19,111.848,107.0,108.0,110.0,112.0,113.0,115.0,118.0,False
RIVM-KEW,hosp,2024-05-08,2024-05-01,DE,80+,COVID-19,138.875,133.0,135.0,137.0,139.0,141.0,143.0,145.0,False
RIVM-KEW,hosp,2024-05-08,2024-05-01,DE-BB,00+,COVID-19,24.41,24.0,24.0,24.0,24.0,25.0,25.0,26.0,False
RIVM-KEW,hosp,2024-05-08,2024-05-01,DE-BE,00+,COVID-19,6.529,6.0,6.0,6.0,6.0,7.0,7.0,8.0,False
RIVM-KEW,hosp,2024-05-08,2024-05-01,DE-BW,00+,COVID-19,27.344,25.0,26.0,26.0,27.0,28.0,29.0,31.0,False
RIVM-KEW,hosp,2024-05-08,2024-05-01,DE-BY,00+,COVID-19,32.492,30.0,31.0,31.0,32.0,33.0,35.0,36.0,False
RIVM-KEW,hosp,2024-05-08,2024-05-01,DE-HB,00+,COVID-19,3.655,3.0,3.0,3.0,3.0,4.0,5.0,6.0,False
RIVM-KEW,hosp,2024-05-08,2024-05-01,DE-HE,00+,COVID-19,36.108,33.0,34.0,35.0,36.0,37.0,38.0,40.0,False
RIVM-KEW,hosp,2024-05-08,2024-05-01,DE-HH,00+,COVID-19,16.629,16.0,16.0,16.0,16.0,17.0,18.0,19.0,False
RIVM-KEW,hosp,2024-05-08,2024-05-01,DE-MV,00+,COVID-19,5.38,5.0,5.0,5.0,5.0,6.0,6.0,7.0,False
RIVM-KEW,hosp,2024-05-08,2024-05-01,DE-NI,00+,COVID-19,23.076,22.0,22.0,22.0,23.0,24.0,24.0,26.0,False
RIVM-KEW,hosp,2024-05-08,2024-05-01,DE-NW,00+,COVID-19,86.844,83.0,84.0,85.0,87.0,88.0,90.0,92.0,False
RIVM-KEW,hosp,2024-05-08,2024-05-01,DE-RP,00+,COVID-19,28.977,28.0,28.0,28.0,29.0,30.0,30.0,31.0,False
RIVM-KEW,hosp,2024-05-08,2024-05-01,DE-SH,00+,COVID-19,20.508,20.0,20.0,20.0,20.0,21.0,21.0,22.0,False
RIVM-KEW,hosp,2024-05-08,2024-05-01,DE-SL,00+,COVID-19,0.321,0.0,0.0,0.0,0.0,1.0,1.0,2.0,False
RIVM-KEW,hosp,2024-05-08,2024-05-01,DE-SN,00+,COVID-19,5.196,4.0,4.0,4.0,5.0,6.0,7.0,8.0,False
RIVM-KEW,hosp,2024-05-08,2024-05-01,DE-ST,00+,COVID-19,11.264,11.0,11.0,11.0,11.0,11.0,12.0,13.0,False
RIVM-KEW,hosp,2024-05-08,2024-05-01,DE-TH,00+,COVID-19,4.261,4.0,4.0,4.0,4.0,4.0,5.0,6.0,False
RIVM-KEW,hosp,2024-05-08,2024-05-02,DE,00+,COVID-19,313.083,304.0,306.0,309.0,313.0,317.0,321.0,325.0,False
RIVM-KEW,hosp,2024-05-08,2024-05-02,DE,00-04,COVID-19,9.895,9.0,9.0,9.0,10.0,10.0,11.0,12.0,False
RIVM-KEW,hosp,2024-05-08,2024-05-02,DE,05-14,COVID-19,7.178,7.0,7.0,7.0,7.0,7.0,8.0,8.0,False
RIVM-KEW,hosp,2024-05-08,2024-05-02,DE,15-34,COVID-19,13.707,13.0,13.0,13.0,14.0,14.0,15.0,16.0,False
RIVM-KEW,hosp,2024-05-08,2024-05-02,DE,35-59,COVID-19,46.095,44.0,44.0,45.0,46.0,47.0,48.0,49.0,False
RIVM-KEW,hosp,2024-05-08,2024-05-02,DE,60-79,COVID-19,104.366,99.0,101.0,102.0,104.0,106.0,108.0,111.0,False
RIVM-KEW,hosp,2024-05-08,2024-05-02,DE,80+,COVID-19,134.931,129.0,131.0,133.0,135.0,137.0,139.0,142.0,False
RIVM-KEW,hosp,2024-05-08,2024-05-02,DE-BB,00+,COVID-19,23.541,23.0,23.0,23.0,23.0,24.0,25.0,25.0,False
RIVM-KEW,hosp,2024-05-08,2024-05-02,DE-BE,00+,COVID-19,5.664,5.0,5.0,5.0,5.0,6.0,7.0,8.0,False
RIVM-KEW,hosp,2024-05-08,2024-05-02,DE-BW,00+,COVID-19,24.809,22.0,23.0,24.0,25.0,26.0,27.0,28.0,False
RIVM-KEW,hosp,2024-05-08,2024-05-02,DE-BY,00+,COVID-19,32.049,29.0,30.0,31.0,32.0,33.0,34.0,37.0,False
RIVM-KEW,hosp,2024-05-08,2024-05-02,DE-HB,00+,COVID-19,3.745,3.0,3.0,3.0,4.0,4.0,5.0,6.0,False
RIVM-KEW,hosp,2024-05-08,2024-05-02,DE-HE,00+,COVID-19,34.863,31.0,32.0,33.0,35.0,36.0,38.0,39.0,False
RIVM-KEW,hosp,2024-05-08,2024-05-02,DE-HH,00+,COVID-19,15.802,15.0,15.0,15.0,16.0,16.0,17.0,18.0,False
RIVM-KEW,hosp,2024-05-08,2024-05-02,DE-MV,00+,COVID-19,5.475,5.0,5.0,5.0,5.0,6.0,6.0,7.0,False
RIVM-KEW,hosp,2024-05-08,2024-05-02,DE-NI,00+,COVID-19,22.343,21.0,21.0,21.0,22.0,23.0,24.0,25.0,False
RIVM-KEW,hosp,2024-05-08,2024-05-02,DE-NW,00+,COVID-19,79.716,76.0,77.0,78.0,79.0,81.0,83.0,85.0,False
RIVM-KEW,hosp,2024-05-08,2024-05-02,DE-RP,00+,COVID-19,29.285,28.0,28.0,28.0,29.0,30.0,31.0,32.0,False
RIVM-KEW,hosp,2024-05-08,2024-05-02,DE-SH,00+,COVID-19,18.662,18.0,18.0,18.0,18.0,19.0,20.0,21.0,False
RIVM-KEW,hosp,2024-05-08,2024-05-02,DE-SL,00+,COVID-19,0.4,0.0,0.0,0.0,0.0,1.0,1.0,2.0,False
RIVM-KEW,hosp,2024-05-08,2024-05-02,DE-SN,00+,COVID-19,4.368,3.0,3.0,3.0,4.0,5.0,6.0,7.0,False
RIVM-KEW,hosp,2024-05-08,2024-05-02,DE-ST,00+,COVID-19,10.338,10.0,10.0,10.0,10.0,11.0,11.0,12.0,False
RIVM-KEW,hosp,2024-05-08,2024-05-02,DE-TH,00+,COVID-19,4.312,4.0,4.0,4.0,4.0,5.0,5.0,6.0,False
RIVM-KEW,hosp,2024-05-08,2024-05-03,DE,00+,COVID-19,328.719,317.0,321.0,324.0,328.0,333.0,338.0,342.0,False
RIVM-KEW,hosp,2024-05-08,2024-05-03,DE,00-04,COVID-19,11.105,10.0,10.0,10.0,11.0,12.0,12.0,13.0,False
RIVM-KEW,hosp,2024-05-08,2024-05-03,DE,05-14,COVID-19,5.238,5.0,5.0,5.0,5.0,5.0,6.0,7.0,False
RIVM-KEW,hosp,2024-05-08,2024-05-03,DE,15-34,COVID-19,15.919,15.0,15.0,15.0,16.0,16.0,17.0,18.0,False
RIVM-KEW,hosp,2024-05-08,2024-05-03,DE,35-59,COVID-19,45.695,43.0,44.0,45.0,46.0,47.0,48.0,49.0,False
RIVM-KEW,hosp,2024-05-08,2024-05-03,DE,60-79,COVID-19,105.487,100.0,101.0,103.0,105.0,108.0,110.0,113.0,False
RIVM-KEW,hosp,2024-05-08,2024-05-03,DE,80+,COVID-19,148.606,141.0,144.0,146.0,148.0,151.0,154.0,156.0,False
RIVM-KEW,hosp,2024-05-08,2024-05-03,DE-BB,00+,COVID-19,25.67,25.0,25.0,25.0,25.0,26.0,27.0,28.0,False
RIVM-KEW,hosp,2024-05-08,2024-05-03,DE-BE,00+,COVID-19,8.856,8.0,8.0,8.0,9.0,9.0,10.0,11.0,False
RIVM-KEW,hosp,2024-05-08,2024-05-03,DE-BW,00+,COVID-19,24.449,21.0,22.0,23.0,24.0,26.0,27.0,29.0,False
RIVM-KEW,hosp,2024-05-08,2024-05-03,DE-BY,00+,COVID-19,30.771,27.0,28.0,29.0,30.0,32.0,33.0,36.0,False
RIVM-KEW,hosp,2024-05-08,2024-05-03,DE-HB,00+,COVID-19,2.847,2.0,2.0,2.0,3.0,3.0,4.0,5.0,False
RIVM-KEW,hosp,2024-05-08,2024-05-03,DE-HE,00+,COVID-19,36.579,33.0,34.0,35.0,36.0,38.0,39.0,42.0,False
RIVM-KEW,hosp,2024-05-08,2024-05-03,DE-HH,00+,COVID-19,21.009,20.0,20.0,20.0,21.0,22.0,22.0,24.0,False
RIVM-KEW,hosp,2024-05-08,2024-05-03,DE-MV,00+,COVID-19,5.594,5.0,5.0,5.0,5.0,6.0,7.0,7.0,False
RIVM-KEW,hosp,2024-05-08,2024-05-03,DE-NI,00+,COVID-19,21.782,20.0,20.0,21.0,22.0,23.0,24.0,25.0,False
RIVM-KEW,hosp,2024-05-08,2024-05-03,DE-NW,00+,COVID-19,76.808,72.0,74.0,75.0,77.0,78.0,80.0,82.0,False
RIVM-KEW,hosp,2024-05-08,2024-05-03,DE-RP,00+,COVID-19,30.828,29.0,29.0,30.0,31.0,32.0,33.0,34.0,False
RIVM-KEW,hosp,2024-05-08,2024-05-03,DE-SH,00+,COVID-19,25.905,25.0,25.0,25.0,26.0,26.0,27.0,28.0,False
RIVM-KEW,hosp,2024-05-08,2024-05-03,DE-SL,00+,COVID-19,0.458,0.0,0.0,0.0,0.0,1.0,1.0,2.0,False
RIVM-KEW,hosp,2024-05-08,2024-05-03,DE-SN,00+,COVID-19,3.619,2.0,2.0,3.0,3.0,4.0,5.0,7.0,False
RIVM-KEW,hosp,2024-05-08,2024-05-03,DE-ST,00+,COVID-19,9.418,9.0,9.0,9.0,9.0,10.0,10.0,11.0,False
RIVM-KEW,hosp,2024-05-08,2024-05-03,DE-TH,00+,COVID-19,6.405,6.0,6.0,6.0,6.0,7.0,7.0,8.0,False
RIVM-KEW,hosp,2024-05-08,2024-05-04,DE,00+,COVID-19,335.491,322.0,326.0,330.0,335.0,341.0,346.0,353.0,False
RIVM-KEW,hosp,2024-05-08,2024-05-04,DE,00-04,COVID-19,13.399,12.0,12.0,13.0,13.0,14.0,15.0,16.0,False
RIVM-KEW,hosp,2024-05-08,2024-05-04,DE,05-14,COVID-19,5.311,5.0,5.0,5.0,5.0,6.0,6.0,7.0,False
RIVM-KEW,hosp,2024-05-08,2024-05-04,DE,15-34,COVID-19,17.191,16.0,16.0,16.0,17.0,18.0,19.0,20.0,False
RIVM-KEW,hosp,2024-05-08,2024-05-04,DE,35-59,COVID-19,46.51,43.0,44.0,45.0,46.0,48.0,49.0,51.0,False
RIVM-KEW,hosp,2024-05-08,2024-05-04,DE,60-79,COVID-19,103.188,96.0,98.0,100.0,103.0,106.0,108.0,112.0,False
RIVM-KEW,hosp,2024-05-08,2024-05-04,DE,80+,COVID-19,153.974,146.0,148.0,151.0,154.0,157.0,160.0,163.0,False
RIVM-KEW,hosp,2024-05-08,2024-05-04,DE-BB,00+,COVID-19,25.815,25.0,25.0,25.0,26.0,26.0,27.0,28.0,False
RIVM-KEW,hosp,2024-05-08,2024-05-04,DE-BE,00+,COVID-19,10.119,9.0,9.0,9.0,10.0,11.0,12.0,13.0,False
RIVM-KEW,hosp,2024-05-08,2024-05-04,DE-BW,00+,COVID-19,24.034,21.0,22.0,23.0,24.0,25.0,27.0,29.0,False
RIVM-KEW,hosp,2024-05-08,2024-05-04,DE-BY,00+,COVID-19,31.429,28.0,29.0,30.0,31.0,33.0,35.0,37.0,False
RIVM-KEW,hosp,2024-05-08,2024-05-04,DE-HB,00+,COVID-19,2.942,2.0,2.0,2.0,3.0,3.0,4.0,5.0,False
RIVM-KEW,hosp,2024-05-08,2024-05-04,DE-HE,00+,COVID-19,36.519,32.0,33.0,35.0,36.0,38.0,40.0,43.0,False
RIVM-KEW,hosp,2024-05-08,2024-05-04,DE-HH,00+,COVID-19,20.303,19.0,19.0,19.0,20.0,21.0,22.0,23.0,False
RIVM-KEW,hosp,2024-05-08,2024-05-04,DE-MV,00+,COVID-19,6.781,6.0,6.0,6.0,7.0,7.0,8.0,9.0,False
RIVM-KEW,hosp,2024-05-08,2024-05-04,DE-NI,00+,COVID-19,18.426,16.0,16.0,17.0,18.0,19.0,21.0,22.0,False
RIVM-KEW,hosp,2024-05-08,2024-05-04,DE-NW,00+,COVID-19,79.383,74.0,76.0,77.0,79.0,81.0,83.0,86.0,False
RIVM-KEW,hosp,2024-05-08,2024-05-04,DE-RP,00+,COVID-19,32.632,30.0,31.0,31.0,32.0,34.0,35.0,36.0,False
RIVM-KEW,hosp,2024-05-08,2024-05-04,DE-SH,00+,COVID-19,31.196,30.0,30.0,30.0,31.0,32.0,33.0,34.0,False
RIVM-KEW,hosp,2024-05-08,2024-05-04,DE-SL,00+,COVID-19,0.508,0.0,0.0,0.0,0.0,1.0,2.0,2.0,False
RIVM-KEW,hosp,2024-05-08,2024-05-04,DE-SN,00+,COVID-19,2.988,1.0,1.0,2.0,3.0,4.0,5.0,6.0,False
RIVM-KEW,hosp,2024-05-08,2024-05-04,DE-ST,00+,COVID-19,9.499,9.0,9.0,9.0,9.0,10.0,10.0,11.0,False
RIVM-KEW,hosp,2024-05-08,2024-05-04,DE-TH,00+,COVID-19,5.485,5.0,5.0,5.0,5.0,6.0,6.0,7.0,False
RIVM-KEW,hosp,2024-05-08,2024-05-05,DE,00+,COVID-19,339.146,325.0,329.0,333.0,338.0,344.0,350.0,357.0,False
RIVM-KEW,hosp,2024-05-08,2024-05-05,DE,00-04,COVID-19,13.452,12.0,12.0,13.0,13.0,14.0,15.0,16.0,False
RIVM-KEW,hosp,2024-05-08,2024-05-05,DE,05-14,COVID-19,5.327,5.0,5.0,5.0,5.0,6.0,6.0,7.0,False
RIVM-KEW,hosp,2024-05-08,2024-05-05,DE,15-34,COVID-19,18.247,17.0,17.0,17.0,18.0,19.0,20.0,21.0,False
RIVM-KEW,hosp,2024-05-08,2024-05-05,DE,35-59,COVID-19,46.695,43.0,44.0,45.0,47.0,48.0,49.0,51.0,False
RIVM-KEW,hosp,2024-05-08,2024-05-05,DE,60-79,COVID-19,103.729,97.0,99.0,101.0,103.0,106.0,109.0,112.0,False
RIVM-KEW,hosp,2024-05-08,2024-05-05,DE,80+,COVID-19,155.722,148.0,150.0,153.0,155.0,159.0,161.0,165.0,False
RIVM-KEW,hosp,2024-05-08,2024-05-05,DE-BB,00+,COVID-19,25.842,25.0,25.0,25.0,26.0,26.0,27.0,28.0,False
RIVM-KEW,hosp,2024-05-08,2024-05-05,DE-BE,00+,COVID-19,10.145,9.0,9.0,9.0,10.0,11.0,12.0,13.0,False
RIVM-KEW,hosp,2024-05-08,2024-05-05,DE-BW,00+,COVID-19,24.14,21.0,22.0,23.0,24.0,25.0,27.0,29.0,False
RIVM-KEW,hosp,2024-05-08,2024-05-05,DE-BY,00+,COVID-19,32.517,29.0,30.0,31.0,32.0,34.0,36.0,38.0,False
RIVM-KEW,hosp,2024-05-08,2024-05-05,DE-HB,00+,COVID-19,2.958,2.0,2.0,2.0,3.0,3.0,4.0,5.0,False
RIVM-KEW,hosp,2024-05-08,2024-05-05,DE-HE,00+,COVID-19,37.634,33.0,34.0,36.0,37.0,39.0,41.0,44.0,False
RIVM-KEW,hosp,2024-05-08,2024-05-05,DE-HH,00+,COVID-19,20.36,19.0,19.0,19.0,20.0,21.0,22.0,23.0,False
RIVM-KEW,hosp,2024-05-08,2024-05-05,DE-MV,00+,COVID-19,6.803,6.0,6.0,6.0,7.0,7.0,8.0,9.0,False
RIVM-KEW,hosp,2024-05-08,2024-05-05,DE-NI,00+,COVID-19,19.605,17.0,18.0,18.0,19.0,21.0,22.0,24.0,False
RIVM-KEW,hosp,2024-05-08,2024-05-05,DE-NW,00+,COVID-19,79.791,74.0,76.0,78.0,80.0,82.0,84.0,87.0,False
RIVM-KEW,hosp,2024-05-08,2024-05-05,DE-RP,00+,COVID-19,31.78,29.0,30.0,30.0,32.0,33.0,34.0,36.0,False
RIVM-KEW,hosp,2024-05-08,2024-05-05,DE-SH,00+,COVID-19,31.322,30.0,30.0,30.0,31.0,32.0,33.0,34.0,False
RIVM-KEW,hosp,2024-05-08,2024-05-05,DE-SL,00+,COVID-19,0.522,0.0,0.0,0.0,0.0,1.0,2.0,2.0,False
RIVM-KEW,hosp,2024-05-08,2024-05-05,DE-SN,00+,COVID-19,3.113,1.0,1.0,2.0,3.0,4.0,5.0,7.0,False
RIVM-KEW,hosp,2024-05-08,2024-05-05,DE-ST,00+,COVID-19,9.521,9.0,9.0,9.0,9.0,10.0,11.0,11.0,False
RIVM-KEW,hosp,2024-05-08,2024-05-05,DE-TH,00+,COVID-19,5.49,5.0,5.0,5.0,5.0,6.0,6.0,7.0,False
RIVM-KEW,hosp,2024-05-08,2024-05-06,DE,00+,COVID-19,342.164,328.0,332.0,336.0,341.0,348.0,354.0,360.0,False
RIVM-KEW,hosp,2024-05-08,2024-05-06,DE,00-04,COVID-19,13.514,12.0,12.0,13.0,13.0,14.0,15.0,16.0,False
RIVM-KEW,hosp,2024-05-08,2024-05-06,DE,05-14,COVID-19,5.338,5.0,5.0,5.0,5.0,6.0,6.0,7.0,False
RIVM-KEW,hosp,2024-05-08,2024-05-06,DE,15-34,COVID-19,18.284,17.0,17.0,17.0,18.0,19.0,20.0,21.0,False
RIVM-KEW,hosp,2024-05-08,2024-05-06,DE,35-59,COVID-19,45.882,43.0,44.0,44.0,46.0,47.0,49.0,50.0,False
RIVM-KEW,hosp,2024-05-08,2024-05-06,DE,60-79,COVID-19,105.317,98.0,100.0,102.0,105.0,108.0,111.0,114.0,False
RIVM-KEW,hosp,2024-05-08,2024-05-06,DE,80+,COVID-19,157.406,149.0,152.0,154.0,157.0,160.0,163.0,167.0,False
RIVM-KEW,hosp,2024-05-08,2024-05-06,DE-BB,00+,COVID-19,25.867,25.0,25.0,25.0,26.0,26.0,27.0,28.0,False
RIVM-KEW,hosp,2024-05-08,2024-05-06,DE-BE,00+,COVID-19,10.186,9.0,9.0,9.0,10.0,11.0,12.0,13.0,False
RIVM-KEW,hosp,2024-05-08,2024-05-06,DE-BW,00+,COVID-19,24.243,21.0,22.0,23.0,24.0,25.0,27.0,29.0,False
RIVM-KEW,hosp,2024-05-08,2024-05-06,DE-BY,00+,COVID-19,32.619,29.0,30.0,31.0,32.0,34.0,36.0,38.0,False
RIVM-KEW,hosp,2024-05-08,2024-05-06,DE-HB,00+,COVID-19,2.962,2.0,2.0,2.0,3.0,3.0,4.0,5.0,False
RIVM-KEW,hosp,2024-05-08,2024-05-06,DE-HE,00+,COVID-19,36.787,32.0,34.0,35.0,37.0,38.0,40.0,43.0,False
RIVM-KEW,hosp,2024-05-08,2024-05-06,DE-HH,00+,COVID-19,20.407,19.0,19.0,20.0,20.0,21.0,22.0,23.0,False
RIVM-KEW,hosp,2024-05-08,2024-05-06,DE-MV,00+,COVID-19,6.828,6.0,6.0,6.0,7.0,7.0,8.0,9.0,False
RIVM-KEW,hosp,2024-05-08,2024-05-06,DE-NI,00+,COVID-19,19.82,17.0,18.0,19.0,20.0,21.0,22.0,24.0,False
RIVM-KEW,hosp,2024-05-08,2024-05-06,DE-NW,00+,COVID-19,80.304,75.0,76.0,78.0,80.0,82.0,85.0,88.0,False
RIVM-KEW,hosp,2024-05-08,2024-05-06,DE-RP,00+,COVID-19,31.892,29.0,30.0,31.0,32.0,33.0,34.0,36.0,False
RIVM-KEW,hosp,2024-05-08,2024-05-06,DE-SH,00+,COVID-19,32.403,31.0,31.0,31.0,32.0,33.0,34.0,35.0,False
RIVM-KEW,hosp,2024-05-08,2024-05-06,DE-SL,00+,COVID-19,0.539,0.0,0.0,0.0,0.0,1.0,2.0,2.0,False
RIVM-KEW,hosp,2024-05-08,2024-05-06,DE-SN,00+,COVID-19,4.215,2.0,2.0,3.0,4.0,5.0,6.0,8.0,False
RIVM-KEW,hosp,2024-05-08,2024-05-06,DE-ST,00+,COVID-19,9.537,9.0,9.0,9.0,9.0,10.0,11.0,11.0,False
RIVM-KEW,hosp,2024-05-08,2024-05-06,DE-TH,00+,COVID-19,5.503,5.0,5.0,5.0,5.0,6.0,6.0,7.0,False
RIVM-KEW,hosp,2024-05-08,2024-05-07,DE,00+,COVID-19,343.405,316.0,322.0,330.0,341.0,354.0,366.0,385.0,False
RIVM-KEW,hosp,2024-05-08,2024-05-07,DE,00-04,COVID-19,15.691,13.0,14.0,14.0,16.0,17.0,18.0,19.0,False
RIVM-KEW,hosp,2024-05-08,2024-05-07,DE,05-14,COVID-19,4.648,4.0,4.0,4.0,4.0,5.0,6.0,6.0,False
RIVM-KEW,hosp,2024-05-08,2024-05-07,DE,15-34,COVID-19,19.397,17.0,17.0,18.0,19.0,20.0,21.0,23.0,False
RIVM-KEW,hosp,2024-05-08,2024-05-07,DE,35-59,COVID-19,38.002,33.0,35.0,36.0,38.0,40.0,42.0,44.0,False
RIVM-KEW,hosp,2024-05-08,2024-05-07,DE,60-79,COVID-19,116.154,106.0,109.0,112.0,116.0,120.0,124.0,129.0,False
RIVM-KEW,hosp,2024-05-08,2024-05-07,DE,80+,COVID-19,150.647,138.0,142.0,145.0,150.0,155.0,160.0,166.0,False
RIVM-KEW,hosp,2024-05-08,2024-05-07,DE-BB,00+,COVID-19,23.541,22.0,22.0,23.0,23.0,24.0,25.0,26.0,False
RIVM-KEW,hosp,2024-05-08,2024-05-07,DE-BE,00+,COVID-19,11.936,10.0,10.0,11.0,12.0,13.0,14.0,15.0,False
RIVM-KEW,hosp,2024-05-08,2024-05-07,DE-BW,00+,COVID-19,28.155,23.0,25.0,26.0,28.0,30.0,32.0,35.0,False
RIVM-KEW,hosp,2024-05-08,2024-05-07,DE-BY,00+,COVID-19,35.334,29.0,31.0,33.0,35.0,37.0,40.0,43.0,False
RIVM-KEW,hosp,2024-05-08,2024-05-07,DE-HB,00+,COVID-19,2.164,1.0,1.0,1.0,2.0,3.0,4.0,5.0,False
RIVM-KEW,hosp,2024-05-08,2024-05-07,DE-HE,00+,COVID-19,35.32,29.0,31.0,33.0,35.0,38.0,40.0,43.0,False
RIVM-KEW,hosp,2024-05-08,2024-05-07,DE-HH,00+,COVID-19,16.429,14.0,14.0,15.0,16.0,17.0,19.0,20.0,False
RIVM-KEW,hosp,2024-05-08,2024-05-07,DE-MV,00+,COVID-19,5.857,4.0,4.0,5.0,6.0,7.0,8.0,9.0,False
RIVM-KEW,hosp,2024-05-08,2024-05-07,DE-NI,00+,COVID-19,18.167,14.0,15.0,16.0,18.0,20.0,21.0,24.0,False
RIVM-KEW,hosp,2024-05-08,2024-05-07,DE-NW,00+,COVID-19,69.657,62.0,64.0,66.0,69.0,72.0,76.0,80.0,False
RIVM-KEW,hosp,2024-05-08,2024-05-07,DE-RP,00+,COVID-19,41.123,36.0,38.0,39.0,41.0,43.0,45.0,48.0,False
RIVM-KEW,hosp,2024-05-08,2024-05-07,DE-SH,00+,COVID-19,29.806,27.0,28.0,28.0,30.0,31.0,32.0,34.0,False
RIVM-KEW,hosp,2024-05-08,2024-05-07,DE-SL,00+,COVID-19,1.743,1.0,1.0,1.0,1.0,2.0,3.0,4.0,False
RIVM-KEW,hosp,2024-05-08,2024-05-07,DE-SN,00+,COVID-19,4.509,1.0,2.0,3.0,4.0,6.0,7.0,9.0,False
RIVM-KEW,hosp,2024-05-08,2024-05-07,DE-ST,00+,COVID-19,9.086,8.0,8.0,8.0,9.0,10.0,10.0,12.0,False
RIVM-KEW,hosp,2024-05-08,2024-05-07,DE-TH,00+,COVID-19,8.898,8.0,8.0,8.0,9.0,9.0,10.0,11.0,False
RIVM-KEW,hosp,2024-05-08,2024-05-08,DE,00+,COVID-19,336.173,288.0,302.0,314.0,332.0,353.0,377.0,409.0,False
RIVM-KEW,hosp,2024-05-08,2024-05-08,DE,00-04,COVID-19,17.425,14.0,15.0,16.0,17.0,19.0,21.0,22.0,False
RIVM-KEW,hosp,2024-05-08,2024-05-08,DE,05-14,COVID-19,2.1,1.0,1.0,1.0,2.0,3.0,3.0,4.0,False
RIVM-KEW,hosp,2024-05-08,2024-05-08,DE,15-34,COVID-19,20.0,17.0,17.0,18.0,20.0,21.0,23.0,24.0,False
RIVM-KEW,hosp,2024-05-08,2024-05-08,DE,35-59,COVID-19,38.552,32.0,34.0,36.0,38.0,41.0,44.0,48.0,False
RIVM-KEW,hosp,2024-05-08,2024-05-08,DE,60-79,COVID-19,116.826,100.0,106.0,110.0,116.0,122.0,129.0,137.0,False
RIVM-KEW,hosp,2024-05-08,2024-05-08,DE,80+,COVID-19,141.158,121.0,128.0,134.0,140.0,148.0,155.0,165.0,False
RIVM-KEW,hosp,2024-05-08,2024-05-08,DE-BB,00+,COVID-19,8.2,5.0,6.0,7.0,8.0,9.0,11.0,13.0,False
RIVM-KEW,hosp,2024-05-08,2024-05-08,DE-BE,00+,COVID-19,12.227,9.0,10.0,11.0,12.0,13.0,15.0,17.0,False
RIVM-KEW,hosp,2024-05-08,2024-05-08,DE-BW,00+,COVID-19,26.912,20.0,22.0,24.0,26.0,30.0,33.0,37.0,False
RIVM-KEW,hosp,2024-05-08,2024-05-08,DE-BY,00+,COVID-19,42.47,35.0,37.0,39.0,42.0,45.0,49.0,52.0,False
RIVM-KEW,hosp,2024-05-08,2024-05-08,DE-HB,00+,COVID-19,2.573,1.0,1.0,2.0,2.0,3.0,5.0,6.0,False
RIVM-KEW,hosp,2024-05-08,2024-05-08,DE-HE,00+,COVID-19,32.643,25.0,27.0,29.0,32.0,36.0,39.0,42.0,False
RIVM-KEW,hosp,2024-05-08,2024-05-08,DE-HH,00+,COVID-19,17.179,13.0,14.0,15.0,17.0,19.0,20.0,23.0,False
RIVM-KEW,hosp,2024-05-08,2024-05-08,DE-MV,00+,COVID-19,6.24,3.0,4.0,5.0,6.0,7.0,9.0,11.0,False
RIVM-KEW,hosp,2024-05-08,2024-05-08,DE-NI,00+,COVID-19,20.565,15.0,16.0,18.0,20.0,23.0,25.0,29.0,False
RIVM-KEW,hosp,2024-05-08,2024-05-08,DE-NW,00+,COVID-19,75.314,62.0,66.0,70.0,74.0,79.0,86.0,96.0,False
RIVM-KEW,hosp,2024-05-08,2024-05-08,DE-RP,00+,COVID-19,38.899,32.0,34.0,36.0,38.0,41.0,45.0,50.0,False
RIVM-KEW,hosp,2024-05-08,2024-05-08,DE-SH,00+,COVID-19,24.685,20.0,21.0,22.0,24.0,27.0,29.0,32.0,False
RIVM-KEW,hosp,2024-05-08,2024-05-08,DE-SL,00+,COVID-19,2.051,1.0,1.0,1.0,2.0,3.0,3.0,5.0,False
RIVM-KEW,hosp,2024-05-08,2024-05-08,DE-SN,00+,COVID-19,5.894,2.0,3.0,4.0,6.0,8.0,9.0,11.0,False
RIVM-KEW,hosp,2024-05-08,2024-05-08,DE-ST,00+,COVID-19,6.845,5.0,5.0,6.0,7.0,8.0,9.0,10.0,False
RIVM-KEW,hosp,2024-05-08,2024-05-08,DE-TH,00+,COVID-19,9.631,8.0,8.0,9.0,9.0,10.0,12.0,13.0,False
RKI-weekly_report,hosp,2024-05-08,2024-04-10,DE,00+,COVID-19,273.0,269.0,,,,,,282.0,False
RKI-weekly_report,hosp,2024-05-08,2024-04-10,DE-BB,00+,COVID-19,19.0,19.0,,,,,,20.0,False
RKI-weekly_report,hosp,2024-05-08,2024-04-10,DE-BE,00+,COVID-19,13.0,13.0,,,,,,13.0,False
RKI-weekly_report,hosp,2024-05-08,2024-04-10,DE-BW,00+,COVID-19,13.0,13.0,,,,,,13.0,False
RKI-weekly_report,hosp,2024-05-08,2024-04-10,DE-BY,00+,COVID-19,31.0,31.0,,,,,,32.0,False
RKI-weekly_report,hosp,2024-05-08,2024-04-10,DE-HB,00+,COVID-19,9.0,9.0,,,,,,9.0,False
RKI-weekly_report,hosp,2024-05-08,2024-04-10,DE-HE,00+,COVID-19,34.0,34.0,,,,,,35.0,False
RKI-weekly_report,hosp,2024-05-08,2024-04-10,DE-HH,00+,COVID-19,7.0,7.0,,,,,,7.0,False
RKI-weekly_report,hosp,2024-05-08,2024-04-10,DE-MV,00+,COVID-19,8.0,8.0,,,,,,8.0,False
RKI-weekly_report,hosp,2024-05-08,2024-04-10,DE-NI,00+,COVID-19,29.0,29.0,,,,,,30.0,False
RKI-weekly_report,hosp,2024-05-08,2024-04-10,DE-NW,00+,COVID-19,60.0,60.0,,,,,,62.0,False
RKI-weekly_report,hosp,2024-05-08,2024-04-10,DE-RP,00+,COVID-19,15.0,15.0,,,,,,15.0,False
RKI-weekly_report,hosp,2024-05-08,2024-04-10,DE-SH,00+,COVID-19,12.0,12.0,,,,,,12.0,False
RKI-weekly_report,hosp,2024-05-08,2024-04-10,DE-SL,00+,COVID-19,1.0,1.0,,,,,,1.0,False
RKI-weekly_report,hosp,2024-05-08,2024-04-10,DE-SN,00+,COVID-19,5.0,5.0,,,,,,5.0,False
RKI-weekly_report,hosp,2024-05-08,2024-04-10,DE-ST,00+,COVID-19,10.0,10.0,,,,,,10.0,False
RKI-weekly_report,hosp,2024-05-08,2024-04-10,DE-TH,00+,COVID-19,3.0,3.0,,,,,,3.0,False
RKI-weekly_report,hosp,2024-05-08,2024-04-11,DE,00+,COVID-19,267.0,262.0,,,,,,278.0,False
RKI-weekly_report,hosp,2024-05-08,2024-04-11,DE-BB,00+,COVID-19,18.0,18.0,,,,,,19.0,False
RKI-weekly_report,hosp,2024-05-08,2024-04-11,DE-BE,00+,COVID-19,11.0,11.0,,,,,,11.0,False
RKI-weekly_report,hosp,2024-05-08,2024-04-11,DE-BW,00+,COVID-19,13.0,13.0,,,,,,13.0,False
RKI-weekly_report,hosp,2024-05-08,2024-04-11,DE-BY,00+,COVID-19,32.0,32.0,,,,,,34.0,False
RKI-weekly_report,hosp,2024-05-08,2024-04-11,DE-HB,00+,COVID-19,10.0,10.0,,,,,,10.0,False
RKI-weekly_report,hosp,2024-05-08,2024-04-11,DE-HE,00+,COVID-19,37.0,37.0,,,,,,39.0,False
RKI-weekly_report,hosp,2024-05-08,2024-04-11,DE-HH,00+,COVID-19,9.0,9.0,,,,,,9.0,False
RKI-weekly_report,hosp,2024-05-08,2024-04-11,DE-MV,00+,COVID-19,9.0,9.0,,,,,,9.0,False
RKI-weekly_report,hosp,2024-05-08,2024-04-11,DE-NI,00+,COVID-19,28.0,28.0,,,,,,29.0,False
RKI-weekly_report,hosp,2024-05-08,2024-04-11,DE-NW,00+,COVID-19,53.0,52.0,,,,,,55.0,False
RKI-weekly_report,hosp,2024-05-08,2024-04-11,DE-RP,00+,COVID-19,12.0,12.0,,,,,,12.0,False
RKI-weekly_report,hosp,2024-05-08,2024-04-11,DE-SH,00+,COVID-19,15.0,15.0,,,,,,16.0,False
RKI-weekly_report,hosp,2024-05-08,2024-04-11,DE-SL,00+,COVID-19,1.0,1.0,,,,,,1.0,False
RKI-weekly_report,hosp,2024-05-08,2024-04-11,DE-SN,00+,COVID-19,2.0,2.0,,,,,,2.0,False
RKI-weekly_report,hosp,2024-05-08,2024-04-11,DE-ST,00+,COVID-19,8.0,8.0,,,,,,8.0,False
RKI-weekly_report,hosp,2024-05-08,2024-04-11,DE-TH,00+,COVID-19,5.0,5.0,,,,,,5.0,False
RKI-weekly_report,hosp,2024-05-08,2024-04-12,DE,00+,COVID-19,246.0,241.0,,,,,,259.0,False
RKI-weekly_report,hosp,2024-05-08,2024-04-12,DE-BB,00+,COVID-19,15.0,15.0,,,,,,16.0,False
RKI-weekly_report,hosp,2024-05-08,2024-04-12,DE-BE,00+,COVID-19,4.0,4.0,,,,,,4.0,False
RKI-weekly_report,hosp,2024-05-08,2024-04-12,DE-BW,00+,COVID-19,13.0,13.0,,,,,,14.0,False
RKI-weekly_report,hosp,2024-05-08,2024-04-12,DE-BY,00+,COVID-19,30.0,30.0,,,,,,32.0,False
RKI-weekly_report,hosp,2024-05-08,2024-04-12,DE-HB,00+,COVID-19,4.0,4.0,,,,,,4.0,False
RKI-weekly_report,hosp,2024-05-08,2024-04-12,DE-HE,00+,COVID-19,35.0,35.0,,,,,,37.0,False
RKI-weekly_report,hosp,2024-05-08,2024-04-12,DE-HH,00+,COVID-19,11.0,11.0,,,,,,11.0,False
RKI-weekly_report,hosp,2024-05-08,2024-04-12,DE-MV,00+,COVID-19,7.0,7.0,,,,,,7.0,False
RKI-weekly_report,hosp,2024-05-08,2024-04-12,DE-NI,00+,COVID-19,28.0,28.0,,,,,,29.0,False
RKI-weekly_report,hosp,2024-05-08,2024-04-12,DE-NW,00+,COVID-19,60.0,59.0,,,,,,63.0,False
RKI-weekly_report,hosp,2024-05-08,2024-04-12,DE-RP,00+,COVID-19,10.0,10.0,,,,,,10.0,False
RKI-weekly_report,hosp,2024-05-08,2024-04-12,DE-SH,00+,COVID-19,9.0,9.0,,,,,,9.0,False
RKI-weekly_report,hosp,2024-05-08,2024-04-12,DE-SL,00+,COVID-19,2.0,2.0,,,,,,2.0,False
RKI-weekly_report,hosp,2024-05-08,2024-04-12,DE-SN,00+,COVID-19,3.0,3.0,,,,,,3.0,False
RKI-weekly_report,hosp,2024-05-08,2024-04-12,DE-ST,00+,COVID-19,6.0,6.0,,,,,,6.0,False
RKI-weekly_report,hosp,2024-05-08,2024-04-12,DE-TH,00+,COVID-19,5.0,5.0,,,,,,5.0,False
RKI-weekly_report,hosp,2024-05-08,2024-04-13,DE,00+,COVID-19,244.0,238.0,,,,,,257.0,False
RKI-weekly_report,hosp,2024-05-08,2024-04-13,DE-BB,00+,COVID-19,14.0,14.0,,,,,,15.0,False
RKI-weekly_report,hosp,2024-05-08,2024-04-13,DE-BE,00+,COVID-19,5.0,5.0,,,,,,5.0,False
RKI-weekly_report,hosp,2024-05-08,2024-04-13,DE-BW,00+,COVID-19,12.0,12.0,,,,,,12.0,False
RKI-weekly_report,hosp,2024-05-08,2024-04-13,DE-BY,00+,COVID-19,35.0,35.0,,,,,,38.0,False
RKI-weekly_report,hosp,2024-05-08,2024-04-13,DE-HB,00+,COVID-19,3.0,3.0,,,,,,3.0,False
RKI-weekly_report,hosp,2024-05-08,2024-04-13,DE-HE,00+,COVID-19,30.0,30.0,,,,,,32.0,False
RKI-weekly_report,hosp,2024-05-08,2024-04-13,DE-HH,00+,COVID-19,11.0,11.0,,,,,,11.0,False
RKI-weekly_report,hosp,2024-05-08,2024-04-13,DE-MV,00+,COVID-19,4.0,4.0,,,,,,4.0,False
RKI-weekly_report,hosp,2024-05-08,2024-04-13,DE-NI,00+,COVID-19,29.0,29.0,,,,,,30.0,False
RKI-weekly_report,hosp,2024-05-08,2024-04-13,DE-NW,00+,COVID-19,60.0,59.0,,,,,,64.0,False
RKI-weekly_report,hosp,2024-05-08,2024-04-13,DE-RP,00+,COVID-19,9.0,9.0,,,,,,9.0,False
RKI-weekly_report,hosp,2024-05-08,2024-04-13,DE-SH,00+,COVID-19,13.0,13.0,,,,,,14.0,False
RKI-weekly_report,hosp,2024-05-08,2024-04-13,DE-SL,00+,COVID-19,2.0,2.0,,,,,,2.0,False
RKI-weekly_report,hosp,2024-05-08,2024-04-13,DE-SN,00+,COVID-19,4.0,4.0,,,,,,4.0,False
RKI-weekly_report,hosp,2024-05-08,2024-04-13,DE-ST,00+,COVID-19,3.0,3.0,,,,,,3.0,False
RKI-weekly_report,hosp,2024-05-08,2024-04-13,DE-TH,00+,COVID-19,5.0,5.0,,,,,,5.0,False
RKI-weekly_report,hosp,2024-05-08,2024-04-14,DE,00+,COVID-19,241.0,235.0,,,,,,254.0,False
RKI-weekly_report,hosp,2024-05-08,2024-04-14,DE-BB,00+,COVID-19,13.0,13.0,,,,,,14.0,False
RKI-weekly_report,hosp,2024-05-08,2024-04-14,DE-BE,00+,COVID-19,5.0,5.0,,,,,,5.0,False
RKI-weekly_report,hosp,2024-05-08,2024-04-14,DE-BW,00+,COVID-19,11.0,11.0,,,,,,11.0,False
RKI-weekly_report,hosp,2024-05-08,2024-04-14,DE-BY,00+,COVID-19,35.0,35.0,,,,,,38.0,False
RKI-weekly_report,hosp,2024-05-08,2024-04-14,DE-HB,00+,COVID-19,3.0,3.0,,,,,,3.0,False
RKI-weekly_report,hosp,2024-05-08,2024-04-14,DE-HE,00+,COVID-19,30.0,30.0,,,,,,32.0,False
RKI-weekly_report,hosp,2024-05-08,2024-04-14,DE-HH,00+,COVID-19,11.0,11.0,,,,,,11.0,False
RKI-weekly_report,hosp,2024-05-08,2024-04-14,DE-MV,00+,COVID-19,4.0,4.0,,,,,,4.0,False
RKI-weekly_report,hosp,2024-05-08,2024-04-14,DE-NI,00+,COVID-19,29.0,29.0,,,,,,30.0,False
RKI-weekly_report,hosp,2024-05-08,2024-04-14,DE-NW,00+,COVID-19,60.0,59.0,,,,,,64.0,False
RKI-weekly_report,hosp,2024-05-08,2024-04-14,DE-RP,00+,COVID-19,9.0,9.0,,,,,,9.0,False
RKI-weekly_report,hosp,2024-05-08,2024-04-14,DE-SH,00+,COVID-19,13.0,13.0,,,,,,14.0,False
RKI-weekly_report,hosp,2024-05-08,2024-04-14,DE-SL,00+,COVID-19,2.0,2.0,,,,,,2.0,False
RKI-weekly_report,hosp,2024-05-08,2024-04-14,DE-SN,00+,COVID-19,4.0,4.0,,,,,,4.0,False
RKI-weekly_report,hosp,2024-05-08,2024-04-14,DE-ST,00+,COVID-19,3.0,3.0,,,,,,3.0,False
RKI-weekly_report,hosp,2024-05-08,2024-04-14,DE-TH,00+,COVID-19,4.0,4.0,,,,,,4.0,False
RKI-weekly_report,hosp,2024-05-08,2024-04-15,DE,00+,COVID-19,238.0,232.0,,,,,,251.0,False
RKI-weekly_report,hosp,2024-05-08,2024-04-15,DE-BB,00+,COVID-19,12.0,12.0,,,,,,13.0,False
RKI-weekly_report,hosp,2024-05-08,2024-04-15,DE-BE,00+,COVID-19,5.0,5.0,,,,,,5.0,False
RKI-weekly_report,hosp,2024-05-08,2024-04-15,DE-BW,00+,COVID-19,11.0,11.0,,,,,,11.0,False
RKI-weekly_report,hosp,2024-05-08,2024-04-15,DE-BY,00+,COVID-19,35.0,35.0,,,,,,38.0,False
RKI-weekly_report,hosp,2024-05-08,2024-04-15,DE-HB,00+,COVID-19,3.0,3.0,,,,,,3.0,False
RKI-weekly_report,hosp,2024-05-08,2024-04-15,DE-HE,00+,COVID-19,31.0,31.0,,,,,,33.0,False
RKI-weekly_report,hosp,2024-05-08,2024-04-15,DE-HH,00+,COVID-19,11.0,11.0,,,,,,11.0,False
RKI-weekly_report,hosp,2024-05-08,2024-04-15,DE-MV,00+,COVID-19,4.0,4.0,,,,,,4.0,False
RKI-weekly_report,hosp,2024-05-08,2024-04-15,DE-NI,00+,COVID-19,25.0,25.0,,,,,,26.0,False
RKI-weekly_report,hosp,2024-05-08,2024-04-15,DE-NW,00+,COVID-19,60.0,59.0,,,,,,64.0,False
RKI-weekly_report,hosp,2024-05-08,2024-04-15,DE-RP,00+,COVID-19,9.0,9.0,,,,,,9.0,False
RKI-weekly_report,hosp,2024-05-08,2024-04-15,DE-SH,00+,COVID-19,13.0,13.0,,,,,,14.0,False
RKI-weekly_report,hosp,2024-05-08,2024-04-15,DE-SL,00+,COVID-19,2.0,2.0,,,,,,2.0,False
RKI-weekly_report,hosp,2024-05-08,2024-04-15,DE-SN,00+,COVID-19,5.0,5.0,,,,,,5.0,False
RKI-weekly_report,hosp,2024-05-08,2024-04-15,DE-ST,00+,COVID-19,3.0,3.0,,,,,,3.0,False
RKI-weekly_report,hosp,2024-05-08,2024-04-15,DE-TH,00+,COVID-19,4.0,4.0,,,,,,4.0,False
RKI-weekly_report,hosp,2024-05-08,2024-04-16,DE,00+,COVID-19,207.0,201.0,,,,,,223.0,False
RKI-weekly_report,hosp,2024-05-08,2024-04-16,DE-BB,00+,COVID-19,6.0,6.0,,,,,,6.0,False
RKI-weekly_report,hosp,2024-05-08,2024-04-16,DE-BE,00+,COVID-19,3.0,3.0,,,,,,3.0,False
RKI-weekly_report,hosp,2024-05-08,2024-04-16,DE-BW,00+,COVID-19,11.0,11.0,,,,,,12.0,False
RKI-weekly_report,hosp,2024-05-08,2024-04-16,DE-BY,00+,COVID-19,24.0,24.0,,,,,,26.0,False
RKI-weekly_report,hosp,2024-05-08,2024-04-16,DE-HB,00+,COVID-19,1.0,1.0,,,,,,1.0,False
RKI-weekly_report,hosp,2024-05-08,2024-04-16,DE-HE,00+,COVID-19,29.0,28.0,,,,,,31.0,False
RKI-weekly_report,hosp,2024-05-08,2024-04-16,DE-HH,00+,COVID-19,12.0,12.0,,,,,,13.0,False
RKI-weekly_report,hosp,2024-05-08,2024-04-16,DE-MV,00+,COVID-19,4.0,4.0,,,,,,4.0,False
RKI-weekly_report,hosp,2024-05-08,2024-04-16,DE-NI,00+,COVID-19,17.0,17.0,,,,,,18.0,False
RKI-weekly_report,hosp,2024-05-08,2024-04-16,DE-NW,00+,COVID-19,52.0,51.0,,,,,,56.0,False
RKI-weekly_report,hosp,2024-05-08,2024-04-16,DE-RP,00+,COVID-19,11.0,11.0,,,,,,12.0,False
RKI-weekly_report,hosp,2024-05-08,2024-04-16,DE-SH,00+,COVID-19,12.0,12.0,,,,,,13.0,False
RKI-weekly_report,hosp,2024-05-08,2024-04-16,DE-SL,00+,COVID-19,3.0,3.0,,,,,,3.0,False
RKI-weekly_report,hosp,2024-05-08,2024-04-16,DE-SN,00+,COVID-19,11.0,11.0,,,,,,12.0,False
RKI-weekly_report,hosp,2024-05-08,2024-04-16,DE-ST,00+,COVID-19,2.0,2.0,,,,,,2.0,False
RKI-weekly_report,hosp,2024-05-08,2024-04-16,DE-TH,00+,COVID-19,5.0,5.0,,,,,,5.0,False
RKI-weekly_report,hosp,2024-05-08,2024-04-17,DE,00+,COVID-19,196.0,190.0,,,,,,211.0,False
RKI-weekly_report,hosp,2024-05-08,2024-04-17,DE-BB,00+,COVID-19,3.0,3.0,,,,,,3.0,False
RKI-weekly_report,hosp,2024-05-08,2024-04-17,DE-BE,00+,COVID-19,2.0,2.0,,,,,,2.0,False
RKI-weekly_report,hosp,2024-05-08,2024-04-17,DE-BW,00+,COVID-19,11.0,11.0,,,,,,12.0,False
RKI-weekly_report,hosp,2024-05-08,2024-04-17,DE-BY,00+,COVID-19,22.0,22.0,,,,,,24.0,False
RKI-weekly_report,hosp,2024-05-08,2024-04-17,DE-HB,00+,COVID-19,1.0,1.0,,,,,,1.0,False
RKI-weekly_report,hosp,2024-05-08,2024-04-17,DE-HE,00+,COVID-19,24.0,24.0,,,,,,26.0,False
RKI-weekly_report,hosp,2024-05-08,2024-04-17,DE-HH,00+,COVID-19,12.0,12.0,,,,,,13.0,False
RKI-weekly_report,hosp,2024-05-08,2024-04-17,DE-MV,00+,COVID-19,1.0,1.0,,,,,,1.0,False
RKI-weekly_report,hosp,2024-05-08,2024-04-17,DE-NI,00+,COVID-19,18.0,18.0,,,,,,19.0,False
RKI-weekly_report,hosp,2024-05-08,2024-04-17,DE-NW,00+,COVID-19,55.0,54.0,,,,,,60.0,False
RKI-weekly_report,hosp,2024-05-08,2024-04-17,DE-RP,00+,COVID-19,10.0,10.0,,,,,,11.0,False
RKI-weekly_report,hosp,2024-05-08,2024-04-17,DE-SH,00+,COVID-19,12.0,12.0,,,,,,13.0,False
RKI-weekly_report,hosp,2024-05-08,2024-04-17,DE-SL,00+,COVID-19,4.0,4.0,,,,,,4.0,False
RKI-weekly_report,hosp,2024-05-08,2024-04-17,DE-SN,00+,COVID-19,10.0,10.0,,,,,,11.0,False
RKI-weekly_report,hosp,2024-05-08,2024-04-17,DE-ST,00+,COVID-19,2.0,2.0,,,,,,2.0,False
RKI-weekly_report,hosp,2024-05-08,2024-04-17,DE-TH,00+,COVID-19,4.0,4.0,,,,,,4.0,False
RKI-weekly_report,hosp,2024-05-08,2024-04-18,DE,00+,COVID-19,185.0,178.0,,,,,,201.0,False
RKI-weekly_report,hosp,2024-05-08,2024-04-18,DE-BB,00+,COVID-19,3.0,3.0,,,,,,3.0,False
RKI-weekly_report,hosp,2024-05-08,2024-04-18,DE-BE,00+,COVID-19,3.0,3.0,,,,,,3.0,False
RKI-weekly_report,hosp,2024-05-08,2024-04-18,DE-BW,00+,COVID-19,11.0,11.0,,,,,,12.0,False
RKI-weekly_report,hosp,2024-05-08,2024-04-18,DE-BY,00+,COVID-19,25.0,24.0,,,,,,27.0,False
RKI-weekly_report,hosp,2024-05-08,2024-04-18,DE-HB,00+,COVID-19,0.0,0.0,,,,,,0.0,False
RKI-weekly_report,hosp,2024-05-08,2024-04-18,DE-HE,00+,COVID-19,22.0,22.0,,,,,,25.0,False
RKI-weekly_report,hosp,2024-05-08,2024-04-18,DE-HH,00+,COVID-19,10.0,10.0,,,,,,11.0,False
RKI-weekly_report,hosp,2024-05-08,2024-04-18,DE-MV,00+,COVID-19,0.0,0.0,,,,,,0.0,False
RKI-weekly_report,hosp,2024-05-08,2024-04-18,DE-NI,00+,COVID-19,16.0,16.0,,,,,,17.0,False
RKI-weekly_report,hosp,2024-05-08,2024-04-18,DE-NW,00+,COVID-19,48.0,47.0,,,,,,52.0,False
RKI-weekly_report,hosp,2024-05-08,2024-04-18,DE-RP,00+,COVID-19,11.0,11.0,,,,,,12.0,False
RKI-weekly_report,hosp,2024-05-08,2024-04-18,DE-SH,00+,COVID-19,9.0,9.0,,,,,,10.0,False
RKI-weekly_report,hosp,2024-05-08,2024-04-18,DE-SL,00+,COVID-19,6.0,6.0,,,,,,7.0,False
RKI-weekly_report,hosp,2024-05-08,2024-04-18,DE-SN,00+,COVID-19,9.0,9.0,,,,,,10.0,False
RKI-weekly_report,hosp,2024-05-08,2024-04-18,DE-ST,00+,COVID-19,5.0,5.0,,,,,,5.0,False
RKI-weekly_report,hosp,2024-05-08,2024-04-18,DE-TH,00+,COVID-19,2.0,2.0,,,,,,2.0,False
RKI-weekly_report,hosp,2024-05-08,2024-04-19,DE,00+,COVID-19,185.0,178.0,,,,,,202.0,False
RKI-weekly_report,hosp,2024-05-08,2024-04-19,DE-BB,00+,COVID-19,2.0,2.0,,,,,,2.0,False
RKI-weekly_report,hosp,2024-05-08,2024-04-19,DE-BE,00+,COVID-19,5.0,5.0,,,,,,5.0,False
RKI-weekly_report,hosp,2024-05-08,2024-04-19,DE-BW,00+,COVID-19,10.0,10.0,,,,,,11.0,False
RKI-weekly_report,hosp,2024-05-08,2024-04-19,DE-BY,00+,COVID-19,27.0,26.0,,,,,,30.0,False
RKI-weekly_report,hosp,2024-05-08,2024-04-19,DE-HB,00+,COVID-19,0.0,0.0,,,,,,0.0,False
RKI-weekly_report,hosp,2024-05-08,2024-04-19,DE-HE,00+,COVID-19,20.0,20.0,,,,,,22.0,False
RKI-weekly_report,hosp,2024-05-08,2024-04-19,DE-HH,00+,COVID-19,8.0,8.0,,,,,,9.0,False
RKI-weekly_report,hosp,2024-05-08,2024-04-19,DE-MV,00+,COVID-19,0.0,0.0,,,,,,0.0,False
RKI-weekly_report,hosp,2024-05-08,2024-04-19,DE-NI,00+,COVID-19,16.0,16.0,,,,,,18.0,False
RKI-weekly_report,hosp,2024-05-08,2024-04-19,DE-NW,00+,COVID-19,44.0,43.0,,,,,,49.0,False
RKI-weekly_report,hosp,2024-05-08,2024-04-19,DE-RP,00+,COVID-19,15.0,15.0,,,,,,17.0,False
RKI-weekly_report,hosp,2024-05-08,2024-04-19,DE-SH,00+,COVID-19,11.0,11.0,,,,,,12.0,False
RKI-weekly_report,hosp,2024-05-08,2024-04-19,DE-SL,00+,COVID-19,5.0,5.0,,,,,,5.0,False
RKI-weekly_report,hosp,2024-05-08,2024-04-19,DE-SN,00+,COVID-19,9.0,9.0,,,,,,10.0,False
RKI-weekly_report,hosp,2024-05-08,2024-04-19,DE-ST,00+,COVID-19,4.0,4.0,,,,,,4.0,False
RKI-weekly_report,hosp,2024-05-08,2024-04-19,DE-TH,00+,COVID-19,3.0,3.0,,,,,,3.0,False
RKI-weekly_report,hosp,2024-05-08,2024-04-20,DE,00+,COVID-19,182.0,175.0,,,,,,200.0,False
RKI-weekly_report,hosp,2024-05-08,2024-04-20,DE-BB,00+,COVID-19,2.0,2.0,,,,,,2.0,False
RKI-weekly_report,hosp,2024-05-08,2024-04-20,DE-BE,00+,COVID-19,6.0,6.0,,,,,,6.0,False
RKI-weekly_report,hosp,2024-05-08,2024-04-20,DE-BW,00+,COVID-19,11.0,11.0,,,,,,12.0,False
RKI-weekly_report,hosp,2024-05-08,2024-04-20,DE-BY,00+,COVID-19,23.0,22.0,,,,,,25.0,False
RKI-weekly_report,hosp,2024-05-08,2024-04-20,DE-HB,00+,COVID-19,0.0,0.0,,,,,,0.0,False
RKI-weekly_report,hosp,2024-05-08,2024-04-20,DE-HE,00+,COVID-19,19.0,19.0,,,,,,21.0,False
RKI-weekly_report,hosp,2024-05-08,2024-04-20,DE-HH,00+,COVID-19,10.0,10.0,,,,,,11.0,False
RKI-weekly_report,hosp,2024-05-08,2024-04-20,DE-MV,00+,COVID-19,0.0,0.0,,,,,,0.0,False
RKI-weekly_report,hosp,2024-05-08,2024-04-20,DE-NI,00+,COVID-19,13.0,13.0,,,,,,14.0,False
RKI-weekly_report,hosp,2024-05-08,2024-04-20,DE-NW,00+,COVID-19,45.0,43.0,,,,,,49.0,False
RKI-weekly_report,hosp,2024-05-08,2024-04-20,DE-RP,00+,COVID-19,17.0,17.0,,,,,,19.0,False
RKI-weekly_report,hosp,2024-05-08,2024-04-20,DE-SH,00+,COVID-19,10.0,10.0,,,,,,11.0,False
RKI-weekly_report,hosp,2024-05-08,2024-04-20,DE-SL,00+,COVID-19,5.0,5.0,,,,,,5.0,False
RKI-weekly_report,hosp,2024-05-08,2024-04-20,DE-SN,00+,COVID-19,9.0,9.0,,,,,,10.0,False
RKI-weekly_report,hosp,2024-05-08,2024-04-20,DE-ST,00+,COVID-19,4.0,4.0,,,,,,4.0,False
RKI-weekly_report,hosp,2024-05-08,2024-04-20,DE-TH,00+,COVID-19,3.0,3.0,,,,,,3.0,False
RKI-weekly_report,hosp,2024-05-08,2024-04-21,DE,00+,COVID-19,181.0,174.0,,,,,,199.0,False
RKI-weekly_report,hosp,2024-05-08,2024-04-21,DE-BB,00+,COVID-19,2.0,2.0,,,,,,2.0,False
RKI-weekly_report,hosp,2024-05-08,2024-04-21,DE-BE,00+,COVID-19,6.0,6.0,,,,,,6.0,False
RKI-weekly_report,hosp,2024-05-08,2024-04-21,DE-BW,00+,COVID-19,11.0,11.0,,,,,,12.0,False
RKI-weekly_report,hosp,2024-05-08,2024-04-21,DE-BY,00+,COVID-19,23.0,22.0,,,,,,25.0,False
RKI-weekly_report,hosp,2024-05-08,2024-04-21,DE-HB,00+,COVID-19,0.0,0.0,,,,,,0.0,False
RKI-weekly_report,hosp,2024-05-08,2024-04-21,DE-HE,00+,COVID-19,19.0,19.0,,,,,,21.0,False
RKI-weekly_report,hosp,2024-05-08,2024-04-21,DE-HH,00+,COVID-19,10.0,10.0,,,,,,11.0,False
RKI-weekly_report,hosp,2024-05-08,2024-04-21,DE-MV,00+,COVID-19,0.0,0.0,,,,,,0.0,False
RKI-weekly_report,hosp,2024-05-08,2024-04-21,DE-NI,00+,COVID-19,13.0,13.0,,,,,,14.0,False
RKI-weekly_report,hosp,2024-05-08,2024-04-21,DE-NW,00+,COVID-19,43.0,42.0,,,,,,48.0,False
RKI-weekly_report,hosp,2024-05-08,2024-04-21,DE-RP,00+,COVID-19,17.0,17.0,,,,,,19.0,False
RKI-weekly_report,hosp,2024-05-08,2024-04-21,DE-SH,00+,COVID-19,10.0,10.0,,,,,,11.0,False
RKI-weekly_report,hosp,2024-05-08,2024-04-21,DE-SL,00+,COVID-19,5.0,5.0,,,,,,5.0,False
RKI-weekly_report,hosp,2024-05-08,2024-04-21,DE-SN,00+,COVID-19,9.0,9.0,,,,,,10.0,False
RKI-weekly_report,hosp,2024-05-08,2024-04-21,DE-ST,00+,COVID-19,4.0,4.0,,,,,,4.0,False
RKI-weekly_report,hosp,2024-05-08,2024-04-21,DE-TH,00+,COVID-19,3.0,3.0,,,,,,3.0,False
RKI-weekly_report,hosp,2024-05-08,2024-04-22,DE,00+,COVID-19,179.0,172.0,,,,,,196.0,False
RKI-weekly_report,hosp,2024-05-08,2024-04-22,DE-BB,00+,COVID-19,2.0,2.0,,,,,,2.0,False
RKI-weekly_report,hosp,2024-05-08,2024-04-22,DE-BE,00+,COVID-19,6.0,6.0,,,,,,6.0,False
RKI-weekly_report,hosp,2024-05-08,2024-04-22,DE-BW,00+,COVID-19,11.0,11.0,,,,,,12.0,False
RKI-weekly_report,hosp,2024-05-08,2024-04-22,DE-BY,00+,COVID-19,23.0,22.0,,,,,,25.0,False
RKI-weekly_report,hosp,2024-05-08,2024-04-22,DE-HB,00+,COVID-19,0.0,0.0,,,,,,0.0,False
RKI-weekly_report,hosp,2024-05-08,2024-04-22,DE-HE,00+,COVID-19,18.0,18.0,,,,,,20.0,False
RKI-weekly_report,hosp,2024-05-08,2024-04-22,DE-HH,00+,COVID-19,10.0,10.0,,,,,,11.0,False
RKI-weekly_report,hosp,2024-05-08,2024-04-22,DE-MV,00+,COVID-19,0.0,0.0,,,,,,0.0,False
RKI-weekly_report,hosp,2024-05-08,2024-04-22,DE-NI,00+,COVID-19,13.0,13.0,,,,,,14.0,False
RKI-weekly_report,hosp,2024-05-08,2024-04-22,DE-NW,00+,COVID-19,43.0,42.0,,,,,,48.0,False
RKI-weekly_report,hosp,2024-05-08,2024-04-22,DE-RP,00+,COVID-19,17.0,17.0,,,,,,19.0,False
RKI-weekly_report,hosp,2024-05-08,2024-04-22,DE-SH,00+,COVID-19,10.0,10.0,,,,,,11.0,False
RKI-weekly_report,hosp,2024-05-08,2024-04-22,DE-SL,00+,COVID-19,5.0,5.0,,,,,,5.0,False
RKI-weekly_report,hosp,2024-05-08,2024-04-22,DE-SN,00+,COVID-19,8.0,8.0,,,,,,9.0,False
RKI-weekly_report,hosp,2024-05-08,2024-04-22,DE-ST,00+,COVID-19,4.0,4.0,,,,,,4.0,False
RKI-weekly_report,hosp,2024-05-08,2024-04-22,DE-TH,00+,COVID-19,3.0,3.0,,,,,,3.0,False
RKI-weekly_report,hosp,2024-05-08,2024-04-23,DE,00+,COVID-19,188.0,178.0,,,,,,211.0,False
RKI-weekly_report,hosp,2024-05-08,2024-04-23,DE-BB,00+,COVID-19,6.0,6.0,,,,,,7.0,False
RKI-weekly_report,hosp,2024-05-08,2024-04-23,DE-BE,00+,COVID-19,7.0,7.0,,,,,,7.0,False
RKI-weekly_report,hosp,2024-05-08,2024-04-23,DE-BW,00+,COVID-19,11.0,11.0,,,,,,12.0,False
RKI-weekly_report,hosp,2024-05-08,2024-04-23,DE-BY,00+,COVID-19,27.0,26.0,,,,,,31.0,False
RKI-weekly_report,hosp,2024-05-08,2024-04-23,DE-HB,00+,COVID-19,0.0,0.0,,,,,,0.0,False
RKI-weekly_report,hosp,2024-05-08,2024-04-23,DE-HE,00+,COVID-19,18.0,17.0,,,,,,20.0,False
RKI-weekly_report,hosp,2024-05-08,2024-04-23,DE-HH,00+,COVID-19,8.0,8.0,,,,,,9.0,False
RKI-weekly_report,hosp,2024-05-08,2024-04-23,DE-MV,00+,COVID-19,1.0,1.0,,,,,,1.0,False
RKI-weekly_report,hosp,2024-05-08,2024-04-23,DE-NI,00+,COVID-19,15.0,15.0,,,,,,17.0,False
RKI-weekly_report,hosp,2024-05-08,2024-04-23,DE-NW,00+,COVID-19,44.0,42.0,,,,,,49.0,False
RKI-weekly_report,hosp,2024-05-08,2024-04-23,DE-RP,00+,COVID-19,15.0,15.0,,,,,,18.0,False
RKI-weekly_report,hosp,2024-05-08,2024-04-23,DE-SH,00+,COVID-19,14.0,14.0,,,,,,16.0,False
RKI-weekly_report,hosp,2024-05-08,2024-04-23,DE-SL,00+,COVID-19,3.0,3.0,,,,,,3.0,False
RKI-weekly_report,hosp,2024-05-08,2024-04-23,DE-SN,00+,COVID-19,4.0,4.0,,,,,,5.0,False
RKI-weekly_report,hosp,2024-05-08,2024-04-23,DE-ST,00+,COVID-19,4.0,4.0,,,,,,4.0,False
RKI-weekly_report,hosp,2024-05-08,2024-04-23,DE-TH,00+,COVID-19,4.0,4.0,,,,,,5.0,False
RKI-weekly_report,hosp,2024-05-08,2024-04-24,DE,00+,COVID-19,204.0,193.0,,,,,,233.0,False
RKI-weekly_report,hosp,2024-05-08,2024-04-24,DE-BB,00+,COVID-19,6.0,6.0,,,,,,7.0,False
RKI-weekly_report,hosp,2024-05-08,2024-04-24,DE-BE,00+,COVID-19,7.0,7.0,,,,,,7.0,False
RKI-weekly_report,hosp,2024-05-08,2024-04-24,DE-BW,00+,COVID-19,13.0,13.0,,,,,,15.0,False
RKI-weekly_report,hosp,2024-05-08,2024-04-24,DE-BY,00+,COVID-19,24.0,23.0,,,,,,28.0,False
RKI-weekly_report,hosp,2024-05-08,2024-04-24,DE-HB,00+,COVID-19,0.0,0.0,,,,,,0.0,False
RKI-weekly_report,hosp,2024-05-08,2024-04-24,DE-HE,00+,COVID-19,25.0,24.0,,,,,,29.0,False
RKI-weekly_report,hosp,2024-05-08,2024-04-24,DE-HH,00+,COVID-19,9.0,9.0,,,,,,11.0,False
RKI-weekly_report,hosp,2024-05-08,2024-04-24,DE-MV,00+,COVID-19,3.0,3.0,,,,,,3.0,False
RKI-weekly_report,hosp,2024-05-08,2024-04-24,DE-NI,00+,COVID-19,12.0,12.0,,,,,,14.0,False
RKI-weekly_report,hosp,2024-05-08,2024-04-24,DE-NW,00+,COVID-19,52.0,49.0,,,,,,59.0,False
RKI-weekly_report,hosp,2024-05-08,2024-04-24,DE-RP,00+,COVID-19,19.0,18.0,,,,,,22.0,False
RKI-weekly_report,hosp,2024-05-08,2024-04-24,DE-SH,00+,COVID-19,12.0,12.0,,,,,,14.0,False
RKI-weekly_report,hosp,2024-05-08,2024-04-24,DE-SL,00+,COVID-19,2.0,2.0,,,,,,2.0,False
RKI-weekly_report,hosp,2024-05-08,2024-04-24,DE-SN,00+,COVID-19,5.0,5.0,,,,,,6.0,False
RKI-weekly_report,hosp,2024-05-08,2024-04-24,DE-ST,00+,COVID-19,4.0,4.0,,,,,,4.0,False
RKI-weekly_report,hosp,2024-05-08,2024-04-24,DE-TH,00+,COVID-19,4.0,4.0,,,,,,5.0,False
RKI-weekly_report,hosp,2024-05-08,2024-04-25,DE,00+,COVID-19,202.0,190.0,,,,,,234.0,False
RKI-weekly_report,hosp,2024-05-08,2024-04-25,DE-BB,00+,COVID-19,6.0,6.0,,,,,,7.0,False
RKI-weekly_report,hosp,2024-05-08,2024-04-25,DE-BE,00+,COVID-19,7.0,7.0,,,,,,8.0,False
RKI-weekly_report,hosp,2024-05-08,2024-04-25,DE-BW,00+,COVID-19,15.0,14.0,,,,,,17.0,False
RKI-weekly_report,hosp,2024-05-08,2024-04-25,DE-BY,00+,COVID-19,20.0,19.0,,,,,,23.0,False
RKI-weekly_report,hosp,2024-05-08,2024-04-25,DE-HB,00+,COVID-19,0.0,0.0,,,,,,0.0,False
RKI-weekly_report,hosp,2024-05-08,2024-04-25,DE-HE,00+,COVID-19,20.0,19.0,,,,,,24.0,False
RKI-weekly_report,hosp,2024-05-08,2024-04-25,DE-HH,00+,COVID-19,10.0,10.0,,,,,,12.0,False
RKI-weekly_report,hosp,2024-05-08,2024-04-25,DE-MV,00+,COVID-19,3.0,3.0,,,,,,3.0,False
RKI-weekly_report,hosp,2024-05-08,2024-04-25,DE-NI,00+,COVID-19,14.0,13.0,,,,,,16.0,False
RKI-weekly_report,hosp,2024-05-08,2024-04-25,DE-NW,00+,COVID-19,59.0,55.0,,,,,,67.0,False
RKI-weekly_report,hosp,2024-05-08,2024-04-25,DE-RP,00+,COVID-19,17.0,16.0,,,,,,20.0,False
RKI-weekly_report,hosp,2024-05-08,2024-04-25,DE-SH,00+,COVID-19,15.0,14.0,,,,,,17.0,False
RKI-weekly_report,hosp,2024-05-08,2024-04-25,DE-SL,00+,COVID-19,0.0,0.0,,,,,,0.0,False
RKI-weekly_report,hosp,2024-05-08,2024-04-25,DE-SN,00+,COVID-19,6.0,6.0,,,,,,7.0,False
RKI-weekly_report,hosp,2024-05-08,2024-04-25,DE-ST,00+,COVID-19,2.0,2.0,,,,,,2.0,False
RKI-weekly_report,hosp,2024-05-08,2024-04-25,DE-TH,00+,COVID-19,4.0,4.0,,,,,,5.0,False
RKI-weekly_report,hosp,2024-05-08,2024-04-26,DE,00+,COVID-19,220.0,204.0,,,,,,260.0,False
RKI-weekly_report,hosp,2024-05-08,2024-04-26,DE-BB,00+,COVID-19,6.0,6.0,,,,,,7.0,False
RKI-weekly_report,hosp,2024-05-08,2024-04-26,DE-BE,00+,COVID-19,5.0,5.0,,,,,,5.0,False
RKI-weekly_report,hosp,2024-05-08,2024-04-26,DE-BW,00+,COVID-19,17.0,16.0,,,,,,19.0,False
RKI-weekly_report,hosp,2024-05-08,2024-04-26,DE-BY,00+,COVID-19,19.0,18.0,,,,,,23.0,False
RKI-weekly_report,hosp,2024-05-08,2024-04-26,DE-HB,00+,COVID-19,1.0,1.0,,,,,,1.0,False
RKI-weekly_report,hosp,2024-05-08,2024-04-26,DE-HE,00+,COVID-19,27.0,25.0,,,,,,33.0,False
RKI-weekly_report,hosp,2024-05-08,2024-04-26,DE-HH,00+,COVID-19,12.0,12.0,,,,,,14.0,False
RKI-weekly_report,hosp,2024-05-08,2024-04-26,DE-MV,00+,COVID-19,3.0,3.0,,,,,,3.0,False
RKI-weekly_report,hosp,2024-05-08,2024-04-26,DE-NI,00+,COVID-19,13.0,12.0,,,,,,16.0,False
RKI-weekly_report,hosp,2024-05-08,2024-04-26,DE-NW,00+,COVID-19,66.0,62.0,,,,,,77.0,False
RKI-weekly_report,hosp,2024-05-08,2024-04-26,DE-RP,00+,COVID-19,17.0,16.0,,,,,,20.0,False
RKI-weekly_report,hosp,2024-05-08,2024-04-26,DE-SH,00+,COVID-19,14.0,13.0,,,,,,16.0,False
RKI-weekly_report,hosp,2024-05-08,2024-04-26,DE-SL,00+,COVID-19,0.0,0.0,,,,,,0.0,False
RKI-weekly_report,hosp,2024-05-08,2024-04-26,DE-SN,00+,COVID-19,6.0,6.0,,,,,,7.0,False
RKI-weekly_report,hosp,2024-05-08,2024-04-26,DE-ST,00+,COVID-19,5.0,5.0,,,,,,6.0,False
RKI-weekly_report,hosp,2024-05-08,2024-04-26,DE-TH,00+,COVID-19,3.0,3.0,,,,,,3.0,False
RKI-weekly_report,hosp,2024-05-08,2024-04-27,DE,00+,COVID-19,242.0,223.0,,,,,,293.0,False
RKI-weekly_report,hosp,2024-05-08,2024-04-27,DE-BB,00+,COVID-19,6.0,6.0,,,,,,7.0,False
RKI-weekly_report,hosp,2024-05-08,2024-04-27,DE-BE,00+,COVID-19,5.0,5.0,,,,,,6.0,False
RKI-weekly_report,hosp,2024-05-08,2024-04-27,DE-BW,00+,COVID-19,21.0,19.0,,,,,,25.0,False
RKI-weekly_report,hosp,2024-05-08,2024-04-27,DE-BY,00+,COVID-19,19.0,18.0,,,,,,23.0,False
RKI-weekly_report,hosp,2024-05-08,2024-04-27,DE-HB,00+,COVID-19,1.0,1.0,,,,,,1.0,False
RKI-weekly_report,hosp,2024-05-08,2024-04-27,DE-HE,00+,COVID-19,34.0,31.0,,,,,,41.0,False
RKI-weekly_report,hosp,2024-05-08,2024-04-27,DE-HH,00+,COVID-19,13.0,12.0,,,,,,16.0,False
RKI-weekly_report,hosp,2024-05-08,2024-04-27,DE-MV,00+,COVID-19,3.0,3.0,,,,,,3.0,False
RKI-weekly_report,hosp,2024-05-08,2024-04-27,DE-NI,00+,COVID-19,21.0,19.0,,,,,,25.0,False
RKI-weekly_report,hosp,2024-05-08,2024-04-27,DE-NW,00+,COVID-19,70.0,65.0,,,,,,84.0,False
RKI-weekly_report,hosp,2024-05-08,2024-04-27,DE-RP,00+,COVID-19,17.0,16.0,,,,,,21.0,False
RKI-weekly_report,hosp,2024-05-08,2024-04-27,DE-SH,00+,COVID-19,11.0,10.0,,,,,,13.0,False
RKI-weekly_report,hosp,2024-05-08,2024-04-27,DE-SL,00+,COVID-19,0.0,0.0,,,,,,0.0,False
RKI-weekly_report,hosp,2024-05-08,2024-04-27,DE-SN,00+,COVID-19,6.0,6.0,,,,,,8.0,False
RKI-weekly_report,hosp,2024-05-08,2024-04-27,DE-ST,00+,COVID-19,5.0,5.0,,,,,,6.0,False
RKI-weekly_report,hosp,2024-05-08,2024-04-27,DE-TH,00+,COVID-19,5.0,5.0,,,,,,6.0,False
RKI-weekly_report,hosp,2024-05-08,2024-04-28,DE,00+,COVID-19,244.0,224.0,,,,,,294.0,False
RKI-weekly_report,hosp,2024-05-08,2024-04-28,DE-BB,00+,COVID-19,6.0,6.0,,,,,,7.0,False
RKI-weekly_report,hosp,2024-05-08,2024-04-28,DE-BE,00+,COVID-19,5.0,5.0,,,,,,6.0,False
RKI-weekly_report,hosp,2024-05-08,2024-04-28,DE-BW,00+,COVID-19,21.0,19.0,,,,,,25.0,False
RKI-weekly_report,hosp,2024-05-08,2024-04-28,DE-BY,00+,COVID-19,19.0,18.0,,,,,,23.0,False
RKI-weekly_report,hosp,2024-05-08,2024-04-28,DE-HB,00+,COVID-19,1.0,1.0,,,,,,1.0,False
RKI-weekly_report,hosp,2024-05-08,2024-04-28,DE-HE,00+,COVID-19,34.0,31.0,,,,,,41.0,False
RKI-weekly_report,hosp,2024-05-08,2024-04-28,DE-HH,00+,COVID-19,13.0,12.0,,,,,,16.0,False
RKI-weekly_report,hosp,2024-05-08,2024-04-28,DE-MV,00+,COVID-19,3.0,3.0,,,,,,3.0,False
RKI-weekly_report,hosp,2024-05-08,2024-04-28,DE-NI,00+,COVID-19,21.0,19.0,,,,,,25.0,False
RKI-weekly_report,hosp,2024-05-08,2024-04-28,DE-NW,00+,COVID-19,70.0,65.0,,,,,,84.0,False
RKI-weekly_report,hosp,2024-05-08,2024-04-28,DE-RP,00+,COVID-19,18.0,17.0,,,,,,23.0,False
RKI-weekly_report,hosp,2024-05-08,2024-04-28,DE-SH,00+,COVID-19,11.0,10.0,,,,,,13.0,False
RKI-weekly_report,hosp,2024-05-08,2024-04-28,DE-SL,00+,COVID-19,0.0,0.0,,,,,,0.0,False
RKI-weekly_report,hosp,2024-05-08,2024-04-28,DE-SN,00+,COVID-19,6.0,6.0,,,,,,8.0,False
RKI-weekly_report,hosp,2024-05-08,2024-04-28,DE-ST,00+,COVID-19,5.0,5.0,,,,,,6.0,False
RKI-weekly_report,hosp,2024-05-08,2024-04-28,DE-TH,00+,COVID-19,5.0,5.0,,,,,,6.0,False
RKI-weekly_report,hosp,2024-05-08,2024-04-29,DE,00+,COVID-19,245.0,225.0,,,,,,295.0,False
RKI-weekly_report,hosp,2024-05-08,2024-04-29,DE-BB,00+,COVID-19,6.0,6.0,,,,,,7.0,False
RKI-weekly_report,hosp,2024-05-08,2024-04-29,DE-BE,00+,COVID-19,5.0,5.0,,,,,,6.0,False
RKI-weekly_report,hosp,2024-05-08,2024-04-29,DE-BW,00+,COVID-19,21.0,19.0,,,,,,25.0,False
RKI-weekly_report,hosp,2024-05-08,2024-04-29,DE-BY,00+,COVID-19,19.0,18.0,,,,,,23.0,False
RKI-weekly_report,hosp,2024-05-08,2024-04-29,DE-HB,00+,COVID-19,1.0,1.0,,,,,,1.0,False
RKI-weekly_report,hosp,2024-05-08,2024-04-29,DE-HE,00+,COVID-19,35.0,32.0,,,,,,42.0,False
RKI-weekly_report,hosp,2024-05-08,2024-04-29,DE-HH,00+,COVID-19,13.0,12.0,,,,,,16.0,False
RKI-weekly_report,hosp,2024-05-08,2024-04-29,DE-MV,00+,COVID-19,3.0,3.0,,,,,,3.0,False
RKI-weekly_report,hosp,2024-05-08,2024-04-29,DE-NI,00+,COVID-19,21.0,19.0,,,,,,25.0,False
RKI-weekly_report,hosp,2024-05-08,2024-04-29,DE-NW,00+,COVID-19,70.0,65.0,,,,,,84.0,False
RKI-weekly_report,hosp,2024-05-08,2024-04-29,DE-RP,00+,COVID-19,18.0,17.0,,,,,,23.0,False
RKI-weekly_report,hosp,2024-05-08,2024-04-29,DE-SH,00+,COVID-19,11.0,10.0,,,,,,13.0,False
RKI-weekly_report,hosp,2024-05-08,2024-04-29,DE-SL,00+,COVID-19,0.0,0.0,,,,,,0.0,False
RKI-weekly_report,hosp,2024-05-08,2024-04-29,DE-SN,00+,COVID-19,6.0,6.0,,,,,,8.0,False
RKI-weekly_report,hosp,2024-05-08,2024-04-29,DE-ST,00+,COVID-19,5.0,5.0,,,,,,6.0,False
RKI-weekly_report,hosp,2024-05-08,2024-04-29,DE-TH,00+,COVID-19,5.0,5.0,,,,,,6.0,False
RKI-weekly_report,hosp,2024-05-08,2024-04-30,DE,00+,COVID-19,328.0,296.0,,,,,,413.0,False
RKI-weekly_report,hosp,2024-05-08,2024-04-30,DE-BB,00+,COVID-19,8.0,7.0,,,,,,11.0,False
RKI-weekly_report,hosp,2024-05-08,2024-04-30,DE-BE,00+,COVID-19,6.0,6.0,,,,,,8.0,False
RKI-weekly_report,hosp,2024-05-08,2024-04-30,DE-BW,00+,COVID-19,26.0,24.0,,,,,,32.0,False
RKI-weekly_report,hosp,2024-05-08,2024-04-30,DE-BY,00+,COVID-19,29.0,26.0,,,,,,36.0,False
RKI-weekly_report,hosp,2024-05-08,2024-04-30,DE-HB,00+,COVID-19,3.0,3.0,,,,,,4.0,False
RKI-weekly_report,hosp,2024-05-08,2024-04-30,DE-HE,00+,COVID-19,38.0,34.0,,,,,,47.0,False
RKI-weekly_report,hosp,2024-05-08,2024-04-30,DE-HH,00+,COVID-19,21.0,19.0,,,,,,27.0,False
RKI-weekly_report,hosp,2024-05-08,2024-04-30,DE-MV,00+,COVID-19,6.0,6.0,,,,,,8.0,False
RKI-weekly_report,hosp,2024-05-08,2024-04-30,DE-NI,00+,COVID-19,26.0,23.0,,,,,,32.0,False
RKI-weekly_report,hosp,2024-05-08,2024-04-30,DE-NW,00+,COVID-19,101.0,91.0,,,,,,126.0,False
RKI-weekly_report,hosp,2024-05-08,2024-04-30,DE-RP,00+,COVID-19,28.0,24.0,,,,,,37.0,False
RKI-weekly_report,hosp,2024-05-08,2024-04-30,DE-SH,00+,COVID-19,11.0,10.0,,,,,,15.0,False
RKI-weekly_report,hosp,2024-05-08,2024-04-30,DE-SL,00+,COVID-19,0.0,0.0,,,,,,0.0,False
RKI-weekly_report,hosp,2024-05-08,2024-04-30,DE-SN,00+,COVID-19,5.0,5.0,,,,,,7.0,False
RKI-weekly_report,hosp,2024-05-08,2024-04-30,DE-ST,00+,COVID-19,9.0,8.0,,,,,,11.0,False
RKI-weekly_report,hosp,2024-05-08,2024-04-30,DE-TH,00+,COVID-19,4.0,4.0,,,,,,5.0,False
RKI-weekly_report,hosp,2024-05-08,2024-05-01,DE,00+,COVID-19,365.0,323.0,,,,,,472.0,False
RKI-weekly_report,hosp,2024-05-08,2024-05-01,DE-BB,00+,COVID-19,29.0,24.0,,,,,,40.0,False
RKI-weekly_report,hosp,2024-05-08,2024-05-01,DE-BE,00+,COVID-19,7.0,6.0,,,,,,9.0,False
RKI-weekly_report,hosp,2024-05-08,2024-05-01,DE-BW,00+,COVID-19,28.0,25.0,,,,,,34.0,False
RKI-weekly_report,hosp,2024-05-08,2024-05-01,DE-BY,00+,COVID-19,33.0,30.0,,,,,,42.0,False
RKI-weekly_report,hosp,2024-05-08,2024-05-01,DE-HB,00+,COVID-19,3.0,3.0,,,,,,4.0,False
RKI-weekly_report,hosp,2024-05-08,2024-05-01,DE-HE,00+,COVID-19,37.0,34.0,,,,,,47.0,False
RKI-weekly_report,hosp,2024-05-08,2024-05-01,DE-HH,00+,COVID-19,18.0,16.0,,,,,,23.0,False
RKI-weekly_report,hosp,2024-05-08,2024-05-01,DE-MV,00+,COVID-19,5.0,5.0,,,,,,7.0,False
RKI-weekly_report,hosp,2024-05-08,2024-05-01,DE-NI,00+,COVID-19,25.0,22.0,,,,,,31.0,False
RKI-weekly_report,hosp,2024-05-08,2024-05-01,DE-NW,00+,COVID-19,96.0,85.0,,,,,,123.0,False
RKI-weekly_report,hosp,2024-05-08,2024-05-01,DE-RP,00+,COVID-19,33.0,28.0,,,,,,45.0,False
RKI-weekly_report,hosp,2024-05-08,2024-05-01,DE-SH,00+,COVID-19,24.0,20.0,,,,,,33.0,False
RKI-weekly_report,hosp,2024-05-08,2024-05-01,DE-SL,00+,COVID-19,0.0,0.0,,,,,,0.0,False
RKI-weekly_report,hosp,2024-05-08,2024-05-01,DE-SN,00+,COVID-19,4.0,4.0,,,,,,5.0,False
RKI-weekly_report,hosp,2024-05-08,2024-05-01,DE-ST,00+,COVID-19,12.0,11.0,,,,,,16.0,False
RKI-weekly_report,hosp,2024-05-08,2024-05-01,DE-TH,00+,COVID-19,4.0,4.0,,,,,,5.0,False
RKI-weekly_report,hosp,2024-05-08,2024-05-02,DE,00+,COVID-19,339.0,299.0,,,,,,441.0,False
RKI-weekly_report,hosp,2024-05-08,2024-05-02,DE-BB,00+,COVID-19,28.0,23.0,,,,,,39.0,False
RKI-weekly_report,hosp,2024-05-08,2024-05-02,DE-BE,00+,COVID-19,5.0,5.0,,,,,,7.0,False
RKI-weekly_report,hosp,2024-05-08,2024-05-02,DE-BW,00+,COVID-19,25.0,22.0,,,,,,30.0,False
RKI-weekly_report,hosp,2024-05-08,2024-05-02,DE-BY,00+,COVID-19,32.0,29.0,,,,,,41.0,False
RKI-weekly_report,hosp,2024-05-08,2024-05-02,DE-HB,00+,COVID-19,3.0,3.0,,,,,,4.0,False
RKI-weekly_report,hosp,2024-05-08,2024-05-02,DE-HE,00+,COVID-19,35.0,32.0,,,,,,44.0,False
RKI-weekly_report,hosp,2024-05-08,2024-05-02,DE-HH,00+,COVID-19,17.0,15.0,,,,,,22.0,False
RKI-weekly_report,hosp,2024-05-08,2024-05-02,DE-MV,00+,COVID-19,5.0,5.0,,,,,,7.0,False
RKI-weekly_report,hosp,2024-05-08,2024-05-02,DE-NI,00+,COVID-19,24.0,21.0,,,,,,30.0,False
RKI-weekly_report,hosp,2024-05-08,2024-05-02,DE-NW,00+,COVID-19,85.0,75.0,,,,,,110.0,False
RKI-weekly_report,hosp,2024-05-08,2024-05-02,DE-RP,00+,COVID-19,33.0,28.0,,,,,,45.0,False
RKI-weekly_report,hosp,2024-05-08,2024-05-02,DE-SH,00+,COVID-19,21.0,18.0,,,,,,30.0,False
RKI-weekly_report,hosp,2024-05-08,2024-05-02,DE-SL,00+,COVID-19,0.0,0.0,,,,,,0.0,False
RKI-weekly_report,hosp,2024-05-08,2024-05-02,DE-SN,00+,COVID-19,3.0,3.0,,,,,,4.0,False
RKI-weekly_report,hosp,2024-05-08,2024-05-02,DE-ST,00+,COVID-19,11.0,10.0,,,,,,14.0,False
RKI-weekly_report,hosp,2024-05-08,2024-05-02,DE-TH,00+,COVID-19,4.0,4.0,,,,,,5.0,False
RKI-weekly_report,hosp,2024-05-08,2024-05-03,DE,00+,COVID-19,360.0,314.0,,,,,,477.0,False
RKI-weekly_report,hosp,2024-05-08,2024-05-03,DE-BB,00+,COVID-19,31.0,25.0,,,,,,43.0,False
RKI-weekly_report,hosp,2024-05-08,2024-05-03,DE-BE,00+,COVID-19,9.0,8.0,,,,,,12.0,False
RKI-weekly_report,hosp,2024-05-08,2024-05-03,DE-BW,00+,COVID-19,24.0,22.0,,,,,,32.0,False
RKI-weekly_report,hosp,2024-05-08,2024-05-03,DE-BY,00+,COVID-19,31.0,27.0,,,,,,40.0,False
RKI-weekly_report,hosp,2024-05-08,2024-05-03,DE-HB,00+,COVID-19,2.0,2.0,,,,,,2.0,False
RKI-weekly_report,hosp,2024-05-08,2024-05-03,DE-HE,00+,COVID-19,38.0,33.0,,,,,,48.0,False
RKI-weekly_report,hosp,2024-05-08,2024-05-03,DE-HH,00+,COVID-19,24.0,21.0,,,,,,32.0,False
RKI-weekly_report,hosp,2024-05-08,2024-05-03,DE-MV,00+,COVID-19,5.0,5.0,,,,,,7.0,False
RKI-weekly_report,hosp,2024-05-08,2024-05-03,DE-NI,00+,COVID-19,23.0,20.0,,,,,,28.0,False
RKI-weekly_report,hosp,2024-05-08,2024-05-03,DE-NW,00+,COVID-19,82.0,72.0,,,,,,109.0,False
RKI-weekly_report,hosp,2024-05-08,2024-05-03,DE-RP,00+,COVID-19,35.0,30.0,,,,,,48.0,False
RKI-weekly_report,hosp,2024-05-08,2024-05-03,DE-SH,00+,COVID-19,31.0,26.0,,,,,,42.0,False
RKI-weekly_report,hosp,2024-05-08,2024-05-03,DE-SL,00+,COVID-19,0.0,0.0,,,,,,0.0,False
RKI-weekly_report,hosp,2024-05-08,2024-05-03,DE-SN,00+,COVID-19,2.0,2.0,,,,,,3.0,False
RKI-weekly_report,hosp,2024-05-08,2024-05-03,DE-ST,00+,COVID-19,10.0,9.0,,,,,,14.0,False
RKI-weekly_report,hosp,2024-05-08,2024-05-03,DE-TH,00+,COVID-19,7.0,6.0,,,,,,9.0,False
RKI-weekly_report,hosp,2024-05-08,2024-05-04,DE,00+,COVID-19,369.0,319.0,,,,,,491.0,False
RKI-weekly_report,hosp,2024-05-08,2024-05-04,DE-BB,00+,COVID-19,31.0,25.0,,,,,,43.0,False
RKI-weekly_report,hosp,2024-05-08,2024-05-04,DE-BE,00+,COVID-19,11.0,9.0,,,,,,15.0,False
RKI-weekly_report,hosp,2024-05-08,2024-05-04,DE-BW,00+,COVID-19,24.0,21.0,,,,,,31.0,False
RKI-weekly_report,hosp,2024-05-08,2024-05-04,DE-BY,00+,COVID-19,31.0,27.0,,,,,,41.0,False
RKI-weekly_report,hosp,2024-05-08,2024-05-04,DE-HB,00+,COVID-19,2.0,2.0,,,,,,2.0,False
RKI-weekly_report,hosp,2024-05-08,2024-05-04,DE-HE,00+,COVID-19,38.0,33.0,,,,,,50.0,False
RKI-weekly_report,hosp,2024-05-08,2024-05-04,DE-HH,00+,COVID-19,23.0,20.0,,,,,,31.0,False
RKI-weekly_report,hosp,2024-05-08,2024-05-04,DE-MV,00+,COVID-19,7.0,6.0,,,,,,9.0,False
RKI-weekly_report,hosp,2024-05-08,2024-05-04,DE-NI,00+,COVID-19,19.0,17.0,,,,,,24.0,False
RKI-weekly_report,hosp,2024-05-08,2024-05-04,DE-NW,00+,COVID-19,85.0,74.0,,,,,,111.0,False
RKI-weekly_report,hosp,2024-05-08,2024-05-04,DE-RP,00+,COVID-19,37.0,31.0,,,,,,51.0,False
RKI-weekly_report,hosp,2024-05-08,2024-05-04,DE-SH,00+,COVID-19,38.0,32.0,,,,,,52.0,False
RKI-weekly_report,hosp,2024-05-08,2024-05-04,DE-SL,00+,COVID-19,0.0,0.0,,,,,,0.0,False
RKI-weekly_report,hosp,2024-05-08,2024-05-04,DE-SN,00+,COVID-19,1.0,1.0,,,,,,1.0,False
RKI-weekly_report,hosp,2024-05-08,2024-05-04,DE-ST,00+,COVID-19,10.0,9.0,,,,,,14.0,False
RKI-weekly_report,hosp,2024-05-08,2024-05-04,DE-TH,00+,COVID-19,6.0,5.0,,,,,,8.0,False
RKI-weekly_report,hosp,2024-05-08,2024-05-05,DE,00+,COVID-19,372.0,322.0,,,,,,495.0,False
RKI-weekly_report,hosp,2024-05-08,2024-05-05,DE-BB,00+,COVID-19,31.0,25.0,,,,,,43.0,False
RKI-weekly_report,hosp,2024-05-08,2024-05-05,DE-BE,00+,COVID-19,11.0,9.0,,,,,,15.0,False
RKI-weekly_report,hosp,2024-05-08,2024-05-05,DE-BW,00+,COVID-19,24.0,21.0,,,,,,31.0,False
RKI-weekly_report,hosp,2024-05-08,2024-05-05,DE-BY,00+,COVID-19,33.0,28.0,,,,,,43.0,False
RKI-weekly_report,hosp,2024-05-08,2024-05-05,DE-HB,00+,COVID-19,2.0,2.0,,,,,,2.0,False
RKI-weekly_report,hosp,2024-05-08,2024-05-05,DE-HE,00+,COVID-19,39.0,34.0,,,,,,52.0,False
RKI-weekly_report,hosp,2024-05-08,2024-05-05,DE-HH,00+,COVID-19,23.0,20.0,,,,,,31.0,False
RKI-weekly_report,hosp,2024-05-08,2024-05-05,DE-MV,00+,COVID-19,7.0,6.0,,,,,,9.0,False
RKI-weekly_report,hosp,2024-05-08,2024-05-05,DE-NI,00+,COVID-19,20.0,18.0,,,,,,25.0,False
RKI-weekly_report,hosp,2024-05-08,2024-05-05,DE-NW,00+,COVID-19,85.0,74.0,,,,,,111.0,False
RKI-weekly_report,hosp,2024-05-08,2024-05-05,DE-RP,00+,COVID-19,36.0,30.0,,,,,,49.0,False
RKI-weekly_report,hosp,2024-05-08,2024-05-05,DE-SH,00+,COVID-19,38.0,32.0,,,,,,52.0,False
RKI-weekly_report,hosp,2024-05-08,2024-05-05,DE-SL,00+,COVID-19,0.0,0.0,,,,,,0.0,False
RKI-weekly_report,hosp,2024-05-08,2024-05-05,DE-SN,00+,COVID-19,1.0,1.0,,,,,,1.0,False
RKI-weekly_report,hosp,2024-05-08,2024-05-05,DE-ST,00+,COVID-19,10.0,9.0,,,,,,14.0,False
RKI-weekly_report,hosp,2024-05-08,2024-05-05,DE-TH,00+,COVID-19,6.0,5.0,,,,,,8.0,False
