location,age_group,forecast_date,target_end_date,target,type,quantile,value,pathogen
DE,00+,2023-02-12,2023-01-15,-28 day ahead inc hosp,mean,NA,6662.153,COVID-19
DE,00+,2023-02-12,2023-01-15,-28 day ahead inc hosp,quantile,0.025,6629,COVID-19
DE,00+,2023-02-12,2023-01-15,-28 day ahead inc hosp,quantile,0.1,6639,COVID-19
DE,00+,2023-02-12,2023-01-15,-28 day ahead inc hosp,quantile,0.25,6649,COVID-19
DE,00+,2023-02-12,2023-01-15,-28 day ahead inc hosp,quantile,0.5,6661,COVID-19
DE,00+,2023-02-12,2023-01-15,-28 day ahead inc hosp,quantile,0.75,6675,COVID-19
DE,00+,2023-02-12,2023-01-15,-28 day ahead inc hosp,quantile,0.9,6688,COVID-19
DE,00+,2023-02-12,2023-01-15,-28 day ahead inc hosp,quantile,0.975,6699,COVID-19
DE,00+,2023-02-12,2023-01-16,-27 day ahead inc hosp,mean,NA,6607.317,COVID-19
DE,00+,2023-02-12,2023-01-16,-27 day ahead inc hosp,quantile,0.025,6575,COVID-19
DE,00+,2023-02-12,2023-01-16,-27 day ahead inc hosp,quantile,0.1,6585,COVID-19
DE,00+,2023-02-12,2023-01-16,-27 day ahead inc hosp,quantile,0.25,6594,COVID-19
DE,00+,2023-02-12,2023-01-16,-27 day ahead inc hosp,quantile,0.5,6606,COVID-19
DE,00+,2023-02-12,2023-01-16,-27 day ahead inc hosp,quantile,0.75,6620,COVID-19
DE,00+,2023-02-12,2023-01-16,-27 day ahead inc hosp,quantile,0.9,6632,COVID-19
DE,00+,2023-02-12,2023-01-16,-27 day ahead inc hosp,quantile,0.975,6645,COVID-19
DE,00+,2023-02-12,2023-01-17,-26 day ahead inc hosp,mean,NA,5902.395,COVID-19
DE,00+,2023-02-12,2023-01-17,-26 day ahead inc hosp,quantile,0.025,5869,COVID-19
DE,00+,2023-02-12,2023-01-17,-26 day ahead inc hosp,quantile,0.1,5880,COVID-19
DE,00+,2023-02-12,2023-01-17,-26 day ahead inc hosp,quantile,0.25,5891,COVID-19
DE,00+,2023-02-12,2023-01-17,-26 day ahead inc hosp,quantile,0.5,5901,COVID-19
DE,00+,2023-02-12,2023-01-17,-26 day ahead inc hosp,quantile,0.75,5914,COVID-19
DE,00+,2023-02-12,2023-01-17,-26 day ahead inc hosp,quantile,0.9,5926,COVID-19
DE,00+,2023-02-12,2023-01-17,-26 day ahead inc hosp,quantile,0.975,5936,COVID-19
DE,00+,2023-02-12,2023-01-18,-25 day ahead inc hosp,mean,NA,5491.443,COVID-19
DE,00+,2023-02-12,2023-01-18,-25 day ahead inc hosp,quantile,0.025,5460,COVID-19
DE,00+,2023-02-12,2023-01-18,-25 day ahead inc hosp,quantile,0.1,5469,COVID-19
DE,00+,2023-02-12,2023-01-18,-25 day ahead inc hosp,quantile,0.25,5480,COVID-19
DE,00+,2023-02-12,2023-01-18,-25 day ahead inc hosp,quantile,0.5,5491,COVID-19
DE,00+,2023-02-12,2023-01-18,-25 day ahead inc hosp,quantile,0.75,5503,COVID-19
DE,00+,2023-02-12,2023-01-18,-25 day ahead inc hosp,quantile,0.9,5514,COVID-19
DE,00+,2023-02-12,2023-01-18,-25 day ahead inc hosp,quantile,0.975,5525,COVID-19
DE,00+,2023-02-12,2023-01-19,-24 day ahead inc hosp,mean,NA,5227.368,COVID-19
DE,00+,2023-02-12,2023-01-19,-24 day ahead inc hosp,quantile,0.025,5195,COVID-19
DE,00+,2023-02-12,2023-01-19,-24 day ahead inc hosp,quantile,0.1,5206,COVID-19
DE,00+,2023-02-12,2023-01-19,-24 day ahead inc hosp,quantile,0.25,5216,COVID-19
DE,00+,2023-02-12,2023-01-19,-24 day ahead inc hosp,quantile,0.5,5227,COVID-19
DE,00+,2023-02-12,2023-01-19,-24 day ahead inc hosp,quantile,0.75,5238,COVID-19
DE,00+,2023-02-12,2023-01-19,-24 day ahead inc hosp,quantile,0.9,5250,COVID-19
DE,00+,2023-02-12,2023-01-19,-24 day ahead inc hosp,quantile,0.975,5263,COVID-19
DE,00+,2023-02-12,2023-01-20,-23 day ahead inc hosp,mean,NA,5081.241,COVID-19
DE,00+,2023-02-12,2023-01-20,-23 day ahead inc hosp,quantile,0.025,5051,COVID-19
DE,00+,2023-02-12,2023-01-20,-23 day ahead inc hosp,quantile,0.1,5061,COVID-19
DE,00+,2023-02-12,2023-01-20,-23 day ahead inc hosp,quantile,0.25,5070,COVID-19
DE,00+,2023-02-12,2023-01-20,-23 day ahead inc hosp,quantile,0.5,5081,COVID-19
DE,00+,2023-02-12,2023-01-20,-23 day ahead inc hosp,quantile,0.75,5091,COVID-19
DE,00+,2023-02-12,2023-01-20,-23 day ahead inc hosp,quantile,0.9,5103,COVID-19
DE,00+,2023-02-12,2023-01-20,-23 day ahead inc hosp,quantile,0.975,5115,COVID-19
DE,00+,2023-02-12,2023-01-21,-22 day ahead inc hosp,mean,NA,4895.237,COVID-19
DE,00+,2023-02-12,2023-01-21,-22 day ahead inc hosp,quantile,0.025,4865,COVID-19
DE,00+,2023-02-12,2023-01-21,-22 day ahead inc hosp,quantile,0.1,4875,COVID-19
DE,00+,2023-02-12,2023-01-21,-22 day ahead inc hosp,quantile,0.25,4884,COVID-19
DE,00+,2023-02-12,2023-01-21,-22 day ahead inc hosp,quantile,0.5,4894,COVID-19
DE,00+,2023-02-12,2023-01-21,-22 day ahead inc hosp,quantile,0.75,4906,COVID-19
DE,00+,2023-02-12,2023-01-21,-22 day ahead inc hosp,quantile,0.9,4916,COVID-19
DE,00+,2023-02-12,2023-01-21,-22 day ahead inc hosp,quantile,0.975,4929,COVID-19
DE,00+,2023-02-12,2023-01-22,-21 day ahead inc hosp,mean,NA,4875.864,COVID-19
DE,00+,2023-02-12,2023-01-22,-21 day ahead inc hosp,quantile,0.025,4846,COVID-19
DE,00+,2023-02-12,2023-01-22,-21 day ahead inc hosp,quantile,0.1,4856,COVID-19
DE,00+,2023-02-12,2023-01-22,-21 day ahead inc hosp,quantile,0.25,4864,COVID-19
DE,00+,2023-02-12,2023-01-22,-21 day ahead inc hosp,quantile,0.5,4875,COVID-19
DE,00+,2023-02-12,2023-01-22,-21 day ahead inc hosp,quantile,0.75,4886,COVID-19
DE,00+,2023-02-12,2023-01-22,-21 day ahead inc hosp,quantile,0.9,4897,COVID-19
DE,00+,2023-02-12,2023-01-22,-21 day ahead inc hosp,quantile,0.975,4909,COVID-19
DE,00+,2023-02-12,2023-01-23,-20 day ahead inc hosp,mean,NA,4874.476,COVID-19
DE,00+,2023-02-12,2023-01-23,-20 day ahead inc hosp,quantile,0.025,4843,COVID-19
DE,00+,2023-02-12,2023-01-23,-20 day ahead inc hosp,quantile,0.1,4854,COVID-19
DE,00+,2023-02-12,2023-01-23,-20 day ahead inc hosp,quantile,0.25,4863,COVID-19
DE,00+,2023-02-12,2023-01-23,-20 day ahead inc hosp,quantile,0.5,4874,COVID-19
DE,00+,2023-02-12,2023-01-23,-20 day ahead inc hosp,quantile,0.75,4886,COVID-19
DE,00+,2023-02-12,2023-01-23,-20 day ahead inc hosp,quantile,0.9,4896,COVID-19
DE,00+,2023-02-12,2023-01-23,-20 day ahead inc hosp,quantile,0.975,4908,COVID-19
DE,00+,2023-02-12,2023-01-24,-19 day ahead inc hosp,mean,NA,4675.677,COVID-19
DE,00+,2023-02-12,2023-01-24,-19 day ahead inc hosp,quantile,0.025,4642,COVID-19
DE,00+,2023-02-12,2023-01-24,-19 day ahead inc hosp,quantile,0.1,4653,COVID-19
DE,00+,2023-02-12,2023-01-24,-19 day ahead inc hosp,quantile,0.25,4664,COVID-19
DE,00+,2023-02-12,2023-01-24,-19 day ahead inc hosp,quantile,0.5,4675,COVID-19
DE,00+,2023-02-12,2023-01-24,-19 day ahead inc hosp,quantile,0.75,4687,COVID-19
DE,00+,2023-02-12,2023-01-24,-19 day ahead inc hosp,quantile,0.9,4699,COVID-19
DE,00+,2023-02-12,2023-01-24,-19 day ahead inc hosp,quantile,0.975,4714,COVID-19
DE,00+,2023-02-12,2023-01-25,-18 day ahead inc hosp,mean,NA,4759.945,COVID-19
DE,00+,2023-02-12,2023-01-25,-18 day ahead inc hosp,quantile,0.025,4724,COVID-19
DE,00+,2023-02-12,2023-01-25,-18 day ahead inc hosp,quantile,0.1,4736,COVID-19
DE,00+,2023-02-12,2023-01-25,-18 day ahead inc hosp,quantile,0.25,4748,COVID-19
DE,00+,2023-02-12,2023-01-25,-18 day ahead inc hosp,quantile,0.5,4759,COVID-19
DE,00+,2023-02-12,2023-01-25,-18 day ahead inc hosp,quantile,0.75,4772,COVID-19
DE,00+,2023-02-12,2023-01-25,-18 day ahead inc hosp,quantile,0.9,4785,COVID-19
DE,00+,2023-02-12,2023-01-25,-18 day ahead inc hosp,quantile,0.975,4800,COVID-19
DE,00+,2023-02-12,2023-01-26,-17 day ahead inc hosp,mean,NA,4777.934,COVID-19
DE,00+,2023-02-12,2023-01-26,-17 day ahead inc hosp,quantile,0.025,4742,COVID-19
DE,00+,2023-02-12,2023-01-26,-17 day ahead inc hosp,quantile,0.1,4754,COVID-19
DE,00+,2023-02-12,2023-01-26,-17 day ahead inc hosp,quantile,0.25,4764,COVID-19
DE,00+,2023-02-12,2023-01-26,-17 day ahead inc hosp,quantile,0.5,4777,COVID-19
DE,00+,2023-02-12,2023-01-26,-17 day ahead inc hosp,quantile,0.75,4791,COVID-19
DE,00+,2023-02-12,2023-01-26,-17 day ahead inc hosp,quantile,0.9,4803,COVID-19
DE,00+,2023-02-12,2023-01-26,-17 day ahead inc hosp,quantile,0.975,4817,COVID-19
DE,00+,2023-02-12,2023-01-27,-16 day ahead inc hosp,mean,NA,4930.019,COVID-19
DE,00+,2023-02-12,2023-01-27,-16 day ahead inc hosp,quantile,0.025,4892,COVID-19
DE,00+,2023-02-12,2023-01-27,-16 day ahead inc hosp,quantile,0.1,4905,COVID-19
DE,00+,2023-02-12,2023-01-27,-16 day ahead inc hosp,quantile,0.25,4916,COVID-19
DE,00+,2023-02-12,2023-01-27,-16 day ahead inc hosp,quantile,0.5,4928,COVID-19
DE,00+,2023-02-12,2023-01-27,-16 day ahead inc hosp,quantile,0.75,4943,COVID-19
DE,00+,2023-02-12,2023-01-27,-16 day ahead inc hosp,quantile,0.9,4957,COVID-19
DE,00+,2023-02-12,2023-01-27,-16 day ahead inc hosp,quantile,0.975,4971,COVID-19
DE,00+,2023-02-12,2023-01-28,-15 day ahead inc hosp,mean,NA,5091.124,COVID-19
DE,00+,2023-02-12,2023-01-28,-15 day ahead inc hosp,quantile,0.025,5051,COVID-19
DE,00+,2023-02-12,2023-01-28,-15 day ahead inc hosp,quantile,0.1,5063,COVID-19
DE,00+,2023-02-12,2023-01-28,-15 day ahead inc hosp,quantile,0.25,5076,COVID-19
DE,00+,2023-02-12,2023-01-28,-15 day ahead inc hosp,quantile,0.5,5089,COVID-19
DE,00+,2023-02-12,2023-01-28,-15 day ahead inc hosp,quantile,0.75,5106,COVID-19
DE,00+,2023-02-12,2023-01-28,-15 day ahead inc hosp,quantile,0.9,5121,COVID-19
DE,00+,2023-02-12,2023-01-28,-15 day ahead inc hosp,quantile,0.975,5136,COVID-19
DE,00+,2023-02-12,2023-01-29,-14 day ahead inc hosp,mean,NA,5118.08,COVID-19
DE,00+,2023-02-12,2023-01-29,-14 day ahead inc hosp,quantile,0.025,5077,COVID-19
DE,00+,2023-02-12,2023-01-29,-14 day ahead inc hosp,quantile,0.1,5091,COVID-19
DE,00+,2023-02-12,2023-01-29,-14 day ahead inc hosp,quantile,0.25,5102,COVID-19
DE,00+,2023-02-12,2023-01-29,-14 day ahead inc hosp,quantile,0.5,5116,COVID-19
DE,00+,2023-02-12,2023-01-29,-14 day ahead inc hosp,quantile,0.75,5133,COVID-19
DE,00+,2023-02-12,2023-01-29,-14 day ahead inc hosp,quantile,0.9,5148,COVID-19
DE,00+,2023-02-12,2023-01-29,-14 day ahead inc hosp,quantile,0.975,5164,COVID-19
DE,00+,2023-02-12,2023-01-30,-13 day ahead inc hosp,mean,NA,5162.81,COVID-19
DE,00+,2023-02-12,2023-01-30,-13 day ahead inc hosp,quantile,0.025,5121,COVID-19
DE,00+,2023-02-12,2023-01-30,-13 day ahead inc hosp,quantile,0.1,5134,COVID-19
DE,00+,2023-02-12,2023-01-30,-13 day ahead inc hosp,quantile,0.25,5147,COVID-19
DE,00+,2023-02-12,2023-01-30,-13 day ahead inc hosp,quantile,0.5,5161,COVID-19
DE,00+,2023-02-12,2023-01-30,-13 day ahead inc hosp,quantile,0.75,5179,COVID-19
DE,00+,2023-02-12,2023-01-30,-13 day ahead inc hosp,quantile,0.9,5194,COVID-19
DE,00+,2023-02-12,2023-01-30,-13 day ahead inc hosp,quantile,0.975,5211,COVID-19
DE,00+,2023-02-12,2023-01-31,-12 day ahead inc hosp,mean,NA,5381.073,COVID-19
DE,00+,2023-02-12,2023-01-31,-12 day ahead inc hosp,quantile,0.025,5333,COVID-19
DE,00+,2023-02-12,2023-01-31,-12 day ahead inc hosp,quantile,0.1,5348,COVID-19
DE,00+,2023-02-12,2023-01-31,-12 day ahead inc hosp,quantile,0.25,5363,COVID-19
DE,00+,2023-02-12,2023-01-31,-12 day ahead inc hosp,quantile,0.5,5379,COVID-19
DE,00+,2023-02-12,2023-01-31,-12 day ahead inc hosp,quantile,0.75,5399,COVID-19
DE,00+,2023-02-12,2023-01-31,-12 day ahead inc hosp,quantile,0.9,5416,COVID-19
DE,00+,2023-02-12,2023-01-31,-12 day ahead inc hosp,quantile,0.975,5438,COVID-19
DE,00+,2023-02-12,2023-02-01,-11 day ahead inc hosp,mean,NA,5587.343,COVID-19
DE,00+,2023-02-12,2023-02-01,-11 day ahead inc hosp,quantile,0.025,5527,COVID-19
DE,00+,2023-02-12,2023-02-01,-11 day ahead inc hosp,quantile,0.1,5548,COVID-19
DE,00+,2023-02-12,2023-02-01,-11 day ahead inc hosp,quantile,0.25,5566,COVID-19
DE,00+,2023-02-12,2023-02-01,-11 day ahead inc hosp,quantile,0.5,5585,COVID-19
DE,00+,2023-02-12,2023-02-01,-11 day ahead inc hosp,quantile,0.75,5608,COVID-19
DE,00+,2023-02-12,2023-02-01,-11 day ahead inc hosp,quantile,0.9,5629,COVID-19
DE,00+,2023-02-12,2023-02-01,-11 day ahead inc hosp,quantile,0.975,5655,COVID-19
DE,00+,2023-02-12,2023-02-02,-10 day ahead inc hosp,mean,NA,5870.286,COVID-19
DE,00+,2023-02-12,2023-02-02,-10 day ahead inc hosp,quantile,0.025,5805,COVID-19
DE,00+,2023-02-12,2023-02-02,-10 day ahead inc hosp,quantile,0.1,5825,COVID-19
DE,00+,2023-02-12,2023-02-02,-10 day ahead inc hosp,quantile,0.25,5846,COVID-19
DE,00+,2023-02-12,2023-02-02,-10 day ahead inc hosp,quantile,0.5,5867,COVID-19
DE,00+,2023-02-12,2023-02-02,-10 day ahead inc hosp,quantile,0.75,5894,COVID-19
DE,00+,2023-02-12,2023-02-02,-10 day ahead inc hosp,quantile,0.9,5919,COVID-19
DE,00+,2023-02-12,2023-02-02,-10 day ahead inc hosp,quantile,0.975,5946,COVID-19
DE,00+,2023-02-12,2023-02-03,-9 day ahead inc hosp,mean,NA,5932.018,COVID-19
DE,00+,2023-02-12,2023-02-03,-9 day ahead inc hosp,quantile,0.025,5859,COVID-19
DE,00+,2023-02-12,2023-02-03,-9 day ahead inc hosp,quantile,0.1,5882,COVID-19
DE,00+,2023-02-12,2023-02-03,-9 day ahead inc hosp,quantile,0.25,5903,COVID-19
DE,00+,2023-02-12,2023-02-03,-9 day ahead inc hosp,quantile,0.5,5929,COVID-19
DE,00+,2023-02-12,2023-02-03,-9 day ahead inc hosp,quantile,0.75,5960,COVID-19
DE,00+,2023-02-12,2023-02-03,-9 day ahead inc hosp,quantile,0.9,5987,COVID-19
DE,00+,2023-02-12,2023-02-03,-9 day ahead inc hosp,quantile,0.975,6022,COVID-19
DE,00+,2023-02-12,2023-02-04,-8 day ahead inc hosp,mean,NA,6197.124,COVID-19
DE,00+,2023-02-12,2023-02-04,-8 day ahead inc hosp,quantile,0.025,6114,COVID-19
DE,00+,2023-02-12,2023-02-04,-8 day ahead inc hosp,quantile,0.1,6138,COVID-19
DE,00+,2023-02-12,2023-02-04,-8 day ahead inc hosp,quantile,0.25,6164,COVID-19
DE,00+,2023-02-12,2023-02-04,-8 day ahead inc hosp,quantile,0.5,6196,COVID-19
DE,00+,2023-02-12,2023-02-04,-8 day ahead inc hosp,quantile,0.75,6227,COVID-19
DE,00+,2023-02-12,2023-02-04,-8 day ahead inc hosp,quantile,0.9,6259,COVID-19
DE,00+,2023-02-12,2023-02-04,-8 day ahead inc hosp,quantile,0.975,6297,COVID-19
DE,00+,2023-02-12,2023-02-05,-7 day ahead inc hosp,mean,NA,6258.058,COVID-19
DE,00+,2023-02-12,2023-02-05,-7 day ahead inc hosp,quantile,0.025,6172,COVID-19
DE,00+,2023-02-12,2023-02-05,-7 day ahead inc hosp,quantile,0.1,6199,COVID-19
DE,00+,2023-02-12,2023-02-05,-7 day ahead inc hosp,quantile,0.25,6223,COVID-19
DE,00+,2023-02-12,2023-02-05,-7 day ahead inc hosp,quantile,0.5,6255,COVID-19
DE,00+,2023-02-12,2023-02-05,-7 day ahead inc hosp,quantile,0.75,6290,COVID-19
DE,00+,2023-02-12,2023-02-05,-7 day ahead inc hosp,quantile,0.9,6321,COVID-19
DE,00+,2023-02-12,2023-02-05,-7 day ahead inc hosp,quantile,0.975,6360,COVID-19
DE,00+,2023-02-12,2023-02-06,-6 day ahead inc hosp,mean,NA,6286.048,COVID-19
DE,00+,2023-02-12,2023-02-06,-6 day ahead inc hosp,quantile,0.025,6197,COVID-19
DE,00+,2023-02-12,2023-02-06,-6 day ahead inc hosp,quantile,0.1,6224,COVID-19
DE,00+,2023-02-12,2023-02-06,-6 day ahead inc hosp,quantile,0.25,6251,COVID-19
DE,00+,2023-02-12,2023-02-06,-6 day ahead inc hosp,quantile,0.5,6285,COVID-19
DE,00+,2023-02-12,2023-02-06,-6 day ahead inc hosp,quantile,0.75,6318,COVID-19
DE,00+,2023-02-12,2023-02-06,-6 day ahead inc hosp,quantile,0.9,6352,COVID-19
DE,00+,2023-02-12,2023-02-06,-6 day ahead inc hosp,quantile,0.975,6394,COVID-19
DE,00+,2023-02-12,2023-02-07,-5 day ahead inc hosp,mean,NA,6723.495,COVID-19
DE,00+,2023-02-12,2023-02-07,-5 day ahead inc hosp,quantile,0.025,6594,COVID-19
DE,00+,2023-02-12,2023-02-07,-5 day ahead inc hosp,quantile,0.1,6636,COVID-19
DE,00+,2023-02-12,2023-02-07,-5 day ahead inc hosp,quantile,0.25,6674,COVID-19
DE,00+,2023-02-12,2023-02-07,-5 day ahead inc hosp,quantile,0.5,6720,COVID-19
DE,00+,2023-02-12,2023-02-07,-5 day ahead inc hosp,quantile,0.75,6772,COVID-19
DE,00+,2023-02-12,2023-02-07,-5 day ahead inc hosp,quantile,0.9,6816,COVID-19
DE,00+,2023-02-12,2023-02-07,-5 day ahead inc hosp,quantile,0.975,6866,COVID-19
DE,00+,2023-02-12,2023-02-08,-4 day ahead inc hosp,mean,NA,6944.286,COVID-19
DE,00+,2023-02-12,2023-02-08,-4 day ahead inc hosp,quantile,0.025,6772,COVID-19
DE,00+,2023-02-12,2023-02-08,-4 day ahead inc hosp,quantile,0.1,6824,COVID-19
DE,00+,2023-02-12,2023-02-08,-4 day ahead inc hosp,quantile,0.25,6878,COVID-19
DE,00+,2023-02-12,2023-02-08,-4 day ahead inc hosp,quantile,0.5,6936,COVID-19
DE,00+,2023-02-12,2023-02-08,-4 day ahead inc hosp,quantile,0.75,7010,COVID-19
DE,00+,2023-02-12,2023-02-08,-4 day ahead inc hosp,quantile,0.9,7071,COVID-19
DE,00+,2023-02-12,2023-02-08,-4 day ahead inc hosp,quantile,0.975,7143,COVID-19
DE,00+,2023-02-12,2023-02-09,-3 day ahead inc hosp,mean,NA,7189.361,COVID-19
DE,00+,2023-02-12,2023-02-09,-3 day ahead inc hosp,quantile,0.025,6945,COVID-19
DE,00+,2023-02-12,2023-02-09,-3 day ahead inc hosp,quantile,0.1,7027,COVID-19
DE,00+,2023-02-12,2023-02-09,-3 day ahead inc hosp,quantile,0.25,7094,COVID-19
DE,00+,2023-02-12,2023-02-09,-3 day ahead inc hosp,quantile,0.5,7176,COVID-19
DE,00+,2023-02-12,2023-02-09,-3 day ahead inc hosp,quantile,0.75,7280,COVID-19
DE,00+,2023-02-12,2023-02-09,-3 day ahead inc hosp,quantile,0.9,7376,COVID-19
DE,00+,2023-02-12,2023-02-09,-3 day ahead inc hosp,quantile,0.975,7485,COVID-19
DE,00+,2023-02-12,2023-02-10,-2 day ahead inc hosp,mean,NA,7475.697,COVID-19
DE,00+,2023-02-12,2023-02-10,-2 day ahead inc hosp,quantile,0.025,7126,COVID-19
DE,00+,2023-02-12,2023-02-10,-2 day ahead inc hosp,quantile,0.1,7232,COVID-19
DE,00+,2023-02-12,2023-02-10,-2 day ahead inc hosp,quantile,0.25,7324,COVID-19
DE,00+,2023-02-12,2023-02-10,-2 day ahead inc hosp,quantile,0.5,7462,COVID-19
DE,00+,2023-02-12,2023-02-10,-2 day ahead inc hosp,quantile,0.75,7609,COVID-19
DE,00+,2023-02-12,2023-02-10,-2 day ahead inc hosp,quantile,0.9,7738,COVID-19
DE,00+,2023-02-12,2023-02-10,-2 day ahead inc hosp,quantile,0.975,7935,COVID-19
DE,00+,2023-02-12,2023-02-11,-1 day ahead inc hosp,mean,NA,7420.586,COVID-19
DE,00+,2023-02-12,2023-02-11,-1 day ahead inc hosp,quantile,0.025,6884,COVID-19
DE,00+,2023-02-12,2023-02-11,-1 day ahead inc hosp,quantile,0.1,7048,COVID-19
DE,00+,2023-02-12,2023-02-11,-1 day ahead inc hosp,quantile,0.25,7202,COVID-19
DE,00+,2023-02-12,2023-02-11,-1 day ahead inc hosp,quantile,0.5,7393,COVID-19
DE,00+,2023-02-12,2023-02-11,-1 day ahead inc hosp,quantile,0.75,7610,COVID-19
DE,00+,2023-02-12,2023-02-11,-1 day ahead inc hosp,quantile,0.9,7801,COVID-19
DE,00+,2023-02-12,2023-02-11,-1 day ahead inc hosp,quantile,0.975,8087,COVID-19
DE,00+,2023-02-12,2023-02-12,0 day ahead inc hosp,mean,NA,7443.771,COVID-19
DE,00+,2023-02-12,2023-02-12,0 day ahead inc hosp,quantile,0.025,6870,COVID-19
DE,00+,2023-02-12,2023-02-12,0 day ahead inc hosp,quantile,0.1,7028,COVID-19
DE,00+,2023-02-12,2023-02-12,0 day ahead inc hosp,quantile,0.25,7194,COVID-19
DE,00+,2023-02-12,2023-02-12,0 day ahead inc hosp,quantile,0.5,7413,COVID-19
DE,00+,2023-02-12,2023-02-12,0 day ahead inc hosp,quantile,0.75,7663,COVID-19
DE,00+,2023-02-12,2023-02-12,0 day ahead inc hosp,quantile,0.9,7895,COVID-19
DE,00+,2023-02-12,2023-02-12,0 day ahead inc hosp,quantile,0.975,8203,COVID-19
DE,00-04,2023-02-12,2023-01-15,-28 day ahead inc hosp,mean,NA,128.805,COVID-19
DE,00-04,2023-02-12,2023-01-15,-28 day ahead inc hosp,quantile,0.025,126,COVID-19
DE,00-04,2023-02-12,2023-01-15,-28 day ahead inc hosp,quantile,0.1,127,COVID-19
DE,00-04,2023-02-12,2023-01-15,-28 day ahead inc hosp,quantile,0.25,128,COVID-19
DE,00-04,2023-02-12,2023-01-15,-28 day ahead inc hosp,quantile,0.5,129,COVID-19
DE,00-04,2023-02-12,2023-01-15,-28 day ahead inc hosp,quantile,0.75,130,COVID-19
DE,00-04,2023-02-12,2023-01-15,-28 day ahead inc hosp,quantile,0.9,131,COVID-19
DE,00-04,2023-02-12,2023-01-15,-28 day ahead inc hosp,quantile,0.975,132,COVID-19
DE,00-04,2023-02-12,2023-01-16,-27 day ahead inc hosp,mean,NA,130.834,COVID-19
DE,00-04,2023-02-12,2023-01-16,-27 day ahead inc hosp,quantile,0.025,128,COVID-19
DE,00-04,2023-02-12,2023-01-16,-27 day ahead inc hosp,quantile,0.1,129,COVID-19
DE,00-04,2023-02-12,2023-01-16,-27 day ahead inc hosp,quantile,0.25,130,COVID-19
DE,00-04,2023-02-12,2023-01-16,-27 day ahead inc hosp,quantile,0.5,131,COVID-19
DE,00-04,2023-02-12,2023-01-16,-27 day ahead inc hosp,quantile,0.75,132,COVID-19
DE,00-04,2023-02-12,2023-01-16,-27 day ahead inc hosp,quantile,0.9,133,COVID-19
DE,00-04,2023-02-12,2023-01-16,-27 day ahead inc hosp,quantile,0.975,134,COVID-19
DE,00-04,2023-02-12,2023-01-17,-26 day ahead inc hosp,mean,NA,128.985,COVID-19
DE,00-04,2023-02-12,2023-01-17,-26 day ahead inc hosp,quantile,0.025,126,COVID-19
DE,00-04,2023-02-12,2023-01-17,-26 day ahead inc hosp,quantile,0.1,127,COVID-19
DE,00-04,2023-02-12,2023-01-17,-26 day ahead inc hosp,quantile,0.25,128,COVID-19
DE,00-04,2023-02-12,2023-01-17,-26 day ahead inc hosp,quantile,0.5,129,COVID-19
DE,00-04,2023-02-12,2023-01-17,-26 day ahead inc hosp,quantile,0.75,130,COVID-19
DE,00-04,2023-02-12,2023-01-17,-26 day ahead inc hosp,quantile,0.9,131,COVID-19
DE,00-04,2023-02-12,2023-01-17,-26 day ahead inc hosp,quantile,0.975,133,COVID-19
DE,00-04,2023-02-12,2023-01-18,-25 day ahead inc hosp,mean,NA,130.059,COVID-19
DE,00-04,2023-02-12,2023-01-18,-25 day ahead inc hosp,quantile,0.025,127,COVID-19
DE,00-04,2023-02-12,2023-01-18,-25 day ahead inc hosp,quantile,0.1,128,COVID-19
DE,00-04,2023-02-12,2023-01-18,-25 day ahead inc hosp,quantile,0.25,129,COVID-19
DE,00-04,2023-02-12,2023-01-18,-25 day ahead inc hosp,quantile,0.5,130,COVID-19
DE,00-04,2023-02-12,2023-01-18,-25 day ahead inc hosp,quantile,0.75,131,COVID-19
DE,00-04,2023-02-12,2023-01-18,-25 day ahead inc hosp,quantile,0.9,132,COVID-19
DE,00-04,2023-02-12,2023-01-18,-25 day ahead inc hosp,quantile,0.975,134,COVID-19
DE,00-04,2023-02-12,2023-01-19,-24 day ahead inc hosp,mean,NA,123.173,COVID-19
DE,00-04,2023-02-12,2023-01-19,-24 day ahead inc hosp,quantile,0.025,120,COVID-19
DE,00-04,2023-02-12,2023-01-19,-24 day ahead inc hosp,quantile,0.1,121,COVID-19
DE,00-04,2023-02-12,2023-01-19,-24 day ahead inc hosp,quantile,0.25,122,COVID-19
DE,00-04,2023-02-12,2023-01-19,-24 day ahead inc hosp,quantile,0.5,123,COVID-19
DE,00-04,2023-02-12,2023-01-19,-24 day ahead inc hosp,quantile,0.75,124,COVID-19
DE,00-04,2023-02-12,2023-01-19,-24 day ahead inc hosp,quantile,0.9,126,COVID-19
DE,00-04,2023-02-12,2023-01-19,-24 day ahead inc hosp,quantile,0.975,127,COVID-19
DE,00-04,2023-02-12,2023-01-20,-23 day ahead inc hosp,mean,NA,122.329,COVID-19
DE,00-04,2023-02-12,2023-01-20,-23 day ahead inc hosp,quantile,0.025,119,COVID-19
DE,00-04,2023-02-12,2023-01-20,-23 day ahead inc hosp,quantile,0.1,120,COVID-19
DE,00-04,2023-02-12,2023-01-20,-23 day ahead inc hosp,quantile,0.25,121,COVID-19
DE,00-04,2023-02-12,2023-01-20,-23 day ahead inc hosp,quantile,0.5,122,COVID-19
DE,00-04,2023-02-12,2023-01-20,-23 day ahead inc hosp,quantile,0.75,123,COVID-19
DE,00-04,2023-02-12,2023-01-20,-23 day ahead inc hosp,quantile,0.9,125,COVID-19
DE,00-04,2023-02-12,2023-01-20,-23 day ahead inc hosp,quantile,0.975,126,COVID-19
DE,00-04,2023-02-12,2023-01-21,-22 day ahead inc hosp,mean,NA,132.444,COVID-19
DE,00-04,2023-02-12,2023-01-21,-22 day ahead inc hosp,quantile,0.025,129,COVID-19
DE,00-04,2023-02-12,2023-01-21,-22 day ahead inc hosp,quantile,0.1,130,COVID-19
DE,00-04,2023-02-12,2023-01-21,-22 day ahead inc hosp,quantile,0.25,131,COVID-19
DE,00-04,2023-02-12,2023-01-21,-22 day ahead inc hosp,quantile,0.5,132,COVID-19
DE,00-04,2023-02-12,2023-01-21,-22 day ahead inc hosp,quantile,0.75,134,COVID-19
DE,00-04,2023-02-12,2023-01-21,-22 day ahead inc hosp,quantile,0.9,135,COVID-19
DE,00-04,2023-02-12,2023-01-21,-22 day ahead inc hosp,quantile,0.975,137,COVID-19
DE,00-04,2023-02-12,2023-01-22,-21 day ahead inc hosp,mean,NA,136.482,COVID-19
DE,00-04,2023-02-12,2023-01-22,-21 day ahead inc hosp,quantile,0.025,133,COVID-19
DE,00-04,2023-02-12,2023-01-22,-21 day ahead inc hosp,quantile,0.1,134,COVID-19
DE,00-04,2023-02-12,2023-01-22,-21 day ahead inc hosp,quantile,0.25,135,COVID-19
DE,00-04,2023-02-12,2023-01-22,-21 day ahead inc hosp,quantile,0.5,136,COVID-19
DE,00-04,2023-02-12,2023-01-22,-21 day ahead inc hosp,quantile,0.75,138,COVID-19
DE,00-04,2023-02-12,2023-01-22,-21 day ahead inc hosp,quantile,0.9,139,COVID-19
DE,00-04,2023-02-12,2023-01-22,-21 day ahead inc hosp,quantile,0.975,141,COVID-19
DE,00-04,2023-02-12,2023-01-23,-20 day ahead inc hosp,mean,NA,136.54,COVID-19
DE,00-04,2023-02-12,2023-01-23,-20 day ahead inc hosp,quantile,0.025,133,COVID-19
DE,00-04,2023-02-12,2023-01-23,-20 day ahead inc hosp,quantile,0.1,134,COVID-19
DE,00-04,2023-02-12,2023-01-23,-20 day ahead inc hosp,quantile,0.25,135,COVID-19
DE,00-04,2023-02-12,2023-01-23,-20 day ahead inc hosp,quantile,0.5,136,COVID-19
DE,00-04,2023-02-12,2023-01-23,-20 day ahead inc hosp,quantile,0.75,138,COVID-19
DE,00-04,2023-02-12,2023-01-23,-20 day ahead inc hosp,quantile,0.9,139,COVID-19
DE,00-04,2023-02-12,2023-01-23,-20 day ahead inc hosp,quantile,0.975,141,COVID-19
DE,00-04,2023-02-12,2023-01-24,-19 day ahead inc hosp,mean,NA,130.859,COVID-19
DE,00-04,2023-02-12,2023-01-24,-19 day ahead inc hosp,quantile,0.025,128,COVID-19
DE,00-04,2023-02-12,2023-01-24,-19 day ahead inc hosp,quantile,0.1,128,COVID-19
DE,00-04,2023-02-12,2023-01-24,-19 day ahead inc hosp,quantile,0.25,129,COVID-19
DE,00-04,2023-02-12,2023-01-24,-19 day ahead inc hosp,quantile,0.5,131,COVID-19
DE,00-04,2023-02-12,2023-01-24,-19 day ahead inc hosp,quantile,0.75,132,COVID-19
DE,00-04,2023-02-12,2023-01-24,-19 day ahead inc hosp,quantile,0.9,133,COVID-19
DE,00-04,2023-02-12,2023-01-24,-19 day ahead inc hosp,quantile,0.975,135,COVID-19
DE,00-04,2023-02-12,2023-01-25,-18 day ahead inc hosp,mean,NA,133.191,COVID-19
DE,00-04,2023-02-12,2023-01-25,-18 day ahead inc hosp,quantile,0.025,130,COVID-19
DE,00-04,2023-02-12,2023-01-25,-18 day ahead inc hosp,quantile,0.1,131,COVID-19
DE,00-04,2023-02-12,2023-01-25,-18 day ahead inc hosp,quantile,0.25,132,COVID-19
DE,00-04,2023-02-12,2023-01-25,-18 day ahead inc hosp,quantile,0.5,133,COVID-19
DE,00-04,2023-02-12,2023-01-25,-18 day ahead inc hosp,quantile,0.75,134,COVID-19
DE,00-04,2023-02-12,2023-01-25,-18 day ahead inc hosp,quantile,0.9,136,COVID-19
DE,00-04,2023-02-12,2023-01-25,-18 day ahead inc hosp,quantile,0.975,138,COVID-19
DE,00-04,2023-02-12,2023-01-26,-17 day ahead inc hosp,mean,NA,142.507,COVID-19
DE,00-04,2023-02-12,2023-01-26,-17 day ahead inc hosp,quantile,0.025,139,COVID-19
DE,00-04,2023-02-12,2023-01-26,-17 day ahead inc hosp,quantile,0.1,140,COVID-19
DE,00-04,2023-02-12,2023-01-26,-17 day ahead inc hosp,quantile,0.25,141,COVID-19
DE,00-04,2023-02-12,2023-01-26,-17 day ahead inc hosp,quantile,0.5,142,COVID-19
DE,00-04,2023-02-12,2023-01-26,-17 day ahead inc hosp,quantile,0.75,144,COVID-19
DE,00-04,2023-02-12,2023-01-26,-17 day ahead inc hosp,quantile,0.9,145,COVID-19
DE,00-04,2023-02-12,2023-01-26,-17 day ahead inc hosp,quantile,0.975,148,COVID-19
DE,00-04,2023-02-12,2023-01-27,-16 day ahead inc hosp,mean,NA,141.943,COVID-19
DE,00-04,2023-02-12,2023-01-27,-16 day ahead inc hosp,quantile,0.025,138,COVID-19
DE,00-04,2023-02-12,2023-01-27,-16 day ahead inc hosp,quantile,0.1,139,COVID-19
DE,00-04,2023-02-12,2023-01-27,-16 day ahead inc hosp,quantile,0.25,140,COVID-19
DE,00-04,2023-02-12,2023-01-27,-16 day ahead inc hosp,quantile,0.5,142,COVID-19
DE,00-04,2023-02-12,2023-01-27,-16 day ahead inc hosp,quantile,0.75,143,COVID-19
DE,00-04,2023-02-12,2023-01-27,-16 day ahead inc hosp,quantile,0.9,145,COVID-19
DE,00-04,2023-02-12,2023-01-27,-16 day ahead inc hosp,quantile,0.975,147,COVID-19
DE,00-04,2023-02-12,2023-01-28,-15 day ahead inc hosp,mean,NA,138.599,COVID-19
DE,00-04,2023-02-12,2023-01-28,-15 day ahead inc hosp,quantile,0.025,135,COVID-19
DE,00-04,2023-02-12,2023-01-28,-15 day ahead inc hosp,quantile,0.1,136,COVID-19
DE,00-04,2023-02-12,2023-01-28,-15 day ahead inc hosp,quantile,0.25,137,COVID-19
DE,00-04,2023-02-12,2023-01-28,-15 day ahead inc hosp,quantile,0.5,138,COVID-19
DE,00-04,2023-02-12,2023-01-28,-15 day ahead inc hosp,quantile,0.75,140,COVID-19
DE,00-04,2023-02-12,2023-01-28,-15 day ahead inc hosp,quantile,0.9,142,COVID-19
DE,00-04,2023-02-12,2023-01-28,-15 day ahead inc hosp,quantile,0.975,144,COVID-19
DE,00-04,2023-02-12,2023-01-29,-14 day ahead inc hosp,mean,NA,136.797,COVID-19
DE,00-04,2023-02-12,2023-01-29,-14 day ahead inc hosp,quantile,0.025,133,COVID-19
DE,00-04,2023-02-12,2023-01-29,-14 day ahead inc hosp,quantile,0.1,134,COVID-19
DE,00-04,2023-02-12,2023-01-29,-14 day ahead inc hosp,quantile,0.25,135,COVID-19
DE,00-04,2023-02-12,2023-01-29,-14 day ahead inc hosp,quantile,0.5,137,COVID-19
DE,00-04,2023-02-12,2023-01-29,-14 day ahead inc hosp,quantile,0.75,138,COVID-19
DE,00-04,2023-02-12,2023-01-29,-14 day ahead inc hosp,quantile,0.9,140,COVID-19
DE,00-04,2023-02-12,2023-01-29,-14 day ahead inc hosp,quantile,0.975,142,COVID-19
DE,00-04,2023-02-12,2023-01-30,-13 day ahead inc hosp,mean,NA,133.956,COVID-19
DE,00-04,2023-02-12,2023-01-30,-13 day ahead inc hosp,quantile,0.025,130,COVID-19
DE,00-04,2023-02-12,2023-01-30,-13 day ahead inc hosp,quantile,0.1,131,COVID-19
DE,00-04,2023-02-12,2023-01-30,-13 day ahead inc hosp,quantile,0.25,132,COVID-19
DE,00-04,2023-02-12,2023-01-30,-13 day ahead inc hosp,quantile,0.5,134,COVID-19
DE,00-04,2023-02-12,2023-01-30,-13 day ahead inc hosp,quantile,0.75,136,COVID-19
DE,00-04,2023-02-12,2023-01-30,-13 day ahead inc hosp,quantile,0.9,137,COVID-19
DE,00-04,2023-02-12,2023-01-30,-13 day ahead inc hosp,quantile,0.975,139,COVID-19
DE,00-04,2023-02-12,2023-01-31,-12 day ahead inc hosp,mean,NA,142.974,COVID-19
DE,00-04,2023-02-12,2023-01-31,-12 day ahead inc hosp,quantile,0.025,138,COVID-19
DE,00-04,2023-02-12,2023-01-31,-12 day ahead inc hosp,quantile,0.1,140,COVID-19
DE,00-04,2023-02-12,2023-01-31,-12 day ahead inc hosp,quantile,0.25,141,COVID-19
DE,00-04,2023-02-12,2023-01-31,-12 day ahead inc hosp,quantile,0.5,143,COVID-19
DE,00-04,2023-02-12,2023-01-31,-12 day ahead inc hosp,quantile,0.75,145,COVID-19
DE,00-04,2023-02-12,2023-01-31,-12 day ahead inc hosp,quantile,0.9,147,COVID-19
DE,00-04,2023-02-12,2023-01-31,-12 day ahead inc hosp,quantile,0.975,149,COVID-19
DE,00-04,2023-02-12,2023-02-01,-11 day ahead inc hosp,mean,NA,148.051,COVID-19
DE,00-04,2023-02-12,2023-02-01,-11 day ahead inc hosp,quantile,0.025,143,COVID-19
DE,00-04,2023-02-12,2023-02-01,-11 day ahead inc hosp,quantile,0.1,144,COVID-19
DE,00-04,2023-02-12,2023-02-01,-11 day ahead inc hosp,quantile,0.25,146,COVID-19
DE,00-04,2023-02-12,2023-02-01,-11 day ahead inc hosp,quantile,0.5,148,COVID-19
DE,00-04,2023-02-12,2023-02-01,-11 day ahead inc hosp,quantile,0.75,150,COVID-19
DE,00-04,2023-02-12,2023-02-01,-11 day ahead inc hosp,quantile,0.9,152,COVID-19
DE,00-04,2023-02-12,2023-02-01,-11 day ahead inc hosp,quantile,0.975,154,COVID-19
DE,00-04,2023-02-12,2023-02-02,-10 day ahead inc hosp,mean,NA,147.3,COVID-19
DE,00-04,2023-02-12,2023-02-02,-10 day ahead inc hosp,quantile,0.025,141,COVID-19
DE,00-04,2023-02-12,2023-02-02,-10 day ahead inc hosp,quantile,0.1,143,COVID-19
DE,00-04,2023-02-12,2023-02-02,-10 day ahead inc hosp,quantile,0.25,145,COVID-19
DE,00-04,2023-02-12,2023-02-02,-10 day ahead inc hosp,quantile,0.5,147,COVID-19
DE,00-04,2023-02-12,2023-02-02,-10 day ahead inc hosp,quantile,0.75,149,COVID-19
DE,00-04,2023-02-12,2023-02-02,-10 day ahead inc hosp,quantile,0.9,152,COVID-19
DE,00-04,2023-02-12,2023-02-02,-10 day ahead inc hosp,quantile,0.975,154,COVID-19
DE,00-04,2023-02-12,2023-02-03,-9 day ahead inc hosp,mean,NA,146.667,COVID-19
DE,00-04,2023-02-12,2023-02-03,-9 day ahead inc hosp,quantile,0.025,140,COVID-19
DE,00-04,2023-02-12,2023-02-03,-9 day ahead inc hosp,quantile,0.1,142,COVID-19
DE,00-04,2023-02-12,2023-02-03,-9 day ahead inc hosp,quantile,0.25,144,COVID-19
DE,00-04,2023-02-12,2023-02-03,-9 day ahead inc hosp,quantile,0.5,146,COVID-19
DE,00-04,2023-02-12,2023-02-03,-9 day ahead inc hosp,quantile,0.75,149,COVID-19
DE,00-04,2023-02-12,2023-02-03,-9 day ahead inc hosp,quantile,0.9,151,COVID-19
DE,00-04,2023-02-12,2023-02-03,-9 day ahead inc hosp,quantile,0.975,155,COVID-19
DE,00-04,2023-02-12,2023-02-04,-8 day ahead inc hosp,mean,NA,147.287,COVID-19
DE,00-04,2023-02-12,2023-02-04,-8 day ahead inc hosp,quantile,0.025,141,COVID-19
DE,00-04,2023-02-12,2023-02-04,-8 day ahead inc hosp,quantile,0.1,143,COVID-19
DE,00-04,2023-02-12,2023-02-04,-8 day ahead inc hosp,quantile,0.25,145,COVID-19
DE,00-04,2023-02-12,2023-02-04,-8 day ahead inc hosp,quantile,0.5,147,COVID-19
DE,00-04,2023-02-12,2023-02-04,-8 day ahead inc hosp,quantile,0.75,150,COVID-19
DE,00-04,2023-02-12,2023-02-04,-8 day ahead inc hosp,quantile,0.9,152,COVID-19
DE,00-04,2023-02-12,2023-02-04,-8 day ahead inc hosp,quantile,0.975,155,COVID-19
DE,00-04,2023-02-12,2023-02-05,-7 day ahead inc hosp,mean,NA,148.872,COVID-19
DE,00-04,2023-02-12,2023-02-05,-7 day ahead inc hosp,quantile,0.025,143,COVID-19
DE,00-04,2023-02-12,2023-02-05,-7 day ahead inc hosp,quantile,0.1,144,COVID-19
DE,00-04,2023-02-12,2023-02-05,-7 day ahead inc hosp,quantile,0.25,146,COVID-19
DE,00-04,2023-02-12,2023-02-05,-7 day ahead inc hosp,quantile,0.5,149,COVID-19
DE,00-04,2023-02-12,2023-02-05,-7 day ahead inc hosp,quantile,0.75,151,COVID-19
DE,00-04,2023-02-12,2023-02-05,-7 day ahead inc hosp,quantile,0.9,154,COVID-19
DE,00-04,2023-02-12,2023-02-05,-7 day ahead inc hosp,quantile,0.975,157,COVID-19
DE,00-04,2023-02-12,2023-02-06,-6 day ahead inc hosp,mean,NA,153.404,COVID-19
DE,00-04,2023-02-12,2023-02-06,-6 day ahead inc hosp,quantile,0.025,147,COVID-19
DE,00-04,2023-02-12,2023-02-06,-6 day ahead inc hosp,quantile,0.1,149,COVID-19
DE,00-04,2023-02-12,2023-02-06,-6 day ahead inc hosp,quantile,0.25,151,COVID-19
DE,00-04,2023-02-12,2023-02-06,-6 day ahead inc hosp,quantile,0.5,153,COVID-19
DE,00-04,2023-02-12,2023-02-06,-6 day ahead inc hosp,quantile,0.75,156,COVID-19
DE,00-04,2023-02-12,2023-02-06,-6 day ahead inc hosp,quantile,0.9,159,COVID-19
DE,00-04,2023-02-12,2023-02-06,-6 day ahead inc hosp,quantile,0.975,161,COVID-19
DE,00-04,2023-02-12,2023-02-07,-5 day ahead inc hosp,mean,NA,170.029,COVID-19
DE,00-04,2023-02-12,2023-02-07,-5 day ahead inc hosp,quantile,0.025,162,COVID-19
DE,00-04,2023-02-12,2023-02-07,-5 day ahead inc hosp,quantile,0.1,165,COVID-19
DE,00-04,2023-02-12,2023-02-07,-5 day ahead inc hosp,quantile,0.25,167,COVID-19
DE,00-04,2023-02-12,2023-02-07,-5 day ahead inc hosp,quantile,0.5,170,COVID-19
DE,00-04,2023-02-12,2023-02-07,-5 day ahead inc hosp,quantile,0.75,173,COVID-19
DE,00-04,2023-02-12,2023-02-07,-5 day ahead inc hosp,quantile,0.9,176,COVID-19
DE,00-04,2023-02-12,2023-02-07,-5 day ahead inc hosp,quantile,0.975,179,COVID-19
DE,00-04,2023-02-12,2023-02-08,-4 day ahead inc hosp,mean,NA,169.984,COVID-19
DE,00-04,2023-02-12,2023-02-08,-4 day ahead inc hosp,quantile,0.025,160,COVID-19
DE,00-04,2023-02-12,2023-02-08,-4 day ahead inc hosp,quantile,0.1,164,COVID-19
DE,00-04,2023-02-12,2023-02-08,-4 day ahead inc hosp,quantile,0.25,166,COVID-19
DE,00-04,2023-02-12,2023-02-08,-4 day ahead inc hosp,quantile,0.5,170,COVID-19
DE,00-04,2023-02-12,2023-02-08,-4 day ahead inc hosp,quantile,0.75,173,COVID-19
DE,00-04,2023-02-12,2023-02-08,-4 day ahead inc hosp,quantile,0.9,176,COVID-19
DE,00-04,2023-02-12,2023-02-08,-4 day ahead inc hosp,quantile,0.975,181,COVID-19
DE,00-04,2023-02-12,2023-02-09,-3 day ahead inc hosp,mean,NA,177.947,COVID-19
DE,00-04,2023-02-12,2023-02-09,-3 day ahead inc hosp,quantile,0.025,167,COVID-19
DE,00-04,2023-02-12,2023-02-09,-3 day ahead inc hosp,quantile,0.1,170,COVID-19
DE,00-04,2023-02-12,2023-02-09,-3 day ahead inc hosp,quantile,0.25,174,COVID-19
DE,00-04,2023-02-12,2023-02-09,-3 day ahead inc hosp,quantile,0.5,177,COVID-19
DE,00-04,2023-02-12,2023-02-09,-3 day ahead inc hosp,quantile,0.75,182,COVID-19
DE,00-04,2023-02-12,2023-02-09,-3 day ahead inc hosp,quantile,0.9,186,COVID-19
DE,00-04,2023-02-12,2023-02-09,-3 day ahead inc hosp,quantile,0.975,191,COVID-19
DE,00-04,2023-02-12,2023-02-10,-2 day ahead inc hosp,mean,NA,181.371,COVID-19
DE,00-04,2023-02-12,2023-02-10,-2 day ahead inc hosp,quantile,0.025,168,COVID-19
DE,00-04,2023-02-12,2023-02-10,-2 day ahead inc hosp,quantile,0.1,172,COVID-19
DE,00-04,2023-02-12,2023-02-10,-2 day ahead inc hosp,quantile,0.25,176,COVID-19
DE,00-04,2023-02-12,2023-02-10,-2 day ahead inc hosp,quantile,0.5,181,COVID-19
DE,00-04,2023-02-12,2023-02-10,-2 day ahead inc hosp,quantile,0.75,186,COVID-19
DE,00-04,2023-02-12,2023-02-10,-2 day ahead inc hosp,quantile,0.9,191,COVID-19
DE,00-04,2023-02-12,2023-02-10,-2 day ahead inc hosp,quantile,0.975,197,COVID-19
DE,00-04,2023-02-12,2023-02-11,-1 day ahead inc hosp,mean,NA,181.099,COVID-19
DE,00-04,2023-02-12,2023-02-11,-1 day ahead inc hosp,quantile,0.025,164,COVID-19
DE,00-04,2023-02-12,2023-02-11,-1 day ahead inc hosp,quantile,0.1,168,COVID-19
DE,00-04,2023-02-12,2023-02-11,-1 day ahead inc hosp,quantile,0.25,174,COVID-19
DE,00-04,2023-02-12,2023-02-11,-1 day ahead inc hosp,quantile,0.5,181,COVID-19
DE,00-04,2023-02-12,2023-02-11,-1 day ahead inc hosp,quantile,0.75,188,COVID-19
DE,00-04,2023-02-12,2023-02-11,-1 day ahead inc hosp,quantile,0.9,194,COVID-19
DE,00-04,2023-02-12,2023-02-11,-1 day ahead inc hosp,quantile,0.975,203,COVID-19
DE,00-04,2023-02-12,2023-02-12,0 day ahead inc hosp,mean,NA,179.917,COVID-19
DE,00-04,2023-02-12,2023-02-12,0 day ahead inc hosp,quantile,0.025,161,COVID-19
DE,00-04,2023-02-12,2023-02-12,0 day ahead inc hosp,quantile,0.1,166,COVID-19
DE,00-04,2023-02-12,2023-02-12,0 day ahead inc hosp,quantile,0.25,172,COVID-19
DE,00-04,2023-02-12,2023-02-12,0 day ahead inc hosp,quantile,0.5,179,COVID-19
DE,00-04,2023-02-12,2023-02-12,0 day ahead inc hosp,quantile,0.75,187,COVID-19
DE,00-04,2023-02-12,2023-02-12,0 day ahead inc hosp,quantile,0.9,194,COVID-19
DE,00-04,2023-02-12,2023-02-12,0 day ahead inc hosp,quantile,0.975,204,COVID-19
DE,05-14,2023-02-12,2023-01-15,-28 day ahead inc hosp,mean,NA,42.024,COVID-19
DE,05-14,2023-02-12,2023-01-15,-28 day ahead inc hosp,quantile,0.025,41,COVID-19
DE,05-14,2023-02-12,2023-01-15,-28 day ahead inc hosp,quantile,0.1,41,COVID-19
DE,05-14,2023-02-12,2023-01-15,-28 day ahead inc hosp,quantile,0.25,41,COVID-19
DE,05-14,2023-02-12,2023-01-15,-28 day ahead inc hosp,quantile,0.5,42,COVID-19
DE,05-14,2023-02-12,2023-01-15,-28 day ahead inc hosp,quantile,0.75,43,COVID-19
DE,05-14,2023-02-12,2023-01-15,-28 day ahead inc hosp,quantile,0.9,43,COVID-19
DE,05-14,2023-02-12,2023-01-15,-28 day ahead inc hosp,quantile,0.975,44,COVID-19
DE,05-14,2023-02-12,2023-01-16,-27 day ahead inc hosp,mean,NA,44.024,COVID-19
DE,05-14,2023-02-12,2023-01-16,-27 day ahead inc hosp,quantile,0.025,43,COVID-19
DE,05-14,2023-02-12,2023-01-16,-27 day ahead inc hosp,quantile,0.1,43,COVID-19
DE,05-14,2023-02-12,2023-01-16,-27 day ahead inc hosp,quantile,0.25,43,COVID-19
DE,05-14,2023-02-12,2023-01-16,-27 day ahead inc hosp,quantile,0.5,44,COVID-19
DE,05-14,2023-02-12,2023-01-16,-27 day ahead inc hosp,quantile,0.75,45,COVID-19
DE,05-14,2023-02-12,2023-01-16,-27 day ahead inc hosp,quantile,0.9,45,COVID-19
DE,05-14,2023-02-12,2023-01-16,-27 day ahead inc hosp,quantile,0.975,46,COVID-19
DE,05-14,2023-02-12,2023-01-17,-26 day ahead inc hosp,mean,NA,42.081,COVID-19
DE,05-14,2023-02-12,2023-01-17,-26 day ahead inc hosp,quantile,0.025,41,COVID-19
DE,05-14,2023-02-12,2023-01-17,-26 day ahead inc hosp,quantile,0.1,41,COVID-19
DE,05-14,2023-02-12,2023-01-17,-26 day ahead inc hosp,quantile,0.25,41,COVID-19
DE,05-14,2023-02-12,2023-01-17,-26 day ahead inc hosp,quantile,0.5,42,COVID-19
DE,05-14,2023-02-12,2023-01-17,-26 day ahead inc hosp,quantile,0.75,43,COVID-19
DE,05-14,2023-02-12,2023-01-17,-26 day ahead inc hosp,quantile,0.9,44,COVID-19
DE,05-14,2023-02-12,2023-01-17,-26 day ahead inc hosp,quantile,0.975,44,COVID-19
DE,05-14,2023-02-12,2023-01-18,-25 day ahead inc hosp,mean,NA,47.119,COVID-19
DE,05-14,2023-02-12,2023-01-18,-25 day ahead inc hosp,quantile,0.025,46,COVID-19
DE,05-14,2023-02-12,2023-01-18,-25 day ahead inc hosp,quantile,0.1,46,COVID-19
DE,05-14,2023-02-12,2023-01-18,-25 day ahead inc hosp,quantile,0.25,46,COVID-19
DE,05-14,2023-02-12,2023-01-18,-25 day ahead inc hosp,quantile,0.5,47,COVID-19
DE,05-14,2023-02-12,2023-01-18,-25 day ahead inc hosp,quantile,0.75,48,COVID-19
DE,05-14,2023-02-12,2023-01-18,-25 day ahead inc hosp,quantile,0.9,49,COVID-19
DE,05-14,2023-02-12,2023-01-18,-25 day ahead inc hosp,quantile,0.975,50,COVID-19
DE,05-14,2023-02-12,2023-01-19,-24 day ahead inc hosp,mean,NA,49.177,COVID-19
DE,05-14,2023-02-12,2023-01-19,-24 day ahead inc hosp,quantile,0.025,48,COVID-19
DE,05-14,2023-02-12,2023-01-19,-24 day ahead inc hosp,quantile,0.1,48,COVID-19
DE,05-14,2023-02-12,2023-01-19,-24 day ahead inc hosp,quantile,0.25,48,COVID-19
DE,05-14,2023-02-12,2023-01-19,-24 day ahead inc hosp,quantile,0.5,49,COVID-19
DE,05-14,2023-02-12,2023-01-19,-24 day ahead inc hosp,quantile,0.75,50,COVID-19
DE,05-14,2023-02-12,2023-01-19,-24 day ahead inc hosp,quantile,0.9,51,COVID-19
DE,05-14,2023-02-12,2023-01-19,-24 day ahead inc hosp,quantile,0.975,52,COVID-19
DE,05-14,2023-02-12,2023-01-20,-23 day ahead inc hosp,mean,NA,49.221,COVID-19
DE,05-14,2023-02-12,2023-01-20,-23 day ahead inc hosp,quantile,0.025,48,COVID-19
DE,05-14,2023-02-12,2023-01-20,-23 day ahead inc hosp,quantile,0.1,48,COVID-19
DE,05-14,2023-02-12,2023-01-20,-23 day ahead inc hosp,quantile,0.25,48,COVID-19
DE,05-14,2023-02-12,2023-01-20,-23 day ahead inc hosp,quantile,0.5,49,COVID-19
DE,05-14,2023-02-12,2023-01-20,-23 day ahead inc hosp,quantile,0.75,50,COVID-19
DE,05-14,2023-02-12,2023-01-20,-23 day ahead inc hosp,quantile,0.9,51,COVID-19
DE,05-14,2023-02-12,2023-01-20,-23 day ahead inc hosp,quantile,0.975,52,COVID-19
DE,05-14,2023-02-12,2023-01-21,-22 day ahead inc hosp,mean,NA,46.282,COVID-19
DE,05-14,2023-02-12,2023-01-21,-22 day ahead inc hosp,quantile,0.025,45,COVID-19
DE,05-14,2023-02-12,2023-01-21,-22 day ahead inc hosp,quantile,0.1,45,COVID-19
DE,05-14,2023-02-12,2023-01-21,-22 day ahead inc hosp,quantile,0.25,45,COVID-19
DE,05-14,2023-02-12,2023-01-21,-22 day ahead inc hosp,quantile,0.5,46,COVID-19
DE,05-14,2023-02-12,2023-01-21,-22 day ahead inc hosp,quantile,0.75,47,COVID-19
DE,05-14,2023-02-12,2023-01-21,-22 day ahead inc hosp,quantile,0.9,48,COVID-19
DE,05-14,2023-02-12,2023-01-21,-22 day ahead inc hosp,quantile,0.975,49,COVID-19
DE,05-14,2023-02-12,2023-01-22,-21 day ahead inc hosp,mean,NA,47.318,COVID-19
DE,05-14,2023-02-12,2023-01-22,-21 day ahead inc hosp,quantile,0.025,46,COVID-19
DE,05-14,2023-02-12,2023-01-22,-21 day ahead inc hosp,quantile,0.1,46,COVID-19
DE,05-14,2023-02-12,2023-01-22,-21 day ahead inc hosp,quantile,0.25,46,COVID-19
DE,05-14,2023-02-12,2023-01-22,-21 day ahead inc hosp,quantile,0.5,47,COVID-19
DE,05-14,2023-02-12,2023-01-22,-21 day ahead inc hosp,quantile,0.75,48,COVID-19
DE,05-14,2023-02-12,2023-01-22,-21 day ahead inc hosp,quantile,0.9,49,COVID-19
DE,05-14,2023-02-12,2023-01-22,-21 day ahead inc hosp,quantile,0.975,50,COVID-19
DE,05-14,2023-02-12,2023-01-23,-20 day ahead inc hosp,mean,NA,45.353,COVID-19
DE,05-14,2023-02-12,2023-01-23,-20 day ahead inc hosp,quantile,0.025,44,COVID-19
DE,05-14,2023-02-12,2023-01-23,-20 day ahead inc hosp,quantile,0.1,44,COVID-19
DE,05-14,2023-02-12,2023-01-23,-20 day ahead inc hosp,quantile,0.25,44,COVID-19
DE,05-14,2023-02-12,2023-01-23,-20 day ahead inc hosp,quantile,0.5,45,COVID-19
DE,05-14,2023-02-12,2023-01-23,-20 day ahead inc hosp,quantile,0.75,46,COVID-19
DE,05-14,2023-02-12,2023-01-23,-20 day ahead inc hosp,quantile,0.9,47,COVID-19
DE,05-14,2023-02-12,2023-01-23,-20 day ahead inc hosp,quantile,0.975,48,COVID-19
DE,05-14,2023-02-12,2023-01-24,-19 day ahead inc hosp,mean,NA,53.522,COVID-19
DE,05-14,2023-02-12,2023-01-24,-19 day ahead inc hosp,quantile,0.025,52,COVID-19
DE,05-14,2023-02-12,2023-01-24,-19 day ahead inc hosp,quantile,0.1,52,COVID-19
DE,05-14,2023-02-12,2023-01-24,-19 day ahead inc hosp,quantile,0.25,53,COVID-19
DE,05-14,2023-02-12,2023-01-24,-19 day ahead inc hosp,quantile,0.5,53,COVID-19
DE,05-14,2023-02-12,2023-01-24,-19 day ahead inc hosp,quantile,0.75,54,COVID-19
DE,05-14,2023-02-12,2023-01-24,-19 day ahead inc hosp,quantile,0.9,55,COVID-19
DE,05-14,2023-02-12,2023-01-24,-19 day ahead inc hosp,quantile,0.975,56,COVID-19
DE,05-14,2023-02-12,2023-01-25,-18 day ahead inc hosp,mean,NA,58.703,COVID-19
DE,05-14,2023-02-12,2023-01-25,-18 day ahead inc hosp,quantile,0.025,57,COVID-19
DE,05-14,2023-02-12,2023-01-25,-18 day ahead inc hosp,quantile,0.1,57,COVID-19
DE,05-14,2023-02-12,2023-01-25,-18 day ahead inc hosp,quantile,0.25,58,COVID-19
DE,05-14,2023-02-12,2023-01-25,-18 day ahead inc hosp,quantile,0.5,59,COVID-19
DE,05-14,2023-02-12,2023-01-25,-18 day ahead inc hosp,quantile,0.75,60,COVID-19
DE,05-14,2023-02-12,2023-01-25,-18 day ahead inc hosp,quantile,0.9,60,COVID-19
DE,05-14,2023-02-12,2023-01-25,-18 day ahead inc hosp,quantile,0.975,61,COVID-19
DE,05-14,2023-02-12,2023-01-26,-17 day ahead inc hosp,mean,NA,60.868,COVID-19
DE,05-14,2023-02-12,2023-01-26,-17 day ahead inc hosp,quantile,0.025,59,COVID-19
DE,05-14,2023-02-12,2023-01-26,-17 day ahead inc hosp,quantile,0.1,59,COVID-19
DE,05-14,2023-02-12,2023-01-26,-17 day ahead inc hosp,quantile,0.25,60,COVID-19
DE,05-14,2023-02-12,2023-01-26,-17 day ahead inc hosp,quantile,0.5,61,COVID-19
DE,05-14,2023-02-12,2023-01-26,-17 day ahead inc hosp,quantile,0.75,62,COVID-19
DE,05-14,2023-02-12,2023-01-26,-17 day ahead inc hosp,quantile,0.9,63,COVID-19
DE,05-14,2023-02-12,2023-01-26,-17 day ahead inc hosp,quantile,0.975,64,COVID-19
DE,05-14,2023-02-12,2023-01-27,-16 day ahead inc hosp,mean,NA,67.125,COVID-19
DE,05-14,2023-02-12,2023-01-27,-16 day ahead inc hosp,quantile,0.025,65,COVID-19
DE,05-14,2023-02-12,2023-01-27,-16 day ahead inc hosp,quantile,0.1,65,COVID-19
DE,05-14,2023-02-12,2023-01-27,-16 day ahead inc hosp,quantile,0.25,66,COVID-19
DE,05-14,2023-02-12,2023-01-27,-16 day ahead inc hosp,quantile,0.5,67,COVID-19
DE,05-14,2023-02-12,2023-01-27,-16 day ahead inc hosp,quantile,0.75,68,COVID-19
DE,05-14,2023-02-12,2023-01-27,-16 day ahead inc hosp,quantile,0.9,69,COVID-19
DE,05-14,2023-02-12,2023-01-27,-16 day ahead inc hosp,quantile,0.975,71,COVID-19
DE,05-14,2023-02-12,2023-01-28,-15 day ahead inc hosp,mean,NA,74.428,COVID-19
DE,05-14,2023-02-12,2023-01-28,-15 day ahead inc hosp,quantile,0.025,72,COVID-19
DE,05-14,2023-02-12,2023-01-28,-15 day ahead inc hosp,quantile,0.1,72,COVID-19
DE,05-14,2023-02-12,2023-01-28,-15 day ahead inc hosp,quantile,0.25,73,COVID-19
DE,05-14,2023-02-12,2023-01-28,-15 day ahead inc hosp,quantile,0.5,74,COVID-19
DE,05-14,2023-02-12,2023-01-28,-15 day ahead inc hosp,quantile,0.75,75,COVID-19
DE,05-14,2023-02-12,2023-01-28,-15 day ahead inc hosp,quantile,0.9,76,COVID-19
DE,05-14,2023-02-12,2023-01-28,-15 day ahead inc hosp,quantile,0.975,78,COVID-19
DE,05-14,2023-02-12,2023-01-29,-14 day ahead inc hosp,mean,NA,73.516,COVID-19
DE,05-14,2023-02-12,2023-01-29,-14 day ahead inc hosp,quantile,0.025,71,COVID-19
DE,05-14,2023-02-12,2023-01-29,-14 day ahead inc hosp,quantile,0.1,72,COVID-19
DE,05-14,2023-02-12,2023-01-29,-14 day ahead inc hosp,quantile,0.25,72,COVID-19
DE,05-14,2023-02-12,2023-01-29,-14 day ahead inc hosp,quantile,0.5,73,COVID-19
DE,05-14,2023-02-12,2023-01-29,-14 day ahead inc hosp,quantile,0.75,74,COVID-19
DE,05-14,2023-02-12,2023-01-29,-14 day ahead inc hosp,quantile,0.9,76,COVID-19
DE,05-14,2023-02-12,2023-01-29,-14 day ahead inc hosp,quantile,0.975,77,COVID-19
DE,05-14,2023-02-12,2023-01-30,-13 day ahead inc hosp,mean,NA,76.612,COVID-19
DE,05-14,2023-02-12,2023-01-30,-13 day ahead inc hosp,quantile,0.025,74,COVID-19
DE,05-14,2023-02-12,2023-01-30,-13 day ahead inc hosp,quantile,0.1,75,COVID-19
DE,05-14,2023-02-12,2023-01-30,-13 day ahead inc hosp,quantile,0.25,75,COVID-19
DE,05-14,2023-02-12,2023-01-30,-13 day ahead inc hosp,quantile,0.5,76,COVID-19
DE,05-14,2023-02-12,2023-01-30,-13 day ahead inc hosp,quantile,0.75,78,COVID-19
DE,05-14,2023-02-12,2023-01-30,-13 day ahead inc hosp,quantile,0.9,79,COVID-19
DE,05-14,2023-02-12,2023-01-30,-13 day ahead inc hosp,quantile,0.975,80,COVID-19
DE,05-14,2023-02-12,2023-01-31,-12 day ahead inc hosp,mean,NA,76.157,COVID-19
DE,05-14,2023-02-12,2023-01-31,-12 day ahead inc hosp,quantile,0.025,73,COVID-19
DE,05-14,2023-02-12,2023-01-31,-12 day ahead inc hosp,quantile,0.1,74,COVID-19
DE,05-14,2023-02-12,2023-01-31,-12 day ahead inc hosp,quantile,0.25,75,COVID-19
DE,05-14,2023-02-12,2023-01-31,-12 day ahead inc hosp,quantile,0.5,76,COVID-19
DE,05-14,2023-02-12,2023-01-31,-12 day ahead inc hosp,quantile,0.75,77,COVID-19
DE,05-14,2023-02-12,2023-01-31,-12 day ahead inc hosp,quantile,0.9,79,COVID-19
DE,05-14,2023-02-12,2023-01-31,-12 day ahead inc hosp,quantile,0.975,80,COVID-19
DE,05-14,2023-02-12,2023-02-01,-11 day ahead inc hosp,mean,NA,69.748,COVID-19
DE,05-14,2023-02-12,2023-02-01,-11 day ahead inc hosp,quantile,0.025,66,COVID-19
DE,05-14,2023-02-12,2023-02-01,-11 day ahead inc hosp,quantile,0.1,67,COVID-19
DE,05-14,2023-02-12,2023-02-01,-11 day ahead inc hosp,quantile,0.25,68,COVID-19
DE,05-14,2023-02-12,2023-02-01,-11 day ahead inc hosp,quantile,0.5,70,COVID-19
DE,05-14,2023-02-12,2023-02-01,-11 day ahead inc hosp,quantile,0.75,71,COVID-19
DE,05-14,2023-02-12,2023-02-01,-11 day ahead inc hosp,quantile,0.9,72,COVID-19
DE,05-14,2023-02-12,2023-02-01,-11 day ahead inc hosp,quantile,0.975,74,COVID-19
DE,05-14,2023-02-12,2023-02-02,-10 day ahead inc hosp,mean,NA,72.446,COVID-19
DE,05-14,2023-02-12,2023-02-02,-10 day ahead inc hosp,quantile,0.025,69,COVID-19
DE,05-14,2023-02-12,2023-02-02,-10 day ahead inc hosp,quantile,0.1,70,COVID-19
DE,05-14,2023-02-12,2023-02-02,-10 day ahead inc hosp,quantile,0.25,71,COVID-19
DE,05-14,2023-02-12,2023-02-02,-10 day ahead inc hosp,quantile,0.5,72,COVID-19
DE,05-14,2023-02-12,2023-02-02,-10 day ahead inc hosp,quantile,0.75,74,COVID-19
DE,05-14,2023-02-12,2023-02-02,-10 day ahead inc hosp,quantile,0.9,75,COVID-19
DE,05-14,2023-02-12,2023-02-02,-10 day ahead inc hosp,quantile,0.975,77,COVID-19
DE,05-14,2023-02-12,2023-02-03,-9 day ahead inc hosp,mean,NA,72.332,COVID-19
DE,05-14,2023-02-12,2023-02-03,-9 day ahead inc hosp,quantile,0.025,68,COVID-19
DE,05-14,2023-02-12,2023-02-03,-9 day ahead inc hosp,quantile,0.1,69,COVID-19
DE,05-14,2023-02-12,2023-02-03,-9 day ahead inc hosp,quantile,0.25,70,COVID-19
DE,05-14,2023-02-12,2023-02-03,-9 day ahead inc hosp,quantile,0.5,72,COVID-19
DE,05-14,2023-02-12,2023-02-03,-9 day ahead inc hosp,quantile,0.75,74,COVID-19
DE,05-14,2023-02-12,2023-02-03,-9 day ahead inc hosp,quantile,0.9,76,COVID-19
DE,05-14,2023-02-12,2023-02-03,-9 day ahead inc hosp,quantile,0.975,78,COVID-19
DE,05-14,2023-02-12,2023-02-04,-8 day ahead inc hosp,mean,NA,74.334,COVID-19
DE,05-14,2023-02-12,2023-02-04,-8 day ahead inc hosp,quantile,0.025,70,COVID-19
DE,05-14,2023-02-12,2023-02-04,-8 day ahead inc hosp,quantile,0.1,71,COVID-19
DE,05-14,2023-02-12,2023-02-04,-8 day ahead inc hosp,quantile,0.25,72,COVID-19
DE,05-14,2023-02-12,2023-02-04,-8 day ahead inc hosp,quantile,0.5,74,COVID-19
DE,05-14,2023-02-12,2023-02-04,-8 day ahead inc hosp,quantile,0.75,76,COVID-19
DE,05-14,2023-02-12,2023-02-04,-8 day ahead inc hosp,quantile,0.9,78,COVID-19
DE,05-14,2023-02-12,2023-02-04,-8 day ahead inc hosp,quantile,0.975,80,COVID-19
DE,05-14,2023-02-12,2023-02-05,-7 day ahead inc hosp,mean,NA,73.606,COVID-19
DE,05-14,2023-02-12,2023-02-05,-7 day ahead inc hosp,quantile,0.025,69,COVID-19
DE,05-14,2023-02-12,2023-02-05,-7 day ahead inc hosp,quantile,0.1,70,COVID-19
DE,05-14,2023-02-12,2023-02-05,-7 day ahead inc hosp,quantile,0.25,72,COVID-19
DE,05-14,2023-02-12,2023-02-05,-7 day ahead inc hosp,quantile,0.5,73,COVID-19
DE,05-14,2023-02-12,2023-02-05,-7 day ahead inc hosp,quantile,0.75,75,COVID-19
DE,05-14,2023-02-12,2023-02-05,-7 day ahead inc hosp,quantile,0.9,77,COVID-19
DE,05-14,2023-02-12,2023-02-05,-7 day ahead inc hosp,quantile,0.975,80,COVID-19
DE,05-14,2023-02-12,2023-02-06,-6 day ahead inc hosp,mean,NA,69.893,COVID-19
DE,05-14,2023-02-12,2023-02-06,-6 day ahead inc hosp,quantile,0.025,65,COVID-19
DE,05-14,2023-02-12,2023-02-06,-6 day ahead inc hosp,quantile,0.1,66,COVID-19
DE,05-14,2023-02-12,2023-02-06,-6 day ahead inc hosp,quantile,0.25,68,COVID-19
DE,05-14,2023-02-12,2023-02-06,-6 day ahead inc hosp,quantile,0.5,70,COVID-19
DE,05-14,2023-02-12,2023-02-06,-6 day ahead inc hosp,quantile,0.75,72,COVID-19
DE,05-14,2023-02-12,2023-02-06,-6 day ahead inc hosp,quantile,0.9,74,COVID-19
DE,05-14,2023-02-12,2023-02-06,-6 day ahead inc hosp,quantile,0.975,76,COVID-19
DE,05-14,2023-02-12,2023-02-07,-5 day ahead inc hosp,mean,NA,67.815,COVID-19
DE,05-14,2023-02-12,2023-02-07,-5 day ahead inc hosp,quantile,0.025,62,COVID-19
DE,05-14,2023-02-12,2023-02-07,-5 day ahead inc hosp,quantile,0.1,64,COVID-19
DE,05-14,2023-02-12,2023-02-07,-5 day ahead inc hosp,quantile,0.25,65,COVID-19
DE,05-14,2023-02-12,2023-02-07,-5 day ahead inc hosp,quantile,0.5,68,COVID-19
DE,05-14,2023-02-12,2023-02-07,-5 day ahead inc hosp,quantile,0.75,70,COVID-19
DE,05-14,2023-02-12,2023-02-07,-5 day ahead inc hosp,quantile,0.9,72,COVID-19
DE,05-14,2023-02-12,2023-02-07,-5 day ahead inc hosp,quantile,0.975,75,COVID-19
DE,05-14,2023-02-12,2023-02-08,-4 day ahead inc hosp,mean,NA,75.934,COVID-19
DE,05-14,2023-02-12,2023-02-08,-4 day ahead inc hosp,quantile,0.025,70,COVID-19
DE,05-14,2023-02-12,2023-02-08,-4 day ahead inc hosp,quantile,0.1,71,COVID-19
DE,05-14,2023-02-12,2023-02-08,-4 day ahead inc hosp,quantile,0.25,73,COVID-19
DE,05-14,2023-02-12,2023-02-08,-4 day ahead inc hosp,quantile,0.5,76,COVID-19
DE,05-14,2023-02-12,2023-02-08,-4 day ahead inc hosp,quantile,0.75,78,COVID-19
DE,05-14,2023-02-12,2023-02-08,-4 day ahead inc hosp,quantile,0.9,81,COVID-19
DE,05-14,2023-02-12,2023-02-08,-4 day ahead inc hosp,quantile,0.975,84,COVID-19
DE,05-14,2023-02-12,2023-02-09,-3 day ahead inc hosp,mean,NA,73.441,COVID-19
DE,05-14,2023-02-12,2023-02-09,-3 day ahead inc hosp,quantile,0.025,66,COVID-19
DE,05-14,2023-02-12,2023-02-09,-3 day ahead inc hosp,quantile,0.1,68,COVID-19
DE,05-14,2023-02-12,2023-02-09,-3 day ahead inc hosp,quantile,0.25,70,COVID-19
DE,05-14,2023-02-12,2023-02-09,-3 day ahead inc hosp,quantile,0.5,73,COVID-19
DE,05-14,2023-02-12,2023-02-09,-3 day ahead inc hosp,quantile,0.75,76,COVID-19
DE,05-14,2023-02-12,2023-02-09,-3 day ahead inc hosp,quantile,0.9,79,COVID-19
DE,05-14,2023-02-12,2023-02-09,-3 day ahead inc hosp,quantile,0.975,83,COVID-19
DE,05-14,2023-02-12,2023-02-10,-2 day ahead inc hosp,mean,NA,78.015,COVID-19
DE,05-14,2023-02-12,2023-02-10,-2 day ahead inc hosp,quantile,0.025,69,COVID-19
DE,05-14,2023-02-12,2023-02-10,-2 day ahead inc hosp,quantile,0.1,72,COVID-19
DE,05-14,2023-02-12,2023-02-10,-2 day ahead inc hosp,quantile,0.25,74,COVID-19
DE,05-14,2023-02-12,2023-02-10,-2 day ahead inc hosp,quantile,0.5,78,COVID-19
DE,05-14,2023-02-12,2023-02-10,-2 day ahead inc hosp,quantile,0.75,81,COVID-19
DE,05-14,2023-02-12,2023-02-10,-2 day ahead inc hosp,quantile,0.9,85,COVID-19
DE,05-14,2023-02-12,2023-02-10,-2 day ahead inc hosp,quantile,0.975,89,COVID-19
DE,05-14,2023-02-12,2023-02-11,-1 day ahead inc hosp,mean,NA,77.1,COVID-19
DE,05-14,2023-02-12,2023-02-11,-1 day ahead inc hosp,quantile,0.025,67,COVID-19
DE,05-14,2023-02-12,2023-02-11,-1 day ahead inc hosp,quantile,0.1,69,COVID-19
DE,05-14,2023-02-12,2023-02-11,-1 day ahead inc hosp,quantile,0.25,72,COVID-19
DE,05-14,2023-02-12,2023-02-11,-1 day ahead inc hosp,quantile,0.5,77,COVID-19
DE,05-14,2023-02-12,2023-02-11,-1 day ahead inc hosp,quantile,0.75,81,COVID-19
DE,05-14,2023-02-12,2023-02-11,-1 day ahead inc hosp,quantile,0.9,86,COVID-19
DE,05-14,2023-02-12,2023-02-11,-1 day ahead inc hosp,quantile,0.975,91,COVID-19
DE,05-14,2023-02-12,2023-02-12,0 day ahead inc hosp,mean,NA,78.251,COVID-19
DE,05-14,2023-02-12,2023-02-12,0 day ahead inc hosp,quantile,0.025,67,COVID-19
DE,05-14,2023-02-12,2023-02-12,0 day ahead inc hosp,quantile,0.1,70,COVID-19
DE,05-14,2023-02-12,2023-02-12,0 day ahead inc hosp,quantile,0.25,74,COVID-19
DE,05-14,2023-02-12,2023-02-12,0 day ahead inc hosp,quantile,0.5,78,COVID-19
DE,05-14,2023-02-12,2023-02-12,0 day ahead inc hosp,quantile,0.75,83,COVID-19
DE,05-14,2023-02-12,2023-02-12,0 day ahead inc hosp,quantile,0.9,87,COVID-19
DE,05-14,2023-02-12,2023-02-12,0 day ahead inc hosp,quantile,0.975,93,COVID-19
DE,15-34,2023-02-12,2023-01-15,-28 day ahead inc hosp,mean,NA,371.865,COVID-19
DE,15-34,2023-02-12,2023-01-15,-28 day ahead inc hosp,quantile,0.025,367,COVID-19
DE,15-34,2023-02-12,2023-01-15,-28 day ahead inc hosp,quantile,0.1,368,COVID-19
DE,15-34,2023-02-12,2023-01-15,-28 day ahead inc hosp,quantile,0.25,370,COVID-19
DE,15-34,2023-02-12,2023-01-15,-28 day ahead inc hosp,quantile,0.5,372,COVID-19
DE,15-34,2023-02-12,2023-01-15,-28 day ahead inc hosp,quantile,0.75,374,COVID-19
DE,15-34,2023-02-12,2023-01-15,-28 day ahead inc hosp,quantile,0.9,376,COVID-19
DE,15-34,2023-02-12,2023-01-15,-28 day ahead inc hosp,quantile,0.975,378,COVID-19
DE,15-34,2023-02-12,2023-01-16,-27 day ahead inc hosp,mean,NA,367.9,COVID-19
DE,15-34,2023-02-12,2023-01-16,-27 day ahead inc hosp,quantile,0.025,363,COVID-19
DE,15-34,2023-02-12,2023-01-16,-27 day ahead inc hosp,quantile,0.1,364,COVID-19
DE,15-34,2023-02-12,2023-01-16,-27 day ahead inc hosp,quantile,0.25,366,COVID-19
DE,15-34,2023-02-12,2023-01-16,-27 day ahead inc hosp,quantile,0.5,368,COVID-19
DE,15-34,2023-02-12,2023-01-16,-27 day ahead inc hosp,quantile,0.75,370,COVID-19
DE,15-34,2023-02-12,2023-01-16,-27 day ahead inc hosp,quantile,0.9,372,COVID-19
DE,15-34,2023-02-12,2023-01-16,-27 day ahead inc hosp,quantile,0.975,374,COVID-19
DE,15-34,2023-02-12,2023-01-17,-26 day ahead inc hosp,mean,NA,341.041,COVID-19
DE,15-34,2023-02-12,2023-01-17,-26 day ahead inc hosp,quantile,0.025,336,COVID-19
DE,15-34,2023-02-12,2023-01-17,-26 day ahead inc hosp,quantile,0.1,337,COVID-19
DE,15-34,2023-02-12,2023-01-17,-26 day ahead inc hosp,quantile,0.25,339,COVID-19
DE,15-34,2023-02-12,2023-01-17,-26 day ahead inc hosp,quantile,0.5,341,COVID-19
DE,15-34,2023-02-12,2023-01-17,-26 day ahead inc hosp,quantile,0.75,343,COVID-19
DE,15-34,2023-02-12,2023-01-17,-26 day ahead inc hosp,quantile,0.9,345,COVID-19
DE,15-34,2023-02-12,2023-01-17,-26 day ahead inc hosp,quantile,0.975,347,COVID-19
DE,15-34,2023-02-12,2023-01-18,-25 day ahead inc hosp,mean,NA,309.258,COVID-19
DE,15-34,2023-02-12,2023-01-18,-25 day ahead inc hosp,quantile,0.025,304,COVID-19
DE,15-34,2023-02-12,2023-01-18,-25 day ahead inc hosp,quantile,0.1,306,COVID-19
DE,15-34,2023-02-12,2023-01-18,-25 day ahead inc hosp,quantile,0.25,307,COVID-19
DE,15-34,2023-02-12,2023-01-18,-25 day ahead inc hosp,quantile,0.5,309,COVID-19
DE,15-34,2023-02-12,2023-01-18,-25 day ahead inc hosp,quantile,0.75,311,COVID-19
DE,15-34,2023-02-12,2023-01-18,-25 day ahead inc hosp,quantile,0.9,313,COVID-19
DE,15-34,2023-02-12,2023-01-18,-25 day ahead inc hosp,quantile,0.975,316,COVID-19
DE,15-34,2023-02-12,2023-01-19,-24 day ahead inc hosp,mean,NA,303.53,COVID-19
DE,15-34,2023-02-12,2023-01-19,-24 day ahead inc hosp,quantile,0.025,298,COVID-19
DE,15-34,2023-02-12,2023-01-19,-24 day ahead inc hosp,quantile,0.1,300,COVID-19
DE,15-34,2023-02-12,2023-01-19,-24 day ahead inc hosp,quantile,0.25,301,COVID-19
DE,15-34,2023-02-12,2023-01-19,-24 day ahead inc hosp,quantile,0.5,303,COVID-19
DE,15-34,2023-02-12,2023-01-19,-24 day ahead inc hosp,quantile,0.75,305,COVID-19
DE,15-34,2023-02-12,2023-01-19,-24 day ahead inc hosp,quantile,0.9,307,COVID-19
DE,15-34,2023-02-12,2023-01-19,-24 day ahead inc hosp,quantile,0.975,310,COVID-19
DE,15-34,2023-02-12,2023-01-20,-23 day ahead inc hosp,mean,NA,299.925,COVID-19
DE,15-34,2023-02-12,2023-01-20,-23 day ahead inc hosp,quantile,0.025,295,COVID-19
DE,15-34,2023-02-12,2023-01-20,-23 day ahead inc hosp,quantile,0.1,296,COVID-19
DE,15-34,2023-02-12,2023-01-20,-23 day ahead inc hosp,quantile,0.25,298,COVID-19
DE,15-34,2023-02-12,2023-01-20,-23 day ahead inc hosp,quantile,0.5,300,COVID-19
DE,15-34,2023-02-12,2023-01-20,-23 day ahead inc hosp,quantile,0.75,302,COVID-19
DE,15-34,2023-02-12,2023-01-20,-23 day ahead inc hosp,quantile,0.9,304,COVID-19
DE,15-34,2023-02-12,2023-01-20,-23 day ahead inc hosp,quantile,0.975,307,COVID-19
DE,15-34,2023-02-12,2023-01-21,-22 day ahead inc hosp,mean,NA,304.335,COVID-19
DE,15-34,2023-02-12,2023-01-21,-22 day ahead inc hosp,quantile,0.025,299,COVID-19
DE,15-34,2023-02-12,2023-01-21,-22 day ahead inc hosp,quantile,0.1,300,COVID-19
DE,15-34,2023-02-12,2023-01-21,-22 day ahead inc hosp,quantile,0.25,302,COVID-19
DE,15-34,2023-02-12,2023-01-21,-22 day ahead inc hosp,quantile,0.5,304,COVID-19
DE,15-34,2023-02-12,2023-01-21,-22 day ahead inc hosp,quantile,0.75,306,COVID-19
DE,15-34,2023-02-12,2023-01-21,-22 day ahead inc hosp,quantile,0.9,309,COVID-19
DE,15-34,2023-02-12,2023-01-21,-22 day ahead inc hosp,quantile,0.975,311,COVID-19
DE,15-34,2023-02-12,2023-01-22,-21 day ahead inc hosp,mean,NA,302.51,COVID-19
DE,15-34,2023-02-12,2023-01-22,-21 day ahead inc hosp,quantile,0.025,297,COVID-19
DE,15-34,2023-02-12,2023-01-22,-21 day ahead inc hosp,quantile,0.1,299,COVID-19
DE,15-34,2023-02-12,2023-01-22,-21 day ahead inc hosp,quantile,0.25,300,COVID-19
DE,15-34,2023-02-12,2023-01-22,-21 day ahead inc hosp,quantile,0.5,302,COVID-19
DE,15-34,2023-02-12,2023-01-22,-21 day ahead inc hosp,quantile,0.75,304,COVID-19
DE,15-34,2023-02-12,2023-01-22,-21 day ahead inc hosp,quantile,0.9,307,COVID-19
DE,15-34,2023-02-12,2023-01-22,-21 day ahead inc hosp,quantile,0.975,310,COVID-19
DE,15-34,2023-02-12,2023-01-23,-20 day ahead inc hosp,mean,NA,308.659,COVID-19
DE,15-34,2023-02-12,2023-01-23,-20 day ahead inc hosp,quantile,0.025,303,COVID-19
DE,15-34,2023-02-12,2023-01-23,-20 day ahead inc hosp,quantile,0.1,305,COVID-19
DE,15-34,2023-02-12,2023-01-23,-20 day ahead inc hosp,quantile,0.25,306,COVID-19
DE,15-34,2023-02-12,2023-01-23,-20 day ahead inc hosp,quantile,0.5,308,COVID-19
DE,15-34,2023-02-12,2023-01-23,-20 day ahead inc hosp,quantile,0.75,311,COVID-19
DE,15-34,2023-02-12,2023-01-23,-20 day ahead inc hosp,quantile,0.9,313,COVID-19
DE,15-34,2023-02-12,2023-01-23,-20 day ahead inc hosp,quantile,0.975,316,COVID-19
DE,15-34,2023-02-12,2023-01-24,-19 day ahead inc hosp,mean,NA,307.567,COVID-19
DE,15-34,2023-02-12,2023-01-24,-19 day ahead inc hosp,quantile,0.025,302,COVID-19
DE,15-34,2023-02-12,2023-01-24,-19 day ahead inc hosp,quantile,0.1,303,COVID-19
DE,15-34,2023-02-12,2023-01-24,-19 day ahead inc hosp,quantile,0.25,305,COVID-19
DE,15-34,2023-02-12,2023-01-24,-19 day ahead inc hosp,quantile,0.5,307,COVID-19
DE,15-34,2023-02-12,2023-01-24,-19 day ahead inc hosp,quantile,0.75,310,COVID-19
DE,15-34,2023-02-12,2023-01-24,-19 day ahead inc hosp,quantile,0.9,312,COVID-19
DE,15-34,2023-02-12,2023-01-24,-19 day ahead inc hosp,quantile,0.975,315,COVID-19
DE,15-34,2023-02-12,2023-01-25,-18 day ahead inc hosp,mean,NA,318.486,COVID-19
DE,15-34,2023-02-12,2023-01-25,-18 day ahead inc hosp,quantile,0.025,312,COVID-19
DE,15-34,2023-02-12,2023-01-25,-18 day ahead inc hosp,quantile,0.1,314,COVID-19
DE,15-34,2023-02-12,2023-01-25,-18 day ahead inc hosp,quantile,0.25,316,COVID-19
DE,15-34,2023-02-12,2023-01-25,-18 day ahead inc hosp,quantile,0.5,318,COVID-19
DE,15-34,2023-02-12,2023-01-25,-18 day ahead inc hosp,quantile,0.75,321,COVID-19
DE,15-34,2023-02-12,2023-01-25,-18 day ahead inc hosp,quantile,0.9,323,COVID-19
DE,15-34,2023-02-12,2023-01-25,-18 day ahead inc hosp,quantile,0.975,326,COVID-19
DE,15-34,2023-02-12,2023-01-26,-17 day ahead inc hosp,mean,NA,324.816,COVID-19
DE,15-34,2023-02-12,2023-01-26,-17 day ahead inc hosp,quantile,0.025,318,COVID-19
DE,15-34,2023-02-12,2023-01-26,-17 day ahead inc hosp,quantile,0.1,320,COVID-19
DE,15-34,2023-02-12,2023-01-26,-17 day ahead inc hosp,quantile,0.25,322,COVID-19
DE,15-34,2023-02-12,2023-01-26,-17 day ahead inc hosp,quantile,0.5,324,COVID-19
DE,15-34,2023-02-12,2023-01-26,-17 day ahead inc hosp,quantile,0.75,327,COVID-19
DE,15-34,2023-02-12,2023-01-26,-17 day ahead inc hosp,quantile,0.9,330,COVID-19
DE,15-34,2023-02-12,2023-01-26,-17 day ahead inc hosp,quantile,0.975,333,COVID-19
DE,15-34,2023-02-12,2023-01-27,-16 day ahead inc hosp,mean,NA,361.373,COVID-19
DE,15-34,2023-02-12,2023-01-27,-16 day ahead inc hosp,quantile,0.025,354,COVID-19
DE,15-34,2023-02-12,2023-01-27,-16 day ahead inc hosp,quantile,0.1,356,COVID-19
DE,15-34,2023-02-12,2023-01-27,-16 day ahead inc hosp,quantile,0.25,358,COVID-19
DE,15-34,2023-02-12,2023-01-27,-16 day ahead inc hosp,quantile,0.5,361,COVID-19
DE,15-34,2023-02-12,2023-01-27,-16 day ahead inc hosp,quantile,0.75,364,COVID-19
DE,15-34,2023-02-12,2023-01-27,-16 day ahead inc hosp,quantile,0.9,367,COVID-19
DE,15-34,2023-02-12,2023-01-27,-16 day ahead inc hosp,quantile,0.975,370,COVID-19
DE,15-34,2023-02-12,2023-01-28,-15 day ahead inc hosp,mean,NA,362.479,COVID-19
DE,15-34,2023-02-12,2023-01-28,-15 day ahead inc hosp,quantile,0.025,355,COVID-19
DE,15-34,2023-02-12,2023-01-28,-15 day ahead inc hosp,quantile,0.1,357,COVID-19
DE,15-34,2023-02-12,2023-01-28,-15 day ahead inc hosp,quantile,0.25,359,COVID-19
DE,15-34,2023-02-12,2023-01-28,-15 day ahead inc hosp,quantile,0.5,362,COVID-19
DE,15-34,2023-02-12,2023-01-28,-15 day ahead inc hosp,quantile,0.75,365,COVID-19
DE,15-34,2023-02-12,2023-01-28,-15 day ahead inc hosp,quantile,0.9,368,COVID-19
DE,15-34,2023-02-12,2023-01-28,-15 day ahead inc hosp,quantile,0.975,372,COVID-19
DE,15-34,2023-02-12,2023-01-29,-14 day ahead inc hosp,mean,NA,366.128,COVID-19
DE,15-34,2023-02-12,2023-01-29,-14 day ahead inc hosp,quantile,0.025,358,COVID-19
DE,15-34,2023-02-12,2023-01-29,-14 day ahead inc hosp,quantile,0.1,361,COVID-19
DE,15-34,2023-02-12,2023-01-29,-14 day ahead inc hosp,quantile,0.25,363,COVID-19
DE,15-34,2023-02-12,2023-01-29,-14 day ahead inc hosp,quantile,0.5,366,COVID-19
DE,15-34,2023-02-12,2023-01-29,-14 day ahead inc hosp,quantile,0.75,369,COVID-19
DE,15-34,2023-02-12,2023-01-29,-14 day ahead inc hosp,quantile,0.9,372,COVID-19
DE,15-34,2023-02-12,2023-01-29,-14 day ahead inc hosp,quantile,0.975,376,COVID-19
DE,15-34,2023-02-12,2023-01-30,-13 day ahead inc hosp,mean,NA,366.649,COVID-19
DE,15-34,2023-02-12,2023-01-30,-13 day ahead inc hosp,quantile,0.025,359,COVID-19
DE,15-34,2023-02-12,2023-01-30,-13 day ahead inc hosp,quantile,0.1,361,COVID-19
DE,15-34,2023-02-12,2023-01-30,-13 day ahead inc hosp,quantile,0.25,363,COVID-19
DE,15-34,2023-02-12,2023-01-30,-13 day ahead inc hosp,quantile,0.5,367,COVID-19
DE,15-34,2023-02-12,2023-01-30,-13 day ahead inc hosp,quantile,0.75,370,COVID-19
DE,15-34,2023-02-12,2023-01-30,-13 day ahead inc hosp,quantile,0.9,373,COVID-19
DE,15-34,2023-02-12,2023-01-30,-13 day ahead inc hosp,quantile,0.975,376,COVID-19
DE,15-34,2023-02-12,2023-01-31,-12 day ahead inc hosp,mean,NA,392.294,COVID-19
DE,15-34,2023-02-12,2023-01-31,-12 day ahead inc hosp,quantile,0.025,383,COVID-19
DE,15-34,2023-02-12,2023-01-31,-12 day ahead inc hosp,quantile,0.1,386,COVID-19
DE,15-34,2023-02-12,2023-01-31,-12 day ahead inc hosp,quantile,0.25,389,COVID-19
DE,15-34,2023-02-12,2023-01-31,-12 day ahead inc hosp,quantile,0.5,392,COVID-19
DE,15-34,2023-02-12,2023-01-31,-12 day ahead inc hosp,quantile,0.75,396,COVID-19
DE,15-34,2023-02-12,2023-01-31,-12 day ahead inc hosp,quantile,0.9,399,COVID-19
DE,15-34,2023-02-12,2023-01-31,-12 day ahead inc hosp,quantile,0.975,404,COVID-19
DE,15-34,2023-02-12,2023-02-01,-11 day ahead inc hosp,mean,NA,417.876,COVID-19
DE,15-34,2023-02-12,2023-02-01,-11 day ahead inc hosp,quantile,0.025,408,COVID-19
DE,15-34,2023-02-12,2023-02-01,-11 day ahead inc hosp,quantile,0.1,411,COVID-19
DE,15-34,2023-02-12,2023-02-01,-11 day ahead inc hosp,quantile,0.25,414,COVID-19
DE,15-34,2023-02-12,2023-02-01,-11 day ahead inc hosp,quantile,0.5,417,COVID-19
DE,15-34,2023-02-12,2023-02-01,-11 day ahead inc hosp,quantile,0.75,422,COVID-19
DE,15-34,2023-02-12,2023-02-01,-11 day ahead inc hosp,quantile,0.9,426,COVID-19
DE,15-34,2023-02-12,2023-02-01,-11 day ahead inc hosp,quantile,0.975,430,COVID-19
DE,15-34,2023-02-12,2023-02-02,-10 day ahead inc hosp,mean,NA,438.15,COVID-19
DE,15-34,2023-02-12,2023-02-02,-10 day ahead inc hosp,quantile,0.025,427,COVID-19
DE,15-34,2023-02-12,2023-02-02,-10 day ahead inc hosp,quantile,0.1,430,COVID-19
DE,15-34,2023-02-12,2023-02-02,-10 day ahead inc hosp,quantile,0.25,434,COVID-19
DE,15-34,2023-02-12,2023-02-02,-10 day ahead inc hosp,quantile,0.5,438,COVID-19
DE,15-34,2023-02-12,2023-02-02,-10 day ahead inc hosp,quantile,0.75,442,COVID-19
DE,15-34,2023-02-12,2023-02-02,-10 day ahead inc hosp,quantile,0.9,446,COVID-19
DE,15-34,2023-02-12,2023-02-02,-10 day ahead inc hosp,quantile,0.975,452,COVID-19
DE,15-34,2023-02-12,2023-02-03,-9 day ahead inc hosp,mean,NA,430.561,COVID-19
DE,15-34,2023-02-12,2023-02-03,-9 day ahead inc hosp,quantile,0.025,418,COVID-19
DE,15-34,2023-02-12,2023-02-03,-9 day ahead inc hosp,quantile,0.1,422,COVID-19
DE,15-34,2023-02-12,2023-02-03,-9 day ahead inc hosp,quantile,0.25,425,COVID-19
DE,15-34,2023-02-12,2023-02-03,-9 day ahead inc hosp,quantile,0.5,430,COVID-19
DE,15-34,2023-02-12,2023-02-03,-9 day ahead inc hosp,quantile,0.75,435,COVID-19
DE,15-34,2023-02-12,2023-02-03,-9 day ahead inc hosp,quantile,0.9,440,COVID-19
DE,15-34,2023-02-12,2023-02-03,-9 day ahead inc hosp,quantile,0.975,446,COVID-19
DE,15-34,2023-02-12,2023-02-04,-8 day ahead inc hosp,mean,NA,465.695,COVID-19
DE,15-34,2023-02-12,2023-02-04,-8 day ahead inc hosp,quantile,0.025,451,COVID-19
DE,15-34,2023-02-12,2023-02-04,-8 day ahead inc hosp,quantile,0.1,455,COVID-19
DE,15-34,2023-02-12,2023-02-04,-8 day ahead inc hosp,quantile,0.25,460,COVID-19
DE,15-34,2023-02-12,2023-02-04,-8 day ahead inc hosp,quantile,0.5,465,COVID-19
DE,15-34,2023-02-12,2023-02-04,-8 day ahead inc hosp,quantile,0.75,471,COVID-19
DE,15-34,2023-02-12,2023-02-04,-8 day ahead inc hosp,quantile,0.9,476,COVID-19
DE,15-34,2023-02-12,2023-02-04,-8 day ahead inc hosp,quantile,0.975,482,COVID-19
DE,15-34,2023-02-12,2023-02-05,-7 day ahead inc hosp,mean,NA,468.846,COVID-19
DE,15-34,2023-02-12,2023-02-05,-7 day ahead inc hosp,quantile,0.025,454,COVID-19
DE,15-34,2023-02-12,2023-02-05,-7 day ahead inc hosp,quantile,0.1,459,COVID-19
DE,15-34,2023-02-12,2023-02-05,-7 day ahead inc hosp,quantile,0.25,463,COVID-19
DE,15-34,2023-02-12,2023-02-05,-7 day ahead inc hosp,quantile,0.5,468,COVID-19
DE,15-34,2023-02-12,2023-02-05,-7 day ahead inc hosp,quantile,0.75,474,COVID-19
DE,15-34,2023-02-12,2023-02-05,-7 day ahead inc hosp,quantile,0.9,480,COVID-19
DE,15-34,2023-02-12,2023-02-05,-7 day ahead inc hosp,quantile,0.975,486,COVID-19
DE,15-34,2023-02-12,2023-02-06,-6 day ahead inc hosp,mean,NA,469.604,COVID-19
DE,15-34,2023-02-12,2023-02-06,-6 day ahead inc hosp,quantile,0.025,454,COVID-19
DE,15-34,2023-02-12,2023-02-06,-6 day ahead inc hosp,quantile,0.1,459,COVID-19
DE,15-34,2023-02-12,2023-02-06,-6 day ahead inc hosp,quantile,0.25,464,COVID-19
DE,15-34,2023-02-12,2023-02-06,-6 day ahead inc hosp,quantile,0.5,469,COVID-19
DE,15-34,2023-02-12,2023-02-06,-6 day ahead inc hosp,quantile,0.75,475,COVID-19
DE,15-34,2023-02-12,2023-02-06,-6 day ahead inc hosp,quantile,0.9,481,COVID-19
DE,15-34,2023-02-12,2023-02-06,-6 day ahead inc hosp,quantile,0.975,487,COVID-19
DE,15-34,2023-02-12,2023-02-07,-5 day ahead inc hosp,mean,NA,474.231,COVID-19
DE,15-34,2023-02-12,2023-02-07,-5 day ahead inc hosp,quantile,0.025,456,COVID-19
DE,15-34,2023-02-12,2023-02-07,-5 day ahead inc hosp,quantile,0.1,462,COVID-19
DE,15-34,2023-02-12,2023-02-07,-5 day ahead inc hosp,quantile,0.25,467,COVID-19
DE,15-34,2023-02-12,2023-02-07,-5 day ahead inc hosp,quantile,0.5,474,COVID-19
DE,15-34,2023-02-12,2023-02-07,-5 day ahead inc hosp,quantile,0.75,481,COVID-19
DE,15-34,2023-02-12,2023-02-07,-5 day ahead inc hosp,quantile,0.9,487,COVID-19
DE,15-34,2023-02-12,2023-02-07,-5 day ahead inc hosp,quantile,0.975,497,COVID-19
DE,15-34,2023-02-12,2023-02-08,-4 day ahead inc hosp,mean,NA,458.28,COVID-19
DE,15-34,2023-02-12,2023-02-08,-4 day ahead inc hosp,quantile,0.025,437,COVID-19
DE,15-34,2023-02-12,2023-02-08,-4 day ahead inc hosp,quantile,0.1,444,COVID-19
DE,15-34,2023-02-12,2023-02-08,-4 day ahead inc hosp,quantile,0.25,450,COVID-19
DE,15-34,2023-02-12,2023-02-08,-4 day ahead inc hosp,quantile,0.5,458,COVID-19
DE,15-34,2023-02-12,2023-02-08,-4 day ahead inc hosp,quantile,0.75,465,COVID-19
DE,15-34,2023-02-12,2023-02-08,-4 day ahead inc hosp,quantile,0.9,474,COVID-19
DE,15-34,2023-02-12,2023-02-08,-4 day ahead inc hosp,quantile,0.975,484,COVID-19
DE,15-34,2023-02-12,2023-02-09,-3 day ahead inc hosp,mean,NA,466.453,COVID-19
DE,15-34,2023-02-12,2023-02-09,-3 day ahead inc hosp,quantile,0.025,441,COVID-19
DE,15-34,2023-02-12,2023-02-09,-3 day ahead inc hosp,quantile,0.1,449,COVID-19
DE,15-34,2023-02-12,2023-02-09,-3 day ahead inc hosp,quantile,0.25,457,COVID-19
DE,15-34,2023-02-12,2023-02-09,-3 day ahead inc hosp,quantile,0.5,466,COVID-19
DE,15-34,2023-02-12,2023-02-09,-3 day ahead inc hosp,quantile,0.75,476,COVID-19
DE,15-34,2023-02-12,2023-02-09,-3 day ahead inc hosp,quantile,0.9,485,COVID-19
DE,15-34,2023-02-12,2023-02-09,-3 day ahead inc hosp,quantile,0.975,494,COVID-19
DE,15-34,2023-02-12,2023-02-10,-2 day ahead inc hosp,mean,NA,477.921,COVID-19
DE,15-34,2023-02-12,2023-02-10,-2 day ahead inc hosp,quantile,0.025,448,COVID-19
DE,15-34,2023-02-12,2023-02-10,-2 day ahead inc hosp,quantile,0.1,456,COVID-19
DE,15-34,2023-02-12,2023-02-10,-2 day ahead inc hosp,quantile,0.25,465,COVID-19
DE,15-34,2023-02-12,2023-02-10,-2 day ahead inc hosp,quantile,0.5,476,COVID-19
DE,15-34,2023-02-12,2023-02-10,-2 day ahead inc hosp,quantile,0.75,490,COVID-19
DE,15-34,2023-02-12,2023-02-10,-2 day ahead inc hosp,quantile,0.9,502,COVID-19
DE,15-34,2023-02-12,2023-02-10,-2 day ahead inc hosp,quantile,0.975,513,COVID-19
DE,15-34,2023-02-12,2023-02-11,-1 day ahead inc hosp,mean,NA,461.398,COVID-19
DE,15-34,2023-02-12,2023-02-11,-1 day ahead inc hosp,quantile,0.025,422,COVID-19
DE,15-34,2023-02-12,2023-02-11,-1 day ahead inc hosp,quantile,0.1,433,COVID-19
DE,15-34,2023-02-12,2023-02-11,-1 day ahead inc hosp,quantile,0.25,446,COVID-19
DE,15-34,2023-02-12,2023-02-11,-1 day ahead inc hosp,quantile,0.5,460,COVID-19
DE,15-34,2023-02-12,2023-02-11,-1 day ahead inc hosp,quantile,0.75,476,COVID-19
DE,15-34,2023-02-12,2023-02-11,-1 day ahead inc hosp,quantile,0.9,491,COVID-19
DE,15-34,2023-02-12,2023-02-11,-1 day ahead inc hosp,quantile,0.975,508,COVID-19
DE,15-34,2023-02-12,2023-02-12,0 day ahead inc hosp,mean,NA,462.275,COVID-19
DE,15-34,2023-02-12,2023-02-12,0 day ahead inc hosp,quantile,0.025,420,COVID-19
DE,15-34,2023-02-12,2023-02-12,0 day ahead inc hosp,quantile,0.1,432,COVID-19
DE,15-34,2023-02-12,2023-02-12,0 day ahead inc hosp,quantile,0.25,445,COVID-19
DE,15-34,2023-02-12,2023-02-12,0 day ahead inc hosp,quantile,0.5,461,COVID-19
DE,15-34,2023-02-12,2023-02-12,0 day ahead inc hosp,quantile,0.75,478,COVID-19
DE,15-34,2023-02-12,2023-02-12,0 day ahead inc hosp,quantile,0.9,495,COVID-19
DE,15-34,2023-02-12,2023-02-12,0 day ahead inc hosp,quantile,0.975,513,COVID-19
DE,35-59,2023-02-12,2023-01-15,-28 day ahead inc hosp,mean,NA,863.487,COVID-19
DE,35-59,2023-02-12,2023-01-15,-28 day ahead inc hosp,quantile,0.025,855,COVID-19
DE,35-59,2023-02-12,2023-01-15,-28 day ahead inc hosp,quantile,0.1,858,COVID-19
DE,35-59,2023-02-12,2023-01-15,-28 day ahead inc hosp,quantile,0.25,860,COVID-19
DE,35-59,2023-02-12,2023-01-15,-28 day ahead inc hosp,quantile,0.5,863,COVID-19
DE,35-59,2023-02-12,2023-01-15,-28 day ahead inc hosp,quantile,0.75,867,COVID-19
DE,35-59,2023-02-12,2023-01-15,-28 day ahead inc hosp,quantile,0.9,870,COVID-19
DE,35-59,2023-02-12,2023-01-15,-28 day ahead inc hosp,quantile,0.975,873,COVID-19
DE,35-59,2023-02-12,2023-01-16,-27 day ahead inc hosp,mean,NA,855.528,COVID-19
DE,35-59,2023-02-12,2023-01-16,-27 day ahead inc hosp,quantile,0.025,846,COVID-19
DE,35-59,2023-02-12,2023-01-16,-27 day ahead inc hosp,quantile,0.1,850,COVID-19
DE,35-59,2023-02-12,2023-01-16,-27 day ahead inc hosp,quantile,0.25,852,COVID-19
DE,35-59,2023-02-12,2023-01-16,-27 day ahead inc hosp,quantile,0.5,855,COVID-19
DE,35-59,2023-02-12,2023-01-16,-27 day ahead inc hosp,quantile,0.75,859,COVID-19
DE,35-59,2023-02-12,2023-01-16,-27 day ahead inc hosp,quantile,0.9,862,COVID-19
DE,35-59,2023-02-12,2023-01-16,-27 day ahead inc hosp,quantile,0.975,865,COVID-19
DE,35-59,2023-02-12,2023-01-17,-26 day ahead inc hosp,mean,NA,757.259,COVID-19
DE,35-59,2023-02-12,2023-01-17,-26 day ahead inc hosp,quantile,0.025,748,COVID-19
DE,35-59,2023-02-12,2023-01-17,-26 day ahead inc hosp,quantile,0.1,751,COVID-19
DE,35-59,2023-02-12,2023-01-17,-26 day ahead inc hosp,quantile,0.25,754,COVID-19
DE,35-59,2023-02-12,2023-01-17,-26 day ahead inc hosp,quantile,0.5,757,COVID-19
DE,35-59,2023-02-12,2023-01-17,-26 day ahead inc hosp,quantile,0.75,761,COVID-19
DE,35-59,2023-02-12,2023-01-17,-26 day ahead inc hosp,quantile,0.9,764,COVID-19
DE,35-59,2023-02-12,2023-01-17,-26 day ahead inc hosp,quantile,0.975,767,COVID-19
DE,35-59,2023-02-12,2023-01-18,-25 day ahead inc hosp,mean,NA,704.45,COVID-19
DE,35-59,2023-02-12,2023-01-18,-25 day ahead inc hosp,quantile,0.025,696,COVID-19
DE,35-59,2023-02-12,2023-01-18,-25 day ahead inc hosp,quantile,0.1,698,COVID-19
DE,35-59,2023-02-12,2023-01-18,-25 day ahead inc hosp,quantile,0.25,701,COVID-19
DE,35-59,2023-02-12,2023-01-18,-25 day ahead inc hosp,quantile,0.5,704,COVID-19
DE,35-59,2023-02-12,2023-01-18,-25 day ahead inc hosp,quantile,0.75,708,COVID-19
DE,35-59,2023-02-12,2023-01-18,-25 day ahead inc hosp,quantile,0.9,711,COVID-19
DE,35-59,2023-02-12,2023-01-18,-25 day ahead inc hosp,quantile,0.975,714,COVID-19
DE,35-59,2023-02-12,2023-01-19,-24 day ahead inc hosp,mean,NA,693.842,COVID-19
DE,35-59,2023-02-12,2023-01-19,-24 day ahead inc hosp,quantile,0.025,685,COVID-19
DE,35-59,2023-02-12,2023-01-19,-24 day ahead inc hosp,quantile,0.1,687,COVID-19
DE,35-59,2023-02-12,2023-01-19,-24 day ahead inc hosp,quantile,0.25,691,COVID-19
DE,35-59,2023-02-12,2023-01-19,-24 day ahead inc hosp,quantile,0.5,694,COVID-19
DE,35-59,2023-02-12,2023-01-19,-24 day ahead inc hosp,quantile,0.75,697,COVID-19
DE,35-59,2023-02-12,2023-01-19,-24 day ahead inc hosp,quantile,0.9,700,COVID-19
DE,35-59,2023-02-12,2023-01-19,-24 day ahead inc hosp,quantile,0.975,704,COVID-19
DE,35-59,2023-02-12,2023-01-20,-23 day ahead inc hosp,mean,NA,691.439,COVID-19
DE,35-59,2023-02-12,2023-01-20,-23 day ahead inc hosp,quantile,0.025,682,COVID-19
DE,35-59,2023-02-12,2023-01-20,-23 day ahead inc hosp,quantile,0.1,685,COVID-19
DE,35-59,2023-02-12,2023-01-20,-23 day ahead inc hosp,quantile,0.25,688,COVID-19
DE,35-59,2023-02-12,2023-01-20,-23 day ahead inc hosp,quantile,0.5,691,COVID-19
DE,35-59,2023-02-12,2023-01-20,-23 day ahead inc hosp,quantile,0.75,695,COVID-19
DE,35-59,2023-02-12,2023-01-20,-23 day ahead inc hosp,quantile,0.9,698,COVID-19
DE,35-59,2023-02-12,2023-01-20,-23 day ahead inc hosp,quantile,0.975,701,COVID-19
DE,35-59,2023-02-12,2023-01-21,-22 day ahead inc hosp,mean,NA,661.346,COVID-19
DE,35-59,2023-02-12,2023-01-21,-22 day ahead inc hosp,quantile,0.025,651,COVID-19
DE,35-59,2023-02-12,2023-01-21,-22 day ahead inc hosp,quantile,0.1,655,COVID-19
DE,35-59,2023-02-12,2023-01-21,-22 day ahead inc hosp,quantile,0.25,658,COVID-19
DE,35-59,2023-02-12,2023-01-21,-22 day ahead inc hosp,quantile,0.5,661,COVID-19
DE,35-59,2023-02-12,2023-01-21,-22 day ahead inc hosp,quantile,0.75,665,COVID-19
DE,35-59,2023-02-12,2023-01-21,-22 day ahead inc hosp,quantile,0.9,668,COVID-19
DE,35-59,2023-02-12,2023-01-21,-22 day ahead inc hosp,quantile,0.975,672,COVID-19
DE,35-59,2023-02-12,2023-01-22,-21 day ahead inc hosp,mean,NA,650.715,COVID-19
DE,35-59,2023-02-12,2023-01-22,-21 day ahead inc hosp,quantile,0.025,641,COVID-19
DE,35-59,2023-02-12,2023-01-22,-21 day ahead inc hosp,quantile,0.1,644,COVID-19
DE,35-59,2023-02-12,2023-01-22,-21 day ahead inc hosp,quantile,0.25,647,COVID-19
DE,35-59,2023-02-12,2023-01-22,-21 day ahead inc hosp,quantile,0.5,651,COVID-19
DE,35-59,2023-02-12,2023-01-22,-21 day ahead inc hosp,quantile,0.75,654,COVID-19
DE,35-59,2023-02-12,2023-01-22,-21 day ahead inc hosp,quantile,0.9,657,COVID-19
DE,35-59,2023-02-12,2023-01-22,-21 day ahead inc hosp,quantile,0.975,661,COVID-19
DE,35-59,2023-02-12,2023-01-23,-20 day ahead inc hosp,mean,NA,651.029,COVID-19
DE,35-59,2023-02-12,2023-01-23,-20 day ahead inc hosp,quantile,0.025,641,COVID-19
DE,35-59,2023-02-12,2023-01-23,-20 day ahead inc hosp,quantile,0.1,644,COVID-19
DE,35-59,2023-02-12,2023-01-23,-20 day ahead inc hosp,quantile,0.25,648,COVID-19
DE,35-59,2023-02-12,2023-01-23,-20 day ahead inc hosp,quantile,0.5,651,COVID-19
DE,35-59,2023-02-12,2023-01-23,-20 day ahead inc hosp,quantile,0.75,654,COVID-19
DE,35-59,2023-02-12,2023-01-23,-20 day ahead inc hosp,quantile,0.9,658,COVID-19
DE,35-59,2023-02-12,2023-01-23,-20 day ahead inc hosp,quantile,0.975,662,COVID-19
DE,35-59,2023-02-12,2023-01-24,-19 day ahead inc hosp,mean,NA,639.959,COVID-19
DE,35-59,2023-02-12,2023-01-24,-19 day ahead inc hosp,quantile,0.025,630,COVID-19
DE,35-59,2023-02-12,2023-01-24,-19 day ahead inc hosp,quantile,0.1,633,COVID-19
DE,35-59,2023-02-12,2023-01-24,-19 day ahead inc hosp,quantile,0.25,636,COVID-19
DE,35-59,2023-02-12,2023-01-24,-19 day ahead inc hosp,quantile,0.5,640,COVID-19
DE,35-59,2023-02-12,2023-01-24,-19 day ahead inc hosp,quantile,0.75,643,COVID-19
DE,35-59,2023-02-12,2023-01-24,-19 day ahead inc hosp,quantile,0.9,647,COVID-19
DE,35-59,2023-02-12,2023-01-24,-19 day ahead inc hosp,quantile,0.975,651,COVID-19
DE,35-59,2023-02-12,2023-01-25,-18 day ahead inc hosp,mean,NA,652.063,COVID-19
DE,35-59,2023-02-12,2023-01-25,-18 day ahead inc hosp,quantile,0.025,642,COVID-19
DE,35-59,2023-02-12,2023-01-25,-18 day ahead inc hosp,quantile,0.1,645,COVID-19
DE,35-59,2023-02-12,2023-01-25,-18 day ahead inc hosp,quantile,0.25,648,COVID-19
DE,35-59,2023-02-12,2023-01-25,-18 day ahead inc hosp,quantile,0.5,652,COVID-19
DE,35-59,2023-02-12,2023-01-25,-18 day ahead inc hosp,quantile,0.75,656,COVID-19
DE,35-59,2023-02-12,2023-01-25,-18 day ahead inc hosp,quantile,0.9,659,COVID-19
DE,35-59,2023-02-12,2023-01-25,-18 day ahead inc hosp,quantile,0.975,664,COVID-19
DE,35-59,2023-02-12,2023-01-26,-17 day ahead inc hosp,mean,NA,636.612,COVID-19
DE,35-59,2023-02-12,2023-01-26,-17 day ahead inc hosp,quantile,0.025,626,COVID-19
DE,35-59,2023-02-12,2023-01-26,-17 day ahead inc hosp,quantile,0.1,630,COVID-19
DE,35-59,2023-02-12,2023-01-26,-17 day ahead inc hosp,quantile,0.25,633,COVID-19
DE,35-59,2023-02-12,2023-01-26,-17 day ahead inc hosp,quantile,0.5,636,COVID-19
DE,35-59,2023-02-12,2023-01-26,-17 day ahead inc hosp,quantile,0.75,640,COVID-19
DE,35-59,2023-02-12,2023-01-26,-17 day ahead inc hosp,quantile,0.9,644,COVID-19
DE,35-59,2023-02-12,2023-01-26,-17 day ahead inc hosp,quantile,0.975,648,COVID-19
DE,35-59,2023-02-12,2023-01-27,-16 day ahead inc hosp,mean,NA,669.913,COVID-19
DE,35-59,2023-02-12,2023-01-27,-16 day ahead inc hosp,quantile,0.025,658,COVID-19
DE,35-59,2023-02-12,2023-01-27,-16 day ahead inc hosp,quantile,0.1,662,COVID-19
DE,35-59,2023-02-12,2023-01-27,-16 day ahead inc hosp,quantile,0.25,666,COVID-19
DE,35-59,2023-02-12,2023-01-27,-16 day ahead inc hosp,quantile,0.5,669,COVID-19
DE,35-59,2023-02-12,2023-01-27,-16 day ahead inc hosp,quantile,0.75,674,COVID-19
DE,35-59,2023-02-12,2023-01-27,-16 day ahead inc hosp,quantile,0.9,678,COVID-19
DE,35-59,2023-02-12,2023-01-27,-16 day ahead inc hosp,quantile,0.975,683,COVID-19
DE,35-59,2023-02-12,2023-01-28,-15 day ahead inc hosp,mean,NA,703.833,COVID-19
DE,35-59,2023-02-12,2023-01-28,-15 day ahead inc hosp,quantile,0.025,692,COVID-19
DE,35-59,2023-02-12,2023-01-28,-15 day ahead inc hosp,quantile,0.1,696,COVID-19
DE,35-59,2023-02-12,2023-01-28,-15 day ahead inc hosp,quantile,0.25,699,COVID-19
DE,35-59,2023-02-12,2023-01-28,-15 day ahead inc hosp,quantile,0.5,704,COVID-19
DE,35-59,2023-02-12,2023-01-28,-15 day ahead inc hosp,quantile,0.75,708,COVID-19
DE,35-59,2023-02-12,2023-01-28,-15 day ahead inc hosp,quantile,0.9,713,COVID-19
DE,35-59,2023-02-12,2023-01-28,-15 day ahead inc hosp,quantile,0.975,718,COVID-19
DE,35-59,2023-02-12,2023-01-29,-14 day ahead inc hosp,mean,NA,716.109,COVID-19
DE,35-59,2023-02-12,2023-01-29,-14 day ahead inc hosp,quantile,0.025,704,COVID-19
DE,35-59,2023-02-12,2023-01-29,-14 day ahead inc hosp,quantile,0.1,708,COVID-19
DE,35-59,2023-02-12,2023-01-29,-14 day ahead inc hosp,quantile,0.25,711,COVID-19
DE,35-59,2023-02-12,2023-01-29,-14 day ahead inc hosp,quantile,0.5,716,COVID-19
DE,35-59,2023-02-12,2023-01-29,-14 day ahead inc hosp,quantile,0.75,720,COVID-19
DE,35-59,2023-02-12,2023-01-29,-14 day ahead inc hosp,quantile,0.9,725,COVID-19
DE,35-59,2023-02-12,2023-01-29,-14 day ahead inc hosp,quantile,0.975,730,COVID-19
DE,35-59,2023-02-12,2023-01-30,-13 day ahead inc hosp,mean,NA,722.373,COVID-19
DE,35-59,2023-02-12,2023-01-30,-13 day ahead inc hosp,quantile,0.025,710,COVID-19
DE,35-59,2023-02-12,2023-01-30,-13 day ahead inc hosp,quantile,0.1,714,COVID-19
DE,35-59,2023-02-12,2023-01-30,-13 day ahead inc hosp,quantile,0.25,717,COVID-19
DE,35-59,2023-02-12,2023-01-30,-13 day ahead inc hosp,quantile,0.5,722,COVID-19
DE,35-59,2023-02-12,2023-01-30,-13 day ahead inc hosp,quantile,0.75,727,COVID-19
DE,35-59,2023-02-12,2023-01-30,-13 day ahead inc hosp,quantile,0.9,732,COVID-19
DE,35-59,2023-02-12,2023-01-30,-13 day ahead inc hosp,quantile,0.975,737,COVID-19
DE,35-59,2023-02-12,2023-01-31,-12 day ahead inc hosp,mean,NA,773.805,COVID-19
DE,35-59,2023-02-12,2023-01-31,-12 day ahead inc hosp,quantile,0.025,758,COVID-19
DE,35-59,2023-02-12,2023-01-31,-12 day ahead inc hosp,quantile,0.1,764,COVID-19
DE,35-59,2023-02-12,2023-01-31,-12 day ahead inc hosp,quantile,0.25,768,COVID-19
DE,35-59,2023-02-12,2023-01-31,-12 day ahead inc hosp,quantile,0.5,773,COVID-19
DE,35-59,2023-02-12,2023-01-31,-12 day ahead inc hosp,quantile,0.75,779,COVID-19
DE,35-59,2023-02-12,2023-01-31,-12 day ahead inc hosp,quantile,0.9,785,COVID-19
DE,35-59,2023-02-12,2023-01-31,-12 day ahead inc hosp,quantile,0.975,790,COVID-19
DE,35-59,2023-02-12,2023-02-01,-11 day ahead inc hosp,mean,NA,815.714,COVID-19
DE,35-59,2023-02-12,2023-02-01,-11 day ahead inc hosp,quantile,0.025,799,COVID-19
DE,35-59,2023-02-12,2023-02-01,-11 day ahead inc hosp,quantile,0.1,805,COVID-19
DE,35-59,2023-02-12,2023-02-01,-11 day ahead inc hosp,quantile,0.25,810,COVID-19
DE,35-59,2023-02-12,2023-02-01,-11 day ahead inc hosp,quantile,0.5,815,COVID-19
DE,35-59,2023-02-12,2023-02-01,-11 day ahead inc hosp,quantile,0.75,821,COVID-19
DE,35-59,2023-02-12,2023-02-01,-11 day ahead inc hosp,quantile,0.9,828,COVID-19
DE,35-59,2023-02-12,2023-02-01,-11 day ahead inc hosp,quantile,0.975,834,COVID-19
DE,35-59,2023-02-12,2023-02-02,-10 day ahead inc hosp,mean,NA,869.377,COVID-19
DE,35-59,2023-02-12,2023-02-02,-10 day ahead inc hosp,quantile,0.025,852,COVID-19
DE,35-59,2023-02-12,2023-02-02,-10 day ahead inc hosp,quantile,0.1,857,COVID-19
DE,35-59,2023-02-12,2023-02-02,-10 day ahead inc hosp,quantile,0.25,862,COVID-19
DE,35-59,2023-02-12,2023-02-02,-10 day ahead inc hosp,quantile,0.5,869,COVID-19
DE,35-59,2023-02-12,2023-02-02,-10 day ahead inc hosp,quantile,0.75,876,COVID-19
DE,35-59,2023-02-12,2023-02-02,-10 day ahead inc hosp,quantile,0.9,882,COVID-19
DE,35-59,2023-02-12,2023-02-02,-10 day ahead inc hosp,quantile,0.975,890,COVID-19
DE,35-59,2023-02-12,2023-02-03,-9 day ahead inc hosp,mean,NA,894.826,COVID-19
DE,35-59,2023-02-12,2023-02-03,-9 day ahead inc hosp,quantile,0.025,875,COVID-19
DE,35-59,2023-02-12,2023-02-03,-9 day ahead inc hosp,quantile,0.1,882,COVID-19
DE,35-59,2023-02-12,2023-02-03,-9 day ahead inc hosp,quantile,0.25,888,COVID-19
DE,35-59,2023-02-12,2023-02-03,-9 day ahead inc hosp,quantile,0.5,894,COVID-19
DE,35-59,2023-02-12,2023-02-03,-9 day ahead inc hosp,quantile,0.75,902,COVID-19
DE,35-59,2023-02-12,2023-02-03,-9 day ahead inc hosp,quantile,0.9,908,COVID-19
DE,35-59,2023-02-12,2023-02-03,-9 day ahead inc hosp,quantile,0.975,916,COVID-19
DE,35-59,2023-02-12,2023-02-04,-8 day ahead inc hosp,mean,NA,931.345,COVID-19
DE,35-59,2023-02-12,2023-02-04,-8 day ahead inc hosp,quantile,0.025,909,COVID-19
DE,35-59,2023-02-12,2023-02-04,-8 day ahead inc hosp,quantile,0.1,916,COVID-19
DE,35-59,2023-02-12,2023-02-04,-8 day ahead inc hosp,quantile,0.25,923,COVID-19
DE,35-59,2023-02-12,2023-02-04,-8 day ahead inc hosp,quantile,0.5,931,COVID-19
DE,35-59,2023-02-12,2023-02-04,-8 day ahead inc hosp,quantile,0.75,939,COVID-19
DE,35-59,2023-02-12,2023-02-04,-8 day ahead inc hosp,quantile,0.9,947,COVID-19
DE,35-59,2023-02-12,2023-02-04,-8 day ahead inc hosp,quantile,0.975,957,COVID-19
DE,35-59,2023-02-12,2023-02-05,-7 day ahead inc hosp,mean,NA,945.331,COVID-19
DE,35-59,2023-02-12,2023-02-05,-7 day ahead inc hosp,quantile,0.025,923,COVID-19
DE,35-59,2023-02-12,2023-02-05,-7 day ahead inc hosp,quantile,0.1,930,COVID-19
DE,35-59,2023-02-12,2023-02-05,-7 day ahead inc hosp,quantile,0.25,937,COVID-19
DE,35-59,2023-02-12,2023-02-05,-7 day ahead inc hosp,quantile,0.5,945,COVID-19
DE,35-59,2023-02-12,2023-02-05,-7 day ahead inc hosp,quantile,0.75,953,COVID-19
DE,35-59,2023-02-12,2023-02-05,-7 day ahead inc hosp,quantile,0.9,961,COVID-19
DE,35-59,2023-02-12,2023-02-05,-7 day ahead inc hosp,quantile,0.975,971,COVID-19
DE,35-59,2023-02-12,2023-02-06,-6 day ahead inc hosp,mean,NA,957.877,COVID-19
DE,35-59,2023-02-12,2023-02-06,-6 day ahead inc hosp,quantile,0.025,935,COVID-19
DE,35-59,2023-02-12,2023-02-06,-6 day ahead inc hosp,quantile,0.1,942,COVID-19
DE,35-59,2023-02-12,2023-02-06,-6 day ahead inc hosp,quantile,0.25,949,COVID-19
DE,35-59,2023-02-12,2023-02-06,-6 day ahead inc hosp,quantile,0.5,958,COVID-19
DE,35-59,2023-02-12,2023-02-06,-6 day ahead inc hosp,quantile,0.75,966,COVID-19
DE,35-59,2023-02-12,2023-02-06,-6 day ahead inc hosp,quantile,0.9,974,COVID-19
DE,35-59,2023-02-12,2023-02-06,-6 day ahead inc hosp,quantile,0.975,984,COVID-19
DE,35-59,2023-02-12,2023-02-07,-5 day ahead inc hosp,mean,NA,1011.59,COVID-19
DE,35-59,2023-02-12,2023-02-07,-5 day ahead inc hosp,quantile,0.025,984,COVID-19
DE,35-59,2023-02-12,2023-02-07,-5 day ahead inc hosp,quantile,0.1,991,COVID-19
DE,35-59,2023-02-12,2023-02-07,-5 day ahead inc hosp,quantile,0.25,1001,COVID-19
DE,35-59,2023-02-12,2023-02-07,-5 day ahead inc hosp,quantile,0.5,1011,COVID-19
DE,35-59,2023-02-12,2023-02-07,-5 day ahead inc hosp,quantile,0.75,1022,COVID-19
DE,35-59,2023-02-12,2023-02-07,-5 day ahead inc hosp,quantile,0.9,1031,COVID-19
DE,35-59,2023-02-12,2023-02-07,-5 day ahead inc hosp,quantile,0.975,1043,COVID-19
DE,35-59,2023-02-12,2023-02-08,-4 day ahead inc hosp,mean,NA,1054.958,COVID-19
DE,35-59,2023-02-12,2023-02-08,-4 day ahead inc hosp,quantile,0.025,1020,COVID-19
DE,35-59,2023-02-12,2023-02-08,-4 day ahead inc hosp,quantile,0.1,1030,COVID-19
DE,35-59,2023-02-12,2023-02-08,-4 day ahead inc hosp,quantile,0.25,1042,COVID-19
DE,35-59,2023-02-12,2023-02-08,-4 day ahead inc hosp,quantile,0.5,1054,COVID-19
DE,35-59,2023-02-12,2023-02-08,-4 day ahead inc hosp,quantile,0.75,1068,COVID-19
DE,35-59,2023-02-12,2023-02-08,-4 day ahead inc hosp,quantile,0.9,1080,COVID-19
DE,35-59,2023-02-12,2023-02-08,-4 day ahead inc hosp,quantile,0.975,1095,COVID-19
DE,35-59,2023-02-12,2023-02-09,-3 day ahead inc hosp,mean,NA,1097.443,COVID-19
DE,35-59,2023-02-12,2023-02-09,-3 day ahead inc hosp,quantile,0.025,1052,COVID-19
DE,35-59,2023-02-12,2023-02-09,-3 day ahead inc hosp,quantile,0.1,1067,COVID-19
DE,35-59,2023-02-12,2023-02-09,-3 day ahead inc hosp,quantile,0.25,1081,COVID-19
DE,35-59,2023-02-12,2023-02-09,-3 day ahead inc hosp,quantile,0.5,1097,COVID-19
DE,35-59,2023-02-12,2023-02-09,-3 day ahead inc hosp,quantile,0.75,1112,COVID-19
DE,35-59,2023-02-12,2023-02-09,-3 day ahead inc hosp,quantile,0.9,1128,COVID-19
DE,35-59,2023-02-12,2023-02-09,-3 day ahead inc hosp,quantile,0.975,1146,COVID-19
DE,35-59,2023-02-12,2023-02-10,-2 day ahead inc hosp,mean,NA,1136.602,COVID-19
DE,35-59,2023-02-12,2023-02-10,-2 day ahead inc hosp,quantile,0.025,1076,COVID-19
DE,35-59,2023-02-12,2023-02-10,-2 day ahead inc hosp,quantile,0.1,1095,COVID-19
DE,35-59,2023-02-12,2023-02-10,-2 day ahead inc hosp,quantile,0.25,1114,COVID-19
DE,35-59,2023-02-12,2023-02-10,-2 day ahead inc hosp,quantile,0.5,1135,COVID-19
DE,35-59,2023-02-12,2023-02-10,-2 day ahead inc hosp,quantile,0.75,1158,COVID-19
DE,35-59,2023-02-12,2023-02-10,-2 day ahead inc hosp,quantile,0.9,1179,COVID-19
DE,35-59,2023-02-12,2023-02-10,-2 day ahead inc hosp,quantile,0.975,1206,COVID-19
DE,35-59,2023-02-12,2023-02-11,-1 day ahead inc hosp,mean,NA,1153.459,COVID-19
DE,35-59,2023-02-12,2023-02-11,-1 day ahead inc hosp,quantile,0.025,1063,COVID-19
DE,35-59,2023-02-12,2023-02-11,-1 day ahead inc hosp,quantile,0.1,1092,COVID-19
DE,35-59,2023-02-12,2023-02-11,-1 day ahead inc hosp,quantile,0.25,1120,COVID-19
DE,35-59,2023-02-12,2023-02-11,-1 day ahead inc hosp,quantile,0.5,1151,COVID-19
DE,35-59,2023-02-12,2023-02-11,-1 day ahead inc hosp,quantile,0.75,1185,COVID-19
DE,35-59,2023-02-12,2023-02-11,-1 day ahead inc hosp,quantile,0.9,1218,COVID-19
DE,35-59,2023-02-12,2023-02-11,-1 day ahead inc hosp,quantile,0.975,1255,COVID-19
DE,35-59,2023-02-12,2023-02-12,0 day ahead inc hosp,mean,NA,1156.025,COVID-19
DE,35-59,2023-02-12,2023-02-12,0 day ahead inc hosp,quantile,0.025,1058,COVID-19
DE,35-59,2023-02-12,2023-02-12,0 day ahead inc hosp,quantile,0.1,1089,COVID-19
DE,35-59,2023-02-12,2023-02-12,0 day ahead inc hosp,quantile,0.25,1119,COVID-19
DE,35-59,2023-02-12,2023-02-12,0 day ahead inc hosp,quantile,0.5,1151,COVID-19
DE,35-59,2023-02-12,2023-02-12,0 day ahead inc hosp,quantile,0.75,1193,COVID-19
DE,35-59,2023-02-12,2023-02-12,0 day ahead inc hosp,quantile,0.9,1228,COVID-19
DE,35-59,2023-02-12,2023-02-12,0 day ahead inc hosp,quantile,0.975,1271,COVID-19
DE,60-79,2023-02-12,2023-01-15,-28 day ahead inc hosp,mean,NA,2453.915,COVID-19
DE,60-79,2023-02-12,2023-01-15,-28 day ahead inc hosp,quantile,0.025,2438,COVID-19
DE,60-79,2023-02-12,2023-01-15,-28 day ahead inc hosp,quantile,0.1,2443,COVID-19
DE,60-79,2023-02-12,2023-01-15,-28 day ahead inc hosp,quantile,0.25,2447,COVID-19
DE,60-79,2023-02-12,2023-01-15,-28 day ahead inc hosp,quantile,0.5,2453,COVID-19
DE,60-79,2023-02-12,2023-01-15,-28 day ahead inc hosp,quantile,0.75,2459,COVID-19
DE,60-79,2023-02-12,2023-01-15,-28 day ahead inc hosp,quantile,0.9,2466,COVID-19
DE,60-79,2023-02-12,2023-01-15,-28 day ahead inc hosp,quantile,0.975,2474,COVID-19
DE,60-79,2023-02-12,2023-01-16,-27 day ahead inc hosp,mean,NA,2445.042,COVID-19
DE,60-79,2023-02-12,2023-01-16,-27 day ahead inc hosp,quantile,0.025,2429,COVID-19
DE,60-79,2023-02-12,2023-01-16,-27 day ahead inc hosp,quantile,0.1,2434,COVID-19
DE,60-79,2023-02-12,2023-01-16,-27 day ahead inc hosp,quantile,0.25,2439,COVID-19
DE,60-79,2023-02-12,2023-01-16,-27 day ahead inc hosp,quantile,0.5,2444,COVID-19
DE,60-79,2023-02-12,2023-01-16,-27 day ahead inc hosp,quantile,0.75,2451,COVID-19
DE,60-79,2023-02-12,2023-01-16,-27 day ahead inc hosp,quantile,0.9,2457,COVID-19
DE,60-79,2023-02-12,2023-01-16,-27 day ahead inc hosp,quantile,0.975,2465,COVID-19
DE,60-79,2023-02-12,2023-01-17,-26 day ahead inc hosp,mean,NA,2154.286,COVID-19
DE,60-79,2023-02-12,2023-01-17,-26 day ahead inc hosp,quantile,0.025,2138,COVID-19
DE,60-79,2023-02-12,2023-01-17,-26 day ahead inc hosp,quantile,0.1,2144,COVID-19
DE,60-79,2023-02-12,2023-01-17,-26 day ahead inc hosp,quantile,0.25,2148,COVID-19
DE,60-79,2023-02-12,2023-01-17,-26 day ahead inc hosp,quantile,0.5,2154,COVID-19
DE,60-79,2023-02-12,2023-01-17,-26 day ahead inc hosp,quantile,0.75,2160,COVID-19
DE,60-79,2023-02-12,2023-01-17,-26 day ahead inc hosp,quantile,0.9,2166,COVID-19
DE,60-79,2023-02-12,2023-01-17,-26 day ahead inc hosp,quantile,0.975,2174,COVID-19
DE,60-79,2023-02-12,2023-01-18,-25 day ahead inc hosp,mean,NA,2004.293,COVID-19
DE,60-79,2023-02-12,2023-01-18,-25 day ahead inc hosp,quantile,0.025,1988,COVID-19
DE,60-79,2023-02-12,2023-01-18,-25 day ahead inc hosp,quantile,0.1,1993,COVID-19
DE,60-79,2023-02-12,2023-01-18,-25 day ahead inc hosp,quantile,0.25,1998,COVID-19
DE,60-79,2023-02-12,2023-01-18,-25 day ahead inc hosp,quantile,0.5,2004,COVID-19
DE,60-79,2023-02-12,2023-01-18,-25 day ahead inc hosp,quantile,0.75,2010,COVID-19
DE,60-79,2023-02-12,2023-01-18,-25 day ahead inc hosp,quantile,0.9,2016,COVID-19
DE,60-79,2023-02-12,2023-01-18,-25 day ahead inc hosp,quantile,0.975,2022,COVID-19
DE,60-79,2023-02-12,2023-01-19,-24 day ahead inc hosp,mean,NA,1884.846,COVID-19
DE,60-79,2023-02-12,2023-01-19,-24 day ahead inc hosp,quantile,0.025,1868,COVID-19
DE,60-79,2023-02-12,2023-01-19,-24 day ahead inc hosp,quantile,0.1,1874,COVID-19
DE,60-79,2023-02-12,2023-01-19,-24 day ahead inc hosp,quantile,0.25,1879,COVID-19
DE,60-79,2023-02-12,2023-01-19,-24 day ahead inc hosp,quantile,0.5,1885,COVID-19
DE,60-79,2023-02-12,2023-01-19,-24 day ahead inc hosp,quantile,0.75,1891,COVID-19
DE,60-79,2023-02-12,2023-01-19,-24 day ahead inc hosp,quantile,0.9,1896,COVID-19
DE,60-79,2023-02-12,2023-01-19,-24 day ahead inc hosp,quantile,0.975,1903,COVID-19
DE,60-79,2023-02-12,2023-01-20,-23 day ahead inc hosp,mean,NA,1782.211,COVID-19
DE,60-79,2023-02-12,2023-01-20,-23 day ahead inc hosp,quantile,0.025,1766,COVID-19
DE,60-79,2023-02-12,2023-01-20,-23 day ahead inc hosp,quantile,0.1,1771,COVID-19
DE,60-79,2023-02-12,2023-01-20,-23 day ahead inc hosp,quantile,0.25,1776,COVID-19
DE,60-79,2023-02-12,2023-01-20,-23 day ahead inc hosp,quantile,0.5,1782,COVID-19
DE,60-79,2023-02-12,2023-01-20,-23 day ahead inc hosp,quantile,0.75,1788,COVID-19
DE,60-79,2023-02-12,2023-01-20,-23 day ahead inc hosp,quantile,0.9,1793,COVID-19
DE,60-79,2023-02-12,2023-01-20,-23 day ahead inc hosp,quantile,0.975,1801,COVID-19
DE,60-79,2023-02-12,2023-01-21,-22 day ahead inc hosp,mean,NA,1700.12,COVID-19
DE,60-79,2023-02-12,2023-01-21,-22 day ahead inc hosp,quantile,0.025,1683,COVID-19
DE,60-79,2023-02-12,2023-01-21,-22 day ahead inc hosp,quantile,0.1,1688,COVID-19
DE,60-79,2023-02-12,2023-01-21,-22 day ahead inc hosp,quantile,0.25,1694,COVID-19
DE,60-79,2023-02-12,2023-01-21,-22 day ahead inc hosp,quantile,0.5,1700,COVID-19
DE,60-79,2023-02-12,2023-01-21,-22 day ahead inc hosp,quantile,0.75,1706,COVID-19
DE,60-79,2023-02-12,2023-01-21,-22 day ahead inc hosp,quantile,0.9,1712,COVID-19
DE,60-79,2023-02-12,2023-01-21,-22 day ahead inc hosp,quantile,0.975,1718,COVID-19
DE,60-79,2023-02-12,2023-01-22,-21 day ahead inc hosp,mean,NA,1677.8,COVID-19
DE,60-79,2023-02-12,2023-01-22,-21 day ahead inc hosp,quantile,0.025,1660,COVID-19
DE,60-79,2023-02-12,2023-01-22,-21 day ahead inc hosp,quantile,0.1,1666,COVID-19
DE,60-79,2023-02-12,2023-01-22,-21 day ahead inc hosp,quantile,0.25,1671,COVID-19
DE,60-79,2023-02-12,2023-01-22,-21 day ahead inc hosp,quantile,0.5,1677,COVID-19
DE,60-79,2023-02-12,2023-01-22,-21 day ahead inc hosp,quantile,0.75,1684,COVID-19
DE,60-79,2023-02-12,2023-01-22,-21 day ahead inc hosp,quantile,0.9,1690,COVID-19
DE,60-79,2023-02-12,2023-01-22,-21 day ahead inc hosp,quantile,0.975,1696,COVID-19
DE,60-79,2023-02-12,2023-01-23,-20 day ahead inc hosp,mean,NA,1657.457,COVID-19
DE,60-79,2023-02-12,2023-01-23,-20 day ahead inc hosp,quantile,0.025,1640,COVID-19
DE,60-79,2023-02-12,2023-01-23,-20 day ahead inc hosp,quantile,0.1,1646,COVID-19
DE,60-79,2023-02-12,2023-01-23,-20 day ahead inc hosp,quantile,0.25,1651,COVID-19
DE,60-79,2023-02-12,2023-01-23,-20 day ahead inc hosp,quantile,0.5,1657,COVID-19
DE,60-79,2023-02-12,2023-01-23,-20 day ahead inc hosp,quantile,0.75,1663,COVID-19
DE,60-79,2023-02-12,2023-01-23,-20 day ahead inc hosp,quantile,0.9,1669,COVID-19
DE,60-79,2023-02-12,2023-01-23,-20 day ahead inc hosp,quantile,0.975,1676,COVID-19
DE,60-79,2023-02-12,2023-01-24,-19 day ahead inc hosp,mean,NA,1595.98,COVID-19
DE,60-79,2023-02-12,2023-01-24,-19 day ahead inc hosp,quantile,0.025,1579,COVID-19
DE,60-79,2023-02-12,2023-01-24,-19 day ahead inc hosp,quantile,0.1,1584,COVID-19
DE,60-79,2023-02-12,2023-01-24,-19 day ahead inc hosp,quantile,0.25,1589,COVID-19
DE,60-79,2023-02-12,2023-01-24,-19 day ahead inc hosp,quantile,0.5,1596,COVID-19
DE,60-79,2023-02-12,2023-01-24,-19 day ahead inc hosp,quantile,0.75,1602,COVID-19
DE,60-79,2023-02-12,2023-01-24,-19 day ahead inc hosp,quantile,0.9,1608,COVID-19
DE,60-79,2023-02-12,2023-01-24,-19 day ahead inc hosp,quantile,0.975,1616,COVID-19
DE,60-79,2023-02-12,2023-01-25,-18 day ahead inc hosp,mean,NA,1628.774,COVID-19
DE,60-79,2023-02-12,2023-01-25,-18 day ahead inc hosp,quantile,0.025,1611,COVID-19
DE,60-79,2023-02-12,2023-01-25,-18 day ahead inc hosp,quantile,0.1,1616,COVID-19
DE,60-79,2023-02-12,2023-01-25,-18 day ahead inc hosp,quantile,0.25,1622,COVID-19
DE,60-79,2023-02-12,2023-01-25,-18 day ahead inc hosp,quantile,0.5,1629,COVID-19
DE,60-79,2023-02-12,2023-01-25,-18 day ahead inc hosp,quantile,0.75,1635,COVID-19
DE,60-79,2023-02-12,2023-01-25,-18 day ahead inc hosp,quantile,0.9,1641,COVID-19
DE,60-79,2023-02-12,2023-01-25,-18 day ahead inc hosp,quantile,0.975,1649,COVID-19
DE,60-79,2023-02-12,2023-01-26,-17 day ahead inc hosp,mean,NA,1647.432,COVID-19
DE,60-79,2023-02-12,2023-01-26,-17 day ahead inc hosp,quantile,0.025,1630,COVID-19
DE,60-79,2023-02-12,2023-01-26,-17 day ahead inc hosp,quantile,0.1,1635,COVID-19
DE,60-79,2023-02-12,2023-01-26,-17 day ahead inc hosp,quantile,0.25,1640,COVID-19
DE,60-79,2023-02-12,2023-01-26,-17 day ahead inc hosp,quantile,0.5,1647,COVID-19
DE,60-79,2023-02-12,2023-01-26,-17 day ahead inc hosp,quantile,0.75,1654,COVID-19
DE,60-79,2023-02-12,2023-01-26,-17 day ahead inc hosp,quantile,0.9,1660,COVID-19
DE,60-79,2023-02-12,2023-01-26,-17 day ahead inc hosp,quantile,0.975,1669,COVID-19
DE,60-79,2023-02-12,2023-01-27,-16 day ahead inc hosp,mean,NA,1700.63,COVID-19
DE,60-79,2023-02-12,2023-01-27,-16 day ahead inc hosp,quantile,0.025,1681,COVID-19
DE,60-79,2023-02-12,2023-01-27,-16 day ahead inc hosp,quantile,0.1,1687,COVID-19
DE,60-79,2023-02-12,2023-01-27,-16 day ahead inc hosp,quantile,0.25,1694,COVID-19
DE,60-79,2023-02-12,2023-01-27,-16 day ahead inc hosp,quantile,0.5,1700,COVID-19
DE,60-79,2023-02-12,2023-01-27,-16 day ahead inc hosp,quantile,0.75,1708,COVID-19
DE,60-79,2023-02-12,2023-01-27,-16 day ahead inc hosp,quantile,0.9,1714,COVID-19
DE,60-79,2023-02-12,2023-01-27,-16 day ahead inc hosp,quantile,0.975,1723,COVID-19
DE,60-79,2023-02-12,2023-01-28,-15 day ahead inc hosp,mean,NA,1754.162,COVID-19
DE,60-79,2023-02-12,2023-01-28,-15 day ahead inc hosp,quantile,0.025,1733,COVID-19
DE,60-79,2023-02-12,2023-01-28,-15 day ahead inc hosp,quantile,0.1,1741,COVID-19
DE,60-79,2023-02-12,2023-01-28,-15 day ahead inc hosp,quantile,0.25,1747,COVID-19
DE,60-79,2023-02-12,2023-01-28,-15 day ahead inc hosp,quantile,0.5,1754,COVID-19
DE,60-79,2023-02-12,2023-01-28,-15 day ahead inc hosp,quantile,0.75,1761,COVID-19
DE,60-79,2023-02-12,2023-01-28,-15 day ahead inc hosp,quantile,0.9,1769,COVID-19
DE,60-79,2023-02-12,2023-01-28,-15 day ahead inc hosp,quantile,0.975,1776,COVID-19
DE,60-79,2023-02-12,2023-01-29,-14 day ahead inc hosp,mean,NA,1760.799,COVID-19
DE,60-79,2023-02-12,2023-01-29,-14 day ahead inc hosp,quantile,0.025,1740,COVID-19
DE,60-79,2023-02-12,2023-01-29,-14 day ahead inc hosp,quantile,0.1,1747,COVID-19
DE,60-79,2023-02-12,2023-01-29,-14 day ahead inc hosp,quantile,0.25,1753,COVID-19
DE,60-79,2023-02-12,2023-01-29,-14 day ahead inc hosp,quantile,0.5,1760,COVID-19
DE,60-79,2023-02-12,2023-01-29,-14 day ahead inc hosp,quantile,0.75,1768,COVID-19
DE,60-79,2023-02-12,2023-01-29,-14 day ahead inc hosp,quantile,0.9,1776,COVID-19
DE,60-79,2023-02-12,2023-01-29,-14 day ahead inc hosp,quantile,0.975,1784,COVID-19
DE,60-79,2023-02-12,2023-01-30,-13 day ahead inc hosp,mean,NA,1778.198,COVID-19
DE,60-79,2023-02-12,2023-01-30,-13 day ahead inc hosp,quantile,0.025,1757,COVID-19
DE,60-79,2023-02-12,2023-01-30,-13 day ahead inc hosp,quantile,0.1,1764,COVID-19
DE,60-79,2023-02-12,2023-01-30,-13 day ahead inc hosp,quantile,0.25,1771,COVID-19
DE,60-79,2023-02-12,2023-01-30,-13 day ahead inc hosp,quantile,0.5,1778,COVID-19
DE,60-79,2023-02-12,2023-01-30,-13 day ahead inc hosp,quantile,0.75,1785,COVID-19
DE,60-79,2023-02-12,2023-01-30,-13 day ahead inc hosp,quantile,0.9,1793,COVID-19
DE,60-79,2023-02-12,2023-01-30,-13 day ahead inc hosp,quantile,0.975,1802,COVID-19
DE,60-79,2023-02-12,2023-01-31,-12 day ahead inc hosp,mean,NA,1844.678,COVID-19
DE,60-79,2023-02-12,2023-01-31,-12 day ahead inc hosp,quantile,0.025,1822,COVID-19
DE,60-79,2023-02-12,2023-01-31,-12 day ahead inc hosp,quantile,0.1,1828,COVID-19
DE,60-79,2023-02-12,2023-01-31,-12 day ahead inc hosp,quantile,0.25,1836,COVID-19
DE,60-79,2023-02-12,2023-01-31,-12 day ahead inc hosp,quantile,0.5,1844,COVID-19
DE,60-79,2023-02-12,2023-01-31,-12 day ahead inc hosp,quantile,0.75,1853,COVID-19
DE,60-79,2023-02-12,2023-01-31,-12 day ahead inc hosp,quantile,0.9,1861,COVID-19
DE,60-79,2023-02-12,2023-01-31,-12 day ahead inc hosp,quantile,0.975,1871,COVID-19
DE,60-79,2023-02-12,2023-02-01,-11 day ahead inc hosp,mean,NA,1939.333,COVID-19
DE,60-79,2023-02-12,2023-02-01,-11 day ahead inc hosp,quantile,0.025,1914,COVID-19
DE,60-79,2023-02-12,2023-02-01,-11 day ahead inc hosp,quantile,0.1,1921,COVID-19
DE,60-79,2023-02-12,2023-02-01,-11 day ahead inc hosp,quantile,0.25,1929,COVID-19
DE,60-79,2023-02-12,2023-02-01,-11 day ahead inc hosp,quantile,0.5,1939,COVID-19
DE,60-79,2023-02-12,2023-02-01,-11 day ahead inc hosp,quantile,0.75,1949,COVID-19
DE,60-79,2023-02-12,2023-02-01,-11 day ahead inc hosp,quantile,0.9,1958,COVID-19
DE,60-79,2023-02-12,2023-02-01,-11 day ahead inc hosp,quantile,0.975,1969,COVID-19
DE,60-79,2023-02-12,2023-02-02,-10 day ahead inc hosp,mean,NA,2004.793,COVID-19
DE,60-79,2023-02-12,2023-02-02,-10 day ahead inc hosp,quantile,0.025,1975,COVID-19
DE,60-79,2023-02-12,2023-02-02,-10 day ahead inc hosp,quantile,0.1,1984,COVID-19
DE,60-79,2023-02-12,2023-02-02,-10 day ahead inc hosp,quantile,0.25,1993,COVID-19
DE,60-79,2023-02-12,2023-02-02,-10 day ahead inc hosp,quantile,0.5,2004,COVID-19
DE,60-79,2023-02-12,2023-02-02,-10 day ahead inc hosp,quantile,0.75,2015,COVID-19
DE,60-79,2023-02-12,2023-02-02,-10 day ahead inc hosp,quantile,0.9,2026,COVID-19
DE,60-79,2023-02-12,2023-02-02,-10 day ahead inc hosp,quantile,0.975,2038,COVID-19
DE,60-79,2023-02-12,2023-02-03,-9 day ahead inc hosp,mean,NA,2039.148,COVID-19
DE,60-79,2023-02-12,2023-02-03,-9 day ahead inc hosp,quantile,0.025,2007,COVID-19
DE,60-79,2023-02-12,2023-02-03,-9 day ahead inc hosp,quantile,0.1,2017,COVID-19
DE,60-79,2023-02-12,2023-02-03,-9 day ahead inc hosp,quantile,0.25,2026,COVID-19
DE,60-79,2023-02-12,2023-02-03,-9 day ahead inc hosp,quantile,0.5,2038,COVID-19
DE,60-79,2023-02-12,2023-02-03,-9 day ahead inc hosp,quantile,0.75,2051,COVID-19
DE,60-79,2023-02-12,2023-02-03,-9 day ahead inc hosp,quantile,0.9,2062,COVID-19
DE,60-79,2023-02-12,2023-02-03,-9 day ahead inc hosp,quantile,0.975,2078,COVID-19
DE,60-79,2023-02-12,2023-02-04,-8 day ahead inc hosp,mean,NA,2131.827,COVID-19
DE,60-79,2023-02-12,2023-02-04,-8 day ahead inc hosp,quantile,0.025,2094,COVID-19
DE,60-79,2023-02-12,2023-02-04,-8 day ahead inc hosp,quantile,0.1,2106,COVID-19
DE,60-79,2023-02-12,2023-02-04,-8 day ahead inc hosp,quantile,0.25,2117,COVID-19
DE,60-79,2023-02-12,2023-02-04,-8 day ahead inc hosp,quantile,0.5,2130,COVID-19
DE,60-79,2023-02-12,2023-02-04,-8 day ahead inc hosp,quantile,0.75,2146,COVID-19
DE,60-79,2023-02-12,2023-02-04,-8 day ahead inc hosp,quantile,0.9,2161,COVID-19
DE,60-79,2023-02-12,2023-02-04,-8 day ahead inc hosp,quantile,0.975,2176,COVID-19
DE,60-79,2023-02-12,2023-02-05,-7 day ahead inc hosp,mean,NA,2152.088,COVID-19
DE,60-79,2023-02-12,2023-02-05,-7 day ahead inc hosp,quantile,0.025,2111,COVID-19
DE,60-79,2023-02-12,2023-02-05,-7 day ahead inc hosp,quantile,0.1,2125,COVID-19
DE,60-79,2023-02-12,2023-02-05,-7 day ahead inc hosp,quantile,0.25,2136,COVID-19
DE,60-79,2023-02-12,2023-02-05,-7 day ahead inc hosp,quantile,0.5,2151,COVID-19
DE,60-79,2023-02-12,2023-02-05,-7 day ahead inc hosp,quantile,0.75,2168,COVID-19
DE,60-79,2023-02-12,2023-02-05,-7 day ahead inc hosp,quantile,0.9,2182,COVID-19
DE,60-79,2023-02-12,2023-02-05,-7 day ahead inc hosp,quantile,0.975,2199,COVID-19
DE,60-79,2023-02-12,2023-02-06,-6 day ahead inc hosp,mean,NA,2164.847,COVID-19
DE,60-79,2023-02-12,2023-02-06,-6 day ahead inc hosp,quantile,0.025,2124,COVID-19
DE,60-79,2023-02-12,2023-02-06,-6 day ahead inc hosp,quantile,0.1,2136,COVID-19
DE,60-79,2023-02-12,2023-02-06,-6 day ahead inc hosp,quantile,0.25,2148,COVID-19
DE,60-79,2023-02-12,2023-02-06,-6 day ahead inc hosp,quantile,0.5,2163,COVID-19
DE,60-79,2023-02-12,2023-02-06,-6 day ahead inc hosp,quantile,0.75,2180,COVID-19
DE,60-79,2023-02-12,2023-02-06,-6 day ahead inc hosp,quantile,0.9,2196,COVID-19
DE,60-79,2023-02-12,2023-02-06,-6 day ahead inc hosp,quantile,0.975,2212,COVID-19
DE,60-79,2023-02-12,2023-02-07,-5 day ahead inc hosp,mean,NA,2317.247,COVID-19
DE,60-79,2023-02-12,2023-02-07,-5 day ahead inc hosp,quantile,0.025,2261,COVID-19
DE,60-79,2023-02-12,2023-02-07,-5 day ahead inc hosp,quantile,0.1,2276,COVID-19
DE,60-79,2023-02-12,2023-02-07,-5 day ahead inc hosp,quantile,0.25,2296,COVID-19
DE,60-79,2023-02-12,2023-02-07,-5 day ahead inc hosp,quantile,0.5,2314,COVID-19
DE,60-79,2023-02-12,2023-02-07,-5 day ahead inc hosp,quantile,0.75,2338,COVID-19
DE,60-79,2023-02-12,2023-02-07,-5 day ahead inc hosp,quantile,0.9,2358,COVID-19
DE,60-79,2023-02-12,2023-02-07,-5 day ahead inc hosp,quantile,0.975,2383,COVID-19
DE,60-79,2023-02-12,2023-02-08,-4 day ahead inc hosp,mean,NA,2354.794,COVID-19
DE,60-79,2023-02-12,2023-02-08,-4 day ahead inc hosp,quantile,0.025,2283,COVID-19
DE,60-79,2023-02-12,2023-02-08,-4 day ahead inc hosp,quantile,0.1,2305,COVID-19
DE,60-79,2023-02-12,2023-02-08,-4 day ahead inc hosp,quantile,0.25,2329,COVID-19
DE,60-79,2023-02-12,2023-02-08,-4 day ahead inc hosp,quantile,0.5,2352,COVID-19
DE,60-79,2023-02-12,2023-02-08,-4 day ahead inc hosp,quantile,0.75,2381,COVID-19
DE,60-79,2023-02-12,2023-02-08,-4 day ahead inc hosp,quantile,0.9,2405,COVID-19
DE,60-79,2023-02-12,2023-02-08,-4 day ahead inc hosp,quantile,0.975,2438,COVID-19
DE,60-79,2023-02-12,2023-02-09,-3 day ahead inc hosp,mean,NA,2464.123,COVID-19
DE,60-79,2023-02-12,2023-02-09,-3 day ahead inc hosp,quantile,0.025,2369,COVID-19
DE,60-79,2023-02-12,2023-02-09,-3 day ahead inc hosp,quantile,0.1,2398,COVID-19
DE,60-79,2023-02-12,2023-02-09,-3 day ahead inc hosp,quantile,0.25,2425,COVID-19
DE,60-79,2023-02-12,2023-02-09,-3 day ahead inc hosp,quantile,0.5,2460,COVID-19
DE,60-79,2023-02-12,2023-02-09,-3 day ahead inc hosp,quantile,0.75,2498,COVID-19
DE,60-79,2023-02-12,2023-02-09,-3 day ahead inc hosp,quantile,0.9,2541,COVID-19
DE,60-79,2023-02-12,2023-02-09,-3 day ahead inc hosp,quantile,0.975,2575,COVID-19
DE,60-79,2023-02-12,2023-02-10,-2 day ahead inc hosp,mean,NA,2547.895,COVID-19
DE,60-79,2023-02-12,2023-02-10,-2 day ahead inc hosp,quantile,0.025,2420,COVID-19
DE,60-79,2023-02-12,2023-02-10,-2 day ahead inc hosp,quantile,0.1,2456,COVID-19
DE,60-79,2023-02-12,2023-02-10,-2 day ahead inc hosp,quantile,0.25,2494,COVID-19
DE,60-79,2023-02-12,2023-02-10,-2 day ahead inc hosp,quantile,0.5,2541,COVID-19
DE,60-79,2023-02-12,2023-02-10,-2 day ahead inc hosp,quantile,0.75,2598,COVID-19
DE,60-79,2023-02-12,2023-02-10,-2 day ahead inc hosp,quantile,0.9,2654,COVID-19
DE,60-79,2023-02-12,2023-02-10,-2 day ahead inc hosp,quantile,0.975,2710,COVID-19
DE,60-79,2023-02-12,2023-02-11,-1 day ahead inc hosp,mean,NA,2541.432,COVID-19
DE,60-79,2023-02-12,2023-02-11,-1 day ahead inc hosp,quantile,0.025,2349,COVID-19
DE,60-79,2023-02-12,2023-02-11,-1 day ahead inc hosp,quantile,0.1,2403,COVID-19
DE,60-79,2023-02-12,2023-02-11,-1 day ahead inc hosp,quantile,0.25,2458,COVID-19
DE,60-79,2023-02-12,2023-02-11,-1 day ahead inc hosp,quantile,0.5,2530,COVID-19
DE,60-79,2023-02-12,2023-02-11,-1 day ahead inc hosp,quantile,0.75,2612,COVID-19
DE,60-79,2023-02-12,2023-02-11,-1 day ahead inc hosp,quantile,0.9,2686,COVID-19
DE,60-79,2023-02-12,2023-02-11,-1 day ahead inc hosp,quantile,0.975,2765,COVID-19
DE,60-79,2023-02-12,2023-02-12,0 day ahead inc hosp,mean,NA,2550.4,COVID-19
DE,60-79,2023-02-12,2023-02-12,0 day ahead inc hosp,quantile,0.025,2338,COVID-19
DE,60-79,2023-02-12,2023-02-12,0 day ahead inc hosp,quantile,0.1,2398,COVID-19
DE,60-79,2023-02-12,2023-02-12,0 day ahead inc hosp,quantile,0.25,2461,COVID-19
DE,60-79,2023-02-12,2023-02-12,0 day ahead inc hosp,quantile,0.5,2542,COVID-19
DE,60-79,2023-02-12,2023-02-12,0 day ahead inc hosp,quantile,0.75,2632,COVID-19
DE,60-79,2023-02-12,2023-02-12,0 day ahead inc hosp,quantile,0.9,2711,COVID-19
DE,60-79,2023-02-12,2023-02-12,0 day ahead inc hosp,quantile,0.975,2806,COVID-19
DE,80+,2023-02-12,2023-01-15,-28 day ahead inc hosp,mean,NA,2801.71,COVID-19
DE,80+,2023-02-12,2023-01-15,-28 day ahead inc hosp,quantile,0.025,2783,COVID-19
DE,80+,2023-02-12,2023-01-15,-28 day ahead inc hosp,quantile,0.1,2790,COVID-19
DE,80+,2023-02-12,2023-01-15,-28 day ahead inc hosp,quantile,0.25,2795,COVID-19
DE,80+,2023-02-12,2023-01-15,-28 day ahead inc hosp,quantile,0.5,2801,COVID-19
DE,80+,2023-02-12,2023-01-15,-28 day ahead inc hosp,quantile,0.75,2808,COVID-19
DE,80+,2023-02-12,2023-01-15,-28 day ahead inc hosp,quantile,0.9,2814,COVID-19
DE,80+,2023-02-12,2023-01-15,-28 day ahead inc hosp,quantile,0.975,2822,COVID-19
DE,80+,2023-02-12,2023-01-16,-27 day ahead inc hosp,mean,NA,2763.826,COVID-19
DE,80+,2023-02-12,2023-01-16,-27 day ahead inc hosp,quantile,0.025,2745,COVID-19
DE,80+,2023-02-12,2023-01-16,-27 day ahead inc hosp,quantile,0.1,2752,COVID-19
DE,80+,2023-02-12,2023-01-16,-27 day ahead inc hosp,quantile,0.25,2757,COVID-19
DE,80+,2023-02-12,2023-01-16,-27 day ahead inc hosp,quantile,0.5,2763,COVID-19
DE,80+,2023-02-12,2023-01-16,-27 day ahead inc hosp,quantile,0.75,2770,COVID-19
DE,80+,2023-02-12,2023-01-16,-27 day ahead inc hosp,quantile,0.9,2777,COVID-19
DE,80+,2023-02-12,2023-01-16,-27 day ahead inc hosp,quantile,0.975,2784,COVID-19
DE,80+,2023-02-12,2023-01-17,-26 day ahead inc hosp,mean,NA,2482.085,COVID-19
DE,80+,2023-02-12,2023-01-17,-26 day ahead inc hosp,quantile,0.025,2465,COVID-19
DE,80+,2023-02-12,2023-01-17,-26 day ahead inc hosp,quantile,0.1,2471,COVID-19
DE,80+,2023-02-12,2023-01-17,-26 day ahead inc hosp,quantile,0.25,2475,COVID-19
DE,80+,2023-02-12,2023-01-17,-26 day ahead inc hosp,quantile,0.5,2481,COVID-19
DE,80+,2023-02-12,2023-01-17,-26 day ahead inc hosp,quantile,0.75,2488,COVID-19
DE,80+,2023-02-12,2023-01-17,-26 day ahead inc hosp,quantile,0.9,2495,COVID-19
DE,80+,2023-02-12,2023-01-17,-26 day ahead inc hosp,quantile,0.975,2502,COVID-19
DE,80+,2023-02-12,2023-01-18,-25 day ahead inc hosp,mean,NA,2301.586,COVID-19
DE,80+,2023-02-12,2023-01-18,-25 day ahead inc hosp,quantile,0.025,2285,COVID-19
DE,80+,2023-02-12,2023-01-18,-25 day ahead inc hosp,quantile,0.1,2290,COVID-19
DE,80+,2023-02-12,2023-01-18,-25 day ahead inc hosp,quantile,0.25,2296,COVID-19
DE,80+,2023-02-12,2023-01-18,-25 day ahead inc hosp,quantile,0.5,2301,COVID-19
DE,80+,2023-02-12,2023-01-18,-25 day ahead inc hosp,quantile,0.75,2307,COVID-19
DE,80+,2023-02-12,2023-01-18,-25 day ahead inc hosp,quantile,0.9,2313,COVID-19
DE,80+,2023-02-12,2023-01-18,-25 day ahead inc hosp,quantile,0.975,2320,COVID-19
DE,80+,2023-02-12,2023-01-19,-24 day ahead inc hosp,mean,NA,2180.885,COVID-19
DE,80+,2023-02-12,2023-01-19,-24 day ahead inc hosp,quantile,0.025,2164,COVID-19
DE,80+,2023-02-12,2023-01-19,-24 day ahead inc hosp,quantile,0.1,2170,COVID-19
DE,80+,2023-02-12,2023-01-19,-24 day ahead inc hosp,quantile,0.25,2175,COVID-19
DE,80+,2023-02-12,2023-01-19,-24 day ahead inc hosp,quantile,0.5,2181,COVID-19
DE,80+,2023-02-12,2023-01-19,-24 day ahead inc hosp,quantile,0.75,2187,COVID-19
DE,80+,2023-02-12,2023-01-19,-24 day ahead inc hosp,quantile,0.9,2192,COVID-19
DE,80+,2023-02-12,2023-01-19,-24 day ahead inc hosp,quantile,0.975,2199,COVID-19
DE,80+,2023-02-12,2023-01-20,-23 day ahead inc hosp,mean,NA,2144.201,COVID-19
DE,80+,2023-02-12,2023-01-20,-23 day ahead inc hosp,quantile,0.025,2127,COVID-19
DE,80+,2023-02-12,2023-01-20,-23 day ahead inc hosp,quantile,0.1,2133,COVID-19
DE,80+,2023-02-12,2023-01-20,-23 day ahead inc hosp,quantile,0.25,2138,COVID-19
DE,80+,2023-02-12,2023-01-20,-23 day ahead inc hosp,quantile,0.5,2144,COVID-19
DE,80+,2023-02-12,2023-01-20,-23 day ahead inc hosp,quantile,0.75,2150,COVID-19
DE,80+,2023-02-12,2023-01-20,-23 day ahead inc hosp,quantile,0.9,2156,COVID-19
DE,80+,2023-02-12,2023-01-20,-23 day ahead inc hosp,quantile,0.975,2163,COVID-19
DE,80+,2023-02-12,2023-01-21,-22 day ahead inc hosp,mean,NA,2059.453,COVID-19
DE,80+,2023-02-12,2023-01-21,-22 day ahead inc hosp,quantile,0.025,2043,COVID-19
DE,80+,2023-02-12,2023-01-21,-22 day ahead inc hosp,quantile,0.1,2048,COVID-19
DE,80+,2023-02-12,2023-01-21,-22 day ahead inc hosp,quantile,0.25,2053,COVID-19
DE,80+,2023-02-12,2023-01-21,-22 day ahead inc hosp,quantile,0.5,2059,COVID-19
DE,80+,2023-02-12,2023-01-21,-22 day ahead inc hosp,quantile,0.75,2066,COVID-19
DE,80+,2023-02-12,2023-01-21,-22 day ahead inc hosp,quantile,0.9,2072,COVID-19
DE,80+,2023-02-12,2023-01-21,-22 day ahead inc hosp,quantile,0.975,2079,COVID-19
DE,80+,2023-02-12,2023-01-22,-21 day ahead inc hosp,mean,NA,2070.275,COVID-19
DE,80+,2023-02-12,2023-01-22,-21 day ahead inc hosp,quantile,0.025,2053,COVID-19
DE,80+,2023-02-12,2023-01-22,-21 day ahead inc hosp,quantile,0.1,2058,COVID-19
DE,80+,2023-02-12,2023-01-22,-21 day ahead inc hosp,quantile,0.25,2064,COVID-19
DE,80+,2023-02-12,2023-01-22,-21 day ahead inc hosp,quantile,0.5,2070,COVID-19
DE,80+,2023-02-12,2023-01-22,-21 day ahead inc hosp,quantile,0.75,2076,COVID-19
DE,80+,2023-02-12,2023-01-22,-21 day ahead inc hosp,quantile,0.9,2082,COVID-19
DE,80+,2023-02-12,2023-01-22,-21 day ahead inc hosp,quantile,0.975,2090,COVID-19
DE,80+,2023-02-12,2023-01-23,-20 day ahead inc hosp,mean,NA,2084.984,COVID-19
DE,80+,2023-02-12,2023-01-23,-20 day ahead inc hosp,quantile,0.025,2068,COVID-19
DE,80+,2023-02-12,2023-01-23,-20 day ahead inc hosp,quantile,0.1,2073,COVID-19
DE,80+,2023-02-12,2023-01-23,-20 day ahead inc hosp,quantile,0.25,2078,COVID-19
DE,80+,2023-02-12,2023-01-23,-20 day ahead inc hosp,quantile,0.5,2085,COVID-19
DE,80+,2023-02-12,2023-01-23,-20 day ahead inc hosp,quantile,0.75,2091,COVID-19
DE,80+,2023-02-12,2023-01-23,-20 day ahead inc hosp,quantile,0.9,2098,COVID-19
DE,80+,2023-02-12,2023-01-23,-20 day ahead inc hosp,quantile,0.975,2104,COVID-19
DE,80+,2023-02-12,2023-01-24,-19 day ahead inc hosp,mean,NA,1958.351,COVID-19
DE,80+,2023-02-12,2023-01-24,-19 day ahead inc hosp,quantile,0.025,1940,COVID-19
DE,80+,2023-02-12,2023-01-24,-19 day ahead inc hosp,quantile,0.1,1946,COVID-19
DE,80+,2023-02-12,2023-01-24,-19 day ahead inc hosp,quantile,0.25,1952,COVID-19
DE,80+,2023-02-12,2023-01-24,-19 day ahead inc hosp,quantile,0.5,1958,COVID-19
DE,80+,2023-02-12,2023-01-24,-19 day ahead inc hosp,quantile,0.75,1965,COVID-19
DE,80+,2023-02-12,2023-01-24,-19 day ahead inc hosp,quantile,0.9,1971,COVID-19
DE,80+,2023-02-12,2023-01-24,-19 day ahead inc hosp,quantile,0.975,1980,COVID-19
DE,80+,2023-02-12,2023-01-25,-18 day ahead inc hosp,mean,NA,1979.683,COVID-19
DE,80+,2023-02-12,2023-01-25,-18 day ahead inc hosp,quantile,0.025,1961,COVID-19
DE,80+,2023-02-12,2023-01-25,-18 day ahead inc hosp,quantile,0.1,1967,COVID-19
DE,80+,2023-02-12,2023-01-25,-18 day ahead inc hosp,quantile,0.25,1973,COVID-19
DE,80+,2023-02-12,2023-01-25,-18 day ahead inc hosp,quantile,0.5,1979,COVID-19
DE,80+,2023-02-12,2023-01-25,-18 day ahead inc hosp,quantile,0.75,1986,COVID-19
DE,80+,2023-02-12,2023-01-25,-18 day ahead inc hosp,quantile,0.9,1993,COVID-19
DE,80+,2023-02-12,2023-01-25,-18 day ahead inc hosp,quantile,0.975,2000,COVID-19
DE,80+,2023-02-12,2023-01-26,-17 day ahead inc hosp,mean,NA,1977.261,COVID-19
DE,80+,2023-02-12,2023-01-26,-17 day ahead inc hosp,quantile,0.025,1957,COVID-19
DE,80+,2023-02-12,2023-01-26,-17 day ahead inc hosp,quantile,0.1,1963,COVID-19
DE,80+,2023-02-12,2023-01-26,-17 day ahead inc hosp,quantile,0.25,1970,COVID-19
DE,80+,2023-02-12,2023-01-26,-17 day ahead inc hosp,quantile,0.5,1977,COVID-19
DE,80+,2023-02-12,2023-01-26,-17 day ahead inc hosp,quantile,0.75,1985,COVID-19
DE,80+,2023-02-12,2023-01-26,-17 day ahead inc hosp,quantile,0.9,1991,COVID-19
DE,80+,2023-02-12,2023-01-26,-17 day ahead inc hosp,quantile,0.975,1999,COVID-19
DE,80+,2023-02-12,2023-01-27,-16 day ahead inc hosp,mean,NA,2004.78,COVID-19
DE,80+,2023-02-12,2023-01-27,-16 day ahead inc hosp,quantile,0.025,1983,COVID-19
DE,80+,2023-02-12,2023-01-27,-16 day ahead inc hosp,quantile,0.1,1990,COVID-19
DE,80+,2023-02-12,2023-01-27,-16 day ahead inc hosp,quantile,0.25,1997,COVID-19
DE,80+,2023-02-12,2023-01-27,-16 day ahead inc hosp,quantile,0.5,2005,COVID-19
DE,80+,2023-02-12,2023-01-27,-16 day ahead inc hosp,quantile,0.75,2013,COVID-19
DE,80+,2023-02-12,2023-01-27,-16 day ahead inc hosp,quantile,0.9,2020,COVID-19
DE,80+,2023-02-12,2023-01-27,-16 day ahead inc hosp,quantile,0.975,2027,COVID-19
DE,80+,2023-02-12,2023-01-28,-15 day ahead inc hosp,mean,NA,2080.068,COVID-19
DE,80+,2023-02-12,2023-01-28,-15 day ahead inc hosp,quantile,0.025,2057,COVID-19
DE,80+,2023-02-12,2023-01-28,-15 day ahead inc hosp,quantile,0.1,2064,COVID-19
DE,80+,2023-02-12,2023-01-28,-15 day ahead inc hosp,quantile,0.25,2072,COVID-19
DE,80+,2023-02-12,2023-01-28,-15 day ahead inc hosp,quantile,0.5,2079,COVID-19
DE,80+,2023-02-12,2023-01-28,-15 day ahead inc hosp,quantile,0.75,2088,COVID-19
DE,80+,2023-02-12,2023-01-28,-15 day ahead inc hosp,quantile,0.9,2097,COVID-19
DE,80+,2023-02-12,2023-01-28,-15 day ahead inc hosp,quantile,0.975,2106,COVID-19
DE,80+,2023-02-12,2023-01-29,-14 day ahead inc hosp,mean,NA,2088.262,COVID-19
DE,80+,2023-02-12,2023-01-29,-14 day ahead inc hosp,quantile,0.025,2063,COVID-19
DE,80+,2023-02-12,2023-01-29,-14 day ahead inc hosp,quantile,0.1,2073,COVID-19
DE,80+,2023-02-12,2023-01-29,-14 day ahead inc hosp,quantile,0.25,2080,COVID-19
DE,80+,2023-02-12,2023-01-29,-14 day ahead inc hosp,quantile,0.5,2088,COVID-19
DE,80+,2023-02-12,2023-01-29,-14 day ahead inc hosp,quantile,0.75,2096,COVID-19
DE,80+,2023-02-12,2023-01-29,-14 day ahead inc hosp,quantile,0.9,2105,COVID-19
DE,80+,2023-02-12,2023-01-29,-14 day ahead inc hosp,quantile,0.975,2115,COVID-19
DE,80+,2023-02-12,2023-01-30,-13 day ahead inc hosp,mean,NA,2108.876,COVID-19
DE,80+,2023-02-12,2023-01-30,-13 day ahead inc hosp,quantile,0.025,2083,COVID-19
DE,80+,2023-02-12,2023-01-30,-13 day ahead inc hosp,quantile,0.1,2093,COVID-19
DE,80+,2023-02-12,2023-01-30,-13 day ahead inc hosp,quantile,0.25,2100,COVID-19
DE,80+,2023-02-12,2023-01-30,-13 day ahead inc hosp,quantile,0.5,2108,COVID-19
DE,80+,2023-02-12,2023-01-30,-13 day ahead inc hosp,quantile,0.75,2117,COVID-19
DE,80+,2023-02-12,2023-01-30,-13 day ahead inc hosp,quantile,0.9,2127,COVID-19
DE,80+,2023-02-12,2023-01-30,-13 day ahead inc hosp,quantile,0.975,2136,COVID-19
DE,80+,2023-02-12,2023-01-31,-12 day ahead inc hosp,mean,NA,2173.92,COVID-19
DE,80+,2023-02-12,2023-01-31,-12 day ahead inc hosp,quantile,0.025,2146,COVID-19
DE,80+,2023-02-12,2023-01-31,-12 day ahead inc hosp,quantile,0.1,2155,COVID-19
DE,80+,2023-02-12,2023-01-31,-12 day ahead inc hosp,quantile,0.25,2163,COVID-19
DE,80+,2023-02-12,2023-01-31,-12 day ahead inc hosp,quantile,0.5,2173,COVID-19
DE,80+,2023-02-12,2023-01-31,-12 day ahead inc hosp,quantile,0.75,2185,COVID-19
DE,80+,2023-02-12,2023-01-31,-12 day ahead inc hosp,quantile,0.9,2194,COVID-19
DE,80+,2023-02-12,2023-01-31,-12 day ahead inc hosp,quantile,0.975,2203,COVID-19
DE,80+,2023-02-12,2023-02-01,-11 day ahead inc hosp,mean,NA,2221.36,COVID-19
DE,80+,2023-02-12,2023-02-01,-11 day ahead inc hosp,quantile,0.025,2190,COVID-19
DE,80+,2023-02-12,2023-02-01,-11 day ahead inc hosp,quantile,0.1,2199,COVID-19
DE,80+,2023-02-12,2023-02-01,-11 day ahead inc hosp,quantile,0.25,2209,COVID-19
DE,80+,2023-02-12,2023-02-01,-11 day ahead inc hosp,quantile,0.5,2221,COVID-19
DE,80+,2023-02-12,2023-02-01,-11 day ahead inc hosp,quantile,0.75,2233,COVID-19
DE,80+,2023-02-12,2023-02-01,-11 day ahead inc hosp,quantile,0.9,2243,COVID-19
DE,80+,2023-02-12,2023-02-01,-11 day ahead inc hosp,quantile,0.975,2254,COVID-19
DE,80+,2023-02-12,2023-02-02,-10 day ahead inc hosp,mean,NA,2366.568,COVID-19
DE,80+,2023-02-12,2023-02-02,-10 day ahead inc hosp,quantile,0.025,2331,COVID-19
DE,80+,2023-02-12,2023-02-02,-10 day ahead inc hosp,quantile,0.1,2342,COVID-19
DE,80+,2023-02-12,2023-02-02,-10 day ahead inc hosp,quantile,0.25,2353,COVID-19
DE,80+,2023-02-12,2023-02-02,-10 day ahead inc hosp,quantile,0.5,2366,COVID-19
DE,80+,2023-02-12,2023-02-02,-10 day ahead inc hosp,quantile,0.75,2380,COVID-19
DE,80+,2023-02-12,2023-02-02,-10 day ahead inc hosp,quantile,0.9,2392,COVID-19
DE,80+,2023-02-12,2023-02-02,-10 day ahead inc hosp,quantile,0.975,2403,COVID-19
DE,80+,2023-02-12,2023-02-03,-9 day ahead inc hosp,mean,NA,2378.167,COVID-19
DE,80+,2023-02-12,2023-02-03,-9 day ahead inc hosp,quantile,0.025,2337,COVID-19
DE,80+,2023-02-12,2023-02-03,-9 day ahead inc hosp,quantile,0.1,2351,COVID-19
DE,80+,2023-02-12,2023-02-03,-9 day ahead inc hosp,quantile,0.25,2363,COVID-19
DE,80+,2023-02-12,2023-02-03,-9 day ahead inc hosp,quantile,0.5,2378,COVID-19
DE,80+,2023-02-12,2023-02-03,-9 day ahead inc hosp,quantile,0.75,2392,COVID-19
DE,80+,2023-02-12,2023-02-03,-9 day ahead inc hosp,quantile,0.9,2407,COVID-19
DE,80+,2023-02-12,2023-02-03,-9 day ahead inc hosp,quantile,0.975,2422,COVID-19
DE,80+,2023-02-12,2023-02-04,-8 day ahead inc hosp,mean,NA,2480.637,COVID-19
DE,80+,2023-02-12,2023-02-04,-8 day ahead inc hosp,quantile,0.025,2432,COVID-19
DE,80+,2023-02-12,2023-02-04,-8 day ahead inc hosp,quantile,0.1,2450,COVID-19
DE,80+,2023-02-12,2023-02-04,-8 day ahead inc hosp,quantile,0.25,2463,COVID-19
DE,80+,2023-02-12,2023-02-04,-8 day ahead inc hosp,quantile,0.5,2480,COVID-19
DE,80+,2023-02-12,2023-02-04,-8 day ahead inc hosp,quantile,0.75,2497,COVID-19
DE,80+,2023-02-12,2023-02-04,-8 day ahead inc hosp,quantile,0.9,2514,COVID-19
DE,80+,2023-02-12,2023-02-04,-8 day ahead inc hosp,quantile,0.975,2535,COVID-19
DE,80+,2023-02-12,2023-02-05,-7 day ahead inc hosp,mean,NA,2503.371,COVID-19
DE,80+,2023-02-12,2023-02-05,-7 day ahead inc hosp,quantile,0.025,2454,COVID-19
DE,80+,2023-02-12,2023-02-05,-7 day ahead inc hosp,quantile,0.1,2470,COVID-19
DE,80+,2023-02-12,2023-02-05,-7 day ahead inc hosp,quantile,0.25,2485,COVID-19
DE,80+,2023-02-12,2023-02-05,-7 day ahead inc hosp,quantile,0.5,2502,COVID-19
DE,80+,2023-02-12,2023-02-05,-7 day ahead inc hosp,quantile,0.75,2520,COVID-19
DE,80+,2023-02-12,2023-02-05,-7 day ahead inc hosp,quantile,0.9,2538,COVID-19
DE,80+,2023-02-12,2023-02-05,-7 day ahead inc hosp,quantile,0.975,2561,COVID-19
DE,80+,2023-02-12,2023-02-06,-6 day ahead inc hosp,mean,NA,2502.51,COVID-19
DE,80+,2023-02-12,2023-02-06,-6 day ahead inc hosp,quantile,0.025,2452,COVID-19
DE,80+,2023-02-12,2023-02-06,-6 day ahead inc hosp,quantile,0.1,2469,COVID-19
DE,80+,2023-02-12,2023-02-06,-6 day ahead inc hosp,quantile,0.25,2484,COVID-19
DE,80+,2023-02-12,2023-02-06,-6 day ahead inc hosp,quantile,0.5,2502,COVID-19
DE,80+,2023-02-12,2023-02-06,-6 day ahead inc hosp,quantile,0.75,2519,COVID-19
DE,80+,2023-02-12,2023-02-06,-6 day ahead inc hosp,quantile,0.9,2538,COVID-19
DE,80+,2023-02-12,2023-02-06,-6 day ahead inc hosp,quantile,0.975,2562,COVID-19
DE,80+,2023-02-12,2023-02-07,-5 day ahead inc hosp,mean,NA,2700.538,COVID-19
DE,80+,2023-02-12,2023-02-07,-5 day ahead inc hosp,quantile,0.025,2635,COVID-19
DE,80+,2023-02-12,2023-02-07,-5 day ahead inc hosp,quantile,0.1,2655,COVID-19
DE,80+,2023-02-12,2023-02-07,-5 day ahead inc hosp,quantile,0.25,2676,COVID-19
DE,80+,2023-02-12,2023-02-07,-5 day ahead inc hosp,quantile,0.5,2699,COVID-19
DE,80+,2023-02-12,2023-02-07,-5 day ahead inc hosp,quantile,0.75,2723,COVID-19
DE,80+,2023-02-12,2023-02-07,-5 day ahead inc hosp,quantile,0.9,2749,COVID-19
DE,80+,2023-02-12,2023-02-07,-5 day ahead inc hosp,quantile,0.975,2776,COVID-19
DE,80+,2023-02-12,2023-02-08,-4 day ahead inc hosp,mean,NA,2829.282,COVID-19
DE,80+,2023-02-12,2023-02-08,-4 day ahead inc hosp,quantile,0.025,2747,COVID-19
DE,80+,2023-02-12,2023-02-08,-4 day ahead inc hosp,quantile,0.1,2773,COVID-19
DE,80+,2023-02-12,2023-02-08,-4 day ahead inc hosp,quantile,0.25,2797,COVID-19
DE,80+,2023-02-12,2023-02-08,-4 day ahead inc hosp,quantile,0.5,2827,COVID-19
DE,80+,2023-02-12,2023-02-08,-4 day ahead inc hosp,quantile,0.75,2858,COVID-19
DE,80+,2023-02-12,2023-02-08,-4 day ahead inc hosp,quantile,0.9,2888,COVID-19
DE,80+,2023-02-12,2023-02-08,-4 day ahead inc hosp,quantile,0.975,2934,COVID-19
DE,80+,2023-02-12,2023-02-09,-3 day ahead inc hosp,mean,NA,2891.622,COVID-19
DE,80+,2023-02-12,2023-02-09,-3 day ahead inc hosp,quantile,0.025,2782,COVID-19
DE,80+,2023-02-12,2023-02-09,-3 day ahead inc hosp,quantile,0.1,2816,COVID-19
DE,80+,2023-02-12,2023-02-09,-3 day ahead inc hosp,quantile,0.25,2849,COVID-19
DE,80+,2023-02-12,2023-02-09,-3 day ahead inc hosp,quantile,0.5,2886,COVID-19
DE,80+,2023-02-12,2023-02-09,-3 day ahead inc hosp,quantile,0.75,2930,COVID-19
DE,80+,2023-02-12,2023-02-09,-3 day ahead inc hosp,quantile,0.9,2972,COVID-19
DE,80+,2023-02-12,2023-02-09,-3 day ahead inc hosp,quantile,0.975,3023,COVID-19
DE,80+,2023-02-12,2023-02-10,-2 day ahead inc hosp,mean,NA,3028.054,COVID-19
DE,80+,2023-02-12,2023-02-10,-2 day ahead inc hosp,quantile,0.025,2874,COVID-19
DE,80+,2023-02-12,2023-02-10,-2 day ahead inc hosp,quantile,0.1,2922,COVID-19
DE,80+,2023-02-12,2023-02-10,-2 day ahead inc hosp,quantile,0.25,2968,COVID-19
DE,80+,2023-02-12,2023-02-10,-2 day ahead inc hosp,quantile,0.5,3024,COVID-19
DE,80+,2023-02-12,2023-02-10,-2 day ahead inc hosp,quantile,0.75,3080,COVID-19
DE,80+,2023-02-12,2023-02-10,-2 day ahead inc hosp,quantile,0.9,3140,COVID-19
DE,80+,2023-02-12,2023-02-10,-2 day ahead inc hosp,quantile,0.975,3208,COVID-19
DE,80+,2023-02-12,2023-02-11,-1 day ahead inc hosp,mean,NA,3015.643,COVID-19
DE,80+,2023-02-12,2023-02-11,-1 day ahead inc hosp,quantile,0.025,2798,COVID-19
DE,80+,2023-02-12,2023-02-11,-1 day ahead inc hosp,quantile,0.1,2866,COVID-19
DE,80+,2023-02-12,2023-02-11,-1 day ahead inc hosp,quantile,0.25,2927,COVID-19
DE,80+,2023-02-12,2023-02-11,-1 day ahead inc hosp,quantile,0.5,3006,COVID-19
DE,80+,2023-02-12,2023-02-11,-1 day ahead inc hosp,quantile,0.75,3090,COVID-19
DE,80+,2023-02-12,2023-02-11,-1 day ahead inc hosp,quantile,0.9,3186,COVID-19
DE,80+,2023-02-12,2023-02-11,-1 day ahead inc hosp,quantile,0.975,3281,COVID-19
DE,80+,2023-02-12,2023-02-12,0 day ahead inc hosp,mean,NA,3023.246,COVID-19
DE,80+,2023-02-12,2023-02-12,0 day ahead inc hosp,quantile,0.025,2787,COVID-19
DE,80+,2023-02-12,2023-02-12,0 day ahead inc hosp,quantile,0.1,2856,COVID-19
DE,80+,2023-02-12,2023-02-12,0 day ahead inc hosp,quantile,0.25,2926,COVID-19
DE,80+,2023-02-12,2023-02-12,0 day ahead inc hosp,quantile,0.5,3012,COVID-19
DE,80+,2023-02-12,2023-02-12,0 day ahead inc hosp,quantile,0.75,3106,COVID-19
DE,80+,2023-02-12,2023-02-12,0 day ahead inc hosp,quantile,0.9,3201,COVID-19
DE,80+,2023-02-12,2023-02-12,0 day ahead inc hosp,quantile,0.975,3308,COVID-19
DE-BB,00+,2023-02-12,2023-01-15,-28 day ahead inc hosp,mean,NA,259.86,COVID-19
DE-BB,00+,2023-02-12,2023-01-15,-28 day ahead inc hosp,quantile,0.025,256,COVID-19
DE-BB,00+,2023-02-12,2023-01-15,-28 day ahead inc hosp,quantile,0.1,257,COVID-19
DE-BB,00+,2023-02-12,2023-01-15,-28 day ahead inc hosp,quantile,0.25,258,COVID-19
DE-BB,00+,2023-02-12,2023-01-15,-28 day ahead inc hosp,quantile,0.5,260,COVID-19
DE-BB,00+,2023-02-12,2023-01-15,-28 day ahead inc hosp,quantile,0.75,261,COVID-19
DE-BB,00+,2023-02-12,2023-01-15,-28 day ahead inc hosp,quantile,0.9,263,COVID-19
DE-BB,00+,2023-02-12,2023-01-15,-28 day ahead inc hosp,quantile,0.975,265,COVID-19
DE-BB,00+,2023-02-12,2023-01-16,-27 day ahead inc hosp,mean,NA,261.856,COVID-19
DE-BB,00+,2023-02-12,2023-01-16,-27 day ahead inc hosp,quantile,0.025,258,COVID-19
DE-BB,00+,2023-02-12,2023-01-16,-27 day ahead inc hosp,quantile,0.1,259,COVID-19
DE-BB,00+,2023-02-12,2023-01-16,-27 day ahead inc hosp,quantile,0.25,260,COVID-19
DE-BB,00+,2023-02-12,2023-01-16,-27 day ahead inc hosp,quantile,0.5,262,COVID-19
DE-BB,00+,2023-02-12,2023-01-16,-27 day ahead inc hosp,quantile,0.75,263,COVID-19
DE-BB,00+,2023-02-12,2023-01-16,-27 day ahead inc hosp,quantile,0.9,265,COVID-19
DE-BB,00+,2023-02-12,2023-01-16,-27 day ahead inc hosp,quantile,0.975,267,COVID-19
DE-BB,00+,2023-02-12,2023-01-17,-26 day ahead inc hosp,mean,NA,252.007,COVID-19
DE-BB,00+,2023-02-12,2023-01-17,-26 day ahead inc hosp,quantile,0.025,248,COVID-19
DE-BB,00+,2023-02-12,2023-01-17,-26 day ahead inc hosp,quantile,0.1,249,COVID-19
DE-BB,00+,2023-02-12,2023-01-17,-26 day ahead inc hosp,quantile,0.25,250,COVID-19
DE-BB,00+,2023-02-12,2023-01-17,-26 day ahead inc hosp,quantile,0.5,252,COVID-19
DE-BB,00+,2023-02-12,2023-01-17,-26 day ahead inc hosp,quantile,0.75,254,COVID-19
DE-BB,00+,2023-02-12,2023-01-17,-26 day ahead inc hosp,quantile,0.9,255,COVID-19
DE-BB,00+,2023-02-12,2023-01-17,-26 day ahead inc hosp,quantile,0.975,257,COVID-19
DE-BB,00+,2023-02-12,2023-01-18,-25 day ahead inc hosp,mean,NA,235.119,COVID-19
DE-BB,00+,2023-02-12,2023-01-18,-25 day ahead inc hosp,quantile,0.025,231,COVID-19
DE-BB,00+,2023-02-12,2023-01-18,-25 day ahead inc hosp,quantile,0.1,232,COVID-19
DE-BB,00+,2023-02-12,2023-01-18,-25 day ahead inc hosp,quantile,0.25,233,COVID-19
DE-BB,00+,2023-02-12,2023-01-18,-25 day ahead inc hosp,quantile,0.5,235,COVID-19
DE-BB,00+,2023-02-12,2023-01-18,-25 day ahead inc hosp,quantile,0.75,236,COVID-19
DE-BB,00+,2023-02-12,2023-01-18,-25 day ahead inc hosp,quantile,0.9,238,COVID-19
DE-BB,00+,2023-02-12,2023-01-18,-25 day ahead inc hosp,quantile,0.975,240,COVID-19
DE-BB,00+,2023-02-12,2023-01-19,-24 day ahead inc hosp,mean,NA,217.149,COVID-19
DE-BB,00+,2023-02-12,2023-01-19,-24 day ahead inc hosp,quantile,0.025,213,COVID-19
DE-BB,00+,2023-02-12,2023-01-19,-24 day ahead inc hosp,quantile,0.1,214,COVID-19
DE-BB,00+,2023-02-12,2023-01-19,-24 day ahead inc hosp,quantile,0.25,216,COVID-19
DE-BB,00+,2023-02-12,2023-01-19,-24 day ahead inc hosp,quantile,0.5,217,COVID-19
DE-BB,00+,2023-02-12,2023-01-19,-24 day ahead inc hosp,quantile,0.75,218,COVID-19
DE-BB,00+,2023-02-12,2023-01-19,-24 day ahead inc hosp,quantile,0.9,220,COVID-19
DE-BB,00+,2023-02-12,2023-01-19,-24 day ahead inc hosp,quantile,0.975,223,COVID-19
DE-BB,00+,2023-02-12,2023-01-20,-23 day ahead inc hosp,mean,NA,193.313,COVID-19
DE-BB,00+,2023-02-12,2023-01-20,-23 day ahead inc hosp,quantile,0.025,189,COVID-19
DE-BB,00+,2023-02-12,2023-01-20,-23 day ahead inc hosp,quantile,0.1,190,COVID-19
DE-BB,00+,2023-02-12,2023-01-20,-23 day ahead inc hosp,quantile,0.25,192,COVID-19
DE-BB,00+,2023-02-12,2023-01-20,-23 day ahead inc hosp,quantile,0.5,193,COVID-19
DE-BB,00+,2023-02-12,2023-01-20,-23 day ahead inc hosp,quantile,0.75,195,COVID-19
DE-BB,00+,2023-02-12,2023-01-20,-23 day ahead inc hosp,quantile,0.9,196,COVID-19
DE-BB,00+,2023-02-12,2023-01-20,-23 day ahead inc hosp,quantile,0.975,198,COVID-19
DE-BB,00+,2023-02-12,2023-01-21,-22 day ahead inc hosp,mean,NA,190.522,COVID-19
DE-BB,00+,2023-02-12,2023-01-21,-22 day ahead inc hosp,quantile,0.025,186,COVID-19
DE-BB,00+,2023-02-12,2023-01-21,-22 day ahead inc hosp,quantile,0.1,188,COVID-19
DE-BB,00+,2023-02-12,2023-01-21,-22 day ahead inc hosp,quantile,0.25,189,COVID-19
DE-BB,00+,2023-02-12,2023-01-21,-22 day ahead inc hosp,quantile,0.5,190,COVID-19
DE-BB,00+,2023-02-12,2023-01-21,-22 day ahead inc hosp,quantile,0.75,192,COVID-19
DE-BB,00+,2023-02-12,2023-01-21,-22 day ahead inc hosp,quantile,0.9,194,COVID-19
DE-BB,00+,2023-02-12,2023-01-21,-22 day ahead inc hosp,quantile,0.975,196,COVID-19
DE-BB,00+,2023-02-12,2023-01-22,-21 day ahead inc hosp,mean,NA,189.584,COVID-19
DE-BB,00+,2023-02-12,2023-01-22,-21 day ahead inc hosp,quantile,0.025,185,COVID-19
DE-BB,00+,2023-02-12,2023-01-22,-21 day ahead inc hosp,quantile,0.1,187,COVID-19
DE-BB,00+,2023-02-12,2023-01-22,-21 day ahead inc hosp,quantile,0.25,188,COVID-19
DE-BB,00+,2023-02-12,2023-01-22,-21 day ahead inc hosp,quantile,0.5,189,COVID-19
DE-BB,00+,2023-02-12,2023-01-22,-21 day ahead inc hosp,quantile,0.75,191,COVID-19
DE-BB,00+,2023-02-12,2023-01-22,-21 day ahead inc hosp,quantile,0.9,193,COVID-19
DE-BB,00+,2023-02-12,2023-01-22,-21 day ahead inc hosp,quantile,0.975,195,COVID-19
DE-BB,00+,2023-02-12,2023-01-23,-20 day ahead inc hosp,mean,NA,186.609,COVID-19
DE-BB,00+,2023-02-12,2023-01-23,-20 day ahead inc hosp,quantile,0.025,182,COVID-19
DE-BB,00+,2023-02-12,2023-01-23,-20 day ahead inc hosp,quantile,0.1,184,COVID-19
DE-BB,00+,2023-02-12,2023-01-23,-20 day ahead inc hosp,quantile,0.25,185,COVID-19
DE-BB,00+,2023-02-12,2023-01-23,-20 day ahead inc hosp,quantile,0.5,186,COVID-19
DE-BB,00+,2023-02-12,2023-01-23,-20 day ahead inc hosp,quantile,0.75,188,COVID-19
DE-BB,00+,2023-02-12,2023-01-23,-20 day ahead inc hosp,quantile,0.9,190,COVID-19
DE-BB,00+,2023-02-12,2023-01-23,-20 day ahead inc hosp,quantile,0.975,192,COVID-19
DE-BB,00+,2023-02-12,2023-01-24,-19 day ahead inc hosp,mean,NA,156.984,COVID-19
DE-BB,00+,2023-02-12,2023-01-24,-19 day ahead inc hosp,quantile,0.025,153,COVID-19
DE-BB,00+,2023-02-12,2023-01-24,-19 day ahead inc hosp,quantile,0.1,154,COVID-19
DE-BB,00+,2023-02-12,2023-01-24,-19 day ahead inc hosp,quantile,0.25,155,COVID-19
DE-BB,00+,2023-02-12,2023-01-24,-19 day ahead inc hosp,quantile,0.5,157,COVID-19
DE-BB,00+,2023-02-12,2023-01-24,-19 day ahead inc hosp,quantile,0.75,159,COVID-19
DE-BB,00+,2023-02-12,2023-01-24,-19 day ahead inc hosp,quantile,0.9,160,COVID-19
DE-BB,00+,2023-02-12,2023-01-24,-19 day ahead inc hosp,quantile,0.975,163,COVID-19
DE-BB,00+,2023-02-12,2023-01-25,-18 day ahead inc hosp,mean,NA,155.548,COVID-19
DE-BB,00+,2023-02-12,2023-01-25,-18 day ahead inc hosp,quantile,0.025,151,COVID-19
DE-BB,00+,2023-02-12,2023-01-25,-18 day ahead inc hosp,quantile,0.1,152,COVID-19
DE-BB,00+,2023-02-12,2023-01-25,-18 day ahead inc hosp,quantile,0.25,154,COVID-19
DE-BB,00+,2023-02-12,2023-01-25,-18 day ahead inc hosp,quantile,0.5,155,COVID-19
DE-BB,00+,2023-02-12,2023-01-25,-18 day ahead inc hosp,quantile,0.75,157,COVID-19
DE-BB,00+,2023-02-12,2023-01-25,-18 day ahead inc hosp,quantile,0.9,159,COVID-19
DE-BB,00+,2023-02-12,2023-01-25,-18 day ahead inc hosp,quantile,0.975,161,COVID-19
DE-BB,00+,2023-02-12,2023-01-26,-17 day ahead inc hosp,mean,NA,159.135,COVID-19
DE-BB,00+,2023-02-12,2023-01-26,-17 day ahead inc hosp,quantile,0.025,154,COVID-19
DE-BB,00+,2023-02-12,2023-01-26,-17 day ahead inc hosp,quantile,0.1,156,COVID-19
DE-BB,00+,2023-02-12,2023-01-26,-17 day ahead inc hosp,quantile,0.25,157,COVID-19
DE-BB,00+,2023-02-12,2023-01-26,-17 day ahead inc hosp,quantile,0.5,159,COVID-19
DE-BB,00+,2023-02-12,2023-01-26,-17 day ahead inc hosp,quantile,0.75,161,COVID-19
DE-BB,00+,2023-02-12,2023-01-26,-17 day ahead inc hosp,quantile,0.9,163,COVID-19
DE-BB,00+,2023-02-12,2023-01-26,-17 day ahead inc hosp,quantile,0.975,165,COVID-19
DE-BB,00+,2023-02-12,2023-01-27,-16 day ahead inc hosp,mean,NA,165.775,COVID-19
DE-BB,00+,2023-02-12,2023-01-27,-16 day ahead inc hosp,quantile,0.025,161,COVID-19
DE-BB,00+,2023-02-12,2023-01-27,-16 day ahead inc hosp,quantile,0.1,162,COVID-19
DE-BB,00+,2023-02-12,2023-01-27,-16 day ahead inc hosp,quantile,0.25,164,COVID-19
DE-BB,00+,2023-02-12,2023-01-27,-16 day ahead inc hosp,quantile,0.5,166,COVID-19
DE-BB,00+,2023-02-12,2023-01-27,-16 day ahead inc hosp,quantile,0.75,168,COVID-19
DE-BB,00+,2023-02-12,2023-01-27,-16 day ahead inc hosp,quantile,0.9,169,COVID-19
DE-BB,00+,2023-02-12,2023-01-27,-16 day ahead inc hosp,quantile,0.975,172,COVID-19
DE-BB,00+,2023-02-12,2023-01-28,-15 day ahead inc hosp,mean,NA,160.511,COVID-19
DE-BB,00+,2023-02-12,2023-01-28,-15 day ahead inc hosp,quantile,0.025,155,COVID-19
DE-BB,00+,2023-02-12,2023-01-28,-15 day ahead inc hosp,quantile,0.1,157,COVID-19
DE-BB,00+,2023-02-12,2023-01-28,-15 day ahead inc hosp,quantile,0.25,158,COVID-19
DE-BB,00+,2023-02-12,2023-01-28,-15 day ahead inc hosp,quantile,0.5,160,COVID-19
DE-BB,00+,2023-02-12,2023-01-28,-15 day ahead inc hosp,quantile,0.75,162,COVID-19
DE-BB,00+,2023-02-12,2023-01-28,-15 day ahead inc hosp,quantile,0.9,164,COVID-19
DE-BB,00+,2023-02-12,2023-01-28,-15 day ahead inc hosp,quantile,0.975,167,COVID-19
DE-BB,00+,2023-02-12,2023-01-29,-14 day ahead inc hosp,mean,NA,159.628,COVID-19
DE-BB,00+,2023-02-12,2023-01-29,-14 day ahead inc hosp,quantile,0.025,154,COVID-19
DE-BB,00+,2023-02-12,2023-01-29,-14 day ahead inc hosp,quantile,0.1,156,COVID-19
DE-BB,00+,2023-02-12,2023-01-29,-14 day ahead inc hosp,quantile,0.25,157,COVID-19
DE-BB,00+,2023-02-12,2023-01-29,-14 day ahead inc hosp,quantile,0.5,160,COVID-19
DE-BB,00+,2023-02-12,2023-01-29,-14 day ahead inc hosp,quantile,0.75,162,COVID-19
DE-BB,00+,2023-02-12,2023-01-29,-14 day ahead inc hosp,quantile,0.9,163,COVID-19
DE-BB,00+,2023-02-12,2023-01-29,-14 day ahead inc hosp,quantile,0.975,166,COVID-19
DE-BB,00+,2023-02-12,2023-01-30,-13 day ahead inc hosp,mean,NA,159.754,COVID-19
DE-BB,00+,2023-02-12,2023-01-30,-13 day ahead inc hosp,quantile,0.025,154,COVID-19
DE-BB,00+,2023-02-12,2023-01-30,-13 day ahead inc hosp,quantile,0.1,156,COVID-19
DE-BB,00+,2023-02-12,2023-01-30,-13 day ahead inc hosp,quantile,0.25,158,COVID-19
DE-BB,00+,2023-02-12,2023-01-30,-13 day ahead inc hosp,quantile,0.5,160,COVID-19
DE-BB,00+,2023-02-12,2023-01-30,-13 day ahead inc hosp,quantile,0.75,162,COVID-19
DE-BB,00+,2023-02-12,2023-01-30,-13 day ahead inc hosp,quantile,0.9,164,COVID-19
DE-BB,00+,2023-02-12,2023-01-30,-13 day ahead inc hosp,quantile,0.975,166,COVID-19
DE-BB,00+,2023-02-12,2023-01-31,-12 day ahead inc hosp,mean,NA,179.124,COVID-19
DE-BB,00+,2023-02-12,2023-01-31,-12 day ahead inc hosp,quantile,0.025,173,COVID-19
DE-BB,00+,2023-02-12,2023-01-31,-12 day ahead inc hosp,quantile,0.1,175,COVID-19
DE-BB,00+,2023-02-12,2023-01-31,-12 day ahead inc hosp,quantile,0.25,177,COVID-19
DE-BB,00+,2023-02-12,2023-01-31,-12 day ahead inc hosp,quantile,0.5,179,COVID-19
DE-BB,00+,2023-02-12,2023-01-31,-12 day ahead inc hosp,quantile,0.75,181,COVID-19
DE-BB,00+,2023-02-12,2023-01-31,-12 day ahead inc hosp,quantile,0.9,184,COVID-19
DE-BB,00+,2023-02-12,2023-01-31,-12 day ahead inc hosp,quantile,0.975,186,COVID-19
DE-BB,00+,2023-02-12,2023-02-01,-11 day ahead inc hosp,mean,NA,165.569,COVID-19
DE-BB,00+,2023-02-12,2023-02-01,-11 day ahead inc hosp,quantile,0.025,159,COVID-19
DE-BB,00+,2023-02-12,2023-02-01,-11 day ahead inc hosp,quantile,0.1,161,COVID-19
DE-BB,00+,2023-02-12,2023-02-01,-11 day ahead inc hosp,quantile,0.25,163,COVID-19
DE-BB,00+,2023-02-12,2023-02-01,-11 day ahead inc hosp,quantile,0.5,165,COVID-19
DE-BB,00+,2023-02-12,2023-02-01,-11 day ahead inc hosp,quantile,0.75,168,COVID-19
DE-BB,00+,2023-02-12,2023-02-01,-11 day ahead inc hosp,quantile,0.9,170,COVID-19
DE-BB,00+,2023-02-12,2023-02-01,-11 day ahead inc hosp,quantile,0.975,173,COVID-19
DE-BB,00+,2023-02-12,2023-02-02,-10 day ahead inc hosp,mean,NA,166.16,COVID-19
DE-BB,00+,2023-02-12,2023-02-02,-10 day ahead inc hosp,quantile,0.025,159,COVID-19
DE-BB,00+,2023-02-12,2023-02-02,-10 day ahead inc hosp,quantile,0.1,161,COVID-19
DE-BB,00+,2023-02-12,2023-02-02,-10 day ahead inc hosp,quantile,0.25,163,COVID-19
DE-BB,00+,2023-02-12,2023-02-02,-10 day ahead inc hosp,quantile,0.5,166,COVID-19
DE-BB,00+,2023-02-12,2023-02-02,-10 day ahead inc hosp,quantile,0.75,169,COVID-19
DE-BB,00+,2023-02-12,2023-02-02,-10 day ahead inc hosp,quantile,0.9,171,COVID-19
DE-BB,00+,2023-02-12,2023-02-02,-10 day ahead inc hosp,quantile,0.975,175,COVID-19
DE-BB,00+,2023-02-12,2023-02-03,-9 day ahead inc hosp,mean,NA,166.03,COVID-19
DE-BB,00+,2023-02-12,2023-02-03,-9 day ahead inc hosp,quantile,0.025,158,COVID-19
DE-BB,00+,2023-02-12,2023-02-03,-9 day ahead inc hosp,quantile,0.1,161,COVID-19
DE-BB,00+,2023-02-12,2023-02-03,-9 day ahead inc hosp,quantile,0.25,163,COVID-19
DE-BB,00+,2023-02-12,2023-02-03,-9 day ahead inc hosp,quantile,0.5,166,COVID-19
DE-BB,00+,2023-02-12,2023-02-03,-9 day ahead inc hosp,quantile,0.75,169,COVID-19
DE-BB,00+,2023-02-12,2023-02-03,-9 day ahead inc hosp,quantile,0.9,172,COVID-19
DE-BB,00+,2023-02-12,2023-02-03,-9 day ahead inc hosp,quantile,0.975,175,COVID-19
DE-BB,00+,2023-02-12,2023-02-04,-8 day ahead inc hosp,mean,NA,174.064,COVID-19
DE-BB,00+,2023-02-12,2023-02-04,-8 day ahead inc hosp,quantile,0.025,166,COVID-19
DE-BB,00+,2023-02-12,2023-02-04,-8 day ahead inc hosp,quantile,0.1,168,COVID-19
DE-BB,00+,2023-02-12,2023-02-04,-8 day ahead inc hosp,quantile,0.25,171,COVID-19
DE-BB,00+,2023-02-12,2023-02-04,-8 day ahead inc hosp,quantile,0.5,174,COVID-19
DE-BB,00+,2023-02-12,2023-02-04,-8 day ahead inc hosp,quantile,0.75,177,COVID-19
DE-BB,00+,2023-02-12,2023-02-04,-8 day ahead inc hosp,quantile,0.9,180,COVID-19
DE-BB,00+,2023-02-12,2023-02-04,-8 day ahead inc hosp,quantile,0.975,184,COVID-19
DE-BB,00+,2023-02-12,2023-02-05,-7 day ahead inc hosp,mean,NA,174.541,COVID-19
DE-BB,00+,2023-02-12,2023-02-05,-7 day ahead inc hosp,quantile,0.025,166,COVID-19
DE-BB,00+,2023-02-12,2023-02-05,-7 day ahead inc hosp,quantile,0.1,169,COVID-19
DE-BB,00+,2023-02-12,2023-02-05,-7 day ahead inc hosp,quantile,0.25,171,COVID-19
DE-BB,00+,2023-02-12,2023-02-05,-7 day ahead inc hosp,quantile,0.5,174,COVID-19
DE-BB,00+,2023-02-12,2023-02-05,-7 day ahead inc hosp,quantile,0.75,177,COVID-19
DE-BB,00+,2023-02-12,2023-02-05,-7 day ahead inc hosp,quantile,0.9,181,COVID-19
DE-BB,00+,2023-02-12,2023-02-05,-7 day ahead inc hosp,quantile,0.975,184,COVID-19
DE-BB,00+,2023-02-12,2023-02-06,-6 day ahead inc hosp,mean,NA,174.826,COVID-19
DE-BB,00+,2023-02-12,2023-02-06,-6 day ahead inc hosp,quantile,0.025,167,COVID-19
DE-BB,00+,2023-02-12,2023-02-06,-6 day ahead inc hosp,quantile,0.1,169,COVID-19
DE-BB,00+,2023-02-12,2023-02-06,-6 day ahead inc hosp,quantile,0.25,171,COVID-19
DE-BB,00+,2023-02-12,2023-02-06,-6 day ahead inc hosp,quantile,0.5,175,COVID-19
DE-BB,00+,2023-02-12,2023-02-06,-6 day ahead inc hosp,quantile,0.75,178,COVID-19
DE-BB,00+,2023-02-12,2023-02-06,-6 day ahead inc hosp,quantile,0.9,181,COVID-19
DE-BB,00+,2023-02-12,2023-02-06,-6 day ahead inc hosp,quantile,0.975,184,COVID-19
DE-BB,00+,2023-02-12,2023-02-07,-5 day ahead inc hosp,mean,NA,166.794,COVID-19
DE-BB,00+,2023-02-12,2023-02-07,-5 day ahead inc hosp,quantile,0.025,157,COVID-19
DE-BB,00+,2023-02-12,2023-02-07,-5 day ahead inc hosp,quantile,0.1,160,COVID-19
DE-BB,00+,2023-02-12,2023-02-07,-5 day ahead inc hosp,quantile,0.25,163,COVID-19
DE-BB,00+,2023-02-12,2023-02-07,-5 day ahead inc hosp,quantile,0.5,166,COVID-19
DE-BB,00+,2023-02-12,2023-02-07,-5 day ahead inc hosp,quantile,0.75,171,COVID-19
DE-BB,00+,2023-02-12,2023-02-07,-5 day ahead inc hosp,quantile,0.9,174,COVID-19
DE-BB,00+,2023-02-12,2023-02-07,-5 day ahead inc hosp,quantile,0.975,179,COVID-19
DE-BB,00+,2023-02-12,2023-02-08,-4 day ahead inc hosp,mean,NA,176.392,COVID-19
DE-BB,00+,2023-02-12,2023-02-08,-4 day ahead inc hosp,quantile,0.025,165,COVID-19
DE-BB,00+,2023-02-12,2023-02-08,-4 day ahead inc hosp,quantile,0.1,168,COVID-19
DE-BB,00+,2023-02-12,2023-02-08,-4 day ahead inc hosp,quantile,0.25,172,COVID-19
DE-BB,00+,2023-02-12,2023-02-08,-4 day ahead inc hosp,quantile,0.5,176,COVID-19
DE-BB,00+,2023-02-12,2023-02-08,-4 day ahead inc hosp,quantile,0.75,180,COVID-19
DE-BB,00+,2023-02-12,2023-02-08,-4 day ahead inc hosp,quantile,0.9,185,COVID-19
DE-BB,00+,2023-02-12,2023-02-08,-4 day ahead inc hosp,quantile,0.975,190,COVID-19
DE-BB,00+,2023-02-12,2023-02-09,-3 day ahead inc hosp,mean,NA,174.244,COVID-19
DE-BB,00+,2023-02-12,2023-02-09,-3 day ahead inc hosp,quantile,0.025,161,COVID-19
DE-BB,00+,2023-02-12,2023-02-09,-3 day ahead inc hosp,quantile,0.1,166,COVID-19
DE-BB,00+,2023-02-12,2023-02-09,-3 day ahead inc hosp,quantile,0.25,169,COVID-19
DE-BB,00+,2023-02-12,2023-02-09,-3 day ahead inc hosp,quantile,0.5,174,COVID-19
DE-BB,00+,2023-02-12,2023-02-09,-3 day ahead inc hosp,quantile,0.75,179,COVID-19
DE-BB,00+,2023-02-12,2023-02-09,-3 day ahead inc hosp,quantile,0.9,183,COVID-19
DE-BB,00+,2023-02-12,2023-02-09,-3 day ahead inc hosp,quantile,0.975,190,COVID-19
DE-BB,00+,2023-02-12,2023-02-10,-2 day ahead inc hosp,mean,NA,186.123,COVID-19
DE-BB,00+,2023-02-12,2023-02-10,-2 day ahead inc hosp,quantile,0.025,171,COVID-19
DE-BB,00+,2023-02-12,2023-02-10,-2 day ahead inc hosp,quantile,0.1,176,COVID-19
DE-BB,00+,2023-02-12,2023-02-10,-2 day ahead inc hosp,quantile,0.25,180,COVID-19
DE-BB,00+,2023-02-12,2023-02-10,-2 day ahead inc hosp,quantile,0.5,186,COVID-19
DE-BB,00+,2023-02-12,2023-02-10,-2 day ahead inc hosp,quantile,0.75,191,COVID-19
DE-BB,00+,2023-02-12,2023-02-10,-2 day ahead inc hosp,quantile,0.9,197,COVID-19
DE-BB,00+,2023-02-12,2023-02-10,-2 day ahead inc hosp,quantile,0.975,204,COVID-19
DE-BB,00+,2023-02-12,2023-02-11,-1 day ahead inc hosp,mean,NA,185.03,COVID-19
DE-BB,00+,2023-02-12,2023-02-11,-1 day ahead inc hosp,quantile,0.025,167,COVID-19
DE-BB,00+,2023-02-12,2023-02-11,-1 day ahead inc hosp,quantile,0.1,173,COVID-19
DE-BB,00+,2023-02-12,2023-02-11,-1 day ahead inc hosp,quantile,0.25,178,COVID-19
DE-BB,00+,2023-02-12,2023-02-11,-1 day ahead inc hosp,quantile,0.5,184,COVID-19
DE-BB,00+,2023-02-12,2023-02-11,-1 day ahead inc hosp,quantile,0.75,192,COVID-19
DE-BB,00+,2023-02-12,2023-02-11,-1 day ahead inc hosp,quantile,0.9,199,COVID-19
DE-BB,00+,2023-02-12,2023-02-11,-1 day ahead inc hosp,quantile,0.975,207,COVID-19
DE-BB,00+,2023-02-12,2023-02-12,0 day ahead inc hosp,mean,NA,187.368,COVID-19
DE-BB,00+,2023-02-12,2023-02-12,0 day ahead inc hosp,quantile,0.025,168,COVID-19
DE-BB,00+,2023-02-12,2023-02-12,0 day ahead inc hosp,quantile,0.1,175,COVID-19
DE-BB,00+,2023-02-12,2023-02-12,0 day ahead inc hosp,quantile,0.25,180,COVID-19
DE-BB,00+,2023-02-12,2023-02-12,0 day ahead inc hosp,quantile,0.5,186,COVID-19
DE-BB,00+,2023-02-12,2023-02-12,0 day ahead inc hosp,quantile,0.75,194,COVID-19
DE-BB,00+,2023-02-12,2023-02-12,0 day ahead inc hosp,quantile,0.9,202,COVID-19
DE-BB,00+,2023-02-12,2023-02-12,0 day ahead inc hosp,quantile,0.975,211,COVID-19
DE-BE,00+,2023-02-12,2023-01-15,-28 day ahead inc hosp,mean,NA,303.973,COVID-19
DE-BE,00+,2023-02-12,2023-01-15,-28 day ahead inc hosp,quantile,0.025,298,COVID-19
DE-BE,00+,2023-02-12,2023-01-15,-28 day ahead inc hosp,quantile,0.1,300,COVID-19
DE-BE,00+,2023-02-12,2023-01-15,-28 day ahead inc hosp,quantile,0.25,302,COVID-19
DE-BE,00+,2023-02-12,2023-01-15,-28 day ahead inc hosp,quantile,0.5,304,COVID-19
DE-BE,00+,2023-02-12,2023-01-15,-28 day ahead inc hosp,quantile,0.75,306,COVID-19
DE-BE,00+,2023-02-12,2023-01-15,-28 day ahead inc hosp,quantile,0.9,308,COVID-19
DE-BE,00+,2023-02-12,2023-01-15,-28 day ahead inc hosp,quantile,0.975,312,COVID-19
DE-BE,00+,2023-02-12,2023-01-16,-27 day ahead inc hosp,mean,NA,303.973,COVID-19
DE-BE,00+,2023-02-12,2023-01-16,-27 day ahead inc hosp,quantile,0.025,298,COVID-19
DE-BE,00+,2023-02-12,2023-01-16,-27 day ahead inc hosp,quantile,0.1,300,COVID-19
DE-BE,00+,2023-02-12,2023-01-16,-27 day ahead inc hosp,quantile,0.25,302,COVID-19
DE-BE,00+,2023-02-12,2023-01-16,-27 day ahead inc hosp,quantile,0.5,304,COVID-19
DE-BE,00+,2023-02-12,2023-01-16,-27 day ahead inc hosp,quantile,0.75,306,COVID-19
DE-BE,00+,2023-02-12,2023-01-16,-27 day ahead inc hosp,quantile,0.9,308,COVID-19
DE-BE,00+,2023-02-12,2023-01-16,-27 day ahead inc hosp,quantile,0.975,312,COVID-19
DE-BE,00+,2023-02-12,2023-01-17,-26 day ahead inc hosp,mean,NA,291.982,COVID-19
DE-BE,00+,2023-02-12,2023-01-17,-26 day ahead inc hosp,quantile,0.025,286,COVID-19
DE-BE,00+,2023-02-12,2023-01-17,-26 day ahead inc hosp,quantile,0.1,288,COVID-19
DE-BE,00+,2023-02-12,2023-01-17,-26 day ahead inc hosp,quantile,0.25,290,COVID-19
DE-BE,00+,2023-02-12,2023-01-17,-26 day ahead inc hosp,quantile,0.5,292,COVID-19
DE-BE,00+,2023-02-12,2023-01-17,-26 day ahead inc hosp,quantile,0.75,294,COVID-19
DE-BE,00+,2023-02-12,2023-01-17,-26 day ahead inc hosp,quantile,0.9,296,COVID-19
DE-BE,00+,2023-02-12,2023-01-17,-26 day ahead inc hosp,quantile,0.975,299,COVID-19
DE-BE,00+,2023-02-12,2023-01-18,-25 day ahead inc hosp,mean,NA,281.226,COVID-19
DE-BE,00+,2023-02-12,2023-01-18,-25 day ahead inc hosp,quantile,0.025,275,COVID-19
DE-BE,00+,2023-02-12,2023-01-18,-25 day ahead inc hosp,quantile,0.1,277,COVID-19
DE-BE,00+,2023-02-12,2023-01-18,-25 day ahead inc hosp,quantile,0.25,279,COVID-19
DE-BE,00+,2023-02-12,2023-01-18,-25 day ahead inc hosp,quantile,0.5,281,COVID-19
DE-BE,00+,2023-02-12,2023-01-18,-25 day ahead inc hosp,quantile,0.75,283,COVID-19
DE-BE,00+,2023-02-12,2023-01-18,-25 day ahead inc hosp,quantile,0.9,286,COVID-19
DE-BE,00+,2023-02-12,2023-01-18,-25 day ahead inc hosp,quantile,0.975,289,COVID-19
DE-BE,00+,2023-02-12,2023-01-19,-24 day ahead inc hosp,mean,NA,271.379,COVID-19
DE-BE,00+,2023-02-12,2023-01-19,-24 day ahead inc hosp,quantile,0.025,265,COVID-19
DE-BE,00+,2023-02-12,2023-01-19,-24 day ahead inc hosp,quantile,0.1,267,COVID-19
DE-BE,00+,2023-02-12,2023-01-19,-24 day ahead inc hosp,quantile,0.25,269,COVID-19
DE-BE,00+,2023-02-12,2023-01-19,-24 day ahead inc hosp,quantile,0.5,271,COVID-19
DE-BE,00+,2023-02-12,2023-01-19,-24 day ahead inc hosp,quantile,0.75,274,COVID-19
DE-BE,00+,2023-02-12,2023-01-19,-24 day ahead inc hosp,quantile,0.9,276,COVID-19
DE-BE,00+,2023-02-12,2023-01-19,-24 day ahead inc hosp,quantile,0.975,278,COVID-19
DE-BE,00+,2023-02-12,2023-01-20,-23 day ahead inc hosp,mean,NA,267.584,COVID-19
DE-BE,00+,2023-02-12,2023-01-20,-23 day ahead inc hosp,quantile,0.025,261,COVID-19
DE-BE,00+,2023-02-12,2023-01-20,-23 day ahead inc hosp,quantile,0.1,263,COVID-19
DE-BE,00+,2023-02-12,2023-01-20,-23 day ahead inc hosp,quantile,0.25,265,COVID-19
DE-BE,00+,2023-02-12,2023-01-20,-23 day ahead inc hosp,quantile,0.5,267,COVID-19
DE-BE,00+,2023-02-12,2023-01-20,-23 day ahead inc hosp,quantile,0.75,270,COVID-19
DE-BE,00+,2023-02-12,2023-01-20,-23 day ahead inc hosp,quantile,0.9,272,COVID-19
DE-BE,00+,2023-02-12,2023-01-20,-23 day ahead inc hosp,quantile,0.975,275,COVID-19
DE-BE,00+,2023-02-12,2023-01-21,-22 day ahead inc hosp,mean,NA,264.022,COVID-19
DE-BE,00+,2023-02-12,2023-01-21,-22 day ahead inc hosp,quantile,0.025,258,COVID-19
DE-BE,00+,2023-02-12,2023-01-21,-22 day ahead inc hosp,quantile,0.1,260,COVID-19
DE-BE,00+,2023-02-12,2023-01-21,-22 day ahead inc hosp,quantile,0.25,261,COVID-19
DE-BE,00+,2023-02-12,2023-01-21,-22 day ahead inc hosp,quantile,0.5,264,COVID-19
DE-BE,00+,2023-02-12,2023-01-21,-22 day ahead inc hosp,quantile,0.75,266,COVID-19
DE-BE,00+,2023-02-12,2023-01-21,-22 day ahead inc hosp,quantile,0.9,269,COVID-19
DE-BE,00+,2023-02-12,2023-01-21,-22 day ahead inc hosp,quantile,0.975,272,COVID-19
DE-BE,00+,2023-02-12,2023-01-22,-21 day ahead inc hosp,mean,NA,257.04,COVID-19
DE-BE,00+,2023-02-12,2023-01-22,-21 day ahead inc hosp,quantile,0.025,251,COVID-19
DE-BE,00+,2023-02-12,2023-01-22,-21 day ahead inc hosp,quantile,0.1,253,COVID-19
DE-BE,00+,2023-02-12,2023-01-22,-21 day ahead inc hosp,quantile,0.25,254,COVID-19
DE-BE,00+,2023-02-12,2023-01-22,-21 day ahead inc hosp,quantile,0.5,257,COVID-19
DE-BE,00+,2023-02-12,2023-01-22,-21 day ahead inc hosp,quantile,0.75,259,COVID-19
DE-BE,00+,2023-02-12,2023-01-22,-21 day ahead inc hosp,quantile,0.9,262,COVID-19
DE-BE,00+,2023-02-12,2023-01-22,-21 day ahead inc hosp,quantile,0.975,265,COVID-19
DE-BE,00+,2023-02-12,2023-01-23,-20 day ahead inc hosp,mean,NA,257.057,COVID-19
DE-BE,00+,2023-02-12,2023-01-23,-20 day ahead inc hosp,quantile,0.025,251,COVID-19
DE-BE,00+,2023-02-12,2023-01-23,-20 day ahead inc hosp,quantile,0.1,253,COVID-19
DE-BE,00+,2023-02-12,2023-01-23,-20 day ahead inc hosp,quantile,0.25,254,COVID-19
DE-BE,00+,2023-02-12,2023-01-23,-20 day ahead inc hosp,quantile,0.5,257,COVID-19
DE-BE,00+,2023-02-12,2023-01-23,-20 day ahead inc hosp,quantile,0.75,259,COVID-19
DE-BE,00+,2023-02-12,2023-01-23,-20 day ahead inc hosp,quantile,0.9,262,COVID-19
DE-BE,00+,2023-02-12,2023-01-23,-20 day ahead inc hosp,quantile,0.975,265,COVID-19
DE-BE,00+,2023-02-12,2023-01-24,-19 day ahead inc hosp,mean,NA,264.089,COVID-19
DE-BE,00+,2023-02-12,2023-01-24,-19 day ahead inc hosp,quantile,0.025,258,COVID-19
DE-BE,00+,2023-02-12,2023-01-24,-19 day ahead inc hosp,quantile,0.1,259,COVID-19
DE-BE,00+,2023-02-12,2023-01-24,-19 day ahead inc hosp,quantile,0.25,261,COVID-19
DE-BE,00+,2023-02-12,2023-01-24,-19 day ahead inc hosp,quantile,0.5,264,COVID-19
DE-BE,00+,2023-02-12,2023-01-24,-19 day ahead inc hosp,quantile,0.75,266,COVID-19
DE-BE,00+,2023-02-12,2023-01-24,-19 day ahead inc hosp,quantile,0.9,269,COVID-19
DE-BE,00+,2023-02-12,2023-01-24,-19 day ahead inc hosp,quantile,0.975,272,COVID-19
DE-BE,00+,2023-02-12,2023-01-25,-18 day ahead inc hosp,mean,NA,253.308,COVID-19
DE-BE,00+,2023-02-12,2023-01-25,-18 day ahead inc hosp,quantile,0.025,246,COVID-19
DE-BE,00+,2023-02-12,2023-01-25,-18 day ahead inc hosp,quantile,0.1,248,COVID-19
DE-BE,00+,2023-02-12,2023-01-25,-18 day ahead inc hosp,quantile,0.25,251,COVID-19
DE-BE,00+,2023-02-12,2023-01-25,-18 day ahead inc hosp,quantile,0.5,253,COVID-19
DE-BE,00+,2023-02-12,2023-01-25,-18 day ahead inc hosp,quantile,0.75,256,COVID-19
DE-BE,00+,2023-02-12,2023-01-25,-18 day ahead inc hosp,quantile,0.9,259,COVID-19
DE-BE,00+,2023-02-12,2023-01-25,-18 day ahead inc hosp,quantile,0.975,262,COVID-19
DE-BE,00+,2023-02-12,2023-01-26,-17 day ahead inc hosp,mean,NA,248.336,COVID-19
DE-BE,00+,2023-02-12,2023-01-26,-17 day ahead inc hosp,quantile,0.025,241,COVID-19
DE-BE,00+,2023-02-12,2023-01-26,-17 day ahead inc hosp,quantile,0.1,243,COVID-19
DE-BE,00+,2023-02-12,2023-01-26,-17 day ahead inc hosp,quantile,0.25,245,COVID-19
DE-BE,00+,2023-02-12,2023-01-26,-17 day ahead inc hosp,quantile,0.5,248,COVID-19
DE-BE,00+,2023-02-12,2023-01-26,-17 day ahead inc hosp,quantile,0.75,251,COVID-19
DE-BE,00+,2023-02-12,2023-01-26,-17 day ahead inc hosp,quantile,0.9,254,COVID-19
DE-BE,00+,2023-02-12,2023-01-26,-17 day ahead inc hosp,quantile,0.975,257,COVID-19
DE-BE,00+,2023-02-12,2023-01-27,-16 day ahead inc hosp,mean,NA,257.789,COVID-19
DE-BE,00+,2023-02-12,2023-01-27,-16 day ahead inc hosp,quantile,0.025,250,COVID-19
DE-BE,00+,2023-02-12,2023-01-27,-16 day ahead inc hosp,quantile,0.1,252,COVID-19
DE-BE,00+,2023-02-12,2023-01-27,-16 day ahead inc hosp,quantile,0.25,255,COVID-19
DE-BE,00+,2023-02-12,2023-01-27,-16 day ahead inc hosp,quantile,0.5,258,COVID-19
DE-BE,00+,2023-02-12,2023-01-27,-16 day ahead inc hosp,quantile,0.75,261,COVID-19
DE-BE,00+,2023-02-12,2023-01-27,-16 day ahead inc hosp,quantile,0.9,264,COVID-19
DE-BE,00+,2023-02-12,2023-01-27,-16 day ahead inc hosp,quantile,0.975,267,COVID-19
DE-BE,00+,2023-02-12,2023-01-28,-15 day ahead inc hosp,mean,NA,249.225,COVID-19
DE-BE,00+,2023-02-12,2023-01-28,-15 day ahead inc hosp,quantile,0.025,241,COVID-19
DE-BE,00+,2023-02-12,2023-01-28,-15 day ahead inc hosp,quantile,0.1,243,COVID-19
DE-BE,00+,2023-02-12,2023-01-28,-15 day ahead inc hosp,quantile,0.25,246,COVID-19
DE-BE,00+,2023-02-12,2023-01-28,-15 day ahead inc hosp,quantile,0.5,249,COVID-19
DE-BE,00+,2023-02-12,2023-01-28,-15 day ahead inc hosp,quantile,0.75,252,COVID-19
DE-BE,00+,2023-02-12,2023-01-28,-15 day ahead inc hosp,quantile,0.9,256,COVID-19
DE-BE,00+,2023-02-12,2023-01-28,-15 day ahead inc hosp,quantile,0.975,259,COVID-19
DE-BE,00+,2023-02-12,2023-01-29,-14 day ahead inc hosp,mean,NA,249.307,COVID-19
DE-BE,00+,2023-02-12,2023-01-29,-14 day ahead inc hosp,quantile,0.025,241,COVID-19
DE-BE,00+,2023-02-12,2023-01-29,-14 day ahead inc hosp,quantile,0.1,243,COVID-19
DE-BE,00+,2023-02-12,2023-01-29,-14 day ahead inc hosp,quantile,0.25,246,COVID-19
DE-BE,00+,2023-02-12,2023-01-29,-14 day ahead inc hosp,quantile,0.5,249,COVID-19
DE-BE,00+,2023-02-12,2023-01-29,-14 day ahead inc hosp,quantile,0.75,252,COVID-19
DE-BE,00+,2023-02-12,2023-01-29,-14 day ahead inc hosp,quantile,0.9,256,COVID-19
DE-BE,00+,2023-02-12,2023-01-29,-14 day ahead inc hosp,quantile,0.975,259,COVID-19
DE-BE,00+,2023-02-12,2023-01-30,-13 day ahead inc hosp,mean,NA,249.352,COVID-19
DE-BE,00+,2023-02-12,2023-01-30,-13 day ahead inc hosp,quantile,0.025,241,COVID-19
DE-BE,00+,2023-02-12,2023-01-30,-13 day ahead inc hosp,quantile,0.1,243,COVID-19
DE-BE,00+,2023-02-12,2023-01-30,-13 day ahead inc hosp,quantile,0.25,246,COVID-19
DE-BE,00+,2023-02-12,2023-01-30,-13 day ahead inc hosp,quantile,0.5,249,COVID-19
DE-BE,00+,2023-02-12,2023-01-30,-13 day ahead inc hosp,quantile,0.75,252,COVID-19
DE-BE,00+,2023-02-12,2023-01-30,-13 day ahead inc hosp,quantile,0.9,256,COVID-19
DE-BE,00+,2023-02-12,2023-01-30,-13 day ahead inc hosp,quantile,0.975,259,COVID-19
DE-BE,00+,2023-02-12,2023-01-31,-12 day ahead inc hosp,mean,NA,235.801,COVID-19
DE-BE,00+,2023-02-12,2023-01-31,-12 day ahead inc hosp,quantile,0.025,227,COVID-19
DE-BE,00+,2023-02-12,2023-01-31,-12 day ahead inc hosp,quantile,0.1,230,COVID-19
DE-BE,00+,2023-02-12,2023-01-31,-12 day ahead inc hosp,quantile,0.25,232,COVID-19
DE-BE,00+,2023-02-12,2023-01-31,-12 day ahead inc hosp,quantile,0.5,235,COVID-19
DE-BE,00+,2023-02-12,2023-01-31,-12 day ahead inc hosp,quantile,0.75,239,COVID-19
DE-BE,00+,2023-02-12,2023-01-31,-12 day ahead inc hosp,quantile,0.9,243,COVID-19
DE-BE,00+,2023-02-12,2023-01-31,-12 day ahead inc hosp,quantile,0.975,246,COVID-19
DE-BE,00+,2023-02-12,2023-02-01,-11 day ahead inc hosp,mean,NA,250.907,COVID-19
DE-BE,00+,2023-02-12,2023-02-01,-11 day ahead inc hosp,quantile,0.025,240,COVID-19
DE-BE,00+,2023-02-12,2023-02-01,-11 day ahead inc hosp,quantile,0.1,244,COVID-19
DE-BE,00+,2023-02-12,2023-02-01,-11 day ahead inc hosp,quantile,0.25,247,COVID-19
DE-BE,00+,2023-02-12,2023-02-01,-11 day ahead inc hosp,quantile,0.5,251,COVID-19
DE-BE,00+,2023-02-12,2023-02-01,-11 day ahead inc hosp,quantile,0.75,255,COVID-19
DE-BE,00+,2023-02-12,2023-02-01,-11 day ahead inc hosp,quantile,0.9,258,COVID-19
DE-BE,00+,2023-02-12,2023-02-01,-11 day ahead inc hosp,quantile,0.975,263,COVID-19
DE-BE,00+,2023-02-12,2023-02-02,-10 day ahead inc hosp,mean,NA,271.883,COVID-19
DE-BE,00+,2023-02-12,2023-02-02,-10 day ahead inc hosp,quantile,0.025,260,COVID-19
DE-BE,00+,2023-02-12,2023-02-02,-10 day ahead inc hosp,quantile,0.1,264,COVID-19
DE-BE,00+,2023-02-12,2023-02-02,-10 day ahead inc hosp,quantile,0.25,267,COVID-19
DE-BE,00+,2023-02-12,2023-02-02,-10 day ahead inc hosp,quantile,0.5,271,COVID-19
DE-BE,00+,2023-02-12,2023-02-02,-10 day ahead inc hosp,quantile,0.75,276,COVID-19
DE-BE,00+,2023-02-12,2023-02-02,-10 day ahead inc hosp,quantile,0.9,280,COVID-19
DE-BE,00+,2023-02-12,2023-02-02,-10 day ahead inc hosp,quantile,0.975,285,COVID-19
DE-BE,00+,2023-02-12,2023-02-03,-9 day ahead inc hosp,mean,NA,275.302,COVID-19
DE-BE,00+,2023-02-12,2023-02-03,-9 day ahead inc hosp,quantile,0.025,262,COVID-19
DE-BE,00+,2023-02-12,2023-02-03,-9 day ahead inc hosp,quantile,0.1,266,COVID-19
DE-BE,00+,2023-02-12,2023-02-03,-9 day ahead inc hosp,quantile,0.25,270,COVID-19
DE-BE,00+,2023-02-12,2023-02-03,-9 day ahead inc hosp,quantile,0.5,275,COVID-19
DE-BE,00+,2023-02-12,2023-02-03,-9 day ahead inc hosp,quantile,0.75,280,COVID-19
DE-BE,00+,2023-02-12,2023-02-03,-9 day ahead inc hosp,quantile,0.9,285,COVID-19
DE-BE,00+,2023-02-12,2023-02-03,-9 day ahead inc hosp,quantile,0.975,289,COVID-19
DE-BE,00+,2023-02-12,2023-02-04,-8 day ahead inc hosp,mean,NA,294.602,COVID-19
DE-BE,00+,2023-02-12,2023-02-04,-8 day ahead inc hosp,quantile,0.025,279,COVID-19
DE-BE,00+,2023-02-12,2023-02-04,-8 day ahead inc hosp,quantile,0.1,285,COVID-19
DE-BE,00+,2023-02-12,2023-02-04,-8 day ahead inc hosp,quantile,0.25,290,COVID-19
DE-BE,00+,2023-02-12,2023-02-04,-8 day ahead inc hosp,quantile,0.5,294,COVID-19
DE-BE,00+,2023-02-12,2023-02-04,-8 day ahead inc hosp,quantile,0.75,299,COVID-19
DE-BE,00+,2023-02-12,2023-02-04,-8 day ahead inc hosp,quantile,0.9,305,COVID-19
DE-BE,00+,2023-02-12,2023-02-04,-8 day ahead inc hosp,quantile,0.975,311,COVID-19
DE-BE,00+,2023-02-12,2023-02-05,-7 day ahead inc hosp,mean,NA,294.87,COVID-19
DE-BE,00+,2023-02-12,2023-02-05,-7 day ahead inc hosp,quantile,0.025,280,COVID-19
DE-BE,00+,2023-02-12,2023-02-05,-7 day ahead inc hosp,quantile,0.1,285,COVID-19
DE-BE,00+,2023-02-12,2023-02-05,-7 day ahead inc hosp,quantile,0.25,290,COVID-19
DE-BE,00+,2023-02-12,2023-02-05,-7 day ahead inc hosp,quantile,0.5,295,COVID-19
DE-BE,00+,2023-02-12,2023-02-05,-7 day ahead inc hosp,quantile,0.75,300,COVID-19
DE-BE,00+,2023-02-12,2023-02-05,-7 day ahead inc hosp,quantile,0.9,305,COVID-19
DE-BE,00+,2023-02-12,2023-02-05,-7 day ahead inc hosp,quantile,0.975,311,COVID-19
DE-BE,00+,2023-02-12,2023-02-06,-6 day ahead inc hosp,mean,NA,294.991,COVID-19
DE-BE,00+,2023-02-12,2023-02-06,-6 day ahead inc hosp,quantile,0.025,280,COVID-19
DE-BE,00+,2023-02-12,2023-02-06,-6 day ahead inc hosp,quantile,0.1,285,COVID-19
DE-BE,00+,2023-02-12,2023-02-06,-6 day ahead inc hosp,quantile,0.25,290,COVID-19
DE-BE,00+,2023-02-12,2023-02-06,-6 day ahead inc hosp,quantile,0.5,295,COVID-19
DE-BE,00+,2023-02-12,2023-02-06,-6 day ahead inc hosp,quantile,0.75,300,COVID-19
DE-BE,00+,2023-02-12,2023-02-06,-6 day ahead inc hosp,quantile,0.9,305,COVID-19
DE-BE,00+,2023-02-12,2023-02-06,-6 day ahead inc hosp,quantile,0.975,311,COVID-19
DE-BE,00+,2023-02-12,2023-02-07,-5 day ahead inc hosp,mean,NA,295.153,COVID-19
DE-BE,00+,2023-02-12,2023-02-07,-5 day ahead inc hosp,quantile,0.025,278,COVID-19
DE-BE,00+,2023-02-12,2023-02-07,-5 day ahead inc hosp,quantile,0.1,283,COVID-19
DE-BE,00+,2023-02-12,2023-02-07,-5 day ahead inc hosp,quantile,0.25,289,COVID-19
DE-BE,00+,2023-02-12,2023-02-07,-5 day ahead inc hosp,quantile,0.5,295,COVID-19
DE-BE,00+,2023-02-12,2023-02-07,-5 day ahead inc hosp,quantile,0.75,302,COVID-19
DE-BE,00+,2023-02-12,2023-02-07,-5 day ahead inc hosp,quantile,0.9,308,COVID-19
DE-BE,00+,2023-02-12,2023-02-07,-5 day ahead inc hosp,quantile,0.975,314,COVID-19
DE-BE,00+,2023-02-12,2023-02-08,-4 day ahead inc hosp,mean,NA,306.411,COVID-19
DE-BE,00+,2023-02-12,2023-02-08,-4 day ahead inc hosp,quantile,0.025,284,COVID-19
DE-BE,00+,2023-02-12,2023-02-08,-4 day ahead inc hosp,quantile,0.1,291,COVID-19
DE-BE,00+,2023-02-12,2023-02-08,-4 day ahead inc hosp,quantile,0.25,297,COVID-19
DE-BE,00+,2023-02-12,2023-02-08,-4 day ahead inc hosp,quantile,0.5,306,COVID-19
DE-BE,00+,2023-02-12,2023-02-08,-4 day ahead inc hosp,quantile,0.75,314,COVID-19
DE-BE,00+,2023-02-12,2023-02-08,-4 day ahead inc hosp,quantile,0.9,323,COVID-19
DE-BE,00+,2023-02-12,2023-02-08,-4 day ahead inc hosp,quantile,0.975,331,COVID-19
DE-BE,00+,2023-02-12,2023-02-09,-3 day ahead inc hosp,mean,NA,295.436,COVID-19
DE-BE,00+,2023-02-12,2023-02-09,-3 day ahead inc hosp,quantile,0.025,268,COVID-19
DE-BE,00+,2023-02-12,2023-02-09,-3 day ahead inc hosp,quantile,0.1,277,COVID-19
DE-BE,00+,2023-02-12,2023-02-09,-3 day ahead inc hosp,quantile,0.25,285,COVID-19
DE-BE,00+,2023-02-12,2023-02-09,-3 day ahead inc hosp,quantile,0.5,295,COVID-19
DE-BE,00+,2023-02-12,2023-02-09,-3 day ahead inc hosp,quantile,0.75,305,COVID-19
DE-BE,00+,2023-02-12,2023-02-09,-3 day ahead inc hosp,quantile,0.9,315,COVID-19
DE-BE,00+,2023-02-12,2023-02-09,-3 day ahead inc hosp,quantile,0.975,325,COVID-19
DE-BE,00+,2023-02-12,2023-02-10,-2 day ahead inc hosp,mean,NA,287.926,COVID-19
DE-BE,00+,2023-02-12,2023-02-10,-2 day ahead inc hosp,quantile,0.025,256,COVID-19
DE-BE,00+,2023-02-12,2023-02-10,-2 day ahead inc hosp,quantile,0.1,265,COVID-19
DE-BE,00+,2023-02-12,2023-02-10,-2 day ahead inc hosp,quantile,0.25,275,COVID-19
DE-BE,00+,2023-02-12,2023-02-10,-2 day ahead inc hosp,quantile,0.5,287,COVID-19
DE-BE,00+,2023-02-12,2023-02-10,-2 day ahead inc hosp,quantile,0.75,300,COVID-19
DE-BE,00+,2023-02-12,2023-02-10,-2 day ahead inc hosp,quantile,0.9,313,COVID-19
DE-BE,00+,2023-02-12,2023-02-10,-2 day ahead inc hosp,quantile,0.975,326,COVID-19
DE-BE,00+,2023-02-12,2023-02-11,-1 day ahead inc hosp,mean,NA,290.149,COVID-19
DE-BE,00+,2023-02-12,2023-02-11,-1 day ahead inc hosp,quantile,0.025,250,COVID-19
DE-BE,00+,2023-02-12,2023-02-11,-1 day ahead inc hosp,quantile,0.1,261,COVID-19
DE-BE,00+,2023-02-12,2023-02-11,-1 day ahead inc hosp,quantile,0.25,273,COVID-19
DE-BE,00+,2023-02-12,2023-02-11,-1 day ahead inc hosp,quantile,0.5,288,COVID-19
DE-BE,00+,2023-02-12,2023-02-11,-1 day ahead inc hosp,quantile,0.75,306,COVID-19
DE-BE,00+,2023-02-12,2023-02-11,-1 day ahead inc hosp,quantile,0.9,321,COVID-19
DE-BE,00+,2023-02-12,2023-02-11,-1 day ahead inc hosp,quantile,0.975,339,COVID-19
DE-BE,00+,2023-02-12,2023-02-12,0 day ahead inc hosp,mean,NA,291.74,COVID-19
DE-BE,00+,2023-02-12,2023-02-12,0 day ahead inc hosp,quantile,0.025,251,COVID-19
DE-BE,00+,2023-02-12,2023-02-12,0 day ahead inc hosp,quantile,0.1,262,COVID-19
DE-BE,00+,2023-02-12,2023-02-12,0 day ahead inc hosp,quantile,0.25,275,COVID-19
DE-BE,00+,2023-02-12,2023-02-12,0 day ahead inc hosp,quantile,0.5,290,COVID-19
DE-BE,00+,2023-02-12,2023-02-12,0 day ahead inc hosp,quantile,0.75,307,COVID-19
DE-BE,00+,2023-02-12,2023-02-12,0 day ahead inc hosp,quantile,0.9,323,COVID-19
DE-BE,00+,2023-02-12,2023-02-12,0 day ahead inc hosp,quantile,0.975,342,COVID-19
DE-BW,00+,2023-02-12,2023-01-15,-28 day ahead inc hosp,mean,NA,538.743,COVID-19
DE-BW,00+,2023-02-12,2023-01-15,-28 day ahead inc hosp,quantile,0.025,533,COVID-19
DE-BW,00+,2023-02-12,2023-01-15,-28 day ahead inc hosp,quantile,0.1,535,COVID-19
DE-BW,00+,2023-02-12,2023-01-15,-28 day ahead inc hosp,quantile,0.25,536,COVID-19
DE-BW,00+,2023-02-12,2023-01-15,-28 day ahead inc hosp,quantile,0.5,539,COVID-19
DE-BW,00+,2023-02-12,2023-01-15,-28 day ahead inc hosp,quantile,0.75,541,COVID-19
DE-BW,00+,2023-02-12,2023-01-15,-28 day ahead inc hosp,quantile,0.9,543,COVID-19
DE-BW,00+,2023-02-12,2023-01-15,-28 day ahead inc hosp,quantile,0.975,546,COVID-19
DE-BW,00+,2023-02-12,2023-01-16,-27 day ahead inc hosp,mean,NA,535.803,COVID-19
DE-BW,00+,2023-02-12,2023-01-16,-27 day ahead inc hosp,quantile,0.025,530,COVID-19
DE-BW,00+,2023-02-12,2023-01-16,-27 day ahead inc hosp,quantile,0.1,532,COVID-19
DE-BW,00+,2023-02-12,2023-01-16,-27 day ahead inc hosp,quantile,0.25,533,COVID-19
DE-BW,00+,2023-02-12,2023-01-16,-27 day ahead inc hosp,quantile,0.5,536,COVID-19
DE-BW,00+,2023-02-12,2023-01-16,-27 day ahead inc hosp,quantile,0.75,538,COVID-19
DE-BW,00+,2023-02-12,2023-01-16,-27 day ahead inc hosp,quantile,0.9,540,COVID-19
DE-BW,00+,2023-02-12,2023-01-16,-27 day ahead inc hosp,quantile,0.975,543,COVID-19
DE-BW,00+,2023-02-12,2023-01-17,-26 day ahead inc hosp,mean,NA,445.947,COVID-19
DE-BW,00+,2023-02-12,2023-01-17,-26 day ahead inc hosp,quantile,0.025,440,COVID-19
DE-BW,00+,2023-02-12,2023-01-17,-26 day ahead inc hosp,quantile,0.1,442,COVID-19
DE-BW,00+,2023-02-12,2023-01-17,-26 day ahead inc hosp,quantile,0.25,444,COVID-19
DE-BW,00+,2023-02-12,2023-01-17,-26 day ahead inc hosp,quantile,0.5,446,COVID-19
DE-BW,00+,2023-02-12,2023-01-17,-26 day ahead inc hosp,quantile,0.75,448,COVID-19
DE-BW,00+,2023-02-12,2023-01-17,-26 day ahead inc hosp,quantile,0.9,450,COVID-19
DE-BW,00+,2023-02-12,2023-01-17,-26 day ahead inc hosp,quantile,0.975,453,COVID-19
DE-BW,00+,2023-02-12,2023-01-18,-25 day ahead inc hosp,mean,NA,407.055,COVID-19
DE-BW,00+,2023-02-12,2023-01-18,-25 day ahead inc hosp,quantile,0.025,401,COVID-19
DE-BW,00+,2023-02-12,2023-01-18,-25 day ahead inc hosp,quantile,0.1,403,COVID-19
DE-BW,00+,2023-02-12,2023-01-18,-25 day ahead inc hosp,quantile,0.25,405,COVID-19
DE-BW,00+,2023-02-12,2023-01-18,-25 day ahead inc hosp,quantile,0.5,407,COVID-19
DE-BW,00+,2023-02-12,2023-01-18,-25 day ahead inc hosp,quantile,0.75,409,COVID-19
DE-BW,00+,2023-02-12,2023-01-18,-25 day ahead inc hosp,quantile,0.9,412,COVID-19
DE-BW,00+,2023-02-12,2023-01-18,-25 day ahead inc hosp,quantile,0.975,414,COVID-19
DE-BW,00+,2023-02-12,2023-01-19,-24 day ahead inc hosp,mean,NA,388.27,COVID-19
DE-BW,00+,2023-02-12,2023-01-19,-24 day ahead inc hosp,quantile,0.025,382,COVID-19
DE-BW,00+,2023-02-12,2023-01-19,-24 day ahead inc hosp,quantile,0.1,384,COVID-19
DE-BW,00+,2023-02-12,2023-01-19,-24 day ahead inc hosp,quantile,0.25,386,COVID-19
DE-BW,00+,2023-02-12,2023-01-19,-24 day ahead inc hosp,quantile,0.5,388,COVID-19
DE-BW,00+,2023-02-12,2023-01-19,-24 day ahead inc hosp,quantile,0.75,390,COVID-19
DE-BW,00+,2023-02-12,2023-01-19,-24 day ahead inc hosp,quantile,0.9,393,COVID-19
DE-BW,00+,2023-02-12,2023-01-19,-24 day ahead inc hosp,quantile,0.975,395,COVID-19
DE-BW,00+,2023-02-12,2023-01-20,-23 day ahead inc hosp,mean,NA,384.744,COVID-19
DE-BW,00+,2023-02-12,2023-01-20,-23 day ahead inc hosp,quantile,0.025,379,COVID-19
DE-BW,00+,2023-02-12,2023-01-20,-23 day ahead inc hosp,quantile,0.1,380,COVID-19
DE-BW,00+,2023-02-12,2023-01-20,-23 day ahead inc hosp,quantile,0.25,382,COVID-19
DE-BW,00+,2023-02-12,2023-01-20,-23 day ahead inc hosp,quantile,0.5,385,COVID-19
DE-BW,00+,2023-02-12,2023-01-20,-23 day ahead inc hosp,quantile,0.75,387,COVID-19
DE-BW,00+,2023-02-12,2023-01-20,-23 day ahead inc hosp,quantile,0.9,389,COVID-19
DE-BW,00+,2023-02-12,2023-01-20,-23 day ahead inc hosp,quantile,0.975,392,COVID-19
DE-BW,00+,2023-02-12,2023-01-21,-22 day ahead inc hosp,mean,NA,369.268,COVID-19
DE-BW,00+,2023-02-12,2023-01-21,-22 day ahead inc hosp,quantile,0.025,363,COVID-19
DE-BW,00+,2023-02-12,2023-01-21,-22 day ahead inc hosp,quantile,0.1,365,COVID-19
DE-BW,00+,2023-02-12,2023-01-21,-22 day ahead inc hosp,quantile,0.25,367,COVID-19
DE-BW,00+,2023-02-12,2023-01-21,-22 day ahead inc hosp,quantile,0.5,369,COVID-19
DE-BW,00+,2023-02-12,2023-01-21,-22 day ahead inc hosp,quantile,0.75,372,COVID-19
DE-BW,00+,2023-02-12,2023-01-21,-22 day ahead inc hosp,quantile,0.9,374,COVID-19
DE-BW,00+,2023-02-12,2023-01-21,-22 day ahead inc hosp,quantile,0.975,377,COVID-19
DE-BW,00+,2023-02-12,2023-01-22,-21 day ahead inc hosp,mean,NA,373.431,COVID-19
DE-BW,00+,2023-02-12,2023-01-22,-21 day ahead inc hosp,quantile,0.025,367,COVID-19
DE-BW,00+,2023-02-12,2023-01-22,-21 day ahead inc hosp,quantile,0.1,369,COVID-19
DE-BW,00+,2023-02-12,2023-01-22,-21 day ahead inc hosp,quantile,0.25,371,COVID-19
DE-BW,00+,2023-02-12,2023-01-22,-21 day ahead inc hosp,quantile,0.5,373,COVID-19
DE-BW,00+,2023-02-12,2023-01-22,-21 day ahead inc hosp,quantile,0.75,376,COVID-19
DE-BW,00+,2023-02-12,2023-01-22,-21 day ahead inc hosp,quantile,0.9,378,COVID-19
DE-BW,00+,2023-02-12,2023-01-22,-21 day ahead inc hosp,quantile,0.975,381,COVID-19
DE-BW,00+,2023-02-12,2023-01-23,-20 day ahead inc hosp,mean,NA,372.607,COVID-19
DE-BW,00+,2023-02-12,2023-01-23,-20 day ahead inc hosp,quantile,0.025,366,COVID-19
DE-BW,00+,2023-02-12,2023-01-23,-20 day ahead inc hosp,quantile,0.1,368,COVID-19
DE-BW,00+,2023-02-12,2023-01-23,-20 day ahead inc hosp,quantile,0.25,370,COVID-19
DE-BW,00+,2023-02-12,2023-01-23,-20 day ahead inc hosp,quantile,0.5,372,COVID-19
DE-BW,00+,2023-02-12,2023-01-23,-20 day ahead inc hosp,quantile,0.75,375,COVID-19
DE-BW,00+,2023-02-12,2023-01-23,-20 day ahead inc hosp,quantile,0.9,377,COVID-19
DE-BW,00+,2023-02-12,2023-01-23,-20 day ahead inc hosp,quantile,0.975,380,COVID-19
DE-BW,00+,2023-02-12,2023-01-24,-19 day ahead inc hosp,mean,NA,335.786,COVID-19
DE-BW,00+,2023-02-12,2023-01-24,-19 day ahead inc hosp,quantile,0.025,329,COVID-19
DE-BW,00+,2023-02-12,2023-01-24,-19 day ahead inc hosp,quantile,0.1,331,COVID-19
DE-BW,00+,2023-02-12,2023-01-24,-19 day ahead inc hosp,quantile,0.25,333,COVID-19
DE-BW,00+,2023-02-12,2023-01-24,-19 day ahead inc hosp,quantile,0.5,336,COVID-19
DE-BW,00+,2023-02-12,2023-01-24,-19 day ahead inc hosp,quantile,0.75,338,COVID-19
DE-BW,00+,2023-02-12,2023-01-24,-19 day ahead inc hosp,quantile,0.9,341,COVID-19
DE-BW,00+,2023-02-12,2023-01-24,-19 day ahead inc hosp,quantile,0.975,343,COVID-19
DE-BW,00+,2023-02-12,2023-01-25,-18 day ahead inc hosp,mean,NA,323.036,COVID-19
DE-BW,00+,2023-02-12,2023-01-25,-18 day ahead inc hosp,quantile,0.025,316,COVID-19
DE-BW,00+,2023-02-12,2023-01-25,-18 day ahead inc hosp,quantile,0.1,318,COVID-19
DE-BW,00+,2023-02-12,2023-01-25,-18 day ahead inc hosp,quantile,0.25,320,COVID-19
DE-BW,00+,2023-02-12,2023-01-25,-18 day ahead inc hosp,quantile,0.5,323,COVID-19
DE-BW,00+,2023-02-12,2023-01-25,-18 day ahead inc hosp,quantile,0.75,326,COVID-19
DE-BW,00+,2023-02-12,2023-01-25,-18 day ahead inc hosp,quantile,0.9,328,COVID-19
DE-BW,00+,2023-02-12,2023-01-25,-18 day ahead inc hosp,quantile,0.975,331,COVID-19
DE-BW,00+,2023-02-12,2023-01-26,-17 day ahead inc hosp,mean,NA,327.606,COVID-19
DE-BW,00+,2023-02-12,2023-01-26,-17 day ahead inc hosp,quantile,0.025,320,COVID-19
DE-BW,00+,2023-02-12,2023-01-26,-17 day ahead inc hosp,quantile,0.1,323,COVID-19
DE-BW,00+,2023-02-12,2023-01-26,-17 day ahead inc hosp,quantile,0.25,325,COVID-19
DE-BW,00+,2023-02-12,2023-01-26,-17 day ahead inc hosp,quantile,0.5,327,COVID-19
DE-BW,00+,2023-02-12,2023-01-26,-17 day ahead inc hosp,quantile,0.75,330,COVID-19
DE-BW,00+,2023-02-12,2023-01-26,-17 day ahead inc hosp,quantile,0.9,333,COVID-19
DE-BW,00+,2023-02-12,2023-01-26,-17 day ahead inc hosp,quantile,0.975,336,COVID-19
DE-BW,00+,2023-02-12,2023-01-27,-16 day ahead inc hosp,mean,NA,375.45,COVID-19
DE-BW,00+,2023-02-12,2023-01-27,-16 day ahead inc hosp,quantile,0.025,368,COVID-19
DE-BW,00+,2023-02-12,2023-01-27,-16 day ahead inc hosp,quantile,0.1,370,COVID-19
DE-BW,00+,2023-02-12,2023-01-27,-16 day ahead inc hosp,quantile,0.25,373,COVID-19
DE-BW,00+,2023-02-12,2023-01-27,-16 day ahead inc hosp,quantile,0.5,375,COVID-19
DE-BW,00+,2023-02-12,2023-01-27,-16 day ahead inc hosp,quantile,0.75,378,COVID-19
DE-BW,00+,2023-02-12,2023-01-27,-16 day ahead inc hosp,quantile,0.9,381,COVID-19
DE-BW,00+,2023-02-12,2023-01-27,-16 day ahead inc hosp,quantile,0.975,384,COVID-19
DE-BW,00+,2023-02-12,2023-01-28,-15 day ahead inc hosp,mean,NA,378.733,COVID-19
DE-BW,00+,2023-02-12,2023-01-28,-15 day ahead inc hosp,quantile,0.025,370,COVID-19
DE-BW,00+,2023-02-12,2023-01-28,-15 day ahead inc hosp,quantile,0.1,373,COVID-19
DE-BW,00+,2023-02-12,2023-01-28,-15 day ahead inc hosp,quantile,0.25,375,COVID-19
DE-BW,00+,2023-02-12,2023-01-28,-15 day ahead inc hosp,quantile,0.5,379,COVID-19
DE-BW,00+,2023-02-12,2023-01-28,-15 day ahead inc hosp,quantile,0.75,382,COVID-19
DE-BW,00+,2023-02-12,2023-01-28,-15 day ahead inc hosp,quantile,0.9,384,COVID-19
DE-BW,00+,2023-02-12,2023-01-28,-15 day ahead inc hosp,quantile,0.975,389,COVID-19
DE-BW,00+,2023-02-12,2023-01-29,-14 day ahead inc hosp,mean,NA,377.392,COVID-19
DE-BW,00+,2023-02-12,2023-01-29,-14 day ahead inc hosp,quantile,0.025,369,COVID-19
DE-BW,00+,2023-02-12,2023-01-29,-14 day ahead inc hosp,quantile,0.1,372,COVID-19
DE-BW,00+,2023-02-12,2023-01-29,-14 day ahead inc hosp,quantile,0.25,374,COVID-19
DE-BW,00+,2023-02-12,2023-01-29,-14 day ahead inc hosp,quantile,0.5,377,COVID-19
DE-BW,00+,2023-02-12,2023-01-29,-14 day ahead inc hosp,quantile,0.75,380,COVID-19
DE-BW,00+,2023-02-12,2023-01-29,-14 day ahead inc hosp,quantile,0.9,384,COVID-19
DE-BW,00+,2023-02-12,2023-01-29,-14 day ahead inc hosp,quantile,0.975,388,COVID-19
DE-BW,00+,2023-02-12,2023-01-30,-13 day ahead inc hosp,mean,NA,385.99,COVID-19
DE-BW,00+,2023-02-12,2023-01-30,-13 day ahead inc hosp,quantile,0.025,377,COVID-19
DE-BW,00+,2023-02-12,2023-01-30,-13 day ahead inc hosp,quantile,0.1,380,COVID-19
DE-BW,00+,2023-02-12,2023-01-30,-13 day ahead inc hosp,quantile,0.25,383,COVID-19
DE-BW,00+,2023-02-12,2023-01-30,-13 day ahead inc hosp,quantile,0.5,386,COVID-19
DE-BW,00+,2023-02-12,2023-01-30,-13 day ahead inc hosp,quantile,0.75,389,COVID-19
DE-BW,00+,2023-02-12,2023-01-30,-13 day ahead inc hosp,quantile,0.9,392,COVID-19
DE-BW,00+,2023-02-12,2023-01-30,-13 day ahead inc hosp,quantile,0.975,396,COVID-19
DE-BW,00+,2023-02-12,2023-01-31,-12 day ahead inc hosp,mean,NA,422.856,COVID-19
DE-BW,00+,2023-02-12,2023-01-31,-12 day ahead inc hosp,quantile,0.025,413,COVID-19
DE-BW,00+,2023-02-12,2023-01-31,-12 day ahead inc hosp,quantile,0.1,416,COVID-19
DE-BW,00+,2023-02-12,2023-01-31,-12 day ahead inc hosp,quantile,0.25,419,COVID-19
DE-BW,00+,2023-02-12,2023-01-31,-12 day ahead inc hosp,quantile,0.5,423,COVID-19
DE-BW,00+,2023-02-12,2023-01-31,-12 day ahead inc hosp,quantile,0.75,426,COVID-19
DE-BW,00+,2023-02-12,2023-01-31,-12 day ahead inc hosp,quantile,0.9,430,COVID-19
DE-BW,00+,2023-02-12,2023-01-31,-12 day ahead inc hosp,quantile,0.975,435,COVID-19
DE-BW,00+,2023-02-12,2023-02-01,-11 day ahead inc hosp,mean,NA,449.039,COVID-19
DE-BW,00+,2023-02-12,2023-02-01,-11 day ahead inc hosp,quantile,0.025,438,COVID-19
DE-BW,00+,2023-02-12,2023-02-01,-11 day ahead inc hosp,quantile,0.1,441,COVID-19
DE-BW,00+,2023-02-12,2023-02-01,-11 day ahead inc hosp,quantile,0.25,445,COVID-19
DE-BW,00+,2023-02-12,2023-02-01,-11 day ahead inc hosp,quantile,0.5,449,COVID-19
DE-BW,00+,2023-02-12,2023-02-01,-11 day ahead inc hosp,quantile,0.75,453,COVID-19
DE-BW,00+,2023-02-12,2023-02-01,-11 day ahead inc hosp,quantile,0.9,457,COVID-19
DE-BW,00+,2023-02-12,2023-02-01,-11 day ahead inc hosp,quantile,0.975,462,COVID-19
DE-BW,00+,2023-02-12,2023-02-02,-10 day ahead inc hosp,mean,NA,456.421,COVID-19
DE-BW,00+,2023-02-12,2023-02-02,-10 day ahead inc hosp,quantile,0.025,444,COVID-19
DE-BW,00+,2023-02-12,2023-02-02,-10 day ahead inc hosp,quantile,0.1,448,COVID-19
DE-BW,00+,2023-02-12,2023-02-02,-10 day ahead inc hosp,quantile,0.25,451,COVID-19
DE-BW,00+,2023-02-12,2023-02-02,-10 day ahead inc hosp,quantile,0.5,456,COVID-19
DE-BW,00+,2023-02-12,2023-02-02,-10 day ahead inc hosp,quantile,0.75,461,COVID-19
DE-BW,00+,2023-02-12,2023-02-02,-10 day ahead inc hosp,quantile,0.9,465,COVID-19
DE-BW,00+,2023-02-12,2023-02-02,-10 day ahead inc hosp,quantile,0.975,471,COVID-19
DE-BW,00+,2023-02-12,2023-02-03,-9 day ahead inc hosp,mean,NA,434.648,COVID-19
DE-BW,00+,2023-02-12,2023-02-03,-9 day ahead inc hosp,quantile,0.025,421,COVID-19
DE-BW,00+,2023-02-12,2023-02-03,-9 day ahead inc hosp,quantile,0.1,425,COVID-19
DE-BW,00+,2023-02-12,2023-02-03,-9 day ahead inc hosp,quantile,0.25,429,COVID-19
DE-BW,00+,2023-02-12,2023-02-03,-9 day ahead inc hosp,quantile,0.5,434,COVID-19
DE-BW,00+,2023-02-12,2023-02-03,-9 day ahead inc hosp,quantile,0.75,440,COVID-19
DE-BW,00+,2023-02-12,2023-02-03,-9 day ahead inc hosp,quantile,0.9,445,COVID-19
DE-BW,00+,2023-02-12,2023-02-03,-9 day ahead inc hosp,quantile,0.975,451,COVID-19
DE-BW,00+,2023-02-12,2023-02-04,-8 day ahead inc hosp,mean,NA,445.938,COVID-19
DE-BW,00+,2023-02-12,2023-02-04,-8 day ahead inc hosp,quantile,0.025,429,COVID-19
DE-BW,00+,2023-02-12,2023-02-04,-8 day ahead inc hosp,quantile,0.1,435,COVID-19
DE-BW,00+,2023-02-12,2023-02-04,-8 day ahead inc hosp,quantile,0.25,440,COVID-19
DE-BW,00+,2023-02-12,2023-02-04,-8 day ahead inc hosp,quantile,0.5,446,COVID-19
DE-BW,00+,2023-02-12,2023-02-04,-8 day ahead inc hosp,quantile,0.75,452,COVID-19
DE-BW,00+,2023-02-12,2023-02-04,-8 day ahead inc hosp,quantile,0.9,457,COVID-19
DE-BW,00+,2023-02-12,2023-02-04,-8 day ahead inc hosp,quantile,0.975,465,COVID-19
DE-BW,00+,2023-02-12,2023-02-05,-7 day ahead inc hosp,mean,NA,455.232,COVID-19
DE-BW,00+,2023-02-12,2023-02-05,-7 day ahead inc hosp,quantile,0.025,438,COVID-19
DE-BW,00+,2023-02-12,2023-02-05,-7 day ahead inc hosp,quantile,0.1,444,COVID-19
DE-BW,00+,2023-02-12,2023-02-05,-7 day ahead inc hosp,quantile,0.25,449,COVID-19
DE-BW,00+,2023-02-12,2023-02-05,-7 day ahead inc hosp,quantile,0.5,455,COVID-19
DE-BW,00+,2023-02-12,2023-02-05,-7 day ahead inc hosp,quantile,0.75,461,COVID-19
DE-BW,00+,2023-02-12,2023-02-05,-7 day ahead inc hosp,quantile,0.9,467,COVID-19
DE-BW,00+,2023-02-12,2023-02-05,-7 day ahead inc hosp,quantile,0.975,474,COVID-19
DE-BW,00+,2023-02-12,2023-02-06,-6 day ahead inc hosp,mean,NA,461.382,COVID-19
DE-BW,00+,2023-02-12,2023-02-06,-6 day ahead inc hosp,quantile,0.025,444,COVID-19
DE-BW,00+,2023-02-12,2023-02-06,-6 day ahead inc hosp,quantile,0.1,450,COVID-19
DE-BW,00+,2023-02-12,2023-02-06,-6 day ahead inc hosp,quantile,0.25,455,COVID-19
DE-BW,00+,2023-02-12,2023-02-06,-6 day ahead inc hosp,quantile,0.5,461,COVID-19
DE-BW,00+,2023-02-12,2023-02-06,-6 day ahead inc hosp,quantile,0.75,467,COVID-19
DE-BW,00+,2023-02-12,2023-02-06,-6 day ahead inc hosp,quantile,0.9,474,COVID-19
DE-BW,00+,2023-02-12,2023-02-06,-6 day ahead inc hosp,quantile,0.975,481,COVID-19
DE-BW,00+,2023-02-12,2023-02-07,-5 day ahead inc hosp,mean,NA,494.985,COVID-19
DE-BW,00+,2023-02-12,2023-02-07,-5 day ahead inc hosp,quantile,0.025,473,COVID-19
DE-BW,00+,2023-02-12,2023-02-07,-5 day ahead inc hosp,quantile,0.1,480,COVID-19
DE-BW,00+,2023-02-12,2023-02-07,-5 day ahead inc hosp,quantile,0.25,487,COVID-19
DE-BW,00+,2023-02-12,2023-02-07,-5 day ahead inc hosp,quantile,0.5,494,COVID-19
DE-BW,00+,2023-02-12,2023-02-07,-5 day ahead inc hosp,quantile,0.75,502,COVID-19
DE-BW,00+,2023-02-12,2023-02-07,-5 day ahead inc hosp,quantile,0.9,510,COVID-19
DE-BW,00+,2023-02-12,2023-02-07,-5 day ahead inc hosp,quantile,0.975,523,COVID-19
DE-BW,00+,2023-02-12,2023-02-08,-4 day ahead inc hosp,mean,NA,501.963,COVID-19
DE-BW,00+,2023-02-12,2023-02-08,-4 day ahead inc hosp,quantile,0.025,475,COVID-19
DE-BW,00+,2023-02-12,2023-02-08,-4 day ahead inc hosp,quantile,0.1,483,COVID-19
DE-BW,00+,2023-02-12,2023-02-08,-4 day ahead inc hosp,quantile,0.25,491,COVID-19
DE-BW,00+,2023-02-12,2023-02-08,-4 day ahead inc hosp,quantile,0.5,501,COVID-19
DE-BW,00+,2023-02-12,2023-02-08,-4 day ahead inc hosp,quantile,0.75,511,COVID-19
DE-BW,00+,2023-02-12,2023-02-08,-4 day ahead inc hosp,quantile,0.9,521,COVID-19
DE-BW,00+,2023-02-12,2023-02-08,-4 day ahead inc hosp,quantile,0.975,534,COVID-19
DE-BW,00+,2023-02-12,2023-02-09,-3 day ahead inc hosp,mean,NA,537.581,COVID-19
DE-BW,00+,2023-02-12,2023-02-09,-3 day ahead inc hosp,quantile,0.025,503,COVID-19
DE-BW,00+,2023-02-12,2023-02-09,-3 day ahead inc hosp,quantile,0.1,514,COVID-19
DE-BW,00+,2023-02-12,2023-02-09,-3 day ahead inc hosp,quantile,0.25,525,COVID-19
DE-BW,00+,2023-02-12,2023-02-09,-3 day ahead inc hosp,quantile,0.5,536,COVID-19
DE-BW,00+,2023-02-12,2023-02-09,-3 day ahead inc hosp,quantile,0.75,549,COVID-19
DE-BW,00+,2023-02-12,2023-02-09,-3 day ahead inc hosp,quantile,0.9,562,COVID-19
DE-BW,00+,2023-02-12,2023-02-09,-3 day ahead inc hosp,quantile,0.975,581,COVID-19
DE-BW,00+,2023-02-12,2023-02-10,-2 day ahead inc hosp,mean,NA,548.923,COVID-19
DE-BW,00+,2023-02-12,2023-02-10,-2 day ahead inc hosp,quantile,0.025,504,COVID-19
DE-BW,00+,2023-02-12,2023-02-10,-2 day ahead inc hosp,quantile,0.1,519,COVID-19
DE-BW,00+,2023-02-12,2023-02-10,-2 day ahead inc hosp,quantile,0.25,531,COVID-19
DE-BW,00+,2023-02-12,2023-02-10,-2 day ahead inc hosp,quantile,0.5,547,COVID-19
DE-BW,00+,2023-02-12,2023-02-10,-2 day ahead inc hosp,quantile,0.75,565,COVID-19
DE-BW,00+,2023-02-12,2023-02-10,-2 day ahead inc hosp,quantile,0.9,581,COVID-19
DE-BW,00+,2023-02-12,2023-02-10,-2 day ahead inc hosp,quantile,0.975,605,COVID-19
DE-BW,00+,2023-02-12,2023-02-11,-1 day ahead inc hosp,mean,NA,559.559,COVID-19
DE-BW,00+,2023-02-12,2023-02-11,-1 day ahead inc hosp,quantile,0.025,498,COVID-19
DE-BW,00+,2023-02-12,2023-02-11,-1 day ahead inc hosp,quantile,0.1,515,COVID-19
DE-BW,00+,2023-02-12,2023-02-11,-1 day ahead inc hosp,quantile,0.25,536,COVID-19
DE-BW,00+,2023-02-12,2023-02-11,-1 day ahead inc hosp,quantile,0.5,556,COVID-19
DE-BW,00+,2023-02-12,2023-02-11,-1 day ahead inc hosp,quantile,0.75,580,COVID-19
DE-BW,00+,2023-02-12,2023-02-11,-1 day ahead inc hosp,quantile,0.9,608,COVID-19
DE-BW,00+,2023-02-12,2023-02-11,-1 day ahead inc hosp,quantile,0.975,640,COVID-19
DE-BW,00+,2023-02-12,2023-02-12,0 day ahead inc hosp,mean,NA,562.245,COVID-19
DE-BW,00+,2023-02-12,2023-02-12,0 day ahead inc hosp,quantile,0.025,495,COVID-19
DE-BW,00+,2023-02-12,2023-02-12,0 day ahead inc hosp,quantile,0.1,515,COVID-19
DE-BW,00+,2023-02-12,2023-02-12,0 day ahead inc hosp,quantile,0.25,536,COVID-19
DE-BW,00+,2023-02-12,2023-02-12,0 day ahead inc hosp,quantile,0.5,559,COVID-19
DE-BW,00+,2023-02-12,2023-02-12,0 day ahead inc hosp,quantile,0.75,586,COVID-19
DE-BW,00+,2023-02-12,2023-02-12,0 day ahead inc hosp,quantile,0.9,615,COVID-19
DE-BW,00+,2023-02-12,2023-02-12,0 day ahead inc hosp,quantile,0.975,649,COVID-19
DE-BY,00+,2023-02-12,2023-01-15,-28 day ahead inc hosp,mean,NA,1415.395,COVID-19
DE-BY,00+,2023-02-12,2023-01-15,-28 day ahead inc hosp,quantile,0.025,1406,COVID-19
DE-BY,00+,2023-02-12,2023-01-15,-28 day ahead inc hosp,quantile,0.1,1409,COVID-19
DE-BY,00+,2023-02-12,2023-01-15,-28 day ahead inc hosp,quantile,0.25,1411,COVID-19
DE-BY,00+,2023-02-12,2023-01-15,-28 day ahead inc hosp,quantile,0.5,1415,COVID-19
DE-BY,00+,2023-02-12,2023-01-15,-28 day ahead inc hosp,quantile,0.75,1419,COVID-19
DE-BY,00+,2023-02-12,2023-01-15,-28 day ahead inc hosp,quantile,0.9,1423,COVID-19
DE-BY,00+,2023-02-12,2023-01-15,-28 day ahead inc hosp,quantile,0.975,1428,COVID-19
DE-BY,00+,2023-02-12,2023-01-16,-27 day ahead inc hosp,mean,NA,1396.454,COVID-19
DE-BY,00+,2023-02-12,2023-01-16,-27 day ahead inc hosp,quantile,0.025,1387,COVID-19
DE-BY,00+,2023-02-12,2023-01-16,-27 day ahead inc hosp,quantile,0.1,1390,COVID-19
DE-BY,00+,2023-02-12,2023-01-16,-27 day ahead inc hosp,quantile,0.25,1393,COVID-19
DE-BY,00+,2023-02-12,2023-01-16,-27 day ahead inc hosp,quantile,0.5,1396,COVID-19
DE-BY,00+,2023-02-12,2023-01-16,-27 day ahead inc hosp,quantile,0.75,1400,COVID-19
DE-BY,00+,2023-02-12,2023-01-16,-27 day ahead inc hosp,quantile,0.9,1404,COVID-19
DE-BY,00+,2023-02-12,2023-01-16,-27 day ahead inc hosp,quantile,0.975,1409,COVID-19
DE-BY,00+,2023-02-12,2023-01-17,-26 day ahead inc hosp,mean,NA,1235.442,COVID-19
DE-BY,00+,2023-02-12,2023-01-17,-26 day ahead inc hosp,quantile,0.025,1226,COVID-19
DE-BY,00+,2023-02-12,2023-01-17,-26 day ahead inc hosp,quantile,0.1,1229,COVID-19
DE-BY,00+,2023-02-12,2023-01-17,-26 day ahead inc hosp,quantile,0.25,1232,COVID-19
DE-BY,00+,2023-02-12,2023-01-17,-26 day ahead inc hosp,quantile,0.5,1235,COVID-19
DE-BY,00+,2023-02-12,2023-01-17,-26 day ahead inc hosp,quantile,0.75,1239,COVID-19
DE-BY,00+,2023-02-12,2023-01-17,-26 day ahead inc hosp,quantile,0.9,1242,COVID-19
DE-BY,00+,2023-02-12,2023-01-17,-26 day ahead inc hosp,quantile,0.975,1246,COVID-19
DE-BY,00+,2023-02-12,2023-01-18,-25 day ahead inc hosp,mean,NA,1167.671,COVID-19
DE-BY,00+,2023-02-12,2023-01-18,-25 day ahead inc hosp,quantile,0.025,1158,COVID-19
DE-BY,00+,2023-02-12,2023-01-18,-25 day ahead inc hosp,quantile,0.1,1161,COVID-19
DE-BY,00+,2023-02-12,2023-01-18,-25 day ahead inc hosp,quantile,0.25,1164,COVID-19
DE-BY,00+,2023-02-12,2023-01-18,-25 day ahead inc hosp,quantile,0.5,1167,COVID-19
DE-BY,00+,2023-02-12,2023-01-18,-25 day ahead inc hosp,quantile,0.75,1171,COVID-19
DE-BY,00+,2023-02-12,2023-01-18,-25 day ahead inc hosp,quantile,0.9,1175,COVID-19
DE-BY,00+,2023-02-12,2023-01-18,-25 day ahead inc hosp,quantile,0.975,1179,COVID-19
DE-BY,00+,2023-02-12,2023-01-19,-24 day ahead inc hosp,mean,NA,1105.402,COVID-19
DE-BY,00+,2023-02-12,2023-01-19,-24 day ahead inc hosp,quantile,0.025,1096,COVID-19
DE-BY,00+,2023-02-12,2023-01-19,-24 day ahead inc hosp,quantile,0.1,1099,COVID-19
DE-BY,00+,2023-02-12,2023-01-19,-24 day ahead inc hosp,quantile,0.25,1101,COVID-19
DE-BY,00+,2023-02-12,2023-01-19,-24 day ahead inc hosp,quantile,0.5,1105,COVID-19
DE-BY,00+,2023-02-12,2023-01-19,-24 day ahead inc hosp,quantile,0.75,1109,COVID-19
DE-BY,00+,2023-02-12,2023-01-19,-24 day ahead inc hosp,quantile,0.9,1112,COVID-19
DE-BY,00+,2023-02-12,2023-01-19,-24 day ahead inc hosp,quantile,0.975,1117,COVID-19
DE-BY,00+,2023-02-12,2023-01-20,-23 day ahead inc hosp,mean,NA,1132.497,COVID-19
DE-BY,00+,2023-02-12,2023-01-20,-23 day ahead inc hosp,quantile,0.025,1122,COVID-19
DE-BY,00+,2023-02-12,2023-01-20,-23 day ahead inc hosp,quantile,0.1,1125,COVID-19
DE-BY,00+,2023-02-12,2023-01-20,-23 day ahead inc hosp,quantile,0.25,1128,COVID-19
DE-BY,00+,2023-02-12,2023-01-20,-23 day ahead inc hosp,quantile,0.5,1132,COVID-19
DE-BY,00+,2023-02-12,2023-01-20,-23 day ahead inc hosp,quantile,0.75,1136,COVID-19
DE-BY,00+,2023-02-12,2023-01-20,-23 day ahead inc hosp,quantile,0.9,1140,COVID-19
DE-BY,00+,2023-02-12,2023-01-20,-23 day ahead inc hosp,quantile,0.975,1144,COVID-19
DE-BY,00+,2023-02-12,2023-01-21,-22 day ahead inc hosp,mean,NA,1105.283,COVID-19
DE-BY,00+,2023-02-12,2023-01-21,-22 day ahead inc hosp,quantile,0.025,1095,COVID-19
DE-BY,00+,2023-02-12,2023-01-21,-22 day ahead inc hosp,quantile,0.1,1098,COVID-19
DE-BY,00+,2023-02-12,2023-01-21,-22 day ahead inc hosp,quantile,0.25,1101,COVID-19
DE-BY,00+,2023-02-12,2023-01-21,-22 day ahead inc hosp,quantile,0.5,1105,COVID-19
DE-BY,00+,2023-02-12,2023-01-21,-22 day ahead inc hosp,quantile,0.75,1109,COVID-19
DE-BY,00+,2023-02-12,2023-01-21,-22 day ahead inc hosp,quantile,0.9,1113,COVID-19
DE-BY,00+,2023-02-12,2023-01-21,-22 day ahead inc hosp,quantile,0.975,1118,COVID-19
DE-BY,00+,2023-02-12,2023-01-22,-21 day ahead inc hosp,mean,NA,1116.554,COVID-19
DE-BY,00+,2023-02-12,2023-01-22,-21 day ahead inc hosp,quantile,0.025,1106,COVID-19
DE-BY,00+,2023-02-12,2023-01-22,-21 day ahead inc hosp,quantile,0.1,1109,COVID-19
DE-BY,00+,2023-02-12,2023-01-22,-21 day ahead inc hosp,quantile,0.25,1112,COVID-19
DE-BY,00+,2023-02-12,2023-01-22,-21 day ahead inc hosp,quantile,0.5,1116,COVID-19
DE-BY,00+,2023-02-12,2023-01-22,-21 day ahead inc hosp,quantile,0.75,1120,COVID-19
DE-BY,00+,2023-02-12,2023-01-22,-21 day ahead inc hosp,quantile,0.9,1124,COVID-19
DE-BY,00+,2023-02-12,2023-01-22,-21 day ahead inc hosp,quantile,0.975,1128,COVID-19
DE-BY,00+,2023-02-12,2023-01-23,-20 day ahead inc hosp,mean,NA,1125.732,COVID-19
DE-BY,00+,2023-02-12,2023-01-23,-20 day ahead inc hosp,quantile,0.025,1115,COVID-19
DE-BY,00+,2023-02-12,2023-01-23,-20 day ahead inc hosp,quantile,0.1,1118,COVID-19
DE-BY,00+,2023-02-12,2023-01-23,-20 day ahead inc hosp,quantile,0.25,1121,COVID-19
DE-BY,00+,2023-02-12,2023-01-23,-20 day ahead inc hosp,quantile,0.5,1125,COVID-19
DE-BY,00+,2023-02-12,2023-01-23,-20 day ahead inc hosp,quantile,0.75,1130,COVID-19
DE-BY,00+,2023-02-12,2023-01-23,-20 day ahead inc hosp,quantile,0.9,1134,COVID-19
DE-BY,00+,2023-02-12,2023-01-23,-20 day ahead inc hosp,quantile,0.975,1138,COVID-19
DE-BY,00+,2023-02-12,2023-01-24,-19 day ahead inc hosp,mean,NA,1108.921,COVID-19
DE-BY,00+,2023-02-12,2023-01-24,-19 day ahead inc hosp,quantile,0.025,1098,COVID-19
DE-BY,00+,2023-02-12,2023-01-24,-19 day ahead inc hosp,quantile,0.1,1101,COVID-19
DE-BY,00+,2023-02-12,2023-01-24,-19 day ahead inc hosp,quantile,0.25,1104,COVID-19
DE-BY,00+,2023-02-12,2023-01-24,-19 day ahead inc hosp,quantile,0.5,1109,COVID-19
DE-BY,00+,2023-02-12,2023-01-24,-19 day ahead inc hosp,quantile,0.75,1113,COVID-19
DE-BY,00+,2023-02-12,2023-01-24,-19 day ahead inc hosp,quantile,0.9,1117,COVID-19
DE-BY,00+,2023-02-12,2023-01-24,-19 day ahead inc hosp,quantile,0.975,1121,COVID-19
DE-BY,00+,2023-02-12,2023-01-25,-18 day ahead inc hosp,mean,NA,1183.892,COVID-19
DE-BY,00+,2023-02-12,2023-01-25,-18 day ahead inc hosp,quantile,0.025,1172,COVID-19
DE-BY,00+,2023-02-12,2023-01-25,-18 day ahead inc hosp,quantile,0.1,1176,COVID-19
DE-BY,00+,2023-02-12,2023-01-25,-18 day ahead inc hosp,quantile,0.25,1179,COVID-19
DE-BY,00+,2023-02-12,2023-01-25,-18 day ahead inc hosp,quantile,0.5,1184,COVID-19
DE-BY,00+,2023-02-12,2023-01-25,-18 day ahead inc hosp,quantile,0.75,1188,COVID-19
DE-BY,00+,2023-02-12,2023-01-25,-18 day ahead inc hosp,quantile,0.9,1192,COVID-19
DE-BY,00+,2023-02-12,2023-01-25,-18 day ahead inc hosp,quantile,0.975,1196,COVID-19
DE-BY,00+,2023-02-12,2023-01-26,-17 day ahead inc hosp,mean,NA,1205.431,COVID-19
DE-BY,00+,2023-02-12,2023-01-26,-17 day ahead inc hosp,quantile,0.025,1193,COVID-19
DE-BY,00+,2023-02-12,2023-01-26,-17 day ahead inc hosp,quantile,0.1,1197,COVID-19
DE-BY,00+,2023-02-12,2023-01-26,-17 day ahead inc hosp,quantile,0.25,1201,COVID-19
DE-BY,00+,2023-02-12,2023-01-26,-17 day ahead inc hosp,quantile,0.5,1205,COVID-19
DE-BY,00+,2023-02-12,2023-01-26,-17 day ahead inc hosp,quantile,0.75,1210,COVID-19
DE-BY,00+,2023-02-12,2023-01-26,-17 day ahead inc hosp,quantile,0.9,1214,COVID-19
DE-BY,00+,2023-02-12,2023-01-26,-17 day ahead inc hosp,quantile,0.975,1219,COVID-19
DE-BY,00+,2023-02-12,2023-01-27,-16 day ahead inc hosp,mean,NA,1234.624,COVID-19
DE-BY,00+,2023-02-12,2023-01-27,-16 day ahead inc hosp,quantile,0.025,1220,COVID-19
DE-BY,00+,2023-02-12,2023-01-27,-16 day ahead inc hosp,quantile,0.1,1226,COVID-19
DE-BY,00+,2023-02-12,2023-01-27,-16 day ahead inc hosp,quantile,0.25,1230,COVID-19
DE-BY,00+,2023-02-12,2023-01-27,-16 day ahead inc hosp,quantile,0.5,1234,COVID-19
DE-BY,00+,2023-02-12,2023-01-27,-16 day ahead inc hosp,quantile,0.75,1240,COVID-19
DE-BY,00+,2023-02-12,2023-01-27,-16 day ahead inc hosp,quantile,0.9,1244,COVID-19
DE-BY,00+,2023-02-12,2023-01-27,-16 day ahead inc hosp,quantile,0.975,1250,COVID-19
DE-BY,00+,2023-02-12,2023-01-28,-15 day ahead inc hosp,mean,NA,1313.533,COVID-19
DE-BY,00+,2023-02-12,2023-01-28,-15 day ahead inc hosp,quantile,0.025,1299,COVID-19
DE-BY,00+,2023-02-12,2023-01-28,-15 day ahead inc hosp,quantile,0.1,1303,COVID-19
DE-BY,00+,2023-02-12,2023-01-28,-15 day ahead inc hosp,quantile,0.25,1308,COVID-19
DE-BY,00+,2023-02-12,2023-01-28,-15 day ahead inc hosp,quantile,0.5,1313,COVID-19
DE-BY,00+,2023-02-12,2023-01-28,-15 day ahead inc hosp,quantile,0.75,1319,COVID-19
DE-BY,00+,2023-02-12,2023-01-28,-15 day ahead inc hosp,quantile,0.9,1324,COVID-19
DE-BY,00+,2023-02-12,2023-01-28,-15 day ahead inc hosp,quantile,0.975,1330,COVID-19
DE-BY,00+,2023-02-12,2023-01-29,-14 day ahead inc hosp,mean,NA,1319.904,COVID-19
DE-BY,00+,2023-02-12,2023-01-29,-14 day ahead inc hosp,quantile,0.025,1305,COVID-19
DE-BY,00+,2023-02-12,2023-01-29,-14 day ahead inc hosp,quantile,0.1,1310,COVID-19
DE-BY,00+,2023-02-12,2023-01-29,-14 day ahead inc hosp,quantile,0.25,1314,COVID-19
DE-BY,00+,2023-02-12,2023-01-29,-14 day ahead inc hosp,quantile,0.5,1320,COVID-19
DE-BY,00+,2023-02-12,2023-01-29,-14 day ahead inc hosp,quantile,0.75,1325,COVID-19
DE-BY,00+,2023-02-12,2023-01-29,-14 day ahead inc hosp,quantile,0.9,1330,COVID-19
DE-BY,00+,2023-02-12,2023-01-29,-14 day ahead inc hosp,quantile,0.975,1337,COVID-19
DE-BY,00+,2023-02-12,2023-01-30,-13 day ahead inc hosp,mean,NA,1330.023,COVID-19
DE-BY,00+,2023-02-12,2023-01-30,-13 day ahead inc hosp,quantile,0.025,1315,COVID-19
DE-BY,00+,2023-02-12,2023-01-30,-13 day ahead inc hosp,quantile,0.1,1320,COVID-19
DE-BY,00+,2023-02-12,2023-01-30,-13 day ahead inc hosp,quantile,0.25,1324,COVID-19
DE-BY,00+,2023-02-12,2023-01-30,-13 day ahead inc hosp,quantile,0.5,1330,COVID-19
DE-BY,00+,2023-02-12,2023-01-30,-13 day ahead inc hosp,quantile,0.75,1335,COVID-19
DE-BY,00+,2023-02-12,2023-01-30,-13 day ahead inc hosp,quantile,0.9,1340,COVID-19
DE-BY,00+,2023-02-12,2023-01-30,-13 day ahead inc hosp,quantile,0.975,1347,COVID-19
DE-BY,00+,2023-02-12,2023-01-31,-12 day ahead inc hosp,mean,NA,1389.58,COVID-19
DE-BY,00+,2023-02-12,2023-01-31,-12 day ahead inc hosp,quantile,0.025,1370,COVID-19
DE-BY,00+,2023-02-12,2023-01-31,-12 day ahead inc hosp,quantile,0.1,1377,COVID-19
DE-BY,00+,2023-02-12,2023-01-31,-12 day ahead inc hosp,quantile,0.25,1382,COVID-19
DE-BY,00+,2023-02-12,2023-01-31,-12 day ahead inc hosp,quantile,0.5,1389,COVID-19
DE-BY,00+,2023-02-12,2023-01-31,-12 day ahead inc hosp,quantile,0.75,1396,COVID-19
DE-BY,00+,2023-02-12,2023-01-31,-12 day ahead inc hosp,quantile,0.9,1403,COVID-19
DE-BY,00+,2023-02-12,2023-01-31,-12 day ahead inc hosp,quantile,0.975,1411,COVID-19
DE-BY,00+,2023-02-12,2023-02-01,-11 day ahead inc hosp,mean,NA,1435.921,COVID-19
DE-BY,00+,2023-02-12,2023-02-01,-11 day ahead inc hosp,quantile,0.025,1414,COVID-19
DE-BY,00+,2023-02-12,2023-02-01,-11 day ahead inc hosp,quantile,0.1,1422,COVID-19
DE-BY,00+,2023-02-12,2023-02-01,-11 day ahead inc hosp,quantile,0.25,1428,COVID-19
DE-BY,00+,2023-02-12,2023-02-01,-11 day ahead inc hosp,quantile,0.5,1435,COVID-19
DE-BY,00+,2023-02-12,2023-02-01,-11 day ahead inc hosp,quantile,0.75,1444,COVID-19
DE-BY,00+,2023-02-12,2023-02-01,-11 day ahead inc hosp,quantile,0.9,1451,COVID-19
DE-BY,00+,2023-02-12,2023-02-01,-11 day ahead inc hosp,quantile,0.975,1460,COVID-19
DE-BY,00+,2023-02-12,2023-02-02,-10 day ahead inc hosp,mean,NA,1545.702,COVID-19
DE-BY,00+,2023-02-12,2023-02-02,-10 day ahead inc hosp,quantile,0.025,1521,COVID-19
DE-BY,00+,2023-02-12,2023-02-02,-10 day ahead inc hosp,quantile,0.1,1530,COVID-19
DE-BY,00+,2023-02-12,2023-02-02,-10 day ahead inc hosp,quantile,0.25,1536,COVID-19
DE-BY,00+,2023-02-12,2023-02-02,-10 day ahead inc hosp,quantile,0.5,1545,COVID-19
DE-BY,00+,2023-02-12,2023-02-02,-10 day ahead inc hosp,quantile,0.75,1554,COVID-19
DE-BY,00+,2023-02-12,2023-02-02,-10 day ahead inc hosp,quantile,0.9,1563,COVID-19
DE-BY,00+,2023-02-12,2023-02-02,-10 day ahead inc hosp,quantile,0.975,1573,COVID-19
DE-BY,00+,2023-02-12,2023-02-03,-9 day ahead inc hosp,mean,NA,1553.865,COVID-19
DE-BY,00+,2023-02-12,2023-02-03,-9 day ahead inc hosp,quantile,0.025,1527,COVID-19
DE-BY,00+,2023-02-12,2023-02-03,-9 day ahead inc hosp,quantile,0.1,1534,COVID-19
DE-BY,00+,2023-02-12,2023-02-03,-9 day ahead inc hosp,quantile,0.25,1543,COVID-19
DE-BY,00+,2023-02-12,2023-02-03,-9 day ahead inc hosp,quantile,0.5,1553,COVID-19
DE-BY,00+,2023-02-12,2023-02-03,-9 day ahead inc hosp,quantile,0.75,1564,COVID-19
DE-BY,00+,2023-02-12,2023-02-03,-9 day ahead inc hosp,quantile,0.9,1574,COVID-19
DE-BY,00+,2023-02-12,2023-02-03,-9 day ahead inc hosp,quantile,0.975,1586,COVID-19
DE-BY,00+,2023-02-12,2023-02-04,-8 day ahead inc hosp,mean,NA,1584.634,COVID-19
DE-BY,00+,2023-02-12,2023-02-04,-8 day ahead inc hosp,quantile,0.025,1554,COVID-19
DE-BY,00+,2023-02-12,2023-02-04,-8 day ahead inc hosp,quantile,0.1,1563,COVID-19
DE-BY,00+,2023-02-12,2023-02-04,-8 day ahead inc hosp,quantile,0.25,1572,COVID-19
DE-BY,00+,2023-02-12,2023-02-04,-8 day ahead inc hosp,quantile,0.5,1583,COVID-19
DE-BY,00+,2023-02-12,2023-02-04,-8 day ahead inc hosp,quantile,0.75,1596,COVID-19
DE-BY,00+,2023-02-12,2023-02-04,-8 day ahead inc hosp,quantile,0.9,1608,COVID-19
DE-BY,00+,2023-02-12,2023-02-04,-8 day ahead inc hosp,quantile,0.975,1623,COVID-19
DE-BY,00+,2023-02-12,2023-02-05,-7 day ahead inc hosp,mean,NA,1588.249,COVID-19
DE-BY,00+,2023-02-12,2023-02-05,-7 day ahead inc hosp,quantile,0.025,1556,COVID-19
DE-BY,00+,2023-02-12,2023-02-05,-7 day ahead inc hosp,quantile,0.1,1566,COVID-19
DE-BY,00+,2023-02-12,2023-02-05,-7 day ahead inc hosp,quantile,0.25,1575,COVID-19
DE-BY,00+,2023-02-12,2023-02-05,-7 day ahead inc hosp,quantile,0.5,1586,COVID-19
DE-BY,00+,2023-02-12,2023-02-05,-7 day ahead inc hosp,quantile,0.75,1600,COVID-19
DE-BY,00+,2023-02-12,2023-02-05,-7 day ahead inc hosp,quantile,0.9,1612,COVID-19
DE-BY,00+,2023-02-12,2023-02-05,-7 day ahead inc hosp,quantile,0.975,1627,COVID-19
DE-BY,00+,2023-02-12,2023-02-06,-6 day ahead inc hosp,mean,NA,1589.899,COVID-19
DE-BY,00+,2023-02-12,2023-02-06,-6 day ahead inc hosp,quantile,0.025,1557,COVID-19
DE-BY,00+,2023-02-12,2023-02-06,-6 day ahead inc hosp,quantile,0.1,1567,COVID-19
DE-BY,00+,2023-02-12,2023-02-06,-6 day ahead inc hosp,quantile,0.25,1576,COVID-19
DE-BY,00+,2023-02-12,2023-02-06,-6 day ahead inc hosp,quantile,0.5,1588,COVID-19
DE-BY,00+,2023-02-12,2023-02-06,-6 day ahead inc hosp,quantile,0.75,1603,COVID-19
DE-BY,00+,2023-02-12,2023-02-06,-6 day ahead inc hosp,quantile,0.9,1614,COVID-19
DE-BY,00+,2023-02-12,2023-02-06,-6 day ahead inc hosp,quantile,0.975,1629,COVID-19
DE-BY,00+,2023-02-12,2023-02-07,-5 day ahead inc hosp,mean,NA,1747.024,COVID-19
DE-BY,00+,2023-02-12,2023-02-07,-5 day ahead inc hosp,quantile,0.025,1699,COVID-19
DE-BY,00+,2023-02-12,2023-02-07,-5 day ahead inc hosp,quantile,0.1,1714,COVID-19
DE-BY,00+,2023-02-12,2023-02-07,-5 day ahead inc hosp,quantile,0.25,1728,COVID-19
DE-BY,00+,2023-02-12,2023-02-07,-5 day ahead inc hosp,quantile,0.5,1745,COVID-19
DE-BY,00+,2023-02-12,2023-02-07,-5 day ahead inc hosp,quantile,0.75,1763,COVID-19
DE-BY,00+,2023-02-12,2023-02-07,-5 day ahead inc hosp,quantile,0.9,1783,COVID-19
DE-BY,00+,2023-02-12,2023-02-07,-5 day ahead inc hosp,quantile,0.975,1808,COVID-19
DE-BY,00+,2023-02-12,2023-02-08,-4 day ahead inc hosp,mean,NA,1838.349,COVID-19
DE-BY,00+,2023-02-12,2023-02-08,-4 day ahead inc hosp,quantile,0.025,1772,COVID-19
DE-BY,00+,2023-02-12,2023-02-08,-4 day ahead inc hosp,quantile,0.1,1797,COVID-19
DE-BY,00+,2023-02-12,2023-02-08,-4 day ahead inc hosp,quantile,0.25,1814,COVID-19
DE-BY,00+,2023-02-12,2023-02-08,-4 day ahead inc hosp,quantile,0.5,1836,COVID-19
DE-BY,00+,2023-02-12,2023-02-08,-4 day ahead inc hosp,quantile,0.75,1861,COVID-19
DE-BY,00+,2023-02-12,2023-02-08,-4 day ahead inc hosp,quantile,0.9,1885,COVID-19
DE-BY,00+,2023-02-12,2023-02-08,-4 day ahead inc hosp,quantile,0.975,1915,COVID-19
DE-BY,00+,2023-02-12,2023-02-09,-3 day ahead inc hosp,mean,NA,1894.819,COVID-19
DE-BY,00+,2023-02-12,2023-02-09,-3 day ahead inc hosp,quantile,0.025,1805,COVID-19
DE-BY,00+,2023-02-12,2023-02-09,-3 day ahead inc hosp,quantile,0.1,1835,COVID-19
DE-BY,00+,2023-02-12,2023-02-09,-3 day ahead inc hosp,quantile,0.25,1863,COVID-19
DE-BY,00+,2023-02-12,2023-02-09,-3 day ahead inc hosp,quantile,0.5,1890,COVID-19
DE-BY,00+,2023-02-12,2023-02-09,-3 day ahead inc hosp,quantile,0.75,1922,COVID-19
DE-BY,00+,2023-02-12,2023-02-09,-3 day ahead inc hosp,quantile,0.9,1958,COVID-19
DE-BY,00+,2023-02-12,2023-02-09,-3 day ahead inc hosp,quantile,0.975,2006,COVID-19
DE-BY,00+,2023-02-12,2023-02-10,-2 day ahead inc hosp,mean,NA,2008.618,COVID-19
DE-BY,00+,2023-02-12,2023-02-10,-2 day ahead inc hosp,quantile,0.025,1886,COVID-19
DE-BY,00+,2023-02-12,2023-02-10,-2 day ahead inc hosp,quantile,0.1,1929,COVID-19
DE-BY,00+,2023-02-12,2023-02-10,-2 day ahead inc hosp,quantile,0.25,1964,COVID-19
DE-BY,00+,2023-02-12,2023-02-10,-2 day ahead inc hosp,quantile,0.5,2004,COVID-19
DE-BY,00+,2023-02-12,2023-02-10,-2 day ahead inc hosp,quantile,0.75,2048,COVID-19
DE-BY,00+,2023-02-12,2023-02-10,-2 day ahead inc hosp,quantile,0.9,2095,COVID-19
DE-BY,00+,2023-02-12,2023-02-10,-2 day ahead inc hosp,quantile,0.975,2155,COVID-19
DE-BY,00+,2023-02-12,2023-02-11,-1 day ahead inc hosp,mean,NA,2030.687,COVID-19
DE-BY,00+,2023-02-12,2023-02-11,-1 day ahead inc hosp,quantile,0.025,1869,COVID-19
DE-BY,00+,2023-02-12,2023-02-11,-1 day ahead inc hosp,quantile,0.1,1914,COVID-19
DE-BY,00+,2023-02-12,2023-02-11,-1 day ahead inc hosp,quantile,0.25,1966,COVID-19
DE-BY,00+,2023-02-12,2023-02-11,-1 day ahead inc hosp,quantile,0.5,2018,COVID-19
DE-BY,00+,2023-02-12,2023-02-11,-1 day ahead inc hosp,quantile,0.75,2091,COVID-19
DE-BY,00+,2023-02-12,2023-02-11,-1 day ahead inc hosp,quantile,0.9,2162,COVID-19
DE-BY,00+,2023-02-12,2023-02-11,-1 day ahead inc hosp,quantile,0.975,2244,COVID-19
DE-BY,00+,2023-02-12,2023-02-12,0 day ahead inc hosp,mean,NA,2051.108,COVID-19
DE-BY,00+,2023-02-12,2023-02-12,0 day ahead inc hosp,quantile,0.025,1876,COVID-19
DE-BY,00+,2023-02-12,2023-02-12,0 day ahead inc hosp,quantile,0.1,1922,COVID-19
DE-BY,00+,2023-02-12,2023-02-12,0 day ahead inc hosp,quantile,0.25,1980,COVID-19
DE-BY,00+,2023-02-12,2023-02-12,0 day ahead inc hosp,quantile,0.5,2042,COVID-19
DE-BY,00+,2023-02-12,2023-02-12,0 day ahead inc hosp,quantile,0.75,2112,COVID-19
DE-BY,00+,2023-02-12,2023-02-12,0 day ahead inc hosp,quantile,0.9,2196,COVID-19
DE-BY,00+,2023-02-12,2023-02-12,0 day ahead inc hosp,quantile,0.975,2277,COVID-19
DE-HB,00+,2023-02-12,2023-01-15,-28 day ahead inc hosp,mean,NA,32.714,COVID-19
DE-HB,00+,2023-02-12,2023-01-15,-28 day ahead inc hosp,quantile,0.025,32,COVID-19
DE-HB,00+,2023-02-12,2023-01-15,-28 day ahead inc hosp,quantile,0.1,32,COVID-19
DE-HB,00+,2023-02-12,2023-01-15,-28 day ahead inc hosp,quantile,0.25,32,COVID-19
DE-HB,00+,2023-02-12,2023-01-15,-28 day ahead inc hosp,quantile,0.5,32,COVID-19
DE-HB,00+,2023-02-12,2023-01-15,-28 day ahead inc hosp,quantile,0.75,33,COVID-19
DE-HB,00+,2023-02-12,2023-01-15,-28 day ahead inc hosp,quantile,0.9,34,COVID-19
DE-HB,00+,2023-02-12,2023-01-15,-28 day ahead inc hosp,quantile,0.975,35,COVID-19
DE-HB,00+,2023-02-12,2023-01-16,-27 day ahead inc hosp,mean,NA,32.71,COVID-19
DE-HB,00+,2023-02-12,2023-01-16,-27 day ahead inc hosp,quantile,0.025,32,COVID-19
DE-HB,00+,2023-02-12,2023-01-16,-27 day ahead inc hosp,quantile,0.1,32,COVID-19
DE-HB,00+,2023-02-12,2023-01-16,-27 day ahead inc hosp,quantile,0.25,32,COVID-19
DE-HB,00+,2023-02-12,2023-01-16,-27 day ahead inc hosp,quantile,0.5,32,COVID-19
DE-HB,00+,2023-02-12,2023-01-16,-27 day ahead inc hosp,quantile,0.75,33,COVID-19
DE-HB,00+,2023-02-12,2023-01-16,-27 day ahead inc hosp,quantile,0.9,34,COVID-19
DE-HB,00+,2023-02-12,2023-01-16,-27 day ahead inc hosp,quantile,0.975,35,COVID-19
DE-HB,00+,2023-02-12,2023-01-17,-26 day ahead inc hosp,mean,NA,30.693,COVID-19
DE-HB,00+,2023-02-12,2023-01-17,-26 day ahead inc hosp,quantile,0.025,30,COVID-19
DE-HB,00+,2023-02-12,2023-01-17,-26 day ahead inc hosp,quantile,0.1,30,COVID-19
DE-HB,00+,2023-02-12,2023-01-17,-26 day ahead inc hosp,quantile,0.25,30,COVID-19
DE-HB,00+,2023-02-12,2023-01-17,-26 day ahead inc hosp,quantile,0.5,30,COVID-19
DE-HB,00+,2023-02-12,2023-01-17,-26 day ahead inc hosp,quantile,0.75,31,COVID-19
DE-HB,00+,2023-02-12,2023-01-17,-26 day ahead inc hosp,quantile,0.9,32,COVID-19
DE-HB,00+,2023-02-12,2023-01-17,-26 day ahead inc hosp,quantile,0.975,33,COVID-19
DE-HB,00+,2023-02-12,2023-01-18,-25 day ahead inc hosp,mean,NA,26.681,COVID-19
DE-HB,00+,2023-02-12,2023-01-18,-25 day ahead inc hosp,quantile,0.025,26,COVID-19
DE-HB,00+,2023-02-12,2023-01-18,-25 day ahead inc hosp,quantile,0.1,26,COVID-19
DE-HB,00+,2023-02-12,2023-01-18,-25 day ahead inc hosp,quantile,0.25,26,COVID-19
DE-HB,00+,2023-02-12,2023-01-18,-25 day ahead inc hosp,quantile,0.5,26,COVID-19
DE-HB,00+,2023-02-12,2023-01-18,-25 day ahead inc hosp,quantile,0.75,27,COVID-19
DE-HB,00+,2023-02-12,2023-01-18,-25 day ahead inc hosp,quantile,0.9,28,COVID-19
DE-HB,00+,2023-02-12,2023-01-18,-25 day ahead inc hosp,quantile,0.975,29,COVID-19
DE-HB,00+,2023-02-12,2023-01-19,-24 day ahead inc hosp,mean,NA,21.696,COVID-19
DE-HB,00+,2023-02-12,2023-01-19,-24 day ahead inc hosp,quantile,0.025,21,COVID-19
DE-HB,00+,2023-02-12,2023-01-19,-24 day ahead inc hosp,quantile,0.1,21,COVID-19
DE-HB,00+,2023-02-12,2023-01-19,-24 day ahead inc hosp,quantile,0.25,21,COVID-19
DE-HB,00+,2023-02-12,2023-01-19,-24 day ahead inc hosp,quantile,0.5,21,COVID-19
DE-HB,00+,2023-02-12,2023-01-19,-24 day ahead inc hosp,quantile,0.75,22,COVID-19
DE-HB,00+,2023-02-12,2023-01-19,-24 day ahead inc hosp,quantile,0.9,23,COVID-19
DE-HB,00+,2023-02-12,2023-01-19,-24 day ahead inc hosp,quantile,0.975,24,COVID-19
DE-HB,00+,2023-02-12,2023-01-20,-23 day ahead inc hosp,mean,NA,16.733,COVID-19
DE-HB,00+,2023-02-12,2023-01-20,-23 day ahead inc hosp,quantile,0.025,16,COVID-19
DE-HB,00+,2023-02-12,2023-01-20,-23 day ahead inc hosp,quantile,0.1,16,COVID-19
DE-HB,00+,2023-02-12,2023-01-20,-23 day ahead inc hosp,quantile,0.25,16,COVID-19
DE-HB,00+,2023-02-12,2023-01-20,-23 day ahead inc hosp,quantile,0.5,17,COVID-19
DE-HB,00+,2023-02-12,2023-01-20,-23 day ahead inc hosp,quantile,0.75,17,COVID-19
DE-HB,00+,2023-02-12,2023-01-20,-23 day ahead inc hosp,quantile,0.9,18,COVID-19
DE-HB,00+,2023-02-12,2023-01-20,-23 day ahead inc hosp,quantile,0.975,19,COVID-19
DE-HB,00+,2023-02-12,2023-01-21,-22 day ahead inc hosp,mean,NA,16.724,COVID-19
DE-HB,00+,2023-02-12,2023-01-21,-22 day ahead inc hosp,quantile,0.025,16,COVID-19
DE-HB,00+,2023-02-12,2023-01-21,-22 day ahead inc hosp,quantile,0.1,16,COVID-19
DE-HB,00+,2023-02-12,2023-01-21,-22 day ahead inc hosp,quantile,0.25,16,COVID-19
DE-HB,00+,2023-02-12,2023-01-21,-22 day ahead inc hosp,quantile,0.5,17,COVID-19
DE-HB,00+,2023-02-12,2023-01-21,-22 day ahead inc hosp,quantile,0.75,17,COVID-19
DE-HB,00+,2023-02-12,2023-01-21,-22 day ahead inc hosp,quantile,0.9,18,COVID-19
DE-HB,00+,2023-02-12,2023-01-21,-22 day ahead inc hosp,quantile,0.975,19,COVID-19
DE-HB,00+,2023-02-12,2023-01-22,-21 day ahead inc hosp,mean,NA,16.731,COVID-19
DE-HB,00+,2023-02-12,2023-01-22,-21 day ahead inc hosp,quantile,0.025,16,COVID-19
DE-HB,00+,2023-02-12,2023-01-22,-21 day ahead inc hosp,quantile,0.1,16,COVID-19
DE-HB,00+,2023-02-12,2023-01-22,-21 day ahead inc hosp,quantile,0.25,16,COVID-19
DE-HB,00+,2023-02-12,2023-01-22,-21 day ahead inc hosp,quantile,0.5,17,COVID-19
DE-HB,00+,2023-02-12,2023-01-22,-21 day ahead inc hosp,quantile,0.75,17,COVID-19
DE-HB,00+,2023-02-12,2023-01-22,-21 day ahead inc hosp,quantile,0.9,18,COVID-19
DE-HB,00+,2023-02-12,2023-01-22,-21 day ahead inc hosp,quantile,0.975,19,COVID-19
DE-HB,00+,2023-02-12,2023-01-23,-20 day ahead inc hosp,mean,NA,16.734,COVID-19
DE-HB,00+,2023-02-12,2023-01-23,-20 day ahead inc hosp,quantile,0.025,16,COVID-19
DE-HB,00+,2023-02-12,2023-01-23,-20 day ahead inc hosp,quantile,0.1,16,COVID-19
DE-HB,00+,2023-02-12,2023-01-23,-20 day ahead inc hosp,quantile,0.25,16,COVID-19
DE-HB,00+,2023-02-12,2023-01-23,-20 day ahead inc hosp,quantile,0.5,17,COVID-19
DE-HB,00+,2023-02-12,2023-01-23,-20 day ahead inc hosp,quantile,0.75,17,COVID-19
DE-HB,00+,2023-02-12,2023-01-23,-20 day ahead inc hosp,quantile,0.9,18,COVID-19
DE-HB,00+,2023-02-12,2023-01-23,-20 day ahead inc hosp,quantile,0.975,19,COVID-19
DE-HB,00+,2023-02-12,2023-01-24,-19 day ahead inc hosp,mean,NA,12.798,COVID-19
DE-HB,00+,2023-02-12,2023-01-24,-19 day ahead inc hosp,quantile,0.025,12,COVID-19
DE-HB,00+,2023-02-12,2023-01-24,-19 day ahead inc hosp,quantile,0.1,12,COVID-19
DE-HB,00+,2023-02-12,2023-01-24,-19 day ahead inc hosp,quantile,0.25,12,COVID-19
DE-HB,00+,2023-02-12,2023-01-24,-19 day ahead inc hosp,quantile,0.5,13,COVID-19
DE-HB,00+,2023-02-12,2023-01-24,-19 day ahead inc hosp,quantile,0.75,13,COVID-19
DE-HB,00+,2023-02-12,2023-01-24,-19 day ahead inc hosp,quantile,0.9,14,COVID-19
DE-HB,00+,2023-02-12,2023-01-24,-19 day ahead inc hosp,quantile,0.975,15,COVID-19
DE-HB,00+,2023-02-12,2023-01-25,-18 day ahead inc hosp,mean,NA,11.867,COVID-19
DE-HB,00+,2023-02-12,2023-01-25,-18 day ahead inc hosp,quantile,0.025,11,COVID-19
DE-HB,00+,2023-02-12,2023-01-25,-18 day ahead inc hosp,quantile,0.1,11,COVID-19
DE-HB,00+,2023-02-12,2023-01-25,-18 day ahead inc hosp,quantile,0.25,11,COVID-19
DE-HB,00+,2023-02-12,2023-01-25,-18 day ahead inc hosp,quantile,0.5,12,COVID-19
DE-HB,00+,2023-02-12,2023-01-25,-18 day ahead inc hosp,quantile,0.75,12,COVID-19
DE-HB,00+,2023-02-12,2023-01-25,-18 day ahead inc hosp,quantile,0.9,13,COVID-19
DE-HB,00+,2023-02-12,2023-01-25,-18 day ahead inc hosp,quantile,0.975,14,COVID-19
DE-HB,00+,2023-02-12,2023-01-26,-17 day ahead inc hosp,mean,NA,11.958,COVID-19
DE-HB,00+,2023-02-12,2023-01-26,-17 day ahead inc hosp,quantile,0.025,11,COVID-19
DE-HB,00+,2023-02-12,2023-01-26,-17 day ahead inc hosp,quantile,0.1,11,COVID-19
DE-HB,00+,2023-02-12,2023-01-26,-17 day ahead inc hosp,quantile,0.25,11,COVID-19
DE-HB,00+,2023-02-12,2023-01-26,-17 day ahead inc hosp,quantile,0.5,12,COVID-19
DE-HB,00+,2023-02-12,2023-01-26,-17 day ahead inc hosp,quantile,0.75,13,COVID-19
DE-HB,00+,2023-02-12,2023-01-26,-17 day ahead inc hosp,quantile,0.9,13,COVID-19
DE-HB,00+,2023-02-12,2023-01-26,-17 day ahead inc hosp,quantile,0.975,14,COVID-19
DE-HB,00+,2023-02-12,2023-01-27,-16 day ahead inc hosp,mean,NA,17.011,COVID-19
DE-HB,00+,2023-02-12,2023-01-27,-16 day ahead inc hosp,quantile,0.025,16,COVID-19
DE-HB,00+,2023-02-12,2023-01-27,-16 day ahead inc hosp,quantile,0.1,16,COVID-19
DE-HB,00+,2023-02-12,2023-01-27,-16 day ahead inc hosp,quantile,0.25,16,COVID-19
DE-HB,00+,2023-02-12,2023-01-27,-16 day ahead inc hosp,quantile,0.5,17,COVID-19
DE-HB,00+,2023-02-12,2023-01-27,-16 day ahead inc hosp,quantile,0.75,18,COVID-19
DE-HB,00+,2023-02-12,2023-01-27,-16 day ahead inc hosp,quantile,0.9,18,COVID-19
DE-HB,00+,2023-02-12,2023-01-27,-16 day ahead inc hosp,quantile,0.975,19,COVID-19
DE-HB,00+,2023-02-12,2023-01-28,-15 day ahead inc hosp,mean,NA,15.146,COVID-19
DE-HB,00+,2023-02-12,2023-01-28,-15 day ahead inc hosp,quantile,0.025,14,COVID-19
DE-HB,00+,2023-02-12,2023-01-28,-15 day ahead inc hosp,quantile,0.1,14,COVID-19
DE-HB,00+,2023-02-12,2023-01-28,-15 day ahead inc hosp,quantile,0.25,14,COVID-19
DE-HB,00+,2023-02-12,2023-01-28,-15 day ahead inc hosp,quantile,0.5,15,COVID-19
DE-HB,00+,2023-02-12,2023-01-28,-15 day ahead inc hosp,quantile,0.75,16,COVID-19
DE-HB,00+,2023-02-12,2023-01-28,-15 day ahead inc hosp,quantile,0.9,16,COVID-19
DE-HB,00+,2023-02-12,2023-01-28,-15 day ahead inc hosp,quantile,0.975,18,COVID-19
DE-HB,00+,2023-02-12,2023-01-29,-14 day ahead inc hosp,mean,NA,15.159,COVID-19
DE-HB,00+,2023-02-12,2023-01-29,-14 day ahead inc hosp,quantile,0.025,14,COVID-19
DE-HB,00+,2023-02-12,2023-01-29,-14 day ahead inc hosp,quantile,0.1,14,COVID-19
DE-HB,00+,2023-02-12,2023-01-29,-14 day ahead inc hosp,quantile,0.25,14,COVID-19
DE-HB,00+,2023-02-12,2023-01-29,-14 day ahead inc hosp,quantile,0.5,15,COVID-19
DE-HB,00+,2023-02-12,2023-01-29,-14 day ahead inc hosp,quantile,0.75,16,COVID-19
DE-HB,00+,2023-02-12,2023-01-29,-14 day ahead inc hosp,quantile,0.9,16,COVID-19
DE-HB,00+,2023-02-12,2023-01-29,-14 day ahead inc hosp,quantile,0.975,18,COVID-19
DE-HB,00+,2023-02-12,2023-01-30,-13 day ahead inc hosp,mean,NA,15.163,COVID-19
DE-HB,00+,2023-02-12,2023-01-30,-13 day ahead inc hosp,quantile,0.025,14,COVID-19
DE-HB,00+,2023-02-12,2023-01-30,-13 day ahead inc hosp,quantile,0.1,14,COVID-19
DE-HB,00+,2023-02-12,2023-01-30,-13 day ahead inc hosp,quantile,0.25,14,COVID-19
DE-HB,00+,2023-02-12,2023-01-30,-13 day ahead inc hosp,quantile,0.5,15,COVID-19
DE-HB,00+,2023-02-12,2023-01-30,-13 day ahead inc hosp,quantile,0.75,16,COVID-19
DE-HB,00+,2023-02-12,2023-01-30,-13 day ahead inc hosp,quantile,0.9,16,COVID-19
DE-HB,00+,2023-02-12,2023-01-30,-13 day ahead inc hosp,quantile,0.975,18,COVID-19
DE-HB,00+,2023-02-12,2023-01-31,-12 day ahead inc hosp,mean,NA,14.346,COVID-19
DE-HB,00+,2023-02-12,2023-01-31,-12 day ahead inc hosp,quantile,0.025,13,COVID-19
DE-HB,00+,2023-02-12,2023-01-31,-12 day ahead inc hosp,quantile,0.1,13,COVID-19
DE-HB,00+,2023-02-12,2023-01-31,-12 day ahead inc hosp,quantile,0.25,13,COVID-19
DE-HB,00+,2023-02-12,2023-01-31,-12 day ahead inc hosp,quantile,0.5,14,COVID-19
DE-HB,00+,2023-02-12,2023-01-31,-12 day ahead inc hosp,quantile,0.75,15,COVID-19
DE-HB,00+,2023-02-12,2023-01-31,-12 day ahead inc hosp,quantile,0.9,16,COVID-19
DE-HB,00+,2023-02-12,2023-01-31,-12 day ahead inc hosp,quantile,0.975,17,COVID-19
DE-HB,00+,2023-02-12,2023-02-01,-11 day ahead inc hosp,mean,NA,16.58,COVID-19
DE-HB,00+,2023-02-12,2023-02-01,-11 day ahead inc hosp,quantile,0.025,15,COVID-19
DE-HB,00+,2023-02-12,2023-02-01,-11 day ahead inc hosp,quantile,0.1,15,COVID-19
DE-HB,00+,2023-02-12,2023-02-01,-11 day ahead inc hosp,quantile,0.25,16,COVID-19
DE-HB,00+,2023-02-12,2023-02-01,-11 day ahead inc hosp,quantile,0.5,16,COVID-19
DE-HB,00+,2023-02-12,2023-02-01,-11 day ahead inc hosp,quantile,0.75,17,COVID-19
DE-HB,00+,2023-02-12,2023-02-01,-11 day ahead inc hosp,quantile,0.9,18,COVID-19
DE-HB,00+,2023-02-12,2023-02-01,-11 day ahead inc hosp,quantile,0.975,19,COVID-19
DE-HB,00+,2023-02-12,2023-02-02,-10 day ahead inc hosp,mean,NA,18.874,COVID-19
DE-HB,00+,2023-02-12,2023-02-02,-10 day ahead inc hosp,quantile,0.025,17,COVID-19
DE-HB,00+,2023-02-12,2023-02-02,-10 day ahead inc hosp,quantile,0.1,17,COVID-19
DE-HB,00+,2023-02-12,2023-02-02,-10 day ahead inc hosp,quantile,0.25,18,COVID-19
DE-HB,00+,2023-02-12,2023-02-02,-10 day ahead inc hosp,quantile,0.5,19,COVID-19
DE-HB,00+,2023-02-12,2023-02-02,-10 day ahead inc hosp,quantile,0.75,20,COVID-19
DE-HB,00+,2023-02-12,2023-02-02,-10 day ahead inc hosp,quantile,0.9,21,COVID-19
DE-HB,00+,2023-02-12,2023-02-02,-10 day ahead inc hosp,quantile,0.975,22,COVID-19
DE-HB,00+,2023-02-12,2023-02-03,-9 day ahead inc hosp,mean,NA,17.19,COVID-19
DE-HB,00+,2023-02-12,2023-02-03,-9 day ahead inc hosp,quantile,0.025,15,COVID-19
DE-HB,00+,2023-02-12,2023-02-03,-9 day ahead inc hosp,quantile,0.1,15,COVID-19
DE-HB,00+,2023-02-12,2023-02-03,-9 day ahead inc hosp,quantile,0.25,16,COVID-19
DE-HB,00+,2023-02-12,2023-02-03,-9 day ahead inc hosp,quantile,0.5,17,COVID-19
DE-HB,00+,2023-02-12,2023-02-03,-9 day ahead inc hosp,quantile,0.75,18,COVID-19
DE-HB,00+,2023-02-12,2023-02-03,-9 day ahead inc hosp,quantile,0.9,19,COVID-19
DE-HB,00+,2023-02-12,2023-02-03,-9 day ahead inc hosp,quantile,0.975,21,COVID-19
DE-HB,00+,2023-02-12,2023-02-04,-8 day ahead inc hosp,mean,NA,22.548,COVID-19
DE-HB,00+,2023-02-12,2023-02-04,-8 day ahead inc hosp,quantile,0.025,20,COVID-19
DE-HB,00+,2023-02-12,2023-02-04,-8 day ahead inc hosp,quantile,0.1,21,COVID-19
DE-HB,00+,2023-02-12,2023-02-04,-8 day ahead inc hosp,quantile,0.25,21,COVID-19
DE-HB,00+,2023-02-12,2023-02-04,-8 day ahead inc hosp,quantile,0.5,22,COVID-19
DE-HB,00+,2023-02-12,2023-02-04,-8 day ahead inc hosp,quantile,0.75,23,COVID-19
DE-HB,00+,2023-02-12,2023-02-04,-8 day ahead inc hosp,quantile,0.9,25,COVID-19
DE-HB,00+,2023-02-12,2023-02-04,-8 day ahead inc hosp,quantile,0.975,26,COVID-19
DE-HB,00+,2023-02-12,2023-02-05,-7 day ahead inc hosp,mean,NA,22.565,COVID-19
DE-HB,00+,2023-02-12,2023-02-05,-7 day ahead inc hosp,quantile,0.025,20,COVID-19
DE-HB,00+,2023-02-12,2023-02-05,-7 day ahead inc hosp,quantile,0.1,21,COVID-19
DE-HB,00+,2023-02-12,2023-02-05,-7 day ahead inc hosp,quantile,0.25,21,COVID-19
DE-HB,00+,2023-02-12,2023-02-05,-7 day ahead inc hosp,quantile,0.5,22,COVID-19
DE-HB,00+,2023-02-12,2023-02-05,-7 day ahead inc hosp,quantile,0.75,23,COVID-19
DE-HB,00+,2023-02-12,2023-02-05,-7 day ahead inc hosp,quantile,0.9,25,COVID-19
DE-HB,00+,2023-02-12,2023-02-05,-7 day ahead inc hosp,quantile,0.975,26,COVID-19
DE-HB,00+,2023-02-12,2023-02-06,-6 day ahead inc hosp,mean,NA,22.597,COVID-19
DE-HB,00+,2023-02-12,2023-02-06,-6 day ahead inc hosp,quantile,0.025,20,COVID-19
DE-HB,00+,2023-02-12,2023-02-06,-6 day ahead inc hosp,quantile,0.1,21,COVID-19
DE-HB,00+,2023-02-12,2023-02-06,-6 day ahead inc hosp,quantile,0.25,21,COVID-19
DE-HB,00+,2023-02-12,2023-02-06,-6 day ahead inc hosp,quantile,0.5,22,COVID-19
DE-HB,00+,2023-02-12,2023-02-06,-6 day ahead inc hosp,quantile,0.75,24,COVID-19
DE-HB,00+,2023-02-12,2023-02-06,-6 day ahead inc hosp,quantile,0.9,25,COVID-19
DE-HB,00+,2023-02-12,2023-02-06,-6 day ahead inc hosp,quantile,0.975,26,COVID-19
DE-HB,00+,2023-02-12,2023-02-07,-5 day ahead inc hosp,mean,NA,24.34,COVID-19
DE-HB,00+,2023-02-12,2023-02-07,-5 day ahead inc hosp,quantile,0.025,21,COVID-19
DE-HB,00+,2023-02-12,2023-02-07,-5 day ahead inc hosp,quantile,0.1,22,COVID-19
DE-HB,00+,2023-02-12,2023-02-07,-5 day ahead inc hosp,quantile,0.25,23,COVID-19
DE-HB,00+,2023-02-12,2023-02-07,-5 day ahead inc hosp,quantile,0.5,24,COVID-19
DE-HB,00+,2023-02-12,2023-02-07,-5 day ahead inc hosp,quantile,0.75,25,COVID-19
DE-HB,00+,2023-02-12,2023-02-07,-5 day ahead inc hosp,quantile,0.9,27,COVID-19
DE-HB,00+,2023-02-12,2023-02-07,-5 day ahead inc hosp,quantile,0.975,28,COVID-19
DE-HB,00+,2023-02-12,2023-02-08,-4 day ahead inc hosp,mean,NA,31.147,COVID-19
DE-HB,00+,2023-02-12,2023-02-08,-4 day ahead inc hosp,quantile,0.025,28,COVID-19
DE-HB,00+,2023-02-12,2023-02-08,-4 day ahead inc hosp,quantile,0.1,29,COVID-19
DE-HB,00+,2023-02-12,2023-02-08,-4 day ahead inc hosp,quantile,0.25,30,COVID-19
DE-HB,00+,2023-02-12,2023-02-08,-4 day ahead inc hosp,quantile,0.5,31,COVID-19
DE-HB,00+,2023-02-12,2023-02-08,-4 day ahead inc hosp,quantile,0.75,32,COVID-19
DE-HB,00+,2023-02-12,2023-02-08,-4 day ahead inc hosp,quantile,0.9,34,COVID-19
DE-HB,00+,2023-02-12,2023-02-08,-4 day ahead inc hosp,quantile,0.975,36,COVID-19
DE-HB,00+,2023-02-12,2023-02-09,-3 day ahead inc hosp,mean,NA,33.292,COVID-19
DE-HB,00+,2023-02-12,2023-02-09,-3 day ahead inc hosp,quantile,0.025,29,COVID-19
DE-HB,00+,2023-02-12,2023-02-09,-3 day ahead inc hosp,quantile,0.1,30,COVID-19
DE-HB,00+,2023-02-12,2023-02-09,-3 day ahead inc hosp,quantile,0.25,31,COVID-19
DE-HB,00+,2023-02-12,2023-02-09,-3 day ahead inc hosp,quantile,0.5,33,COVID-19
DE-HB,00+,2023-02-12,2023-02-09,-3 day ahead inc hosp,quantile,0.75,35,COVID-19
DE-HB,00+,2023-02-12,2023-02-09,-3 day ahead inc hosp,quantile,0.9,37,COVID-19
DE-HB,00+,2023-02-12,2023-02-09,-3 day ahead inc hosp,quantile,0.975,39,COVID-19
DE-HB,00+,2023-02-12,2023-02-10,-2 day ahead inc hosp,mean,NA,36.668,COVID-19
DE-HB,00+,2023-02-12,2023-02-10,-2 day ahead inc hosp,quantile,0.025,32,COVID-19
DE-HB,00+,2023-02-12,2023-02-10,-2 day ahead inc hosp,quantile,0.1,33,COVID-19
DE-HB,00+,2023-02-12,2023-02-10,-2 day ahead inc hosp,quantile,0.25,35,COVID-19
DE-HB,00+,2023-02-12,2023-02-10,-2 day ahead inc hosp,quantile,0.5,36,COVID-19
DE-HB,00+,2023-02-12,2023-02-10,-2 day ahead inc hosp,quantile,0.75,38,COVID-19
DE-HB,00+,2023-02-12,2023-02-10,-2 day ahead inc hosp,quantile,0.9,40,COVID-19
DE-HB,00+,2023-02-12,2023-02-10,-2 day ahead inc hosp,quantile,0.975,43,COVID-19
DE-HB,00+,2023-02-12,2023-02-11,-1 day ahead inc hosp,mean,NA,34.753,COVID-19
DE-HB,00+,2023-02-12,2023-02-11,-1 day ahead inc hosp,quantile,0.025,29,COVID-19
DE-HB,00+,2023-02-12,2023-02-11,-1 day ahead inc hosp,quantile,0.1,30,COVID-19
DE-HB,00+,2023-02-12,2023-02-11,-1 day ahead inc hosp,quantile,0.25,32,COVID-19
DE-HB,00+,2023-02-12,2023-02-11,-1 day ahead inc hosp,quantile,0.5,34,COVID-19
DE-HB,00+,2023-02-12,2023-02-11,-1 day ahead inc hosp,quantile,0.75,37,COVID-19
DE-HB,00+,2023-02-12,2023-02-11,-1 day ahead inc hosp,quantile,0.9,39,COVID-19
DE-HB,00+,2023-02-12,2023-02-11,-1 day ahead inc hosp,quantile,0.975,43,COVID-19
DE-HB,00+,2023-02-12,2023-02-12,0 day ahead inc hosp,mean,NA,34.961,COVID-19
DE-HB,00+,2023-02-12,2023-02-12,0 day ahead inc hosp,quantile,0.025,29,COVID-19
DE-HB,00+,2023-02-12,2023-02-12,0 day ahead inc hosp,quantile,0.1,31,COVID-19
DE-HB,00+,2023-02-12,2023-02-12,0 day ahead inc hosp,quantile,0.25,33,COVID-19
DE-HB,00+,2023-02-12,2023-02-12,0 day ahead inc hosp,quantile,0.5,35,COVID-19
DE-HB,00+,2023-02-12,2023-02-12,0 day ahead inc hosp,quantile,0.75,37,COVID-19
DE-HB,00+,2023-02-12,2023-02-12,0 day ahead inc hosp,quantile,0.9,39,COVID-19
DE-HB,00+,2023-02-12,2023-02-12,0 day ahead inc hosp,quantile,0.975,43,COVID-19
DE-HE,00+,2023-02-12,2023-01-15,-28 day ahead inc hosp,mean,NA,515.535,COVID-19
DE-HE,00+,2023-02-12,2023-01-15,-28 day ahead inc hosp,quantile,0.025,509,COVID-19
DE-HE,00+,2023-02-12,2023-01-15,-28 day ahead inc hosp,quantile,0.1,511,COVID-19
DE-HE,00+,2023-02-12,2023-01-15,-28 day ahead inc hosp,quantile,0.25,513,COVID-19
DE-HE,00+,2023-02-12,2023-01-15,-28 day ahead inc hosp,quantile,0.5,515,COVID-19
DE-HE,00+,2023-02-12,2023-01-15,-28 day ahead inc hosp,quantile,0.75,518,COVID-19
DE-HE,00+,2023-02-12,2023-01-15,-28 day ahead inc hosp,quantile,0.9,520,COVID-19
DE-HE,00+,2023-02-12,2023-01-15,-28 day ahead inc hosp,quantile,0.975,523,COVID-19
DE-HE,00+,2023-02-12,2023-01-16,-27 day ahead inc hosp,mean,NA,528.578,COVID-19
DE-HE,00+,2023-02-12,2023-01-16,-27 day ahead inc hosp,quantile,0.025,522,COVID-19
DE-HE,00+,2023-02-12,2023-01-16,-27 day ahead inc hosp,quantile,0.1,525,COVID-19
DE-HE,00+,2023-02-12,2023-01-16,-27 day ahead inc hosp,quantile,0.25,526,COVID-19
DE-HE,00+,2023-02-12,2023-01-16,-27 day ahead inc hosp,quantile,0.5,528,COVID-19
DE-HE,00+,2023-02-12,2023-01-16,-27 day ahead inc hosp,quantile,0.75,531,COVID-19
DE-HE,00+,2023-02-12,2023-01-16,-27 day ahead inc hosp,quantile,0.9,533,COVID-19
DE-HE,00+,2023-02-12,2023-01-16,-27 day ahead inc hosp,quantile,0.975,536,COVID-19
DE-HE,00+,2023-02-12,2023-01-17,-26 day ahead inc hosp,mean,NA,479.41,COVID-19
DE-HE,00+,2023-02-12,2023-01-17,-26 day ahead inc hosp,quantile,0.025,473,COVID-19
DE-HE,00+,2023-02-12,2023-01-17,-26 day ahead inc hosp,quantile,0.1,475,COVID-19
DE-HE,00+,2023-02-12,2023-01-17,-26 day ahead inc hosp,quantile,0.25,477,COVID-19
DE-HE,00+,2023-02-12,2023-01-17,-26 day ahead inc hosp,quantile,0.5,479,COVID-19
DE-HE,00+,2023-02-12,2023-01-17,-26 day ahead inc hosp,quantile,0.75,482,COVID-19
DE-HE,00+,2023-02-12,2023-01-17,-26 day ahead inc hosp,quantile,0.9,484,COVID-19
DE-HE,00+,2023-02-12,2023-01-17,-26 day ahead inc hosp,quantile,0.975,486,COVID-19
DE-HE,00+,2023-02-12,2023-01-18,-25 day ahead inc hosp,mean,NA,428.398,COVID-19
DE-HE,00+,2023-02-12,2023-01-18,-25 day ahead inc hosp,quantile,0.025,423,COVID-19
DE-HE,00+,2023-02-12,2023-01-18,-25 day ahead inc hosp,quantile,0.1,424,COVID-19
DE-HE,00+,2023-02-12,2023-01-18,-25 day ahead inc hosp,quantile,0.25,426,COVID-19
DE-HE,00+,2023-02-12,2023-01-18,-25 day ahead inc hosp,quantile,0.5,428,COVID-19
DE-HE,00+,2023-02-12,2023-01-18,-25 day ahead inc hosp,quantile,0.75,431,COVID-19
DE-HE,00+,2023-02-12,2023-01-18,-25 day ahead inc hosp,quantile,0.9,433,COVID-19
DE-HE,00+,2023-02-12,2023-01-18,-25 day ahead inc hosp,quantile,0.975,436,COVID-19
DE-HE,00+,2023-02-12,2023-01-19,-24 day ahead inc hosp,mean,NA,402.407,COVID-19
DE-HE,00+,2023-02-12,2023-01-19,-24 day ahead inc hosp,quantile,0.025,397,COVID-19
DE-HE,00+,2023-02-12,2023-01-19,-24 day ahead inc hosp,quantile,0.1,398,COVID-19
DE-HE,00+,2023-02-12,2023-01-19,-24 day ahead inc hosp,quantile,0.25,400,COVID-19
DE-HE,00+,2023-02-12,2023-01-19,-24 day ahead inc hosp,quantile,0.5,402,COVID-19
DE-HE,00+,2023-02-12,2023-01-19,-24 day ahead inc hosp,quantile,0.75,405,COVID-19
DE-HE,00+,2023-02-12,2023-01-19,-24 day ahead inc hosp,quantile,0.9,407,COVID-19
DE-HE,00+,2023-02-12,2023-01-19,-24 day ahead inc hosp,quantile,0.975,410,COVID-19
DE-HE,00+,2023-02-12,2023-01-20,-23 day ahead inc hosp,mean,NA,370.554,COVID-19
DE-HE,00+,2023-02-12,2023-01-20,-23 day ahead inc hosp,quantile,0.025,365,COVID-19
DE-HE,00+,2023-02-12,2023-01-20,-23 day ahead inc hosp,quantile,0.1,367,COVID-19
DE-HE,00+,2023-02-12,2023-01-20,-23 day ahead inc hosp,quantile,0.25,368,COVID-19
DE-HE,00+,2023-02-12,2023-01-20,-23 day ahead inc hosp,quantile,0.5,370,COVID-19
DE-HE,00+,2023-02-12,2023-01-20,-23 day ahead inc hosp,quantile,0.75,373,COVID-19
DE-HE,00+,2023-02-12,2023-01-20,-23 day ahead inc hosp,quantile,0.9,375,COVID-19
DE-HE,00+,2023-02-12,2023-01-20,-23 day ahead inc hosp,quantile,0.975,378,COVID-19
DE-HE,00+,2023-02-12,2023-01-21,-22 day ahead inc hosp,mean,NA,360.936,COVID-19
DE-HE,00+,2023-02-12,2023-01-21,-22 day ahead inc hosp,quantile,0.025,355,COVID-19
DE-HE,00+,2023-02-12,2023-01-21,-22 day ahead inc hosp,quantile,0.1,357,COVID-19
DE-HE,00+,2023-02-12,2023-01-21,-22 day ahead inc hosp,quantile,0.25,358,COVID-19
DE-HE,00+,2023-02-12,2023-01-21,-22 day ahead inc hosp,quantile,0.5,361,COVID-19
DE-HE,00+,2023-02-12,2023-01-21,-22 day ahead inc hosp,quantile,0.75,363,COVID-19
DE-HE,00+,2023-02-12,2023-01-21,-22 day ahead inc hosp,quantile,0.9,365,COVID-19
DE-HE,00+,2023-02-12,2023-01-21,-22 day ahead inc hosp,quantile,0.975,368,COVID-19
DE-HE,00+,2023-02-12,2023-01-22,-21 day ahead inc hosp,mean,NA,358.082,COVID-19
DE-HE,00+,2023-02-12,2023-01-22,-21 day ahead inc hosp,quantile,0.025,352,COVID-19
DE-HE,00+,2023-02-12,2023-01-22,-21 day ahead inc hosp,quantile,0.1,354,COVID-19
DE-HE,00+,2023-02-12,2023-01-22,-21 day ahead inc hosp,quantile,0.25,356,COVID-19
DE-HE,00+,2023-02-12,2023-01-22,-21 day ahead inc hosp,quantile,0.5,358,COVID-19
DE-HE,00+,2023-02-12,2023-01-22,-21 day ahead inc hosp,quantile,0.75,360,COVID-19
DE-HE,00+,2023-02-12,2023-01-22,-21 day ahead inc hosp,quantile,0.9,363,COVID-19
DE-HE,00+,2023-02-12,2023-01-22,-21 day ahead inc hosp,quantile,0.975,366,COVID-19
DE-HE,00+,2023-02-12,2023-01-23,-20 day ahead inc hosp,mean,NA,342.134,COVID-19
DE-HE,00+,2023-02-12,2023-01-23,-20 day ahead inc hosp,quantile,0.025,336,COVID-19
DE-HE,00+,2023-02-12,2023-01-23,-20 day ahead inc hosp,quantile,0.1,338,COVID-19
DE-HE,00+,2023-02-12,2023-01-23,-20 day ahead inc hosp,quantile,0.25,340,COVID-19
DE-HE,00+,2023-02-12,2023-01-23,-20 day ahead inc hosp,quantile,0.5,342,COVID-19
DE-HE,00+,2023-02-12,2023-01-23,-20 day ahead inc hosp,quantile,0.75,344,COVID-19
DE-HE,00+,2023-02-12,2023-01-23,-20 day ahead inc hosp,quantile,0.9,347,COVID-19
DE-HE,00+,2023-02-12,2023-01-23,-20 day ahead inc hosp,quantile,0.975,349,COVID-19
DE-HE,00+,2023-02-12,2023-01-24,-19 day ahead inc hosp,mean,NA,331.231,COVID-19
DE-HE,00+,2023-02-12,2023-01-24,-19 day ahead inc hosp,quantile,0.025,324,COVID-19
DE-HE,00+,2023-02-12,2023-01-24,-19 day ahead inc hosp,quantile,0.1,327,COVID-19
DE-HE,00+,2023-02-12,2023-01-24,-19 day ahead inc hosp,quantile,0.25,329,COVID-19
DE-HE,00+,2023-02-12,2023-01-24,-19 day ahead inc hosp,quantile,0.5,331,COVID-19
DE-HE,00+,2023-02-12,2023-01-24,-19 day ahead inc hosp,quantile,0.75,333,COVID-19
DE-HE,00+,2023-02-12,2023-01-24,-19 day ahead inc hosp,quantile,0.9,336,COVID-19
DE-HE,00+,2023-02-12,2023-01-24,-19 day ahead inc hosp,quantile,0.975,339,COVID-19
DE-HE,00+,2023-02-12,2023-01-25,-18 day ahead inc hosp,mean,NA,334.129,COVID-19
DE-HE,00+,2023-02-12,2023-01-25,-18 day ahead inc hosp,quantile,0.025,327,COVID-19
DE-HE,00+,2023-02-12,2023-01-25,-18 day ahead inc hosp,quantile,0.1,329,COVID-19
DE-HE,00+,2023-02-12,2023-01-25,-18 day ahead inc hosp,quantile,0.25,331,COVID-19
DE-HE,00+,2023-02-12,2023-01-25,-18 day ahead inc hosp,quantile,0.5,334,COVID-19
DE-HE,00+,2023-02-12,2023-01-25,-18 day ahead inc hosp,quantile,0.75,337,COVID-19
DE-HE,00+,2023-02-12,2023-01-25,-18 day ahead inc hosp,quantile,0.9,339,COVID-19
DE-HE,00+,2023-02-12,2023-01-25,-18 day ahead inc hosp,quantile,0.975,341,COVID-19
DE-HE,00+,2023-02-12,2023-01-26,-17 day ahead inc hosp,mean,NA,342.283,COVID-19
DE-HE,00+,2023-02-12,2023-01-26,-17 day ahead inc hosp,quantile,0.025,335,COVID-19
DE-HE,00+,2023-02-12,2023-01-26,-17 day ahead inc hosp,quantile,0.1,337,COVID-19
DE-HE,00+,2023-02-12,2023-01-26,-17 day ahead inc hosp,quantile,0.25,340,COVID-19
DE-HE,00+,2023-02-12,2023-01-26,-17 day ahead inc hosp,quantile,0.5,342,COVID-19
DE-HE,00+,2023-02-12,2023-01-26,-17 day ahead inc hosp,quantile,0.75,345,COVID-19
DE-HE,00+,2023-02-12,2023-01-26,-17 day ahead inc hosp,quantile,0.9,348,COVID-19
DE-HE,00+,2023-02-12,2023-01-26,-17 day ahead inc hosp,quantile,0.975,350,COVID-19
DE-HE,00+,2023-02-12,2023-01-27,-16 day ahead inc hosp,mean,NA,350.55,COVID-19
DE-HE,00+,2023-02-12,2023-01-27,-16 day ahead inc hosp,quantile,0.025,343,COVID-19
DE-HE,00+,2023-02-12,2023-01-27,-16 day ahead inc hosp,quantile,0.1,346,COVID-19
DE-HE,00+,2023-02-12,2023-01-27,-16 day ahead inc hosp,quantile,0.25,348,COVID-19
DE-HE,00+,2023-02-12,2023-01-27,-16 day ahead inc hosp,quantile,0.5,350,COVID-19
DE-HE,00+,2023-02-12,2023-01-27,-16 day ahead inc hosp,quantile,0.75,353,COVID-19
DE-HE,00+,2023-02-12,2023-01-27,-16 day ahead inc hosp,quantile,0.9,356,COVID-19
DE-HE,00+,2023-02-12,2023-01-27,-16 day ahead inc hosp,quantile,0.975,359,COVID-19
DE-HE,00+,2023-02-12,2023-01-28,-15 day ahead inc hosp,mean,NA,368.262,COVID-19
DE-HE,00+,2023-02-12,2023-01-28,-15 day ahead inc hosp,quantile,0.025,360,COVID-19
DE-HE,00+,2023-02-12,2023-01-28,-15 day ahead inc hosp,quantile,0.1,363,COVID-19
DE-HE,00+,2023-02-12,2023-01-28,-15 day ahead inc hosp,quantile,0.25,365,COVID-19
DE-HE,00+,2023-02-12,2023-01-28,-15 day ahead inc hosp,quantile,0.5,368,COVID-19
DE-HE,00+,2023-02-12,2023-01-28,-15 day ahead inc hosp,quantile,0.75,371,COVID-19
DE-HE,00+,2023-02-12,2023-01-28,-15 day ahead inc hosp,quantile,0.9,374,COVID-19
DE-HE,00+,2023-02-12,2023-01-28,-15 day ahead inc hosp,quantile,0.975,378,COVID-19
DE-HE,00+,2023-02-12,2023-01-29,-14 day ahead inc hosp,mean,NA,368.533,COVID-19
DE-HE,00+,2023-02-12,2023-01-29,-14 day ahead inc hosp,quantile,0.025,360,COVID-19
DE-HE,00+,2023-02-12,2023-01-29,-14 day ahead inc hosp,quantile,0.1,363,COVID-19
DE-HE,00+,2023-02-12,2023-01-29,-14 day ahead inc hosp,quantile,0.25,365,COVID-19
DE-HE,00+,2023-02-12,2023-01-29,-14 day ahead inc hosp,quantile,0.5,368,COVID-19
DE-HE,00+,2023-02-12,2023-01-29,-14 day ahead inc hosp,quantile,0.75,371,COVID-19
DE-HE,00+,2023-02-12,2023-01-29,-14 day ahead inc hosp,quantile,0.9,375,COVID-19
DE-HE,00+,2023-02-12,2023-01-29,-14 day ahead inc hosp,quantile,0.975,378,COVID-19
DE-HE,00+,2023-02-12,2023-01-30,-13 day ahead inc hosp,mean,NA,371.866,COVID-19
DE-HE,00+,2023-02-12,2023-01-30,-13 day ahead inc hosp,quantile,0.025,363,COVID-19
DE-HE,00+,2023-02-12,2023-01-30,-13 day ahead inc hosp,quantile,0.1,366,COVID-19
DE-HE,00+,2023-02-12,2023-01-30,-13 day ahead inc hosp,quantile,0.25,369,COVID-19
DE-HE,00+,2023-02-12,2023-01-30,-13 day ahead inc hosp,quantile,0.5,372,COVID-19
DE-HE,00+,2023-02-12,2023-01-30,-13 day ahead inc hosp,quantile,0.75,375,COVID-19
DE-HE,00+,2023-02-12,2023-01-30,-13 day ahead inc hosp,quantile,0.9,378,COVID-19
DE-HE,00+,2023-02-12,2023-01-30,-13 day ahead inc hosp,quantile,0.975,382,COVID-19
DE-HE,00+,2023-02-12,2023-01-31,-12 day ahead inc hosp,mean,NA,378.63,COVID-19
DE-HE,00+,2023-02-12,2023-01-31,-12 day ahead inc hosp,quantile,0.025,369,COVID-19
DE-HE,00+,2023-02-12,2023-01-31,-12 day ahead inc hosp,quantile,0.1,372,COVID-19
DE-HE,00+,2023-02-12,2023-01-31,-12 day ahead inc hosp,quantile,0.25,375,COVID-19
DE-HE,00+,2023-02-12,2023-01-31,-12 day ahead inc hosp,quantile,0.5,378,COVID-19
DE-HE,00+,2023-02-12,2023-01-31,-12 day ahead inc hosp,quantile,0.75,382,COVID-19
DE-HE,00+,2023-02-12,2023-01-31,-12 day ahead inc hosp,quantile,0.9,385,COVID-19
DE-HE,00+,2023-02-12,2023-01-31,-12 day ahead inc hosp,quantile,0.975,390,COVID-19
DE-HE,00+,2023-02-12,2023-02-01,-11 day ahead inc hosp,mean,NA,420.219,COVID-19
DE-HE,00+,2023-02-12,2023-02-01,-11 day ahead inc hosp,quantile,0.025,410,COVID-19
DE-HE,00+,2023-02-12,2023-02-01,-11 day ahead inc hosp,quantile,0.1,413,COVID-19
DE-HE,00+,2023-02-12,2023-02-01,-11 day ahead inc hosp,quantile,0.25,416,COVID-19
DE-HE,00+,2023-02-12,2023-02-01,-11 day ahead inc hosp,quantile,0.5,420,COVID-19
DE-HE,00+,2023-02-12,2023-02-01,-11 day ahead inc hosp,quantile,0.75,424,COVID-19
DE-HE,00+,2023-02-12,2023-02-01,-11 day ahead inc hosp,quantile,0.9,427,COVID-19
DE-HE,00+,2023-02-12,2023-02-01,-11 day ahead inc hosp,quantile,0.975,433,COVID-19
DE-HE,00+,2023-02-12,2023-02-02,-10 day ahead inc hosp,mean,NA,434.675,COVID-19
DE-HE,00+,2023-02-12,2023-02-02,-10 day ahead inc hosp,quantile,0.025,424,COVID-19
DE-HE,00+,2023-02-12,2023-02-02,-10 day ahead inc hosp,quantile,0.1,427,COVID-19
DE-HE,00+,2023-02-12,2023-02-02,-10 day ahead inc hosp,quantile,0.25,430,COVID-19
DE-HE,00+,2023-02-12,2023-02-02,-10 day ahead inc hosp,quantile,0.5,434,COVID-19
DE-HE,00+,2023-02-12,2023-02-02,-10 day ahead inc hosp,quantile,0.75,438,COVID-19
DE-HE,00+,2023-02-12,2023-02-02,-10 day ahead inc hosp,quantile,0.9,443,COVID-19
DE-HE,00+,2023-02-12,2023-02-02,-10 day ahead inc hosp,quantile,0.975,448,COVID-19
DE-HE,00+,2023-02-12,2023-02-03,-9 day ahead inc hosp,mean,NA,438.594,COVID-19
DE-HE,00+,2023-02-12,2023-02-03,-9 day ahead inc hosp,quantile,0.025,426,COVID-19
DE-HE,00+,2023-02-12,2023-02-03,-9 day ahead inc hosp,quantile,0.1,430,COVID-19
DE-HE,00+,2023-02-12,2023-02-03,-9 day ahead inc hosp,quantile,0.25,434,COVID-19
DE-HE,00+,2023-02-12,2023-02-03,-9 day ahead inc hosp,quantile,0.5,438,COVID-19
DE-HE,00+,2023-02-12,2023-02-03,-9 day ahead inc hosp,quantile,0.75,443,COVID-19
DE-HE,00+,2023-02-12,2023-02-03,-9 day ahead inc hosp,quantile,0.9,447,COVID-19
DE-HE,00+,2023-02-12,2023-02-03,-9 day ahead inc hosp,quantile,0.975,453,COVID-19
DE-HE,00+,2023-02-12,2023-02-04,-8 day ahead inc hosp,mean,NA,466.5,COVID-19
DE-HE,00+,2023-02-12,2023-02-04,-8 day ahead inc hosp,quantile,0.025,453,COVID-19
DE-HE,00+,2023-02-12,2023-02-04,-8 day ahead inc hosp,quantile,0.1,457,COVID-19
DE-HE,00+,2023-02-12,2023-02-04,-8 day ahead inc hosp,quantile,0.25,461,COVID-19
DE-HE,00+,2023-02-12,2023-02-04,-8 day ahead inc hosp,quantile,0.5,467,COVID-19
DE-HE,00+,2023-02-12,2023-02-04,-8 day ahead inc hosp,quantile,0.75,471,COVID-19
DE-HE,00+,2023-02-12,2023-02-04,-8 day ahead inc hosp,quantile,0.9,476,COVID-19
DE-HE,00+,2023-02-12,2023-02-04,-8 day ahead inc hosp,quantile,0.975,481,COVID-19
DE-HE,00+,2023-02-12,2023-02-05,-7 day ahead inc hosp,mean,NA,475.679,COVID-19
DE-HE,00+,2023-02-12,2023-02-05,-7 day ahead inc hosp,quantile,0.025,461,COVID-19
DE-HE,00+,2023-02-12,2023-02-05,-7 day ahead inc hosp,quantile,0.1,466,COVID-19
DE-HE,00+,2023-02-12,2023-02-05,-7 day ahead inc hosp,quantile,0.25,470,COVID-19
DE-HE,00+,2023-02-12,2023-02-05,-7 day ahead inc hosp,quantile,0.5,476,COVID-19
DE-HE,00+,2023-02-12,2023-02-05,-7 day ahead inc hosp,quantile,0.75,481,COVID-19
DE-HE,00+,2023-02-12,2023-02-05,-7 day ahead inc hosp,quantile,0.9,485,COVID-19
DE-HE,00+,2023-02-12,2023-02-05,-7 day ahead inc hosp,quantile,0.975,491,COVID-19
DE-HE,00+,2023-02-12,2023-02-06,-6 day ahead inc hosp,mean,NA,475.65,COVID-19
DE-HE,00+,2023-02-12,2023-02-06,-6 day ahead inc hosp,quantile,0.025,461,COVID-19
DE-HE,00+,2023-02-12,2023-02-06,-6 day ahead inc hosp,quantile,0.1,466,COVID-19
DE-HE,00+,2023-02-12,2023-02-06,-6 day ahead inc hosp,quantile,0.25,470,COVID-19
DE-HE,00+,2023-02-12,2023-02-06,-6 day ahead inc hosp,quantile,0.5,476,COVID-19
DE-HE,00+,2023-02-12,2023-02-06,-6 day ahead inc hosp,quantile,0.75,481,COVID-19
DE-HE,00+,2023-02-12,2023-02-06,-6 day ahead inc hosp,quantile,0.9,485,COVID-19
DE-HE,00+,2023-02-12,2023-02-06,-6 day ahead inc hosp,quantile,0.975,491,COVID-19
DE-HE,00+,2023-02-12,2023-02-07,-5 day ahead inc hosp,mean,NA,512.168,COVID-19
DE-HE,00+,2023-02-12,2023-02-07,-5 day ahead inc hosp,quantile,0.025,494,COVID-19
DE-HE,00+,2023-02-12,2023-02-07,-5 day ahead inc hosp,quantile,0.1,500,COVID-19
DE-HE,00+,2023-02-12,2023-02-07,-5 day ahead inc hosp,quantile,0.25,506,COVID-19
DE-HE,00+,2023-02-12,2023-02-07,-5 day ahead inc hosp,quantile,0.5,512,COVID-19
DE-HE,00+,2023-02-12,2023-02-07,-5 day ahead inc hosp,quantile,0.75,518,COVID-19
DE-HE,00+,2023-02-12,2023-02-07,-5 day ahead inc hosp,quantile,0.9,525,COVID-19
DE-HE,00+,2023-02-12,2023-02-07,-5 day ahead inc hosp,quantile,0.975,532,COVID-19
DE-HE,00+,2023-02-12,2023-02-08,-4 day ahead inc hosp,mean,NA,503.242,COVID-19
DE-HE,00+,2023-02-12,2023-02-08,-4 day ahead inc hosp,quantile,0.025,482,COVID-19
DE-HE,00+,2023-02-12,2023-02-08,-4 day ahead inc hosp,quantile,0.1,489,COVID-19
DE-HE,00+,2023-02-12,2023-02-08,-4 day ahead inc hosp,quantile,0.25,495,COVID-19
DE-HE,00+,2023-02-12,2023-02-08,-4 day ahead inc hosp,quantile,0.5,503,COVID-19
DE-HE,00+,2023-02-12,2023-02-08,-4 day ahead inc hosp,quantile,0.75,511,COVID-19
DE-HE,00+,2023-02-12,2023-02-08,-4 day ahead inc hosp,quantile,0.9,519,COVID-19
DE-HE,00+,2023-02-12,2023-02-08,-4 day ahead inc hosp,quantile,0.975,528,COVID-19
DE-HE,00+,2023-02-12,2023-02-09,-3 day ahead inc hosp,mean,NA,516.501,COVID-19
DE-HE,00+,2023-02-12,2023-02-09,-3 day ahead inc hosp,quantile,0.025,491,COVID-19
DE-HE,00+,2023-02-12,2023-02-09,-3 day ahead inc hosp,quantile,0.1,499,COVID-19
DE-HE,00+,2023-02-12,2023-02-09,-3 day ahead inc hosp,quantile,0.25,506,COVID-19
DE-HE,00+,2023-02-12,2023-02-09,-3 day ahead inc hosp,quantile,0.5,516,COVID-19
DE-HE,00+,2023-02-12,2023-02-09,-3 day ahead inc hosp,quantile,0.75,526,COVID-19
DE-HE,00+,2023-02-12,2023-02-09,-3 day ahead inc hosp,quantile,0.9,534,COVID-19
DE-HE,00+,2023-02-12,2023-02-09,-3 day ahead inc hosp,quantile,0.975,546,COVID-19
DE-HE,00+,2023-02-12,2023-02-10,-2 day ahead inc hosp,mean,NA,537.685,COVID-19
DE-HE,00+,2023-02-12,2023-02-10,-2 day ahead inc hosp,quantile,0.025,507,COVID-19
DE-HE,00+,2023-02-12,2023-02-10,-2 day ahead inc hosp,quantile,0.1,514,COVID-19
DE-HE,00+,2023-02-12,2023-02-10,-2 day ahead inc hosp,quantile,0.25,525,COVID-19
DE-HE,00+,2023-02-12,2023-02-10,-2 day ahead inc hosp,quantile,0.5,536,COVID-19
DE-HE,00+,2023-02-12,2023-02-10,-2 day ahead inc hosp,quantile,0.75,549,COVID-19
DE-HE,00+,2023-02-12,2023-02-10,-2 day ahead inc hosp,quantile,0.9,560,COVID-19
DE-HE,00+,2023-02-12,2023-02-10,-2 day ahead inc hosp,quantile,0.975,578,COVID-19
DE-HE,00+,2023-02-12,2023-02-11,-1 day ahead inc hosp,mean,NA,544.775,COVID-19
DE-HE,00+,2023-02-12,2023-02-11,-1 day ahead inc hosp,quantile,0.025,500,COVID-19
DE-HE,00+,2023-02-12,2023-02-11,-1 day ahead inc hosp,quantile,0.1,514,COVID-19
DE-HE,00+,2023-02-12,2023-02-11,-1 day ahead inc hosp,quantile,0.25,526,COVID-19
DE-HE,00+,2023-02-12,2023-02-11,-1 day ahead inc hosp,quantile,0.5,543,COVID-19
DE-HE,00+,2023-02-12,2023-02-11,-1 day ahead inc hosp,quantile,0.75,560,COVID-19
DE-HE,00+,2023-02-12,2023-02-11,-1 day ahead inc hosp,quantile,0.9,577,COVID-19
DE-HE,00+,2023-02-12,2023-02-11,-1 day ahead inc hosp,quantile,0.975,605,COVID-19
DE-HE,00+,2023-02-12,2023-02-12,0 day ahead inc hosp,mean,NA,542.933,COVID-19
DE-HE,00+,2023-02-12,2023-02-12,0 day ahead inc hosp,quantile,0.025,495,COVID-19
DE-HE,00+,2023-02-12,2023-02-12,0 day ahead inc hosp,quantile,0.1,509,COVID-19
DE-HE,00+,2023-02-12,2023-02-12,0 day ahead inc hosp,quantile,0.25,524,COVID-19
DE-HE,00+,2023-02-12,2023-02-12,0 day ahead inc hosp,quantile,0.5,541,COVID-19
DE-HE,00+,2023-02-12,2023-02-12,0 day ahead inc hosp,quantile,0.75,560,COVID-19
DE-HE,00+,2023-02-12,2023-02-12,0 day ahead inc hosp,quantile,0.9,577,COVID-19
DE-HE,00+,2023-02-12,2023-02-12,0 day ahead inc hosp,quantile,0.975,607,COVID-19
DE-HH,00+,2023-02-12,2023-01-15,-28 day ahead inc hosp,mean,NA,112.865,COVID-19
DE-HH,00+,2023-02-12,2023-01-15,-28 day ahead inc hosp,quantile,0.025,109,COVID-19
DE-HH,00+,2023-02-12,2023-01-15,-28 day ahead inc hosp,quantile,0.1,110,COVID-19
DE-HH,00+,2023-02-12,2023-01-15,-28 day ahead inc hosp,quantile,0.25,111,COVID-19
DE-HH,00+,2023-02-12,2023-01-15,-28 day ahead inc hosp,quantile,0.5,113,COVID-19
DE-HH,00+,2023-02-12,2023-01-15,-28 day ahead inc hosp,quantile,0.75,115,COVID-19
DE-HH,00+,2023-02-12,2023-01-15,-28 day ahead inc hosp,quantile,0.9,116,COVID-19
DE-HH,00+,2023-02-12,2023-01-15,-28 day ahead inc hosp,quantile,0.975,118,COVID-19
DE-HH,00+,2023-02-12,2023-01-16,-27 day ahead inc hosp,mean,NA,113.879,COVID-19
DE-HH,00+,2023-02-12,2023-01-16,-27 day ahead inc hosp,quantile,0.025,109,COVID-19
DE-HH,00+,2023-02-12,2023-01-16,-27 day ahead inc hosp,quantile,0.1,111,COVID-19
DE-HH,00+,2023-02-12,2023-01-16,-27 day ahead inc hosp,quantile,0.25,112,COVID-19
DE-HH,00+,2023-02-12,2023-01-16,-27 day ahead inc hosp,quantile,0.5,114,COVID-19
DE-HH,00+,2023-02-12,2023-01-16,-27 day ahead inc hosp,quantile,0.75,116,COVID-19
DE-HH,00+,2023-02-12,2023-01-16,-27 day ahead inc hosp,quantile,0.9,117,COVID-19
DE-HH,00+,2023-02-12,2023-01-16,-27 day ahead inc hosp,quantile,0.975,119,COVID-19
DE-HH,00+,2023-02-12,2023-01-17,-26 day ahead inc hosp,mean,NA,96.612,COVID-19
DE-HH,00+,2023-02-12,2023-01-17,-26 day ahead inc hosp,quantile,0.025,92,COVID-19
DE-HH,00+,2023-02-12,2023-01-17,-26 day ahead inc hosp,quantile,0.1,94,COVID-19
DE-HH,00+,2023-02-12,2023-01-17,-26 day ahead inc hosp,quantile,0.25,95,COVID-19
DE-HH,00+,2023-02-12,2023-01-17,-26 day ahead inc hosp,quantile,0.5,96,COVID-19
DE-HH,00+,2023-02-12,2023-01-17,-26 day ahead inc hosp,quantile,0.75,98,COVID-19
DE-HH,00+,2023-02-12,2023-01-17,-26 day ahead inc hosp,quantile,0.9,100,COVID-19
DE-HH,00+,2023-02-12,2023-01-17,-26 day ahead inc hosp,quantile,0.975,102,COVID-19
DE-HH,00+,2023-02-12,2023-01-18,-25 day ahead inc hosp,mean,NA,82.488,COVID-19
DE-HH,00+,2023-02-12,2023-01-18,-25 day ahead inc hosp,quantile,0.025,78,COVID-19
DE-HH,00+,2023-02-12,2023-01-18,-25 day ahead inc hosp,quantile,0.1,80,COVID-19
DE-HH,00+,2023-02-12,2023-01-18,-25 day ahead inc hosp,quantile,0.25,81,COVID-19
DE-HH,00+,2023-02-12,2023-01-18,-25 day ahead inc hosp,quantile,0.5,82,COVID-19
DE-HH,00+,2023-02-12,2023-01-18,-25 day ahead inc hosp,quantile,0.75,84,COVID-19
DE-HH,00+,2023-02-12,2023-01-18,-25 day ahead inc hosp,quantile,0.9,86,COVID-19
DE-HH,00+,2023-02-12,2023-01-18,-25 day ahead inc hosp,quantile,0.975,87,COVID-19
DE-HH,00+,2023-02-12,2023-01-19,-24 day ahead inc hosp,mean,NA,67.465,COVID-19
DE-HH,00+,2023-02-12,2023-01-19,-24 day ahead inc hosp,quantile,0.025,63,COVID-19
DE-HH,00+,2023-02-12,2023-01-19,-24 day ahead inc hosp,quantile,0.1,64,COVID-19
DE-HH,00+,2023-02-12,2023-01-19,-24 day ahead inc hosp,quantile,0.25,66,COVID-19
DE-HH,00+,2023-02-12,2023-01-19,-24 day ahead inc hosp,quantile,0.5,67,COVID-19
DE-HH,00+,2023-02-12,2023-01-19,-24 day ahead inc hosp,quantile,0.75,69,COVID-19
DE-HH,00+,2023-02-12,2023-01-19,-24 day ahead inc hosp,quantile,0.9,71,COVID-19
DE-HH,00+,2023-02-12,2023-01-19,-24 day ahead inc hosp,quantile,0.975,72,COVID-19
DE-HH,00+,2023-02-12,2023-01-20,-23 day ahead inc hosp,mean,NA,68.451,COVID-19
DE-HH,00+,2023-02-12,2023-01-20,-23 day ahead inc hosp,quantile,0.025,64,COVID-19
DE-HH,00+,2023-02-12,2023-01-20,-23 day ahead inc hosp,quantile,0.1,66,COVID-19
DE-HH,00+,2023-02-12,2023-01-20,-23 day ahead inc hosp,quantile,0.25,67,COVID-19
DE-HH,00+,2023-02-12,2023-01-20,-23 day ahead inc hosp,quantile,0.5,68,COVID-19
DE-HH,00+,2023-02-12,2023-01-20,-23 day ahead inc hosp,quantile,0.75,70,COVID-19
DE-HH,00+,2023-02-12,2023-01-20,-23 day ahead inc hosp,quantile,0.9,72,COVID-19
DE-HH,00+,2023-02-12,2023-01-20,-23 day ahead inc hosp,quantile,0.975,73,COVID-19
DE-HH,00+,2023-02-12,2023-01-21,-22 day ahead inc hosp,mean,NA,57.49,COVID-19
DE-HH,00+,2023-02-12,2023-01-21,-22 day ahead inc hosp,quantile,0.025,53,COVID-19
DE-HH,00+,2023-02-12,2023-01-21,-22 day ahead inc hosp,quantile,0.1,55,COVID-19
DE-HH,00+,2023-02-12,2023-01-21,-22 day ahead inc hosp,quantile,0.25,56,COVID-19
DE-HH,00+,2023-02-12,2023-01-21,-22 day ahead inc hosp,quantile,0.5,57,COVID-19
DE-HH,00+,2023-02-12,2023-01-21,-22 day ahead inc hosp,quantile,0.75,59,COVID-19
DE-HH,00+,2023-02-12,2023-01-21,-22 day ahead inc hosp,quantile,0.9,61,COVID-19
DE-HH,00+,2023-02-12,2023-01-21,-22 day ahead inc hosp,quantile,0.975,63,COVID-19
DE-HH,00+,2023-02-12,2023-01-22,-21 day ahead inc hosp,mean,NA,59.558,COVID-19
DE-HH,00+,2023-02-12,2023-01-22,-21 day ahead inc hosp,quantile,0.025,56,COVID-19
DE-HH,00+,2023-02-12,2023-01-22,-21 day ahead inc hosp,quantile,0.1,57,COVID-19
DE-HH,00+,2023-02-12,2023-01-22,-21 day ahead inc hosp,quantile,0.25,58,COVID-19
DE-HH,00+,2023-02-12,2023-01-22,-21 day ahead inc hosp,quantile,0.5,59,COVID-19
DE-HH,00+,2023-02-12,2023-01-22,-21 day ahead inc hosp,quantile,0.75,61,COVID-19
DE-HH,00+,2023-02-12,2023-01-22,-21 day ahead inc hosp,quantile,0.9,63,COVID-19
DE-HH,00+,2023-02-12,2023-01-22,-21 day ahead inc hosp,quantile,0.975,65,COVID-19
DE-HH,00+,2023-02-12,2023-01-23,-20 day ahead inc hosp,mean,NA,57.594,COVID-19
DE-HH,00+,2023-02-12,2023-01-23,-20 day ahead inc hosp,quantile,0.025,54,COVID-19
DE-HH,00+,2023-02-12,2023-01-23,-20 day ahead inc hosp,quantile,0.1,55,COVID-19
DE-HH,00+,2023-02-12,2023-01-23,-20 day ahead inc hosp,quantile,0.25,56,COVID-19
DE-HH,00+,2023-02-12,2023-01-23,-20 day ahead inc hosp,quantile,0.5,57,COVID-19
DE-HH,00+,2023-02-12,2023-01-23,-20 day ahead inc hosp,quantile,0.75,59,COVID-19
DE-HH,00+,2023-02-12,2023-01-23,-20 day ahead inc hosp,quantile,0.9,61,COVID-19
DE-HH,00+,2023-02-12,2023-01-23,-20 day ahead inc hosp,quantile,0.975,63,COVID-19
DE-HH,00+,2023-02-12,2023-01-24,-19 day ahead inc hosp,mean,NA,50.7,COVID-19
DE-HH,00+,2023-02-12,2023-01-24,-19 day ahead inc hosp,quantile,0.025,46,COVID-19
DE-HH,00+,2023-02-12,2023-01-24,-19 day ahead inc hosp,quantile,0.1,48,COVID-19
DE-HH,00+,2023-02-12,2023-01-24,-19 day ahead inc hosp,quantile,0.25,49,COVID-19
DE-HH,00+,2023-02-12,2023-01-24,-19 day ahead inc hosp,quantile,0.5,51,COVID-19
DE-HH,00+,2023-02-12,2023-01-24,-19 day ahead inc hosp,quantile,0.75,52,COVID-19
DE-HH,00+,2023-02-12,2023-01-24,-19 day ahead inc hosp,quantile,0.9,54,COVID-19
DE-HH,00+,2023-02-12,2023-01-24,-19 day ahead inc hosp,quantile,0.975,56,COVID-19
DE-HH,00+,2023-02-12,2023-01-25,-18 day ahead inc hosp,mean,NA,48.832,COVID-19
DE-HH,00+,2023-02-12,2023-01-25,-18 day ahead inc hosp,quantile,0.025,45,COVID-19
DE-HH,00+,2023-02-12,2023-01-25,-18 day ahead inc hosp,quantile,0.1,46,COVID-19
DE-HH,00+,2023-02-12,2023-01-25,-18 day ahead inc hosp,quantile,0.25,47,COVID-19
DE-HH,00+,2023-02-12,2023-01-25,-18 day ahead inc hosp,quantile,0.5,49,COVID-19
DE-HH,00+,2023-02-12,2023-01-25,-18 day ahead inc hosp,quantile,0.75,50,COVID-19
DE-HH,00+,2023-02-12,2023-01-25,-18 day ahead inc hosp,quantile,0.9,52,COVID-19
DE-HH,00+,2023-02-12,2023-01-25,-18 day ahead inc hosp,quantile,0.975,54,COVID-19
DE-HH,00+,2023-02-12,2023-01-26,-17 day ahead inc hosp,mean,NA,53.164,COVID-19
DE-HH,00+,2023-02-12,2023-01-26,-17 day ahead inc hosp,quantile,0.025,49,COVID-19
DE-HH,00+,2023-02-12,2023-01-26,-17 day ahead inc hosp,quantile,0.1,50,COVID-19
DE-HH,00+,2023-02-12,2023-01-26,-17 day ahead inc hosp,quantile,0.25,51,COVID-19
DE-HH,00+,2023-02-12,2023-01-26,-17 day ahead inc hosp,quantile,0.5,53,COVID-19
DE-HH,00+,2023-02-12,2023-01-26,-17 day ahead inc hosp,quantile,0.75,55,COVID-19
DE-HH,00+,2023-02-12,2023-01-26,-17 day ahead inc hosp,quantile,0.9,56,COVID-19
DE-HH,00+,2023-02-12,2023-01-26,-17 day ahead inc hosp,quantile,0.975,58,COVID-19
DE-HH,00+,2023-02-12,2023-01-27,-16 day ahead inc hosp,mean,NA,52.504,COVID-19
DE-HH,00+,2023-02-12,2023-01-27,-16 day ahead inc hosp,quantile,0.025,48,COVID-19
DE-HH,00+,2023-02-12,2023-01-27,-16 day ahead inc hosp,quantile,0.1,49,COVID-19
DE-HH,00+,2023-02-12,2023-01-27,-16 day ahead inc hosp,quantile,0.25,51,COVID-19
DE-HH,00+,2023-02-12,2023-01-27,-16 day ahead inc hosp,quantile,0.5,52,COVID-19
DE-HH,00+,2023-02-12,2023-01-27,-16 day ahead inc hosp,quantile,0.75,54,COVID-19
DE-HH,00+,2023-02-12,2023-01-27,-16 day ahead inc hosp,quantile,0.9,56,COVID-19
DE-HH,00+,2023-02-12,2023-01-27,-16 day ahead inc hosp,quantile,0.975,58,COVID-19
DE-HH,00+,2023-02-12,2023-01-28,-15 day ahead inc hosp,mean,NA,51.938,COVID-19
DE-HH,00+,2023-02-12,2023-01-28,-15 day ahead inc hosp,quantile,0.025,47,COVID-19
DE-HH,00+,2023-02-12,2023-01-28,-15 day ahead inc hosp,quantile,0.1,49,COVID-19
DE-HH,00+,2023-02-12,2023-01-28,-15 day ahead inc hosp,quantile,0.25,50,COVID-19
DE-HH,00+,2023-02-12,2023-01-28,-15 day ahead inc hosp,quantile,0.5,52,COVID-19
DE-HH,00+,2023-02-12,2023-01-28,-15 day ahead inc hosp,quantile,0.75,54,COVID-19
DE-HH,00+,2023-02-12,2023-01-28,-15 day ahead inc hosp,quantile,0.9,55,COVID-19
DE-HH,00+,2023-02-12,2023-01-28,-15 day ahead inc hosp,quantile,0.975,57,COVID-19
DE-HH,00+,2023-02-12,2023-01-29,-14 day ahead inc hosp,mean,NA,51.127,COVID-19
DE-HH,00+,2023-02-12,2023-01-29,-14 day ahead inc hosp,quantile,0.025,46,COVID-19
DE-HH,00+,2023-02-12,2023-01-29,-14 day ahead inc hosp,quantile,0.1,48,COVID-19
DE-HH,00+,2023-02-12,2023-01-29,-14 day ahead inc hosp,quantile,0.25,49,COVID-19
DE-HH,00+,2023-02-12,2023-01-29,-14 day ahead inc hosp,quantile,0.5,51,COVID-19
DE-HH,00+,2023-02-12,2023-01-29,-14 day ahead inc hosp,quantile,0.75,53,COVID-19
DE-HH,00+,2023-02-12,2023-01-29,-14 day ahead inc hosp,quantile,0.9,55,COVID-19
DE-HH,00+,2023-02-12,2023-01-29,-14 day ahead inc hosp,quantile,0.975,57,COVID-19
DE-HH,00+,2023-02-12,2023-01-30,-13 day ahead inc hosp,mean,NA,54.33,COVID-19
DE-HH,00+,2023-02-12,2023-01-30,-13 day ahead inc hosp,quantile,0.025,50,COVID-19
DE-HH,00+,2023-02-12,2023-01-30,-13 day ahead inc hosp,quantile,0.1,51,COVID-19
DE-HH,00+,2023-02-12,2023-01-30,-13 day ahead inc hosp,quantile,0.25,52,COVID-19
DE-HH,00+,2023-02-12,2023-01-30,-13 day ahead inc hosp,quantile,0.5,54,COVID-19
DE-HH,00+,2023-02-12,2023-01-30,-13 day ahead inc hosp,quantile,0.75,56,COVID-19
DE-HH,00+,2023-02-12,2023-01-30,-13 day ahead inc hosp,quantile,0.9,58,COVID-19
DE-HH,00+,2023-02-12,2023-01-30,-13 day ahead inc hosp,quantile,0.975,60,COVID-19
DE-HH,00+,2023-02-12,2023-01-31,-12 day ahead inc hosp,mean,NA,64.2,COVID-19
DE-HH,00+,2023-02-12,2023-01-31,-12 day ahead inc hosp,quantile,0.025,59,COVID-19
DE-HH,00+,2023-02-12,2023-01-31,-12 day ahead inc hosp,quantile,0.1,61,COVID-19
DE-HH,00+,2023-02-12,2023-01-31,-12 day ahead inc hosp,quantile,0.25,62,COVID-19
DE-HH,00+,2023-02-12,2023-01-31,-12 day ahead inc hosp,quantile,0.5,64,COVID-19
DE-HH,00+,2023-02-12,2023-01-31,-12 day ahead inc hosp,quantile,0.75,66,COVID-19
DE-HH,00+,2023-02-12,2023-01-31,-12 day ahead inc hosp,quantile,0.9,68,COVID-19
DE-HH,00+,2023-02-12,2023-01-31,-12 day ahead inc hosp,quantile,0.975,70,COVID-19
DE-HH,00+,2023-02-12,2023-02-01,-11 day ahead inc hosp,mean,NA,65.027,COVID-19
DE-HH,00+,2023-02-12,2023-02-01,-11 day ahead inc hosp,quantile,0.025,59,COVID-19
DE-HH,00+,2023-02-12,2023-02-01,-11 day ahead inc hosp,quantile,0.1,61,COVID-19
DE-HH,00+,2023-02-12,2023-02-01,-11 day ahead inc hosp,quantile,0.25,63,COVID-19
DE-HH,00+,2023-02-12,2023-02-01,-11 day ahead inc hosp,quantile,0.5,65,COVID-19
DE-HH,00+,2023-02-12,2023-02-01,-11 day ahead inc hosp,quantile,0.75,67,COVID-19
DE-HH,00+,2023-02-12,2023-02-01,-11 day ahead inc hosp,quantile,0.9,69,COVID-19
DE-HH,00+,2023-02-12,2023-02-01,-11 day ahead inc hosp,quantile,0.975,72,COVID-19
DE-HH,00+,2023-02-12,2023-02-02,-10 day ahead inc hosp,mean,NA,62.984,COVID-19
DE-HH,00+,2023-02-12,2023-02-02,-10 day ahead inc hosp,quantile,0.025,57,COVID-19
DE-HH,00+,2023-02-12,2023-02-02,-10 day ahead inc hosp,quantile,0.1,59,COVID-19
DE-HH,00+,2023-02-12,2023-02-02,-10 day ahead inc hosp,quantile,0.25,61,COVID-19
DE-HH,00+,2023-02-12,2023-02-02,-10 day ahead inc hosp,quantile,0.5,63,COVID-19
DE-HH,00+,2023-02-12,2023-02-02,-10 day ahead inc hosp,quantile,0.75,65,COVID-19
DE-HH,00+,2023-02-12,2023-02-02,-10 day ahead inc hosp,quantile,0.9,68,COVID-19
DE-HH,00+,2023-02-12,2023-02-02,-10 day ahead inc hosp,quantile,0.975,70,COVID-19
DE-HH,00+,2023-02-12,2023-02-03,-9 day ahead inc hosp,mean,NA,59.041,COVID-19
DE-HH,00+,2023-02-12,2023-02-03,-9 day ahead inc hosp,quantile,0.025,53,COVID-19
DE-HH,00+,2023-02-12,2023-02-03,-9 day ahead inc hosp,quantile,0.1,55,COVID-19
DE-HH,00+,2023-02-12,2023-02-03,-9 day ahead inc hosp,quantile,0.25,57,COVID-19
DE-HH,00+,2023-02-12,2023-02-03,-9 day ahead inc hosp,quantile,0.5,59,COVID-19
DE-HH,00+,2023-02-12,2023-02-03,-9 day ahead inc hosp,quantile,0.75,61,COVID-19
DE-HH,00+,2023-02-12,2023-02-03,-9 day ahead inc hosp,quantile,0.9,64,COVID-19
DE-HH,00+,2023-02-12,2023-02-03,-9 day ahead inc hosp,quantile,0.975,67,COVID-19
DE-HH,00+,2023-02-12,2023-02-04,-8 day ahead inc hosp,mean,NA,60.275,COVID-19
DE-HH,00+,2023-02-12,2023-02-04,-8 day ahead inc hosp,quantile,0.025,54,COVID-19
DE-HH,00+,2023-02-12,2023-02-04,-8 day ahead inc hosp,quantile,0.1,56,COVID-19
DE-HH,00+,2023-02-12,2023-02-04,-8 day ahead inc hosp,quantile,0.25,58,COVID-19
DE-HH,00+,2023-02-12,2023-02-04,-8 day ahead inc hosp,quantile,0.5,60,COVID-19
DE-HH,00+,2023-02-12,2023-02-04,-8 day ahead inc hosp,quantile,0.75,63,COVID-19
DE-HH,00+,2023-02-12,2023-02-04,-8 day ahead inc hosp,quantile,0.9,65,COVID-19
DE-HH,00+,2023-02-12,2023-02-04,-8 day ahead inc hosp,quantile,0.975,69,COVID-19
DE-HH,00+,2023-02-12,2023-02-05,-7 day ahead inc hosp,mean,NA,60.797,COVID-19
DE-HH,00+,2023-02-12,2023-02-05,-7 day ahead inc hosp,quantile,0.025,54,COVID-19
DE-HH,00+,2023-02-12,2023-02-05,-7 day ahead inc hosp,quantile,0.1,56,COVID-19
DE-HH,00+,2023-02-12,2023-02-05,-7 day ahead inc hosp,quantile,0.25,58,COVID-19
DE-HH,00+,2023-02-12,2023-02-05,-7 day ahead inc hosp,quantile,0.5,60,COVID-19
DE-HH,00+,2023-02-12,2023-02-05,-7 day ahead inc hosp,quantile,0.75,63,COVID-19
DE-HH,00+,2023-02-12,2023-02-05,-7 day ahead inc hosp,quantile,0.9,66,COVID-19
DE-HH,00+,2023-02-12,2023-02-05,-7 day ahead inc hosp,quantile,0.975,69,COVID-19
DE-HH,00+,2023-02-12,2023-02-06,-6 day ahead inc hosp,mean,NA,58.34,COVID-19
DE-HH,00+,2023-02-12,2023-02-06,-6 day ahead inc hosp,quantile,0.025,51,COVID-19
DE-HH,00+,2023-02-12,2023-02-06,-6 day ahead inc hosp,quantile,0.1,53,COVID-19
DE-HH,00+,2023-02-12,2023-02-06,-6 day ahead inc hosp,quantile,0.25,56,COVID-19
DE-HH,00+,2023-02-12,2023-02-06,-6 day ahead inc hosp,quantile,0.5,58,COVID-19
DE-HH,00+,2023-02-12,2023-02-06,-6 day ahead inc hosp,quantile,0.75,61,COVID-19
DE-HH,00+,2023-02-12,2023-02-06,-6 day ahead inc hosp,quantile,0.9,64,COVID-19
DE-HH,00+,2023-02-12,2023-02-06,-6 day ahead inc hosp,quantile,0.975,67,COVID-19
DE-HH,00+,2023-02-12,2023-02-07,-5 day ahead inc hosp,mean,NA,50.335,COVID-19
DE-HH,00+,2023-02-12,2023-02-07,-5 day ahead inc hosp,quantile,0.025,43,COVID-19
DE-HH,00+,2023-02-12,2023-02-07,-5 day ahead inc hosp,quantile,0.1,45,COVID-19
DE-HH,00+,2023-02-12,2023-02-07,-5 day ahead inc hosp,quantile,0.25,47,COVID-19
DE-HH,00+,2023-02-12,2023-02-07,-5 day ahead inc hosp,quantile,0.5,50,COVID-19
DE-HH,00+,2023-02-12,2023-02-07,-5 day ahead inc hosp,quantile,0.75,53,COVID-19
DE-HH,00+,2023-02-12,2023-02-07,-5 day ahead inc hosp,quantile,0.9,56,COVID-19
DE-HH,00+,2023-02-12,2023-02-07,-5 day ahead inc hosp,quantile,0.975,59,COVID-19
DE-HH,00+,2023-02-12,2023-02-08,-4 day ahead inc hosp,mean,NA,52.499,COVID-19
DE-HH,00+,2023-02-12,2023-02-08,-4 day ahead inc hosp,quantile,0.025,44,COVID-19
DE-HH,00+,2023-02-12,2023-02-08,-4 day ahead inc hosp,quantile,0.1,47,COVID-19
DE-HH,00+,2023-02-12,2023-02-08,-4 day ahead inc hosp,quantile,0.25,49,COVID-19
DE-HH,00+,2023-02-12,2023-02-08,-4 day ahead inc hosp,quantile,0.5,52,COVID-19
DE-HH,00+,2023-02-12,2023-02-08,-4 day ahead inc hosp,quantile,0.75,56,COVID-19
DE-HH,00+,2023-02-12,2023-02-08,-4 day ahead inc hosp,quantile,0.9,59,COVID-19
DE-HH,00+,2023-02-12,2023-02-08,-4 day ahead inc hosp,quantile,0.975,63,COVID-19
DE-HH,00+,2023-02-12,2023-02-09,-3 day ahead inc hosp,mean,NA,63.199,COVID-19
DE-HH,00+,2023-02-12,2023-02-09,-3 day ahead inc hosp,quantile,0.025,54,COVID-19
DE-HH,00+,2023-02-12,2023-02-09,-3 day ahead inc hosp,quantile,0.1,57,COVID-19
DE-HH,00+,2023-02-12,2023-02-09,-3 day ahead inc hosp,quantile,0.25,59,COVID-19
DE-HH,00+,2023-02-12,2023-02-09,-3 day ahead inc hosp,quantile,0.5,63,COVID-19
DE-HH,00+,2023-02-12,2023-02-09,-3 day ahead inc hosp,quantile,0.75,67,COVID-19
DE-HH,00+,2023-02-12,2023-02-09,-3 day ahead inc hosp,quantile,0.9,70,COVID-19
DE-HH,00+,2023-02-12,2023-02-09,-3 day ahead inc hosp,quantile,0.975,75,COVID-19
DE-HH,00+,2023-02-12,2023-02-10,-2 day ahead inc hosp,mean,NA,65.459,COVID-19
DE-HH,00+,2023-02-12,2023-02-10,-2 day ahead inc hosp,quantile,0.025,54,COVID-19
DE-HH,00+,2023-02-12,2023-02-10,-2 day ahead inc hosp,quantile,0.1,58,COVID-19
DE-HH,00+,2023-02-12,2023-02-10,-2 day ahead inc hosp,quantile,0.25,61,COVID-19
DE-HH,00+,2023-02-12,2023-02-10,-2 day ahead inc hosp,quantile,0.5,65,COVID-19
DE-HH,00+,2023-02-12,2023-02-10,-2 day ahead inc hosp,quantile,0.75,69,COVID-19
DE-HH,00+,2023-02-12,2023-02-10,-2 day ahead inc hosp,quantile,0.9,73,COVID-19
DE-HH,00+,2023-02-12,2023-02-10,-2 day ahead inc hosp,quantile,0.975,79,COVID-19
DE-HH,00+,2023-02-12,2023-02-11,-1 day ahead inc hosp,mean,NA,64.077,COVID-19
DE-HH,00+,2023-02-12,2023-02-11,-1 day ahead inc hosp,quantile,0.025,51,COVID-19
DE-HH,00+,2023-02-12,2023-02-11,-1 day ahead inc hosp,quantile,0.1,55,COVID-19
DE-HH,00+,2023-02-12,2023-02-11,-1 day ahead inc hosp,quantile,0.25,59,COVID-19
DE-HH,00+,2023-02-12,2023-02-11,-1 day ahead inc hosp,quantile,0.5,64,COVID-19
DE-HH,00+,2023-02-12,2023-02-11,-1 day ahead inc hosp,quantile,0.75,68,COVID-19
DE-HH,00+,2023-02-12,2023-02-11,-1 day ahead inc hosp,quantile,0.9,74,COVID-19
DE-HH,00+,2023-02-12,2023-02-11,-1 day ahead inc hosp,quantile,0.975,80,COVID-19
DE-HH,00+,2023-02-12,2023-02-12,0 day ahead inc hosp,mean,NA,65.589,COVID-19
DE-HH,00+,2023-02-12,2023-02-12,0 day ahead inc hosp,quantile,0.025,51,COVID-19
DE-HH,00+,2023-02-12,2023-02-12,0 day ahead inc hosp,quantile,0.1,56,COVID-19
DE-HH,00+,2023-02-12,2023-02-12,0 day ahead inc hosp,quantile,0.25,60,COVID-19
DE-HH,00+,2023-02-12,2023-02-12,0 day ahead inc hosp,quantile,0.5,65,COVID-19
DE-HH,00+,2023-02-12,2023-02-12,0 day ahead inc hosp,quantile,0.75,70,COVID-19
DE-HH,00+,2023-02-12,2023-02-12,0 day ahead inc hosp,quantile,0.9,76,COVID-19
DE-HH,00+,2023-02-12,2023-02-12,0 day ahead inc hosp,quantile,0.975,82,COVID-19
DE-MV,00+,2023-02-12,2023-01-15,-28 day ahead inc hosp,mean,NA,137.806,COVID-19
DE-MV,00+,2023-02-12,2023-01-15,-28 day ahead inc hosp,quantile,0.025,137,COVID-19
DE-MV,00+,2023-02-12,2023-01-15,-28 day ahead inc hosp,quantile,0.1,137,COVID-19
DE-MV,00+,2023-02-12,2023-01-15,-28 day ahead inc hosp,quantile,0.25,137,COVID-19
DE-MV,00+,2023-02-12,2023-01-15,-28 day ahead inc hosp,quantile,0.5,138,COVID-19
DE-MV,00+,2023-02-12,2023-01-15,-28 day ahead inc hosp,quantile,0.75,138,COVID-19
DE-MV,00+,2023-02-12,2023-01-15,-28 day ahead inc hosp,quantile,0.9,139,COVID-19
DE-MV,00+,2023-02-12,2023-01-15,-28 day ahead inc hosp,quantile,0.975,140,COVID-19
DE-MV,00+,2023-02-12,2023-01-16,-27 day ahead inc hosp,mean,NA,137.81,COVID-19
DE-MV,00+,2023-02-12,2023-01-16,-27 day ahead inc hosp,quantile,0.025,137,COVID-19
DE-MV,00+,2023-02-12,2023-01-16,-27 day ahead inc hosp,quantile,0.1,137,COVID-19
DE-MV,00+,2023-02-12,2023-01-16,-27 day ahead inc hosp,quantile,0.25,137,COVID-19
DE-MV,00+,2023-02-12,2023-01-16,-27 day ahead inc hosp,quantile,0.5,138,COVID-19
DE-MV,00+,2023-02-12,2023-01-16,-27 day ahead inc hosp,quantile,0.75,138,COVID-19
DE-MV,00+,2023-02-12,2023-01-16,-27 day ahead inc hosp,quantile,0.9,139,COVID-19
DE-MV,00+,2023-02-12,2023-01-16,-27 day ahead inc hosp,quantile,0.975,140,COVID-19
DE-MV,00+,2023-02-12,2023-01-17,-26 day ahead inc hosp,mean,NA,108.782,COVID-19
DE-MV,00+,2023-02-12,2023-01-17,-26 day ahead inc hosp,quantile,0.025,108,COVID-19
DE-MV,00+,2023-02-12,2023-01-17,-26 day ahead inc hosp,quantile,0.1,108,COVID-19
DE-MV,00+,2023-02-12,2023-01-17,-26 day ahead inc hosp,quantile,0.25,108,COVID-19
DE-MV,00+,2023-02-12,2023-01-17,-26 day ahead inc hosp,quantile,0.5,109,COVID-19
DE-MV,00+,2023-02-12,2023-01-17,-26 day ahead inc hosp,quantile,0.75,109,COVID-19
DE-MV,00+,2023-02-12,2023-01-17,-26 day ahead inc hosp,quantile,0.9,110,COVID-19
DE-MV,00+,2023-02-12,2023-01-17,-26 day ahead inc hosp,quantile,0.975,111,COVID-19
DE-MV,00+,2023-02-12,2023-01-18,-25 day ahead inc hosp,mean,NA,97.808,COVID-19
DE-MV,00+,2023-02-12,2023-01-18,-25 day ahead inc hosp,quantile,0.025,97,COVID-19
DE-MV,00+,2023-02-12,2023-01-18,-25 day ahead inc hosp,quantile,0.1,97,COVID-19
DE-MV,00+,2023-02-12,2023-01-18,-25 day ahead inc hosp,quantile,0.25,97,COVID-19
DE-MV,00+,2023-02-12,2023-01-18,-25 day ahead inc hosp,quantile,0.5,98,COVID-19
DE-MV,00+,2023-02-12,2023-01-18,-25 day ahead inc hosp,quantile,0.75,98,COVID-19
DE-MV,00+,2023-02-12,2023-01-18,-25 day ahead inc hosp,quantile,0.9,99,COVID-19
DE-MV,00+,2023-02-12,2023-01-18,-25 day ahead inc hosp,quantile,0.975,100,COVID-19
DE-MV,00+,2023-02-12,2023-01-19,-24 day ahead inc hosp,mean,NA,89.836,COVID-19
DE-MV,00+,2023-02-12,2023-01-19,-24 day ahead inc hosp,quantile,0.025,89,COVID-19
DE-MV,00+,2023-02-12,2023-01-19,-24 day ahead inc hosp,quantile,0.1,89,COVID-19
DE-MV,00+,2023-02-12,2023-01-19,-24 day ahead inc hosp,quantile,0.25,89,COVID-19
DE-MV,00+,2023-02-12,2023-01-19,-24 day ahead inc hosp,quantile,0.5,90,COVID-19
DE-MV,00+,2023-02-12,2023-01-19,-24 day ahead inc hosp,quantile,0.75,90,COVID-19
DE-MV,00+,2023-02-12,2023-01-19,-24 day ahead inc hosp,quantile,0.9,91,COVID-19
DE-MV,00+,2023-02-12,2023-01-19,-24 day ahead inc hosp,quantile,0.975,92,COVID-19
DE-MV,00+,2023-02-12,2023-01-20,-23 day ahead inc hosp,mean,NA,86.895,COVID-19
DE-MV,00+,2023-02-12,2023-01-20,-23 day ahead inc hosp,quantile,0.025,86,COVID-19
DE-MV,00+,2023-02-12,2023-01-20,-23 day ahead inc hosp,quantile,0.1,86,COVID-19
DE-MV,00+,2023-02-12,2023-01-20,-23 day ahead inc hosp,quantile,0.25,86,COVID-19
DE-MV,00+,2023-02-12,2023-01-20,-23 day ahead inc hosp,quantile,0.5,87,COVID-19
DE-MV,00+,2023-02-12,2023-01-20,-23 day ahead inc hosp,quantile,0.75,87,COVID-19
DE-MV,00+,2023-02-12,2023-01-20,-23 day ahead inc hosp,quantile,0.9,88,COVID-19
DE-MV,00+,2023-02-12,2023-01-20,-23 day ahead inc hosp,quantile,0.975,89,COVID-19
DE-MV,00+,2023-02-12,2023-01-21,-22 day ahead inc hosp,mean,NA,74.939,COVID-19
DE-MV,00+,2023-02-12,2023-01-21,-22 day ahead inc hosp,quantile,0.025,74,COVID-19
DE-MV,00+,2023-02-12,2023-01-21,-22 day ahead inc hosp,quantile,0.1,74,COVID-19
DE-MV,00+,2023-02-12,2023-01-21,-22 day ahead inc hosp,quantile,0.25,74,COVID-19
DE-MV,00+,2023-02-12,2023-01-21,-22 day ahead inc hosp,quantile,0.5,75,COVID-19
DE-MV,00+,2023-02-12,2023-01-21,-22 day ahead inc hosp,quantile,0.75,75,COVID-19
DE-MV,00+,2023-02-12,2023-01-21,-22 day ahead inc hosp,quantile,0.9,76,COVID-19
DE-MV,00+,2023-02-12,2023-01-21,-22 day ahead inc hosp,quantile,0.975,77,COVID-19
DE-MV,00+,2023-02-12,2023-01-22,-21 day ahead inc hosp,mean,NA,71.96,COVID-19
DE-MV,00+,2023-02-12,2023-01-22,-21 day ahead inc hosp,quantile,0.025,71,COVID-19
DE-MV,00+,2023-02-12,2023-01-22,-21 day ahead inc hosp,quantile,0.1,71,COVID-19
DE-MV,00+,2023-02-12,2023-01-22,-21 day ahead inc hosp,quantile,0.25,71,COVID-19
DE-MV,00+,2023-02-12,2023-01-22,-21 day ahead inc hosp,quantile,0.5,72,COVID-19
DE-MV,00+,2023-02-12,2023-01-22,-21 day ahead inc hosp,quantile,0.75,72,COVID-19
DE-MV,00+,2023-02-12,2023-01-22,-21 day ahead inc hosp,quantile,0.9,73,COVID-19
DE-MV,00+,2023-02-12,2023-01-22,-21 day ahead inc hosp,quantile,0.975,74,COVID-19
DE-MV,00+,2023-02-12,2023-01-23,-20 day ahead inc hosp,mean,NA,70.97,COVID-19
DE-MV,00+,2023-02-12,2023-01-23,-20 day ahead inc hosp,quantile,0.025,70,COVID-19
DE-MV,00+,2023-02-12,2023-01-23,-20 day ahead inc hosp,quantile,0.1,70,COVID-19
DE-MV,00+,2023-02-12,2023-01-23,-20 day ahead inc hosp,quantile,0.25,70,COVID-19
DE-MV,00+,2023-02-12,2023-01-23,-20 day ahead inc hosp,quantile,0.5,71,COVID-19
DE-MV,00+,2023-02-12,2023-01-23,-20 day ahead inc hosp,quantile,0.75,71,COVID-19
DE-MV,00+,2023-02-12,2023-01-23,-20 day ahead inc hosp,quantile,0.9,72,COVID-19
DE-MV,00+,2023-02-12,2023-01-23,-20 day ahead inc hosp,quantile,0.975,73,COVID-19
DE-MV,00+,2023-02-12,2023-01-24,-19 day ahead inc hosp,mean,NA,88.038,COVID-19
DE-MV,00+,2023-02-12,2023-01-24,-19 day ahead inc hosp,quantile,0.025,87,COVID-19
DE-MV,00+,2023-02-12,2023-01-24,-19 day ahead inc hosp,quantile,0.1,87,COVID-19
DE-MV,00+,2023-02-12,2023-01-24,-19 day ahead inc hosp,quantile,0.25,87,COVID-19
DE-MV,00+,2023-02-12,2023-01-24,-19 day ahead inc hosp,quantile,0.5,88,COVID-19
DE-MV,00+,2023-02-12,2023-01-24,-19 day ahead inc hosp,quantile,0.75,89,COVID-19
DE-MV,00+,2023-02-12,2023-01-24,-19 day ahead inc hosp,quantile,0.9,89,COVID-19
DE-MV,00+,2023-02-12,2023-01-24,-19 day ahead inc hosp,quantile,0.975,90,COVID-19
DE-MV,00+,2023-02-12,2023-01-25,-18 day ahead inc hosp,mean,NA,86.158,COVID-19
DE-MV,00+,2023-02-12,2023-01-25,-18 day ahead inc hosp,quantile,0.025,85,COVID-19
DE-MV,00+,2023-02-12,2023-01-25,-18 day ahead inc hosp,quantile,0.1,85,COVID-19
DE-MV,00+,2023-02-12,2023-01-25,-18 day ahead inc hosp,quantile,0.25,85,COVID-19
DE-MV,00+,2023-02-12,2023-01-25,-18 day ahead inc hosp,quantile,0.5,86,COVID-19
DE-MV,00+,2023-02-12,2023-01-25,-18 day ahead inc hosp,quantile,0.75,87,COVID-19
DE-MV,00+,2023-02-12,2023-01-25,-18 day ahead inc hosp,quantile,0.9,88,COVID-19
DE-MV,00+,2023-02-12,2023-01-25,-18 day ahead inc hosp,quantile,0.975,89,COVID-19
DE-MV,00+,2023-02-12,2023-01-26,-17 day ahead inc hosp,mean,NA,88.267,COVID-19
DE-MV,00+,2023-02-12,2023-01-26,-17 day ahead inc hosp,quantile,0.025,87,COVID-19
DE-MV,00+,2023-02-12,2023-01-26,-17 day ahead inc hosp,quantile,0.1,87,COVID-19
DE-MV,00+,2023-02-12,2023-01-26,-17 day ahead inc hosp,quantile,0.25,87,COVID-19
DE-MV,00+,2023-02-12,2023-01-26,-17 day ahead inc hosp,quantile,0.5,88,COVID-19
DE-MV,00+,2023-02-12,2023-01-26,-17 day ahead inc hosp,quantile,0.75,89,COVID-19
DE-MV,00+,2023-02-12,2023-01-26,-17 day ahead inc hosp,quantile,0.9,90,COVID-19
DE-MV,00+,2023-02-12,2023-01-26,-17 day ahead inc hosp,quantile,0.975,91,COVID-19
DE-MV,00+,2023-02-12,2023-01-27,-16 day ahead inc hosp,mean,NA,94.372,COVID-19
DE-MV,00+,2023-02-12,2023-01-27,-16 day ahead inc hosp,quantile,0.025,93,COVID-19
DE-MV,00+,2023-02-12,2023-01-27,-16 day ahead inc hosp,quantile,0.1,93,COVID-19
DE-MV,00+,2023-02-12,2023-01-27,-16 day ahead inc hosp,quantile,0.25,93,COVID-19
DE-MV,00+,2023-02-12,2023-01-27,-16 day ahead inc hosp,quantile,0.5,94,COVID-19
DE-MV,00+,2023-02-12,2023-01-27,-16 day ahead inc hosp,quantile,0.75,95,COVID-19
DE-MV,00+,2023-02-12,2023-01-27,-16 day ahead inc hosp,quantile,0.9,96,COVID-19
DE-MV,00+,2023-02-12,2023-01-27,-16 day ahead inc hosp,quantile,0.975,97,COVID-19
DE-MV,00+,2023-02-12,2023-01-28,-15 day ahead inc hosp,mean,NA,94.554,COVID-19
DE-MV,00+,2023-02-12,2023-01-28,-15 day ahead inc hosp,quantile,0.025,93,COVID-19
DE-MV,00+,2023-02-12,2023-01-28,-15 day ahead inc hosp,quantile,0.1,93,COVID-19
DE-MV,00+,2023-02-12,2023-01-28,-15 day ahead inc hosp,quantile,0.25,94,COVID-19
DE-MV,00+,2023-02-12,2023-01-28,-15 day ahead inc hosp,quantile,0.5,94,COVID-19
DE-MV,00+,2023-02-12,2023-01-28,-15 day ahead inc hosp,quantile,0.75,95,COVID-19
DE-MV,00+,2023-02-12,2023-01-28,-15 day ahead inc hosp,quantile,0.9,96,COVID-19
DE-MV,00+,2023-02-12,2023-01-28,-15 day ahead inc hosp,quantile,0.975,98,COVID-19
DE-MV,00+,2023-02-12,2023-01-29,-14 day ahead inc hosp,mean,NA,95.612,COVID-19
DE-MV,00+,2023-02-12,2023-01-29,-14 day ahead inc hosp,quantile,0.025,94,COVID-19
DE-MV,00+,2023-02-12,2023-01-29,-14 day ahead inc hosp,quantile,0.1,94,COVID-19
DE-MV,00+,2023-02-12,2023-01-29,-14 day ahead inc hosp,quantile,0.25,95,COVID-19
DE-MV,00+,2023-02-12,2023-01-29,-14 day ahead inc hosp,quantile,0.5,95,COVID-19
DE-MV,00+,2023-02-12,2023-01-29,-14 day ahead inc hosp,quantile,0.75,96,COVID-19
DE-MV,00+,2023-02-12,2023-01-29,-14 day ahead inc hosp,quantile,0.9,97,COVID-19
DE-MV,00+,2023-02-12,2023-01-29,-14 day ahead inc hosp,quantile,0.975,99,COVID-19
DE-MV,00+,2023-02-12,2023-01-30,-13 day ahead inc hosp,mean,NA,94.657,COVID-19
DE-MV,00+,2023-02-12,2023-01-30,-13 day ahead inc hosp,quantile,0.025,93,COVID-19
DE-MV,00+,2023-02-12,2023-01-30,-13 day ahead inc hosp,quantile,0.1,93,COVID-19
DE-MV,00+,2023-02-12,2023-01-30,-13 day ahead inc hosp,quantile,0.25,94,COVID-19
DE-MV,00+,2023-02-12,2023-01-30,-13 day ahead inc hosp,quantile,0.5,94,COVID-19
DE-MV,00+,2023-02-12,2023-01-30,-13 day ahead inc hosp,quantile,0.75,95,COVID-19
DE-MV,00+,2023-02-12,2023-01-30,-13 day ahead inc hosp,quantile,0.9,96,COVID-19
DE-MV,00+,2023-02-12,2023-01-30,-13 day ahead inc hosp,quantile,0.975,98,COVID-19
DE-MV,00+,2023-02-12,2023-01-31,-12 day ahead inc hosp,mean,NA,80.976,COVID-19
DE-MV,00+,2023-02-12,2023-01-31,-12 day ahead inc hosp,quantile,0.025,79,COVID-19
DE-MV,00+,2023-02-12,2023-01-31,-12 day ahead inc hosp,quantile,0.1,79,COVID-19
DE-MV,00+,2023-02-12,2023-01-31,-12 day ahead inc hosp,quantile,0.25,80,COVID-19
DE-MV,00+,2023-02-12,2023-01-31,-12 day ahead inc hosp,quantile,0.5,81,COVID-19
DE-MV,00+,2023-02-12,2023-01-31,-12 day ahead inc hosp,quantile,0.75,82,COVID-19
DE-MV,00+,2023-02-12,2023-01-31,-12 day ahead inc hosp,quantile,0.9,83,COVID-19
DE-MV,00+,2023-02-12,2023-01-31,-12 day ahead inc hosp,quantile,0.975,84,COVID-19
DE-MV,00+,2023-02-12,2023-02-01,-11 day ahead inc hosp,mean,NA,76.367,COVID-19
DE-MV,00+,2023-02-12,2023-02-01,-11 day ahead inc hosp,quantile,0.025,74,COVID-19
DE-MV,00+,2023-02-12,2023-02-01,-11 day ahead inc hosp,quantile,0.1,75,COVID-19
DE-MV,00+,2023-02-12,2023-02-01,-11 day ahead inc hosp,quantile,0.25,75,COVID-19
DE-MV,00+,2023-02-12,2023-02-01,-11 day ahead inc hosp,quantile,0.5,76,COVID-19
DE-MV,00+,2023-02-12,2023-02-01,-11 day ahead inc hosp,quantile,0.75,77,COVID-19
DE-MV,00+,2023-02-12,2023-02-01,-11 day ahead inc hosp,quantile,0.9,78,COVID-19
DE-MV,00+,2023-02-12,2023-02-01,-11 day ahead inc hosp,quantile,0.975,80,COVID-19
DE-MV,00+,2023-02-12,2023-02-02,-10 day ahead inc hosp,mean,NA,78.77,COVID-19
DE-MV,00+,2023-02-12,2023-02-02,-10 day ahead inc hosp,quantile,0.025,76,COVID-19
DE-MV,00+,2023-02-12,2023-02-02,-10 day ahead inc hosp,quantile,0.1,77,COVID-19
DE-MV,00+,2023-02-12,2023-02-02,-10 day ahead inc hosp,quantile,0.25,77,COVID-19
DE-MV,00+,2023-02-12,2023-02-02,-10 day ahead inc hosp,quantile,0.5,79,COVID-19
DE-MV,00+,2023-02-12,2023-02-02,-10 day ahead inc hosp,quantile,0.75,80,COVID-19
DE-MV,00+,2023-02-12,2023-02-02,-10 day ahead inc hosp,quantile,0.9,81,COVID-19
DE-MV,00+,2023-02-12,2023-02-02,-10 day ahead inc hosp,quantile,0.975,82,COVID-19
DE-MV,00+,2023-02-12,2023-02-03,-9 day ahead inc hosp,mean,NA,71.349,COVID-19
DE-MV,00+,2023-02-12,2023-02-03,-9 day ahead inc hosp,quantile,0.025,68,COVID-19
DE-MV,00+,2023-02-12,2023-02-03,-9 day ahead inc hosp,quantile,0.1,69,COVID-19
DE-MV,00+,2023-02-12,2023-02-03,-9 day ahead inc hosp,quantile,0.25,70,COVID-19
DE-MV,00+,2023-02-12,2023-02-03,-9 day ahead inc hosp,quantile,0.5,71,COVID-19
DE-MV,00+,2023-02-12,2023-02-03,-9 day ahead inc hosp,quantile,0.75,72,COVID-19
DE-MV,00+,2023-02-12,2023-02-03,-9 day ahead inc hosp,quantile,0.9,74,COVID-19
DE-MV,00+,2023-02-12,2023-02-03,-9 day ahead inc hosp,quantile,0.975,76,COVID-19
DE-MV,00+,2023-02-12,2023-02-04,-8 day ahead inc hosp,mean,NA,73.08,COVID-19
DE-MV,00+,2023-02-12,2023-02-04,-8 day ahead inc hosp,quantile,0.025,70,COVID-19
DE-MV,00+,2023-02-12,2023-02-04,-8 day ahead inc hosp,quantile,0.1,70,COVID-19
DE-MV,00+,2023-02-12,2023-02-04,-8 day ahead inc hosp,quantile,0.25,71,COVID-19
DE-MV,00+,2023-02-12,2023-02-04,-8 day ahead inc hosp,quantile,0.5,73,COVID-19
DE-MV,00+,2023-02-12,2023-02-04,-8 day ahead inc hosp,quantile,0.75,74,COVID-19
DE-MV,00+,2023-02-12,2023-02-04,-8 day ahead inc hosp,quantile,0.9,76,COVID-19
DE-MV,00+,2023-02-12,2023-02-04,-8 day ahead inc hosp,quantile,0.975,78,COVID-19
DE-MV,00+,2023-02-12,2023-02-05,-7 day ahead inc hosp,mean,NA,75.321,COVID-19
DE-MV,00+,2023-02-12,2023-02-05,-7 day ahead inc hosp,quantile,0.025,72,COVID-19
DE-MV,00+,2023-02-12,2023-02-05,-7 day ahead inc hosp,quantile,0.1,73,COVID-19
DE-MV,00+,2023-02-12,2023-02-05,-7 day ahead inc hosp,quantile,0.25,74,COVID-19
DE-MV,00+,2023-02-12,2023-02-05,-7 day ahead inc hosp,quantile,0.5,75,COVID-19
DE-MV,00+,2023-02-12,2023-02-05,-7 day ahead inc hosp,quantile,0.75,77,COVID-19
DE-MV,00+,2023-02-12,2023-02-05,-7 day ahead inc hosp,quantile,0.9,78,COVID-19
DE-MV,00+,2023-02-12,2023-02-05,-7 day ahead inc hosp,quantile,0.975,80,COVID-19
DE-MV,00+,2023-02-12,2023-02-06,-6 day ahead inc hosp,mean,NA,76.439,COVID-19
DE-MV,00+,2023-02-12,2023-02-06,-6 day ahead inc hosp,quantile,0.025,73,COVID-19
DE-MV,00+,2023-02-12,2023-02-06,-6 day ahead inc hosp,quantile,0.1,74,COVID-19
DE-MV,00+,2023-02-12,2023-02-06,-6 day ahead inc hosp,quantile,0.25,75,COVID-19
DE-MV,00+,2023-02-12,2023-02-06,-6 day ahead inc hosp,quantile,0.5,76,COVID-19
DE-MV,00+,2023-02-12,2023-02-06,-6 day ahead inc hosp,quantile,0.75,78,COVID-19
DE-MV,00+,2023-02-12,2023-02-06,-6 day ahead inc hosp,quantile,0.9,79,COVID-19
DE-MV,00+,2023-02-12,2023-02-06,-6 day ahead inc hosp,quantile,0.975,81,COVID-19
DE-MV,00+,2023-02-12,2023-02-07,-5 day ahead inc hosp,mean,NA,80.604,COVID-19
DE-MV,00+,2023-02-12,2023-02-07,-5 day ahead inc hosp,quantile,0.025,76,COVID-19
DE-MV,00+,2023-02-12,2023-02-07,-5 day ahead inc hosp,quantile,0.1,77,COVID-19
DE-MV,00+,2023-02-12,2023-02-07,-5 day ahead inc hosp,quantile,0.25,79,COVID-19
DE-MV,00+,2023-02-12,2023-02-07,-5 day ahead inc hosp,quantile,0.5,80,COVID-19
DE-MV,00+,2023-02-12,2023-02-07,-5 day ahead inc hosp,quantile,0.75,82,COVID-19
DE-MV,00+,2023-02-12,2023-02-07,-5 day ahead inc hosp,quantile,0.9,84,COVID-19
DE-MV,00+,2023-02-12,2023-02-07,-5 day ahead inc hosp,quantile,0.975,86,COVID-19
DE-MV,00+,2023-02-12,2023-02-08,-4 day ahead inc hosp,mean,NA,81.272,COVID-19
DE-MV,00+,2023-02-12,2023-02-08,-4 day ahead inc hosp,quantile,0.025,76,COVID-19
DE-MV,00+,2023-02-12,2023-02-08,-4 day ahead inc hosp,quantile,0.1,77,COVID-19
DE-MV,00+,2023-02-12,2023-02-08,-4 day ahead inc hosp,quantile,0.25,79,COVID-19
DE-MV,00+,2023-02-12,2023-02-08,-4 day ahead inc hosp,quantile,0.5,81,COVID-19
DE-MV,00+,2023-02-12,2023-02-08,-4 day ahead inc hosp,quantile,0.75,83,COVID-19
DE-MV,00+,2023-02-12,2023-02-08,-4 day ahead inc hosp,quantile,0.9,85,COVID-19
DE-MV,00+,2023-02-12,2023-02-08,-4 day ahead inc hosp,quantile,0.975,88,COVID-19
DE-MV,00+,2023-02-12,2023-02-09,-3 day ahead inc hosp,mean,NA,81.01,COVID-19
DE-MV,00+,2023-02-12,2023-02-09,-3 day ahead inc hosp,quantile,0.025,75,COVID-19
DE-MV,00+,2023-02-12,2023-02-09,-3 day ahead inc hosp,quantile,0.1,77,COVID-19
DE-MV,00+,2023-02-12,2023-02-09,-3 day ahead inc hosp,quantile,0.25,79,COVID-19
DE-MV,00+,2023-02-12,2023-02-09,-3 day ahead inc hosp,quantile,0.5,81,COVID-19
DE-MV,00+,2023-02-12,2023-02-09,-3 day ahead inc hosp,quantile,0.75,83,COVID-19
DE-MV,00+,2023-02-12,2023-02-09,-3 day ahead inc hosp,quantile,0.9,85,COVID-19
DE-MV,00+,2023-02-12,2023-02-09,-3 day ahead inc hosp,quantile,0.975,88,COVID-19
DE-MV,00+,2023-02-12,2023-02-10,-2 day ahead inc hosp,mean,NA,87.757,COVID-19
DE-MV,00+,2023-02-12,2023-02-10,-2 day ahead inc hosp,quantile,0.025,80,COVID-19
DE-MV,00+,2023-02-12,2023-02-10,-2 day ahead inc hosp,quantile,0.1,82,COVID-19
DE-MV,00+,2023-02-12,2023-02-10,-2 day ahead inc hosp,quantile,0.25,85,COVID-19
DE-MV,00+,2023-02-12,2023-02-10,-2 day ahead inc hosp,quantile,0.5,88,COVID-19
DE-MV,00+,2023-02-12,2023-02-10,-2 day ahead inc hosp,quantile,0.75,90,COVID-19
DE-MV,00+,2023-02-12,2023-02-10,-2 day ahead inc hosp,quantile,0.9,93,COVID-19
DE-MV,00+,2023-02-12,2023-02-10,-2 day ahead inc hosp,quantile,0.975,97,COVID-19
DE-MV,00+,2023-02-12,2023-02-11,-1 day ahead inc hosp,mean,NA,87.511,COVID-19
DE-MV,00+,2023-02-12,2023-02-11,-1 day ahead inc hosp,quantile,0.025,78,COVID-19
DE-MV,00+,2023-02-12,2023-02-11,-1 day ahead inc hosp,quantile,0.1,81,COVID-19
DE-MV,00+,2023-02-12,2023-02-11,-1 day ahead inc hosp,quantile,0.25,84,COVID-19
DE-MV,00+,2023-02-12,2023-02-11,-1 day ahead inc hosp,quantile,0.5,87,COVID-19
DE-MV,00+,2023-02-12,2023-02-11,-1 day ahead inc hosp,quantile,0.75,91,COVID-19
DE-MV,00+,2023-02-12,2023-02-11,-1 day ahead inc hosp,quantile,0.9,95,COVID-19
DE-MV,00+,2023-02-12,2023-02-11,-1 day ahead inc hosp,quantile,0.975,100,COVID-19
DE-MV,00+,2023-02-12,2023-02-12,0 day ahead inc hosp,mean,NA,84.618,COVID-19
DE-MV,00+,2023-02-12,2023-02-12,0 day ahead inc hosp,quantile,0.025,74,COVID-19
DE-MV,00+,2023-02-12,2023-02-12,0 day ahead inc hosp,quantile,0.1,78,COVID-19
DE-MV,00+,2023-02-12,2023-02-12,0 day ahead inc hosp,quantile,0.25,81,COVID-19
DE-MV,00+,2023-02-12,2023-02-12,0 day ahead inc hosp,quantile,0.5,84,COVID-19
DE-MV,00+,2023-02-12,2023-02-12,0 day ahead inc hosp,quantile,0.75,88,COVID-19
DE-MV,00+,2023-02-12,2023-02-12,0 day ahead inc hosp,quantile,0.9,92,COVID-19
DE-MV,00+,2023-02-12,2023-02-12,0 day ahead inc hosp,quantile,0.975,97,COVID-19
DE-NI,00+,2023-02-12,2023-01-15,-28 day ahead inc hosp,mean,NA,449.709,COVID-19
DE-NI,00+,2023-02-12,2023-01-15,-28 day ahead inc hosp,quantile,0.025,439,COVID-19
DE-NI,00+,2023-02-12,2023-01-15,-28 day ahead inc hosp,quantile,0.1,442,COVID-19
DE-NI,00+,2023-02-12,2023-01-15,-28 day ahead inc hosp,quantile,0.25,445,COVID-19
DE-NI,00+,2023-02-12,2023-01-15,-28 day ahead inc hosp,quantile,0.5,449,COVID-19
DE-NI,00+,2023-02-12,2023-01-15,-28 day ahead inc hosp,quantile,0.75,454,COVID-19
DE-NI,00+,2023-02-12,2023-01-15,-28 day ahead inc hosp,quantile,0.9,458,COVID-19
DE-NI,00+,2023-02-12,2023-01-15,-28 day ahead inc hosp,quantile,0.975,464,COVID-19
DE-NI,00+,2023-02-12,2023-01-16,-27 day ahead inc hosp,mean,NA,448.701,COVID-19
DE-NI,00+,2023-02-12,2023-01-16,-27 day ahead inc hosp,quantile,0.025,438,COVID-19
DE-NI,00+,2023-02-12,2023-01-16,-27 day ahead inc hosp,quantile,0.1,441,COVID-19
DE-NI,00+,2023-02-12,2023-01-16,-27 day ahead inc hosp,quantile,0.25,444,COVID-19
DE-NI,00+,2023-02-12,2023-01-16,-27 day ahead inc hosp,quantile,0.5,448,COVID-19
DE-NI,00+,2023-02-12,2023-01-16,-27 day ahead inc hosp,quantile,0.75,452,COVID-19
DE-NI,00+,2023-02-12,2023-01-16,-27 day ahead inc hosp,quantile,0.9,457,COVID-19
DE-NI,00+,2023-02-12,2023-01-16,-27 day ahead inc hosp,quantile,0.975,463,COVID-19
DE-NI,00+,2023-02-12,2023-01-17,-26 day ahead inc hosp,mean,NA,396.748,COVID-19
DE-NI,00+,2023-02-12,2023-01-17,-26 day ahead inc hosp,quantile,0.025,386,COVID-19
DE-NI,00+,2023-02-12,2023-01-17,-26 day ahead inc hosp,quantile,0.1,389,COVID-19
DE-NI,00+,2023-02-12,2023-01-17,-26 day ahead inc hosp,quantile,0.25,393,COVID-19
DE-NI,00+,2023-02-12,2023-01-17,-26 day ahead inc hosp,quantile,0.5,396,COVID-19
DE-NI,00+,2023-02-12,2023-01-17,-26 day ahead inc hosp,quantile,0.75,401,COVID-19
DE-NI,00+,2023-02-12,2023-01-17,-26 day ahead inc hosp,quantile,0.9,405,COVID-19
DE-NI,00+,2023-02-12,2023-01-17,-26 day ahead inc hosp,quantile,0.975,409,COVID-19
DE-NI,00+,2023-02-12,2023-01-18,-25 day ahead inc hosp,mean,NA,364.045,COVID-19
DE-NI,00+,2023-02-12,2023-01-18,-25 day ahead inc hosp,quantile,0.025,354,COVID-19
DE-NI,00+,2023-02-12,2023-01-18,-25 day ahead inc hosp,quantile,0.1,357,COVID-19
DE-NI,00+,2023-02-12,2023-01-18,-25 day ahead inc hosp,quantile,0.25,360,COVID-19
DE-NI,00+,2023-02-12,2023-01-18,-25 day ahead inc hosp,quantile,0.5,364,COVID-19
DE-NI,00+,2023-02-12,2023-01-18,-25 day ahead inc hosp,quantile,0.75,367,COVID-19
DE-NI,00+,2023-02-12,2023-01-18,-25 day ahead inc hosp,quantile,0.9,372,COVID-19
DE-NI,00+,2023-02-12,2023-01-18,-25 day ahead inc hosp,quantile,0.975,376,COVID-19
DE-NI,00+,2023-02-12,2023-01-19,-24 day ahead inc hosp,mean,NA,356.568,COVID-19
DE-NI,00+,2023-02-12,2023-01-19,-24 day ahead inc hosp,quantile,0.025,347,COVID-19
DE-NI,00+,2023-02-12,2023-01-19,-24 day ahead inc hosp,quantile,0.1,350,COVID-19
DE-NI,00+,2023-02-12,2023-01-19,-24 day ahead inc hosp,quantile,0.25,353,COVID-19
DE-NI,00+,2023-02-12,2023-01-19,-24 day ahead inc hosp,quantile,0.5,356,COVID-19
DE-NI,00+,2023-02-12,2023-01-19,-24 day ahead inc hosp,quantile,0.75,360,COVID-19
DE-NI,00+,2023-02-12,2023-01-19,-24 day ahead inc hosp,quantile,0.9,364,COVID-19
DE-NI,00+,2023-02-12,2023-01-19,-24 day ahead inc hosp,quantile,0.975,368,COVID-19
DE-NI,00+,2023-02-12,2023-01-20,-23 day ahead inc hosp,mean,NA,344.426,COVID-19
DE-NI,00+,2023-02-12,2023-01-20,-23 day ahead inc hosp,quantile,0.025,335,COVID-19
DE-NI,00+,2023-02-12,2023-01-20,-23 day ahead inc hosp,quantile,0.1,338,COVID-19
DE-NI,00+,2023-02-12,2023-01-20,-23 day ahead inc hosp,quantile,0.25,341,COVID-19
DE-NI,00+,2023-02-12,2023-01-20,-23 day ahead inc hosp,quantile,0.5,344,COVID-19
DE-NI,00+,2023-02-12,2023-01-20,-23 day ahead inc hosp,quantile,0.75,348,COVID-19
DE-NI,00+,2023-02-12,2023-01-20,-23 day ahead inc hosp,quantile,0.9,351,COVID-19
DE-NI,00+,2023-02-12,2023-01-20,-23 day ahead inc hosp,quantile,0.975,355,COVID-19
DE-NI,00+,2023-02-12,2023-01-21,-22 day ahead inc hosp,mean,NA,336.668,COVID-19
DE-NI,00+,2023-02-12,2023-01-21,-22 day ahead inc hosp,quantile,0.025,327,COVID-19
DE-NI,00+,2023-02-12,2023-01-21,-22 day ahead inc hosp,quantile,0.1,330,COVID-19
DE-NI,00+,2023-02-12,2023-01-21,-22 day ahead inc hosp,quantile,0.25,333,COVID-19
DE-NI,00+,2023-02-12,2023-01-21,-22 day ahead inc hosp,quantile,0.5,336,COVID-19
DE-NI,00+,2023-02-12,2023-01-21,-22 day ahead inc hosp,quantile,0.75,340,COVID-19
DE-NI,00+,2023-02-12,2023-01-21,-22 day ahead inc hosp,quantile,0.9,343,COVID-19
DE-NI,00+,2023-02-12,2023-01-21,-22 day ahead inc hosp,quantile,0.975,347,COVID-19
DE-NI,00+,2023-02-12,2023-01-22,-21 day ahead inc hosp,mean,NA,324.824,COVID-19
DE-NI,00+,2023-02-12,2023-01-22,-21 day ahead inc hosp,quantile,0.025,315,COVID-19
DE-NI,00+,2023-02-12,2023-01-22,-21 day ahead inc hosp,quantile,0.1,318,COVID-19
DE-NI,00+,2023-02-12,2023-01-22,-21 day ahead inc hosp,quantile,0.25,321,COVID-19
DE-NI,00+,2023-02-12,2023-01-22,-21 day ahead inc hosp,quantile,0.5,325,COVID-19
DE-NI,00+,2023-02-12,2023-01-22,-21 day ahead inc hosp,quantile,0.75,328,COVID-19
DE-NI,00+,2023-02-12,2023-01-22,-21 day ahead inc hosp,quantile,0.9,332,COVID-19
DE-NI,00+,2023-02-12,2023-01-22,-21 day ahead inc hosp,quantile,0.975,336,COVID-19
DE-NI,00+,2023-02-12,2023-01-23,-20 day ahead inc hosp,mean,NA,332.982,COVID-19
DE-NI,00+,2023-02-12,2023-01-23,-20 day ahead inc hosp,quantile,0.025,323,COVID-19
DE-NI,00+,2023-02-12,2023-01-23,-20 day ahead inc hosp,quantile,0.1,326,COVID-19
DE-NI,00+,2023-02-12,2023-01-23,-20 day ahead inc hosp,quantile,0.25,329,COVID-19
DE-NI,00+,2023-02-12,2023-01-23,-20 day ahead inc hosp,quantile,0.5,333,COVID-19
DE-NI,00+,2023-02-12,2023-01-23,-20 day ahead inc hosp,quantile,0.75,336,COVID-19
DE-NI,00+,2023-02-12,2023-01-23,-20 day ahead inc hosp,quantile,0.9,340,COVID-19
DE-NI,00+,2023-02-12,2023-01-23,-20 day ahead inc hosp,quantile,0.975,344,COVID-19
DE-NI,00+,2023-02-12,2023-01-24,-19 day ahead inc hosp,mean,NA,319.864,COVID-19
DE-NI,00+,2023-02-12,2023-01-24,-19 day ahead inc hosp,quantile,0.025,310,COVID-19
DE-NI,00+,2023-02-12,2023-01-24,-19 day ahead inc hosp,quantile,0.1,313,COVID-19
DE-NI,00+,2023-02-12,2023-01-24,-19 day ahead inc hosp,quantile,0.25,316,COVID-19
DE-NI,00+,2023-02-12,2023-01-24,-19 day ahead inc hosp,quantile,0.5,320,COVID-19
DE-NI,00+,2023-02-12,2023-01-24,-19 day ahead inc hosp,quantile,0.75,323,COVID-19
DE-NI,00+,2023-02-12,2023-01-24,-19 day ahead inc hosp,quantile,0.9,327,COVID-19
DE-NI,00+,2023-02-12,2023-01-24,-19 day ahead inc hosp,quantile,0.975,332,COVID-19
DE-NI,00+,2023-02-12,2023-01-25,-18 day ahead inc hosp,mean,NA,331.931,COVID-19
DE-NI,00+,2023-02-12,2023-01-25,-18 day ahead inc hosp,quantile,0.025,322,COVID-19
DE-NI,00+,2023-02-12,2023-01-25,-18 day ahead inc hosp,quantile,0.1,325,COVID-19
DE-NI,00+,2023-02-12,2023-01-25,-18 day ahead inc hosp,quantile,0.25,328,COVID-19
DE-NI,00+,2023-02-12,2023-01-25,-18 day ahead inc hosp,quantile,0.5,332,COVID-19
DE-NI,00+,2023-02-12,2023-01-25,-18 day ahead inc hosp,quantile,0.75,335,COVID-19
DE-NI,00+,2023-02-12,2023-01-25,-18 day ahead inc hosp,quantile,0.9,339,COVID-19
DE-NI,00+,2023-02-12,2023-01-25,-18 day ahead inc hosp,quantile,0.975,345,COVID-19
DE-NI,00+,2023-02-12,2023-01-26,-17 day ahead inc hosp,mean,NA,326.578,COVID-19
DE-NI,00+,2023-02-12,2023-01-26,-17 day ahead inc hosp,quantile,0.025,316,COVID-19
DE-NI,00+,2023-02-12,2023-01-26,-17 day ahead inc hosp,quantile,0.1,319,COVID-19
DE-NI,00+,2023-02-12,2023-01-26,-17 day ahead inc hosp,quantile,0.25,323,COVID-19
DE-NI,00+,2023-02-12,2023-01-26,-17 day ahead inc hosp,quantile,0.5,326,COVID-19
DE-NI,00+,2023-02-12,2023-01-26,-17 day ahead inc hosp,quantile,0.75,330,COVID-19
DE-NI,00+,2023-02-12,2023-01-26,-17 day ahead inc hosp,quantile,0.9,334,COVID-19
DE-NI,00+,2023-02-12,2023-01-26,-17 day ahead inc hosp,quantile,0.975,339,COVID-19
DE-NI,00+,2023-02-12,2023-01-27,-16 day ahead inc hosp,mean,NA,335.074,COVID-19
DE-NI,00+,2023-02-12,2023-01-27,-16 day ahead inc hosp,quantile,0.025,324,COVID-19
DE-NI,00+,2023-02-12,2023-01-27,-16 day ahead inc hosp,quantile,0.1,327,COVID-19
DE-NI,00+,2023-02-12,2023-01-27,-16 day ahead inc hosp,quantile,0.25,331,COVID-19
DE-NI,00+,2023-02-12,2023-01-27,-16 day ahead inc hosp,quantile,0.5,335,COVID-19
DE-NI,00+,2023-02-12,2023-01-27,-16 day ahead inc hosp,quantile,0.75,339,COVID-19
DE-NI,00+,2023-02-12,2023-01-27,-16 day ahead inc hosp,quantile,0.9,343,COVID-19
DE-NI,00+,2023-02-12,2023-01-27,-16 day ahead inc hosp,quantile,0.975,348,COVID-19
DE-NI,00+,2023-02-12,2023-01-28,-15 day ahead inc hosp,mean,NA,351.253,COVID-19
DE-NI,00+,2023-02-12,2023-01-28,-15 day ahead inc hosp,quantile,0.025,340,COVID-19
DE-NI,00+,2023-02-12,2023-01-28,-15 day ahead inc hosp,quantile,0.1,343,COVID-19
DE-NI,00+,2023-02-12,2023-01-28,-15 day ahead inc hosp,quantile,0.25,347,COVID-19
DE-NI,00+,2023-02-12,2023-01-28,-15 day ahead inc hosp,quantile,0.5,351,COVID-19
DE-NI,00+,2023-02-12,2023-01-28,-15 day ahead inc hosp,quantile,0.75,355,COVID-19
DE-NI,00+,2023-02-12,2023-01-28,-15 day ahead inc hosp,quantile,0.9,360,COVID-19
DE-NI,00+,2023-02-12,2023-01-28,-15 day ahead inc hosp,quantile,0.975,364,COVID-19
DE-NI,00+,2023-02-12,2023-01-29,-14 day ahead inc hosp,mean,NA,356.869,COVID-19
DE-NI,00+,2023-02-12,2023-01-29,-14 day ahead inc hosp,quantile,0.025,345,COVID-19
DE-NI,00+,2023-02-12,2023-01-29,-14 day ahead inc hosp,quantile,0.1,349,COVID-19
DE-NI,00+,2023-02-12,2023-01-29,-14 day ahead inc hosp,quantile,0.25,352,COVID-19
DE-NI,00+,2023-02-12,2023-01-29,-14 day ahead inc hosp,quantile,0.5,356,COVID-19
DE-NI,00+,2023-02-12,2023-01-29,-14 day ahead inc hosp,quantile,0.75,361,COVID-19
DE-NI,00+,2023-02-12,2023-01-29,-14 day ahead inc hosp,quantile,0.9,366,COVID-19
DE-NI,00+,2023-02-12,2023-01-29,-14 day ahead inc hosp,quantile,0.975,370,COVID-19
DE-NI,00+,2023-02-12,2023-01-30,-13 day ahead inc hosp,mean,NA,361.582,COVID-19
DE-NI,00+,2023-02-12,2023-01-30,-13 day ahead inc hosp,quantile,0.025,349,COVID-19
DE-NI,00+,2023-02-12,2023-01-30,-13 day ahead inc hosp,quantile,0.1,353,COVID-19
DE-NI,00+,2023-02-12,2023-01-30,-13 day ahead inc hosp,quantile,0.25,357,COVID-19
DE-NI,00+,2023-02-12,2023-01-30,-13 day ahead inc hosp,quantile,0.5,361,COVID-19
DE-NI,00+,2023-02-12,2023-01-30,-13 day ahead inc hosp,quantile,0.75,366,COVID-19
DE-NI,00+,2023-02-12,2023-01-30,-13 day ahead inc hosp,quantile,0.9,371,COVID-19
DE-NI,00+,2023-02-12,2023-01-30,-13 day ahead inc hosp,quantile,0.975,375,COVID-19
DE-NI,00+,2023-02-12,2023-01-31,-12 day ahead inc hosp,mean,NA,389.63,COVID-19
DE-NI,00+,2023-02-12,2023-01-31,-12 day ahead inc hosp,quantile,0.025,377,COVID-19
DE-NI,00+,2023-02-12,2023-01-31,-12 day ahead inc hosp,quantile,0.1,381,COVID-19
DE-NI,00+,2023-02-12,2023-01-31,-12 day ahead inc hosp,quantile,0.25,385,COVID-19
DE-NI,00+,2023-02-12,2023-01-31,-12 day ahead inc hosp,quantile,0.5,390,COVID-19
DE-NI,00+,2023-02-12,2023-01-31,-12 day ahead inc hosp,quantile,0.75,394,COVID-19
DE-NI,00+,2023-02-12,2023-01-31,-12 day ahead inc hosp,quantile,0.9,398,COVID-19
DE-NI,00+,2023-02-12,2023-01-31,-12 day ahead inc hosp,quantile,0.975,404,COVID-19
DE-NI,00+,2023-02-12,2023-02-01,-11 day ahead inc hosp,mean,NA,388.061,COVID-19
DE-NI,00+,2023-02-12,2023-02-01,-11 day ahead inc hosp,quantile,0.025,375,COVID-19
DE-NI,00+,2023-02-12,2023-02-01,-11 day ahead inc hosp,quantile,0.1,379,COVID-19
DE-NI,00+,2023-02-12,2023-02-01,-11 day ahead inc hosp,quantile,0.25,382,COVID-19
DE-NI,00+,2023-02-12,2023-02-01,-11 day ahead inc hosp,quantile,0.5,388,COVID-19
DE-NI,00+,2023-02-12,2023-02-01,-11 day ahead inc hosp,quantile,0.75,393,COVID-19
DE-NI,00+,2023-02-12,2023-02-01,-11 day ahead inc hosp,quantile,0.9,398,COVID-19
DE-NI,00+,2023-02-12,2023-02-01,-11 day ahead inc hosp,quantile,0.975,404,COVID-19
DE-NI,00+,2023-02-12,2023-02-02,-10 day ahead inc hosp,mean,NA,413.159,COVID-19
DE-NI,00+,2023-02-12,2023-02-02,-10 day ahead inc hosp,quantile,0.025,398,COVID-19
DE-NI,00+,2023-02-12,2023-02-02,-10 day ahead inc hosp,quantile,0.1,403,COVID-19
DE-NI,00+,2023-02-12,2023-02-02,-10 day ahead inc hosp,quantile,0.25,407,COVID-19
DE-NI,00+,2023-02-12,2023-02-02,-10 day ahead inc hosp,quantile,0.5,413,COVID-19
DE-NI,00+,2023-02-12,2023-02-02,-10 day ahead inc hosp,quantile,0.75,419,COVID-19
DE-NI,00+,2023-02-12,2023-02-02,-10 day ahead inc hosp,quantile,0.9,424,COVID-19
DE-NI,00+,2023-02-12,2023-02-02,-10 day ahead inc hosp,quantile,0.975,430,COVID-19
DE-NI,00+,2023-02-12,2023-02-03,-9 day ahead inc hosp,mean,NA,417.375,COVID-19
DE-NI,00+,2023-02-12,2023-02-03,-9 day ahead inc hosp,quantile,0.025,401,COVID-19
DE-NI,00+,2023-02-12,2023-02-03,-9 day ahead inc hosp,quantile,0.1,406,COVID-19
DE-NI,00+,2023-02-12,2023-02-03,-9 day ahead inc hosp,quantile,0.25,411,COVID-19
DE-NI,00+,2023-02-12,2023-02-03,-9 day ahead inc hosp,quantile,0.5,417,COVID-19
DE-NI,00+,2023-02-12,2023-02-03,-9 day ahead inc hosp,quantile,0.75,423,COVID-19
DE-NI,00+,2023-02-12,2023-02-03,-9 day ahead inc hosp,quantile,0.9,430,COVID-19
DE-NI,00+,2023-02-12,2023-02-03,-9 day ahead inc hosp,quantile,0.975,436,COVID-19
DE-NI,00+,2023-02-12,2023-02-04,-8 day ahead inc hosp,mean,NA,432.474,COVID-19
DE-NI,00+,2023-02-12,2023-02-04,-8 day ahead inc hosp,quantile,0.025,415,COVID-19
DE-NI,00+,2023-02-12,2023-02-04,-8 day ahead inc hosp,quantile,0.1,420,COVID-19
DE-NI,00+,2023-02-12,2023-02-04,-8 day ahead inc hosp,quantile,0.25,426,COVID-19
DE-NI,00+,2023-02-12,2023-02-04,-8 day ahead inc hosp,quantile,0.5,432,COVID-19
DE-NI,00+,2023-02-12,2023-02-04,-8 day ahead inc hosp,quantile,0.75,439,COVID-19
DE-NI,00+,2023-02-12,2023-02-04,-8 day ahead inc hosp,quantile,0.9,445,COVID-19
DE-NI,00+,2023-02-12,2023-02-04,-8 day ahead inc hosp,quantile,0.975,453,COVID-19
DE-NI,00+,2023-02-12,2023-02-05,-7 day ahead inc hosp,mean,NA,431.072,COVID-19
DE-NI,00+,2023-02-12,2023-02-05,-7 day ahead inc hosp,quantile,0.025,414,COVID-19
DE-NI,00+,2023-02-12,2023-02-05,-7 day ahead inc hosp,quantile,0.1,419,COVID-19
DE-NI,00+,2023-02-12,2023-02-05,-7 day ahead inc hosp,quantile,0.25,424,COVID-19
DE-NI,00+,2023-02-12,2023-02-05,-7 day ahead inc hosp,quantile,0.5,431,COVID-19
DE-NI,00+,2023-02-12,2023-02-05,-7 day ahead inc hosp,quantile,0.75,437,COVID-19
DE-NI,00+,2023-02-12,2023-02-05,-7 day ahead inc hosp,quantile,0.9,444,COVID-19
DE-NI,00+,2023-02-12,2023-02-05,-7 day ahead inc hosp,quantile,0.975,452,COVID-19
DE-NI,00+,2023-02-12,2023-02-06,-6 day ahead inc hosp,mean,NA,425.928,COVID-19
DE-NI,00+,2023-02-12,2023-02-06,-6 day ahead inc hosp,quantile,0.025,407,COVID-19
DE-NI,00+,2023-02-12,2023-02-06,-6 day ahead inc hosp,quantile,0.1,413,COVID-19
DE-NI,00+,2023-02-12,2023-02-06,-6 day ahead inc hosp,quantile,0.25,419,COVID-19
DE-NI,00+,2023-02-12,2023-02-06,-6 day ahead inc hosp,quantile,0.5,425,COVID-19
DE-NI,00+,2023-02-12,2023-02-06,-6 day ahead inc hosp,quantile,0.75,433,COVID-19
DE-NI,00+,2023-02-12,2023-02-06,-6 day ahead inc hosp,quantile,0.9,439,COVID-19
DE-NI,00+,2023-02-12,2023-02-06,-6 day ahead inc hosp,quantile,0.975,447,COVID-19
DE-NI,00+,2023-02-12,2023-02-07,-5 day ahead inc hosp,mean,NA,424.065,COVID-19
DE-NI,00+,2023-02-12,2023-02-07,-5 day ahead inc hosp,quantile,0.025,402,COVID-19
DE-NI,00+,2023-02-12,2023-02-07,-5 day ahead inc hosp,quantile,0.1,409,COVID-19
DE-NI,00+,2023-02-12,2023-02-07,-5 day ahead inc hosp,quantile,0.25,416,COVID-19
DE-NI,00+,2023-02-12,2023-02-07,-5 day ahead inc hosp,quantile,0.5,423,COVID-19
DE-NI,00+,2023-02-12,2023-02-07,-5 day ahead inc hosp,quantile,0.75,432,COVID-19
DE-NI,00+,2023-02-12,2023-02-07,-5 day ahead inc hosp,quantile,0.9,439,COVID-19
DE-NI,00+,2023-02-12,2023-02-07,-5 day ahead inc hosp,quantile,0.975,450,COVID-19
DE-NI,00+,2023-02-12,2023-02-08,-4 day ahead inc hosp,mean,NA,432.024,COVID-19
DE-NI,00+,2023-02-12,2023-02-08,-4 day ahead inc hosp,quantile,0.025,407,COVID-19
DE-NI,00+,2023-02-12,2023-02-08,-4 day ahead inc hosp,quantile,0.1,415,COVID-19
DE-NI,00+,2023-02-12,2023-02-08,-4 day ahead inc hosp,quantile,0.25,423,COVID-19
DE-NI,00+,2023-02-12,2023-02-08,-4 day ahead inc hosp,quantile,0.5,431,COVID-19
DE-NI,00+,2023-02-12,2023-02-08,-4 day ahead inc hosp,quantile,0.75,441,COVID-19
DE-NI,00+,2023-02-12,2023-02-08,-4 day ahead inc hosp,quantile,0.9,450,COVID-19
DE-NI,00+,2023-02-12,2023-02-08,-4 day ahead inc hosp,quantile,0.975,462,COVID-19
DE-NI,00+,2023-02-12,2023-02-09,-3 day ahead inc hosp,mean,NA,440.449,COVID-19
DE-NI,00+,2023-02-12,2023-02-09,-3 day ahead inc hosp,quantile,0.025,409,COVID-19
DE-NI,00+,2023-02-12,2023-02-09,-3 day ahead inc hosp,quantile,0.1,419,COVID-19
DE-NI,00+,2023-02-12,2023-02-09,-3 day ahead inc hosp,quantile,0.25,429,COVID-19
DE-NI,00+,2023-02-12,2023-02-09,-3 day ahead inc hosp,quantile,0.5,440,COVID-19
DE-NI,00+,2023-02-12,2023-02-09,-3 day ahead inc hosp,quantile,0.75,451,COVID-19
DE-NI,00+,2023-02-12,2023-02-09,-3 day ahead inc hosp,quantile,0.9,462,COVID-19
DE-NI,00+,2023-02-12,2023-02-09,-3 day ahead inc hosp,quantile,0.975,475,COVID-19
DE-NI,00+,2023-02-12,2023-02-10,-2 day ahead inc hosp,mean,NA,450.279,COVID-19
DE-NI,00+,2023-02-12,2023-02-10,-2 day ahead inc hosp,quantile,0.025,414,COVID-19
DE-NI,00+,2023-02-12,2023-02-10,-2 day ahead inc hosp,quantile,0.1,425,COVID-19
DE-NI,00+,2023-02-12,2023-02-10,-2 day ahead inc hosp,quantile,0.25,436,COVID-19
DE-NI,00+,2023-02-12,2023-02-10,-2 day ahead inc hosp,quantile,0.5,449,COVID-19
DE-NI,00+,2023-02-12,2023-02-10,-2 day ahead inc hosp,quantile,0.75,463,COVID-19
DE-NI,00+,2023-02-12,2023-02-10,-2 day ahead inc hosp,quantile,0.9,478,COVID-19
DE-NI,00+,2023-02-12,2023-02-10,-2 day ahead inc hosp,quantile,0.975,495,COVID-19
DE-NI,00+,2023-02-12,2023-02-11,-1 day ahead inc hosp,mean,NA,442.042,COVID-19
DE-NI,00+,2023-02-12,2023-02-11,-1 day ahead inc hosp,quantile,0.025,396,COVID-19
DE-NI,00+,2023-02-12,2023-02-11,-1 day ahead inc hosp,quantile,0.1,411,COVID-19
DE-NI,00+,2023-02-12,2023-02-11,-1 day ahead inc hosp,quantile,0.25,423,COVID-19
DE-NI,00+,2023-02-12,2023-02-11,-1 day ahead inc hosp,quantile,0.5,440,COVID-19
DE-NI,00+,2023-02-12,2023-02-11,-1 day ahead inc hosp,quantile,0.75,459,COVID-19
DE-NI,00+,2023-02-12,2023-02-11,-1 day ahead inc hosp,quantile,0.9,478,COVID-19
DE-NI,00+,2023-02-12,2023-02-11,-1 day ahead inc hosp,quantile,0.975,498,COVID-19
DE-NI,00+,2023-02-12,2023-02-12,0 day ahead inc hosp,mean,NA,444.691,COVID-19
DE-NI,00+,2023-02-12,2023-02-12,0 day ahead inc hosp,quantile,0.025,398,COVID-19
DE-NI,00+,2023-02-12,2023-02-12,0 day ahead inc hosp,quantile,0.1,411,COVID-19
DE-NI,00+,2023-02-12,2023-02-12,0 day ahead inc hosp,quantile,0.25,425,COVID-19
DE-NI,00+,2023-02-12,2023-02-12,0 day ahead inc hosp,quantile,0.5,443,COVID-19
DE-NI,00+,2023-02-12,2023-02-12,0 day ahead inc hosp,quantile,0.75,463,COVID-19
DE-NI,00+,2023-02-12,2023-02-12,0 day ahead inc hosp,quantile,0.9,482,COVID-19
DE-NI,00+,2023-02-12,2023-02-12,0 day ahead inc hosp,quantile,0.975,504,COVID-19
DE-NW,00+,2023-02-12,2023-01-15,-28 day ahead inc hosp,mean,NA,1622.594,COVID-19
DE-NW,00+,2023-02-12,2023-01-15,-28 day ahead inc hosp,quantile,0.025,1607,COVID-19
DE-NW,00+,2023-02-12,2023-01-15,-28 day ahead inc hosp,quantile,0.1,1612,COVID-19
DE-NW,00+,2023-02-12,2023-01-15,-28 day ahead inc hosp,quantile,0.25,1617,COVID-19
DE-NW,00+,2023-02-12,2023-01-15,-28 day ahead inc hosp,quantile,0.5,1622,COVID-19
DE-NW,00+,2023-02-12,2023-01-15,-28 day ahead inc hosp,quantile,0.75,1628,COVID-19
DE-NW,00+,2023-02-12,2023-01-15,-28 day ahead inc hosp,quantile,0.9,1634,COVID-19
DE-NW,00+,2023-02-12,2023-01-15,-28 day ahead inc hosp,quantile,0.975,1641,COVID-19
DE-NW,00+,2023-02-12,2023-01-16,-27 day ahead inc hosp,mean,NA,1587.747,COVID-19
DE-NW,00+,2023-02-12,2023-01-16,-27 day ahead inc hosp,quantile,0.025,1572,COVID-19
DE-NW,00+,2023-02-12,2023-01-16,-27 day ahead inc hosp,quantile,0.1,1577,COVID-19
DE-NW,00+,2023-02-12,2023-01-16,-27 day ahead inc hosp,quantile,0.25,1582,COVID-19
DE-NW,00+,2023-02-12,2023-01-16,-27 day ahead inc hosp,quantile,0.5,1587,COVID-19
DE-NW,00+,2023-02-12,2023-01-16,-27 day ahead inc hosp,quantile,0.75,1593,COVID-19
DE-NW,00+,2023-02-12,2023-01-16,-27 day ahead inc hosp,quantile,0.9,1599,COVID-19
DE-NW,00+,2023-02-12,2023-01-16,-27 day ahead inc hosp,quantile,0.975,1607,COVID-19
DE-NW,00+,2023-02-12,2023-01-17,-26 day ahead inc hosp,mean,NA,1440.75,COVID-19
DE-NW,00+,2023-02-12,2023-01-17,-26 day ahead inc hosp,quantile,0.025,1427,COVID-19
DE-NW,00+,2023-02-12,2023-01-17,-26 day ahead inc hosp,quantile,0.1,1431,COVID-19
DE-NW,00+,2023-02-12,2023-01-17,-26 day ahead inc hosp,quantile,0.25,1435,COVID-19
DE-NW,00+,2023-02-12,2023-01-17,-26 day ahead inc hosp,quantile,0.5,1440,COVID-19
DE-NW,00+,2023-02-12,2023-01-17,-26 day ahead inc hosp,quantile,0.75,1446,COVID-19
DE-NW,00+,2023-02-12,2023-01-17,-26 day ahead inc hosp,quantile,0.9,1452,COVID-19
DE-NW,00+,2023-02-12,2023-01-17,-26 day ahead inc hosp,quantile,0.975,1458,COVID-19
DE-NW,00+,2023-02-12,2023-01-18,-25 day ahead inc hosp,mean,NA,1359.273,COVID-19
DE-NW,00+,2023-02-12,2023-01-18,-25 day ahead inc hosp,quantile,0.025,1345,COVID-19
DE-NW,00+,2023-02-12,2023-01-18,-25 day ahead inc hosp,quantile,0.1,1349,COVID-19
DE-NW,00+,2023-02-12,2023-01-18,-25 day ahead inc hosp,quantile,0.25,1354,COVID-19
DE-NW,00+,2023-02-12,2023-01-18,-25 day ahead inc hosp,quantile,0.5,1359,COVID-19
DE-NW,00+,2023-02-12,2023-01-18,-25 day ahead inc hosp,quantile,0.75,1364,COVID-19
DE-NW,00+,2023-02-12,2023-01-18,-25 day ahead inc hosp,quantile,0.9,1370,COVID-19
DE-NW,00+,2023-02-12,2023-01-18,-25 day ahead inc hosp,quantile,0.975,1376,COVID-19
DE-NW,00+,2023-02-12,2023-01-19,-24 day ahead inc hosp,mean,NA,1305.23,COVID-19
DE-NW,00+,2023-02-12,2023-01-19,-24 day ahead inc hosp,quantile,0.025,1291,COVID-19
DE-NW,00+,2023-02-12,2023-01-19,-24 day ahead inc hosp,quantile,0.1,1296,COVID-19
DE-NW,00+,2023-02-12,2023-01-19,-24 day ahead inc hosp,quantile,0.25,1300,COVID-19
DE-NW,00+,2023-02-12,2023-01-19,-24 day ahead inc hosp,quantile,0.5,1305,COVID-19
DE-NW,00+,2023-02-12,2023-01-19,-24 day ahead inc hosp,quantile,0.75,1310,COVID-19
DE-NW,00+,2023-02-12,2023-01-19,-24 day ahead inc hosp,quantile,0.9,1315,COVID-19
DE-NW,00+,2023-02-12,2023-01-19,-24 day ahead inc hosp,quantile,0.975,1322,COVID-19
DE-NW,00+,2023-02-12,2023-01-20,-23 day ahead inc hosp,mean,NA,1236.785,COVID-19
DE-NW,00+,2023-02-12,2023-01-20,-23 day ahead inc hosp,quantile,0.025,1224,COVID-19
DE-NW,00+,2023-02-12,2023-01-20,-23 day ahead inc hosp,quantile,0.1,1227,COVID-19
DE-NW,00+,2023-02-12,2023-01-20,-23 day ahead inc hosp,quantile,0.25,1231,COVID-19
DE-NW,00+,2023-02-12,2023-01-20,-23 day ahead inc hosp,quantile,0.5,1236,COVID-19
DE-NW,00+,2023-02-12,2023-01-20,-23 day ahead inc hosp,quantile,0.75,1242,COVID-19
DE-NW,00+,2023-02-12,2023-01-20,-23 day ahead inc hosp,quantile,0.9,1246,COVID-19
DE-NW,00+,2023-02-12,2023-01-20,-23 day ahead inc hosp,quantile,0.975,1253,COVID-19
DE-NW,00+,2023-02-12,2023-01-21,-22 day ahead inc hosp,mean,NA,1173.788,COVID-19
DE-NW,00+,2023-02-12,2023-01-21,-22 day ahead inc hosp,quantile,0.025,1160,COVID-19
DE-NW,00+,2023-02-12,2023-01-21,-22 day ahead inc hosp,quantile,0.1,1164,COVID-19
DE-NW,00+,2023-02-12,2023-01-21,-22 day ahead inc hosp,quantile,0.25,1168,COVID-19
DE-NW,00+,2023-02-12,2023-01-21,-22 day ahead inc hosp,quantile,0.5,1173,COVID-19
DE-NW,00+,2023-02-12,2023-01-21,-22 day ahead inc hosp,quantile,0.75,1178,COVID-19
DE-NW,00+,2023-02-12,2023-01-21,-22 day ahead inc hosp,quantile,0.9,1183,COVID-19
DE-NW,00+,2023-02-12,2023-01-21,-22 day ahead inc hosp,quantile,0.975,1190,COVID-19
DE-NW,00+,2023-02-12,2023-01-22,-21 day ahead inc hosp,mean,NA,1156.584,COVID-19
DE-NW,00+,2023-02-12,2023-01-22,-21 day ahead inc hosp,quantile,0.025,1143,COVID-19
DE-NW,00+,2023-02-12,2023-01-22,-21 day ahead inc hosp,quantile,0.1,1147,COVID-19
DE-NW,00+,2023-02-12,2023-01-22,-21 day ahead inc hosp,quantile,0.25,1151,COVID-19
DE-NW,00+,2023-02-12,2023-01-22,-21 day ahead inc hosp,quantile,0.5,1156,COVID-19
DE-NW,00+,2023-02-12,2023-01-22,-21 day ahead inc hosp,quantile,0.75,1161,COVID-19
DE-NW,00+,2023-02-12,2023-01-22,-21 day ahead inc hosp,quantile,0.9,1166,COVID-19
DE-NW,00+,2023-02-12,2023-01-22,-21 day ahead inc hosp,quantile,0.975,1173,COVID-19
DE-NW,00+,2023-02-12,2023-01-23,-20 day ahead inc hosp,mean,NA,1168.329,COVID-19
DE-NW,00+,2023-02-12,2023-01-23,-20 day ahead inc hosp,quantile,0.025,1155,COVID-19
DE-NW,00+,2023-02-12,2023-01-23,-20 day ahead inc hosp,quantile,0.1,1158,COVID-19
DE-NW,00+,2023-02-12,2023-01-23,-20 day ahead inc hosp,quantile,0.25,1163,COVID-19
DE-NW,00+,2023-02-12,2023-01-23,-20 day ahead inc hosp,quantile,0.5,1168,COVID-19
DE-NW,00+,2023-02-12,2023-01-23,-20 day ahead inc hosp,quantile,0.75,1173,COVID-19
DE-NW,00+,2023-02-12,2023-01-23,-20 day ahead inc hosp,quantile,0.9,1178,COVID-19
DE-NW,00+,2023-02-12,2023-01-23,-20 day ahead inc hosp,quantile,0.975,1185,COVID-19
DE-NW,00+,2023-02-12,2023-01-24,-19 day ahead inc hosp,mean,NA,1129.041,COVID-19
DE-NW,00+,2023-02-12,2023-01-24,-19 day ahead inc hosp,quantile,0.025,1115,COVID-19
DE-NW,00+,2023-02-12,2023-01-24,-19 day ahead inc hosp,quantile,0.1,1119,COVID-19
DE-NW,00+,2023-02-12,2023-01-24,-19 day ahead inc hosp,quantile,0.25,1124,COVID-19
DE-NW,00+,2023-02-12,2023-01-24,-19 day ahead inc hosp,quantile,0.5,1128,COVID-19
DE-NW,00+,2023-02-12,2023-01-24,-19 day ahead inc hosp,quantile,0.75,1134,COVID-19
DE-NW,00+,2023-02-12,2023-01-24,-19 day ahead inc hosp,quantile,0.9,1139,COVID-19
DE-NW,00+,2023-02-12,2023-01-24,-19 day ahead inc hosp,quantile,0.975,1144,COVID-19
DE-NW,00+,2023-02-12,2023-01-25,-18 day ahead inc hosp,mean,NA,1148.085,COVID-19
DE-NW,00+,2023-02-12,2023-01-25,-18 day ahead inc hosp,quantile,0.025,1133,COVID-19
DE-NW,00+,2023-02-12,2023-01-25,-18 day ahead inc hosp,quantile,0.1,1138,COVID-19
DE-NW,00+,2023-02-12,2023-01-25,-18 day ahead inc hosp,quantile,0.25,1143,COVID-19
DE-NW,00+,2023-02-12,2023-01-25,-18 day ahead inc hosp,quantile,0.5,1148,COVID-19
DE-NW,00+,2023-02-12,2023-01-25,-18 day ahead inc hosp,quantile,0.75,1153,COVID-19
DE-NW,00+,2023-02-12,2023-01-25,-18 day ahead inc hosp,quantile,0.9,1158,COVID-19
DE-NW,00+,2023-02-12,2023-01-25,-18 day ahead inc hosp,quantile,0.975,1164,COVID-19
DE-NW,00+,2023-02-12,2023-01-26,-17 day ahead inc hosp,mean,NA,1149.099,COVID-19
DE-NW,00+,2023-02-12,2023-01-26,-17 day ahead inc hosp,quantile,0.025,1133,COVID-19
DE-NW,00+,2023-02-12,2023-01-26,-17 day ahead inc hosp,quantile,0.1,1138,COVID-19
DE-NW,00+,2023-02-12,2023-01-26,-17 day ahead inc hosp,quantile,0.25,1143,COVID-19
DE-NW,00+,2023-02-12,2023-01-26,-17 day ahead inc hosp,quantile,0.5,1149,COVID-19
DE-NW,00+,2023-02-12,2023-01-26,-17 day ahead inc hosp,quantile,0.75,1155,COVID-19
DE-NW,00+,2023-02-12,2023-01-26,-17 day ahead inc hosp,quantile,0.9,1160,COVID-19
DE-NW,00+,2023-02-12,2023-01-26,-17 day ahead inc hosp,quantile,0.975,1167,COVID-19
DE-NW,00+,2023-02-12,2023-01-27,-16 day ahead inc hosp,mean,NA,1207.472,COVID-19
DE-NW,00+,2023-02-12,2023-01-27,-16 day ahead inc hosp,quantile,0.025,1191,COVID-19
DE-NW,00+,2023-02-12,2023-01-27,-16 day ahead inc hosp,quantile,0.1,1196,COVID-19
DE-NW,00+,2023-02-12,2023-01-27,-16 day ahead inc hosp,quantile,0.25,1201,COVID-19
DE-NW,00+,2023-02-12,2023-01-27,-16 day ahead inc hosp,quantile,0.5,1207,COVID-19
DE-NW,00+,2023-02-12,2023-01-27,-16 day ahead inc hosp,quantile,0.75,1213,COVID-19
DE-NW,00+,2023-02-12,2023-01-27,-16 day ahead inc hosp,quantile,0.9,1220,COVID-19
DE-NW,00+,2023-02-12,2023-01-27,-16 day ahead inc hosp,quantile,0.975,1227,COVID-19
DE-NW,00+,2023-02-12,2023-01-28,-15 day ahead inc hosp,mean,NA,1266.227,COVID-19
DE-NW,00+,2023-02-12,2023-01-28,-15 day ahead inc hosp,quantile,0.025,1249,COVID-19
DE-NW,00+,2023-02-12,2023-01-28,-15 day ahead inc hosp,quantile,0.1,1254,COVID-19
DE-NW,00+,2023-02-12,2023-01-28,-15 day ahead inc hosp,quantile,0.25,1259,COVID-19
DE-NW,00+,2023-02-12,2023-01-28,-15 day ahead inc hosp,quantile,0.5,1265,COVID-19
DE-NW,00+,2023-02-12,2023-01-28,-15 day ahead inc hosp,quantile,0.75,1273,COVID-19
DE-NW,00+,2023-02-12,2023-01-28,-15 day ahead inc hosp,quantile,0.9,1279,COVID-19
DE-NW,00+,2023-02-12,2023-01-28,-15 day ahead inc hosp,quantile,0.975,1286,COVID-19
DE-NW,00+,2023-02-12,2023-01-29,-14 day ahead inc hosp,mean,NA,1291.995,COVID-19
DE-NW,00+,2023-02-12,2023-01-29,-14 day ahead inc hosp,quantile,0.025,1274,COVID-19
DE-NW,00+,2023-02-12,2023-01-29,-14 day ahead inc hosp,quantile,0.1,1279,COVID-19
DE-NW,00+,2023-02-12,2023-01-29,-14 day ahead inc hosp,quantile,0.25,1285,COVID-19
DE-NW,00+,2023-02-12,2023-01-29,-14 day ahead inc hosp,quantile,0.5,1292,COVID-19
DE-NW,00+,2023-02-12,2023-01-29,-14 day ahead inc hosp,quantile,0.75,1299,COVID-19
DE-NW,00+,2023-02-12,2023-01-29,-14 day ahead inc hosp,quantile,0.9,1306,COVID-19
DE-NW,00+,2023-02-12,2023-01-29,-14 day ahead inc hosp,quantile,0.975,1313,COVID-19
DE-NW,00+,2023-02-12,2023-01-30,-13 day ahead inc hosp,mean,NA,1312.86,COVID-19
DE-NW,00+,2023-02-12,2023-01-30,-13 day ahead inc hosp,quantile,0.025,1295,COVID-19
DE-NW,00+,2023-02-12,2023-01-30,-13 day ahead inc hosp,quantile,0.1,1300,COVID-19
DE-NW,00+,2023-02-12,2023-01-30,-13 day ahead inc hosp,quantile,0.25,1306,COVID-19
DE-NW,00+,2023-02-12,2023-01-30,-13 day ahead inc hosp,quantile,0.5,1312,COVID-19
DE-NW,00+,2023-02-12,2023-01-30,-13 day ahead inc hosp,quantile,0.75,1320,COVID-19
DE-NW,00+,2023-02-12,2023-01-30,-13 day ahead inc hosp,quantile,0.9,1326,COVID-19
DE-NW,00+,2023-02-12,2023-01-30,-13 day ahead inc hosp,quantile,0.975,1335,COVID-19
DE-NW,00+,2023-02-12,2023-01-31,-12 day ahead inc hosp,mean,NA,1348.117,COVID-19
DE-NW,00+,2023-02-12,2023-01-31,-12 day ahead inc hosp,quantile,0.025,1328,COVID-19
DE-NW,00+,2023-02-12,2023-01-31,-12 day ahead inc hosp,quantile,0.1,1334,COVID-19
DE-NW,00+,2023-02-12,2023-01-31,-12 day ahead inc hosp,quantile,0.25,1340,COVID-19
DE-NW,00+,2023-02-12,2023-01-31,-12 day ahead inc hosp,quantile,0.5,1348,COVID-19
DE-NW,00+,2023-02-12,2023-01-31,-12 day ahead inc hosp,quantile,0.75,1355,COVID-19
DE-NW,00+,2023-02-12,2023-01-31,-12 day ahead inc hosp,quantile,0.9,1363,COVID-19
DE-NW,00+,2023-02-12,2023-01-31,-12 day ahead inc hosp,quantile,0.975,1371,COVID-19
DE-NW,00+,2023-02-12,2023-02-01,-11 day ahead inc hosp,mean,NA,1419.106,COVID-19
DE-NW,00+,2023-02-12,2023-02-01,-11 day ahead inc hosp,quantile,0.025,1395,COVID-19
DE-NW,00+,2023-02-12,2023-02-01,-11 day ahead inc hosp,quantile,0.1,1403,COVID-19
DE-NW,00+,2023-02-12,2023-02-01,-11 day ahead inc hosp,quantile,0.25,1409,COVID-19
DE-NW,00+,2023-02-12,2023-02-01,-11 day ahead inc hosp,quantile,0.5,1418,COVID-19
DE-NW,00+,2023-02-12,2023-02-01,-11 day ahead inc hosp,quantile,0.75,1429,COVID-19
DE-NW,00+,2023-02-12,2023-02-01,-11 day ahead inc hosp,quantile,0.9,1437,COVID-19
DE-NW,00+,2023-02-12,2023-02-01,-11 day ahead inc hosp,quantile,0.975,1446,COVID-19
DE-NW,00+,2023-02-12,2023-02-02,-10 day ahead inc hosp,mean,NA,1509.426,COVID-19
DE-NW,00+,2023-02-12,2023-02-02,-10 day ahead inc hosp,quantile,0.025,1482,COVID-19
DE-NW,00+,2023-02-12,2023-02-02,-10 day ahead inc hosp,quantile,0.1,1491,COVID-19
DE-NW,00+,2023-02-12,2023-02-02,-10 day ahead inc hosp,quantile,0.25,1499,COVID-19
DE-NW,00+,2023-02-12,2023-02-02,-10 day ahead inc hosp,quantile,0.5,1508,COVID-19
DE-NW,00+,2023-02-12,2023-02-02,-10 day ahead inc hosp,quantile,0.75,1519,COVID-19
DE-NW,00+,2023-02-12,2023-02-02,-10 day ahead inc hosp,quantile,0.9,1529,COVID-19
DE-NW,00+,2023-02-12,2023-02-02,-10 day ahead inc hosp,quantile,0.975,1540,COVID-19
DE-NW,00+,2023-02-12,2023-02-03,-9 day ahead inc hosp,mean,NA,1570.299,COVID-19
DE-NW,00+,2023-02-12,2023-02-03,-9 day ahead inc hosp,quantile,0.025,1540,COVID-19
DE-NW,00+,2023-02-12,2023-02-03,-9 day ahead inc hosp,quantile,0.1,1549,COVID-19
DE-NW,00+,2023-02-12,2023-02-03,-9 day ahead inc hosp,quantile,0.25,1559,COVID-19
DE-NW,00+,2023-02-12,2023-02-03,-9 day ahead inc hosp,quantile,0.5,1569,COVID-19
DE-NW,00+,2023-02-12,2023-02-03,-9 day ahead inc hosp,quantile,0.75,1581,COVID-19
DE-NW,00+,2023-02-12,2023-02-03,-9 day ahead inc hosp,quantile,0.9,1592,COVID-19
DE-NW,00+,2023-02-12,2023-02-03,-9 day ahead inc hosp,quantile,0.975,1606,COVID-19
DE-NW,00+,2023-02-12,2023-02-04,-8 day ahead inc hosp,mean,NA,1670.843,COVID-19
DE-NW,00+,2023-02-12,2023-02-04,-8 day ahead inc hosp,quantile,0.025,1636,COVID-19
DE-NW,00+,2023-02-12,2023-02-04,-8 day ahead inc hosp,quantile,0.1,1647,COVID-19
DE-NW,00+,2023-02-12,2023-02-04,-8 day ahead inc hosp,quantile,0.25,1657,COVID-19
DE-NW,00+,2023-02-12,2023-02-04,-8 day ahead inc hosp,quantile,0.5,1670,COVID-19
DE-NW,00+,2023-02-12,2023-02-04,-8 day ahead inc hosp,quantile,0.75,1684,COVID-19
DE-NW,00+,2023-02-12,2023-02-04,-8 day ahead inc hosp,quantile,0.9,1697,COVID-19
DE-NW,00+,2023-02-12,2023-02-04,-8 day ahead inc hosp,quantile,0.975,1711,COVID-19
DE-NW,00+,2023-02-12,2023-02-05,-7 day ahead inc hosp,mean,NA,1704.049,COVID-19
DE-NW,00+,2023-02-12,2023-02-05,-7 day ahead inc hosp,quantile,0.025,1668,COVID-19
DE-NW,00+,2023-02-12,2023-02-05,-7 day ahead inc hosp,quantile,0.1,1679,COVID-19
DE-NW,00+,2023-02-12,2023-02-05,-7 day ahead inc hosp,quantile,0.25,1690,COVID-19
DE-NW,00+,2023-02-12,2023-02-05,-7 day ahead inc hosp,quantile,0.5,1703,COVID-19
DE-NW,00+,2023-02-12,2023-02-05,-7 day ahead inc hosp,quantile,0.75,1718,COVID-19
DE-NW,00+,2023-02-12,2023-02-05,-7 day ahead inc hosp,quantile,0.9,1730,COVID-19
DE-NW,00+,2023-02-12,2023-02-05,-7 day ahead inc hosp,quantile,0.975,1746,COVID-19
DE-NW,00+,2023-02-12,2023-02-06,-6 day ahead inc hosp,mean,NA,1721.106,COVID-19
DE-NW,00+,2023-02-12,2023-02-06,-6 day ahead inc hosp,quantile,0.025,1683,COVID-19
DE-NW,00+,2023-02-12,2023-02-06,-6 day ahead inc hosp,quantile,0.1,1695,COVID-19
DE-NW,00+,2023-02-12,2023-02-06,-6 day ahead inc hosp,quantile,0.25,1707,COVID-19
DE-NW,00+,2023-02-12,2023-02-06,-6 day ahead inc hosp,quantile,0.5,1719,COVID-19
DE-NW,00+,2023-02-12,2023-02-06,-6 day ahead inc hosp,quantile,0.75,1735,COVID-19
DE-NW,00+,2023-02-12,2023-02-06,-6 day ahead inc hosp,quantile,0.9,1748,COVID-19
DE-NW,00+,2023-02-12,2023-02-06,-6 day ahead inc hosp,quantile,0.975,1764,COVID-19
DE-NW,00+,2023-02-12,2023-02-07,-5 day ahead inc hosp,mean,NA,1851.477,COVID-19
DE-NW,00+,2023-02-12,2023-02-07,-5 day ahead inc hosp,quantile,0.025,1801,COVID-19
DE-NW,00+,2023-02-12,2023-02-07,-5 day ahead inc hosp,quantile,0.1,1818,COVID-19
DE-NW,00+,2023-02-12,2023-02-07,-5 day ahead inc hosp,quantile,0.25,1832,COVID-19
DE-NW,00+,2023-02-12,2023-02-07,-5 day ahead inc hosp,quantile,0.5,1851,COVID-19
DE-NW,00+,2023-02-12,2023-02-07,-5 day ahead inc hosp,quantile,0.75,1869,COVID-19
DE-NW,00+,2023-02-12,2023-02-07,-5 day ahead inc hosp,quantile,0.9,1888,COVID-19
DE-NW,00+,2023-02-12,2023-02-07,-5 day ahead inc hosp,quantile,0.975,1908,COVID-19
DE-NW,00+,2023-02-12,2023-02-08,-4 day ahead inc hosp,mean,NA,1923.404,COVID-19
DE-NW,00+,2023-02-12,2023-02-08,-4 day ahead inc hosp,quantile,0.025,1859,COVID-19
DE-NW,00+,2023-02-12,2023-02-08,-4 day ahead inc hosp,quantile,0.1,1882,COVID-19
DE-NW,00+,2023-02-12,2023-02-08,-4 day ahead inc hosp,quantile,0.25,1900,COVID-19
DE-NW,00+,2023-02-12,2023-02-08,-4 day ahead inc hosp,quantile,0.5,1922,COVID-19
DE-NW,00+,2023-02-12,2023-02-08,-4 day ahead inc hosp,quantile,0.75,1945,COVID-19
DE-NW,00+,2023-02-12,2023-02-08,-4 day ahead inc hosp,quantile,0.9,1969,COVID-19
DE-NW,00+,2023-02-12,2023-02-08,-4 day ahead inc hosp,quantile,0.975,1999,COVID-19
DE-NW,00+,2023-02-12,2023-02-09,-3 day ahead inc hosp,mean,NA,1997.014,COVID-19
DE-NW,00+,2023-02-12,2023-02-09,-3 day ahead inc hosp,quantile,0.025,1914,COVID-19
DE-NW,00+,2023-02-12,2023-02-09,-3 day ahead inc hosp,quantile,0.1,1939,COVID-19
DE-NW,00+,2023-02-12,2023-02-09,-3 day ahead inc hosp,quantile,0.25,1964,COVID-19
DE-NW,00+,2023-02-12,2023-02-09,-3 day ahead inc hosp,quantile,0.5,1993,COVID-19
DE-NW,00+,2023-02-12,2023-02-09,-3 day ahead inc hosp,quantile,0.75,2025,COVID-19
DE-NW,00+,2023-02-12,2023-02-09,-3 day ahead inc hosp,quantile,0.9,2062,COVID-19
DE-NW,00+,2023-02-12,2023-02-09,-3 day ahead inc hosp,quantile,0.975,2102,COVID-19
DE-NW,00+,2023-02-12,2023-02-10,-2 day ahead inc hosp,mean,NA,2041.959,COVID-19
DE-NW,00+,2023-02-12,2023-02-10,-2 day ahead inc hosp,quantile,0.025,1930,COVID-19
DE-NW,00+,2023-02-12,2023-02-10,-2 day ahead inc hosp,quantile,0.1,1961,COVID-19
DE-NW,00+,2023-02-12,2023-02-10,-2 day ahead inc hosp,quantile,0.25,1995,COVID-19
DE-NW,00+,2023-02-12,2023-02-10,-2 day ahead inc hosp,quantile,0.5,2038,COVID-19
DE-NW,00+,2023-02-12,2023-02-10,-2 day ahead inc hosp,quantile,0.75,2082,COVID-19
DE-NW,00+,2023-02-12,2023-02-10,-2 day ahead inc hosp,quantile,0.9,2129,COVID-19
DE-NW,00+,2023-02-12,2023-02-10,-2 day ahead inc hosp,quantile,0.975,2192,COVID-19
DE-NW,00+,2023-02-12,2023-02-11,-1 day ahead inc hosp,mean,NA,1986.46,COVID-19
DE-NW,00+,2023-02-12,2023-02-11,-1 day ahead inc hosp,quantile,0.025,1827,COVID-19
DE-NW,00+,2023-02-12,2023-02-11,-1 day ahead inc hosp,quantile,0.1,1872,COVID-19
DE-NW,00+,2023-02-12,2023-02-11,-1 day ahead inc hosp,quantile,0.25,1924,COVID-19
DE-NW,00+,2023-02-12,2023-02-11,-1 day ahead inc hosp,quantile,0.5,1976,COVID-19
DE-NW,00+,2023-02-12,2023-02-11,-1 day ahead inc hosp,quantile,0.75,2038,COVID-19
DE-NW,00+,2023-02-12,2023-02-11,-1 day ahead inc hosp,quantile,0.9,2114,COVID-19
DE-NW,00+,2023-02-12,2023-02-11,-1 day ahead inc hosp,quantile,0.975,2191,COVID-19
DE-NW,00+,2023-02-12,2023-02-12,0 day ahead inc hosp,mean,NA,1985.921,COVID-19
DE-NW,00+,2023-02-12,2023-02-12,0 day ahead inc hosp,quantile,0.025,1803,COVID-19
DE-NW,00+,2023-02-12,2023-02-12,0 day ahead inc hosp,quantile,0.1,1852,COVID-19
DE-NW,00+,2023-02-12,2023-02-12,0 day ahead inc hosp,quantile,0.25,1911,COVID-19
DE-NW,00+,2023-02-12,2023-02-12,0 day ahead inc hosp,quantile,0.5,1975,COVID-19
DE-NW,00+,2023-02-12,2023-02-12,0 day ahead inc hosp,quantile,0.75,2047,COVID-19
DE-NW,00+,2023-02-12,2023-02-12,0 day ahead inc hosp,quantile,0.9,2137,COVID-19
DE-NW,00+,2023-02-12,2023-02-12,0 day ahead inc hosp,quantile,0.975,2227,COVID-19
DE-RP,00+,2023-02-12,2023-01-15,-28 day ahead inc hosp,mean,NA,313.325,COVID-19
DE-RP,00+,2023-02-12,2023-01-15,-28 day ahead inc hosp,quantile,0.025,307,COVID-19
DE-RP,00+,2023-02-12,2023-01-15,-28 day ahead inc hosp,quantile,0.1,309,COVID-19
DE-RP,00+,2023-02-12,2023-01-15,-28 day ahead inc hosp,quantile,0.25,311,COVID-19
DE-RP,00+,2023-02-12,2023-01-15,-28 day ahead inc hosp,quantile,0.5,313,COVID-19
DE-RP,00+,2023-02-12,2023-01-15,-28 day ahead inc hosp,quantile,0.75,316,COVID-19
DE-RP,00+,2023-02-12,2023-01-15,-28 day ahead inc hosp,quantile,0.9,318,COVID-19
DE-RP,00+,2023-02-12,2023-01-15,-28 day ahead inc hosp,quantile,0.975,321,COVID-19
DE-RP,00+,2023-02-12,2023-01-16,-27 day ahead inc hosp,mean,NA,314.317,COVID-19
DE-RP,00+,2023-02-12,2023-01-16,-27 day ahead inc hosp,quantile,0.025,308,COVID-19
DE-RP,00+,2023-02-12,2023-01-16,-27 day ahead inc hosp,quantile,0.1,310,COVID-19
DE-RP,00+,2023-02-12,2023-01-16,-27 day ahead inc hosp,quantile,0.25,312,COVID-19
DE-RP,00+,2023-02-12,2023-01-16,-27 day ahead inc hosp,quantile,0.5,314,COVID-19
DE-RP,00+,2023-02-12,2023-01-16,-27 day ahead inc hosp,quantile,0.75,317,COVID-19
DE-RP,00+,2023-02-12,2023-01-16,-27 day ahead inc hosp,quantile,0.9,319,COVID-19
DE-RP,00+,2023-02-12,2023-01-16,-27 day ahead inc hosp,quantile,0.975,322,COVID-19
DE-RP,00+,2023-02-12,2023-01-17,-26 day ahead inc hosp,mean,NA,304.358,COVID-19
DE-RP,00+,2023-02-12,2023-01-17,-26 day ahead inc hosp,quantile,0.025,299,COVID-19
DE-RP,00+,2023-02-12,2023-01-17,-26 day ahead inc hosp,quantile,0.1,300,COVID-19
DE-RP,00+,2023-02-12,2023-01-17,-26 day ahead inc hosp,quantile,0.25,302,COVID-19
DE-RP,00+,2023-02-12,2023-01-17,-26 day ahead inc hosp,quantile,0.5,304,COVID-19
DE-RP,00+,2023-02-12,2023-01-17,-26 day ahead inc hosp,quantile,0.75,307,COVID-19
DE-RP,00+,2023-02-12,2023-01-17,-26 day ahead inc hosp,quantile,0.9,309,COVID-19
DE-RP,00+,2023-02-12,2023-01-17,-26 day ahead inc hosp,quantile,0.975,312,COVID-19
DE-RP,00+,2023-02-12,2023-01-18,-25 day ahead inc hosp,mean,NA,284.467,COVID-19
DE-RP,00+,2023-02-12,2023-01-18,-25 day ahead inc hosp,quantile,0.025,278,COVID-19
DE-RP,00+,2023-02-12,2023-01-18,-25 day ahead inc hosp,quantile,0.1,280,COVID-19
DE-RP,00+,2023-02-12,2023-01-18,-25 day ahead inc hosp,quantile,0.25,282,COVID-19
DE-RP,00+,2023-02-12,2023-01-18,-25 day ahead inc hosp,quantile,0.5,284,COVID-19
DE-RP,00+,2023-02-12,2023-01-18,-25 day ahead inc hosp,quantile,0.75,287,COVID-19
DE-RP,00+,2023-02-12,2023-01-18,-25 day ahead inc hosp,quantile,0.9,289,COVID-19
DE-RP,00+,2023-02-12,2023-01-18,-25 day ahead inc hosp,quantile,0.975,292,COVID-19
DE-RP,00+,2023-02-12,2023-01-19,-24 day ahead inc hosp,mean,NA,286.762,COVID-19
DE-RP,00+,2023-02-12,2023-01-19,-24 day ahead inc hosp,quantile,0.025,281,COVID-19
DE-RP,00+,2023-02-12,2023-01-19,-24 day ahead inc hosp,quantile,0.1,283,COVID-19
DE-RP,00+,2023-02-12,2023-01-19,-24 day ahead inc hosp,quantile,0.25,284,COVID-19
DE-RP,00+,2023-02-12,2023-01-19,-24 day ahead inc hosp,quantile,0.5,286,COVID-19
DE-RP,00+,2023-02-12,2023-01-19,-24 day ahead inc hosp,quantile,0.75,289,COVID-19
DE-RP,00+,2023-02-12,2023-01-19,-24 day ahead inc hosp,quantile,0.9,291,COVID-19
DE-RP,00+,2023-02-12,2023-01-19,-24 day ahead inc hosp,quantile,0.975,294,COVID-19
DE-RP,00+,2023-02-12,2023-01-20,-23 day ahead inc hosp,mean,NA,286.129,COVID-19
DE-RP,00+,2023-02-12,2023-01-20,-23 day ahead inc hosp,quantile,0.025,280,COVID-19
DE-RP,00+,2023-02-12,2023-01-20,-23 day ahead inc hosp,quantile,0.1,282,COVID-19
DE-RP,00+,2023-02-12,2023-01-20,-23 day ahead inc hosp,quantile,0.25,284,COVID-19
DE-RP,00+,2023-02-12,2023-01-20,-23 day ahead inc hosp,quantile,0.5,286,COVID-19
DE-RP,00+,2023-02-12,2023-01-20,-23 day ahead inc hosp,quantile,0.75,288,COVID-19
DE-RP,00+,2023-02-12,2023-01-20,-23 day ahead inc hosp,quantile,0.9,291,COVID-19
DE-RP,00+,2023-02-12,2023-01-20,-23 day ahead inc hosp,quantile,0.975,294,COVID-19
DE-RP,00+,2023-02-12,2023-01-21,-22 day ahead inc hosp,mean,NA,271.51,COVID-19
DE-RP,00+,2023-02-12,2023-01-21,-22 day ahead inc hosp,quantile,0.025,265,COVID-19
DE-RP,00+,2023-02-12,2023-01-21,-22 day ahead inc hosp,quantile,0.1,267,COVID-19
DE-RP,00+,2023-02-12,2023-01-21,-22 day ahead inc hosp,quantile,0.25,269,COVID-19
DE-RP,00+,2023-02-12,2023-01-21,-22 day ahead inc hosp,quantile,0.5,271,COVID-19
DE-RP,00+,2023-02-12,2023-01-21,-22 day ahead inc hosp,quantile,0.75,274,COVID-19
DE-RP,00+,2023-02-12,2023-01-21,-22 day ahead inc hosp,quantile,0.9,276,COVID-19
DE-RP,00+,2023-02-12,2023-01-21,-22 day ahead inc hosp,quantile,0.975,279,COVID-19
DE-RP,00+,2023-02-12,2023-01-22,-21 day ahead inc hosp,mean,NA,280.6,COVID-19
DE-RP,00+,2023-02-12,2023-01-22,-21 day ahead inc hosp,quantile,0.025,274,COVID-19
DE-RP,00+,2023-02-12,2023-01-22,-21 day ahead inc hosp,quantile,0.1,276,COVID-19
DE-RP,00+,2023-02-12,2023-01-22,-21 day ahead inc hosp,quantile,0.25,278,COVID-19
DE-RP,00+,2023-02-12,2023-01-22,-21 day ahead inc hosp,quantile,0.5,280,COVID-19
DE-RP,00+,2023-02-12,2023-01-22,-21 day ahead inc hosp,quantile,0.75,283,COVID-19
DE-RP,00+,2023-02-12,2023-01-22,-21 day ahead inc hosp,quantile,0.9,285,COVID-19
DE-RP,00+,2023-02-12,2023-01-22,-21 day ahead inc hosp,quantile,0.975,288,COVID-19
DE-RP,00+,2023-02-12,2023-01-23,-20 day ahead inc hosp,mean,NA,282.721,COVID-19
DE-RP,00+,2023-02-12,2023-01-23,-20 day ahead inc hosp,quantile,0.025,276,COVID-19
DE-RP,00+,2023-02-12,2023-01-23,-20 day ahead inc hosp,quantile,0.1,278,COVID-19
DE-RP,00+,2023-02-12,2023-01-23,-20 day ahead inc hosp,quantile,0.25,280,COVID-19
DE-RP,00+,2023-02-12,2023-01-23,-20 day ahead inc hosp,quantile,0.5,283,COVID-19
DE-RP,00+,2023-02-12,2023-01-23,-20 day ahead inc hosp,quantile,0.75,285,COVID-19
DE-RP,00+,2023-02-12,2023-01-23,-20 day ahead inc hosp,quantile,0.9,287,COVID-19
DE-RP,00+,2023-02-12,2023-01-23,-20 day ahead inc hosp,quantile,0.975,290,COVID-19
DE-RP,00+,2023-02-12,2023-01-24,-19 day ahead inc hosp,mean,NA,271.721,COVID-19
DE-RP,00+,2023-02-12,2023-01-24,-19 day ahead inc hosp,quantile,0.025,265,COVID-19
DE-RP,00+,2023-02-12,2023-01-24,-19 day ahead inc hosp,quantile,0.1,267,COVID-19
DE-RP,00+,2023-02-12,2023-01-24,-19 day ahead inc hosp,quantile,0.25,269,COVID-19
DE-RP,00+,2023-02-12,2023-01-24,-19 day ahead inc hosp,quantile,0.5,272,COVID-19
DE-RP,00+,2023-02-12,2023-01-24,-19 day ahead inc hosp,quantile,0.75,274,COVID-19
DE-RP,00+,2023-02-12,2023-01-24,-19 day ahead inc hosp,quantile,0.9,277,COVID-19
DE-RP,00+,2023-02-12,2023-01-24,-19 day ahead inc hosp,quantile,0.975,279,COVID-19
DE-RP,00+,2023-02-12,2023-01-25,-18 day ahead inc hosp,mean,NA,304.578,COVID-19
DE-RP,00+,2023-02-12,2023-01-25,-18 day ahead inc hosp,quantile,0.025,298,COVID-19
DE-RP,00+,2023-02-12,2023-01-25,-18 day ahead inc hosp,quantile,0.1,300,COVID-19
DE-RP,00+,2023-02-12,2023-01-25,-18 day ahead inc hosp,quantile,0.25,302,COVID-19
DE-RP,00+,2023-02-12,2023-01-25,-18 day ahead inc hosp,quantile,0.5,304,COVID-19
DE-RP,00+,2023-02-12,2023-01-25,-18 day ahead inc hosp,quantile,0.75,307,COVID-19
DE-RP,00+,2023-02-12,2023-01-25,-18 day ahead inc hosp,quantile,0.9,310,COVID-19
DE-RP,00+,2023-02-12,2023-01-25,-18 day ahead inc hosp,quantile,0.975,313,COVID-19
DE-RP,00+,2023-02-12,2023-01-26,-17 day ahead inc hosp,mean,NA,304.851,COVID-19
DE-RP,00+,2023-02-12,2023-01-26,-17 day ahead inc hosp,quantile,0.025,297,COVID-19
DE-RP,00+,2023-02-12,2023-01-26,-17 day ahead inc hosp,quantile,0.1,300,COVID-19
DE-RP,00+,2023-02-12,2023-01-26,-17 day ahead inc hosp,quantile,0.25,302,COVID-19
DE-RP,00+,2023-02-12,2023-01-26,-17 day ahead inc hosp,quantile,0.5,305,COVID-19
DE-RP,00+,2023-02-12,2023-01-26,-17 day ahead inc hosp,quantile,0.75,307,COVID-19
DE-RP,00+,2023-02-12,2023-01-26,-17 day ahead inc hosp,quantile,0.9,310,COVID-19
DE-RP,00+,2023-02-12,2023-01-26,-17 day ahead inc hosp,quantile,0.975,313,COVID-19
DE-RP,00+,2023-02-12,2023-01-27,-16 day ahead inc hosp,mean,NA,300.302,COVID-19
DE-RP,00+,2023-02-12,2023-01-27,-16 day ahead inc hosp,quantile,0.025,292,COVID-19
DE-RP,00+,2023-02-12,2023-01-27,-16 day ahead inc hosp,quantile,0.1,295,COVID-19
DE-RP,00+,2023-02-12,2023-01-27,-16 day ahead inc hosp,quantile,0.25,297,COVID-19
DE-RP,00+,2023-02-12,2023-01-27,-16 day ahead inc hosp,quantile,0.5,300,COVID-19
DE-RP,00+,2023-02-12,2023-01-27,-16 day ahead inc hosp,quantile,0.75,303,COVID-19
DE-RP,00+,2023-02-12,2023-01-27,-16 day ahead inc hosp,quantile,0.9,306,COVID-19
DE-RP,00+,2023-02-12,2023-01-27,-16 day ahead inc hosp,quantile,0.975,310,COVID-19
DE-RP,00+,2023-02-12,2023-01-28,-15 day ahead inc hosp,mean,NA,312.058,COVID-19
DE-RP,00+,2023-02-12,2023-01-28,-15 day ahead inc hosp,quantile,0.025,304,COVID-19
DE-RP,00+,2023-02-12,2023-01-28,-15 day ahead inc hosp,quantile,0.1,306,COVID-19
DE-RP,00+,2023-02-12,2023-01-28,-15 day ahead inc hosp,quantile,0.25,309,COVID-19
DE-RP,00+,2023-02-12,2023-01-28,-15 day ahead inc hosp,quantile,0.5,312,COVID-19
DE-RP,00+,2023-02-12,2023-01-28,-15 day ahead inc hosp,quantile,0.75,315,COVID-19
DE-RP,00+,2023-02-12,2023-01-28,-15 day ahead inc hosp,quantile,0.9,318,COVID-19
DE-RP,00+,2023-02-12,2023-01-28,-15 day ahead inc hosp,quantile,0.975,322,COVID-19
DE-RP,00+,2023-02-12,2023-01-29,-14 day ahead inc hosp,mean,NA,304.479,COVID-19
DE-RP,00+,2023-02-12,2023-01-29,-14 day ahead inc hosp,quantile,0.025,296,COVID-19
DE-RP,00+,2023-02-12,2023-01-29,-14 day ahead inc hosp,quantile,0.1,299,COVID-19
DE-RP,00+,2023-02-12,2023-01-29,-14 day ahead inc hosp,quantile,0.25,301,COVID-19
DE-RP,00+,2023-02-12,2023-01-29,-14 day ahead inc hosp,quantile,0.5,304,COVID-19
DE-RP,00+,2023-02-12,2023-01-29,-14 day ahead inc hosp,quantile,0.75,307,COVID-19
DE-RP,00+,2023-02-12,2023-01-29,-14 day ahead inc hosp,quantile,0.9,311,COVID-19
DE-RP,00+,2023-02-12,2023-01-29,-14 day ahead inc hosp,quantile,0.975,315,COVID-19
DE-RP,00+,2023-02-12,2023-01-30,-13 day ahead inc hosp,mean,NA,298.972,COVID-19
DE-RP,00+,2023-02-12,2023-01-30,-13 day ahead inc hosp,quantile,0.025,291,COVID-19
DE-RP,00+,2023-02-12,2023-01-30,-13 day ahead inc hosp,quantile,0.1,293,COVID-19
DE-RP,00+,2023-02-12,2023-01-30,-13 day ahead inc hosp,quantile,0.25,295,COVID-19
DE-RP,00+,2023-02-12,2023-01-30,-13 day ahead inc hosp,quantile,0.5,299,COVID-19
DE-RP,00+,2023-02-12,2023-01-30,-13 day ahead inc hosp,quantile,0.75,302,COVID-19
DE-RP,00+,2023-02-12,2023-01-30,-13 day ahead inc hosp,quantile,0.9,305,COVID-19
DE-RP,00+,2023-02-12,2023-01-30,-13 day ahead inc hosp,quantile,0.975,309,COVID-19
DE-RP,00+,2023-02-12,2023-01-31,-12 day ahead inc hosp,mean,NA,295.818,COVID-19
DE-RP,00+,2023-02-12,2023-01-31,-12 day ahead inc hosp,quantile,0.025,286,COVID-19
DE-RP,00+,2023-02-12,2023-01-31,-12 day ahead inc hosp,quantile,0.1,289,COVID-19
DE-RP,00+,2023-02-12,2023-01-31,-12 day ahead inc hosp,quantile,0.25,292,COVID-19
DE-RP,00+,2023-02-12,2023-01-31,-12 day ahead inc hosp,quantile,0.5,296,COVID-19
DE-RP,00+,2023-02-12,2023-01-31,-12 day ahead inc hosp,quantile,0.75,299,COVID-19
DE-RP,00+,2023-02-12,2023-01-31,-12 day ahead inc hosp,quantile,0.9,303,COVID-19
DE-RP,00+,2023-02-12,2023-01-31,-12 day ahead inc hosp,quantile,0.975,307,COVID-19
DE-RP,00+,2023-02-12,2023-02-01,-11 day ahead inc hosp,mean,NA,286.184,COVID-19
DE-RP,00+,2023-02-12,2023-02-01,-11 day ahead inc hosp,quantile,0.025,275,COVID-19
DE-RP,00+,2023-02-12,2023-02-01,-11 day ahead inc hosp,quantile,0.1,279,COVID-19
DE-RP,00+,2023-02-12,2023-02-01,-11 day ahead inc hosp,quantile,0.25,282,COVID-19
DE-RP,00+,2023-02-12,2023-02-01,-11 day ahead inc hosp,quantile,0.5,286,COVID-19
DE-RP,00+,2023-02-12,2023-02-01,-11 day ahead inc hosp,quantile,0.75,290,COVID-19
DE-RP,00+,2023-02-12,2023-02-01,-11 day ahead inc hosp,quantile,0.9,295,COVID-19
DE-RP,00+,2023-02-12,2023-02-01,-11 day ahead inc hosp,quantile,0.975,299,COVID-19
DE-RP,00+,2023-02-12,2023-02-02,-10 day ahead inc hosp,mean,NA,280.949,COVID-19
DE-RP,00+,2023-02-12,2023-02-02,-10 day ahead inc hosp,quantile,0.025,269,COVID-19
DE-RP,00+,2023-02-12,2023-02-02,-10 day ahead inc hosp,quantile,0.1,273,COVID-19
DE-RP,00+,2023-02-12,2023-02-02,-10 day ahead inc hosp,quantile,0.25,276,COVID-19
DE-RP,00+,2023-02-12,2023-02-02,-10 day ahead inc hosp,quantile,0.5,280,COVID-19
DE-RP,00+,2023-02-12,2023-02-02,-10 day ahead inc hosp,quantile,0.75,285,COVID-19
DE-RP,00+,2023-02-12,2023-02-02,-10 day ahead inc hosp,quantile,0.9,289,COVID-19
DE-RP,00+,2023-02-12,2023-02-02,-10 day ahead inc hosp,quantile,0.975,296,COVID-19
DE-RP,00+,2023-02-12,2023-02-03,-9 day ahead inc hosp,mean,NA,288.46,COVID-19
DE-RP,00+,2023-02-12,2023-02-03,-9 day ahead inc hosp,quantile,0.025,275,COVID-19
DE-RP,00+,2023-02-12,2023-02-03,-9 day ahead inc hosp,quantile,0.1,280,COVID-19
DE-RP,00+,2023-02-12,2023-02-03,-9 day ahead inc hosp,quantile,0.25,284,COVID-19
DE-RP,00+,2023-02-12,2023-02-03,-9 day ahead inc hosp,quantile,0.5,288,COVID-19
DE-RP,00+,2023-02-12,2023-02-03,-9 day ahead inc hosp,quantile,0.75,292,COVID-19
DE-RP,00+,2023-02-12,2023-02-03,-9 day ahead inc hosp,quantile,0.9,298,COVID-19
DE-RP,00+,2023-02-12,2023-02-03,-9 day ahead inc hosp,quantile,0.975,304,COVID-19
DE-RP,00+,2023-02-12,2023-02-04,-8 day ahead inc hosp,mean,NA,308.053,COVID-19
DE-RP,00+,2023-02-12,2023-02-04,-8 day ahead inc hosp,quantile,0.025,294,COVID-19
DE-RP,00+,2023-02-12,2023-02-04,-8 day ahead inc hosp,quantile,0.1,298,COVID-19
DE-RP,00+,2023-02-12,2023-02-04,-8 day ahead inc hosp,quantile,0.25,303,COVID-19
DE-RP,00+,2023-02-12,2023-02-04,-8 day ahead inc hosp,quantile,0.5,307,COVID-19
DE-RP,00+,2023-02-12,2023-02-04,-8 day ahead inc hosp,quantile,0.75,313,COVID-19
DE-RP,00+,2023-02-12,2023-02-04,-8 day ahead inc hosp,quantile,0.9,319,COVID-19
DE-RP,00+,2023-02-12,2023-02-04,-8 day ahead inc hosp,quantile,0.975,326,COVID-19
DE-RP,00+,2023-02-12,2023-02-05,-7 day ahead inc hosp,mean,NA,313.433,COVID-19
DE-RP,00+,2023-02-12,2023-02-05,-7 day ahead inc hosp,quantile,0.025,300,COVID-19
DE-RP,00+,2023-02-12,2023-02-05,-7 day ahead inc hosp,quantile,0.1,303,COVID-19
DE-RP,00+,2023-02-12,2023-02-05,-7 day ahead inc hosp,quantile,0.25,308,COVID-19
DE-RP,00+,2023-02-12,2023-02-05,-7 day ahead inc hosp,quantile,0.5,313,COVID-19
DE-RP,00+,2023-02-12,2023-02-05,-7 day ahead inc hosp,quantile,0.75,318,COVID-19
DE-RP,00+,2023-02-12,2023-02-05,-7 day ahead inc hosp,quantile,0.9,324,COVID-19
DE-RP,00+,2023-02-12,2023-02-05,-7 day ahead inc hosp,quantile,0.975,331,COVID-19
DE-RP,00+,2023-02-12,2023-02-06,-6 day ahead inc hosp,mean,NA,317.584,COVID-19
DE-RP,00+,2023-02-12,2023-02-06,-6 day ahead inc hosp,quantile,0.025,303,COVID-19
DE-RP,00+,2023-02-12,2023-02-06,-6 day ahead inc hosp,quantile,0.1,307,COVID-19
DE-RP,00+,2023-02-12,2023-02-06,-6 day ahead inc hosp,quantile,0.25,312,COVID-19
DE-RP,00+,2023-02-12,2023-02-06,-6 day ahead inc hosp,quantile,0.5,317,COVID-19
DE-RP,00+,2023-02-12,2023-02-06,-6 day ahead inc hosp,quantile,0.75,323,COVID-19
DE-RP,00+,2023-02-12,2023-02-06,-6 day ahead inc hosp,quantile,0.9,328,COVID-19
DE-RP,00+,2023-02-12,2023-02-06,-6 day ahead inc hosp,quantile,0.975,335,COVID-19
DE-RP,00+,2023-02-12,2023-02-07,-5 day ahead inc hosp,mean,NA,376.514,COVID-19
DE-RP,00+,2023-02-12,2023-02-07,-5 day ahead inc hosp,quantile,0.025,360,COVID-19
DE-RP,00+,2023-02-12,2023-02-07,-5 day ahead inc hosp,quantile,0.1,364,COVID-19
DE-RP,00+,2023-02-12,2023-02-07,-5 day ahead inc hosp,quantile,0.25,370,COVID-19
DE-RP,00+,2023-02-12,2023-02-07,-5 day ahead inc hosp,quantile,0.5,375,COVID-19
DE-RP,00+,2023-02-12,2023-02-07,-5 day ahead inc hosp,quantile,0.75,383,COVID-19
DE-RP,00+,2023-02-12,2023-02-07,-5 day ahead inc hosp,quantile,0.9,390,COVID-19
DE-RP,00+,2023-02-12,2023-02-07,-5 day ahead inc hosp,quantile,0.975,397,COVID-19
DE-RP,00+,2023-02-12,2023-02-08,-4 day ahead inc hosp,mean,NA,405.104,COVID-19
DE-RP,00+,2023-02-12,2023-02-08,-4 day ahead inc hosp,quantile,0.025,385,COVID-19
DE-RP,00+,2023-02-12,2023-02-08,-4 day ahead inc hosp,quantile,0.1,391,COVID-19
DE-RP,00+,2023-02-12,2023-02-08,-4 day ahead inc hosp,quantile,0.25,397,COVID-19
DE-RP,00+,2023-02-12,2023-02-08,-4 day ahead inc hosp,quantile,0.5,405,COVID-19
DE-RP,00+,2023-02-12,2023-02-08,-4 day ahead inc hosp,quantile,0.75,413,COVID-19
DE-RP,00+,2023-02-12,2023-02-08,-4 day ahead inc hosp,quantile,0.9,420,COVID-19
DE-RP,00+,2023-02-12,2023-02-08,-4 day ahead inc hosp,quantile,0.975,428,COVID-19
DE-RP,00+,2023-02-12,2023-02-09,-3 day ahead inc hosp,mean,NA,433.71,COVID-19
DE-RP,00+,2023-02-12,2023-02-09,-3 day ahead inc hosp,quantile,0.025,410,COVID-19
DE-RP,00+,2023-02-12,2023-02-09,-3 day ahead inc hosp,quantile,0.1,416,COVID-19
DE-RP,00+,2023-02-12,2023-02-09,-3 day ahead inc hosp,quantile,0.25,424,COVID-19
DE-RP,00+,2023-02-12,2023-02-09,-3 day ahead inc hosp,quantile,0.5,434,COVID-19
DE-RP,00+,2023-02-12,2023-02-09,-3 day ahead inc hosp,quantile,0.75,443,COVID-19
DE-RP,00+,2023-02-12,2023-02-09,-3 day ahead inc hosp,quantile,0.9,452,COVID-19
DE-RP,00+,2023-02-12,2023-02-09,-3 day ahead inc hosp,quantile,0.975,461,COVID-19
DE-RP,00+,2023-02-12,2023-02-10,-2 day ahead inc hosp,mean,NA,462.397,COVID-19
DE-RP,00+,2023-02-12,2023-02-10,-2 day ahead inc hosp,quantile,0.025,432,COVID-19
DE-RP,00+,2023-02-12,2023-02-10,-2 day ahead inc hosp,quantile,0.1,441,COVID-19
DE-RP,00+,2023-02-12,2023-02-10,-2 day ahead inc hosp,quantile,0.25,450,COVID-19
DE-RP,00+,2023-02-12,2023-02-10,-2 day ahead inc hosp,quantile,0.5,462,COVID-19
DE-RP,00+,2023-02-12,2023-02-10,-2 day ahead inc hosp,quantile,0.75,473,COVID-19
DE-RP,00+,2023-02-12,2023-02-10,-2 day ahead inc hosp,quantile,0.9,487,COVID-19
DE-RP,00+,2023-02-12,2023-02-10,-2 day ahead inc hosp,quantile,0.975,498,COVID-19
DE-RP,00+,2023-02-12,2023-02-11,-1 day ahead inc hosp,mean,NA,454.137,COVID-19
DE-RP,00+,2023-02-12,2023-02-11,-1 day ahead inc hosp,quantile,0.025,414,COVID-19
DE-RP,00+,2023-02-12,2023-02-11,-1 day ahead inc hosp,quantile,0.1,426,COVID-19
DE-RP,00+,2023-02-12,2023-02-11,-1 day ahead inc hosp,quantile,0.25,438,COVID-19
DE-RP,00+,2023-02-12,2023-02-11,-1 day ahead inc hosp,quantile,0.5,452,COVID-19
DE-RP,00+,2023-02-12,2023-02-11,-1 day ahead inc hosp,quantile,0.75,469,COVID-19
DE-RP,00+,2023-02-12,2023-02-11,-1 day ahead inc hosp,quantile,0.9,486,COVID-19
DE-RP,00+,2023-02-12,2023-02-11,-1 day ahead inc hosp,quantile,0.975,504,COVID-19
DE-RP,00+,2023-02-12,2023-02-12,0 day ahead inc hosp,mean,NA,452.16,COVID-19
DE-RP,00+,2023-02-12,2023-02-12,0 day ahead inc hosp,quantile,0.025,412,COVID-19
DE-RP,00+,2023-02-12,2023-02-12,0 day ahead inc hosp,quantile,0.1,422,COVID-19
DE-RP,00+,2023-02-12,2023-02-12,0 day ahead inc hosp,quantile,0.25,435,COVID-19
DE-RP,00+,2023-02-12,2023-02-12,0 day ahead inc hosp,quantile,0.5,450,COVID-19
DE-RP,00+,2023-02-12,2023-02-12,0 day ahead inc hosp,quantile,0.75,468,COVID-19
DE-RP,00+,2023-02-12,2023-02-12,0 day ahead inc hosp,quantile,0.9,486,COVID-19
DE-RP,00+,2023-02-12,2023-02-12,0 day ahead inc hosp,quantile,0.975,504,COVID-19
DE-SH,00+,2023-02-12,2023-01-15,-28 day ahead inc hosp,mean,NA,267.81,COVID-19
DE-SH,00+,2023-02-12,2023-01-15,-28 day ahead inc hosp,quantile,0.025,265,COVID-19
DE-SH,00+,2023-02-12,2023-01-15,-28 day ahead inc hosp,quantile,0.1,265,COVID-19
DE-SH,00+,2023-02-12,2023-01-15,-28 day ahead inc hosp,quantile,0.25,266,COVID-19
DE-SH,00+,2023-02-12,2023-01-15,-28 day ahead inc hosp,quantile,0.5,268,COVID-19
DE-SH,00+,2023-02-12,2023-01-15,-28 day ahead inc hosp,quantile,0.75,269,COVID-19
DE-SH,00+,2023-02-12,2023-01-15,-28 day ahead inc hosp,quantile,0.9,270,COVID-19
DE-SH,00+,2023-02-12,2023-01-15,-28 day ahead inc hosp,quantile,0.975,272,COVID-19
DE-SH,00+,2023-02-12,2023-01-16,-27 day ahead inc hosp,mean,NA,264.812,COVID-19
DE-SH,00+,2023-02-12,2023-01-16,-27 day ahead inc hosp,quantile,0.025,262,COVID-19
DE-SH,00+,2023-02-12,2023-01-16,-27 day ahead inc hosp,quantile,0.1,262,COVID-19
DE-SH,00+,2023-02-12,2023-01-16,-27 day ahead inc hosp,quantile,0.25,263,COVID-19
DE-SH,00+,2023-02-12,2023-01-16,-27 day ahead inc hosp,quantile,0.5,265,COVID-19
DE-SH,00+,2023-02-12,2023-01-16,-27 day ahead inc hosp,quantile,0.75,266,COVID-19
DE-SH,00+,2023-02-12,2023-01-16,-27 day ahead inc hosp,quantile,0.9,268,COVID-19
DE-SH,00+,2023-02-12,2023-01-16,-27 day ahead inc hosp,quantile,0.975,269,COVID-19
DE-SH,00+,2023-02-12,2023-01-17,-26 day ahead inc hosp,mean,NA,221.758,COVID-19
DE-SH,00+,2023-02-12,2023-01-17,-26 day ahead inc hosp,quantile,0.025,219,COVID-19
DE-SH,00+,2023-02-12,2023-01-17,-26 day ahead inc hosp,quantile,0.1,219,COVID-19
DE-SH,00+,2023-02-12,2023-01-17,-26 day ahead inc hosp,quantile,0.25,220,COVID-19
DE-SH,00+,2023-02-12,2023-01-17,-26 day ahead inc hosp,quantile,0.5,222,COVID-19
DE-SH,00+,2023-02-12,2023-01-17,-26 day ahead inc hosp,quantile,0.75,223,COVID-19
DE-SH,00+,2023-02-12,2023-01-17,-26 day ahead inc hosp,quantile,0.9,224,COVID-19
DE-SH,00+,2023-02-12,2023-01-17,-26 day ahead inc hosp,quantile,0.975,226,COVID-19
DE-SH,00+,2023-02-12,2023-01-18,-25 day ahead inc hosp,mean,NA,187.822,COVID-19
DE-SH,00+,2023-02-12,2023-01-18,-25 day ahead inc hosp,quantile,0.025,185,COVID-19
DE-SH,00+,2023-02-12,2023-01-18,-25 day ahead inc hosp,quantile,0.1,185,COVID-19
DE-SH,00+,2023-02-12,2023-01-18,-25 day ahead inc hosp,quantile,0.25,186,COVID-19
DE-SH,00+,2023-02-12,2023-01-18,-25 day ahead inc hosp,quantile,0.5,188,COVID-19
DE-SH,00+,2023-02-12,2023-01-18,-25 day ahead inc hosp,quantile,0.75,189,COVID-19
DE-SH,00+,2023-02-12,2023-01-18,-25 day ahead inc hosp,quantile,0.9,190,COVID-19
DE-SH,00+,2023-02-12,2023-01-18,-25 day ahead inc hosp,quantile,0.975,192,COVID-19
DE-SH,00+,2023-02-12,2023-01-19,-24 day ahead inc hosp,mean,NA,192.865,COVID-19
DE-SH,00+,2023-02-12,2023-01-19,-24 day ahead inc hosp,quantile,0.025,190,COVID-19
DE-SH,00+,2023-02-12,2023-01-19,-24 day ahead inc hosp,quantile,0.1,190,COVID-19
DE-SH,00+,2023-02-12,2023-01-19,-24 day ahead inc hosp,quantile,0.25,191,COVID-19
DE-SH,00+,2023-02-12,2023-01-19,-24 day ahead inc hosp,quantile,0.5,193,COVID-19
DE-SH,00+,2023-02-12,2023-01-19,-24 day ahead inc hosp,quantile,0.75,194,COVID-19
DE-SH,00+,2023-02-12,2023-01-19,-24 day ahead inc hosp,quantile,0.9,195,COVID-19
DE-SH,00+,2023-02-12,2023-01-19,-24 day ahead inc hosp,quantile,0.975,197,COVID-19
DE-SH,00+,2023-02-12,2023-01-20,-23 day ahead inc hosp,mean,NA,182.914,COVID-19
DE-SH,00+,2023-02-12,2023-01-20,-23 day ahead inc hosp,quantile,0.025,180,COVID-19
DE-SH,00+,2023-02-12,2023-01-20,-23 day ahead inc hosp,quantile,0.1,180,COVID-19
DE-SH,00+,2023-02-12,2023-01-20,-23 day ahead inc hosp,quantile,0.25,181,COVID-19
DE-SH,00+,2023-02-12,2023-01-20,-23 day ahead inc hosp,quantile,0.5,183,COVID-19
DE-SH,00+,2023-02-12,2023-01-20,-23 day ahead inc hosp,quantile,0.75,184,COVID-19
DE-SH,00+,2023-02-12,2023-01-20,-23 day ahead inc hosp,quantile,0.9,185,COVID-19
DE-SH,00+,2023-02-12,2023-01-20,-23 day ahead inc hosp,quantile,0.975,187,COVID-19
DE-SH,00+,2023-02-12,2023-01-21,-22 day ahead inc hosp,mean,NA,174.99,COVID-19
DE-SH,00+,2023-02-12,2023-01-21,-22 day ahead inc hosp,quantile,0.025,172,COVID-19
DE-SH,00+,2023-02-12,2023-01-21,-22 day ahead inc hosp,quantile,0.1,172,COVID-19
DE-SH,00+,2023-02-12,2023-01-21,-22 day ahead inc hosp,quantile,0.25,174,COVID-19
DE-SH,00+,2023-02-12,2023-01-21,-22 day ahead inc hosp,quantile,0.5,175,COVID-19
DE-SH,00+,2023-02-12,2023-01-21,-22 day ahead inc hosp,quantile,0.75,176,COVID-19
DE-SH,00+,2023-02-12,2023-01-21,-22 day ahead inc hosp,quantile,0.9,178,COVID-19
DE-SH,00+,2023-02-12,2023-01-21,-22 day ahead inc hosp,quantile,0.975,179,COVID-19
DE-SH,00+,2023-02-12,2023-01-22,-21 day ahead inc hosp,mean,NA,173.026,COVID-19
DE-SH,00+,2023-02-12,2023-01-22,-21 day ahead inc hosp,quantile,0.025,170,COVID-19
DE-SH,00+,2023-02-12,2023-01-22,-21 day ahead inc hosp,quantile,0.1,171,COVID-19
DE-SH,00+,2023-02-12,2023-01-22,-21 day ahead inc hosp,quantile,0.25,172,COVID-19
DE-SH,00+,2023-02-12,2023-01-22,-21 day ahead inc hosp,quantile,0.5,173,COVID-19
DE-SH,00+,2023-02-12,2023-01-22,-21 day ahead inc hosp,quantile,0.75,174,COVID-19
DE-SH,00+,2023-02-12,2023-01-22,-21 day ahead inc hosp,quantile,0.9,176,COVID-19
DE-SH,00+,2023-02-12,2023-01-22,-21 day ahead inc hosp,quantile,0.975,178,COVID-19
DE-SH,00+,2023-02-12,2023-01-23,-20 day ahead inc hosp,mean,NA,172.059,COVID-19
DE-SH,00+,2023-02-12,2023-01-23,-20 day ahead inc hosp,quantile,0.025,169,COVID-19
DE-SH,00+,2023-02-12,2023-01-23,-20 day ahead inc hosp,quantile,0.1,170,COVID-19
DE-SH,00+,2023-02-12,2023-01-23,-20 day ahead inc hosp,quantile,0.25,171,COVID-19
DE-SH,00+,2023-02-12,2023-01-23,-20 day ahead inc hosp,quantile,0.5,172,COVID-19
DE-SH,00+,2023-02-12,2023-01-23,-20 day ahead inc hosp,quantile,0.75,173,COVID-19
DE-SH,00+,2023-02-12,2023-01-23,-20 day ahead inc hosp,quantile,0.9,175,COVID-19
DE-SH,00+,2023-02-12,2023-01-23,-20 day ahead inc hosp,quantile,0.975,177,COVID-19
DE-SH,00+,2023-02-12,2023-01-24,-19 day ahead inc hosp,mean,NA,153.332,COVID-19
DE-SH,00+,2023-02-12,2023-01-24,-19 day ahead inc hosp,quantile,0.025,150,COVID-19
DE-SH,00+,2023-02-12,2023-01-24,-19 day ahead inc hosp,quantile,0.1,151,COVID-19
DE-SH,00+,2023-02-12,2023-01-24,-19 day ahead inc hosp,quantile,0.25,152,COVID-19
DE-SH,00+,2023-02-12,2023-01-24,-19 day ahead inc hosp,quantile,0.5,153,COVID-19
DE-SH,00+,2023-02-12,2023-01-24,-19 day ahead inc hosp,quantile,0.75,155,COVID-19
DE-SH,00+,2023-02-12,2023-01-24,-19 day ahead inc hosp,quantile,0.9,156,COVID-19
DE-SH,00+,2023-02-12,2023-01-24,-19 day ahead inc hosp,quantile,0.975,158,COVID-19
DE-SH,00+,2023-02-12,2023-01-25,-18 day ahead inc hosp,mean,NA,160.584,COVID-19
DE-SH,00+,2023-02-12,2023-01-25,-18 day ahead inc hosp,quantile,0.025,157,COVID-19
DE-SH,00+,2023-02-12,2023-01-25,-18 day ahead inc hosp,quantile,0.1,158,COVID-19
DE-SH,00+,2023-02-12,2023-01-25,-18 day ahead inc hosp,quantile,0.25,159,COVID-19
DE-SH,00+,2023-02-12,2023-01-25,-18 day ahead inc hosp,quantile,0.5,160,COVID-19
DE-SH,00+,2023-02-12,2023-01-25,-18 day ahead inc hosp,quantile,0.75,162,COVID-19
DE-SH,00+,2023-02-12,2023-01-25,-18 day ahead inc hosp,quantile,0.9,164,COVID-19
DE-SH,00+,2023-02-12,2023-01-25,-18 day ahead inc hosp,quantile,0.975,165,COVID-19
DE-SH,00+,2023-02-12,2023-01-26,-17 day ahead inc hosp,mean,NA,142.95,COVID-19
DE-SH,00+,2023-02-12,2023-01-26,-17 day ahead inc hosp,quantile,0.025,139,COVID-19
DE-SH,00+,2023-02-12,2023-01-26,-17 day ahead inc hosp,quantile,0.1,140,COVID-19
DE-SH,00+,2023-02-12,2023-01-26,-17 day ahead inc hosp,quantile,0.25,141,COVID-19
DE-SH,00+,2023-02-12,2023-01-26,-17 day ahead inc hosp,quantile,0.5,143,COVID-19
DE-SH,00+,2023-02-12,2023-01-26,-17 day ahead inc hosp,quantile,0.75,145,COVID-19
DE-SH,00+,2023-02-12,2023-01-26,-17 day ahead inc hosp,quantile,0.9,146,COVID-19
DE-SH,00+,2023-02-12,2023-01-26,-17 day ahead inc hosp,quantile,0.975,148,COVID-19
DE-SH,00+,2023-02-12,2023-01-27,-16 day ahead inc hosp,mean,NA,135.423,COVID-19
DE-SH,00+,2023-02-12,2023-01-27,-16 day ahead inc hosp,quantile,0.025,131,COVID-19
DE-SH,00+,2023-02-12,2023-01-27,-16 day ahead inc hosp,quantile,0.1,132,COVID-19
DE-SH,00+,2023-02-12,2023-01-27,-16 day ahead inc hosp,quantile,0.25,134,COVID-19
DE-SH,00+,2023-02-12,2023-01-27,-16 day ahead inc hosp,quantile,0.5,135,COVID-19
DE-SH,00+,2023-02-12,2023-01-27,-16 day ahead inc hosp,quantile,0.75,137,COVID-19
DE-SH,00+,2023-02-12,2023-01-27,-16 day ahead inc hosp,quantile,0.9,138,COVID-19
DE-SH,00+,2023-02-12,2023-01-27,-16 day ahead inc hosp,quantile,0.975,141,COVID-19
DE-SH,00+,2023-02-12,2023-01-28,-15 day ahead inc hosp,mean,NA,128.936,COVID-19
DE-SH,00+,2023-02-12,2023-01-28,-15 day ahead inc hosp,quantile,0.025,125,COVID-19
DE-SH,00+,2023-02-12,2023-01-28,-15 day ahead inc hosp,quantile,0.1,126,COVID-19
DE-SH,00+,2023-02-12,2023-01-28,-15 day ahead inc hosp,quantile,0.25,127,COVID-19
DE-SH,00+,2023-02-12,2023-01-28,-15 day ahead inc hosp,quantile,0.5,129,COVID-19
DE-SH,00+,2023-02-12,2023-01-28,-15 day ahead inc hosp,quantile,0.75,130,COVID-19
DE-SH,00+,2023-02-12,2023-01-28,-15 day ahead inc hosp,quantile,0.9,132,COVID-19
DE-SH,00+,2023-02-12,2023-01-28,-15 day ahead inc hosp,quantile,0.975,135,COVID-19
DE-SH,00+,2023-02-12,2023-01-29,-14 day ahead inc hosp,mean,NA,131.134,COVID-19
DE-SH,00+,2023-02-12,2023-01-29,-14 day ahead inc hosp,quantile,0.025,127,COVID-19
DE-SH,00+,2023-02-12,2023-01-29,-14 day ahead inc hosp,quantile,0.1,128,COVID-19
DE-SH,00+,2023-02-12,2023-01-29,-14 day ahead inc hosp,quantile,0.25,129,COVID-19
DE-SH,00+,2023-02-12,2023-01-29,-14 day ahead inc hosp,quantile,0.5,131,COVID-19
DE-SH,00+,2023-02-12,2023-01-29,-14 day ahead inc hosp,quantile,0.75,133,COVID-19
DE-SH,00+,2023-02-12,2023-01-29,-14 day ahead inc hosp,quantile,0.9,135,COVID-19
DE-SH,00+,2023-02-12,2023-01-29,-14 day ahead inc hosp,quantile,0.975,137,COVID-19
DE-SH,00+,2023-02-12,2023-01-30,-13 day ahead inc hosp,mean,NA,128.29,COVID-19
DE-SH,00+,2023-02-12,2023-01-30,-13 day ahead inc hosp,quantile,0.025,124,COVID-19
DE-SH,00+,2023-02-12,2023-01-30,-13 day ahead inc hosp,quantile,0.1,125,COVID-19
DE-SH,00+,2023-02-12,2023-01-30,-13 day ahead inc hosp,quantile,0.25,126,COVID-19
DE-SH,00+,2023-02-12,2023-01-30,-13 day ahead inc hosp,quantile,0.5,128,COVID-19
DE-SH,00+,2023-02-12,2023-01-30,-13 day ahead inc hosp,quantile,0.75,130,COVID-19
DE-SH,00+,2023-02-12,2023-01-30,-13 day ahead inc hosp,quantile,0.9,132,COVID-19
DE-SH,00+,2023-02-12,2023-01-30,-13 day ahead inc hosp,quantile,0.975,134,COVID-19
DE-SH,00+,2023-02-12,2023-01-31,-12 day ahead inc hosp,mean,NA,130.137,COVID-19
DE-SH,00+,2023-02-12,2023-01-31,-12 day ahead inc hosp,quantile,0.025,125,COVID-19
DE-SH,00+,2023-02-12,2023-01-31,-12 day ahead inc hosp,quantile,0.1,127,COVID-19
DE-SH,00+,2023-02-12,2023-01-31,-12 day ahead inc hosp,quantile,0.25,128,COVID-19
DE-SH,00+,2023-02-12,2023-01-31,-12 day ahead inc hosp,quantile,0.5,130,COVID-19
DE-SH,00+,2023-02-12,2023-01-31,-12 day ahead inc hosp,quantile,0.75,132,COVID-19
DE-SH,00+,2023-02-12,2023-01-31,-12 day ahead inc hosp,quantile,0.9,134,COVID-19
DE-SH,00+,2023-02-12,2023-01-31,-12 day ahead inc hosp,quantile,0.975,136,COVID-19
DE-SH,00+,2023-02-12,2023-02-01,-11 day ahead inc hosp,mean,NA,116.93,COVID-19
DE-SH,00+,2023-02-12,2023-02-01,-11 day ahead inc hosp,quantile,0.025,112,COVID-19
DE-SH,00+,2023-02-12,2023-02-01,-11 day ahead inc hosp,quantile,0.1,113,COVID-19
DE-SH,00+,2023-02-12,2023-02-01,-11 day ahead inc hosp,quantile,0.25,115,COVID-19
DE-SH,00+,2023-02-12,2023-02-01,-11 day ahead inc hosp,quantile,0.5,117,COVID-19
DE-SH,00+,2023-02-12,2023-02-01,-11 day ahead inc hosp,quantile,0.75,119,COVID-19
DE-SH,00+,2023-02-12,2023-02-01,-11 day ahead inc hosp,quantile,0.9,121,COVID-19
DE-SH,00+,2023-02-12,2023-02-01,-11 day ahead inc hosp,quantile,0.975,123,COVID-19
DE-SH,00+,2023-02-12,2023-02-02,-10 day ahead inc hosp,mean,NA,124.227,COVID-19
DE-SH,00+,2023-02-12,2023-02-02,-10 day ahead inc hosp,quantile,0.025,119,COVID-19
DE-SH,00+,2023-02-12,2023-02-02,-10 day ahead inc hosp,quantile,0.1,120,COVID-19
DE-SH,00+,2023-02-12,2023-02-02,-10 day ahead inc hosp,quantile,0.25,122,COVID-19
DE-SH,00+,2023-02-12,2023-02-02,-10 day ahead inc hosp,quantile,0.5,124,COVID-19
DE-SH,00+,2023-02-12,2023-02-02,-10 day ahead inc hosp,quantile,0.75,126,COVID-19
DE-SH,00+,2023-02-12,2023-02-02,-10 day ahead inc hosp,quantile,0.9,128,COVID-19
DE-SH,00+,2023-02-12,2023-02-02,-10 day ahead inc hosp,quantile,0.975,131,COVID-19
DE-SH,00+,2023-02-12,2023-02-03,-9 day ahead inc hosp,mean,NA,126.568,COVID-19
DE-SH,00+,2023-02-12,2023-02-03,-9 day ahead inc hosp,quantile,0.025,120,COVID-19
DE-SH,00+,2023-02-12,2023-02-03,-9 day ahead inc hosp,quantile,0.1,122,COVID-19
DE-SH,00+,2023-02-12,2023-02-03,-9 day ahead inc hosp,quantile,0.25,124,COVID-19
DE-SH,00+,2023-02-12,2023-02-03,-9 day ahead inc hosp,quantile,0.5,126,COVID-19
DE-SH,00+,2023-02-12,2023-02-03,-9 day ahead inc hosp,quantile,0.75,129,COVID-19
DE-SH,00+,2023-02-12,2023-02-03,-9 day ahead inc hosp,quantile,0.9,131,COVID-19
DE-SH,00+,2023-02-12,2023-02-03,-9 day ahead inc hosp,quantile,0.975,134,COVID-19
DE-SH,00+,2023-02-12,2023-02-04,-8 day ahead inc hosp,mean,NA,132.357,COVID-19
DE-SH,00+,2023-02-12,2023-02-04,-8 day ahead inc hosp,quantile,0.025,125,COVID-19
DE-SH,00+,2023-02-12,2023-02-04,-8 day ahead inc hosp,quantile,0.1,128,COVID-19
DE-SH,00+,2023-02-12,2023-02-04,-8 day ahead inc hosp,quantile,0.25,130,COVID-19
DE-SH,00+,2023-02-12,2023-02-04,-8 day ahead inc hosp,quantile,0.5,132,COVID-19
DE-SH,00+,2023-02-12,2023-02-04,-8 day ahead inc hosp,quantile,0.75,135,COVID-19
DE-SH,00+,2023-02-12,2023-02-04,-8 day ahead inc hosp,quantile,0.9,137,COVID-19
DE-SH,00+,2023-02-12,2023-02-04,-8 day ahead inc hosp,quantile,0.975,140,COVID-19
DE-SH,00+,2023-02-12,2023-02-05,-7 day ahead inc hosp,mean,NA,129.944,COVID-19
DE-SH,00+,2023-02-12,2023-02-05,-7 day ahead inc hosp,quantile,0.025,123,COVID-19
DE-SH,00+,2023-02-12,2023-02-05,-7 day ahead inc hosp,quantile,0.1,125,COVID-19
DE-SH,00+,2023-02-12,2023-02-05,-7 day ahead inc hosp,quantile,0.25,127,COVID-19
DE-SH,00+,2023-02-12,2023-02-05,-7 day ahead inc hosp,quantile,0.5,130,COVID-19
DE-SH,00+,2023-02-12,2023-02-05,-7 day ahead inc hosp,quantile,0.75,133,COVID-19
DE-SH,00+,2023-02-12,2023-02-05,-7 day ahead inc hosp,quantile,0.9,135,COVID-19
DE-SH,00+,2023-02-12,2023-02-05,-7 day ahead inc hosp,quantile,0.975,138,COVID-19
DE-SH,00+,2023-02-12,2023-02-06,-6 day ahead inc hosp,mean,NA,131.422,COVID-19
DE-SH,00+,2023-02-12,2023-02-06,-6 day ahead inc hosp,quantile,0.025,124,COVID-19
DE-SH,00+,2023-02-12,2023-02-06,-6 day ahead inc hosp,quantile,0.1,127,COVID-19
DE-SH,00+,2023-02-12,2023-02-06,-6 day ahead inc hosp,quantile,0.25,129,COVID-19
DE-SH,00+,2023-02-12,2023-02-06,-6 day ahead inc hosp,quantile,0.5,131,COVID-19
DE-SH,00+,2023-02-12,2023-02-06,-6 day ahead inc hosp,quantile,0.75,134,COVID-19
DE-SH,00+,2023-02-12,2023-02-06,-6 day ahead inc hosp,quantile,0.9,137,COVID-19
DE-SH,00+,2023-02-12,2023-02-06,-6 day ahead inc hosp,quantile,0.975,140,COVID-19
DE-SH,00+,2023-02-12,2023-02-07,-5 day ahead inc hosp,mean,NA,142.355,COVID-19
DE-SH,00+,2023-02-12,2023-02-07,-5 day ahead inc hosp,quantile,0.025,134,COVID-19
DE-SH,00+,2023-02-12,2023-02-07,-5 day ahead inc hosp,quantile,0.1,137,COVID-19
DE-SH,00+,2023-02-12,2023-02-07,-5 day ahead inc hosp,quantile,0.25,139,COVID-19
DE-SH,00+,2023-02-12,2023-02-07,-5 day ahead inc hosp,quantile,0.5,142,COVID-19
DE-SH,00+,2023-02-12,2023-02-07,-5 day ahead inc hosp,quantile,0.75,145,COVID-19
DE-SH,00+,2023-02-12,2023-02-07,-5 day ahead inc hosp,quantile,0.9,148,COVID-19
DE-SH,00+,2023-02-12,2023-02-07,-5 day ahead inc hosp,quantile,0.975,152,COVID-19
DE-SH,00+,2023-02-12,2023-02-08,-4 day ahead inc hosp,mean,NA,146.71,COVID-19
DE-SH,00+,2023-02-12,2023-02-08,-4 day ahead inc hosp,quantile,0.025,138,COVID-19
DE-SH,00+,2023-02-12,2023-02-08,-4 day ahead inc hosp,quantile,0.1,140,COVID-19
DE-SH,00+,2023-02-12,2023-02-08,-4 day ahead inc hosp,quantile,0.25,143,COVID-19
DE-SH,00+,2023-02-12,2023-02-08,-4 day ahead inc hosp,quantile,0.5,147,COVID-19
DE-SH,00+,2023-02-12,2023-02-08,-4 day ahead inc hosp,quantile,0.75,150,COVID-19
DE-SH,00+,2023-02-12,2023-02-08,-4 day ahead inc hosp,quantile,0.9,153,COVID-19
DE-SH,00+,2023-02-12,2023-02-08,-4 day ahead inc hosp,quantile,0.975,157,COVID-19
DE-SH,00+,2023-02-12,2023-02-09,-3 day ahead inc hosp,mean,NA,151.737,COVID-19
DE-SH,00+,2023-02-12,2023-02-09,-3 day ahead inc hosp,quantile,0.025,141,COVID-19
DE-SH,00+,2023-02-12,2023-02-09,-3 day ahead inc hosp,quantile,0.1,144,COVID-19
DE-SH,00+,2023-02-12,2023-02-09,-3 day ahead inc hosp,quantile,0.25,148,COVID-19
DE-SH,00+,2023-02-12,2023-02-09,-3 day ahead inc hosp,quantile,0.5,151,COVID-19
DE-SH,00+,2023-02-12,2023-02-09,-3 day ahead inc hosp,quantile,0.75,156,COVID-19
DE-SH,00+,2023-02-12,2023-02-09,-3 day ahead inc hosp,quantile,0.9,160,COVID-19
DE-SH,00+,2023-02-12,2023-02-09,-3 day ahead inc hosp,quantile,0.975,165,COVID-19
DE-SH,00+,2023-02-12,2023-02-10,-2 day ahead inc hosp,mean,NA,152.389,COVID-19
DE-SH,00+,2023-02-12,2023-02-10,-2 day ahead inc hosp,quantile,0.025,139,COVID-19
DE-SH,00+,2023-02-12,2023-02-10,-2 day ahead inc hosp,quantile,0.1,144,COVID-19
DE-SH,00+,2023-02-12,2023-02-10,-2 day ahead inc hosp,quantile,0.25,147,COVID-19
DE-SH,00+,2023-02-12,2023-02-10,-2 day ahead inc hosp,quantile,0.5,152,COVID-19
DE-SH,00+,2023-02-12,2023-02-10,-2 day ahead inc hosp,quantile,0.75,157,COVID-19
DE-SH,00+,2023-02-12,2023-02-10,-2 day ahead inc hosp,quantile,0.9,162,COVID-19
DE-SH,00+,2023-02-12,2023-02-10,-2 day ahead inc hosp,quantile,0.975,168,COVID-19
DE-SH,00+,2023-02-12,2023-02-11,-1 day ahead inc hosp,mean,NA,154.133,COVID-19
DE-SH,00+,2023-02-12,2023-02-11,-1 day ahead inc hosp,quantile,0.025,137,COVID-19
DE-SH,00+,2023-02-12,2023-02-11,-1 day ahead inc hosp,quantile,0.1,142,COVID-19
DE-SH,00+,2023-02-12,2023-02-11,-1 day ahead inc hosp,quantile,0.25,147,COVID-19
DE-SH,00+,2023-02-12,2023-02-11,-1 day ahead inc hosp,quantile,0.5,153,COVID-19
DE-SH,00+,2023-02-12,2023-02-11,-1 day ahead inc hosp,quantile,0.75,160,COVID-19
DE-SH,00+,2023-02-12,2023-02-11,-1 day ahead inc hosp,quantile,0.9,167,COVID-19
DE-SH,00+,2023-02-12,2023-02-11,-1 day ahead inc hosp,quantile,0.975,176,COVID-19
DE-SH,00+,2023-02-12,2023-02-12,0 day ahead inc hosp,mean,NA,156.436,COVID-19
DE-SH,00+,2023-02-12,2023-02-12,0 day ahead inc hosp,quantile,0.025,139,COVID-19
DE-SH,00+,2023-02-12,2023-02-12,0 day ahead inc hosp,quantile,0.1,144,COVID-19
DE-SH,00+,2023-02-12,2023-02-12,0 day ahead inc hosp,quantile,0.25,149,COVID-19
DE-SH,00+,2023-02-12,2023-02-12,0 day ahead inc hosp,quantile,0.5,156,COVID-19
DE-SH,00+,2023-02-12,2023-02-12,0 day ahead inc hosp,quantile,0.75,163,COVID-19
DE-SH,00+,2023-02-12,2023-02-12,0 day ahead inc hosp,quantile,0.9,171,COVID-19
DE-SH,00+,2023-02-12,2023-02-12,0 day ahead inc hosp,quantile,0.975,181,COVID-19
DE-SL,00+,2023-02-12,2023-01-15,-28 day ahead inc hosp,mean,NA,88.207,COVID-19
DE-SL,00+,2023-02-12,2023-01-15,-28 day ahead inc hosp,quantile,0.025,87,COVID-19
DE-SL,00+,2023-02-12,2023-01-15,-28 day ahead inc hosp,quantile,0.1,87,COVID-19
DE-SL,00+,2023-02-12,2023-01-15,-28 day ahead inc hosp,quantile,0.25,87,COVID-19
DE-SL,00+,2023-02-12,2023-01-15,-28 day ahead inc hosp,quantile,0.5,88,COVID-19
DE-SL,00+,2023-02-12,2023-01-15,-28 day ahead inc hosp,quantile,0.75,89,COVID-19
DE-SL,00+,2023-02-12,2023-01-15,-28 day ahead inc hosp,quantile,0.9,90,COVID-19
DE-SL,00+,2023-02-12,2023-01-15,-28 day ahead inc hosp,quantile,0.975,91,COVID-19
DE-SL,00+,2023-02-12,2023-01-16,-27 day ahead inc hosp,mean,NA,88.212,COVID-19
DE-SL,00+,2023-02-12,2023-01-16,-27 day ahead inc hosp,quantile,0.025,87,COVID-19
DE-SL,00+,2023-02-12,2023-01-16,-27 day ahead inc hosp,quantile,0.1,87,COVID-19
DE-SL,00+,2023-02-12,2023-01-16,-27 day ahead inc hosp,quantile,0.25,87,COVID-19
DE-SL,00+,2023-02-12,2023-01-16,-27 day ahead inc hosp,quantile,0.5,88,COVID-19
DE-SL,00+,2023-02-12,2023-01-16,-27 day ahead inc hosp,quantile,0.75,89,COVID-19
DE-SL,00+,2023-02-12,2023-01-16,-27 day ahead inc hosp,quantile,0.9,90,COVID-19
DE-SL,00+,2023-02-12,2023-01-16,-27 day ahead inc hosp,quantile,0.975,91,COVID-19
DE-SL,00+,2023-02-12,2023-01-17,-26 day ahead inc hosp,mean,NA,96.262,COVID-19
DE-SL,00+,2023-02-12,2023-01-17,-26 day ahead inc hosp,quantile,0.025,95,COVID-19
DE-SL,00+,2023-02-12,2023-01-17,-26 day ahead inc hosp,quantile,0.1,95,COVID-19
DE-SL,00+,2023-02-12,2023-01-17,-26 day ahead inc hosp,quantile,0.25,95,COVID-19
DE-SL,00+,2023-02-12,2023-01-17,-26 day ahead inc hosp,quantile,0.5,96,COVID-19
DE-SL,00+,2023-02-12,2023-01-17,-26 day ahead inc hosp,quantile,0.75,97,COVID-19
DE-SL,00+,2023-02-12,2023-01-17,-26 day ahead inc hosp,quantile,0.9,98,COVID-19
DE-SL,00+,2023-02-12,2023-01-17,-26 day ahead inc hosp,quantile,0.975,99,COVID-19
DE-SL,00+,2023-02-12,2023-01-18,-25 day ahead inc hosp,mean,NA,90.315,COVID-19
DE-SL,00+,2023-02-12,2023-01-18,-25 day ahead inc hosp,quantile,0.025,89,COVID-19
DE-SL,00+,2023-02-12,2023-01-18,-25 day ahead inc hosp,quantile,0.1,89,COVID-19
DE-SL,00+,2023-02-12,2023-01-18,-25 day ahead inc hosp,quantile,0.25,89,COVID-19
DE-SL,00+,2023-02-12,2023-01-18,-25 day ahead inc hosp,quantile,0.5,90,COVID-19
DE-SL,00+,2023-02-12,2023-01-18,-25 day ahead inc hosp,quantile,0.75,91,COVID-19
DE-SL,00+,2023-02-12,2023-01-18,-25 day ahead inc hosp,quantile,0.9,92,COVID-19
DE-SL,00+,2023-02-12,2023-01-18,-25 day ahead inc hosp,quantile,0.975,93,COVID-19
DE-SL,00+,2023-02-12,2023-01-19,-24 day ahead inc hosp,mean,NA,80.321,COVID-19
DE-SL,00+,2023-02-12,2023-01-19,-24 day ahead inc hosp,quantile,0.025,79,COVID-19
DE-SL,00+,2023-02-12,2023-01-19,-24 day ahead inc hosp,quantile,0.1,79,COVID-19
DE-SL,00+,2023-02-12,2023-01-19,-24 day ahead inc hosp,quantile,0.25,79,COVID-19
DE-SL,00+,2023-02-12,2023-01-19,-24 day ahead inc hosp,quantile,0.5,80,COVID-19
DE-SL,00+,2023-02-12,2023-01-19,-24 day ahead inc hosp,quantile,0.75,81,COVID-19
DE-SL,00+,2023-02-12,2023-01-19,-24 day ahead inc hosp,quantile,0.9,82,COVID-19
DE-SL,00+,2023-02-12,2023-01-19,-24 day ahead inc hosp,quantile,0.975,83,COVID-19
DE-SL,00+,2023-02-12,2023-01-20,-23 day ahead inc hosp,mean,NA,86.402,COVID-19
DE-SL,00+,2023-02-12,2023-01-20,-23 day ahead inc hosp,quantile,0.025,85,COVID-19
DE-SL,00+,2023-02-12,2023-01-20,-23 day ahead inc hosp,quantile,0.1,85,COVID-19
DE-SL,00+,2023-02-12,2023-01-20,-23 day ahead inc hosp,quantile,0.25,85,COVID-19
DE-SL,00+,2023-02-12,2023-01-20,-23 day ahead inc hosp,quantile,0.5,86,COVID-19
DE-SL,00+,2023-02-12,2023-01-20,-23 day ahead inc hosp,quantile,0.75,87,COVID-19
DE-SL,00+,2023-02-12,2023-01-20,-23 day ahead inc hosp,quantile,0.9,88,COVID-19
DE-SL,00+,2023-02-12,2023-01-20,-23 day ahead inc hosp,quantile,0.975,89,COVID-19
DE-SL,00+,2023-02-12,2023-01-21,-22 day ahead inc hosp,mean,NA,80.539,COVID-19
DE-SL,00+,2023-02-12,2023-01-21,-22 day ahead inc hosp,quantile,0.025,79,COVID-19
DE-SL,00+,2023-02-12,2023-01-21,-22 day ahead inc hosp,quantile,0.1,79,COVID-19
DE-SL,00+,2023-02-12,2023-01-21,-22 day ahead inc hosp,quantile,0.25,80,COVID-19
DE-SL,00+,2023-02-12,2023-01-21,-22 day ahead inc hosp,quantile,0.5,80,COVID-19
DE-SL,00+,2023-02-12,2023-01-21,-22 day ahead inc hosp,quantile,0.75,81,COVID-19
DE-SL,00+,2023-02-12,2023-01-21,-22 day ahead inc hosp,quantile,0.9,82,COVID-19
DE-SL,00+,2023-02-12,2023-01-21,-22 day ahead inc hosp,quantile,0.975,84,COVID-19
DE-SL,00+,2023-02-12,2023-01-22,-21 day ahead inc hosp,mean,NA,80.548,COVID-19
DE-SL,00+,2023-02-12,2023-01-22,-21 day ahead inc hosp,quantile,0.025,79,COVID-19
DE-SL,00+,2023-02-12,2023-01-22,-21 day ahead inc hosp,quantile,0.1,79,COVID-19
DE-SL,00+,2023-02-12,2023-01-22,-21 day ahead inc hosp,quantile,0.25,80,COVID-19
DE-SL,00+,2023-02-12,2023-01-22,-21 day ahead inc hosp,quantile,0.5,80,COVID-19
DE-SL,00+,2023-02-12,2023-01-22,-21 day ahead inc hosp,quantile,0.75,81,COVID-19
DE-SL,00+,2023-02-12,2023-01-22,-21 day ahead inc hosp,quantile,0.9,82,COVID-19
DE-SL,00+,2023-02-12,2023-01-22,-21 day ahead inc hosp,quantile,0.975,84,COVID-19
DE-SL,00+,2023-02-12,2023-01-23,-20 day ahead inc hosp,mean,NA,80.547,COVID-19
DE-SL,00+,2023-02-12,2023-01-23,-20 day ahead inc hosp,quantile,0.025,79,COVID-19
DE-SL,00+,2023-02-12,2023-01-23,-20 day ahead inc hosp,quantile,0.1,79,COVID-19
DE-SL,00+,2023-02-12,2023-01-23,-20 day ahead inc hosp,quantile,0.25,80,COVID-19
DE-SL,00+,2023-02-12,2023-01-23,-20 day ahead inc hosp,quantile,0.5,80,COVID-19
DE-SL,00+,2023-02-12,2023-01-23,-20 day ahead inc hosp,quantile,0.75,81,COVID-19
DE-SL,00+,2023-02-12,2023-01-23,-20 day ahead inc hosp,quantile,0.9,82,COVID-19
DE-SL,00+,2023-02-12,2023-01-23,-20 day ahead inc hosp,quantile,0.975,84,COVID-19
DE-SL,00+,2023-02-12,2023-01-24,-19 day ahead inc hosp,mean,NA,67.737,COVID-19
DE-SL,00+,2023-02-12,2023-01-24,-19 day ahead inc hosp,quantile,0.025,66,COVID-19
DE-SL,00+,2023-02-12,2023-01-24,-19 day ahead inc hosp,quantile,0.1,66,COVID-19
DE-SL,00+,2023-02-12,2023-01-24,-19 day ahead inc hosp,quantile,0.25,67,COVID-19
DE-SL,00+,2023-02-12,2023-01-24,-19 day ahead inc hosp,quantile,0.5,68,COVID-19
DE-SL,00+,2023-02-12,2023-01-24,-19 day ahead inc hosp,quantile,0.75,69,COVID-19
DE-SL,00+,2023-02-12,2023-01-24,-19 day ahead inc hosp,quantile,0.9,70,COVID-19
DE-SL,00+,2023-02-12,2023-01-24,-19 day ahead inc hosp,quantile,0.975,71,COVID-19
DE-SL,00+,2023-02-12,2023-01-25,-18 day ahead inc hosp,mean,NA,54.96,COVID-19
DE-SL,00+,2023-02-12,2023-01-25,-18 day ahead inc hosp,quantile,0.025,53,COVID-19
DE-SL,00+,2023-02-12,2023-01-25,-18 day ahead inc hosp,quantile,0.1,53,COVID-19
DE-SL,00+,2023-02-12,2023-01-25,-18 day ahead inc hosp,quantile,0.25,54,COVID-19
DE-SL,00+,2023-02-12,2023-01-25,-18 day ahead inc hosp,quantile,0.5,55,COVID-19
DE-SL,00+,2023-02-12,2023-01-25,-18 day ahead inc hosp,quantile,0.75,56,COVID-19
DE-SL,00+,2023-02-12,2023-01-25,-18 day ahead inc hosp,quantile,0.9,57,COVID-19
DE-SL,00+,2023-02-12,2023-01-25,-18 day ahead inc hosp,quantile,0.975,58,COVID-19
DE-SL,00+,2023-02-12,2023-01-26,-17 day ahead inc hosp,mean,NA,55.158,COVID-19
DE-SL,00+,2023-02-12,2023-01-26,-17 day ahead inc hosp,quantile,0.025,53,COVID-19
DE-SL,00+,2023-02-12,2023-01-26,-17 day ahead inc hosp,quantile,0.1,53,COVID-19
DE-SL,00+,2023-02-12,2023-01-26,-17 day ahead inc hosp,quantile,0.25,54,COVID-19
DE-SL,00+,2023-02-12,2023-01-26,-17 day ahead inc hosp,quantile,0.5,55,COVID-19
DE-SL,00+,2023-02-12,2023-01-26,-17 day ahead inc hosp,quantile,0.75,56,COVID-19
DE-SL,00+,2023-02-12,2023-01-26,-17 day ahead inc hosp,quantile,0.9,57,COVID-19
DE-SL,00+,2023-02-12,2023-01-26,-17 day ahead inc hosp,quantile,0.975,58,COVID-19
DE-SL,00+,2023-02-12,2023-01-27,-16 day ahead inc hosp,mean,NA,48.454,COVID-19
DE-SL,00+,2023-02-12,2023-01-27,-16 day ahead inc hosp,quantile,0.025,46,COVID-19
DE-SL,00+,2023-02-12,2023-01-27,-16 day ahead inc hosp,quantile,0.1,47,COVID-19
DE-SL,00+,2023-02-12,2023-01-27,-16 day ahead inc hosp,quantile,0.25,47,COVID-19
DE-SL,00+,2023-02-12,2023-01-27,-16 day ahead inc hosp,quantile,0.5,48,COVID-19
DE-SL,00+,2023-02-12,2023-01-27,-16 day ahead inc hosp,quantile,0.75,49,COVID-19
DE-SL,00+,2023-02-12,2023-01-27,-16 day ahead inc hosp,quantile,0.9,50,COVID-19
DE-SL,00+,2023-02-12,2023-01-27,-16 day ahead inc hosp,quantile,0.975,52,COVID-19
DE-SL,00+,2023-02-12,2023-01-28,-15 day ahead inc hosp,mean,NA,45.791,COVID-19
DE-SL,00+,2023-02-12,2023-01-28,-15 day ahead inc hosp,quantile,0.025,43,COVID-19
DE-SL,00+,2023-02-12,2023-01-28,-15 day ahead inc hosp,quantile,0.1,44,COVID-19
DE-SL,00+,2023-02-12,2023-01-28,-15 day ahead inc hosp,quantile,0.25,45,COVID-19
DE-SL,00+,2023-02-12,2023-01-28,-15 day ahead inc hosp,quantile,0.5,46,COVID-19
DE-SL,00+,2023-02-12,2023-01-28,-15 day ahead inc hosp,quantile,0.75,47,COVID-19
DE-SL,00+,2023-02-12,2023-01-28,-15 day ahead inc hosp,quantile,0.9,48,COVID-19
DE-SL,00+,2023-02-12,2023-01-28,-15 day ahead inc hosp,quantile,0.975,49,COVID-19
DE-SL,00+,2023-02-12,2023-01-29,-14 day ahead inc hosp,mean,NA,45.801,COVID-19
DE-SL,00+,2023-02-12,2023-01-29,-14 day ahead inc hosp,quantile,0.025,43,COVID-19
DE-SL,00+,2023-02-12,2023-01-29,-14 day ahead inc hosp,quantile,0.1,44,COVID-19
DE-SL,00+,2023-02-12,2023-01-29,-14 day ahead inc hosp,quantile,0.25,45,COVID-19
DE-SL,00+,2023-02-12,2023-01-29,-14 day ahead inc hosp,quantile,0.5,46,COVID-19
DE-SL,00+,2023-02-12,2023-01-29,-14 day ahead inc hosp,quantile,0.75,47,COVID-19
DE-SL,00+,2023-02-12,2023-01-29,-14 day ahead inc hosp,quantile,0.9,48,COVID-19
DE-SL,00+,2023-02-12,2023-01-29,-14 day ahead inc hosp,quantile,0.975,49,COVID-19
DE-SL,00+,2023-02-12,2023-01-30,-13 day ahead inc hosp,mean,NA,45.813,COVID-19
DE-SL,00+,2023-02-12,2023-01-30,-13 day ahead inc hosp,quantile,0.025,43,COVID-19
DE-SL,00+,2023-02-12,2023-01-30,-13 day ahead inc hosp,quantile,0.1,44,COVID-19
DE-SL,00+,2023-02-12,2023-01-30,-13 day ahead inc hosp,quantile,0.25,45,COVID-19
DE-SL,00+,2023-02-12,2023-01-30,-13 day ahead inc hosp,quantile,0.5,46,COVID-19
DE-SL,00+,2023-02-12,2023-01-30,-13 day ahead inc hosp,quantile,0.75,47,COVID-19
DE-SL,00+,2023-02-12,2023-01-30,-13 day ahead inc hosp,quantile,0.9,48,COVID-19
DE-SL,00+,2023-02-12,2023-01-30,-13 day ahead inc hosp,quantile,0.975,49,COVID-19
DE-SL,00+,2023-02-12,2023-01-31,-12 day ahead inc hosp,mean,NA,63.625,COVID-19
DE-SL,00+,2023-02-12,2023-01-31,-12 day ahead inc hosp,quantile,0.025,61,COVID-19
DE-SL,00+,2023-02-12,2023-01-31,-12 day ahead inc hosp,quantile,0.1,61,COVID-19
DE-SL,00+,2023-02-12,2023-01-31,-12 day ahead inc hosp,quantile,0.25,62,COVID-19
DE-SL,00+,2023-02-12,2023-01-31,-12 day ahead inc hosp,quantile,0.5,63,COVID-19
DE-SL,00+,2023-02-12,2023-01-31,-12 day ahead inc hosp,quantile,0.75,65,COVID-19
DE-SL,00+,2023-02-12,2023-01-31,-12 day ahead inc hosp,quantile,0.9,66,COVID-19
DE-SL,00+,2023-02-12,2023-01-31,-12 day ahead inc hosp,quantile,0.975,67,COVID-19
DE-SL,00+,2023-02-12,2023-02-01,-11 day ahead inc hosp,mean,NA,82.125,COVID-19
DE-SL,00+,2023-02-12,2023-02-01,-11 day ahead inc hosp,quantile,0.025,79,COVID-19
DE-SL,00+,2023-02-12,2023-02-01,-11 day ahead inc hosp,quantile,0.1,80,COVID-19
DE-SL,00+,2023-02-12,2023-02-01,-11 day ahead inc hosp,quantile,0.25,81,COVID-19
DE-SL,00+,2023-02-12,2023-02-01,-11 day ahead inc hosp,quantile,0.5,82,COVID-19
DE-SL,00+,2023-02-12,2023-02-01,-11 day ahead inc hosp,quantile,0.75,83,COVID-19
DE-SL,00+,2023-02-12,2023-02-01,-11 day ahead inc hosp,quantile,0.9,85,COVID-19
DE-SL,00+,2023-02-12,2023-02-01,-11 day ahead inc hosp,quantile,0.975,86,COVID-19
DE-SL,00+,2023-02-12,2023-02-02,-10 day ahead inc hosp,mean,NA,81.844,COVID-19
DE-SL,00+,2023-02-12,2023-02-02,-10 day ahead inc hosp,quantile,0.025,78,COVID-19
DE-SL,00+,2023-02-12,2023-02-02,-10 day ahead inc hosp,quantile,0.1,79,COVID-19
DE-SL,00+,2023-02-12,2023-02-02,-10 day ahead inc hosp,quantile,0.25,80,COVID-19
DE-SL,00+,2023-02-12,2023-02-02,-10 day ahead inc hosp,quantile,0.5,82,COVID-19
DE-SL,00+,2023-02-12,2023-02-02,-10 day ahead inc hosp,quantile,0.75,83,COVID-19
DE-SL,00+,2023-02-12,2023-02-02,-10 day ahead inc hosp,quantile,0.9,85,COVID-19
DE-SL,00+,2023-02-12,2023-02-02,-10 day ahead inc hosp,quantile,0.975,87,COVID-19
DE-SL,00+,2023-02-12,2023-02-03,-9 day ahead inc hosp,mean,NA,77.707,COVID-19
DE-SL,00+,2023-02-12,2023-02-03,-9 day ahead inc hosp,quantile,0.025,74,COVID-19
DE-SL,00+,2023-02-12,2023-02-03,-9 day ahead inc hosp,quantile,0.1,75,COVID-19
DE-SL,00+,2023-02-12,2023-02-03,-9 day ahead inc hosp,quantile,0.25,76,COVID-19
DE-SL,00+,2023-02-12,2023-02-03,-9 day ahead inc hosp,quantile,0.5,77,COVID-19
DE-SL,00+,2023-02-12,2023-02-03,-9 day ahead inc hosp,quantile,0.75,79,COVID-19
DE-SL,00+,2023-02-12,2023-02-03,-9 day ahead inc hosp,quantile,0.9,81,COVID-19
DE-SL,00+,2023-02-12,2023-02-03,-9 day ahead inc hosp,quantile,0.975,83,COVID-19
DE-SL,00+,2023-02-12,2023-02-04,-8 day ahead inc hosp,mean,NA,87.669,COVID-19
DE-SL,00+,2023-02-12,2023-02-04,-8 day ahead inc hosp,quantile,0.025,83,COVID-19
DE-SL,00+,2023-02-12,2023-02-04,-8 day ahead inc hosp,quantile,0.1,84,COVID-19
DE-SL,00+,2023-02-12,2023-02-04,-8 day ahead inc hosp,quantile,0.25,86,COVID-19
DE-SL,00+,2023-02-12,2023-02-04,-8 day ahead inc hosp,quantile,0.5,87,COVID-19
DE-SL,00+,2023-02-12,2023-02-04,-8 day ahead inc hosp,quantile,0.75,89,COVID-19
DE-SL,00+,2023-02-12,2023-02-04,-8 day ahead inc hosp,quantile,0.9,91,COVID-19
DE-SL,00+,2023-02-12,2023-02-04,-8 day ahead inc hosp,quantile,0.975,93,COVID-19
DE-SL,00+,2023-02-12,2023-02-05,-7 day ahead inc hosp,mean,NA,87.706,COVID-19
DE-SL,00+,2023-02-12,2023-02-05,-7 day ahead inc hosp,quantile,0.025,83,COVID-19
DE-SL,00+,2023-02-12,2023-02-05,-7 day ahead inc hosp,quantile,0.1,84,COVID-19
DE-SL,00+,2023-02-12,2023-02-05,-7 day ahead inc hosp,quantile,0.25,86,COVID-19
DE-SL,00+,2023-02-12,2023-02-05,-7 day ahead inc hosp,quantile,0.5,88,COVID-19
DE-SL,00+,2023-02-12,2023-02-05,-7 day ahead inc hosp,quantile,0.75,89,COVID-19
DE-SL,00+,2023-02-12,2023-02-05,-7 day ahead inc hosp,quantile,0.9,91,COVID-19
DE-SL,00+,2023-02-12,2023-02-05,-7 day ahead inc hosp,quantile,0.975,93,COVID-19
DE-SL,00+,2023-02-12,2023-02-06,-6 day ahead inc hosp,mean,NA,87.756,COVID-19
DE-SL,00+,2023-02-12,2023-02-06,-6 day ahead inc hosp,quantile,0.025,83,COVID-19
DE-SL,00+,2023-02-12,2023-02-06,-6 day ahead inc hosp,quantile,0.1,84,COVID-19
DE-SL,00+,2023-02-12,2023-02-06,-6 day ahead inc hosp,quantile,0.25,86,COVID-19
DE-SL,00+,2023-02-12,2023-02-06,-6 day ahead inc hosp,quantile,0.5,88,COVID-19
DE-SL,00+,2023-02-12,2023-02-06,-6 day ahead inc hosp,quantile,0.75,89,COVID-19
DE-SL,00+,2023-02-12,2023-02-06,-6 day ahead inc hosp,quantile,0.9,91,COVID-19
DE-SL,00+,2023-02-12,2023-02-06,-6 day ahead inc hosp,quantile,0.975,93,COVID-19
DE-SL,00+,2023-02-12,2023-02-07,-5 day ahead inc hosp,mean,NA,105.78,COVID-19
DE-SL,00+,2023-02-12,2023-02-07,-5 day ahead inc hosp,quantile,0.025,100,COVID-19
DE-SL,00+,2023-02-12,2023-02-07,-5 day ahead inc hosp,quantile,0.1,102,COVID-19
DE-SL,00+,2023-02-12,2023-02-07,-5 day ahead inc hosp,quantile,0.25,104,COVID-19
DE-SL,00+,2023-02-12,2023-02-07,-5 day ahead inc hosp,quantile,0.5,106,COVID-19
DE-SL,00+,2023-02-12,2023-02-07,-5 day ahead inc hosp,quantile,0.75,108,COVID-19
DE-SL,00+,2023-02-12,2023-02-07,-5 day ahead inc hosp,quantile,0.9,110,COVID-19
DE-SL,00+,2023-02-12,2023-02-07,-5 day ahead inc hosp,quantile,0.975,113,COVID-19
DE-SL,00+,2023-02-12,2023-02-08,-4 day ahead inc hosp,mean,NA,98.453,COVID-19
DE-SL,00+,2023-02-12,2023-02-08,-4 day ahead inc hosp,quantile,0.025,92,COVID-19
DE-SL,00+,2023-02-12,2023-02-08,-4 day ahead inc hosp,quantile,0.1,94,COVID-19
DE-SL,00+,2023-02-12,2023-02-08,-4 day ahead inc hosp,quantile,0.25,96,COVID-19
DE-SL,00+,2023-02-12,2023-02-08,-4 day ahead inc hosp,quantile,0.5,98,COVID-19
DE-SL,00+,2023-02-12,2023-02-08,-4 day ahead inc hosp,quantile,0.75,101,COVID-19
DE-SL,00+,2023-02-12,2023-02-08,-4 day ahead inc hosp,quantile,0.9,103,COVID-19
DE-SL,00+,2023-02-12,2023-02-08,-4 day ahead inc hosp,quantile,0.975,106,COVID-19
DE-SL,00+,2023-02-12,2023-02-09,-3 day ahead inc hosp,mean,NA,110.524,COVID-19
DE-SL,00+,2023-02-12,2023-02-09,-3 day ahead inc hosp,quantile,0.025,103,COVID-19
DE-SL,00+,2023-02-12,2023-02-09,-3 day ahead inc hosp,quantile,0.1,106,COVID-19
DE-SL,00+,2023-02-12,2023-02-09,-3 day ahead inc hosp,quantile,0.25,108,COVID-19
DE-SL,00+,2023-02-12,2023-02-09,-3 day ahead inc hosp,quantile,0.5,110,COVID-19
DE-SL,00+,2023-02-12,2023-02-09,-3 day ahead inc hosp,quantile,0.75,113,COVID-19
DE-SL,00+,2023-02-12,2023-02-09,-3 day ahead inc hosp,quantile,0.9,116,COVID-19
DE-SL,00+,2023-02-12,2023-02-09,-3 day ahead inc hosp,quantile,0.975,119,COVID-19
DE-SL,00+,2023-02-12,2023-02-10,-2 day ahead inc hosp,mean,NA,124.661,COVID-19
DE-SL,00+,2023-02-12,2023-02-10,-2 day ahead inc hosp,quantile,0.025,116,COVID-19
DE-SL,00+,2023-02-12,2023-02-10,-2 day ahead inc hosp,quantile,0.1,119,COVID-19
DE-SL,00+,2023-02-12,2023-02-10,-2 day ahead inc hosp,quantile,0.25,121,COVID-19
DE-SL,00+,2023-02-12,2023-02-10,-2 day ahead inc hosp,quantile,0.5,124,COVID-19
DE-SL,00+,2023-02-12,2023-02-10,-2 day ahead inc hosp,quantile,0.75,128,COVID-19
DE-SL,00+,2023-02-12,2023-02-10,-2 day ahead inc hosp,quantile,0.9,131,COVID-19
DE-SL,00+,2023-02-12,2023-02-10,-2 day ahead inc hosp,quantile,0.975,135,COVID-19
DE-SL,00+,2023-02-12,2023-02-11,-1 day ahead inc hosp,mean,NA,122.785,COVID-19
DE-SL,00+,2023-02-12,2023-02-11,-1 day ahead inc hosp,quantile,0.025,113,COVID-19
DE-SL,00+,2023-02-12,2023-02-11,-1 day ahead inc hosp,quantile,0.1,116,COVID-19
DE-SL,00+,2023-02-12,2023-02-11,-1 day ahead inc hosp,quantile,0.25,119,COVID-19
DE-SL,00+,2023-02-12,2023-02-11,-1 day ahead inc hosp,quantile,0.5,122,COVID-19
DE-SL,00+,2023-02-12,2023-02-11,-1 day ahead inc hosp,quantile,0.75,126,COVID-19
DE-SL,00+,2023-02-12,2023-02-11,-1 day ahead inc hosp,quantile,0.9,131,COVID-19
DE-SL,00+,2023-02-12,2023-02-11,-1 day ahead inc hosp,quantile,0.975,135,COVID-19
DE-SL,00+,2023-02-12,2023-02-12,0 day ahead inc hosp,mean,NA,123.017,COVID-19
DE-SL,00+,2023-02-12,2023-02-12,0 day ahead inc hosp,quantile,0.025,113,COVID-19
DE-SL,00+,2023-02-12,2023-02-12,0 day ahead inc hosp,quantile,0.1,116,COVID-19
DE-SL,00+,2023-02-12,2023-02-12,0 day ahead inc hosp,quantile,0.25,119,COVID-19
DE-SL,00+,2023-02-12,2023-02-12,0 day ahead inc hosp,quantile,0.5,122,COVID-19
DE-SL,00+,2023-02-12,2023-02-12,0 day ahead inc hosp,quantile,0.75,127,COVID-19
DE-SL,00+,2023-02-12,2023-02-12,0 day ahead inc hosp,quantile,0.9,131,COVID-19
DE-SL,00+,2023-02-12,2023-02-12,0 day ahead inc hosp,quantile,0.975,136,COVID-19
DE-SN,00+,2023-02-12,2023-01-15,-28 day ahead inc hosp,mean,NA,249.186,COVID-19
DE-SN,00+,2023-02-12,2023-01-15,-28 day ahead inc hosp,quantile,0.025,245,COVID-19
DE-SN,00+,2023-02-12,2023-01-15,-28 day ahead inc hosp,quantile,0.1,246,COVID-19
DE-SN,00+,2023-02-12,2023-01-15,-28 day ahead inc hosp,quantile,0.25,247,COVID-19
DE-SN,00+,2023-02-12,2023-01-15,-28 day ahead inc hosp,quantile,0.5,249,COVID-19
DE-SN,00+,2023-02-12,2023-01-15,-28 day ahead inc hosp,quantile,0.75,251,COVID-19
DE-SN,00+,2023-02-12,2023-01-15,-28 day ahead inc hosp,quantile,0.9,253,COVID-19
DE-SN,00+,2023-02-12,2023-01-15,-28 day ahead inc hosp,quantile,0.975,254,COVID-19
DE-SN,00+,2023-02-12,2023-01-16,-27 day ahead inc hosp,mean,NA,249.147,COVID-19
DE-SN,00+,2023-02-12,2023-01-16,-27 day ahead inc hosp,quantile,0.025,245,COVID-19
DE-SN,00+,2023-02-12,2023-01-16,-27 day ahead inc hosp,quantile,0.1,246,COVID-19
DE-SN,00+,2023-02-12,2023-01-16,-27 day ahead inc hosp,quantile,0.25,247,COVID-19
DE-SN,00+,2023-02-12,2023-01-16,-27 day ahead inc hosp,quantile,0.5,249,COVID-19
DE-SN,00+,2023-02-12,2023-01-16,-27 day ahead inc hosp,quantile,0.75,251,COVID-19
DE-SN,00+,2023-02-12,2023-01-16,-27 day ahead inc hosp,quantile,0.9,252,COVID-19
DE-SN,00+,2023-02-12,2023-01-16,-27 day ahead inc hosp,quantile,0.975,254,COVID-19
DE-SN,00+,2023-02-12,2023-01-17,-26 day ahead inc hosp,mean,NA,216.967,COVID-19
DE-SN,00+,2023-02-12,2023-01-17,-26 day ahead inc hosp,quantile,0.025,213,COVID-19
DE-SN,00+,2023-02-12,2023-01-17,-26 day ahead inc hosp,quantile,0.1,214,COVID-19
DE-SN,00+,2023-02-12,2023-01-17,-26 day ahead inc hosp,quantile,0.25,215,COVID-19
DE-SN,00+,2023-02-12,2023-01-17,-26 day ahead inc hosp,quantile,0.5,217,COVID-19
DE-SN,00+,2023-02-12,2023-01-17,-26 day ahead inc hosp,quantile,0.75,218,COVID-19
DE-SN,00+,2023-02-12,2023-01-17,-26 day ahead inc hosp,quantile,0.9,220,COVID-19
DE-SN,00+,2023-02-12,2023-01-17,-26 day ahead inc hosp,quantile,0.975,223,COVID-19
DE-SN,00+,2023-02-12,2023-01-18,-25 day ahead inc hosp,mean,NA,211.712,COVID-19
DE-SN,00+,2023-02-12,2023-01-18,-25 day ahead inc hosp,quantile,0.025,207,COVID-19
DE-SN,00+,2023-02-12,2023-01-18,-25 day ahead inc hosp,quantile,0.1,209,COVID-19
DE-SN,00+,2023-02-12,2023-01-18,-25 day ahead inc hosp,quantile,0.25,210,COVID-19
DE-SN,00+,2023-02-12,2023-01-18,-25 day ahead inc hosp,quantile,0.5,212,COVID-19
DE-SN,00+,2023-02-12,2023-01-18,-25 day ahead inc hosp,quantile,0.75,213,COVID-19
DE-SN,00+,2023-02-12,2023-01-18,-25 day ahead inc hosp,quantile,0.9,215,COVID-19
DE-SN,00+,2023-02-12,2023-01-18,-25 day ahead inc hosp,quantile,0.975,217,COVID-19
DE-SN,00+,2023-02-12,2023-01-19,-24 day ahead inc hosp,mean,NA,214.683,COVID-19
DE-SN,00+,2023-02-12,2023-01-19,-24 day ahead inc hosp,quantile,0.025,210,COVID-19
DE-SN,00+,2023-02-12,2023-01-19,-24 day ahead inc hosp,quantile,0.1,212,COVID-19
DE-SN,00+,2023-02-12,2023-01-19,-24 day ahead inc hosp,quantile,0.25,213,COVID-19
DE-SN,00+,2023-02-12,2023-01-19,-24 day ahead inc hosp,quantile,0.5,215,COVID-19
DE-SN,00+,2023-02-12,2023-01-19,-24 day ahead inc hosp,quantile,0.75,216,COVID-19
DE-SN,00+,2023-02-12,2023-01-19,-24 day ahead inc hosp,quantile,0.9,218,COVID-19
DE-SN,00+,2023-02-12,2023-01-19,-24 day ahead inc hosp,quantile,0.975,220,COVID-19
DE-SN,00+,2023-02-12,2023-01-20,-23 day ahead inc hosp,mean,NA,208.595,COVID-19
DE-SN,00+,2023-02-12,2023-01-20,-23 day ahead inc hosp,quantile,0.025,204,COVID-19
DE-SN,00+,2023-02-12,2023-01-20,-23 day ahead inc hosp,quantile,0.1,206,COVID-19
DE-SN,00+,2023-02-12,2023-01-20,-23 day ahead inc hosp,quantile,0.25,207,COVID-19
DE-SN,00+,2023-02-12,2023-01-20,-23 day ahead inc hosp,quantile,0.5,208,COVID-19
DE-SN,00+,2023-02-12,2023-01-20,-23 day ahead inc hosp,quantile,0.75,210,COVID-19
DE-SN,00+,2023-02-12,2023-01-20,-23 day ahead inc hosp,quantile,0.9,212,COVID-19
DE-SN,00+,2023-02-12,2023-01-20,-23 day ahead inc hosp,quantile,0.975,214,COVID-19
DE-SN,00+,2023-02-12,2023-01-21,-22 day ahead inc hosp,mean,NA,201.667,COVID-19
DE-SN,00+,2023-02-12,2023-01-21,-22 day ahead inc hosp,quantile,0.025,197,COVID-19
DE-SN,00+,2023-02-12,2023-01-21,-22 day ahead inc hosp,quantile,0.1,199,COVID-19
DE-SN,00+,2023-02-12,2023-01-21,-22 day ahead inc hosp,quantile,0.25,200,COVID-19
DE-SN,00+,2023-02-12,2023-01-21,-22 day ahead inc hosp,quantile,0.5,202,COVID-19
DE-SN,00+,2023-02-12,2023-01-21,-22 day ahead inc hosp,quantile,0.75,203,COVID-19
DE-SN,00+,2023-02-12,2023-01-21,-22 day ahead inc hosp,quantile,0.9,205,COVID-19
DE-SN,00+,2023-02-12,2023-01-21,-22 day ahead inc hosp,quantile,0.975,207,COVID-19
DE-SN,00+,2023-02-12,2023-01-22,-21 day ahead inc hosp,mean,NA,204.703,COVID-19
DE-SN,00+,2023-02-12,2023-01-22,-21 day ahead inc hosp,quantile,0.025,201,COVID-19
DE-SN,00+,2023-02-12,2023-01-22,-21 day ahead inc hosp,quantile,0.1,202,COVID-19
DE-SN,00+,2023-02-12,2023-01-22,-21 day ahead inc hosp,quantile,0.25,203,COVID-19
DE-SN,00+,2023-02-12,2023-01-22,-21 day ahead inc hosp,quantile,0.5,204,COVID-19
DE-SN,00+,2023-02-12,2023-01-22,-21 day ahead inc hosp,quantile,0.75,206,COVID-19
DE-SN,00+,2023-02-12,2023-01-22,-21 day ahead inc hosp,quantile,0.9,208,COVID-19
DE-SN,00+,2023-02-12,2023-01-22,-21 day ahead inc hosp,quantile,0.975,210,COVID-19
DE-SN,00+,2023-02-12,2023-01-23,-20 day ahead inc hosp,mean,NA,195.738,COVID-19
DE-SN,00+,2023-02-12,2023-01-23,-20 day ahead inc hosp,quantile,0.025,192,COVID-19
DE-SN,00+,2023-02-12,2023-01-23,-20 day ahead inc hosp,quantile,0.1,193,COVID-19
DE-SN,00+,2023-02-12,2023-01-23,-20 day ahead inc hosp,quantile,0.25,194,COVID-19
DE-SN,00+,2023-02-12,2023-01-23,-20 day ahead inc hosp,quantile,0.5,196,COVID-19
DE-SN,00+,2023-02-12,2023-01-23,-20 day ahead inc hosp,quantile,0.75,197,COVID-19
DE-SN,00+,2023-02-12,2023-01-23,-20 day ahead inc hosp,quantile,0.9,199,COVID-19
DE-SN,00+,2023-02-12,2023-01-23,-20 day ahead inc hosp,quantile,0.975,201,COVID-19
DE-SN,00+,2023-02-12,2023-01-24,-19 day ahead inc hosp,mean,NA,175.953,COVID-19
DE-SN,00+,2023-02-12,2023-01-24,-19 day ahead inc hosp,quantile,0.025,172,COVID-19
DE-SN,00+,2023-02-12,2023-01-24,-19 day ahead inc hosp,quantile,0.1,173,COVID-19
DE-SN,00+,2023-02-12,2023-01-24,-19 day ahead inc hosp,quantile,0.25,174,COVID-19
DE-SN,00+,2023-02-12,2023-01-24,-19 day ahead inc hosp,quantile,0.5,176,COVID-19
DE-SN,00+,2023-02-12,2023-01-24,-19 day ahead inc hosp,quantile,0.75,177,COVID-19
DE-SN,00+,2023-02-12,2023-01-24,-19 day ahead inc hosp,quantile,0.9,179,COVID-19
DE-SN,00+,2023-02-12,2023-01-24,-19 day ahead inc hosp,quantile,0.975,181,COVID-19
DE-SN,00+,2023-02-12,2023-01-25,-18 day ahead inc hosp,mean,NA,165.264,COVID-19
DE-SN,00+,2023-02-12,2023-01-25,-18 day ahead inc hosp,quantile,0.025,161,COVID-19
DE-SN,00+,2023-02-12,2023-01-25,-18 day ahead inc hosp,quantile,0.1,162,COVID-19
DE-SN,00+,2023-02-12,2023-01-25,-18 day ahead inc hosp,quantile,0.25,163,COVID-19
DE-SN,00+,2023-02-12,2023-01-25,-18 day ahead inc hosp,quantile,0.5,165,COVID-19
DE-SN,00+,2023-02-12,2023-01-25,-18 day ahead inc hosp,quantile,0.75,167,COVID-19
DE-SN,00+,2023-02-12,2023-01-25,-18 day ahead inc hosp,quantile,0.9,169,COVID-19
DE-SN,00+,2023-02-12,2023-01-25,-18 day ahead inc hosp,quantile,0.975,171,COVID-19
DE-SN,00+,2023-02-12,2023-01-26,-17 day ahead inc hosp,mean,NA,175.489,COVID-19
DE-SN,00+,2023-02-12,2023-01-26,-17 day ahead inc hosp,quantile,0.025,171,COVID-19
DE-SN,00+,2023-02-12,2023-01-26,-17 day ahead inc hosp,quantile,0.1,172,COVID-19
DE-SN,00+,2023-02-12,2023-01-26,-17 day ahead inc hosp,quantile,0.25,174,COVID-19
DE-SN,00+,2023-02-12,2023-01-26,-17 day ahead inc hosp,quantile,0.5,175,COVID-19
DE-SN,00+,2023-02-12,2023-01-26,-17 day ahead inc hosp,quantile,0.75,177,COVID-19
DE-SN,00+,2023-02-12,2023-01-26,-17 day ahead inc hosp,quantile,0.9,179,COVID-19
DE-SN,00+,2023-02-12,2023-01-26,-17 day ahead inc hosp,quantile,0.975,181,COVID-19
DE-SN,00+,2023-02-12,2023-01-27,-16 day ahead inc hosp,mean,NA,173.067,COVID-19
DE-SN,00+,2023-02-12,2023-01-27,-16 day ahead inc hosp,quantile,0.025,168,COVID-19
DE-SN,00+,2023-02-12,2023-01-27,-16 day ahead inc hosp,quantile,0.1,170,COVID-19
DE-SN,00+,2023-02-12,2023-01-27,-16 day ahead inc hosp,quantile,0.25,171,COVID-19
DE-SN,00+,2023-02-12,2023-01-27,-16 day ahead inc hosp,quantile,0.5,173,COVID-19
DE-SN,00+,2023-02-12,2023-01-27,-16 day ahead inc hosp,quantile,0.75,175,COVID-19
DE-SN,00+,2023-02-12,2023-01-27,-16 day ahead inc hosp,quantile,0.9,176,COVID-19
DE-SN,00+,2023-02-12,2023-01-27,-16 day ahead inc hosp,quantile,0.975,179,COVID-19
DE-SN,00+,2023-02-12,2023-01-28,-15 day ahead inc hosp,mean,NA,187.636,COVID-19
DE-SN,00+,2023-02-12,2023-01-28,-15 day ahead inc hosp,quantile,0.025,183,COVID-19
DE-SN,00+,2023-02-12,2023-01-28,-15 day ahead inc hosp,quantile,0.1,184,COVID-19
DE-SN,00+,2023-02-12,2023-01-28,-15 day ahead inc hosp,quantile,0.25,186,COVID-19
DE-SN,00+,2023-02-12,2023-01-28,-15 day ahead inc hosp,quantile,0.5,188,COVID-19
DE-SN,00+,2023-02-12,2023-01-28,-15 day ahead inc hosp,quantile,0.75,189,COVID-19
DE-SN,00+,2023-02-12,2023-01-28,-15 day ahead inc hosp,quantile,0.9,191,COVID-19
DE-SN,00+,2023-02-12,2023-01-28,-15 day ahead inc hosp,quantile,0.975,194,COVID-19
DE-SN,00+,2023-02-12,2023-01-29,-14 day ahead inc hosp,mean,NA,183.814,COVID-19
DE-SN,00+,2023-02-12,2023-01-29,-14 day ahead inc hosp,quantile,0.025,179,COVID-19
DE-SN,00+,2023-02-12,2023-01-29,-14 day ahead inc hosp,quantile,0.1,180,COVID-19
DE-SN,00+,2023-02-12,2023-01-29,-14 day ahead inc hosp,quantile,0.25,182,COVID-19
DE-SN,00+,2023-02-12,2023-01-29,-14 day ahead inc hosp,quantile,0.5,184,COVID-19
DE-SN,00+,2023-02-12,2023-01-29,-14 day ahead inc hosp,quantile,0.75,186,COVID-19
DE-SN,00+,2023-02-12,2023-01-29,-14 day ahead inc hosp,quantile,0.9,188,COVID-19
DE-SN,00+,2023-02-12,2023-01-29,-14 day ahead inc hosp,quantile,0.975,190,COVID-19
DE-SN,00+,2023-02-12,2023-01-30,-13 day ahead inc hosp,mean,NA,182.962,COVID-19
DE-SN,00+,2023-02-12,2023-01-30,-13 day ahead inc hosp,quantile,0.025,178,COVID-19
DE-SN,00+,2023-02-12,2023-01-30,-13 day ahead inc hosp,quantile,0.1,179,COVID-19
DE-SN,00+,2023-02-12,2023-01-30,-13 day ahead inc hosp,quantile,0.25,181,COVID-19
DE-SN,00+,2023-02-12,2023-01-30,-13 day ahead inc hosp,quantile,0.5,183,COVID-19
DE-SN,00+,2023-02-12,2023-01-30,-13 day ahead inc hosp,quantile,0.75,185,COVID-19
DE-SN,00+,2023-02-12,2023-01-30,-13 day ahead inc hosp,quantile,0.9,187,COVID-19
DE-SN,00+,2023-02-12,2023-01-30,-13 day ahead inc hosp,quantile,0.975,189,COVID-19
DE-SN,00+,2023-02-12,2023-01-31,-12 day ahead inc hosp,mean,NA,206.107,COVID-19
DE-SN,00+,2023-02-12,2023-01-31,-12 day ahead inc hosp,quantile,0.025,201,COVID-19
DE-SN,00+,2023-02-12,2023-01-31,-12 day ahead inc hosp,quantile,0.1,202,COVID-19
DE-SN,00+,2023-02-12,2023-01-31,-12 day ahead inc hosp,quantile,0.25,204,COVID-19
DE-SN,00+,2023-02-12,2023-01-31,-12 day ahead inc hosp,quantile,0.5,206,COVID-19
DE-SN,00+,2023-02-12,2023-01-31,-12 day ahead inc hosp,quantile,0.75,208,COVID-19
DE-SN,00+,2023-02-12,2023-01-31,-12 day ahead inc hosp,quantile,0.9,210,COVID-19
DE-SN,00+,2023-02-12,2023-01-31,-12 day ahead inc hosp,quantile,0.975,213,COVID-19
DE-SN,00+,2023-02-12,2023-02-01,-11 day ahead inc hosp,mean,NA,212.384,COVID-19
DE-SN,00+,2023-02-12,2023-02-01,-11 day ahead inc hosp,quantile,0.025,206,COVID-19
DE-SN,00+,2023-02-12,2023-02-01,-11 day ahead inc hosp,quantile,0.1,208,COVID-19
DE-SN,00+,2023-02-12,2023-02-01,-11 day ahead inc hosp,quantile,0.25,210,COVID-19
DE-SN,00+,2023-02-12,2023-02-01,-11 day ahead inc hosp,quantile,0.5,212,COVID-19
DE-SN,00+,2023-02-12,2023-02-01,-11 day ahead inc hosp,quantile,0.75,215,COVID-19
DE-SN,00+,2023-02-12,2023-02-01,-11 day ahead inc hosp,quantile,0.9,217,COVID-19
DE-SN,00+,2023-02-12,2023-02-01,-11 day ahead inc hosp,quantile,0.975,219,COVID-19
DE-SN,00+,2023-02-12,2023-02-02,-10 day ahead inc hosp,mean,NA,204.566,COVID-19
DE-SN,00+,2023-02-12,2023-02-02,-10 day ahead inc hosp,quantile,0.025,198,COVID-19
DE-SN,00+,2023-02-12,2023-02-02,-10 day ahead inc hosp,quantile,0.1,200,COVID-19
DE-SN,00+,2023-02-12,2023-02-02,-10 day ahead inc hosp,quantile,0.25,202,COVID-19
DE-SN,00+,2023-02-12,2023-02-02,-10 day ahead inc hosp,quantile,0.5,204,COVID-19
DE-SN,00+,2023-02-12,2023-02-02,-10 day ahead inc hosp,quantile,0.75,207,COVID-19
DE-SN,00+,2023-02-12,2023-02-02,-10 day ahead inc hosp,quantile,0.9,209,COVID-19
DE-SN,00+,2023-02-12,2023-02-02,-10 day ahead inc hosp,quantile,0.975,212,COVID-19
DE-SN,00+,2023-02-12,2023-02-03,-9 day ahead inc hosp,mean,NA,196.688,COVID-19
DE-SN,00+,2023-02-12,2023-02-03,-9 day ahead inc hosp,quantile,0.025,189,COVID-19
DE-SN,00+,2023-02-12,2023-02-03,-9 day ahead inc hosp,quantile,0.1,192,COVID-19
DE-SN,00+,2023-02-12,2023-02-03,-9 day ahead inc hosp,quantile,0.25,194,COVID-19
DE-SN,00+,2023-02-12,2023-02-03,-9 day ahead inc hosp,quantile,0.5,196,COVID-19
DE-SN,00+,2023-02-12,2023-02-03,-9 day ahead inc hosp,quantile,0.75,199,COVID-19
DE-SN,00+,2023-02-12,2023-02-03,-9 day ahead inc hosp,quantile,0.9,202,COVID-19
DE-SN,00+,2023-02-12,2023-02-03,-9 day ahead inc hosp,quantile,0.975,206,COVID-19
DE-SN,00+,2023-02-12,2023-02-04,-8 day ahead inc hosp,mean,NA,185.099,COVID-19
DE-SN,00+,2023-02-12,2023-02-04,-8 day ahead inc hosp,quantile,0.025,177,COVID-19
DE-SN,00+,2023-02-12,2023-02-04,-8 day ahead inc hosp,quantile,0.1,179,COVID-19
DE-SN,00+,2023-02-12,2023-02-04,-8 day ahead inc hosp,quantile,0.25,182,COVID-19
DE-SN,00+,2023-02-12,2023-02-04,-8 day ahead inc hosp,quantile,0.5,185,COVID-19
DE-SN,00+,2023-02-12,2023-02-04,-8 day ahead inc hosp,quantile,0.75,188,COVID-19
DE-SN,00+,2023-02-12,2023-02-04,-8 day ahead inc hosp,quantile,0.9,191,COVID-19
DE-SN,00+,2023-02-12,2023-02-04,-8 day ahead inc hosp,quantile,0.975,195,COVID-19
DE-SN,00+,2023-02-12,2023-02-05,-7 day ahead inc hosp,mean,NA,184.97,COVID-19
DE-SN,00+,2023-02-12,2023-02-05,-7 day ahead inc hosp,quantile,0.025,177,COVID-19
DE-SN,00+,2023-02-12,2023-02-05,-7 day ahead inc hosp,quantile,0.1,179,COVID-19
DE-SN,00+,2023-02-12,2023-02-05,-7 day ahead inc hosp,quantile,0.25,182,COVID-19
DE-SN,00+,2023-02-12,2023-02-05,-7 day ahead inc hosp,quantile,0.5,185,COVID-19
DE-SN,00+,2023-02-12,2023-02-05,-7 day ahead inc hosp,quantile,0.75,188,COVID-19
DE-SN,00+,2023-02-12,2023-02-05,-7 day ahead inc hosp,quantile,0.9,191,COVID-19
DE-SN,00+,2023-02-12,2023-02-05,-7 day ahead inc hosp,quantile,0.975,195,COVID-19
DE-SN,00+,2023-02-12,2023-02-06,-6 day ahead inc hosp,mean,NA,189.768,COVID-19
DE-SN,00+,2023-02-12,2023-02-06,-6 day ahead inc hosp,quantile,0.025,181,COVID-19
DE-SN,00+,2023-02-12,2023-02-06,-6 day ahead inc hosp,quantile,0.1,184,COVID-19
DE-SN,00+,2023-02-12,2023-02-06,-6 day ahead inc hosp,quantile,0.25,186,COVID-19
DE-SN,00+,2023-02-12,2023-02-06,-6 day ahead inc hosp,quantile,0.5,190,COVID-19
DE-SN,00+,2023-02-12,2023-02-06,-6 day ahead inc hosp,quantile,0.75,193,COVID-19
DE-SN,00+,2023-02-12,2023-02-06,-6 day ahead inc hosp,quantile,0.9,196,COVID-19
DE-SN,00+,2023-02-12,2023-02-06,-6 day ahead inc hosp,quantile,0.975,200,COVID-19
DE-SN,00+,2023-02-12,2023-02-07,-5 day ahead inc hosp,mean,NA,196.266,COVID-19
DE-SN,00+,2023-02-12,2023-02-07,-5 day ahead inc hosp,quantile,0.025,186,COVID-19
DE-SN,00+,2023-02-12,2023-02-07,-5 day ahead inc hosp,quantile,0.1,189,COVID-19
DE-SN,00+,2023-02-12,2023-02-07,-5 day ahead inc hosp,quantile,0.25,192,COVID-19
DE-SN,00+,2023-02-12,2023-02-07,-5 day ahead inc hosp,quantile,0.5,196,COVID-19
DE-SN,00+,2023-02-12,2023-02-07,-5 day ahead inc hosp,quantile,0.75,200,COVID-19
DE-SN,00+,2023-02-12,2023-02-07,-5 day ahead inc hosp,quantile,0.9,204,COVID-19
DE-SN,00+,2023-02-12,2023-02-07,-5 day ahead inc hosp,quantile,0.975,209,COVID-19
DE-SN,00+,2023-02-12,2023-02-08,-4 day ahead inc hosp,mean,NA,193.916,COVID-19
DE-SN,00+,2023-02-12,2023-02-08,-4 day ahead inc hosp,quantile,0.025,180,COVID-19
DE-SN,00+,2023-02-12,2023-02-08,-4 day ahead inc hosp,quantile,0.1,185,COVID-19
DE-SN,00+,2023-02-12,2023-02-08,-4 day ahead inc hosp,quantile,0.25,189,COVID-19
DE-SN,00+,2023-02-12,2023-02-08,-4 day ahead inc hosp,quantile,0.5,194,COVID-19
DE-SN,00+,2023-02-12,2023-02-08,-4 day ahead inc hosp,quantile,0.75,199,COVID-19
DE-SN,00+,2023-02-12,2023-02-08,-4 day ahead inc hosp,quantile,0.9,204,COVID-19
DE-SN,00+,2023-02-12,2023-02-08,-4 day ahead inc hosp,quantile,0.975,209,COVID-19
DE-SN,00+,2023-02-12,2023-02-09,-3 day ahead inc hosp,mean,NA,194.618,COVID-19
DE-SN,00+,2023-02-12,2023-02-09,-3 day ahead inc hosp,quantile,0.025,179,COVID-19
DE-SN,00+,2023-02-12,2023-02-09,-3 day ahead inc hosp,quantile,0.1,183,COVID-19
DE-SN,00+,2023-02-12,2023-02-09,-3 day ahead inc hosp,quantile,0.25,188,COVID-19
DE-SN,00+,2023-02-12,2023-02-09,-3 day ahead inc hosp,quantile,0.5,194,COVID-19
DE-SN,00+,2023-02-12,2023-02-09,-3 day ahead inc hosp,quantile,0.75,200,COVID-19
DE-SN,00+,2023-02-12,2023-02-09,-3 day ahead inc hosp,quantile,0.9,206,COVID-19
DE-SN,00+,2023-02-12,2023-02-09,-3 day ahead inc hosp,quantile,0.975,214,COVID-19
DE-SN,00+,2023-02-12,2023-02-10,-2 day ahead inc hosp,mean,NA,211.003,COVID-19
DE-SN,00+,2023-02-12,2023-02-10,-2 day ahead inc hosp,quantile,0.025,188,COVID-19
DE-SN,00+,2023-02-12,2023-02-10,-2 day ahead inc hosp,quantile,0.1,196,COVID-19
DE-SN,00+,2023-02-12,2023-02-10,-2 day ahead inc hosp,quantile,0.25,202,COVID-19
DE-SN,00+,2023-02-12,2023-02-10,-2 day ahead inc hosp,quantile,0.5,211,COVID-19
DE-SN,00+,2023-02-12,2023-02-10,-2 day ahead inc hosp,quantile,0.75,219,COVID-19
DE-SN,00+,2023-02-12,2023-02-10,-2 day ahead inc hosp,quantile,0.9,227,COVID-19
DE-SN,00+,2023-02-12,2023-02-10,-2 day ahead inc hosp,quantile,0.975,237,COVID-19
DE-SN,00+,2023-02-12,2023-02-11,-1 day ahead inc hosp,mean,NA,222.856,COVID-19
DE-SN,00+,2023-02-12,2023-02-11,-1 day ahead inc hosp,quantile,0.025,190,COVID-19
DE-SN,00+,2023-02-12,2023-02-11,-1 day ahead inc hosp,quantile,0.1,201,COVID-19
DE-SN,00+,2023-02-12,2023-02-11,-1 day ahead inc hosp,quantile,0.25,211,COVID-19
DE-SN,00+,2023-02-12,2023-02-11,-1 day ahead inc hosp,quantile,0.5,221,COVID-19
DE-SN,00+,2023-02-12,2023-02-11,-1 day ahead inc hosp,quantile,0.75,234,COVID-19
DE-SN,00+,2023-02-12,2023-02-11,-1 day ahead inc hosp,quantile,0.9,247,COVID-19
DE-SN,00+,2023-02-12,2023-02-11,-1 day ahead inc hosp,quantile,0.975,265,COVID-19
DE-SN,00+,2023-02-12,2023-02-12,0 day ahead inc hosp,mean,NA,224.394,COVID-19
DE-SN,00+,2023-02-12,2023-02-12,0 day ahead inc hosp,quantile,0.025,189,COVID-19
DE-SN,00+,2023-02-12,2023-02-12,0 day ahead inc hosp,quantile,0.1,199,COVID-19
DE-SN,00+,2023-02-12,2023-02-12,0 day ahead inc hosp,quantile,0.25,211,COVID-19
DE-SN,00+,2023-02-12,2023-02-12,0 day ahead inc hosp,quantile,0.5,224,COVID-19
DE-SN,00+,2023-02-12,2023-02-12,0 day ahead inc hosp,quantile,0.75,236,COVID-19
DE-SN,00+,2023-02-12,2023-02-12,0 day ahead inc hosp,quantile,0.9,251,COVID-19
DE-SN,00+,2023-02-12,2023-02-12,0 day ahead inc hosp,quantile,0.975,268,COVID-19
DE-ST,00+,2023-02-12,2023-01-15,-28 day ahead inc hosp,mean,NA,203.672,COVID-19
DE-ST,00+,2023-02-12,2023-01-15,-28 day ahead inc hosp,quantile,0.025,202,COVID-19
DE-ST,00+,2023-02-12,2023-01-15,-28 day ahead inc hosp,quantile,0.1,202,COVID-19
DE-ST,00+,2023-02-12,2023-01-15,-28 day ahead inc hosp,quantile,0.25,203,COVID-19
DE-ST,00+,2023-02-12,2023-01-15,-28 day ahead inc hosp,quantile,0.5,204,COVID-19
DE-ST,00+,2023-02-12,2023-01-15,-28 day ahead inc hosp,quantile,0.75,204,COVID-19
DE-ST,00+,2023-02-12,2023-01-15,-28 day ahead inc hosp,quantile,0.9,205,COVID-19
DE-ST,00+,2023-02-12,2023-01-15,-28 day ahead inc hosp,quantile,0.975,206,COVID-19
DE-ST,00+,2023-02-12,2023-01-16,-27 day ahead inc hosp,mean,NA,199.675,COVID-19
DE-ST,00+,2023-02-12,2023-01-16,-27 day ahead inc hosp,quantile,0.025,198,COVID-19
DE-ST,00+,2023-02-12,2023-01-16,-27 day ahead inc hosp,quantile,0.1,198,COVID-19
DE-ST,00+,2023-02-12,2023-01-16,-27 day ahead inc hosp,quantile,0.25,199,COVID-19
DE-ST,00+,2023-02-12,2023-01-16,-27 day ahead inc hosp,quantile,0.5,200,COVID-19
DE-ST,00+,2023-02-12,2023-01-16,-27 day ahead inc hosp,quantile,0.75,200,COVID-19
DE-ST,00+,2023-02-12,2023-01-16,-27 day ahead inc hosp,quantile,0.9,201,COVID-19
DE-ST,00+,2023-02-12,2023-01-16,-27 day ahead inc hosp,quantile,0.975,202,COVID-19
DE-ST,00+,2023-02-12,2023-01-17,-26 day ahead inc hosp,mean,NA,144.745,COVID-19
DE-ST,00+,2023-02-12,2023-01-17,-26 day ahead inc hosp,quantile,0.025,143,COVID-19
DE-ST,00+,2023-02-12,2023-01-17,-26 day ahead inc hosp,quantile,0.1,143,COVID-19
DE-ST,00+,2023-02-12,2023-01-17,-26 day ahead inc hosp,quantile,0.25,144,COVID-19
DE-ST,00+,2023-02-12,2023-01-17,-26 day ahead inc hosp,quantile,0.5,145,COVID-19
DE-ST,00+,2023-02-12,2023-01-17,-26 day ahead inc hosp,quantile,0.75,146,COVID-19
DE-ST,00+,2023-02-12,2023-01-17,-26 day ahead inc hosp,quantile,0.9,147,COVID-19
DE-ST,00+,2023-02-12,2023-01-17,-26 day ahead inc hosp,quantile,0.975,148,COVID-19
DE-ST,00+,2023-02-12,2023-01-18,-25 day ahead inc hosp,mean,NA,136.852,COVID-19
DE-ST,00+,2023-02-12,2023-01-18,-25 day ahead inc hosp,quantile,0.025,135,COVID-19
DE-ST,00+,2023-02-12,2023-01-18,-25 day ahead inc hosp,quantile,0.1,135,COVID-19
DE-ST,00+,2023-02-12,2023-01-18,-25 day ahead inc hosp,quantile,0.25,136,COVID-19
DE-ST,00+,2023-02-12,2023-01-18,-25 day ahead inc hosp,quantile,0.5,137,COVID-19
DE-ST,00+,2023-02-12,2023-01-18,-25 day ahead inc hosp,quantile,0.75,138,COVID-19
DE-ST,00+,2023-02-12,2023-01-18,-25 day ahead inc hosp,quantile,0.9,139,COVID-19
DE-ST,00+,2023-02-12,2023-01-18,-25 day ahead inc hosp,quantile,0.975,140,COVID-19
DE-ST,00+,2023-02-12,2023-01-19,-24 day ahead inc hosp,mean,NA,112.96,COVID-19
DE-ST,00+,2023-02-12,2023-01-19,-24 day ahead inc hosp,quantile,0.025,111,COVID-19
DE-ST,00+,2023-02-12,2023-01-19,-24 day ahead inc hosp,quantile,0.1,111,COVID-19
DE-ST,00+,2023-02-12,2023-01-19,-24 day ahead inc hosp,quantile,0.25,112,COVID-19
DE-ST,00+,2023-02-12,2023-01-19,-24 day ahead inc hosp,quantile,0.5,113,COVID-19
DE-ST,00+,2023-02-12,2023-01-19,-24 day ahead inc hosp,quantile,0.75,114,COVID-19
DE-ST,00+,2023-02-12,2023-01-19,-24 day ahead inc hosp,quantile,0.9,115,COVID-19
DE-ST,00+,2023-02-12,2023-01-19,-24 day ahead inc hosp,quantile,0.975,116,COVID-19
DE-ST,00+,2023-02-12,2023-01-20,-23 day ahead inc hosp,mean,NA,112.081,COVID-19
DE-ST,00+,2023-02-12,2023-01-20,-23 day ahead inc hosp,quantile,0.025,110,COVID-19
DE-ST,00+,2023-02-12,2023-01-20,-23 day ahead inc hosp,quantile,0.1,110,COVID-19
DE-ST,00+,2023-02-12,2023-01-20,-23 day ahead inc hosp,quantile,0.25,111,COVID-19
DE-ST,00+,2023-02-12,2023-01-20,-23 day ahead inc hosp,quantile,0.5,112,COVID-19
DE-ST,00+,2023-02-12,2023-01-20,-23 day ahead inc hosp,quantile,0.75,113,COVID-19
DE-ST,00+,2023-02-12,2023-01-20,-23 day ahead inc hosp,quantile,0.9,114,COVID-19
DE-ST,00+,2023-02-12,2023-01-20,-23 day ahead inc hosp,quantile,0.975,115,COVID-19
DE-ST,00+,2023-02-12,2023-01-21,-22 day ahead inc hosp,mean,NA,118.214,COVID-19
DE-ST,00+,2023-02-12,2023-01-21,-22 day ahead inc hosp,quantile,0.025,116,COVID-19
DE-ST,00+,2023-02-12,2023-01-21,-22 day ahead inc hosp,quantile,0.1,116,COVID-19
DE-ST,00+,2023-02-12,2023-01-21,-22 day ahead inc hosp,quantile,0.25,117,COVID-19
DE-ST,00+,2023-02-12,2023-01-21,-22 day ahead inc hosp,quantile,0.5,118,COVID-19
DE-ST,00+,2023-02-12,2023-01-21,-22 day ahead inc hosp,quantile,0.75,119,COVID-19
DE-ST,00+,2023-02-12,2023-01-21,-22 day ahead inc hosp,quantile,0.9,120,COVID-19
DE-ST,00+,2023-02-12,2023-01-21,-22 day ahead inc hosp,quantile,0.975,121,COVID-19
DE-ST,00+,2023-02-12,2023-01-22,-21 day ahead inc hosp,mean,NA,115.231,COVID-19
DE-ST,00+,2023-02-12,2023-01-22,-21 day ahead inc hosp,quantile,0.025,113,COVID-19
DE-ST,00+,2023-02-12,2023-01-22,-21 day ahead inc hosp,quantile,0.1,113,COVID-19
DE-ST,00+,2023-02-12,2023-01-22,-21 day ahead inc hosp,quantile,0.25,114,COVID-19
DE-ST,00+,2023-02-12,2023-01-22,-21 day ahead inc hosp,quantile,0.5,115,COVID-19
DE-ST,00+,2023-02-12,2023-01-22,-21 day ahead inc hosp,quantile,0.75,116,COVID-19
DE-ST,00+,2023-02-12,2023-01-22,-21 day ahead inc hosp,quantile,0.9,117,COVID-19
DE-ST,00+,2023-02-12,2023-01-22,-21 day ahead inc hosp,quantile,0.975,118,COVID-19
DE-ST,00+,2023-02-12,2023-01-23,-20 day ahead inc hosp,mean,NA,116.244,COVID-19
DE-ST,00+,2023-02-12,2023-01-23,-20 day ahead inc hosp,quantile,0.025,114,COVID-19
DE-ST,00+,2023-02-12,2023-01-23,-20 day ahead inc hosp,quantile,0.1,114,COVID-19
DE-ST,00+,2023-02-12,2023-01-23,-20 day ahead inc hosp,quantile,0.25,115,COVID-19
DE-ST,00+,2023-02-12,2023-01-23,-20 day ahead inc hosp,quantile,0.5,116,COVID-19
DE-ST,00+,2023-02-12,2023-01-23,-20 day ahead inc hosp,quantile,0.75,117,COVID-19
DE-ST,00+,2023-02-12,2023-01-23,-20 day ahead inc hosp,quantile,0.9,118,COVID-19
DE-ST,00+,2023-02-12,2023-01-23,-20 day ahead inc hosp,quantile,0.975,119,COVID-19
DE-ST,00+,2023-02-12,2023-01-24,-19 day ahead inc hosp,mean,NA,115.579,COVID-19
DE-ST,00+,2023-02-12,2023-01-24,-19 day ahead inc hosp,quantile,0.025,113,COVID-19
DE-ST,00+,2023-02-12,2023-01-24,-19 day ahead inc hosp,quantile,0.1,114,COVID-19
DE-ST,00+,2023-02-12,2023-01-24,-19 day ahead inc hosp,quantile,0.25,114,COVID-19
DE-ST,00+,2023-02-12,2023-01-24,-19 day ahead inc hosp,quantile,0.5,115,COVID-19
DE-ST,00+,2023-02-12,2023-01-24,-19 day ahead inc hosp,quantile,0.75,117,COVID-19
DE-ST,00+,2023-02-12,2023-01-24,-19 day ahead inc hosp,quantile,0.9,118,COVID-19
DE-ST,00+,2023-02-12,2023-01-24,-19 day ahead inc hosp,quantile,0.975,119,COVID-19
DE-ST,00+,2023-02-12,2023-01-25,-18 day ahead inc hosp,mean,NA,109.941,COVID-19
DE-ST,00+,2023-02-12,2023-01-25,-18 day ahead inc hosp,quantile,0.025,107,COVID-19
DE-ST,00+,2023-02-12,2023-01-25,-18 day ahead inc hosp,quantile,0.1,108,COVID-19
DE-ST,00+,2023-02-12,2023-01-25,-18 day ahead inc hosp,quantile,0.25,109,COVID-19
DE-ST,00+,2023-02-12,2023-01-25,-18 day ahead inc hosp,quantile,0.5,110,COVID-19
DE-ST,00+,2023-02-12,2023-01-25,-18 day ahead inc hosp,quantile,0.75,111,COVID-19
DE-ST,00+,2023-02-12,2023-01-25,-18 day ahead inc hosp,quantile,0.9,112,COVID-19
DE-ST,00+,2023-02-12,2023-01-25,-18 day ahead inc hosp,quantile,0.975,114,COVID-19
DE-ST,00+,2023-02-12,2023-01-26,-17 day ahead inc hosp,mean,NA,104.332,COVID-19
DE-ST,00+,2023-02-12,2023-01-26,-17 day ahead inc hosp,quantile,0.025,101,COVID-19
DE-ST,00+,2023-02-12,2023-01-26,-17 day ahead inc hosp,quantile,0.1,102,COVID-19
DE-ST,00+,2023-02-12,2023-01-26,-17 day ahead inc hosp,quantile,0.25,103,COVID-19
DE-ST,00+,2023-02-12,2023-01-26,-17 day ahead inc hosp,quantile,0.5,104,COVID-19
DE-ST,00+,2023-02-12,2023-01-26,-17 day ahead inc hosp,quantile,0.75,106,COVID-19
DE-ST,00+,2023-02-12,2023-01-26,-17 day ahead inc hosp,quantile,0.9,107,COVID-19
DE-ST,00+,2023-02-12,2023-01-26,-17 day ahead inc hosp,quantile,0.975,109,COVID-19
DE-ST,00+,2023-02-12,2023-01-27,-16 day ahead inc hosp,mean,NA,102.844,COVID-19
DE-ST,00+,2023-02-12,2023-01-27,-16 day ahead inc hosp,quantile,0.025,99,COVID-19
DE-ST,00+,2023-02-12,2023-01-27,-16 day ahead inc hosp,quantile,0.1,100,COVID-19
DE-ST,00+,2023-02-12,2023-01-27,-16 day ahead inc hosp,quantile,0.25,101,COVID-19
DE-ST,00+,2023-02-12,2023-01-27,-16 day ahead inc hosp,quantile,0.5,103,COVID-19
DE-ST,00+,2023-02-12,2023-01-27,-16 day ahead inc hosp,quantile,0.75,104,COVID-19
DE-ST,00+,2023-02-12,2023-01-27,-16 day ahead inc hosp,quantile,0.9,105,COVID-19
DE-ST,00+,2023-02-12,2023-01-27,-16 day ahead inc hosp,quantile,0.975,107,COVID-19
DE-ST,00+,2023-02-12,2023-01-28,-15 day ahead inc hosp,mean,NA,90.304,COVID-19
DE-ST,00+,2023-02-12,2023-01-28,-15 day ahead inc hosp,quantile,0.025,87,COVID-19
DE-ST,00+,2023-02-12,2023-01-28,-15 day ahead inc hosp,quantile,0.1,88,COVID-19
DE-ST,00+,2023-02-12,2023-01-28,-15 day ahead inc hosp,quantile,0.25,89,COVID-19
DE-ST,00+,2023-02-12,2023-01-28,-15 day ahead inc hosp,quantile,0.5,90,COVID-19
DE-ST,00+,2023-02-12,2023-01-28,-15 day ahead inc hosp,quantile,0.75,92,COVID-19
DE-ST,00+,2023-02-12,2023-01-28,-15 day ahead inc hosp,quantile,0.9,93,COVID-19
DE-ST,00+,2023-02-12,2023-01-28,-15 day ahead inc hosp,quantile,0.975,95,COVID-19
DE-ST,00+,2023-02-12,2023-01-29,-14 day ahead inc hosp,mean,NA,90.408,COVID-19
DE-ST,00+,2023-02-12,2023-01-29,-14 day ahead inc hosp,quantile,0.025,87,COVID-19
DE-ST,00+,2023-02-12,2023-01-29,-14 day ahead inc hosp,quantile,0.1,88,COVID-19
DE-ST,00+,2023-02-12,2023-01-29,-14 day ahead inc hosp,quantile,0.25,89,COVID-19
DE-ST,00+,2023-02-12,2023-01-29,-14 day ahead inc hosp,quantile,0.5,90,COVID-19
DE-ST,00+,2023-02-12,2023-01-29,-14 day ahead inc hosp,quantile,0.75,92,COVID-19
DE-ST,00+,2023-02-12,2023-01-29,-14 day ahead inc hosp,quantile,0.9,93,COVID-19
DE-ST,00+,2023-02-12,2023-01-29,-14 day ahead inc hosp,quantile,0.975,95,COVID-19
DE-ST,00+,2023-02-12,2023-01-30,-13 day ahead inc hosp,mean,NA,89.492,COVID-19
DE-ST,00+,2023-02-12,2023-01-30,-13 day ahead inc hosp,quantile,0.025,86,COVID-19
DE-ST,00+,2023-02-12,2023-01-30,-13 day ahead inc hosp,quantile,0.1,87,COVID-19
DE-ST,00+,2023-02-12,2023-01-30,-13 day ahead inc hosp,quantile,0.25,88,COVID-19
DE-ST,00+,2023-02-12,2023-01-30,-13 day ahead inc hosp,quantile,0.5,89,COVID-19
DE-ST,00+,2023-02-12,2023-01-30,-13 day ahead inc hosp,quantile,0.75,91,COVID-19
DE-ST,00+,2023-02-12,2023-01-30,-13 day ahead inc hosp,quantile,0.9,92,COVID-19
DE-ST,00+,2023-02-12,2023-01-30,-13 day ahead inc hosp,quantile,0.975,94,COVID-19
DE-ST,00+,2023-02-12,2023-01-31,-12 day ahead inc hosp,mean,NA,97.486,COVID-19
DE-ST,00+,2023-02-12,2023-01-31,-12 day ahead inc hosp,quantile,0.025,93,COVID-19
DE-ST,00+,2023-02-12,2023-01-31,-12 day ahead inc hosp,quantile,0.1,94,COVID-19
DE-ST,00+,2023-02-12,2023-01-31,-12 day ahead inc hosp,quantile,0.25,96,COVID-19
DE-ST,00+,2023-02-12,2023-01-31,-12 day ahead inc hosp,quantile,0.5,97,COVID-19
DE-ST,00+,2023-02-12,2023-01-31,-12 day ahead inc hosp,quantile,0.75,99,COVID-19
DE-ST,00+,2023-02-12,2023-01-31,-12 day ahead inc hosp,quantile,0.9,101,COVID-19
DE-ST,00+,2023-02-12,2023-01-31,-12 day ahead inc hosp,quantile,0.975,103,COVID-19
DE-ST,00+,2023-02-12,2023-02-01,-11 day ahead inc hosp,mean,NA,110.777,COVID-19
DE-ST,00+,2023-02-12,2023-02-01,-11 day ahead inc hosp,quantile,0.025,106,COVID-19
DE-ST,00+,2023-02-12,2023-02-01,-11 day ahead inc hosp,quantile,0.1,107,COVID-19
DE-ST,00+,2023-02-12,2023-02-01,-11 day ahead inc hosp,quantile,0.25,109,COVID-19
DE-ST,00+,2023-02-12,2023-02-01,-11 day ahead inc hosp,quantile,0.5,111,COVID-19
DE-ST,00+,2023-02-12,2023-02-01,-11 day ahead inc hosp,quantile,0.75,113,COVID-19
DE-ST,00+,2023-02-12,2023-02-01,-11 day ahead inc hosp,quantile,0.9,114,COVID-19
DE-ST,00+,2023-02-12,2023-02-01,-11 day ahead inc hosp,quantile,0.975,117,COVID-19
DE-ST,00+,2023-02-12,2023-02-02,-10 day ahead inc hosp,mean,NA,119.116,COVID-19
DE-ST,00+,2023-02-12,2023-02-02,-10 day ahead inc hosp,quantile,0.025,114,COVID-19
DE-ST,00+,2023-02-12,2023-02-02,-10 day ahead inc hosp,quantile,0.1,115,COVID-19
DE-ST,00+,2023-02-12,2023-02-02,-10 day ahead inc hosp,quantile,0.25,117,COVID-19
DE-ST,00+,2023-02-12,2023-02-02,-10 day ahead inc hosp,quantile,0.5,119,COVID-19
DE-ST,00+,2023-02-12,2023-02-02,-10 day ahead inc hosp,quantile,0.75,121,COVID-19
DE-ST,00+,2023-02-12,2023-02-02,-10 day ahead inc hosp,quantile,0.9,123,COVID-19
DE-ST,00+,2023-02-12,2023-02-02,-10 day ahead inc hosp,quantile,0.975,126,COVID-19
DE-ST,00+,2023-02-12,2023-02-03,-9 day ahead inc hosp,mean,NA,126.673,COVID-19
DE-ST,00+,2023-02-12,2023-02-03,-9 day ahead inc hosp,quantile,0.025,121,COVID-19
DE-ST,00+,2023-02-12,2023-02-03,-9 day ahead inc hosp,quantile,0.1,123,COVID-19
DE-ST,00+,2023-02-12,2023-02-03,-9 day ahead inc hosp,quantile,0.25,124,COVID-19
DE-ST,00+,2023-02-12,2023-02-03,-9 day ahead inc hosp,quantile,0.5,126,COVID-19
DE-ST,00+,2023-02-12,2023-02-03,-9 day ahead inc hosp,quantile,0.75,129,COVID-19
DE-ST,00+,2023-02-12,2023-02-03,-9 day ahead inc hosp,quantile,0.9,131,COVID-19
DE-ST,00+,2023-02-12,2023-02-03,-9 day ahead inc hosp,quantile,0.975,134,COVID-19
DE-ST,00+,2023-02-12,2023-02-04,-8 day ahead inc hosp,mean,NA,138.388,COVID-19
DE-ST,00+,2023-02-12,2023-02-04,-8 day ahead inc hosp,quantile,0.025,132,COVID-19
DE-ST,00+,2023-02-12,2023-02-04,-8 day ahead inc hosp,quantile,0.1,134,COVID-19
DE-ST,00+,2023-02-12,2023-02-04,-8 day ahead inc hosp,quantile,0.25,136,COVID-19
DE-ST,00+,2023-02-12,2023-02-04,-8 day ahead inc hosp,quantile,0.5,138,COVID-19
DE-ST,00+,2023-02-12,2023-02-04,-8 day ahead inc hosp,quantile,0.75,141,COVID-19
DE-ST,00+,2023-02-12,2023-02-04,-8 day ahead inc hosp,quantile,0.9,143,COVID-19
DE-ST,00+,2023-02-12,2023-02-04,-8 day ahead inc hosp,quantile,0.975,146,COVID-19
DE-ST,00+,2023-02-12,2023-02-05,-7 day ahead inc hosp,mean,NA,138.608,COVID-19
DE-ST,00+,2023-02-12,2023-02-05,-7 day ahead inc hosp,quantile,0.025,132,COVID-19
DE-ST,00+,2023-02-12,2023-02-05,-7 day ahead inc hosp,quantile,0.1,134,COVID-19
DE-ST,00+,2023-02-12,2023-02-05,-7 day ahead inc hosp,quantile,0.25,136,COVID-19
DE-ST,00+,2023-02-12,2023-02-05,-7 day ahead inc hosp,quantile,0.5,138,COVID-19
DE-ST,00+,2023-02-12,2023-02-05,-7 day ahead inc hosp,quantile,0.75,141,COVID-19
DE-ST,00+,2023-02-12,2023-02-05,-7 day ahead inc hosp,quantile,0.9,143,COVID-19
DE-ST,00+,2023-02-12,2023-02-05,-7 day ahead inc hosp,quantile,0.975,146,COVID-19
DE-ST,00+,2023-02-12,2023-02-06,-6 day ahead inc hosp,mean,NA,138.822,COVID-19
DE-ST,00+,2023-02-12,2023-02-06,-6 day ahead inc hosp,quantile,0.025,132,COVID-19
DE-ST,00+,2023-02-12,2023-02-06,-6 day ahead inc hosp,quantile,0.1,134,COVID-19
DE-ST,00+,2023-02-12,2023-02-06,-6 day ahead inc hosp,quantile,0.25,136,COVID-19
DE-ST,00+,2023-02-12,2023-02-06,-6 day ahead inc hosp,quantile,0.5,139,COVID-19
DE-ST,00+,2023-02-12,2023-02-06,-6 day ahead inc hosp,quantile,0.75,141,COVID-19
DE-ST,00+,2023-02-12,2023-02-06,-6 day ahead inc hosp,quantile,0.9,144,COVID-19
DE-ST,00+,2023-02-12,2023-02-06,-6 day ahead inc hosp,quantile,0.975,147,COVID-19
DE-ST,00+,2023-02-12,2023-02-07,-5 day ahead inc hosp,mean,NA,134.119,COVID-19
DE-ST,00+,2023-02-12,2023-02-07,-5 day ahead inc hosp,quantile,0.025,126,COVID-19
DE-ST,00+,2023-02-12,2023-02-07,-5 day ahead inc hosp,quantile,0.1,129,COVID-19
DE-ST,00+,2023-02-12,2023-02-07,-5 day ahead inc hosp,quantile,0.25,131,COVID-19
DE-ST,00+,2023-02-12,2023-02-07,-5 day ahead inc hosp,quantile,0.5,134,COVID-19
DE-ST,00+,2023-02-12,2023-02-07,-5 day ahead inc hosp,quantile,0.75,137,COVID-19
DE-ST,00+,2023-02-12,2023-02-07,-5 day ahead inc hosp,quantile,0.9,140,COVID-19
DE-ST,00+,2023-02-12,2023-02-07,-5 day ahead inc hosp,quantile,0.975,144,COVID-19
DE-ST,00+,2023-02-12,2023-02-08,-4 day ahead inc hosp,mean,NA,124.41,COVID-19
DE-ST,00+,2023-02-12,2023-02-08,-4 day ahead inc hosp,quantile,0.025,115,COVID-19
DE-ST,00+,2023-02-12,2023-02-08,-4 day ahead inc hosp,quantile,0.1,118,COVID-19
DE-ST,00+,2023-02-12,2023-02-08,-4 day ahead inc hosp,quantile,0.25,121,COVID-19
DE-ST,00+,2023-02-12,2023-02-08,-4 day ahead inc hosp,quantile,0.5,124,COVID-19
DE-ST,00+,2023-02-12,2023-02-08,-4 day ahead inc hosp,quantile,0.75,128,COVID-19
DE-ST,00+,2023-02-12,2023-02-08,-4 day ahead inc hosp,quantile,0.9,131,COVID-19
DE-ST,00+,2023-02-12,2023-02-08,-4 day ahead inc hosp,quantile,0.975,136,COVID-19
DE-ST,00+,2023-02-12,2023-02-09,-3 day ahead inc hosp,mean,NA,127.662,COVID-19
DE-ST,00+,2023-02-12,2023-02-09,-3 day ahead inc hosp,quantile,0.025,116,COVID-19
DE-ST,00+,2023-02-12,2023-02-09,-3 day ahead inc hosp,quantile,0.1,120,COVID-19
DE-ST,00+,2023-02-12,2023-02-09,-3 day ahead inc hosp,quantile,0.25,123,COVID-19
DE-ST,00+,2023-02-12,2023-02-09,-3 day ahead inc hosp,quantile,0.5,127,COVID-19
DE-ST,00+,2023-02-12,2023-02-09,-3 day ahead inc hosp,quantile,0.75,132,COVID-19
DE-ST,00+,2023-02-12,2023-02-09,-3 day ahead inc hosp,quantile,0.9,135,COVID-19
DE-ST,00+,2023-02-12,2023-02-09,-3 day ahead inc hosp,quantile,0.975,143,COVID-19
DE-ST,00+,2023-02-12,2023-02-10,-2 day ahead inc hosp,mean,NA,130.864,COVID-19
DE-ST,00+,2023-02-12,2023-02-10,-2 day ahead inc hosp,quantile,0.025,116,COVID-19
DE-ST,00+,2023-02-12,2023-02-10,-2 day ahead inc hosp,quantile,0.1,121,COVID-19
DE-ST,00+,2023-02-12,2023-02-10,-2 day ahead inc hosp,quantile,0.25,126,COVID-19
DE-ST,00+,2023-02-12,2023-02-10,-2 day ahead inc hosp,quantile,0.5,130,COVID-19
DE-ST,00+,2023-02-12,2023-02-10,-2 day ahead inc hosp,quantile,0.75,135,COVID-19
DE-ST,00+,2023-02-12,2023-02-10,-2 day ahead inc hosp,quantile,0.9,141,COVID-19
DE-ST,00+,2023-02-12,2023-02-10,-2 day ahead inc hosp,quantile,0.975,148,COVID-19
DE-ST,00+,2023-02-12,2023-02-11,-1 day ahead inc hosp,mean,NA,127.952,COVID-19
DE-ST,00+,2023-02-12,2023-02-11,-1 day ahead inc hosp,quantile,0.025,111,COVID-19
DE-ST,00+,2023-02-12,2023-02-11,-1 day ahead inc hosp,quantile,0.1,116,COVID-19
DE-ST,00+,2023-02-12,2023-02-11,-1 day ahead inc hosp,quantile,0.25,121,COVID-19
DE-ST,00+,2023-02-12,2023-02-11,-1 day ahead inc hosp,quantile,0.5,127,COVID-19
DE-ST,00+,2023-02-12,2023-02-11,-1 day ahead inc hosp,quantile,0.75,134,COVID-19
DE-ST,00+,2023-02-12,2023-02-11,-1 day ahead inc hosp,quantile,0.9,141,COVID-19
DE-ST,00+,2023-02-12,2023-02-11,-1 day ahead inc hosp,quantile,0.975,149,COVID-19
DE-ST,00+,2023-02-12,2023-02-12,0 day ahead inc hosp,mean,NA,129.208,COVID-19
DE-ST,00+,2023-02-12,2023-02-12,0 day ahead inc hosp,quantile,0.025,112,COVID-19
DE-ST,00+,2023-02-12,2023-02-12,0 day ahead inc hosp,quantile,0.1,117,COVID-19
DE-ST,00+,2023-02-12,2023-02-12,0 day ahead inc hosp,quantile,0.25,123,COVID-19
DE-ST,00+,2023-02-12,2023-02-12,0 day ahead inc hosp,quantile,0.5,128,COVID-19
DE-ST,00+,2023-02-12,2023-02-12,0 day ahead inc hosp,quantile,0.75,135,COVID-19
DE-ST,00+,2023-02-12,2023-02-12,0 day ahead inc hosp,quantile,0.9,142,COVID-19
DE-ST,00+,2023-02-12,2023-02-12,0 day ahead inc hosp,quantile,0.975,150,COVID-19
DE-TH,00+,2023-02-12,2023-01-15,-28 day ahead inc hosp,mean,NA,161.132,COVID-19
DE-TH,00+,2023-02-12,2023-01-15,-28 day ahead inc hosp,quantile,0.025,160,COVID-19
DE-TH,00+,2023-02-12,2023-01-15,-28 day ahead inc hosp,quantile,0.1,160,COVID-19
DE-TH,00+,2023-02-12,2023-01-15,-28 day ahead inc hosp,quantile,0.25,160,COVID-19
DE-TH,00+,2023-02-12,2023-01-15,-28 day ahead inc hosp,quantile,0.5,161,COVID-19
DE-TH,00+,2023-02-12,2023-01-15,-28 day ahead inc hosp,quantile,0.75,162,COVID-19
DE-TH,00+,2023-02-12,2023-01-15,-28 day ahead inc hosp,quantile,0.9,163,COVID-19
DE-TH,00+,2023-02-12,2023-01-15,-28 day ahead inc hosp,quantile,0.975,163,COVID-19
DE-TH,00+,2023-02-12,2023-01-16,-27 day ahead inc hosp,mean,NA,154.14,COVID-19
DE-TH,00+,2023-02-12,2023-01-16,-27 day ahead inc hosp,quantile,0.025,153,COVID-19
DE-TH,00+,2023-02-12,2023-01-16,-27 day ahead inc hosp,quantile,0.1,153,COVID-19
DE-TH,00+,2023-02-12,2023-01-16,-27 day ahead inc hosp,quantile,0.25,153,COVID-19
DE-TH,00+,2023-02-12,2023-01-16,-27 day ahead inc hosp,quantile,0.5,154,COVID-19
DE-TH,00+,2023-02-12,2023-01-16,-27 day ahead inc hosp,quantile,0.75,155,COVID-19
DE-TH,00+,2023-02-12,2023-01-16,-27 day ahead inc hosp,quantile,0.9,156,COVID-19
DE-TH,00+,2023-02-12,2023-01-16,-27 day ahead inc hosp,quantile,0.975,156,COVID-19
DE-TH,00+,2023-02-12,2023-01-17,-26 day ahead inc hosp,mean,NA,151.123,COVID-19
DE-TH,00+,2023-02-12,2023-01-17,-26 day ahead inc hosp,quantile,0.025,150,COVID-19
DE-TH,00+,2023-02-12,2023-01-17,-26 day ahead inc hosp,quantile,0.1,150,COVID-19
DE-TH,00+,2023-02-12,2023-01-17,-26 day ahead inc hosp,quantile,0.25,150,COVID-19
DE-TH,00+,2023-02-12,2023-01-17,-26 day ahead inc hosp,quantile,0.5,151,COVID-19
DE-TH,00+,2023-02-12,2023-01-17,-26 day ahead inc hosp,quantile,0.75,152,COVID-19
DE-TH,00+,2023-02-12,2023-01-17,-26 day ahead inc hosp,quantile,0.9,153,COVID-19
DE-TH,00+,2023-02-12,2023-01-17,-26 day ahead inc hosp,quantile,0.975,153,COVID-19
DE-TH,00+,2023-02-12,2023-01-18,-25 day ahead inc hosp,mean,NA,142.172,COVID-19
DE-TH,00+,2023-02-12,2023-01-18,-25 day ahead inc hosp,quantile,0.025,141,COVID-19
DE-TH,00+,2023-02-12,2023-01-18,-25 day ahead inc hosp,quantile,0.1,141,COVID-19
DE-TH,00+,2023-02-12,2023-01-18,-25 day ahead inc hosp,quantile,0.25,141,COVID-19
DE-TH,00+,2023-02-12,2023-01-18,-25 day ahead inc hosp,quantile,0.5,142,COVID-19
DE-TH,00+,2023-02-12,2023-01-18,-25 day ahead inc hosp,quantile,0.75,143,COVID-19
DE-TH,00+,2023-02-12,2023-01-18,-25 day ahead inc hosp,quantile,0.9,144,COVID-19
DE-TH,00+,2023-02-12,2023-01-18,-25 day ahead inc hosp,quantile,0.975,145,COVID-19
DE-TH,00+,2023-02-12,2023-01-19,-24 day ahead inc hosp,mean,NA,126.218,COVID-19
DE-TH,00+,2023-02-12,2023-01-19,-24 day ahead inc hosp,quantile,0.025,125,COVID-19
DE-TH,00+,2023-02-12,2023-01-19,-24 day ahead inc hosp,quantile,0.1,125,COVID-19
DE-TH,00+,2023-02-12,2023-01-19,-24 day ahead inc hosp,quantile,0.25,125,COVID-19
DE-TH,00+,2023-02-12,2023-01-19,-24 day ahead inc hosp,quantile,0.5,126,COVID-19
DE-TH,00+,2023-02-12,2023-01-19,-24 day ahead inc hosp,quantile,0.75,127,COVID-19
DE-TH,00+,2023-02-12,2023-01-19,-24 day ahead inc hosp,quantile,0.9,128,COVID-19
DE-TH,00+,2023-02-12,2023-01-19,-24 day ahead inc hosp,quantile,0.975,129,COVID-19
DE-TH,00+,2023-02-12,2023-01-20,-23 day ahead inc hosp,mean,NA,116.299,COVID-19
DE-TH,00+,2023-02-12,2023-01-20,-23 day ahead inc hosp,quantile,0.025,115,COVID-19
DE-TH,00+,2023-02-12,2023-01-20,-23 day ahead inc hosp,quantile,0.1,115,COVID-19
DE-TH,00+,2023-02-12,2023-01-20,-23 day ahead inc hosp,quantile,0.25,115,COVID-19
DE-TH,00+,2023-02-12,2023-01-20,-23 day ahead inc hosp,quantile,0.5,116,COVID-19
DE-TH,00+,2023-02-12,2023-01-20,-23 day ahead inc hosp,quantile,0.75,117,COVID-19
DE-TH,00+,2023-02-12,2023-01-20,-23 day ahead inc hosp,quantile,0.9,118,COVID-19
DE-TH,00+,2023-02-12,2023-01-20,-23 day ahead inc hosp,quantile,0.975,119,COVID-19
DE-TH,00+,2023-02-12,2023-01-21,-22 day ahead inc hosp,mean,NA,112.398,COVID-19
DE-TH,00+,2023-02-12,2023-01-21,-22 day ahead inc hosp,quantile,0.025,111,COVID-19
DE-TH,00+,2023-02-12,2023-01-21,-22 day ahead inc hosp,quantile,0.1,111,COVID-19
DE-TH,00+,2023-02-12,2023-01-21,-22 day ahead inc hosp,quantile,0.25,112,COVID-19
DE-TH,00+,2023-02-12,2023-01-21,-22 day ahead inc hosp,quantile,0.5,112,COVID-19
DE-TH,00+,2023-02-12,2023-01-21,-22 day ahead inc hosp,quantile,0.75,113,COVID-19
DE-TH,00+,2023-02-12,2023-01-21,-22 day ahead inc hosp,quantile,0.9,114,COVID-19
DE-TH,00+,2023-02-12,2023-01-21,-22 day ahead inc hosp,quantile,0.975,115,COVID-19
DE-TH,00+,2023-02-12,2023-01-22,-21 day ahead inc hosp,mean,NA,111.431,COVID-19
DE-TH,00+,2023-02-12,2023-01-22,-21 day ahead inc hosp,quantile,0.025,110,COVID-19
DE-TH,00+,2023-02-12,2023-01-22,-21 day ahead inc hosp,quantile,0.1,110,COVID-19
DE-TH,00+,2023-02-12,2023-01-22,-21 day ahead inc hosp,quantile,0.25,111,COVID-19
DE-TH,00+,2023-02-12,2023-01-22,-21 day ahead inc hosp,quantile,0.5,111,COVID-19
DE-TH,00+,2023-02-12,2023-01-22,-21 day ahead inc hosp,quantile,0.75,112,COVID-19
DE-TH,00+,2023-02-12,2023-01-22,-21 day ahead inc hosp,quantile,0.9,113,COVID-19
DE-TH,00+,2023-02-12,2023-01-22,-21 day ahead inc hosp,quantile,0.975,114,COVID-19
DE-TH,00+,2023-02-12,2023-01-23,-20 day ahead inc hosp,mean,NA,110.454,COVID-19
DE-TH,00+,2023-02-12,2023-01-23,-20 day ahead inc hosp,quantile,0.025,109,COVID-19
DE-TH,00+,2023-02-12,2023-01-23,-20 day ahead inc hosp,quantile,0.1,109,COVID-19
DE-TH,00+,2023-02-12,2023-01-23,-20 day ahead inc hosp,quantile,0.25,110,COVID-19
DE-TH,00+,2023-02-12,2023-01-23,-20 day ahead inc hosp,quantile,0.5,110,COVID-19
DE-TH,00+,2023-02-12,2023-01-23,-20 day ahead inc hosp,quantile,0.75,111,COVID-19
DE-TH,00+,2023-02-12,2023-01-23,-20 day ahead inc hosp,quantile,0.9,112,COVID-19
DE-TH,00+,2023-02-12,2023-01-23,-20 day ahead inc hosp,quantile,0.975,113,COVID-19
DE-TH,00+,2023-02-12,2023-01-24,-19 day ahead inc hosp,mean,NA,108.64,COVID-19
DE-TH,00+,2023-02-12,2023-01-24,-19 day ahead inc hosp,quantile,0.025,107,COVID-19
DE-TH,00+,2023-02-12,2023-01-24,-19 day ahead inc hosp,quantile,0.1,107,COVID-19
DE-TH,00+,2023-02-12,2023-01-24,-19 day ahead inc hosp,quantile,0.25,108,COVID-19
DE-TH,00+,2023-02-12,2023-01-24,-19 day ahead inc hosp,quantile,0.5,109,COVID-19
DE-TH,00+,2023-02-12,2023-01-24,-19 day ahead inc hosp,quantile,0.75,109,COVID-19
DE-TH,00+,2023-02-12,2023-01-24,-19 day ahead inc hosp,quantile,0.9,110,COVID-19
DE-TH,00+,2023-02-12,2023-01-24,-19 day ahead inc hosp,quantile,0.975,112,COVID-19
DE-TH,00+,2023-02-12,2023-01-25,-18 day ahead inc hosp,mean,NA,102.821,COVID-19
DE-TH,00+,2023-02-12,2023-01-25,-18 day ahead inc hosp,quantile,0.025,101,COVID-19
DE-TH,00+,2023-02-12,2023-01-25,-18 day ahead inc hosp,quantile,0.1,101,COVID-19
DE-TH,00+,2023-02-12,2023-01-25,-18 day ahead inc hosp,quantile,0.25,102,COVID-19
DE-TH,00+,2023-02-12,2023-01-25,-18 day ahead inc hosp,quantile,0.5,103,COVID-19
DE-TH,00+,2023-02-12,2023-01-25,-18 day ahead inc hosp,quantile,0.75,104,COVID-19
DE-TH,00+,2023-02-12,2023-01-25,-18 day ahead inc hosp,quantile,0.9,105,COVID-19
DE-TH,00+,2023-02-12,2023-01-25,-18 day ahead inc hosp,quantile,0.975,106,COVID-19
DE-TH,00+,2023-02-12,2023-01-26,-17 day ahead inc hosp,mean,NA,99.028,COVID-19
DE-TH,00+,2023-02-12,2023-01-26,-17 day ahead inc hosp,quantile,0.025,97,COVID-19
DE-TH,00+,2023-02-12,2023-01-26,-17 day ahead inc hosp,quantile,0.1,97,COVID-19
DE-TH,00+,2023-02-12,2023-01-26,-17 day ahead inc hosp,quantile,0.25,98,COVID-19
DE-TH,00+,2023-02-12,2023-01-26,-17 day ahead inc hosp,quantile,0.5,99,COVID-19
DE-TH,00+,2023-02-12,2023-01-26,-17 day ahead inc hosp,quantile,0.75,100,COVID-19
DE-TH,00+,2023-02-12,2023-01-26,-17 day ahead inc hosp,quantile,0.9,101,COVID-19
DE-TH,00+,2023-02-12,2023-01-26,-17 day ahead inc hosp,quantile,0.975,102,COVID-19
DE-TH,00+,2023-02-12,2023-01-27,-16 day ahead inc hosp,mean,NA,96.34,COVID-19
DE-TH,00+,2023-02-12,2023-01-27,-16 day ahead inc hosp,quantile,0.025,94,COVID-19
DE-TH,00+,2023-02-12,2023-01-27,-16 day ahead inc hosp,quantile,0.1,95,COVID-19
DE-TH,00+,2023-02-12,2023-01-27,-16 day ahead inc hosp,quantile,0.25,95,COVID-19
DE-TH,00+,2023-02-12,2023-01-27,-16 day ahead inc hosp,quantile,0.5,96,COVID-19
DE-TH,00+,2023-02-12,2023-01-27,-16 day ahead inc hosp,quantile,0.75,97,COVID-19
DE-TH,00+,2023-02-12,2023-01-27,-16 day ahead inc hosp,quantile,0.9,98,COVID-19
DE-TH,00+,2023-02-12,2023-01-27,-16 day ahead inc hosp,quantile,0.975,100,COVID-19
DE-TH,00+,2023-02-12,2023-01-28,-15 day ahead inc hosp,mean,NA,96.737,COVID-19
DE-TH,00+,2023-02-12,2023-01-28,-15 day ahead inc hosp,quantile,0.025,94,COVID-19
DE-TH,00+,2023-02-12,2023-01-28,-15 day ahead inc hosp,quantile,0.1,95,COVID-19
DE-TH,00+,2023-02-12,2023-01-28,-15 day ahead inc hosp,quantile,0.25,96,COVID-19
DE-TH,00+,2023-02-12,2023-01-28,-15 day ahead inc hosp,quantile,0.5,97,COVID-19
DE-TH,00+,2023-02-12,2023-01-28,-15 day ahead inc hosp,quantile,0.75,98,COVID-19
DE-TH,00+,2023-02-12,2023-01-28,-15 day ahead inc hosp,quantile,0.9,99,COVID-19
DE-TH,00+,2023-02-12,2023-01-28,-15 day ahead inc hosp,quantile,0.975,101,COVID-19
DE-TH,00+,2023-02-12,2023-01-29,-14 day ahead inc hosp,mean,NA,96.854,COVID-19
DE-TH,00+,2023-02-12,2023-01-29,-14 day ahead inc hosp,quantile,0.025,94,COVID-19
DE-TH,00+,2023-02-12,2023-01-29,-14 day ahead inc hosp,quantile,0.1,95,COVID-19
DE-TH,00+,2023-02-12,2023-01-29,-14 day ahead inc hosp,quantile,0.25,96,COVID-19
DE-TH,00+,2023-02-12,2023-01-29,-14 day ahead inc hosp,quantile,0.5,97,COVID-19
DE-TH,00+,2023-02-12,2023-01-29,-14 day ahead inc hosp,quantile,0.75,98,COVID-19
DE-TH,00+,2023-02-12,2023-01-29,-14 day ahead inc hosp,quantile,0.9,99,COVID-19
DE-TH,00+,2023-02-12,2023-01-29,-14 day ahead inc hosp,quantile,0.975,101,COVID-19
DE-TH,00+,2023-02-12,2023-01-30,-13 day ahead inc hosp,mean,NA,101.951,COVID-19
DE-TH,00+,2023-02-12,2023-01-30,-13 day ahead inc hosp,quantile,0.025,99,COVID-19
DE-TH,00+,2023-02-12,2023-01-30,-13 day ahead inc hosp,quantile,0.1,100,COVID-19
DE-TH,00+,2023-02-12,2023-01-30,-13 day ahead inc hosp,quantile,0.25,101,COVID-19
DE-TH,00+,2023-02-12,2023-01-30,-13 day ahead inc hosp,quantile,0.5,102,COVID-19
DE-TH,00+,2023-02-12,2023-01-30,-13 day ahead inc hosp,quantile,0.75,103,COVID-19
DE-TH,00+,2023-02-12,2023-01-30,-13 day ahead inc hosp,quantile,0.9,104,COVID-19
DE-TH,00+,2023-02-12,2023-01-30,-13 day ahead inc hosp,quantile,0.975,106,COVID-19
DE-TH,00+,2023-02-12,2023-01-31,-12 day ahead inc hosp,mean,NA,104.624,COVID-19
DE-TH,00+,2023-02-12,2023-01-31,-12 day ahead inc hosp,quantile,0.025,101,COVID-19
DE-TH,00+,2023-02-12,2023-01-31,-12 day ahead inc hosp,quantile,0.1,102,COVID-19
DE-TH,00+,2023-02-12,2023-01-31,-12 day ahead inc hosp,quantile,0.25,103,COVID-19
DE-TH,00+,2023-02-12,2023-01-31,-12 day ahead inc hosp,quantile,0.5,104,COVID-19
DE-TH,00+,2023-02-12,2023-01-31,-12 day ahead inc hosp,quantile,0.75,106,COVID-19
DE-TH,00+,2023-02-12,2023-01-31,-12 day ahead inc hosp,quantile,0.9,107,COVID-19
DE-TH,00+,2023-02-12,2023-01-31,-12 day ahead inc hosp,quantile,0.975,109,COVID-19
DE-TH,00+,2023-02-12,2023-02-01,-11 day ahead inc hosp,mean,NA,111.453,COVID-19
DE-TH,00+,2023-02-12,2023-02-01,-11 day ahead inc hosp,quantile,0.025,108,COVID-19
DE-TH,00+,2023-02-12,2023-02-01,-11 day ahead inc hosp,quantile,0.1,109,COVID-19
DE-TH,00+,2023-02-12,2023-02-01,-11 day ahead inc hosp,quantile,0.25,110,COVID-19
DE-TH,00+,2023-02-12,2023-02-01,-11 day ahead inc hosp,quantile,0.5,111,COVID-19
DE-TH,00+,2023-02-12,2023-02-01,-11 day ahead inc hosp,quantile,0.75,113,COVID-19
DE-TH,00+,2023-02-12,2023-02-01,-11 day ahead inc hosp,quantile,0.9,114,COVID-19
DE-TH,00+,2023-02-12,2023-02-01,-11 day ahead inc hosp,quantile,0.975,116,COVID-19
DE-TH,00+,2023-02-12,2023-02-02,-10 day ahead inc hosp,mean,NA,121.376,COVID-19
DE-TH,00+,2023-02-12,2023-02-02,-10 day ahead inc hosp,quantile,0.025,117,COVID-19
DE-TH,00+,2023-02-12,2023-02-02,-10 day ahead inc hosp,quantile,0.1,119,COVID-19
DE-TH,00+,2023-02-12,2023-02-02,-10 day ahead inc hosp,quantile,0.25,120,COVID-19
DE-TH,00+,2023-02-12,2023-02-02,-10 day ahead inc hosp,quantile,0.5,121,COVID-19
DE-TH,00+,2023-02-12,2023-02-02,-10 day ahead inc hosp,quantile,0.75,123,COVID-19
DE-TH,00+,2023-02-12,2023-02-02,-10 day ahead inc hosp,quantile,0.9,124,COVID-19
DE-TH,00+,2023-02-12,2023-02-02,-10 day ahead inc hosp,quantile,0.975,127,COVID-19
DE-TH,00+,2023-02-12,2023-02-03,-9 day ahead inc hosp,mean,NA,133.567,COVID-19
DE-TH,00+,2023-02-12,2023-02-03,-9 day ahead inc hosp,quantile,0.025,129,COVID-19
DE-TH,00+,2023-02-12,2023-02-03,-9 day ahead inc hosp,quantile,0.1,130,COVID-19
DE-TH,00+,2023-02-12,2023-02-03,-9 day ahead inc hosp,quantile,0.25,132,COVID-19
DE-TH,00+,2023-02-12,2023-02-03,-9 day ahead inc hosp,quantile,0.5,133,COVID-19
DE-TH,00+,2023-02-12,2023-02-03,-9 day ahead inc hosp,quantile,0.75,135,COVID-19
DE-TH,00+,2023-02-12,2023-02-03,-9 day ahead inc hosp,quantile,0.9,137,COVID-19
DE-TH,00+,2023-02-12,2023-02-03,-9 day ahead inc hosp,quantile,0.975,139,COVID-19
DE-TH,00+,2023-02-12,2023-02-04,-8 day ahead inc hosp,mean,NA,144.907,COVID-19
DE-TH,00+,2023-02-12,2023-02-04,-8 day ahead inc hosp,quantile,0.025,140,COVID-19
DE-TH,00+,2023-02-12,2023-02-04,-8 day ahead inc hosp,quantile,0.1,141,COVID-19
DE-TH,00+,2023-02-12,2023-02-04,-8 day ahead inc hosp,quantile,0.25,143,COVID-19
DE-TH,00+,2023-02-12,2023-02-04,-8 day ahead inc hosp,quantile,0.5,145,COVID-19
DE-TH,00+,2023-02-12,2023-02-04,-8 day ahead inc hosp,quantile,0.75,147,COVID-19
DE-TH,00+,2023-02-12,2023-02-04,-8 day ahead inc hosp,quantile,0.9,149,COVID-19
DE-TH,00+,2023-02-12,2023-02-04,-8 day ahead inc hosp,quantile,0.975,151,COVID-19
DE-TH,00+,2023-02-12,2023-02-05,-7 day ahead inc hosp,mean,NA,146.39,COVID-19
DE-TH,00+,2023-02-12,2023-02-05,-7 day ahead inc hosp,quantile,0.025,141,COVID-19
DE-TH,00+,2023-02-12,2023-02-05,-7 day ahead inc hosp,quantile,0.1,143,COVID-19
DE-TH,00+,2023-02-12,2023-02-05,-7 day ahead inc hosp,quantile,0.25,144,COVID-19
DE-TH,00+,2023-02-12,2023-02-05,-7 day ahead inc hosp,quantile,0.5,146,COVID-19
DE-TH,00+,2023-02-12,2023-02-05,-7 day ahead inc hosp,quantile,0.75,148,COVID-19
DE-TH,00+,2023-02-12,2023-02-05,-7 day ahead inc hosp,quantile,0.9,150,COVID-19
DE-TH,00+,2023-02-12,2023-02-05,-7 day ahead inc hosp,quantile,0.975,153,COVID-19
DE-TH,00+,2023-02-12,2023-02-06,-6 day ahead inc hosp,mean,NA,143.858,COVID-19
DE-TH,00+,2023-02-12,2023-02-06,-6 day ahead inc hosp,quantile,0.025,138,COVID-19
DE-TH,00+,2023-02-12,2023-02-06,-6 day ahead inc hosp,quantile,0.1,140,COVID-19
DE-TH,00+,2023-02-12,2023-02-06,-6 day ahead inc hosp,quantile,0.25,142,COVID-19
DE-TH,00+,2023-02-12,2023-02-06,-6 day ahead inc hosp,quantile,0.5,144,COVID-19
DE-TH,00+,2023-02-12,2023-02-06,-6 day ahead inc hosp,quantile,0.75,146,COVID-19
DE-TH,00+,2023-02-12,2023-02-06,-6 day ahead inc hosp,quantile,0.9,148,COVID-19
DE-TH,00+,2023-02-12,2023-02-06,-6 day ahead inc hosp,quantile,0.975,150,COVID-19
DE-TH,00+,2023-02-12,2023-02-07,-5 day ahead inc hosp,mean,NA,142.838,COVID-19
DE-TH,00+,2023-02-12,2023-02-07,-5 day ahead inc hosp,quantile,0.025,136,COVID-19
DE-TH,00+,2023-02-12,2023-02-07,-5 day ahead inc hosp,quantile,0.1,138,COVID-19
DE-TH,00+,2023-02-12,2023-02-07,-5 day ahead inc hosp,quantile,0.25,140,COVID-19
DE-TH,00+,2023-02-12,2023-02-07,-5 day ahead inc hosp,quantile,0.5,143,COVID-19
DE-TH,00+,2023-02-12,2023-02-07,-5 day ahead inc hosp,quantile,0.75,145,COVID-19
DE-TH,00+,2023-02-12,2023-02-07,-5 day ahead inc hosp,quantile,0.9,148,COVID-19
DE-TH,00+,2023-02-12,2023-02-07,-5 day ahead inc hosp,quantile,0.975,151,COVID-19
DE-TH,00+,2023-02-12,2023-02-08,-4 day ahead inc hosp,mean,NA,145.75,COVID-19
DE-TH,00+,2023-02-12,2023-02-08,-4 day ahead inc hosp,quantile,0.025,137,COVID-19
DE-TH,00+,2023-02-12,2023-02-08,-4 day ahead inc hosp,quantile,0.1,140,COVID-19
DE-TH,00+,2023-02-12,2023-02-08,-4 day ahead inc hosp,quantile,0.25,143,COVID-19
DE-TH,00+,2023-02-12,2023-02-08,-4 day ahead inc hosp,quantile,0.5,145,COVID-19
DE-TH,00+,2023-02-12,2023-02-08,-4 day ahead inc hosp,quantile,0.75,149,COVID-19
DE-TH,00+,2023-02-12,2023-02-08,-4 day ahead inc hosp,quantile,0.9,152,COVID-19
DE-TH,00+,2023-02-12,2023-02-08,-4 day ahead inc hosp,quantile,0.975,155,COVID-19
DE-TH,00+,2023-02-12,2023-02-09,-3 day ahead inc hosp,mean,NA,149.509,COVID-19
DE-TH,00+,2023-02-12,2023-02-09,-3 day ahead inc hosp,quantile,0.025,140,COVID-19
DE-TH,00+,2023-02-12,2023-02-09,-3 day ahead inc hosp,quantile,0.1,143,COVID-19
DE-TH,00+,2023-02-12,2023-02-09,-3 day ahead inc hosp,quantile,0.25,146,COVID-19
DE-TH,00+,2023-02-12,2023-02-09,-3 day ahead inc hosp,quantile,0.5,149,COVID-19
DE-TH,00+,2023-02-12,2023-02-09,-3 day ahead inc hosp,quantile,0.75,153,COVID-19
DE-TH,00+,2023-02-12,2023-02-09,-3 day ahead inc hosp,quantile,0.9,157,COVID-19
DE-TH,00+,2023-02-12,2023-02-09,-3 day ahead inc hosp,quantile,0.975,162,COVID-19
DE-TH,00+,2023-02-12,2023-02-10,-2 day ahead inc hosp,mean,NA,164.715,COVID-19
DE-TH,00+,2023-02-12,2023-02-10,-2 day ahead inc hosp,quantile,0.025,152,COVID-19
DE-TH,00+,2023-02-12,2023-02-10,-2 day ahead inc hosp,quantile,0.1,156,COVID-19
DE-TH,00+,2023-02-12,2023-02-10,-2 day ahead inc hosp,quantile,0.25,159,COVID-19
DE-TH,00+,2023-02-12,2023-02-10,-2 day ahead inc hosp,quantile,0.5,164,COVID-19
DE-TH,00+,2023-02-12,2023-02-10,-2 day ahead inc hosp,quantile,0.75,169,COVID-19
DE-TH,00+,2023-02-12,2023-02-10,-2 day ahead inc hosp,quantile,0.9,174,COVID-19
DE-TH,00+,2023-02-12,2023-02-10,-2 day ahead inc hosp,quantile,0.975,181,COVID-19
DE-TH,00+,2023-02-12,2023-02-11,-1 day ahead inc hosp,mean,NA,160.804,COVID-19
DE-TH,00+,2023-02-12,2023-02-11,-1 day ahead inc hosp,quantile,0.025,145,COVID-19
DE-TH,00+,2023-02-12,2023-02-11,-1 day ahead inc hosp,quantile,0.1,149,COVID-19
DE-TH,00+,2023-02-12,2023-02-11,-1 day ahead inc hosp,quantile,0.25,154,COVID-19
DE-TH,00+,2023-02-12,2023-02-11,-1 day ahead inc hosp,quantile,0.5,160,COVID-19
DE-TH,00+,2023-02-12,2023-02-11,-1 day ahead inc hosp,quantile,0.75,167,COVID-19
DE-TH,00+,2023-02-12,2023-02-11,-1 day ahead inc hosp,quantile,0.9,173,COVID-19
DE-TH,00+,2023-02-12,2023-02-11,-1 day ahead inc hosp,quantile,0.975,181,COVID-19
DE-TH,00+,2023-02-12,2023-02-12,0 day ahead inc hosp,mean,NA,162.862,COVID-19
DE-TH,00+,2023-02-12,2023-02-12,0 day ahead inc hosp,quantile,0.025,145,COVID-19
DE-TH,00+,2023-02-12,2023-02-12,0 day ahead inc hosp,quantile,0.1,150,COVID-19
DE-TH,00+,2023-02-12,2023-02-12,0 day ahead inc hosp,quantile,0.25,155,COVID-19
DE-TH,00+,2023-02-12,2023-02-12,0 day ahead inc hosp,quantile,0.5,162,COVID-19
DE-TH,00+,2023-02-12,2023-02-12,0 day ahead inc hosp,quantile,0.75,169,COVID-19
DE-TH,00+,2023-02-12,2023-02-12,0 day ahead inc hosp,quantile,0.9,176,COVID-19
DE-TH,00+,2023-02-12,2023-02-12,0 day ahead inc hosp,quantile,0.975,186,COVID-19
