location,age_group,forecast_date,target_end_date,target,type,quantile,value,pathogen
DE,00+,2023-04-16,2023-03-19,-28 day ahead inc hosp,mean,NA,9235.811,COVID-19
DE,00+,2023-04-16,2023-03-19,-28 day ahead inc hosp,quantile,0.025,9203,COVID-19
DE,00+,2023-04-16,2023-03-19,-28 day ahead inc hosp,quantile,0.1,9213,COVID-19
DE,00+,2023-04-16,2023-03-19,-28 day ahead inc hosp,quantile,0.25,9223,COVID-19
DE,00+,2023-04-16,2023-03-19,-28 day ahead inc hosp,quantile,0.5,9235,COVID-19
DE,00+,2023-04-16,2023-03-19,-28 day ahead inc hosp,quantile,0.75,9247,COVID-19
DE,00+,2023-04-16,2023-03-19,-28 day ahead inc hosp,quantile,0.9,9259,COVID-19
DE,00+,2023-04-16,2023-03-19,-28 day ahead inc hosp,quantile,0.975,9275,COVID-19
DE,00+,2023-04-16,2023-03-20,-27 day ahead inc hosp,mean,NA,9195.756,COVID-19
DE,00+,2023-04-16,2023-03-20,-27 day ahead inc hosp,quantile,0.025,9164,COVID-19
DE,00+,2023-04-16,2023-03-20,-27 day ahead inc hosp,quantile,0.1,9173,COVID-19
DE,00+,2023-04-16,2023-03-20,-27 day ahead inc hosp,quantile,0.25,9183,COVID-19
DE,00+,2023-04-16,2023-03-20,-27 day ahead inc hosp,quantile,0.5,9195,COVID-19
DE,00+,2023-04-16,2023-03-20,-27 day ahead inc hosp,quantile,0.75,9208,COVID-19
DE,00+,2023-04-16,2023-03-20,-27 day ahead inc hosp,quantile,0.9,9218,COVID-19
DE,00+,2023-04-16,2023-03-20,-27 day ahead inc hosp,quantile,0.975,9234,COVID-19
DE,00+,2023-04-16,2023-03-21,-26 day ahead inc hosp,mean,NA,8976.474,COVID-19
DE,00+,2023-04-16,2023-03-21,-26 day ahead inc hosp,quantile,0.025,8944,COVID-19
DE,00+,2023-04-16,2023-03-21,-26 day ahead inc hosp,quantile,0.1,8953,COVID-19
DE,00+,2023-04-16,2023-03-21,-26 day ahead inc hosp,quantile,0.25,8963,COVID-19
DE,00+,2023-04-16,2023-03-21,-26 day ahead inc hosp,quantile,0.5,8975,COVID-19
DE,00+,2023-04-16,2023-03-21,-26 day ahead inc hosp,quantile,0.75,8989,COVID-19
DE,00+,2023-04-16,2023-03-21,-26 day ahead inc hosp,quantile,0.9,9002,COVID-19
DE,00+,2023-04-16,2023-03-21,-26 day ahead inc hosp,quantile,0.975,9019,COVID-19
DE,00+,2023-04-16,2023-03-22,-25 day ahead inc hosp,mean,NA,8653.258,COVID-19
DE,00+,2023-04-16,2023-03-22,-25 day ahead inc hosp,quantile,0.025,8618,COVID-19
DE,00+,2023-04-16,2023-03-22,-25 day ahead inc hosp,quantile,0.1,8629,COVID-19
DE,00+,2023-04-16,2023-03-22,-25 day ahead inc hosp,quantile,0.25,8639,COVID-19
DE,00+,2023-04-16,2023-03-22,-25 day ahead inc hosp,quantile,0.5,8652,COVID-19
DE,00+,2023-04-16,2023-03-22,-25 day ahead inc hosp,quantile,0.75,8665,COVID-19
DE,00+,2023-04-16,2023-03-22,-25 day ahead inc hosp,quantile,0.9,8680,COVID-19
DE,00+,2023-04-16,2023-03-22,-25 day ahead inc hosp,quantile,0.975,8695,COVID-19
DE,00+,2023-04-16,2023-03-23,-24 day ahead inc hosp,mean,NA,8439.675,COVID-19
DE,00+,2023-04-16,2023-03-23,-24 day ahead inc hosp,quantile,0.025,8403,COVID-19
DE,00+,2023-04-16,2023-03-23,-24 day ahead inc hosp,quantile,0.1,8415,COVID-19
DE,00+,2023-04-16,2023-03-23,-24 day ahead inc hosp,quantile,0.25,8425,COVID-19
DE,00+,2023-04-16,2023-03-23,-24 day ahead inc hosp,quantile,0.5,8439,COVID-19
DE,00+,2023-04-16,2023-03-23,-24 day ahead inc hosp,quantile,0.75,8453,COVID-19
DE,00+,2023-04-16,2023-03-23,-24 day ahead inc hosp,quantile,0.9,8467,COVID-19
DE,00+,2023-04-16,2023-03-23,-24 day ahead inc hosp,quantile,0.975,8482,COVID-19
DE,00+,2023-04-16,2023-03-24,-23 day ahead inc hosp,mean,NA,8133.477,COVID-19
DE,00+,2023-04-16,2023-03-24,-23 day ahead inc hosp,quantile,0.025,8098,COVID-19
DE,00+,2023-04-16,2023-03-24,-23 day ahead inc hosp,quantile,0.1,8109,COVID-19
DE,00+,2023-04-16,2023-03-24,-23 day ahead inc hosp,quantile,0.25,8118,COVID-19
DE,00+,2023-04-16,2023-03-24,-23 day ahead inc hosp,quantile,0.5,8131,COVID-19
DE,00+,2023-04-16,2023-03-24,-23 day ahead inc hosp,quantile,0.75,8148,COVID-19
DE,00+,2023-04-16,2023-03-24,-23 day ahead inc hosp,quantile,0.9,8161,COVID-19
DE,00+,2023-04-16,2023-03-24,-23 day ahead inc hosp,quantile,0.975,8173,COVID-19
DE,00+,2023-04-16,2023-03-25,-22 day ahead inc hosp,mean,NA,7910.167,COVID-19
DE,00+,2023-04-16,2023-03-25,-22 day ahead inc hosp,quantile,0.025,7872,COVID-19
DE,00+,2023-04-16,2023-03-25,-22 day ahead inc hosp,quantile,0.1,7883,COVID-19
DE,00+,2023-04-16,2023-03-25,-22 day ahead inc hosp,quantile,0.25,7895,COVID-19
DE,00+,2023-04-16,2023-03-25,-22 day ahead inc hosp,quantile,0.5,7909,COVID-19
DE,00+,2023-04-16,2023-03-25,-22 day ahead inc hosp,quantile,0.75,7925,COVID-19
DE,00+,2023-04-16,2023-03-25,-22 day ahead inc hosp,quantile,0.9,7939,COVID-19
DE,00+,2023-04-16,2023-03-25,-22 day ahead inc hosp,quantile,0.975,7951,COVID-19
DE,00+,2023-04-16,2023-03-26,-21 day ahead inc hosp,mean,NA,7795.012,COVID-19
DE,00+,2023-04-16,2023-03-26,-21 day ahead inc hosp,quantile,0.025,7755,COVID-19
DE,00+,2023-04-16,2023-03-26,-21 day ahead inc hosp,quantile,0.1,7769,COVID-19
DE,00+,2023-04-16,2023-03-26,-21 day ahead inc hosp,quantile,0.25,7780,COVID-19
DE,00+,2023-04-16,2023-03-26,-21 day ahead inc hosp,quantile,0.5,7793,COVID-19
DE,00+,2023-04-16,2023-03-26,-21 day ahead inc hosp,quantile,0.75,7810,COVID-19
DE,00+,2023-04-16,2023-03-26,-21 day ahead inc hosp,quantile,0.9,7824,COVID-19
DE,00+,2023-04-16,2023-03-26,-21 day ahead inc hosp,quantile,0.975,7837,COVID-19
DE,00+,2023-04-16,2023-03-27,-20 day ahead inc hosp,mean,NA,7735.3,COVID-19
DE,00+,2023-04-16,2023-03-27,-20 day ahead inc hosp,quantile,0.025,7695,COVID-19
DE,00+,2023-04-16,2023-03-27,-20 day ahead inc hosp,quantile,0.1,7708,COVID-19
DE,00+,2023-04-16,2023-03-27,-20 day ahead inc hosp,quantile,0.25,7720,COVID-19
DE,00+,2023-04-16,2023-03-27,-20 day ahead inc hosp,quantile,0.5,7733,COVID-19
DE,00+,2023-04-16,2023-03-27,-20 day ahead inc hosp,quantile,0.75,7751,COVID-19
DE,00+,2023-04-16,2023-03-27,-20 day ahead inc hosp,quantile,0.9,7763,COVID-19
DE,00+,2023-04-16,2023-03-27,-20 day ahead inc hosp,quantile,0.975,7777,COVID-19
DE,00+,2023-04-16,2023-03-28,-19 day ahead inc hosp,mean,NA,7183.966,COVID-19
DE,00+,2023-04-16,2023-03-28,-19 day ahead inc hosp,quantile,0.025,7144,COVID-19
DE,00+,2023-04-16,2023-03-28,-19 day ahead inc hosp,quantile,0.1,7157,COVID-19
DE,00+,2023-04-16,2023-03-28,-19 day ahead inc hosp,quantile,0.25,7169,COVID-19
DE,00+,2023-04-16,2023-03-28,-19 day ahead inc hosp,quantile,0.5,7183,COVID-19
DE,00+,2023-04-16,2023-03-28,-19 day ahead inc hosp,quantile,0.75,7198,COVID-19
DE,00+,2023-04-16,2023-03-28,-19 day ahead inc hosp,quantile,0.9,7212,COVID-19
DE,00+,2023-04-16,2023-03-28,-19 day ahead inc hosp,quantile,0.975,7229,COVID-19
DE,00+,2023-04-16,2023-03-29,-18 day ahead inc hosp,mean,NA,6723.732,COVID-19
DE,00+,2023-04-16,2023-03-29,-18 day ahead inc hosp,quantile,0.025,6684,COVID-19
DE,00+,2023-04-16,2023-03-29,-18 day ahead inc hosp,quantile,0.1,6695,COVID-19
DE,00+,2023-04-16,2023-03-29,-18 day ahead inc hosp,quantile,0.25,6708,COVID-19
DE,00+,2023-04-16,2023-03-29,-18 day ahead inc hosp,quantile,0.5,6723,COVID-19
DE,00+,2023-04-16,2023-03-29,-18 day ahead inc hosp,quantile,0.75,6739,COVID-19
DE,00+,2023-04-16,2023-03-29,-18 day ahead inc hosp,quantile,0.9,6753,COVID-19
DE,00+,2023-04-16,2023-03-29,-18 day ahead inc hosp,quantile,0.975,6770,COVID-19
DE,00+,2023-04-16,2023-03-30,-17 day ahead inc hosp,mean,NA,6375.48,COVID-19
DE,00+,2023-04-16,2023-03-30,-17 day ahead inc hosp,quantile,0.025,6335,COVID-19
DE,00+,2023-04-16,2023-03-30,-17 day ahead inc hosp,quantile,0.1,6346,COVID-19
DE,00+,2023-04-16,2023-03-30,-17 day ahead inc hosp,quantile,0.25,6359,COVID-19
DE,00+,2023-04-16,2023-03-30,-17 day ahead inc hosp,quantile,0.5,6375,COVID-19
DE,00+,2023-04-16,2023-03-30,-17 day ahead inc hosp,quantile,0.75,6391,COVID-19
DE,00+,2023-04-16,2023-03-30,-17 day ahead inc hosp,quantile,0.9,6405,COVID-19
DE,00+,2023-04-16,2023-03-30,-17 day ahead inc hosp,quantile,0.975,6421,COVID-19
DE,00+,2023-04-16,2023-03-31,-16 day ahead inc hosp,mean,NA,6081.435,COVID-19
DE,00+,2023-04-16,2023-03-31,-16 day ahead inc hosp,quantile,0.025,6038,COVID-19
DE,00+,2023-04-16,2023-03-31,-16 day ahead inc hosp,quantile,0.1,6051,COVID-19
DE,00+,2023-04-16,2023-03-31,-16 day ahead inc hosp,quantile,0.25,6065,COVID-19
DE,00+,2023-04-16,2023-03-31,-16 day ahead inc hosp,quantile,0.5,6081,COVID-19
DE,00+,2023-04-16,2023-03-31,-16 day ahead inc hosp,quantile,0.75,6098,COVID-19
DE,00+,2023-04-16,2023-03-31,-16 day ahead inc hosp,quantile,0.9,6113,COVID-19
DE,00+,2023-04-16,2023-03-31,-16 day ahead inc hosp,quantile,0.975,6128,COVID-19
DE,00+,2023-04-16,2023-04-01,-15 day ahead inc hosp,mean,NA,5818.723,COVID-19
DE,00+,2023-04-16,2023-04-01,-15 day ahead inc hosp,quantile,0.025,5775,COVID-19
DE,00+,2023-04-16,2023-04-01,-15 day ahead inc hosp,quantile,0.1,5787,COVID-19
DE,00+,2023-04-16,2023-04-01,-15 day ahead inc hosp,quantile,0.25,5801,COVID-19
DE,00+,2023-04-16,2023-04-01,-15 day ahead inc hosp,quantile,0.5,5818,COVID-19
DE,00+,2023-04-16,2023-04-01,-15 day ahead inc hosp,quantile,0.75,5835,COVID-19
DE,00+,2023-04-16,2023-04-01,-15 day ahead inc hosp,quantile,0.9,5850,COVID-19
DE,00+,2023-04-16,2023-04-01,-15 day ahead inc hosp,quantile,0.975,5868,COVID-19
DE,00+,2023-04-16,2023-04-02,-14 day ahead inc hosp,mean,NA,5804.44,COVID-19
DE,00+,2023-04-16,2023-04-02,-14 day ahead inc hosp,quantile,0.025,5759,COVID-19
DE,00+,2023-04-16,2023-04-02,-14 day ahead inc hosp,quantile,0.1,5773,COVID-19
DE,00+,2023-04-16,2023-04-02,-14 day ahead inc hosp,quantile,0.25,5787,COVID-19
DE,00+,2023-04-16,2023-04-02,-14 day ahead inc hosp,quantile,0.5,5804,COVID-19
DE,00+,2023-04-16,2023-04-02,-14 day ahead inc hosp,quantile,0.75,5821,COVID-19
DE,00+,2023-04-16,2023-04-02,-14 day ahead inc hosp,quantile,0.9,5835,COVID-19
DE,00+,2023-04-16,2023-04-02,-14 day ahead inc hosp,quantile,0.975,5854,COVID-19
DE,00+,2023-04-16,2023-04-03,-13 day ahead inc hosp,mean,NA,5764.059,COVID-19
DE,00+,2023-04-16,2023-04-03,-13 day ahead inc hosp,quantile,0.025,5720,COVID-19
DE,00+,2023-04-16,2023-04-03,-13 day ahead inc hosp,quantile,0.1,5733,COVID-19
DE,00+,2023-04-16,2023-04-03,-13 day ahead inc hosp,quantile,0.25,5746,COVID-19
DE,00+,2023-04-16,2023-04-03,-13 day ahead inc hosp,quantile,0.5,5763,COVID-19
DE,00+,2023-04-16,2023-04-03,-13 day ahead inc hosp,quantile,0.75,5781,COVID-19
DE,00+,2023-04-16,2023-04-03,-13 day ahead inc hosp,quantile,0.9,5795,COVID-19
DE,00+,2023-04-16,2023-04-03,-13 day ahead inc hosp,quantile,0.975,5812,COVID-19
DE,00+,2023-04-16,2023-04-04,-12 day ahead inc hosp,mean,NA,5336.098,COVID-19
DE,00+,2023-04-16,2023-04-04,-12 day ahead inc hosp,quantile,0.025,5287,COVID-19
DE,00+,2023-04-16,2023-04-04,-12 day ahead inc hosp,quantile,0.1,5303,COVID-19
DE,00+,2023-04-16,2023-04-04,-12 day ahead inc hosp,quantile,0.25,5318,COVID-19
DE,00+,2023-04-16,2023-04-04,-12 day ahead inc hosp,quantile,0.5,5336,COVID-19
DE,00+,2023-04-16,2023-04-04,-12 day ahead inc hosp,quantile,0.75,5352,COVID-19
DE,00+,2023-04-16,2023-04-04,-12 day ahead inc hosp,quantile,0.9,5369,COVID-19
DE,00+,2023-04-16,2023-04-04,-12 day ahead inc hosp,quantile,0.975,5393,COVID-19
DE,00+,2023-04-16,2023-04-05,-11 day ahead inc hosp,mean,NA,5185.207,COVID-19
DE,00+,2023-04-16,2023-04-05,-11 day ahead inc hosp,quantile,0.025,5132,COVID-19
DE,00+,2023-04-16,2023-04-05,-11 day ahead inc hosp,quantile,0.1,5149,COVID-19
DE,00+,2023-04-16,2023-04-05,-11 day ahead inc hosp,quantile,0.25,5165,COVID-19
DE,00+,2023-04-16,2023-04-05,-11 day ahead inc hosp,quantile,0.5,5185,COVID-19
DE,00+,2023-04-16,2023-04-05,-11 day ahead inc hosp,quantile,0.75,5203,COVID-19
DE,00+,2023-04-16,2023-04-05,-11 day ahead inc hosp,quantile,0.9,5223,COVID-19
DE,00+,2023-04-16,2023-04-05,-11 day ahead inc hosp,quantile,0.975,5242,COVID-19
DE,00+,2023-04-16,2023-04-06,-10 day ahead inc hosp,mean,NA,4905.269,COVID-19
DE,00+,2023-04-16,2023-04-06,-10 day ahead inc hosp,quantile,0.025,4846,COVID-19
DE,00+,2023-04-16,2023-04-06,-10 day ahead inc hosp,quantile,0.1,4868,COVID-19
DE,00+,2023-04-16,2023-04-06,-10 day ahead inc hosp,quantile,0.25,4885,COVID-19
DE,00+,2023-04-16,2023-04-06,-10 day ahead inc hosp,quantile,0.5,4905,COVID-19
DE,00+,2023-04-16,2023-04-06,-10 day ahead inc hosp,quantile,0.75,4925,COVID-19
DE,00+,2023-04-16,2023-04-06,-10 day ahead inc hosp,quantile,0.9,4946,COVID-19
DE,00+,2023-04-16,2023-04-06,-10 day ahead inc hosp,quantile,0.975,4967,COVID-19
DE,00+,2023-04-16,2023-04-07,-9 day ahead inc hosp,mean,NA,4712.337,COVID-19
DE,00+,2023-04-16,2023-04-07,-9 day ahead inc hosp,quantile,0.025,4649,COVID-19
DE,00+,2023-04-16,2023-04-07,-9 day ahead inc hosp,quantile,0.1,4669,COVID-19
DE,00+,2023-04-16,2023-04-07,-9 day ahead inc hosp,quantile,0.25,4689,COVID-19
DE,00+,2023-04-16,2023-04-07,-9 day ahead inc hosp,quantile,0.5,4711,COVID-19
DE,00+,2023-04-16,2023-04-07,-9 day ahead inc hosp,quantile,0.75,4736,COVID-19
DE,00+,2023-04-16,2023-04-07,-9 day ahead inc hosp,quantile,0.9,4758,COVID-19
DE,00+,2023-04-16,2023-04-07,-9 day ahead inc hosp,quantile,0.975,4786,COVID-19
DE,00+,2023-04-16,2023-04-08,-8 day ahead inc hosp,mean,NA,4139.606,COVID-19
DE,00+,2023-04-16,2023-04-08,-8 day ahead inc hosp,quantile,0.025,4072,COVID-19
DE,00+,2023-04-16,2023-04-08,-8 day ahead inc hosp,quantile,0.1,4091,COVID-19
DE,00+,2023-04-16,2023-04-08,-8 day ahead inc hosp,quantile,0.25,4112,COVID-19
DE,00+,2023-04-16,2023-04-08,-8 day ahead inc hosp,quantile,0.5,4138,COVID-19
DE,00+,2023-04-16,2023-04-08,-8 day ahead inc hosp,quantile,0.75,4165,COVID-19
DE,00+,2023-04-16,2023-04-08,-8 day ahead inc hosp,quantile,0.9,4190,COVID-19
DE,00+,2023-04-16,2023-04-08,-8 day ahead inc hosp,quantile,0.975,4222,COVID-19
DE,00+,2023-04-16,2023-04-09,-7 day ahead inc hosp,mean,NA,4118.6,COVID-19
DE,00+,2023-04-16,2023-04-09,-7 day ahead inc hosp,quantile,0.025,4048,COVID-19
DE,00+,2023-04-16,2023-04-09,-7 day ahead inc hosp,quantile,0.1,4069,COVID-19
DE,00+,2023-04-16,2023-04-09,-7 day ahead inc hosp,quantile,0.25,4090,COVID-19
DE,00+,2023-04-16,2023-04-09,-7 day ahead inc hosp,quantile,0.5,4118,COVID-19
DE,00+,2023-04-16,2023-04-09,-7 day ahead inc hosp,quantile,0.75,4145,COVID-19
DE,00+,2023-04-16,2023-04-09,-7 day ahead inc hosp,quantile,0.9,4170,COVID-19
DE,00+,2023-04-16,2023-04-09,-7 day ahead inc hosp,quantile,0.975,4200,COVID-19
DE,00+,2023-04-16,2023-04-10,-6 day ahead inc hosp,mean,NA,4093.703,COVID-19
DE,00+,2023-04-16,2023-04-10,-6 day ahead inc hosp,quantile,0.025,4023,COVID-19
DE,00+,2023-04-16,2023-04-10,-6 day ahead inc hosp,quantile,0.1,4043,COVID-19
DE,00+,2023-04-16,2023-04-10,-6 day ahead inc hosp,quantile,0.25,4065,COVID-19
DE,00+,2023-04-16,2023-04-10,-6 day ahead inc hosp,quantile,0.5,4092,COVID-19
DE,00+,2023-04-16,2023-04-10,-6 day ahead inc hosp,quantile,0.75,4121,COVID-19
DE,00+,2023-04-16,2023-04-10,-6 day ahead inc hosp,quantile,0.9,4146,COVID-19
DE,00+,2023-04-16,2023-04-10,-6 day ahead inc hosp,quantile,0.975,4177,COVID-19
DE,00+,2023-04-16,2023-04-11,-5 day ahead inc hosp,mean,NA,2883.919,COVID-19
DE,00+,2023-04-16,2023-04-11,-5 day ahead inc hosp,quantile,0.025,2795,COVID-19
DE,00+,2023-04-16,2023-04-11,-5 day ahead inc hosp,quantile,0.1,2820,COVID-19
DE,00+,2023-04-16,2023-04-11,-5 day ahead inc hosp,quantile,0.25,2848,COVID-19
DE,00+,2023-04-16,2023-04-11,-5 day ahead inc hosp,quantile,0.5,2882,COVID-19
DE,00+,2023-04-16,2023-04-11,-5 day ahead inc hosp,quantile,0.75,2916,COVID-19
DE,00+,2023-04-16,2023-04-11,-5 day ahead inc hosp,quantile,0.9,2950,COVID-19
DE,00+,2023-04-16,2023-04-11,-5 day ahead inc hosp,quantile,0.975,3000,COVID-19
DE,00+,2023-04-16,2023-04-12,-4 day ahead inc hosp,mean,NA,3582.804,COVID-19
DE,00+,2023-04-16,2023-04-12,-4 day ahead inc hosp,quantile,0.025,3472,COVID-19
DE,00+,2023-04-16,2023-04-12,-4 day ahead inc hosp,quantile,0.1,3502,COVID-19
DE,00+,2023-04-16,2023-04-12,-4 day ahead inc hosp,quantile,0.25,3535,COVID-19
DE,00+,2023-04-16,2023-04-12,-4 day ahead inc hosp,quantile,0.5,3580,COVID-19
DE,00+,2023-04-16,2023-04-12,-4 day ahead inc hosp,quantile,0.75,3625,COVID-19
DE,00+,2023-04-16,2023-04-12,-4 day ahead inc hosp,quantile,0.9,3666,COVID-19
DE,00+,2023-04-16,2023-04-12,-4 day ahead inc hosp,quantile,0.975,3717,COVID-19
DE,00+,2023-04-16,2023-04-13,-3 day ahead inc hosp,mean,NA,3663.093,COVID-19
DE,00+,2023-04-16,2023-04-13,-3 day ahead inc hosp,quantile,0.025,3519,COVID-19
DE,00+,2023-04-16,2023-04-13,-3 day ahead inc hosp,quantile,0.1,3557,COVID-19
DE,00+,2023-04-16,2023-04-13,-3 day ahead inc hosp,quantile,0.25,3604,COVID-19
DE,00+,2023-04-16,2023-04-13,-3 day ahead inc hosp,quantile,0.5,3658,COVID-19
DE,00+,2023-04-16,2023-04-13,-3 day ahead inc hosp,quantile,0.75,3716,COVID-19
DE,00+,2023-04-16,2023-04-13,-3 day ahead inc hosp,quantile,0.9,3769,COVID-19
DE,00+,2023-04-16,2023-04-13,-3 day ahead inc hosp,quantile,0.975,3844,COVID-19
DE,00+,2023-04-16,2023-04-14,-2 day ahead inc hosp,mean,NA,3725.758,COVID-19
DE,00+,2023-04-16,2023-04-14,-2 day ahead inc hosp,quantile,0.025,3524,COVID-19
DE,00+,2023-04-16,2023-04-14,-2 day ahead inc hosp,quantile,0.1,3577,COVID-19
DE,00+,2023-04-16,2023-04-14,-2 day ahead inc hosp,quantile,0.25,3642,COVID-19
DE,00+,2023-04-16,2023-04-14,-2 day ahead inc hosp,quantile,0.5,3720,COVID-19
DE,00+,2023-04-16,2023-04-14,-2 day ahead inc hosp,quantile,0.75,3798,COVID-19
DE,00+,2023-04-16,2023-04-14,-2 day ahead inc hosp,quantile,0.9,3883,COVID-19
DE,00+,2023-04-16,2023-04-14,-2 day ahead inc hosp,quantile,0.975,3996,COVID-19
DE,00+,2023-04-16,2023-04-15,-1 day ahead inc hosp,mean,NA,4066.067,COVID-19
DE,00+,2023-04-16,2023-04-15,-1 day ahead inc hosp,quantile,0.025,3757,COVID-19
DE,00+,2023-04-16,2023-04-15,-1 day ahead inc hosp,quantile,0.1,3847,COVID-19
DE,00+,2023-04-16,2023-04-15,-1 day ahead inc hosp,quantile,0.25,3949,COVID-19
DE,00+,2023-04-16,2023-04-15,-1 day ahead inc hosp,quantile,0.5,4054,COVID-19
DE,00+,2023-04-16,2023-04-15,-1 day ahead inc hosp,quantile,0.75,4175,COVID-19
DE,00+,2023-04-16,2023-04-15,-1 day ahead inc hosp,quantile,0.9,4283,COVID-19
DE,00+,2023-04-16,2023-04-15,-1 day ahead inc hosp,quantile,0.975,4435,COVID-19
DE,00+,2023-04-16,2023-04-16,0 day ahead inc hosp,mean,NA,4048.94,COVID-19
DE,00+,2023-04-16,2023-04-16,0 day ahead inc hosp,quantile,0.025,3698,COVID-19
DE,00+,2023-04-16,2023-04-16,0 day ahead inc hosp,quantile,0.1,3809,COVID-19
DE,00+,2023-04-16,2023-04-16,0 day ahead inc hosp,quantile,0.25,3914,COVID-19
DE,00+,2023-04-16,2023-04-16,0 day ahead inc hosp,quantile,0.5,4032,COVID-19
DE,00+,2023-04-16,2023-04-16,0 day ahead inc hosp,quantile,0.75,4168,COVID-19
DE,00+,2023-04-16,2023-04-16,0 day ahead inc hosp,quantile,0.9,4304,COVID-19
DE,00+,2023-04-16,2023-04-16,0 day ahead inc hosp,quantile,0.975,4472,COVID-19
DE,00-04,2023-04-16,2023-03-19,-28 day ahead inc hosp,mean,NA,183.239,COVID-19
DE,00-04,2023-04-16,2023-03-19,-28 day ahead inc hosp,quantile,0.025,180,COVID-19
DE,00-04,2023-04-16,2023-03-19,-28 day ahead inc hosp,quantile,0.1,181,COVID-19
DE,00-04,2023-04-16,2023-03-19,-28 day ahead inc hosp,quantile,0.25,182,COVID-19
DE,00-04,2023-04-16,2023-03-19,-28 day ahead inc hosp,quantile,0.5,183,COVID-19
DE,00-04,2023-04-16,2023-03-19,-28 day ahead inc hosp,quantile,0.75,184,COVID-19
DE,00-04,2023-04-16,2023-03-19,-28 day ahead inc hosp,quantile,0.9,186,COVID-19
DE,00-04,2023-04-16,2023-03-19,-28 day ahead inc hosp,quantile,0.975,188,COVID-19
DE,00-04,2023-04-16,2023-03-20,-27 day ahead inc hosp,mean,NA,183.255,COVID-19
DE,00-04,2023-04-16,2023-03-20,-27 day ahead inc hosp,quantile,0.025,180,COVID-19
DE,00-04,2023-04-16,2023-03-20,-27 day ahead inc hosp,quantile,0.1,181,COVID-19
DE,00-04,2023-04-16,2023-03-20,-27 day ahead inc hosp,quantile,0.25,182,COVID-19
DE,00-04,2023-04-16,2023-03-20,-27 day ahead inc hosp,quantile,0.5,183,COVID-19
DE,00-04,2023-04-16,2023-03-20,-27 day ahead inc hosp,quantile,0.75,184,COVID-19
DE,00-04,2023-04-16,2023-03-20,-27 day ahead inc hosp,quantile,0.9,186,COVID-19
DE,00-04,2023-04-16,2023-03-20,-27 day ahead inc hosp,quantile,0.975,188,COVID-19
DE,00-04,2023-04-16,2023-03-21,-26 day ahead inc hosp,mean,NA,182.379,COVID-19
DE,00-04,2023-04-16,2023-03-21,-26 day ahead inc hosp,quantile,0.025,179,COVID-19
DE,00-04,2023-04-16,2023-03-21,-26 day ahead inc hosp,quantile,0.1,180,COVID-19
DE,00-04,2023-04-16,2023-03-21,-26 day ahead inc hosp,quantile,0.25,181,COVID-19
DE,00-04,2023-04-16,2023-03-21,-26 day ahead inc hosp,quantile,0.5,182,COVID-19
DE,00-04,2023-04-16,2023-03-21,-26 day ahead inc hosp,quantile,0.75,184,COVID-19
DE,00-04,2023-04-16,2023-03-21,-26 day ahead inc hosp,quantile,0.9,185,COVID-19
DE,00-04,2023-04-16,2023-03-21,-26 day ahead inc hosp,quantile,0.975,187,COVID-19
DE,00-04,2023-04-16,2023-03-22,-25 day ahead inc hosp,mean,NA,174.503,COVID-19
DE,00-04,2023-04-16,2023-03-22,-25 day ahead inc hosp,quantile,0.025,172,COVID-19
DE,00-04,2023-04-16,2023-03-22,-25 day ahead inc hosp,quantile,0.1,172,COVID-19
DE,00-04,2023-04-16,2023-03-22,-25 day ahead inc hosp,quantile,0.25,173,COVID-19
DE,00-04,2023-04-16,2023-03-22,-25 day ahead inc hosp,quantile,0.5,174,COVID-19
DE,00-04,2023-04-16,2023-03-22,-25 day ahead inc hosp,quantile,0.75,176,COVID-19
DE,00-04,2023-04-16,2023-03-22,-25 day ahead inc hosp,quantile,0.9,177,COVID-19
DE,00-04,2023-04-16,2023-03-22,-25 day ahead inc hosp,quantile,0.975,178,COVID-19
DE,00-04,2023-04-16,2023-03-23,-24 day ahead inc hosp,mean,NA,169.534,COVID-19
DE,00-04,2023-04-16,2023-03-23,-24 day ahead inc hosp,quantile,0.025,167,COVID-19
DE,00-04,2023-04-16,2023-03-23,-24 day ahead inc hosp,quantile,0.1,167,COVID-19
DE,00-04,2023-04-16,2023-03-23,-24 day ahead inc hosp,quantile,0.25,168,COVID-19
DE,00-04,2023-04-16,2023-03-23,-24 day ahead inc hosp,quantile,0.5,169,COVID-19
DE,00-04,2023-04-16,2023-03-23,-24 day ahead inc hosp,quantile,0.75,171,COVID-19
DE,00-04,2023-04-16,2023-03-23,-24 day ahead inc hosp,quantile,0.9,172,COVID-19
DE,00-04,2023-04-16,2023-03-23,-24 day ahead inc hosp,quantile,0.975,174,COVID-19
DE,00-04,2023-04-16,2023-03-24,-23 day ahead inc hosp,mean,NA,167.601,COVID-19
DE,00-04,2023-04-16,2023-03-24,-23 day ahead inc hosp,quantile,0.025,165,COVID-19
DE,00-04,2023-04-16,2023-03-24,-23 day ahead inc hosp,quantile,0.1,165,COVID-19
DE,00-04,2023-04-16,2023-03-24,-23 day ahead inc hosp,quantile,0.25,166,COVID-19
DE,00-04,2023-04-16,2023-03-24,-23 day ahead inc hosp,quantile,0.5,167,COVID-19
DE,00-04,2023-04-16,2023-03-24,-23 day ahead inc hosp,quantile,0.75,169,COVID-19
DE,00-04,2023-04-16,2023-03-24,-23 day ahead inc hosp,quantile,0.9,170,COVID-19
DE,00-04,2023-04-16,2023-03-24,-23 day ahead inc hosp,quantile,0.975,172,COVID-19
DE,00-04,2023-04-16,2023-03-25,-22 day ahead inc hosp,mean,NA,166.628,COVID-19
DE,00-04,2023-04-16,2023-03-25,-22 day ahead inc hosp,quantile,0.025,164,COVID-19
DE,00-04,2023-04-16,2023-03-25,-22 day ahead inc hosp,quantile,0.1,164,COVID-19
DE,00-04,2023-04-16,2023-03-25,-22 day ahead inc hosp,quantile,0.25,165,COVID-19
DE,00-04,2023-04-16,2023-03-25,-22 day ahead inc hosp,quantile,0.5,166,COVID-19
DE,00-04,2023-04-16,2023-03-25,-22 day ahead inc hosp,quantile,0.75,168,COVID-19
DE,00-04,2023-04-16,2023-03-25,-22 day ahead inc hosp,quantile,0.9,169,COVID-19
DE,00-04,2023-04-16,2023-03-25,-22 day ahead inc hosp,quantile,0.975,171,COVID-19
DE,00-04,2023-04-16,2023-03-26,-21 day ahead inc hosp,mean,NA,163.679,COVID-19
DE,00-04,2023-04-16,2023-03-26,-21 day ahead inc hosp,quantile,0.025,161,COVID-19
DE,00-04,2023-04-16,2023-03-26,-21 day ahead inc hosp,quantile,0.1,161,COVID-19
DE,00-04,2023-04-16,2023-03-26,-21 day ahead inc hosp,quantile,0.25,162,COVID-19
DE,00-04,2023-04-16,2023-03-26,-21 day ahead inc hosp,quantile,0.5,163,COVID-19
DE,00-04,2023-04-16,2023-03-26,-21 day ahead inc hosp,quantile,0.75,165,COVID-19
DE,00-04,2023-04-16,2023-03-26,-21 day ahead inc hosp,quantile,0.9,166,COVID-19
DE,00-04,2023-04-16,2023-03-26,-21 day ahead inc hosp,quantile,0.975,168,COVID-19
DE,00-04,2023-04-16,2023-03-27,-20 day ahead inc hosp,mean,NA,160.705,COVID-19
DE,00-04,2023-04-16,2023-03-27,-20 day ahead inc hosp,quantile,0.025,158,COVID-19
DE,00-04,2023-04-16,2023-03-27,-20 day ahead inc hosp,quantile,0.1,158,COVID-19
DE,00-04,2023-04-16,2023-03-27,-20 day ahead inc hosp,quantile,0.25,159,COVID-19
DE,00-04,2023-04-16,2023-03-27,-20 day ahead inc hosp,quantile,0.5,160,COVID-19
DE,00-04,2023-04-16,2023-03-27,-20 day ahead inc hosp,quantile,0.75,162,COVID-19
DE,00-04,2023-04-16,2023-03-27,-20 day ahead inc hosp,quantile,0.9,163,COVID-19
DE,00-04,2023-04-16,2023-03-27,-20 day ahead inc hosp,quantile,0.975,165,COVID-19
DE,00-04,2023-04-16,2023-03-28,-19 day ahead inc hosp,mean,NA,142.731,COVID-19
DE,00-04,2023-04-16,2023-03-28,-19 day ahead inc hosp,quantile,0.025,140,COVID-19
DE,00-04,2023-04-16,2023-03-28,-19 day ahead inc hosp,quantile,0.1,140,COVID-19
DE,00-04,2023-04-16,2023-03-28,-19 day ahead inc hosp,quantile,0.25,141,COVID-19
DE,00-04,2023-04-16,2023-03-28,-19 day ahead inc hosp,quantile,0.5,143,COVID-19
DE,00-04,2023-04-16,2023-03-28,-19 day ahead inc hosp,quantile,0.75,144,COVID-19
DE,00-04,2023-04-16,2023-03-28,-19 day ahead inc hosp,quantile,0.9,145,COVID-19
DE,00-04,2023-04-16,2023-03-28,-19 day ahead inc hosp,quantile,0.975,147,COVID-19
DE,00-04,2023-04-16,2023-03-29,-18 day ahead inc hosp,mean,NA,143.665,COVID-19
DE,00-04,2023-04-16,2023-03-29,-18 day ahead inc hosp,quantile,0.025,141,COVID-19
DE,00-04,2023-04-16,2023-03-29,-18 day ahead inc hosp,quantile,0.1,141,COVID-19
DE,00-04,2023-04-16,2023-03-29,-18 day ahead inc hosp,quantile,0.25,142,COVID-19
DE,00-04,2023-04-16,2023-03-29,-18 day ahead inc hosp,quantile,0.5,143,COVID-19
DE,00-04,2023-04-16,2023-03-29,-18 day ahead inc hosp,quantile,0.75,145,COVID-19
DE,00-04,2023-04-16,2023-03-29,-18 day ahead inc hosp,quantile,0.9,146,COVID-19
DE,00-04,2023-04-16,2023-03-29,-18 day ahead inc hosp,quantile,0.975,148,COVID-19
DE,00-04,2023-04-16,2023-03-30,-17 day ahead inc hosp,mean,NA,132.743,COVID-19
DE,00-04,2023-04-16,2023-03-30,-17 day ahead inc hosp,quantile,0.025,130,COVID-19
DE,00-04,2023-04-16,2023-03-30,-17 day ahead inc hosp,quantile,0.1,130,COVID-19
DE,00-04,2023-04-16,2023-03-30,-17 day ahead inc hosp,quantile,0.25,131,COVID-19
DE,00-04,2023-04-16,2023-03-30,-17 day ahead inc hosp,quantile,0.5,133,COVID-19
DE,00-04,2023-04-16,2023-03-30,-17 day ahead inc hosp,quantile,0.75,134,COVID-19
DE,00-04,2023-04-16,2023-03-30,-17 day ahead inc hosp,quantile,0.9,135,COVID-19
DE,00-04,2023-04-16,2023-03-30,-17 day ahead inc hosp,quantile,0.975,137,COVID-19
DE,00-04,2023-04-16,2023-03-31,-16 day ahead inc hosp,mean,NA,123.728,COVID-19
DE,00-04,2023-04-16,2023-03-31,-16 day ahead inc hosp,quantile,0.025,121,COVID-19
DE,00-04,2023-04-16,2023-03-31,-16 day ahead inc hosp,quantile,0.1,121,COVID-19
DE,00-04,2023-04-16,2023-03-31,-16 day ahead inc hosp,quantile,0.25,122,COVID-19
DE,00-04,2023-04-16,2023-03-31,-16 day ahead inc hosp,quantile,0.5,124,COVID-19
DE,00-04,2023-04-16,2023-03-31,-16 day ahead inc hosp,quantile,0.75,125,COVID-19
DE,00-04,2023-04-16,2023-03-31,-16 day ahead inc hosp,quantile,0.9,126,COVID-19
DE,00-04,2023-04-16,2023-03-31,-16 day ahead inc hosp,quantile,0.975,128,COVID-19
DE,00-04,2023-04-16,2023-04-01,-15 day ahead inc hosp,mean,NA,122.788,COVID-19
DE,00-04,2023-04-16,2023-04-01,-15 day ahead inc hosp,quantile,0.025,120,COVID-19
DE,00-04,2023-04-16,2023-04-01,-15 day ahead inc hosp,quantile,0.1,120,COVID-19
DE,00-04,2023-04-16,2023-04-01,-15 day ahead inc hosp,quantile,0.25,121,COVID-19
DE,00-04,2023-04-16,2023-04-01,-15 day ahead inc hosp,quantile,0.5,123,COVID-19
DE,00-04,2023-04-16,2023-04-01,-15 day ahead inc hosp,quantile,0.75,124,COVID-19
DE,00-04,2023-04-16,2023-04-01,-15 day ahead inc hosp,quantile,0.9,125,COVID-19
DE,00-04,2023-04-16,2023-04-01,-15 day ahead inc hosp,quantile,0.975,128,COVID-19
DE,00-04,2023-04-16,2023-04-02,-14 day ahead inc hosp,mean,NA,123.803,COVID-19
DE,00-04,2023-04-16,2023-04-02,-14 day ahead inc hosp,quantile,0.025,121,COVID-19
DE,00-04,2023-04-16,2023-04-02,-14 day ahead inc hosp,quantile,0.1,121,COVID-19
DE,00-04,2023-04-16,2023-04-02,-14 day ahead inc hosp,quantile,0.25,122,COVID-19
DE,00-04,2023-04-16,2023-04-02,-14 day ahead inc hosp,quantile,0.5,124,COVID-19
DE,00-04,2023-04-16,2023-04-02,-14 day ahead inc hosp,quantile,0.75,125,COVID-19
DE,00-04,2023-04-16,2023-04-02,-14 day ahead inc hosp,quantile,0.9,126,COVID-19
DE,00-04,2023-04-16,2023-04-02,-14 day ahead inc hosp,quantile,0.975,128,COVID-19
DE,00-04,2023-04-16,2023-04-03,-13 day ahead inc hosp,mean,NA,123.809,COVID-19
DE,00-04,2023-04-16,2023-04-03,-13 day ahead inc hosp,quantile,0.025,121,COVID-19
DE,00-04,2023-04-16,2023-04-03,-13 day ahead inc hosp,quantile,0.1,121,COVID-19
DE,00-04,2023-04-16,2023-04-03,-13 day ahead inc hosp,quantile,0.25,122,COVID-19
DE,00-04,2023-04-16,2023-04-03,-13 day ahead inc hosp,quantile,0.5,124,COVID-19
DE,00-04,2023-04-16,2023-04-03,-13 day ahead inc hosp,quantile,0.75,125,COVID-19
DE,00-04,2023-04-16,2023-04-03,-13 day ahead inc hosp,quantile,0.9,126,COVID-19
DE,00-04,2023-04-16,2023-04-03,-13 day ahead inc hosp,quantile,0.975,128,COVID-19
DE,00-04,2023-04-16,2023-04-04,-12 day ahead inc hosp,mean,NA,114.897,COVID-19
DE,00-04,2023-04-16,2023-04-04,-12 day ahead inc hosp,quantile,0.025,112,COVID-19
DE,00-04,2023-04-16,2023-04-04,-12 day ahead inc hosp,quantile,0.1,112,COVID-19
DE,00-04,2023-04-16,2023-04-04,-12 day ahead inc hosp,quantile,0.25,113,COVID-19
DE,00-04,2023-04-16,2023-04-04,-12 day ahead inc hosp,quantile,0.5,115,COVID-19
DE,00-04,2023-04-16,2023-04-04,-12 day ahead inc hosp,quantile,0.75,116,COVID-19
DE,00-04,2023-04-16,2023-04-04,-12 day ahead inc hosp,quantile,0.9,118,COVID-19
DE,00-04,2023-04-16,2023-04-04,-12 day ahead inc hosp,quantile,0.975,119,COVID-19
DE,00-04,2023-04-16,2023-04-05,-11 day ahead inc hosp,mean,NA,116.048,COVID-19
DE,00-04,2023-04-16,2023-04-05,-11 day ahead inc hosp,quantile,0.025,113,COVID-19
DE,00-04,2023-04-16,2023-04-05,-11 day ahead inc hosp,quantile,0.1,114,COVID-19
DE,00-04,2023-04-16,2023-04-05,-11 day ahead inc hosp,quantile,0.25,115,COVID-19
DE,00-04,2023-04-16,2023-04-05,-11 day ahead inc hosp,quantile,0.5,116,COVID-19
DE,00-04,2023-04-16,2023-04-05,-11 day ahead inc hosp,quantile,0.75,117,COVID-19
DE,00-04,2023-04-16,2023-04-05,-11 day ahead inc hosp,quantile,0.9,119,COVID-19
DE,00-04,2023-04-16,2023-04-05,-11 day ahead inc hosp,quantile,0.975,121,COVID-19
DE,00-04,2023-04-16,2023-04-06,-10 day ahead inc hosp,mean,NA,114.184,COVID-19
DE,00-04,2023-04-16,2023-04-06,-10 day ahead inc hosp,quantile,0.025,110,COVID-19
DE,00-04,2023-04-16,2023-04-06,-10 day ahead inc hosp,quantile,0.1,112,COVID-19
DE,00-04,2023-04-16,2023-04-06,-10 day ahead inc hosp,quantile,0.25,113,COVID-19
DE,00-04,2023-04-16,2023-04-06,-10 day ahead inc hosp,quantile,0.5,114,COVID-19
DE,00-04,2023-04-16,2023-04-06,-10 day ahead inc hosp,quantile,0.75,115,COVID-19
DE,00-04,2023-04-16,2023-04-06,-10 day ahead inc hosp,quantile,0.9,117,COVID-19
DE,00-04,2023-04-16,2023-04-06,-10 day ahead inc hosp,quantile,0.975,119,COVID-19
DE,00-04,2023-04-16,2023-04-07,-9 day ahead inc hosp,mean,NA,104.366,COVID-19
DE,00-04,2023-04-16,2023-04-07,-9 day ahead inc hosp,quantile,0.025,101,COVID-19
DE,00-04,2023-04-16,2023-04-07,-9 day ahead inc hosp,quantile,0.1,102,COVID-19
DE,00-04,2023-04-16,2023-04-07,-9 day ahead inc hosp,quantile,0.25,103,COVID-19
DE,00-04,2023-04-16,2023-04-07,-9 day ahead inc hosp,quantile,0.5,104,COVID-19
DE,00-04,2023-04-16,2023-04-07,-9 day ahead inc hosp,quantile,0.75,106,COVID-19
DE,00-04,2023-04-16,2023-04-07,-9 day ahead inc hosp,quantile,0.9,107,COVID-19
DE,00-04,2023-04-16,2023-04-07,-9 day ahead inc hosp,quantile,0.975,109,COVID-19
DE,00-04,2023-04-16,2023-04-08,-8 day ahead inc hosp,mean,NA,87.711,COVID-19
DE,00-04,2023-04-16,2023-04-08,-8 day ahead inc hosp,quantile,0.025,84,COVID-19
DE,00-04,2023-04-16,2023-04-08,-8 day ahead inc hosp,quantile,0.1,85,COVID-19
DE,00-04,2023-04-16,2023-04-08,-8 day ahead inc hosp,quantile,0.25,86,COVID-19
DE,00-04,2023-04-16,2023-04-08,-8 day ahead inc hosp,quantile,0.5,88,COVID-19
DE,00-04,2023-04-16,2023-04-08,-8 day ahead inc hosp,quantile,0.75,89,COVID-19
DE,00-04,2023-04-16,2023-04-08,-8 day ahead inc hosp,quantile,0.9,91,COVID-19
DE,00-04,2023-04-16,2023-04-08,-8 day ahead inc hosp,quantile,0.975,92,COVID-19
DE,00-04,2023-04-16,2023-04-09,-7 day ahead inc hosp,mean,NA,85.811,COVID-19
DE,00-04,2023-04-16,2023-04-09,-7 day ahead inc hosp,quantile,0.025,82,COVID-19
DE,00-04,2023-04-16,2023-04-09,-7 day ahead inc hosp,quantile,0.1,83,COVID-19
DE,00-04,2023-04-16,2023-04-09,-7 day ahead inc hosp,quantile,0.25,84,COVID-19
DE,00-04,2023-04-16,2023-04-09,-7 day ahead inc hosp,quantile,0.5,86,COVID-19
DE,00-04,2023-04-16,2023-04-09,-7 day ahead inc hosp,quantile,0.75,87,COVID-19
DE,00-04,2023-04-16,2023-04-09,-7 day ahead inc hosp,quantile,0.9,89,COVID-19
DE,00-04,2023-04-16,2023-04-09,-7 day ahead inc hosp,quantile,0.975,91,COVID-19
DE,00-04,2023-04-16,2023-04-10,-6 day ahead inc hosp,mean,NA,85.919,COVID-19
DE,00-04,2023-04-16,2023-04-10,-6 day ahead inc hosp,quantile,0.025,82,COVID-19
DE,00-04,2023-04-16,2023-04-10,-6 day ahead inc hosp,quantile,0.1,83,COVID-19
DE,00-04,2023-04-16,2023-04-10,-6 day ahead inc hosp,quantile,0.25,84,COVID-19
DE,00-04,2023-04-16,2023-04-10,-6 day ahead inc hosp,quantile,0.5,86,COVID-19
DE,00-04,2023-04-16,2023-04-10,-6 day ahead inc hosp,quantile,0.75,87,COVID-19
DE,00-04,2023-04-16,2023-04-10,-6 day ahead inc hosp,quantile,0.9,89,COVID-19
DE,00-04,2023-04-16,2023-04-10,-6 day ahead inc hosp,quantile,0.975,91,COVID-19
DE,00-04,2023-04-16,2023-04-11,-5 day ahead inc hosp,mean,NA,58.953,COVID-19
DE,00-04,2023-04-16,2023-04-11,-5 day ahead inc hosp,quantile,0.025,54,COVID-19
DE,00-04,2023-04-16,2023-04-11,-5 day ahead inc hosp,quantile,0.1,56,COVID-19
DE,00-04,2023-04-16,2023-04-11,-5 day ahead inc hosp,quantile,0.25,57,COVID-19
DE,00-04,2023-04-16,2023-04-11,-5 day ahead inc hosp,quantile,0.5,59,COVID-19
DE,00-04,2023-04-16,2023-04-11,-5 day ahead inc hosp,quantile,0.75,61,COVID-19
DE,00-04,2023-04-16,2023-04-11,-5 day ahead inc hosp,quantile,0.9,63,COVID-19
DE,00-04,2023-04-16,2023-04-11,-5 day ahead inc hosp,quantile,0.975,65,COVID-19
DE,00-04,2023-04-16,2023-04-12,-4 day ahead inc hosp,mean,NA,62.265,COVID-19
DE,00-04,2023-04-16,2023-04-12,-4 day ahead inc hosp,quantile,0.025,57,COVID-19
DE,00-04,2023-04-16,2023-04-12,-4 day ahead inc hosp,quantile,0.1,59,COVID-19
DE,00-04,2023-04-16,2023-04-12,-4 day ahead inc hosp,quantile,0.25,60,COVID-19
DE,00-04,2023-04-16,2023-04-12,-4 day ahead inc hosp,quantile,0.5,62,COVID-19
DE,00-04,2023-04-16,2023-04-12,-4 day ahead inc hosp,quantile,0.75,64,COVID-19
DE,00-04,2023-04-16,2023-04-12,-4 day ahead inc hosp,quantile,0.9,66,COVID-19
DE,00-04,2023-04-16,2023-04-12,-4 day ahead inc hosp,quantile,0.975,69,COVID-19
DE,00-04,2023-04-16,2023-04-13,-3 day ahead inc hosp,mean,NA,63.131,COVID-19
DE,00-04,2023-04-16,2023-04-13,-3 day ahead inc hosp,quantile,0.025,57,COVID-19
DE,00-04,2023-04-16,2023-04-13,-3 day ahead inc hosp,quantile,0.1,59,COVID-19
DE,00-04,2023-04-16,2023-04-13,-3 day ahead inc hosp,quantile,0.25,61,COVID-19
DE,00-04,2023-04-16,2023-04-13,-3 day ahead inc hosp,quantile,0.5,63,COVID-19
DE,00-04,2023-04-16,2023-04-13,-3 day ahead inc hosp,quantile,0.75,65,COVID-19
DE,00-04,2023-04-16,2023-04-13,-3 day ahead inc hosp,quantile,0.9,68,COVID-19
DE,00-04,2023-04-16,2023-04-13,-3 day ahead inc hosp,quantile,0.975,71,COVID-19
DE,00-04,2023-04-16,2023-04-14,-2 day ahead inc hosp,mean,NA,69.323,COVID-19
DE,00-04,2023-04-16,2023-04-14,-2 day ahead inc hosp,quantile,0.025,62,COVID-19
DE,00-04,2023-04-16,2023-04-14,-2 day ahead inc hosp,quantile,0.1,64,COVID-19
DE,00-04,2023-04-16,2023-04-14,-2 day ahead inc hosp,quantile,0.25,66,COVID-19
DE,00-04,2023-04-16,2023-04-14,-2 day ahead inc hosp,quantile,0.5,69,COVID-19
DE,00-04,2023-04-16,2023-04-14,-2 day ahead inc hosp,quantile,0.75,72,COVID-19
DE,00-04,2023-04-16,2023-04-14,-2 day ahead inc hosp,quantile,0.9,75,COVID-19
DE,00-04,2023-04-16,2023-04-14,-2 day ahead inc hosp,quantile,0.975,79,COVID-19
DE,00-04,2023-04-16,2023-04-15,-1 day ahead inc hosp,mean,NA,77.616,COVID-19
DE,00-04,2023-04-16,2023-04-15,-1 day ahead inc hosp,quantile,0.025,68,COVID-19
DE,00-04,2023-04-16,2023-04-15,-1 day ahead inc hosp,quantile,0.1,71,COVID-19
DE,00-04,2023-04-16,2023-04-15,-1 day ahead inc hosp,quantile,0.25,74,COVID-19
DE,00-04,2023-04-16,2023-04-15,-1 day ahead inc hosp,quantile,0.5,77,COVID-19
DE,00-04,2023-04-16,2023-04-15,-1 day ahead inc hosp,quantile,0.75,81,COVID-19
DE,00-04,2023-04-16,2023-04-15,-1 day ahead inc hosp,quantile,0.9,85,COVID-19
DE,00-04,2023-04-16,2023-04-15,-1 day ahead inc hosp,quantile,0.975,89,COVID-19
DE,00-04,2023-04-16,2023-04-16,0 day ahead inc hosp,mean,NA,79.004,COVID-19
DE,00-04,2023-04-16,2023-04-16,0 day ahead inc hosp,quantile,0.025,68,COVID-19
DE,00-04,2023-04-16,2023-04-16,0 day ahead inc hosp,quantile,0.1,71,COVID-19
DE,00-04,2023-04-16,2023-04-16,0 day ahead inc hosp,quantile,0.25,75,COVID-19
DE,00-04,2023-04-16,2023-04-16,0 day ahead inc hosp,quantile,0.5,79,COVID-19
DE,00-04,2023-04-16,2023-04-16,0 day ahead inc hosp,quantile,0.75,83,COVID-19
DE,00-04,2023-04-16,2023-04-16,0 day ahead inc hosp,quantile,0.9,87,COVID-19
DE,00-04,2023-04-16,2023-04-16,0 day ahead inc hosp,quantile,0.975,92,COVID-19
DE,05-14,2023-04-16,2023-03-19,-28 day ahead inc hosp,mean,NA,50.924,COVID-19
DE,05-14,2023-04-16,2023-03-19,-28 day ahead inc hosp,quantile,0.025,50,COVID-19
DE,05-14,2023-04-16,2023-03-19,-28 day ahead inc hosp,quantile,0.1,50,COVID-19
DE,05-14,2023-04-16,2023-03-19,-28 day ahead inc hosp,quantile,0.25,50,COVID-19
DE,05-14,2023-04-16,2023-03-19,-28 day ahead inc hosp,quantile,0.5,51,COVID-19
DE,05-14,2023-04-16,2023-03-19,-28 day ahead inc hosp,quantile,0.75,51,COVID-19
DE,05-14,2023-04-16,2023-03-19,-28 day ahead inc hosp,quantile,0.9,52,COVID-19
DE,05-14,2023-04-16,2023-03-19,-28 day ahead inc hosp,quantile,0.975,53,COVID-19
DE,05-14,2023-04-16,2023-03-20,-27 day ahead inc hosp,mean,NA,48.929,COVID-19
DE,05-14,2023-04-16,2023-03-20,-27 day ahead inc hosp,quantile,0.025,48,COVID-19
DE,05-14,2023-04-16,2023-03-20,-27 day ahead inc hosp,quantile,0.1,48,COVID-19
DE,05-14,2023-04-16,2023-03-20,-27 day ahead inc hosp,quantile,0.25,48,COVID-19
DE,05-14,2023-04-16,2023-03-20,-27 day ahead inc hosp,quantile,0.5,49,COVID-19
DE,05-14,2023-04-16,2023-03-20,-27 day ahead inc hosp,quantile,0.75,49,COVID-19
DE,05-14,2023-04-16,2023-03-20,-27 day ahead inc hosp,quantile,0.9,50,COVID-19
DE,05-14,2023-04-16,2023-03-20,-27 day ahead inc hosp,quantile,0.975,51,COVID-19
DE,05-14,2023-04-16,2023-03-21,-26 day ahead inc hosp,mean,NA,48.951,COVID-19
DE,05-14,2023-04-16,2023-03-21,-26 day ahead inc hosp,quantile,0.025,48,COVID-19
DE,05-14,2023-04-16,2023-03-21,-26 day ahead inc hosp,quantile,0.1,48,COVID-19
DE,05-14,2023-04-16,2023-03-21,-26 day ahead inc hosp,quantile,0.25,48,COVID-19
DE,05-14,2023-04-16,2023-03-21,-26 day ahead inc hosp,quantile,0.5,49,COVID-19
DE,05-14,2023-04-16,2023-03-21,-26 day ahead inc hosp,quantile,0.75,49,COVID-19
DE,05-14,2023-04-16,2023-03-21,-26 day ahead inc hosp,quantile,0.9,50,COVID-19
DE,05-14,2023-04-16,2023-03-21,-26 day ahead inc hosp,quantile,0.975,51,COVID-19
DE,05-14,2023-04-16,2023-03-22,-25 day ahead inc hosp,mean,NA,43.96,COVID-19
DE,05-14,2023-04-16,2023-03-22,-25 day ahead inc hosp,quantile,0.025,43,COVID-19
DE,05-14,2023-04-16,2023-03-22,-25 day ahead inc hosp,quantile,0.1,43,COVID-19
DE,05-14,2023-04-16,2023-03-22,-25 day ahead inc hosp,quantile,0.25,43,COVID-19
DE,05-14,2023-04-16,2023-03-22,-25 day ahead inc hosp,quantile,0.5,44,COVID-19
DE,05-14,2023-04-16,2023-03-22,-25 day ahead inc hosp,quantile,0.75,45,COVID-19
DE,05-14,2023-04-16,2023-03-22,-25 day ahead inc hosp,quantile,0.9,45,COVID-19
DE,05-14,2023-04-16,2023-03-22,-25 day ahead inc hosp,quantile,0.975,46,COVID-19
DE,05-14,2023-04-16,2023-03-23,-24 day ahead inc hosp,mean,NA,49.984,COVID-19
DE,05-14,2023-04-16,2023-03-23,-24 day ahead inc hosp,quantile,0.025,49,COVID-19
DE,05-14,2023-04-16,2023-03-23,-24 day ahead inc hosp,quantile,0.1,49,COVID-19
DE,05-14,2023-04-16,2023-03-23,-24 day ahead inc hosp,quantile,0.25,49,COVID-19
DE,05-14,2023-04-16,2023-03-23,-24 day ahead inc hosp,quantile,0.5,50,COVID-19
DE,05-14,2023-04-16,2023-03-23,-24 day ahead inc hosp,quantile,0.75,51,COVID-19
DE,05-14,2023-04-16,2023-03-23,-24 day ahead inc hosp,quantile,0.9,51,COVID-19
DE,05-14,2023-04-16,2023-03-23,-24 day ahead inc hosp,quantile,0.975,52,COVID-19
DE,05-14,2023-04-16,2023-03-24,-23 day ahead inc hosp,mean,NA,46.96,COVID-19
DE,05-14,2023-04-16,2023-03-24,-23 day ahead inc hosp,quantile,0.025,46,COVID-19
DE,05-14,2023-04-16,2023-03-24,-23 day ahead inc hosp,quantile,0.1,46,COVID-19
DE,05-14,2023-04-16,2023-03-24,-23 day ahead inc hosp,quantile,0.25,46,COVID-19
DE,05-14,2023-04-16,2023-03-24,-23 day ahead inc hosp,quantile,0.5,47,COVID-19
DE,05-14,2023-04-16,2023-03-24,-23 day ahead inc hosp,quantile,0.75,48,COVID-19
DE,05-14,2023-04-16,2023-03-24,-23 day ahead inc hosp,quantile,0.9,48,COVID-19
DE,05-14,2023-04-16,2023-03-24,-23 day ahead inc hosp,quantile,0.975,49,COVID-19
DE,05-14,2023-04-16,2023-03-25,-22 day ahead inc hosp,mean,NA,47.981,COVID-19
DE,05-14,2023-04-16,2023-03-25,-22 day ahead inc hosp,quantile,0.025,47,COVID-19
DE,05-14,2023-04-16,2023-03-25,-22 day ahead inc hosp,quantile,0.1,47,COVID-19
DE,05-14,2023-04-16,2023-03-25,-22 day ahead inc hosp,quantile,0.25,47,COVID-19
DE,05-14,2023-04-16,2023-03-25,-22 day ahead inc hosp,quantile,0.5,48,COVID-19
DE,05-14,2023-04-16,2023-03-25,-22 day ahead inc hosp,quantile,0.75,49,COVID-19
DE,05-14,2023-04-16,2023-03-25,-22 day ahead inc hosp,quantile,0.9,49,COVID-19
DE,05-14,2023-04-16,2023-03-25,-22 day ahead inc hosp,quantile,0.975,50,COVID-19
DE,05-14,2023-04-16,2023-03-26,-21 day ahead inc hosp,mean,NA,43.991,COVID-19
DE,05-14,2023-04-16,2023-03-26,-21 day ahead inc hosp,quantile,0.025,43,COVID-19
DE,05-14,2023-04-16,2023-03-26,-21 day ahead inc hosp,quantile,0.1,43,COVID-19
DE,05-14,2023-04-16,2023-03-26,-21 day ahead inc hosp,quantile,0.25,43,COVID-19
DE,05-14,2023-04-16,2023-03-26,-21 day ahead inc hosp,quantile,0.5,44,COVID-19
DE,05-14,2023-04-16,2023-03-26,-21 day ahead inc hosp,quantile,0.75,45,COVID-19
DE,05-14,2023-04-16,2023-03-26,-21 day ahead inc hosp,quantile,0.9,45,COVID-19
DE,05-14,2023-04-16,2023-03-26,-21 day ahead inc hosp,quantile,0.975,46,COVID-19
DE,05-14,2023-04-16,2023-03-27,-20 day ahead inc hosp,mean,NA,44.985,COVID-19
DE,05-14,2023-04-16,2023-03-27,-20 day ahead inc hosp,quantile,0.025,44,COVID-19
DE,05-14,2023-04-16,2023-03-27,-20 day ahead inc hosp,quantile,0.1,44,COVID-19
DE,05-14,2023-04-16,2023-03-27,-20 day ahead inc hosp,quantile,0.25,44,COVID-19
DE,05-14,2023-04-16,2023-03-27,-20 day ahead inc hosp,quantile,0.5,45,COVID-19
DE,05-14,2023-04-16,2023-03-27,-20 day ahead inc hosp,quantile,0.75,46,COVID-19
DE,05-14,2023-04-16,2023-03-27,-20 day ahead inc hosp,quantile,0.9,46,COVID-19
DE,05-14,2023-04-16,2023-03-27,-20 day ahead inc hosp,quantile,0.975,47,COVID-19
DE,05-14,2023-04-16,2023-03-28,-19 day ahead inc hosp,mean,NA,38.973,COVID-19
DE,05-14,2023-04-16,2023-03-28,-19 day ahead inc hosp,quantile,0.025,38,COVID-19
DE,05-14,2023-04-16,2023-03-28,-19 day ahead inc hosp,quantile,0.1,38,COVID-19
DE,05-14,2023-04-16,2023-03-28,-19 day ahead inc hosp,quantile,0.25,38,COVID-19
DE,05-14,2023-04-16,2023-03-28,-19 day ahead inc hosp,quantile,0.5,39,COVID-19
DE,05-14,2023-04-16,2023-03-28,-19 day ahead inc hosp,quantile,0.75,39,COVID-19
DE,05-14,2023-04-16,2023-03-28,-19 day ahead inc hosp,quantile,0.9,40,COVID-19
DE,05-14,2023-04-16,2023-03-28,-19 day ahead inc hosp,quantile,0.975,41,COVID-19
DE,05-14,2023-04-16,2023-03-29,-18 day ahead inc hosp,mean,NA,35.981,COVID-19
DE,05-14,2023-04-16,2023-03-29,-18 day ahead inc hosp,quantile,0.025,35,COVID-19
DE,05-14,2023-04-16,2023-03-29,-18 day ahead inc hosp,quantile,0.1,35,COVID-19
DE,05-14,2023-04-16,2023-03-29,-18 day ahead inc hosp,quantile,0.25,35,COVID-19
DE,05-14,2023-04-16,2023-03-29,-18 day ahead inc hosp,quantile,0.5,36,COVID-19
DE,05-14,2023-04-16,2023-03-29,-18 day ahead inc hosp,quantile,0.75,37,COVID-19
DE,05-14,2023-04-16,2023-03-29,-18 day ahead inc hosp,quantile,0.9,37,COVID-19
DE,05-14,2023-04-16,2023-03-29,-18 day ahead inc hosp,quantile,0.975,38,COVID-19
DE,05-14,2023-04-16,2023-03-30,-17 day ahead inc hosp,mean,NA,28.969,COVID-19
DE,05-14,2023-04-16,2023-03-30,-17 day ahead inc hosp,quantile,0.025,28,COVID-19
DE,05-14,2023-04-16,2023-03-30,-17 day ahead inc hosp,quantile,0.1,28,COVID-19
DE,05-14,2023-04-16,2023-03-30,-17 day ahead inc hosp,quantile,0.25,28,COVID-19
DE,05-14,2023-04-16,2023-03-30,-17 day ahead inc hosp,quantile,0.5,29,COVID-19
DE,05-14,2023-04-16,2023-03-30,-17 day ahead inc hosp,quantile,0.75,30,COVID-19
DE,05-14,2023-04-16,2023-03-30,-17 day ahead inc hosp,quantile,0.9,30,COVID-19
DE,05-14,2023-04-16,2023-03-30,-17 day ahead inc hosp,quantile,0.975,31,COVID-19
DE,05-14,2023-04-16,2023-03-31,-16 day ahead inc hosp,mean,NA,28.989,COVID-19
DE,05-14,2023-04-16,2023-03-31,-16 day ahead inc hosp,quantile,0.025,28,COVID-19
DE,05-14,2023-04-16,2023-03-31,-16 day ahead inc hosp,quantile,0.1,28,COVID-19
DE,05-14,2023-04-16,2023-03-31,-16 day ahead inc hosp,quantile,0.25,28,COVID-19
DE,05-14,2023-04-16,2023-03-31,-16 day ahead inc hosp,quantile,0.5,29,COVID-19
DE,05-14,2023-04-16,2023-03-31,-16 day ahead inc hosp,quantile,0.75,30,COVID-19
DE,05-14,2023-04-16,2023-03-31,-16 day ahead inc hosp,quantile,0.9,30,COVID-19
DE,05-14,2023-04-16,2023-03-31,-16 day ahead inc hosp,quantile,0.975,31,COVID-19
DE,05-14,2023-04-16,2023-04-01,-15 day ahead inc hosp,mean,NA,28.008,COVID-19
DE,05-14,2023-04-16,2023-04-01,-15 day ahead inc hosp,quantile,0.025,27,COVID-19
DE,05-14,2023-04-16,2023-04-01,-15 day ahead inc hosp,quantile,0.1,27,COVID-19
DE,05-14,2023-04-16,2023-04-01,-15 day ahead inc hosp,quantile,0.25,27,COVID-19
DE,05-14,2023-04-16,2023-04-01,-15 day ahead inc hosp,quantile,0.5,28,COVID-19
DE,05-14,2023-04-16,2023-04-01,-15 day ahead inc hosp,quantile,0.75,29,COVID-19
DE,05-14,2023-04-16,2023-04-01,-15 day ahead inc hosp,quantile,0.9,29,COVID-19
DE,05-14,2023-04-16,2023-04-01,-15 day ahead inc hosp,quantile,0.975,30,COVID-19
DE,05-14,2023-04-16,2023-04-02,-14 day ahead inc hosp,mean,NA,29.019,COVID-19
DE,05-14,2023-04-16,2023-04-02,-14 day ahead inc hosp,quantile,0.025,28,COVID-19
DE,05-14,2023-04-16,2023-04-02,-14 day ahead inc hosp,quantile,0.1,28,COVID-19
DE,05-14,2023-04-16,2023-04-02,-14 day ahead inc hosp,quantile,0.25,28,COVID-19
DE,05-14,2023-04-16,2023-04-02,-14 day ahead inc hosp,quantile,0.5,29,COVID-19
DE,05-14,2023-04-16,2023-04-02,-14 day ahead inc hosp,quantile,0.75,30,COVID-19
DE,05-14,2023-04-16,2023-04-02,-14 day ahead inc hosp,quantile,0.9,30,COVID-19
DE,05-14,2023-04-16,2023-04-02,-14 day ahead inc hosp,quantile,0.975,32,COVID-19
DE,05-14,2023-04-16,2023-04-03,-13 day ahead inc hosp,mean,NA,28.047,COVID-19
DE,05-14,2023-04-16,2023-04-03,-13 day ahead inc hosp,quantile,0.025,27,COVID-19
DE,05-14,2023-04-16,2023-04-03,-13 day ahead inc hosp,quantile,0.1,27,COVID-19
DE,05-14,2023-04-16,2023-04-03,-13 day ahead inc hosp,quantile,0.25,27,COVID-19
DE,05-14,2023-04-16,2023-04-03,-13 day ahead inc hosp,quantile,0.5,28,COVID-19
DE,05-14,2023-04-16,2023-04-03,-13 day ahead inc hosp,quantile,0.75,29,COVID-19
DE,05-14,2023-04-16,2023-04-03,-13 day ahead inc hosp,quantile,0.9,29,COVID-19
DE,05-14,2023-04-16,2023-04-03,-13 day ahead inc hosp,quantile,0.975,31,COVID-19
DE,05-14,2023-04-16,2023-04-04,-12 day ahead inc hosp,mean,NA,32.118,COVID-19
DE,05-14,2023-04-16,2023-04-04,-12 day ahead inc hosp,quantile,0.025,31,COVID-19
DE,05-14,2023-04-16,2023-04-04,-12 day ahead inc hosp,quantile,0.1,31,COVID-19
DE,05-14,2023-04-16,2023-04-04,-12 day ahead inc hosp,quantile,0.25,31,COVID-19
DE,05-14,2023-04-16,2023-04-04,-12 day ahead inc hosp,quantile,0.5,32,COVID-19
DE,05-14,2023-04-16,2023-04-04,-12 day ahead inc hosp,quantile,0.75,33,COVID-19
DE,05-14,2023-04-16,2023-04-04,-12 day ahead inc hosp,quantile,0.9,34,COVID-19
DE,05-14,2023-04-16,2023-04-04,-12 day ahead inc hosp,quantile,0.975,35,COVID-19
DE,05-14,2023-04-16,2023-04-05,-11 day ahead inc hosp,mean,NA,33.158,COVID-19
DE,05-14,2023-04-16,2023-04-05,-11 day ahead inc hosp,quantile,0.025,32,COVID-19
DE,05-14,2023-04-16,2023-04-05,-11 day ahead inc hosp,quantile,0.1,32,COVID-19
DE,05-14,2023-04-16,2023-04-05,-11 day ahead inc hosp,quantile,0.25,32,COVID-19
DE,05-14,2023-04-16,2023-04-05,-11 day ahead inc hosp,quantile,0.5,33,COVID-19
DE,05-14,2023-04-16,2023-04-05,-11 day ahead inc hosp,quantile,0.75,34,COVID-19
DE,05-14,2023-04-16,2023-04-05,-11 day ahead inc hosp,quantile,0.9,35,COVID-19
DE,05-14,2023-04-16,2023-04-05,-11 day ahead inc hosp,quantile,0.975,36,COVID-19
DE,05-14,2023-04-16,2023-04-06,-10 day ahead inc hosp,mean,NA,35.232,COVID-19
DE,05-14,2023-04-16,2023-04-06,-10 day ahead inc hosp,quantile,0.025,34,COVID-19
DE,05-14,2023-04-16,2023-04-06,-10 day ahead inc hosp,quantile,0.1,34,COVID-19
DE,05-14,2023-04-16,2023-04-06,-10 day ahead inc hosp,quantile,0.25,34,COVID-19
DE,05-14,2023-04-16,2023-04-06,-10 day ahead inc hosp,quantile,0.5,35,COVID-19
DE,05-14,2023-04-16,2023-04-06,-10 day ahead inc hosp,quantile,0.75,36,COVID-19
DE,05-14,2023-04-16,2023-04-06,-10 day ahead inc hosp,quantile,0.9,37,COVID-19
DE,05-14,2023-04-16,2023-04-06,-10 day ahead inc hosp,quantile,0.975,38,COVID-19
DE,05-14,2023-04-16,2023-04-07,-9 day ahead inc hosp,mean,NA,31.321,COVID-19
DE,05-14,2023-04-16,2023-04-07,-9 day ahead inc hosp,quantile,0.025,30,COVID-19
DE,05-14,2023-04-16,2023-04-07,-9 day ahead inc hosp,quantile,0.1,30,COVID-19
DE,05-14,2023-04-16,2023-04-07,-9 day ahead inc hosp,quantile,0.25,30,COVID-19
DE,05-14,2023-04-16,2023-04-07,-9 day ahead inc hosp,quantile,0.5,31,COVID-19
DE,05-14,2023-04-16,2023-04-07,-9 day ahead inc hosp,quantile,0.75,32,COVID-19
DE,05-14,2023-04-16,2023-04-07,-9 day ahead inc hosp,quantile,0.9,33,COVID-19
DE,05-14,2023-04-16,2023-04-07,-9 day ahead inc hosp,quantile,0.975,34,COVID-19
DE,05-14,2023-04-16,2023-04-08,-8 day ahead inc hosp,mean,NA,27.41,COVID-19
DE,05-14,2023-04-16,2023-04-08,-8 day ahead inc hosp,quantile,0.025,26,COVID-19
DE,05-14,2023-04-16,2023-04-08,-8 day ahead inc hosp,quantile,0.1,26,COVID-19
DE,05-14,2023-04-16,2023-04-08,-8 day ahead inc hosp,quantile,0.25,27,COVID-19
DE,05-14,2023-04-16,2023-04-08,-8 day ahead inc hosp,quantile,0.5,27,COVID-19
DE,05-14,2023-04-16,2023-04-08,-8 day ahead inc hosp,quantile,0.75,28,COVID-19
DE,05-14,2023-04-16,2023-04-08,-8 day ahead inc hosp,quantile,0.9,29,COVID-19
DE,05-14,2023-04-16,2023-04-08,-8 day ahead inc hosp,quantile,0.975,30,COVID-19
DE,05-14,2023-04-16,2023-04-09,-7 day ahead inc hosp,mean,NA,26.418,COVID-19
DE,05-14,2023-04-16,2023-04-09,-7 day ahead inc hosp,quantile,0.025,25,COVID-19
DE,05-14,2023-04-16,2023-04-09,-7 day ahead inc hosp,quantile,0.1,25,COVID-19
DE,05-14,2023-04-16,2023-04-09,-7 day ahead inc hosp,quantile,0.25,26,COVID-19
DE,05-14,2023-04-16,2023-04-09,-7 day ahead inc hosp,quantile,0.5,26,COVID-19
DE,05-14,2023-04-16,2023-04-09,-7 day ahead inc hosp,quantile,0.75,27,COVID-19
DE,05-14,2023-04-16,2023-04-09,-7 day ahead inc hosp,quantile,0.9,28,COVID-19
DE,05-14,2023-04-16,2023-04-09,-7 day ahead inc hosp,quantile,0.975,29,COVID-19
DE,05-14,2023-04-16,2023-04-10,-6 day ahead inc hosp,mean,NA,26.455,COVID-19
DE,05-14,2023-04-16,2023-04-10,-6 day ahead inc hosp,quantile,0.025,25,COVID-19
DE,05-14,2023-04-16,2023-04-10,-6 day ahead inc hosp,quantile,0.1,25,COVID-19
DE,05-14,2023-04-16,2023-04-10,-6 day ahead inc hosp,quantile,0.25,26,COVID-19
DE,05-14,2023-04-16,2023-04-10,-6 day ahead inc hosp,quantile,0.5,26,COVID-19
DE,05-14,2023-04-16,2023-04-10,-6 day ahead inc hosp,quantile,0.75,27,COVID-19
DE,05-14,2023-04-16,2023-04-10,-6 day ahead inc hosp,quantile,0.9,28,COVID-19
DE,05-14,2023-04-16,2023-04-10,-6 day ahead inc hosp,quantile,0.975,29,COVID-19
DE,05-14,2023-04-16,2023-04-11,-5 day ahead inc hosp,mean,NA,15.697,COVID-19
DE,05-14,2023-04-16,2023-04-11,-5 day ahead inc hosp,quantile,0.025,14,COVID-19
DE,05-14,2023-04-16,2023-04-11,-5 day ahead inc hosp,quantile,0.1,14,COVID-19
DE,05-14,2023-04-16,2023-04-11,-5 day ahead inc hosp,quantile,0.25,15,COVID-19
DE,05-14,2023-04-16,2023-04-11,-5 day ahead inc hosp,quantile,0.5,15,COVID-19
DE,05-14,2023-04-16,2023-04-11,-5 day ahead inc hosp,quantile,0.75,17,COVID-19
DE,05-14,2023-04-16,2023-04-11,-5 day ahead inc hosp,quantile,0.9,18,COVID-19
DE,05-14,2023-04-16,2023-04-11,-5 day ahead inc hosp,quantile,0.975,19,COVID-19
DE,05-14,2023-04-16,2023-04-12,-4 day ahead inc hosp,mean,NA,12.053,COVID-19
DE,05-14,2023-04-16,2023-04-12,-4 day ahead inc hosp,quantile,0.025,10,COVID-19
DE,05-14,2023-04-16,2023-04-12,-4 day ahead inc hosp,quantile,0.1,10,COVID-19
DE,05-14,2023-04-16,2023-04-12,-4 day ahead inc hosp,quantile,0.25,11,COVID-19
DE,05-14,2023-04-16,2023-04-12,-4 day ahead inc hosp,quantile,0.5,12,COVID-19
DE,05-14,2023-04-16,2023-04-12,-4 day ahead inc hosp,quantile,0.75,13,COVID-19
DE,05-14,2023-04-16,2023-04-12,-4 day ahead inc hosp,quantile,0.9,14,COVID-19
DE,05-14,2023-04-16,2023-04-12,-4 day ahead inc hosp,quantile,0.975,16,COVID-19
DE,05-14,2023-04-16,2023-04-13,-3 day ahead inc hosp,mean,NA,7.459,COVID-19
DE,05-14,2023-04-16,2023-04-13,-3 day ahead inc hosp,quantile,0.025,5,COVID-19
DE,05-14,2023-04-16,2023-04-13,-3 day ahead inc hosp,quantile,0.1,6,COVID-19
DE,05-14,2023-04-16,2023-04-13,-3 day ahead inc hosp,quantile,0.25,6,COVID-19
DE,05-14,2023-04-16,2023-04-13,-3 day ahead inc hosp,quantile,0.5,7,COVID-19
DE,05-14,2023-04-16,2023-04-13,-3 day ahead inc hosp,quantile,0.75,8,COVID-19
DE,05-14,2023-04-16,2023-04-13,-3 day ahead inc hosp,quantile,0.9,9,COVID-19
DE,05-14,2023-04-16,2023-04-13,-3 day ahead inc hosp,quantile,0.975,11,COVID-19
DE,05-14,2023-04-16,2023-04-14,-2 day ahead inc hosp,mean,NA,7.146,COVID-19
DE,05-14,2023-04-16,2023-04-14,-2 day ahead inc hosp,quantile,0.025,4,COVID-19
DE,05-14,2023-04-16,2023-04-14,-2 day ahead inc hosp,quantile,0.1,5,COVID-19
DE,05-14,2023-04-16,2023-04-14,-2 day ahead inc hosp,quantile,0.25,6,COVID-19
DE,05-14,2023-04-16,2023-04-14,-2 day ahead inc hosp,quantile,0.5,7,COVID-19
DE,05-14,2023-04-16,2023-04-14,-2 day ahead inc hosp,quantile,0.75,8,COVID-19
DE,05-14,2023-04-16,2023-04-14,-2 day ahead inc hosp,quantile,0.9,10,COVID-19
DE,05-14,2023-04-16,2023-04-14,-2 day ahead inc hosp,quantile,0.975,11,COVID-19
DE,05-14,2023-04-16,2023-04-15,-1 day ahead inc hosp,mean,NA,10.132,COVID-19
DE,05-14,2023-04-16,2023-04-15,-1 day ahead inc hosp,quantile,0.025,6,COVID-19
DE,05-14,2023-04-16,2023-04-15,-1 day ahead inc hosp,quantile,0.1,7,COVID-19
DE,05-14,2023-04-16,2023-04-15,-1 day ahead inc hosp,quantile,0.25,9,COVID-19
DE,05-14,2023-04-16,2023-04-15,-1 day ahead inc hosp,quantile,0.5,10,COVID-19
DE,05-14,2023-04-16,2023-04-15,-1 day ahead inc hosp,quantile,0.75,12,COVID-19
DE,05-14,2023-04-16,2023-04-15,-1 day ahead inc hosp,quantile,0.9,13,COVID-19
DE,05-14,2023-04-16,2023-04-15,-1 day ahead inc hosp,quantile,0.975,15,COVID-19
DE,05-14,2023-04-16,2023-04-16,0 day ahead inc hosp,mean,NA,10.603,COVID-19
DE,05-14,2023-04-16,2023-04-16,0 day ahead inc hosp,quantile,0.025,7,COVID-19
DE,05-14,2023-04-16,2023-04-16,0 day ahead inc hosp,quantile,0.1,8,COVID-19
DE,05-14,2023-04-16,2023-04-16,0 day ahead inc hosp,quantile,0.25,9,COVID-19
DE,05-14,2023-04-16,2023-04-16,0 day ahead inc hosp,quantile,0.5,10,COVID-19
DE,05-14,2023-04-16,2023-04-16,0 day ahead inc hosp,quantile,0.75,12,COVID-19
DE,05-14,2023-04-16,2023-04-16,0 day ahead inc hosp,quantile,0.9,14,COVID-19
DE,05-14,2023-04-16,2023-04-16,0 day ahead inc hosp,quantile,0.975,16,COVID-19
DE,15-34,2023-04-16,2023-03-19,-28 day ahead inc hosp,mean,NA,432.479,COVID-19
DE,15-34,2023-04-16,2023-03-19,-28 day ahead inc hosp,quantile,0.025,428,COVID-19
DE,15-34,2023-04-16,2023-03-19,-28 day ahead inc hosp,quantile,0.1,429,COVID-19
DE,15-34,2023-04-16,2023-03-19,-28 day ahead inc hosp,quantile,0.25,431,COVID-19
DE,15-34,2023-04-16,2023-03-19,-28 day ahead inc hosp,quantile,0.5,432,COVID-19
DE,15-34,2023-04-16,2023-03-19,-28 day ahead inc hosp,quantile,0.75,434,COVID-19
DE,15-34,2023-04-16,2023-03-19,-28 day ahead inc hosp,quantile,0.9,436,COVID-19
DE,15-34,2023-04-16,2023-03-19,-28 day ahead inc hosp,quantile,0.975,438,COVID-19
DE,15-34,2023-04-16,2023-03-20,-27 day ahead inc hosp,mean,NA,426.533,COVID-19
DE,15-34,2023-04-16,2023-03-20,-27 day ahead inc hosp,quantile,0.025,422,COVID-19
DE,15-34,2023-04-16,2023-03-20,-27 day ahead inc hosp,quantile,0.1,423,COVID-19
DE,15-34,2023-04-16,2023-03-20,-27 day ahead inc hosp,quantile,0.25,425,COVID-19
DE,15-34,2023-04-16,2023-03-20,-27 day ahead inc hosp,quantile,0.5,426,COVID-19
DE,15-34,2023-04-16,2023-03-20,-27 day ahead inc hosp,quantile,0.75,428,COVID-19
DE,15-34,2023-04-16,2023-03-20,-27 day ahead inc hosp,quantile,0.9,430,COVID-19
DE,15-34,2023-04-16,2023-03-20,-27 day ahead inc hosp,quantile,0.975,432,COVID-19
DE,15-34,2023-04-16,2023-03-21,-26 day ahead inc hosp,mean,NA,407.732,COVID-19
DE,15-34,2023-04-16,2023-03-21,-26 day ahead inc hosp,quantile,0.025,403,COVID-19
DE,15-34,2023-04-16,2023-03-21,-26 day ahead inc hosp,quantile,0.1,404,COVID-19
DE,15-34,2023-04-16,2023-03-21,-26 day ahead inc hosp,quantile,0.25,406,COVID-19
DE,15-34,2023-04-16,2023-03-21,-26 day ahead inc hosp,quantile,0.5,407,COVID-19
DE,15-34,2023-04-16,2023-03-21,-26 day ahead inc hosp,quantile,0.75,410,COVID-19
DE,15-34,2023-04-16,2023-03-21,-26 day ahead inc hosp,quantile,0.9,411,COVID-19
DE,15-34,2023-04-16,2023-03-21,-26 day ahead inc hosp,quantile,0.975,414,COVID-19
DE,15-34,2023-04-16,2023-03-22,-25 day ahead inc hosp,mean,NA,377.92,COVID-19
DE,15-34,2023-04-16,2023-03-22,-25 day ahead inc hosp,quantile,0.025,373,COVID-19
DE,15-34,2023-04-16,2023-03-22,-25 day ahead inc hosp,quantile,0.1,374,COVID-19
DE,15-34,2023-04-16,2023-03-22,-25 day ahead inc hosp,quantile,0.25,376,COVID-19
DE,15-34,2023-04-16,2023-03-22,-25 day ahead inc hosp,quantile,0.5,378,COVID-19
DE,15-34,2023-04-16,2023-03-22,-25 day ahead inc hosp,quantile,0.75,380,COVID-19
DE,15-34,2023-04-16,2023-03-22,-25 day ahead inc hosp,quantile,0.9,382,COVID-19
DE,15-34,2023-04-16,2023-03-22,-25 day ahead inc hosp,quantile,0.975,384,COVID-19
DE,15-34,2023-04-16,2023-03-23,-24 day ahead inc hosp,mean,NA,369.111,COVID-19
DE,15-34,2023-04-16,2023-03-23,-24 day ahead inc hosp,quantile,0.025,364,COVID-19
DE,15-34,2023-04-16,2023-03-23,-24 day ahead inc hosp,quantile,0.1,366,COVID-19
DE,15-34,2023-04-16,2023-03-23,-24 day ahead inc hosp,quantile,0.25,367,COVID-19
DE,15-34,2023-04-16,2023-03-23,-24 day ahead inc hosp,quantile,0.5,369,COVID-19
DE,15-34,2023-04-16,2023-03-23,-24 day ahead inc hosp,quantile,0.75,371,COVID-19
DE,15-34,2023-04-16,2023-03-23,-24 day ahead inc hosp,quantile,0.9,373,COVID-19
DE,15-34,2023-04-16,2023-03-23,-24 day ahead inc hosp,quantile,0.975,375,COVID-19
DE,15-34,2023-04-16,2023-03-24,-23 day ahead inc hosp,mean,NA,348.28,COVID-19
DE,15-34,2023-04-16,2023-03-24,-23 day ahead inc hosp,quantile,0.025,343,COVID-19
DE,15-34,2023-04-16,2023-03-24,-23 day ahead inc hosp,quantile,0.1,345,COVID-19
DE,15-34,2023-04-16,2023-03-24,-23 day ahead inc hosp,quantile,0.25,346,COVID-19
DE,15-34,2023-04-16,2023-03-24,-23 day ahead inc hosp,quantile,0.5,348,COVID-19
DE,15-34,2023-04-16,2023-03-24,-23 day ahead inc hosp,quantile,0.75,350,COVID-19
DE,15-34,2023-04-16,2023-03-24,-23 day ahead inc hosp,quantile,0.9,352,COVID-19
DE,15-34,2023-04-16,2023-03-24,-23 day ahead inc hosp,quantile,0.975,354,COVID-19
DE,15-34,2023-04-16,2023-03-25,-22 day ahead inc hosp,mean,NA,338.475,COVID-19
DE,15-34,2023-04-16,2023-03-25,-22 day ahead inc hosp,quantile,0.025,333,COVID-19
DE,15-34,2023-04-16,2023-03-25,-22 day ahead inc hosp,quantile,0.1,335,COVID-19
DE,15-34,2023-04-16,2023-03-25,-22 day ahead inc hosp,quantile,0.25,336,COVID-19
DE,15-34,2023-04-16,2023-03-25,-22 day ahead inc hosp,quantile,0.5,338,COVID-19
DE,15-34,2023-04-16,2023-03-25,-22 day ahead inc hosp,quantile,0.75,340,COVID-19
DE,15-34,2023-04-16,2023-03-25,-22 day ahead inc hosp,quantile,0.9,343,COVID-19
DE,15-34,2023-04-16,2023-03-25,-22 day ahead inc hosp,quantile,0.975,344,COVID-19
DE,15-34,2023-04-16,2023-03-26,-21 day ahead inc hosp,mean,NA,332.517,COVID-19
DE,15-34,2023-04-16,2023-03-26,-21 day ahead inc hosp,quantile,0.025,327,COVID-19
DE,15-34,2023-04-16,2023-03-26,-21 day ahead inc hosp,quantile,0.1,329,COVID-19
DE,15-34,2023-04-16,2023-03-26,-21 day ahead inc hosp,quantile,0.25,331,COVID-19
DE,15-34,2023-04-16,2023-03-26,-21 day ahead inc hosp,quantile,0.5,332,COVID-19
DE,15-34,2023-04-16,2023-03-26,-21 day ahead inc hosp,quantile,0.75,334,COVID-19
DE,15-34,2023-04-16,2023-03-26,-21 day ahead inc hosp,quantile,0.9,336,COVID-19
DE,15-34,2023-04-16,2023-03-26,-21 day ahead inc hosp,quantile,0.975,339,COVID-19
DE,15-34,2023-04-16,2023-03-27,-20 day ahead inc hosp,mean,NA,330.56,COVID-19
DE,15-34,2023-04-16,2023-03-27,-20 day ahead inc hosp,quantile,0.025,325,COVID-19
DE,15-34,2023-04-16,2023-03-27,-20 day ahead inc hosp,quantile,0.1,327,COVID-19
DE,15-34,2023-04-16,2023-03-27,-20 day ahead inc hosp,quantile,0.25,328,COVID-19
DE,15-34,2023-04-16,2023-03-27,-20 day ahead inc hosp,quantile,0.5,330,COVID-19
DE,15-34,2023-04-16,2023-03-27,-20 day ahead inc hosp,quantile,0.75,332,COVID-19
DE,15-34,2023-04-16,2023-03-27,-20 day ahead inc hosp,quantile,0.9,335,COVID-19
DE,15-34,2023-04-16,2023-03-27,-20 day ahead inc hosp,quantile,0.975,337,COVID-19
DE,15-34,2023-04-16,2023-03-28,-19 day ahead inc hosp,mean,NA,302.666,COVID-19
DE,15-34,2023-04-16,2023-03-28,-19 day ahead inc hosp,quantile,0.025,298,COVID-19
DE,15-34,2023-04-16,2023-03-28,-19 day ahead inc hosp,quantile,0.1,299,COVID-19
DE,15-34,2023-04-16,2023-03-28,-19 day ahead inc hosp,quantile,0.25,301,COVID-19
DE,15-34,2023-04-16,2023-03-28,-19 day ahead inc hosp,quantile,0.5,302,COVID-19
DE,15-34,2023-04-16,2023-03-28,-19 day ahead inc hosp,quantile,0.75,305,COVID-19
DE,15-34,2023-04-16,2023-03-28,-19 day ahead inc hosp,quantile,0.9,306,COVID-19
DE,15-34,2023-04-16,2023-03-28,-19 day ahead inc hosp,quantile,0.975,309,COVID-19
DE,15-34,2023-04-16,2023-03-29,-18 day ahead inc hosp,mean,NA,281.644,COVID-19
DE,15-34,2023-04-16,2023-03-29,-18 day ahead inc hosp,quantile,0.025,276,COVID-19
DE,15-34,2023-04-16,2023-03-29,-18 day ahead inc hosp,quantile,0.1,278,COVID-19
DE,15-34,2023-04-16,2023-03-29,-18 day ahead inc hosp,quantile,0.25,280,COVID-19
DE,15-34,2023-04-16,2023-03-29,-18 day ahead inc hosp,quantile,0.5,281,COVID-19
DE,15-34,2023-04-16,2023-03-29,-18 day ahead inc hosp,quantile,0.75,284,COVID-19
DE,15-34,2023-04-16,2023-03-29,-18 day ahead inc hosp,quantile,0.9,285,COVID-19
DE,15-34,2023-04-16,2023-03-29,-18 day ahead inc hosp,quantile,0.975,288,COVID-19
DE,15-34,2023-04-16,2023-03-30,-17 day ahead inc hosp,mean,NA,256.74,COVID-19
DE,15-34,2023-04-16,2023-03-30,-17 day ahead inc hosp,quantile,0.025,251,COVID-19
DE,15-34,2023-04-16,2023-03-30,-17 day ahead inc hosp,quantile,0.1,253,COVID-19
DE,15-34,2023-04-16,2023-03-30,-17 day ahead inc hosp,quantile,0.25,255,COVID-19
DE,15-34,2023-04-16,2023-03-30,-17 day ahead inc hosp,quantile,0.5,257,COVID-19
DE,15-34,2023-04-16,2023-03-30,-17 day ahead inc hosp,quantile,0.75,259,COVID-19
DE,15-34,2023-04-16,2023-03-30,-17 day ahead inc hosp,quantile,0.9,260,COVID-19
DE,15-34,2023-04-16,2023-03-30,-17 day ahead inc hosp,quantile,0.975,263,COVID-19
DE,15-34,2023-04-16,2023-03-31,-16 day ahead inc hosp,mean,NA,239.923,COVID-19
DE,15-34,2023-04-16,2023-03-31,-16 day ahead inc hosp,quantile,0.025,235,COVID-19
DE,15-34,2023-04-16,2023-03-31,-16 day ahead inc hosp,quantile,0.1,236,COVID-19
DE,15-34,2023-04-16,2023-03-31,-16 day ahead inc hosp,quantile,0.25,238,COVID-19
DE,15-34,2023-04-16,2023-03-31,-16 day ahead inc hosp,quantile,0.5,240,COVID-19
DE,15-34,2023-04-16,2023-03-31,-16 day ahead inc hosp,quantile,0.75,242,COVID-19
DE,15-34,2023-04-16,2023-03-31,-16 day ahead inc hosp,quantile,0.9,244,COVID-19
DE,15-34,2023-04-16,2023-03-31,-16 day ahead inc hosp,quantile,0.975,246,COVID-19
DE,15-34,2023-04-16,2023-04-01,-15 day ahead inc hosp,mean,NA,228.035,COVID-19
DE,15-34,2023-04-16,2023-04-01,-15 day ahead inc hosp,quantile,0.025,222,COVID-19
DE,15-34,2023-04-16,2023-04-01,-15 day ahead inc hosp,quantile,0.1,224,COVID-19
DE,15-34,2023-04-16,2023-04-01,-15 day ahead inc hosp,quantile,0.25,226,COVID-19
DE,15-34,2023-04-16,2023-04-01,-15 day ahead inc hosp,quantile,0.5,228,COVID-19
DE,15-34,2023-04-16,2023-04-01,-15 day ahead inc hosp,quantile,0.75,230,COVID-19
DE,15-34,2023-04-16,2023-04-01,-15 day ahead inc hosp,quantile,0.9,232,COVID-19
DE,15-34,2023-04-16,2023-04-01,-15 day ahead inc hosp,quantile,0.975,234,COVID-19
DE,15-34,2023-04-16,2023-04-02,-14 day ahead inc hosp,mean,NA,226.163,COVID-19
DE,15-34,2023-04-16,2023-04-02,-14 day ahead inc hosp,quantile,0.025,221,COVID-19
DE,15-34,2023-04-16,2023-04-02,-14 day ahead inc hosp,quantile,0.1,222,COVID-19
DE,15-34,2023-04-16,2023-04-02,-14 day ahead inc hosp,quantile,0.25,224,COVID-19
DE,15-34,2023-04-16,2023-04-02,-14 day ahead inc hosp,quantile,0.5,226,COVID-19
DE,15-34,2023-04-16,2023-04-02,-14 day ahead inc hosp,quantile,0.75,228,COVID-19
DE,15-34,2023-04-16,2023-04-02,-14 day ahead inc hosp,quantile,0.9,230,COVID-19
DE,15-34,2023-04-16,2023-04-02,-14 day ahead inc hosp,quantile,0.975,233,COVID-19
DE,15-34,2023-04-16,2023-04-03,-13 day ahead inc hosp,mean,NA,227.249,COVID-19
DE,15-34,2023-04-16,2023-04-03,-13 day ahead inc hosp,quantile,0.025,222,COVID-19
DE,15-34,2023-04-16,2023-04-03,-13 day ahead inc hosp,quantile,0.1,223,COVID-19
DE,15-34,2023-04-16,2023-04-03,-13 day ahead inc hosp,quantile,0.25,225,COVID-19
DE,15-34,2023-04-16,2023-04-03,-13 day ahead inc hosp,quantile,0.5,227,COVID-19
DE,15-34,2023-04-16,2023-04-03,-13 day ahead inc hosp,quantile,0.75,229,COVID-19
DE,15-34,2023-04-16,2023-04-03,-13 day ahead inc hosp,quantile,0.9,231,COVID-19
DE,15-34,2023-04-16,2023-04-03,-13 day ahead inc hosp,quantile,0.975,234,COVID-19
DE,15-34,2023-04-16,2023-04-04,-12 day ahead inc hosp,mean,NA,226.671,COVID-19
DE,15-34,2023-04-16,2023-04-04,-12 day ahead inc hosp,quantile,0.025,221,COVID-19
DE,15-34,2023-04-16,2023-04-04,-12 day ahead inc hosp,quantile,0.1,223,COVID-19
DE,15-34,2023-04-16,2023-04-04,-12 day ahead inc hosp,quantile,0.25,224,COVID-19
DE,15-34,2023-04-16,2023-04-04,-12 day ahead inc hosp,quantile,0.5,227,COVID-19
DE,15-34,2023-04-16,2023-04-04,-12 day ahead inc hosp,quantile,0.75,229,COVID-19
DE,15-34,2023-04-16,2023-04-04,-12 day ahead inc hosp,quantile,0.9,231,COVID-19
DE,15-34,2023-04-16,2023-04-04,-12 day ahead inc hosp,quantile,0.975,233,COVID-19
DE,15-34,2023-04-16,2023-04-05,-11 day ahead inc hosp,mean,NA,228.296,COVID-19
DE,15-34,2023-04-16,2023-04-05,-11 day ahead inc hosp,quantile,0.025,222,COVID-19
DE,15-34,2023-04-16,2023-04-05,-11 day ahead inc hosp,quantile,0.1,224,COVID-19
DE,15-34,2023-04-16,2023-04-05,-11 day ahead inc hosp,quantile,0.25,226,COVID-19
DE,15-34,2023-04-16,2023-04-05,-11 day ahead inc hosp,quantile,0.5,228,COVID-19
DE,15-34,2023-04-16,2023-04-05,-11 day ahead inc hosp,quantile,0.75,230,COVID-19
DE,15-34,2023-04-16,2023-04-05,-11 day ahead inc hosp,quantile,0.9,233,COVID-19
DE,15-34,2023-04-16,2023-04-05,-11 day ahead inc hosp,quantile,0.975,235,COVID-19
DE,15-34,2023-04-16,2023-04-06,-10 day ahead inc hosp,mean,NA,219.803,COVID-19
DE,15-34,2023-04-16,2023-04-06,-10 day ahead inc hosp,quantile,0.025,214,COVID-19
DE,15-34,2023-04-16,2023-04-06,-10 day ahead inc hosp,quantile,0.1,216,COVID-19
DE,15-34,2023-04-16,2023-04-06,-10 day ahead inc hosp,quantile,0.25,217,COVID-19
DE,15-34,2023-04-16,2023-04-06,-10 day ahead inc hosp,quantile,0.5,220,COVID-19
DE,15-34,2023-04-16,2023-04-06,-10 day ahead inc hosp,quantile,0.75,222,COVID-19
DE,15-34,2023-04-16,2023-04-06,-10 day ahead inc hosp,quantile,0.9,224,COVID-19
DE,15-34,2023-04-16,2023-04-06,-10 day ahead inc hosp,quantile,0.975,227,COVID-19
DE,15-34,2023-04-16,2023-04-07,-9 day ahead inc hosp,mean,NA,221.438,COVID-19
DE,15-34,2023-04-16,2023-04-07,-9 day ahead inc hosp,quantile,0.025,215,COVID-19
DE,15-34,2023-04-16,2023-04-07,-9 day ahead inc hosp,quantile,0.1,217,COVID-19
DE,15-34,2023-04-16,2023-04-07,-9 day ahead inc hosp,quantile,0.25,219,COVID-19
DE,15-34,2023-04-16,2023-04-07,-9 day ahead inc hosp,quantile,0.5,221,COVID-19
DE,15-34,2023-04-16,2023-04-07,-9 day ahead inc hosp,quantile,0.75,224,COVID-19
DE,15-34,2023-04-16,2023-04-07,-9 day ahead inc hosp,quantile,0.9,226,COVID-19
DE,15-34,2023-04-16,2023-04-07,-9 day ahead inc hosp,quantile,0.975,230,COVID-19
DE,15-34,2023-04-16,2023-04-08,-8 day ahead inc hosp,mean,NA,206.353,COVID-19
DE,15-34,2023-04-16,2023-04-08,-8 day ahead inc hosp,quantile,0.025,200,COVID-19
DE,15-34,2023-04-16,2023-04-08,-8 day ahead inc hosp,quantile,0.1,202,COVID-19
DE,15-34,2023-04-16,2023-04-08,-8 day ahead inc hosp,quantile,0.25,204,COVID-19
DE,15-34,2023-04-16,2023-04-08,-8 day ahead inc hosp,quantile,0.5,206,COVID-19
DE,15-34,2023-04-16,2023-04-08,-8 day ahead inc hosp,quantile,0.75,209,COVID-19
DE,15-34,2023-04-16,2023-04-08,-8 day ahead inc hosp,quantile,0.9,211,COVID-19
DE,15-34,2023-04-16,2023-04-08,-8 day ahead inc hosp,quantile,0.975,214,COVID-19
DE,15-34,2023-04-16,2023-04-09,-7 day ahead inc hosp,mean,NA,206.631,COVID-19
DE,15-34,2023-04-16,2023-04-09,-7 day ahead inc hosp,quantile,0.025,200,COVID-19
DE,15-34,2023-04-16,2023-04-09,-7 day ahead inc hosp,quantile,0.1,202,COVID-19
DE,15-34,2023-04-16,2023-04-09,-7 day ahead inc hosp,quantile,0.25,204,COVID-19
DE,15-34,2023-04-16,2023-04-09,-7 day ahead inc hosp,quantile,0.5,206,COVID-19
DE,15-34,2023-04-16,2023-04-09,-7 day ahead inc hosp,quantile,0.75,209,COVID-19
DE,15-34,2023-04-16,2023-04-09,-7 day ahead inc hosp,quantile,0.9,212,COVID-19
DE,15-34,2023-04-16,2023-04-09,-7 day ahead inc hosp,quantile,0.975,215,COVID-19
DE,15-34,2023-04-16,2023-04-10,-6 day ahead inc hosp,mean,NA,206.91,COVID-19
DE,15-34,2023-04-16,2023-04-10,-6 day ahead inc hosp,quantile,0.025,200,COVID-19
DE,15-34,2023-04-16,2023-04-10,-6 day ahead inc hosp,quantile,0.1,202,COVID-19
DE,15-34,2023-04-16,2023-04-10,-6 day ahead inc hosp,quantile,0.25,204,COVID-19
DE,15-34,2023-04-16,2023-04-10,-6 day ahead inc hosp,quantile,0.5,207,COVID-19
DE,15-34,2023-04-16,2023-04-10,-6 day ahead inc hosp,quantile,0.75,209,COVID-19
DE,15-34,2023-04-16,2023-04-10,-6 day ahead inc hosp,quantile,0.9,212,COVID-19
DE,15-34,2023-04-16,2023-04-10,-6 day ahead inc hosp,quantile,0.975,215,COVID-19
DE,15-34,2023-04-16,2023-04-11,-5 day ahead inc hosp,mean,NA,146.088,COVID-19
DE,15-34,2023-04-16,2023-04-11,-5 day ahead inc hosp,quantile,0.025,138,COVID-19
DE,15-34,2023-04-16,2023-04-11,-5 day ahead inc hosp,quantile,0.1,141,COVID-19
DE,15-34,2023-04-16,2023-04-11,-5 day ahead inc hosp,quantile,0.25,143,COVID-19
DE,15-34,2023-04-16,2023-04-11,-5 day ahead inc hosp,quantile,0.5,146,COVID-19
DE,15-34,2023-04-16,2023-04-11,-5 day ahead inc hosp,quantile,0.75,149,COVID-19
DE,15-34,2023-04-16,2023-04-11,-5 day ahead inc hosp,quantile,0.9,152,COVID-19
DE,15-34,2023-04-16,2023-04-11,-5 day ahead inc hosp,quantile,0.975,155,COVID-19
DE,15-34,2023-04-16,2023-04-12,-4 day ahead inc hosp,mean,NA,143.596,COVID-19
DE,15-34,2023-04-16,2023-04-12,-4 day ahead inc hosp,quantile,0.025,135,COVID-19
DE,15-34,2023-04-16,2023-04-12,-4 day ahead inc hosp,quantile,0.1,138,COVID-19
DE,15-34,2023-04-16,2023-04-12,-4 day ahead inc hosp,quantile,0.25,140,COVID-19
DE,15-34,2023-04-16,2023-04-12,-4 day ahead inc hosp,quantile,0.5,143,COVID-19
DE,15-34,2023-04-16,2023-04-12,-4 day ahead inc hosp,quantile,0.75,147,COVID-19
DE,15-34,2023-04-16,2023-04-12,-4 day ahead inc hosp,quantile,0.9,150,COVID-19
DE,15-34,2023-04-16,2023-04-12,-4 day ahead inc hosp,quantile,0.975,154,COVID-19
DE,15-34,2023-04-16,2023-04-13,-3 day ahead inc hosp,mean,NA,142.442,COVID-19
DE,15-34,2023-04-16,2023-04-13,-3 day ahead inc hosp,quantile,0.025,133,COVID-19
DE,15-34,2023-04-16,2023-04-13,-3 day ahead inc hosp,quantile,0.1,136,COVID-19
DE,15-34,2023-04-16,2023-04-13,-3 day ahead inc hosp,quantile,0.25,138,COVID-19
DE,15-34,2023-04-16,2023-04-13,-3 day ahead inc hosp,quantile,0.5,142,COVID-19
DE,15-34,2023-04-16,2023-04-13,-3 day ahead inc hosp,quantile,0.75,146,COVID-19
DE,15-34,2023-04-16,2023-04-13,-3 day ahead inc hosp,quantile,0.9,150,COVID-19
DE,15-34,2023-04-16,2023-04-13,-3 day ahead inc hosp,quantile,0.975,154,COVID-19
DE,15-34,2023-04-16,2023-04-14,-2 day ahead inc hosp,mean,NA,133.338,COVID-19
DE,15-34,2023-04-16,2023-04-14,-2 day ahead inc hosp,quantile,0.025,122,COVID-19
DE,15-34,2023-04-16,2023-04-14,-2 day ahead inc hosp,quantile,0.1,125,COVID-19
DE,15-34,2023-04-16,2023-04-14,-2 day ahead inc hosp,quantile,0.25,128,COVID-19
DE,15-34,2023-04-16,2023-04-14,-2 day ahead inc hosp,quantile,0.5,133,COVID-19
DE,15-34,2023-04-16,2023-04-14,-2 day ahead inc hosp,quantile,0.75,138,COVID-19
DE,15-34,2023-04-16,2023-04-14,-2 day ahead inc hosp,quantile,0.9,143,COVID-19
DE,15-34,2023-04-16,2023-04-14,-2 day ahead inc hosp,quantile,0.975,148,COVID-19
DE,15-34,2023-04-16,2023-04-15,-1 day ahead inc hosp,mean,NA,141.424,COVID-19
DE,15-34,2023-04-16,2023-04-15,-1 day ahead inc hosp,quantile,0.025,126,COVID-19
DE,15-34,2023-04-16,2023-04-15,-1 day ahead inc hosp,quantile,0.1,130,COVID-19
DE,15-34,2023-04-16,2023-04-15,-1 day ahead inc hosp,quantile,0.25,135,COVID-19
DE,15-34,2023-04-16,2023-04-15,-1 day ahead inc hosp,quantile,0.5,140,COVID-19
DE,15-34,2023-04-16,2023-04-15,-1 day ahead inc hosp,quantile,0.75,147,COVID-19
DE,15-34,2023-04-16,2023-04-15,-1 day ahead inc hosp,quantile,0.9,154,COVID-19
DE,15-34,2023-04-16,2023-04-15,-1 day ahead inc hosp,quantile,0.975,161,COVID-19
DE,15-34,2023-04-16,2023-04-16,0 day ahead inc hosp,mean,NA,140.325,COVID-19
DE,15-34,2023-04-16,2023-04-16,0 day ahead inc hosp,quantile,0.025,123,COVID-19
DE,15-34,2023-04-16,2023-04-16,0 day ahead inc hosp,quantile,0.1,128,COVID-19
DE,15-34,2023-04-16,2023-04-16,0 day ahead inc hosp,quantile,0.25,133,COVID-19
DE,15-34,2023-04-16,2023-04-16,0 day ahead inc hosp,quantile,0.5,139,COVID-19
DE,15-34,2023-04-16,2023-04-16,0 day ahead inc hosp,quantile,0.75,147,COVID-19
DE,15-34,2023-04-16,2023-04-16,0 day ahead inc hosp,quantile,0.9,154,COVID-19
DE,15-34,2023-04-16,2023-04-16,0 day ahead inc hosp,quantile,0.975,162,COVID-19
DE,35-59,2023-04-16,2023-03-19,-28 day ahead inc hosp,mean,NA,1160.921,COVID-19
DE,35-59,2023-04-16,2023-03-19,-28 day ahead inc hosp,quantile,0.025,1152,COVID-19
DE,35-59,2023-04-16,2023-03-19,-28 day ahead inc hosp,quantile,0.1,1155,COVID-19
DE,35-59,2023-04-16,2023-03-19,-28 day ahead inc hosp,quantile,0.25,1158,COVID-19
DE,35-59,2023-04-16,2023-03-19,-28 day ahead inc hosp,quantile,0.5,1161,COVID-19
DE,35-59,2023-04-16,2023-03-19,-28 day ahead inc hosp,quantile,0.75,1164,COVID-19
DE,35-59,2023-04-16,2023-03-19,-28 day ahead inc hosp,quantile,0.9,1167,COVID-19
DE,35-59,2023-04-16,2023-03-19,-28 day ahead inc hosp,quantile,0.975,1171,COVID-19
DE,35-59,2023-04-16,2023-03-20,-27 day ahead inc hosp,mean,NA,1147.122,COVID-19
DE,35-59,2023-04-16,2023-03-20,-27 day ahead inc hosp,quantile,0.025,1139,COVID-19
DE,35-59,2023-04-16,2023-03-20,-27 day ahead inc hosp,quantile,0.1,1141,COVID-19
DE,35-59,2023-04-16,2023-03-20,-27 day ahead inc hosp,quantile,0.25,1144,COVID-19
DE,35-59,2023-04-16,2023-03-20,-27 day ahead inc hosp,quantile,0.5,1147,COVID-19
DE,35-59,2023-04-16,2023-03-20,-27 day ahead inc hosp,quantile,0.75,1150,COVID-19
DE,35-59,2023-04-16,2023-03-20,-27 day ahead inc hosp,quantile,0.9,1153,COVID-19
DE,35-59,2023-04-16,2023-03-20,-27 day ahead inc hosp,quantile,0.975,1157,COVID-19
DE,35-59,2023-04-16,2023-03-21,-26 day ahead inc hosp,mean,NA,1104.263,COVID-19
DE,35-59,2023-04-16,2023-03-21,-26 day ahead inc hosp,quantile,0.025,1095,COVID-19
DE,35-59,2023-04-16,2023-03-21,-26 day ahead inc hosp,quantile,0.1,1098,COVID-19
DE,35-59,2023-04-16,2023-03-21,-26 day ahead inc hosp,quantile,0.25,1101,COVID-19
DE,35-59,2023-04-16,2023-03-21,-26 day ahead inc hosp,quantile,0.5,1104,COVID-19
DE,35-59,2023-04-16,2023-03-21,-26 day ahead inc hosp,quantile,0.75,1108,COVID-19
DE,35-59,2023-04-16,2023-03-21,-26 day ahead inc hosp,quantile,0.9,1110,COVID-19
DE,35-59,2023-04-16,2023-03-21,-26 day ahead inc hosp,quantile,0.975,1114,COVID-19
DE,35-59,2023-04-16,2023-03-22,-25 day ahead inc hosp,mean,NA,1038.072,COVID-19
DE,35-59,2023-04-16,2023-03-22,-25 day ahead inc hosp,quantile,0.025,1029,COVID-19
DE,35-59,2023-04-16,2023-03-22,-25 day ahead inc hosp,quantile,0.1,1032,COVID-19
DE,35-59,2023-04-16,2023-03-22,-25 day ahead inc hosp,quantile,0.25,1035,COVID-19
DE,35-59,2023-04-16,2023-03-22,-25 day ahead inc hosp,quantile,0.5,1038,COVID-19
DE,35-59,2023-04-16,2023-03-22,-25 day ahead inc hosp,quantile,0.75,1041,COVID-19
DE,35-59,2023-04-16,2023-03-22,-25 day ahead inc hosp,quantile,0.9,1045,COVID-19
DE,35-59,2023-04-16,2023-03-22,-25 day ahead inc hosp,quantile,0.975,1049,COVID-19
DE,35-59,2023-04-16,2023-03-23,-24 day ahead inc hosp,mean,NA,1017.976,COVID-19
DE,35-59,2023-04-16,2023-03-23,-24 day ahead inc hosp,quantile,0.025,1008,COVID-19
DE,35-59,2023-04-16,2023-03-23,-24 day ahead inc hosp,quantile,0.1,1011,COVID-19
DE,35-59,2023-04-16,2023-03-23,-24 day ahead inc hosp,quantile,0.25,1014,COVID-19
DE,35-59,2023-04-16,2023-03-23,-24 day ahead inc hosp,quantile,0.5,1018,COVID-19
DE,35-59,2023-04-16,2023-03-23,-24 day ahead inc hosp,quantile,0.75,1021,COVID-19
DE,35-59,2023-04-16,2023-03-23,-24 day ahead inc hosp,quantile,0.9,1025,COVID-19
DE,35-59,2023-04-16,2023-03-23,-24 day ahead inc hosp,quantile,0.975,1029,COVID-19
DE,35-59,2023-04-16,2023-03-24,-23 day ahead inc hosp,mean,NA,968.948,COVID-19
DE,35-59,2023-04-16,2023-03-24,-23 day ahead inc hosp,quantile,0.025,959,COVID-19
DE,35-59,2023-04-16,2023-03-24,-23 day ahead inc hosp,quantile,0.1,962,COVID-19
DE,35-59,2023-04-16,2023-03-24,-23 day ahead inc hosp,quantile,0.25,965,COVID-19
DE,35-59,2023-04-16,2023-03-24,-23 day ahead inc hosp,quantile,0.5,969,COVID-19
DE,35-59,2023-04-16,2023-03-24,-23 day ahead inc hosp,quantile,0.75,972,COVID-19
DE,35-59,2023-04-16,2023-03-24,-23 day ahead inc hosp,quantile,0.9,976,COVID-19
DE,35-59,2023-04-16,2023-03-24,-23 day ahead inc hosp,quantile,0.975,980,COVID-19
DE,35-59,2023-04-16,2023-03-25,-22 day ahead inc hosp,mean,NA,911.685,COVID-19
DE,35-59,2023-04-16,2023-03-25,-22 day ahead inc hosp,quantile,0.025,902,COVID-19
DE,35-59,2023-04-16,2023-03-25,-22 day ahead inc hosp,quantile,0.1,905,COVID-19
DE,35-59,2023-04-16,2023-03-25,-22 day ahead inc hosp,quantile,0.25,908,COVID-19
DE,35-59,2023-04-16,2023-03-25,-22 day ahead inc hosp,quantile,0.5,912,COVID-19
DE,35-59,2023-04-16,2023-03-25,-22 day ahead inc hosp,quantile,0.75,915,COVID-19
DE,35-59,2023-04-16,2023-03-25,-22 day ahead inc hosp,quantile,0.9,918,COVID-19
DE,35-59,2023-04-16,2023-03-25,-22 day ahead inc hosp,quantile,0.975,923,COVID-19
DE,35-59,2023-04-16,2023-03-26,-21 day ahead inc hosp,mean,NA,910.936,COVID-19
DE,35-59,2023-04-16,2023-03-26,-21 day ahead inc hosp,quantile,0.025,901,COVID-19
DE,35-59,2023-04-16,2023-03-26,-21 day ahead inc hosp,quantile,0.1,904,COVID-19
DE,35-59,2023-04-16,2023-03-26,-21 day ahead inc hosp,quantile,0.25,907,COVID-19
DE,35-59,2023-04-16,2023-03-26,-21 day ahead inc hosp,quantile,0.5,911,COVID-19
DE,35-59,2023-04-16,2023-03-26,-21 day ahead inc hosp,quantile,0.75,915,COVID-19
DE,35-59,2023-04-16,2023-03-26,-21 day ahead inc hosp,quantile,0.9,918,COVID-19
DE,35-59,2023-04-16,2023-03-26,-21 day ahead inc hosp,quantile,0.975,923,COVID-19
DE,35-59,2023-04-16,2023-03-27,-20 day ahead inc hosp,mean,NA,915.154,COVID-19
DE,35-59,2023-04-16,2023-03-27,-20 day ahead inc hosp,quantile,0.025,905,COVID-19
DE,35-59,2023-04-16,2023-03-27,-20 day ahead inc hosp,quantile,0.1,908,COVID-19
DE,35-59,2023-04-16,2023-03-27,-20 day ahead inc hosp,quantile,0.25,911,COVID-19
DE,35-59,2023-04-16,2023-03-27,-20 day ahead inc hosp,quantile,0.5,915,COVID-19
DE,35-59,2023-04-16,2023-03-27,-20 day ahead inc hosp,quantile,0.75,919,COVID-19
DE,35-59,2023-04-16,2023-03-27,-20 day ahead inc hosp,quantile,0.9,922,COVID-19
DE,35-59,2023-04-16,2023-03-27,-20 day ahead inc hosp,quantile,0.975,927,COVID-19
DE,35-59,2023-04-16,2023-03-28,-19 day ahead inc hosp,mean,NA,839.678,COVID-19
DE,35-59,2023-04-16,2023-03-28,-19 day ahead inc hosp,quantile,0.025,830,COVID-19
DE,35-59,2023-04-16,2023-03-28,-19 day ahead inc hosp,quantile,0.1,833,COVID-19
DE,35-59,2023-04-16,2023-03-28,-19 day ahead inc hosp,quantile,0.25,836,COVID-19
DE,35-59,2023-04-16,2023-03-28,-19 day ahead inc hosp,quantile,0.5,839,COVID-19
DE,35-59,2023-04-16,2023-03-28,-19 day ahead inc hosp,quantile,0.75,843,COVID-19
DE,35-59,2023-04-16,2023-03-28,-19 day ahead inc hosp,quantile,0.9,847,COVID-19
DE,35-59,2023-04-16,2023-03-28,-19 day ahead inc hosp,quantile,0.975,851,COVID-19
DE,35-59,2023-04-16,2023-03-29,-18 day ahead inc hosp,mean,NA,747.329,COVID-19
DE,35-59,2023-04-16,2023-03-29,-18 day ahead inc hosp,quantile,0.025,737,COVID-19
DE,35-59,2023-04-16,2023-03-29,-18 day ahead inc hosp,quantile,0.1,740,COVID-19
DE,35-59,2023-04-16,2023-03-29,-18 day ahead inc hosp,quantile,0.25,743,COVID-19
DE,35-59,2023-04-16,2023-03-29,-18 day ahead inc hosp,quantile,0.5,747,COVID-19
DE,35-59,2023-04-16,2023-03-29,-18 day ahead inc hosp,quantile,0.75,751,COVID-19
DE,35-59,2023-04-16,2023-03-29,-18 day ahead inc hosp,quantile,0.9,754,COVID-19
DE,35-59,2023-04-16,2023-03-29,-18 day ahead inc hosp,quantile,0.975,759,COVID-19
DE,35-59,2023-04-16,2023-03-30,-17 day ahead inc hosp,mean,NA,714.895,COVID-19
DE,35-59,2023-04-16,2023-03-30,-17 day ahead inc hosp,quantile,0.025,705,COVID-19
DE,35-59,2023-04-16,2023-03-30,-17 day ahead inc hosp,quantile,0.1,708,COVID-19
DE,35-59,2023-04-16,2023-03-30,-17 day ahead inc hosp,quantile,0.25,711,COVID-19
DE,35-59,2023-04-16,2023-03-30,-17 day ahead inc hosp,quantile,0.5,715,COVID-19
DE,35-59,2023-04-16,2023-03-30,-17 day ahead inc hosp,quantile,0.75,719,COVID-19
DE,35-59,2023-04-16,2023-03-30,-17 day ahead inc hosp,quantile,0.9,722,COVID-19
DE,35-59,2023-04-16,2023-03-30,-17 day ahead inc hosp,quantile,0.975,726,COVID-19
DE,35-59,2023-04-16,2023-03-31,-16 day ahead inc hosp,mean,NA,699.791,COVID-19
DE,35-59,2023-04-16,2023-03-31,-16 day ahead inc hosp,quantile,0.025,689,COVID-19
DE,35-59,2023-04-16,2023-03-31,-16 day ahead inc hosp,quantile,0.1,693,COVID-19
DE,35-59,2023-04-16,2023-03-31,-16 day ahead inc hosp,quantile,0.25,696,COVID-19
DE,35-59,2023-04-16,2023-03-31,-16 day ahead inc hosp,quantile,0.5,700,COVID-19
DE,35-59,2023-04-16,2023-03-31,-16 day ahead inc hosp,quantile,0.75,703,COVID-19
DE,35-59,2023-04-16,2023-03-31,-16 day ahead inc hosp,quantile,0.9,707,COVID-19
DE,35-59,2023-04-16,2023-03-31,-16 day ahead inc hosp,quantile,0.975,712,COVID-19
DE,35-59,2023-04-16,2023-04-01,-15 day ahead inc hosp,mean,NA,676.79,COVID-19
DE,35-59,2023-04-16,2023-04-01,-15 day ahead inc hosp,quantile,0.025,666,COVID-19
DE,35-59,2023-04-16,2023-04-01,-15 day ahead inc hosp,quantile,0.1,670,COVID-19
DE,35-59,2023-04-16,2023-04-01,-15 day ahead inc hosp,quantile,0.25,673,COVID-19
DE,35-59,2023-04-16,2023-04-01,-15 day ahead inc hosp,quantile,0.5,677,COVID-19
DE,35-59,2023-04-16,2023-04-01,-15 day ahead inc hosp,quantile,0.75,681,COVID-19
DE,35-59,2023-04-16,2023-04-01,-15 day ahead inc hosp,quantile,0.9,684,COVID-19
DE,35-59,2023-04-16,2023-04-01,-15 day ahead inc hosp,quantile,0.975,689,COVID-19
DE,35-59,2023-04-16,2023-04-02,-14 day ahead inc hosp,mean,NA,669.137,COVID-19
DE,35-59,2023-04-16,2023-04-02,-14 day ahead inc hosp,quantile,0.025,658,COVID-19
DE,35-59,2023-04-16,2023-04-02,-14 day ahead inc hosp,quantile,0.1,662,COVID-19
DE,35-59,2023-04-16,2023-04-02,-14 day ahead inc hosp,quantile,0.25,665,COVID-19
DE,35-59,2023-04-16,2023-04-02,-14 day ahead inc hosp,quantile,0.5,669,COVID-19
DE,35-59,2023-04-16,2023-04-02,-14 day ahead inc hosp,quantile,0.75,673,COVID-19
DE,35-59,2023-04-16,2023-04-02,-14 day ahead inc hosp,quantile,0.9,677,COVID-19
DE,35-59,2023-04-16,2023-04-02,-14 day ahead inc hosp,quantile,0.975,681,COVID-19
DE,35-59,2023-04-16,2023-04-03,-13 day ahead inc hosp,mean,NA,662.437,COVID-19
DE,35-59,2023-04-16,2023-04-03,-13 day ahead inc hosp,quantile,0.025,651,COVID-19
DE,35-59,2023-04-16,2023-04-03,-13 day ahead inc hosp,quantile,0.1,655,COVID-19
DE,35-59,2023-04-16,2023-04-03,-13 day ahead inc hosp,quantile,0.25,658,COVID-19
DE,35-59,2023-04-16,2023-04-03,-13 day ahead inc hosp,quantile,0.5,662,COVID-19
DE,35-59,2023-04-16,2023-04-03,-13 day ahead inc hosp,quantile,0.75,666,COVID-19
DE,35-59,2023-04-16,2023-04-03,-13 day ahead inc hosp,quantile,0.9,670,COVID-19
DE,35-59,2023-04-16,2023-04-03,-13 day ahead inc hosp,quantile,0.975,674,COVID-19
DE,35-59,2023-04-16,2023-04-04,-12 day ahead inc hosp,mean,NA,624.297,COVID-19
DE,35-59,2023-04-16,2023-04-04,-12 day ahead inc hosp,quantile,0.025,613,COVID-19
DE,35-59,2023-04-16,2023-04-04,-12 day ahead inc hosp,quantile,0.1,616,COVID-19
DE,35-59,2023-04-16,2023-04-04,-12 day ahead inc hosp,quantile,0.25,620,COVID-19
DE,35-59,2023-04-16,2023-04-04,-12 day ahead inc hosp,quantile,0.5,624,COVID-19
DE,35-59,2023-04-16,2023-04-04,-12 day ahead inc hosp,quantile,0.75,628,COVID-19
DE,35-59,2023-04-16,2023-04-04,-12 day ahead inc hosp,quantile,0.9,632,COVID-19
DE,35-59,2023-04-16,2023-04-04,-12 day ahead inc hosp,quantile,0.975,637,COVID-19
DE,35-59,2023-04-16,2023-04-05,-11 day ahead inc hosp,mean,NA,616.325,COVID-19
DE,35-59,2023-04-16,2023-04-05,-11 day ahead inc hosp,quantile,0.025,605,COVID-19
DE,35-59,2023-04-16,2023-04-05,-11 day ahead inc hosp,quantile,0.1,608,COVID-19
DE,35-59,2023-04-16,2023-04-05,-11 day ahead inc hosp,quantile,0.25,612,COVID-19
DE,35-59,2023-04-16,2023-04-05,-11 day ahead inc hosp,quantile,0.5,616,COVID-19
DE,35-59,2023-04-16,2023-04-05,-11 day ahead inc hosp,quantile,0.75,621,COVID-19
DE,35-59,2023-04-16,2023-04-05,-11 day ahead inc hosp,quantile,0.9,625,COVID-19
DE,35-59,2023-04-16,2023-04-05,-11 day ahead inc hosp,quantile,0.975,629,COVID-19
DE,35-59,2023-04-16,2023-04-06,-10 day ahead inc hosp,mean,NA,565.872,COVID-19
DE,35-59,2023-04-16,2023-04-06,-10 day ahead inc hosp,quantile,0.025,553,COVID-19
DE,35-59,2023-04-16,2023-04-06,-10 day ahead inc hosp,quantile,0.1,557,COVID-19
DE,35-59,2023-04-16,2023-04-06,-10 day ahead inc hosp,quantile,0.25,561,COVID-19
DE,35-59,2023-04-16,2023-04-06,-10 day ahead inc hosp,quantile,0.5,565,COVID-19
DE,35-59,2023-04-16,2023-04-06,-10 day ahead inc hosp,quantile,0.75,570,COVID-19
DE,35-59,2023-04-16,2023-04-06,-10 day ahead inc hosp,quantile,0.9,575,COVID-19
DE,35-59,2023-04-16,2023-04-06,-10 day ahead inc hosp,quantile,0.975,580,COVID-19
DE,35-59,2023-04-16,2023-04-07,-9 day ahead inc hosp,mean,NA,519.737,COVID-19
DE,35-59,2023-04-16,2023-04-07,-9 day ahead inc hosp,quantile,0.025,506,COVID-19
DE,35-59,2023-04-16,2023-04-07,-9 day ahead inc hosp,quantile,0.1,510,COVID-19
DE,35-59,2023-04-16,2023-04-07,-9 day ahead inc hosp,quantile,0.25,515,COVID-19
DE,35-59,2023-04-16,2023-04-07,-9 day ahead inc hosp,quantile,0.5,519,COVID-19
DE,35-59,2023-04-16,2023-04-07,-9 day ahead inc hosp,quantile,0.75,524,COVID-19
DE,35-59,2023-04-16,2023-04-07,-9 day ahead inc hosp,quantile,0.9,530,COVID-19
DE,35-59,2023-04-16,2023-04-07,-9 day ahead inc hosp,quantile,0.975,535,COVID-19
DE,35-59,2023-04-16,2023-04-08,-8 day ahead inc hosp,mean,NA,458.228,COVID-19
DE,35-59,2023-04-16,2023-04-08,-8 day ahead inc hosp,quantile,0.025,444,COVID-19
DE,35-59,2023-04-16,2023-04-08,-8 day ahead inc hosp,quantile,0.1,449,COVID-19
DE,35-59,2023-04-16,2023-04-08,-8 day ahead inc hosp,quantile,0.25,453,COVID-19
DE,35-59,2023-04-16,2023-04-08,-8 day ahead inc hosp,quantile,0.5,458,COVID-19
DE,35-59,2023-04-16,2023-04-08,-8 day ahead inc hosp,quantile,0.75,463,COVID-19
DE,35-59,2023-04-16,2023-04-08,-8 day ahead inc hosp,quantile,0.9,469,COVID-19
DE,35-59,2023-04-16,2023-04-08,-8 day ahead inc hosp,quantile,0.975,476,COVID-19
DE,35-59,2023-04-16,2023-04-09,-7 day ahead inc hosp,mean,NA,450.41,COVID-19
DE,35-59,2023-04-16,2023-04-09,-7 day ahead inc hosp,quantile,0.025,436,COVID-19
DE,35-59,2023-04-16,2023-04-09,-7 day ahead inc hosp,quantile,0.1,440,COVID-19
DE,35-59,2023-04-16,2023-04-09,-7 day ahead inc hosp,quantile,0.25,445,COVID-19
DE,35-59,2023-04-16,2023-04-09,-7 day ahead inc hosp,quantile,0.5,450,COVID-19
DE,35-59,2023-04-16,2023-04-09,-7 day ahead inc hosp,quantile,0.75,456,COVID-19
DE,35-59,2023-04-16,2023-04-09,-7 day ahead inc hosp,quantile,0.9,461,COVID-19
DE,35-59,2023-04-16,2023-04-09,-7 day ahead inc hosp,quantile,0.975,467,COVID-19
DE,35-59,2023-04-16,2023-04-10,-6 day ahead inc hosp,mean,NA,449.671,COVID-19
DE,35-59,2023-04-16,2023-04-10,-6 day ahead inc hosp,quantile,0.025,435,COVID-19
DE,35-59,2023-04-16,2023-04-10,-6 day ahead inc hosp,quantile,0.1,440,COVID-19
DE,35-59,2023-04-16,2023-04-10,-6 day ahead inc hosp,quantile,0.25,444,COVID-19
DE,35-59,2023-04-16,2023-04-10,-6 day ahead inc hosp,quantile,0.5,449,COVID-19
DE,35-59,2023-04-16,2023-04-10,-6 day ahead inc hosp,quantile,0.75,456,COVID-19
DE,35-59,2023-04-16,2023-04-10,-6 day ahead inc hosp,quantile,0.9,460,COVID-19
DE,35-59,2023-04-16,2023-04-10,-6 day ahead inc hosp,quantile,0.975,467,COVID-19
DE,35-59,2023-04-16,2023-04-11,-5 day ahead inc hosp,mean,NA,313.037,COVID-19
DE,35-59,2023-04-16,2023-04-11,-5 day ahead inc hosp,quantile,0.025,296,COVID-19
DE,35-59,2023-04-16,2023-04-11,-5 day ahead inc hosp,quantile,0.1,301,COVID-19
DE,35-59,2023-04-16,2023-04-11,-5 day ahead inc hosp,quantile,0.25,306,COVID-19
DE,35-59,2023-04-16,2023-04-11,-5 day ahead inc hosp,quantile,0.5,312,COVID-19
DE,35-59,2023-04-16,2023-04-11,-5 day ahead inc hosp,quantile,0.75,320,COVID-19
DE,35-59,2023-04-16,2023-04-11,-5 day ahead inc hosp,quantile,0.9,325,COVID-19
DE,35-59,2023-04-16,2023-04-11,-5 day ahead inc hosp,quantile,0.975,332,COVID-19
DE,35-59,2023-04-16,2023-04-12,-4 day ahead inc hosp,mean,NA,368.321,COVID-19
DE,35-59,2023-04-16,2023-04-12,-4 day ahead inc hosp,quantile,0.025,347,COVID-19
DE,35-59,2023-04-16,2023-04-12,-4 day ahead inc hosp,quantile,0.1,354,COVID-19
DE,35-59,2023-04-16,2023-04-12,-4 day ahead inc hosp,quantile,0.25,360,COVID-19
DE,35-59,2023-04-16,2023-04-12,-4 day ahead inc hosp,quantile,0.5,367,COVID-19
DE,35-59,2023-04-16,2023-04-12,-4 day ahead inc hosp,quantile,0.75,376,COVID-19
DE,35-59,2023-04-16,2023-04-12,-4 day ahead inc hosp,quantile,0.9,383,COVID-19
DE,35-59,2023-04-16,2023-04-12,-4 day ahead inc hosp,quantile,0.975,392,COVID-19
DE,35-59,2023-04-16,2023-04-13,-3 day ahead inc hosp,mean,NA,389.326,COVID-19
DE,35-59,2023-04-16,2023-04-13,-3 day ahead inc hosp,quantile,0.025,365,COVID-19
DE,35-59,2023-04-16,2023-04-13,-3 day ahead inc hosp,quantile,0.1,372,COVID-19
DE,35-59,2023-04-16,2023-04-13,-3 day ahead inc hosp,quantile,0.25,379,COVID-19
DE,35-59,2023-04-16,2023-04-13,-3 day ahead inc hosp,quantile,0.5,389,COVID-19
DE,35-59,2023-04-16,2023-04-13,-3 day ahead inc hosp,quantile,0.75,398,COVID-19
DE,35-59,2023-04-16,2023-04-13,-3 day ahead inc hosp,quantile,0.9,407,COVID-19
DE,35-59,2023-04-16,2023-04-13,-3 day ahead inc hosp,quantile,0.975,417,COVID-19
DE,35-59,2023-04-16,2023-04-14,-2 day ahead inc hosp,mean,NA,406.175,COVID-19
DE,35-59,2023-04-16,2023-04-14,-2 day ahead inc hosp,quantile,0.025,375,COVID-19
DE,35-59,2023-04-16,2023-04-14,-2 day ahead inc hosp,quantile,0.1,384,COVID-19
DE,35-59,2023-04-16,2023-04-14,-2 day ahead inc hosp,quantile,0.25,394,COVID-19
DE,35-59,2023-04-16,2023-04-14,-2 day ahead inc hosp,quantile,0.5,406,COVID-19
DE,35-59,2023-04-16,2023-04-14,-2 day ahead inc hosp,quantile,0.75,417,COVID-19
DE,35-59,2023-04-16,2023-04-14,-2 day ahead inc hosp,quantile,0.9,429,COVID-19
DE,35-59,2023-04-16,2023-04-14,-2 day ahead inc hosp,quantile,0.975,442,COVID-19
DE,35-59,2023-04-16,2023-04-15,-1 day ahead inc hosp,mean,NA,452.389,COVID-19
DE,35-59,2023-04-16,2023-04-15,-1 day ahead inc hosp,quantile,0.025,409,COVID-19
DE,35-59,2023-04-16,2023-04-15,-1 day ahead inc hosp,quantile,0.1,422,COVID-19
DE,35-59,2023-04-16,2023-04-15,-1 day ahead inc hosp,quantile,0.25,434,COVID-19
DE,35-59,2023-04-16,2023-04-15,-1 day ahead inc hosp,quantile,0.5,451,COVID-19
DE,35-59,2023-04-16,2023-04-15,-1 day ahead inc hosp,quantile,0.75,467,COVID-19
DE,35-59,2023-04-16,2023-04-15,-1 day ahead inc hosp,quantile,0.9,486,COVID-19
DE,35-59,2023-04-16,2023-04-15,-1 day ahead inc hosp,quantile,0.975,508,COVID-19
DE,35-59,2023-04-16,2023-04-16,0 day ahead inc hosp,mean,NA,460.124,COVID-19
DE,35-59,2023-04-16,2023-04-16,0 day ahead inc hosp,quantile,0.025,412,COVID-19
DE,35-59,2023-04-16,2023-04-16,0 day ahead inc hosp,quantile,0.1,426,COVID-19
DE,35-59,2023-04-16,2023-04-16,0 day ahead inc hosp,quantile,0.25,441,COVID-19
DE,35-59,2023-04-16,2023-04-16,0 day ahead inc hosp,quantile,0.5,459,COVID-19
DE,35-59,2023-04-16,2023-04-16,0 day ahead inc hosp,quantile,0.75,477,COVID-19
DE,35-59,2023-04-16,2023-04-16,0 day ahead inc hosp,quantile,0.9,498,COVID-19
DE,35-59,2023-04-16,2023-04-16,0 day ahead inc hosp,quantile,0.975,523,COVID-19
DE,60-79,2023-04-16,2023-03-19,-28 day ahead inc hosp,mean,NA,3249.614,COVID-19
DE,60-79,2023-04-16,2023-03-19,-28 day ahead inc hosp,quantile,0.025,3233,COVID-19
DE,60-79,2023-04-16,2023-03-19,-28 day ahead inc hosp,quantile,0.1,3238,COVID-19
DE,60-79,2023-04-16,2023-03-19,-28 day ahead inc hosp,quantile,0.25,3243,COVID-19
DE,60-79,2023-04-16,2023-03-19,-28 day ahead inc hosp,quantile,0.5,3249,COVID-19
DE,60-79,2023-04-16,2023-03-19,-28 day ahead inc hosp,quantile,0.75,3255,COVID-19
DE,60-79,2023-04-16,2023-03-19,-28 day ahead inc hosp,quantile,0.9,3262,COVID-19
DE,60-79,2023-04-16,2023-03-19,-28 day ahead inc hosp,quantile,0.975,3270,COVID-19
DE,60-79,2023-04-16,2023-03-20,-27 day ahead inc hosp,mean,NA,3251.148,COVID-19
DE,60-79,2023-04-16,2023-03-20,-27 day ahead inc hosp,quantile,0.025,3235,COVID-19
DE,60-79,2023-04-16,2023-03-20,-27 day ahead inc hosp,quantile,0.1,3240,COVID-19
DE,60-79,2023-04-16,2023-03-20,-27 day ahead inc hosp,quantile,0.25,3245,COVID-19
DE,60-79,2023-04-16,2023-03-20,-27 day ahead inc hosp,quantile,0.5,3251,COVID-19
DE,60-79,2023-04-16,2023-03-20,-27 day ahead inc hosp,quantile,0.75,3257,COVID-19
DE,60-79,2023-04-16,2023-03-20,-27 day ahead inc hosp,quantile,0.9,3263,COVID-19
DE,60-79,2023-04-16,2023-03-20,-27 day ahead inc hosp,quantile,0.975,3271,COVID-19
DE,60-79,2023-04-16,2023-03-21,-26 day ahead inc hosp,mean,NA,3171.832,COVID-19
DE,60-79,2023-04-16,2023-03-21,-26 day ahead inc hosp,quantile,0.025,3153,COVID-19
DE,60-79,2023-04-16,2023-03-21,-26 day ahead inc hosp,quantile,0.1,3160,COVID-19
DE,60-79,2023-04-16,2023-03-21,-26 day ahead inc hosp,quantile,0.25,3165,COVID-19
DE,60-79,2023-04-16,2023-03-21,-26 day ahead inc hosp,quantile,0.5,3171,COVID-19
DE,60-79,2023-04-16,2023-03-21,-26 day ahead inc hosp,quantile,0.75,3178,COVID-19
DE,60-79,2023-04-16,2023-03-21,-26 day ahead inc hosp,quantile,0.9,3184,COVID-19
DE,60-79,2023-04-16,2023-03-21,-26 day ahead inc hosp,quantile,0.975,3192,COVID-19
DE,60-79,2023-04-16,2023-03-22,-25 day ahead inc hosp,mean,NA,3056.13,COVID-19
DE,60-79,2023-04-16,2023-03-22,-25 day ahead inc hosp,quantile,0.025,3039,COVID-19
DE,60-79,2023-04-16,2023-03-22,-25 day ahead inc hosp,quantile,0.1,3044,COVID-19
DE,60-79,2023-04-16,2023-03-22,-25 day ahead inc hosp,quantile,0.25,3049,COVID-19
DE,60-79,2023-04-16,2023-03-22,-25 day ahead inc hosp,quantile,0.5,3056,COVID-19
DE,60-79,2023-04-16,2023-03-22,-25 day ahead inc hosp,quantile,0.75,3062,COVID-19
DE,60-79,2023-04-16,2023-03-22,-25 day ahead inc hosp,quantile,0.9,3069,COVID-19
DE,60-79,2023-04-16,2023-03-22,-25 day ahead inc hosp,quantile,0.975,3077,COVID-19
DE,60-79,2023-04-16,2023-03-23,-24 day ahead inc hosp,mean,NA,3006.139,COVID-19
DE,60-79,2023-04-16,2023-03-23,-24 day ahead inc hosp,quantile,0.025,2987,COVID-19
DE,60-79,2023-04-16,2023-03-23,-24 day ahead inc hosp,quantile,0.1,2993,COVID-19
DE,60-79,2023-04-16,2023-03-23,-24 day ahead inc hosp,quantile,0.25,2999,COVID-19
DE,60-79,2023-04-16,2023-03-23,-24 day ahead inc hosp,quantile,0.5,3006,COVID-19
DE,60-79,2023-04-16,2023-03-23,-24 day ahead inc hosp,quantile,0.75,3013,COVID-19
DE,60-79,2023-04-16,2023-03-23,-24 day ahead inc hosp,quantile,0.9,3019,COVID-19
DE,60-79,2023-04-16,2023-03-23,-24 day ahead inc hosp,quantile,0.975,3027,COVID-19
DE,60-79,2023-04-16,2023-03-24,-23 day ahead inc hosp,mean,NA,2917.046,COVID-19
DE,60-79,2023-04-16,2023-03-24,-23 day ahead inc hosp,quantile,0.025,2898,COVID-19
DE,60-79,2023-04-16,2023-03-24,-23 day ahead inc hosp,quantile,0.1,2904,COVID-19
DE,60-79,2023-04-16,2023-03-24,-23 day ahead inc hosp,quantile,0.25,2910,COVID-19
DE,60-79,2023-04-16,2023-03-24,-23 day ahead inc hosp,quantile,0.5,2917,COVID-19
DE,60-79,2023-04-16,2023-03-24,-23 day ahead inc hosp,quantile,0.75,2924,COVID-19
DE,60-79,2023-04-16,2023-03-24,-23 day ahead inc hosp,quantile,0.9,2930,COVID-19
DE,60-79,2023-04-16,2023-03-24,-23 day ahead inc hosp,quantile,0.975,2939,COVID-19
DE,60-79,2023-04-16,2023-03-25,-22 day ahead inc hosp,mean,NA,2875.427,COVID-19
DE,60-79,2023-04-16,2023-03-25,-22 day ahead inc hosp,quantile,0.025,2856,COVID-19
DE,60-79,2023-04-16,2023-03-25,-22 day ahead inc hosp,quantile,0.1,2862,COVID-19
DE,60-79,2023-04-16,2023-03-25,-22 day ahead inc hosp,quantile,0.25,2868,COVID-19
DE,60-79,2023-04-16,2023-03-25,-22 day ahead inc hosp,quantile,0.5,2875,COVID-19
DE,60-79,2023-04-16,2023-03-25,-22 day ahead inc hosp,quantile,0.75,2882,COVID-19
DE,60-79,2023-04-16,2023-03-25,-22 day ahead inc hosp,quantile,0.9,2889,COVID-19
DE,60-79,2023-04-16,2023-03-25,-22 day ahead inc hosp,quantile,0.975,2897,COVID-19
DE,60-79,2023-04-16,2023-03-26,-21 day ahead inc hosp,mean,NA,2846.106,COVID-19
DE,60-79,2023-04-16,2023-03-26,-21 day ahead inc hosp,quantile,0.025,2827,COVID-19
DE,60-79,2023-04-16,2023-03-26,-21 day ahead inc hosp,quantile,0.1,2833,COVID-19
DE,60-79,2023-04-16,2023-03-26,-21 day ahead inc hosp,quantile,0.25,2839,COVID-19
DE,60-79,2023-04-16,2023-03-26,-21 day ahead inc hosp,quantile,0.5,2846,COVID-19
DE,60-79,2023-04-16,2023-03-26,-21 day ahead inc hosp,quantile,0.75,2854,COVID-19
DE,60-79,2023-04-16,2023-03-26,-21 day ahead inc hosp,quantile,0.9,2860,COVID-19
DE,60-79,2023-04-16,2023-03-26,-21 day ahead inc hosp,quantile,0.975,2868,COVID-19
DE,60-79,2023-04-16,2023-03-27,-20 day ahead inc hosp,mean,NA,2796.469,COVID-19
DE,60-79,2023-04-16,2023-03-27,-20 day ahead inc hosp,quantile,0.025,2776,COVID-19
DE,60-79,2023-04-16,2023-03-27,-20 day ahead inc hosp,quantile,0.1,2783,COVID-19
DE,60-79,2023-04-16,2023-03-27,-20 day ahead inc hosp,quantile,0.25,2789,COVID-19
DE,60-79,2023-04-16,2023-03-27,-20 day ahead inc hosp,quantile,0.5,2796,COVID-19
DE,60-79,2023-04-16,2023-03-27,-20 day ahead inc hosp,quantile,0.75,2804,COVID-19
DE,60-79,2023-04-16,2023-03-27,-20 day ahead inc hosp,quantile,0.9,2810,COVID-19
DE,60-79,2023-04-16,2023-03-27,-20 day ahead inc hosp,quantile,0.975,2819,COVID-19
DE,60-79,2023-04-16,2023-03-28,-19 day ahead inc hosp,mean,NA,2599.442,COVID-19
DE,60-79,2023-04-16,2023-03-28,-19 day ahead inc hosp,quantile,0.025,2579,COVID-19
DE,60-79,2023-04-16,2023-03-28,-19 day ahead inc hosp,quantile,0.1,2586,COVID-19
DE,60-79,2023-04-16,2023-03-28,-19 day ahead inc hosp,quantile,0.25,2592,COVID-19
DE,60-79,2023-04-16,2023-03-28,-19 day ahead inc hosp,quantile,0.5,2599,COVID-19
DE,60-79,2023-04-16,2023-03-28,-19 day ahead inc hosp,quantile,0.75,2606,COVID-19
DE,60-79,2023-04-16,2023-03-28,-19 day ahead inc hosp,quantile,0.9,2613,COVID-19
DE,60-79,2023-04-16,2023-03-28,-19 day ahead inc hosp,quantile,0.975,2622,COVID-19
DE,60-79,2023-04-16,2023-03-29,-18 day ahead inc hosp,mean,NA,2475.97,COVID-19
DE,60-79,2023-04-16,2023-03-29,-18 day ahead inc hosp,quantile,0.025,2456,COVID-19
DE,60-79,2023-04-16,2023-03-29,-18 day ahead inc hosp,quantile,0.1,2463,COVID-19
DE,60-79,2023-04-16,2023-03-29,-18 day ahead inc hosp,quantile,0.25,2469,COVID-19
DE,60-79,2023-04-16,2023-03-29,-18 day ahead inc hosp,quantile,0.5,2476,COVID-19
DE,60-79,2023-04-16,2023-03-29,-18 day ahead inc hosp,quantile,0.75,2483,COVID-19
DE,60-79,2023-04-16,2023-03-29,-18 day ahead inc hosp,quantile,0.9,2490,COVID-19
DE,60-79,2023-04-16,2023-03-29,-18 day ahead inc hosp,quantile,0.975,2498,COVID-19
DE,60-79,2023-04-16,2023-03-30,-17 day ahead inc hosp,mean,NA,2313.788,COVID-19
DE,60-79,2023-04-16,2023-03-30,-17 day ahead inc hosp,quantile,0.025,2293,COVID-19
DE,60-79,2023-04-16,2023-03-30,-17 day ahead inc hosp,quantile,0.1,2300,COVID-19
DE,60-79,2023-04-16,2023-03-30,-17 day ahead inc hosp,quantile,0.25,2306,COVID-19
DE,60-79,2023-04-16,2023-03-30,-17 day ahead inc hosp,quantile,0.5,2313,COVID-19
DE,60-79,2023-04-16,2023-03-30,-17 day ahead inc hosp,quantile,0.75,2321,COVID-19
DE,60-79,2023-04-16,2023-03-30,-17 day ahead inc hosp,quantile,0.9,2328,COVID-19
DE,60-79,2023-04-16,2023-03-30,-17 day ahead inc hosp,quantile,0.975,2336,COVID-19
DE,60-79,2023-04-16,2023-03-31,-16 day ahead inc hosp,mean,NA,2220.035,COVID-19
DE,60-79,2023-04-16,2023-03-31,-16 day ahead inc hosp,quantile,0.025,2199,COVID-19
DE,60-79,2023-04-16,2023-03-31,-16 day ahead inc hosp,quantile,0.1,2205,COVID-19
DE,60-79,2023-04-16,2023-03-31,-16 day ahead inc hosp,quantile,0.25,2212,COVID-19
DE,60-79,2023-04-16,2023-03-31,-16 day ahead inc hosp,quantile,0.5,2220,COVID-19
DE,60-79,2023-04-16,2023-03-31,-16 day ahead inc hosp,quantile,0.75,2228,COVID-19
DE,60-79,2023-04-16,2023-03-31,-16 day ahead inc hosp,quantile,0.9,2234,COVID-19
DE,60-79,2023-04-16,2023-03-31,-16 day ahead inc hosp,quantile,0.975,2242,COVID-19
DE,60-79,2023-04-16,2023-04-01,-15 day ahead inc hosp,mean,NA,2115.027,COVID-19
DE,60-79,2023-04-16,2023-04-01,-15 day ahead inc hosp,quantile,0.025,2093,COVID-19
DE,60-79,2023-04-16,2023-04-01,-15 day ahead inc hosp,quantile,0.1,2100,COVID-19
DE,60-79,2023-04-16,2023-04-01,-15 day ahead inc hosp,quantile,0.25,2107,COVID-19
DE,60-79,2023-04-16,2023-04-01,-15 day ahead inc hosp,quantile,0.5,2115,COVID-19
DE,60-79,2023-04-16,2023-04-01,-15 day ahead inc hosp,quantile,0.75,2123,COVID-19
DE,60-79,2023-04-16,2023-04-01,-15 day ahead inc hosp,quantile,0.9,2129,COVID-19
DE,60-79,2023-04-16,2023-04-01,-15 day ahead inc hosp,quantile,0.975,2137,COVID-19
DE,60-79,2023-04-16,2023-04-02,-14 day ahead inc hosp,mean,NA,2105.976,COVID-19
DE,60-79,2023-04-16,2023-04-02,-14 day ahead inc hosp,quantile,0.025,2084,COVID-19
DE,60-79,2023-04-16,2023-04-02,-14 day ahead inc hosp,quantile,0.1,2091,COVID-19
DE,60-79,2023-04-16,2023-04-02,-14 day ahead inc hosp,quantile,0.25,2098,COVID-19
DE,60-79,2023-04-16,2023-04-02,-14 day ahead inc hosp,quantile,0.5,2106,COVID-19
DE,60-79,2023-04-16,2023-04-02,-14 day ahead inc hosp,quantile,0.75,2114,COVID-19
DE,60-79,2023-04-16,2023-04-02,-14 day ahead inc hosp,quantile,0.9,2121,COVID-19
DE,60-79,2023-04-16,2023-04-02,-14 day ahead inc hosp,quantile,0.975,2128,COVID-19
DE,60-79,2023-04-16,2023-04-03,-13 day ahead inc hosp,mean,NA,2102.858,COVID-19
DE,60-79,2023-04-16,2023-04-03,-13 day ahead inc hosp,quantile,0.025,2080,COVID-19
DE,60-79,2023-04-16,2023-04-03,-13 day ahead inc hosp,quantile,0.1,2088,COVID-19
DE,60-79,2023-04-16,2023-04-03,-13 day ahead inc hosp,quantile,0.25,2095,COVID-19
DE,60-79,2023-04-16,2023-04-03,-13 day ahead inc hosp,quantile,0.5,2103,COVID-19
DE,60-79,2023-04-16,2023-04-03,-13 day ahead inc hosp,quantile,0.75,2111,COVID-19
DE,60-79,2023-04-16,2023-04-03,-13 day ahead inc hosp,quantile,0.9,2118,COVID-19
DE,60-79,2023-04-16,2023-04-03,-13 day ahead inc hosp,quantile,0.975,2126,COVID-19
DE,60-79,2023-04-16,2023-04-04,-12 day ahead inc hosp,mean,NA,1953.527,COVID-19
DE,60-79,2023-04-16,2023-04-04,-12 day ahead inc hosp,quantile,0.025,1930,COVID-19
DE,60-79,2023-04-16,2023-04-04,-12 day ahead inc hosp,quantile,0.1,1938,COVID-19
DE,60-79,2023-04-16,2023-04-04,-12 day ahead inc hosp,quantile,0.25,1945,COVID-19
DE,60-79,2023-04-16,2023-04-04,-12 day ahead inc hosp,quantile,0.5,1954,COVID-19
DE,60-79,2023-04-16,2023-04-04,-12 day ahead inc hosp,quantile,0.75,1962,COVID-19
DE,60-79,2023-04-16,2023-04-04,-12 day ahead inc hosp,quantile,0.9,1969,COVID-19
DE,60-79,2023-04-16,2023-04-04,-12 day ahead inc hosp,quantile,0.975,1978,COVID-19
DE,60-79,2023-04-16,2023-04-05,-11 day ahead inc hosp,mean,NA,1890.314,COVID-19
DE,60-79,2023-04-16,2023-04-05,-11 day ahead inc hosp,quantile,0.025,1867,COVID-19
DE,60-79,2023-04-16,2023-04-05,-11 day ahead inc hosp,quantile,0.1,1874,COVID-19
DE,60-79,2023-04-16,2023-04-05,-11 day ahead inc hosp,quantile,0.25,1881,COVID-19
DE,60-79,2023-04-16,2023-04-05,-11 day ahead inc hosp,quantile,0.5,1890,COVID-19
DE,60-79,2023-04-16,2023-04-05,-11 day ahead inc hosp,quantile,0.75,1898,COVID-19
DE,60-79,2023-04-16,2023-04-05,-11 day ahead inc hosp,quantile,0.9,1906,COVID-19
DE,60-79,2023-04-16,2023-04-05,-11 day ahead inc hosp,quantile,0.975,1916,COVID-19
DE,60-79,2023-04-16,2023-04-06,-10 day ahead inc hosp,mean,NA,1808.479,COVID-19
DE,60-79,2023-04-16,2023-04-06,-10 day ahead inc hosp,quantile,0.025,1784,COVID-19
DE,60-79,2023-04-16,2023-04-06,-10 day ahead inc hosp,quantile,0.1,1792,COVID-19
DE,60-79,2023-04-16,2023-04-06,-10 day ahead inc hosp,quantile,0.25,1799,COVID-19
DE,60-79,2023-04-16,2023-04-06,-10 day ahead inc hosp,quantile,0.5,1808,COVID-19
DE,60-79,2023-04-16,2023-04-06,-10 day ahead inc hosp,quantile,0.75,1817,COVID-19
DE,60-79,2023-04-16,2023-04-06,-10 day ahead inc hosp,quantile,0.9,1826,COVID-19
DE,60-79,2023-04-16,2023-04-06,-10 day ahead inc hosp,quantile,0.975,1836,COVID-19
DE,60-79,2023-04-16,2023-04-07,-9 day ahead inc hosp,mean,NA,1726.972,COVID-19
DE,60-79,2023-04-16,2023-04-07,-9 day ahead inc hosp,quantile,0.025,1700,COVID-19
DE,60-79,2023-04-16,2023-04-07,-9 day ahead inc hosp,quantile,0.1,1709,COVID-19
DE,60-79,2023-04-16,2023-04-07,-9 day ahead inc hosp,quantile,0.25,1717,COVID-19
DE,60-79,2023-04-16,2023-04-07,-9 day ahead inc hosp,quantile,0.5,1726,COVID-19
DE,60-79,2023-04-16,2023-04-07,-9 day ahead inc hosp,quantile,0.75,1737,COVID-19
DE,60-79,2023-04-16,2023-04-07,-9 day ahead inc hosp,quantile,0.9,1746,COVID-19
DE,60-79,2023-04-16,2023-04-07,-9 day ahead inc hosp,quantile,0.975,1756,COVID-19
DE,60-79,2023-04-16,2023-04-08,-8 day ahead inc hosp,mean,NA,1511.773,COVID-19
DE,60-79,2023-04-16,2023-04-08,-8 day ahead inc hosp,quantile,0.025,1484,COVID-19
DE,60-79,2023-04-16,2023-04-08,-8 day ahead inc hosp,quantile,0.1,1492,COVID-19
DE,60-79,2023-04-16,2023-04-08,-8 day ahead inc hosp,quantile,0.25,1500,COVID-19
DE,60-79,2023-04-16,2023-04-08,-8 day ahead inc hosp,quantile,0.5,1511,COVID-19
DE,60-79,2023-04-16,2023-04-08,-8 day ahead inc hosp,quantile,0.75,1522,COVID-19
DE,60-79,2023-04-16,2023-04-08,-8 day ahead inc hosp,quantile,0.9,1532,COVID-19
DE,60-79,2023-04-16,2023-04-08,-8 day ahead inc hosp,quantile,0.975,1545,COVID-19
DE,60-79,2023-04-16,2023-04-09,-7 day ahead inc hosp,mean,NA,1505.045,COVID-19
DE,60-79,2023-04-16,2023-04-09,-7 day ahead inc hosp,quantile,0.025,1476,COVID-19
DE,60-79,2023-04-16,2023-04-09,-7 day ahead inc hosp,quantile,0.1,1485,COVID-19
DE,60-79,2023-04-16,2023-04-09,-7 day ahead inc hosp,quantile,0.25,1494,COVID-19
DE,60-79,2023-04-16,2023-04-09,-7 day ahead inc hosp,quantile,0.5,1504,COVID-19
DE,60-79,2023-04-16,2023-04-09,-7 day ahead inc hosp,quantile,0.75,1516,COVID-19
DE,60-79,2023-04-16,2023-04-09,-7 day ahead inc hosp,quantile,0.9,1526,COVID-19
DE,60-79,2023-04-16,2023-04-09,-7 day ahead inc hosp,quantile,0.975,1539,COVID-19
DE,60-79,2023-04-16,2023-04-10,-6 day ahead inc hosp,mean,NA,1482.92,COVID-19
DE,60-79,2023-04-16,2023-04-10,-6 day ahead inc hosp,quantile,0.025,1454,COVID-19
DE,60-79,2023-04-16,2023-04-10,-6 day ahead inc hosp,quantile,0.1,1462,COVID-19
DE,60-79,2023-04-16,2023-04-10,-6 day ahead inc hosp,quantile,0.25,1471,COVID-19
DE,60-79,2023-04-16,2023-04-10,-6 day ahead inc hosp,quantile,0.5,1482,COVID-19
DE,60-79,2023-04-16,2023-04-10,-6 day ahead inc hosp,quantile,0.75,1494,COVID-19
DE,60-79,2023-04-16,2023-04-10,-6 day ahead inc hosp,quantile,0.9,1505,COVID-19
DE,60-79,2023-04-16,2023-04-10,-6 day ahead inc hosp,quantile,0.975,1519,COVID-19
DE,60-79,2023-04-16,2023-04-11,-5 day ahead inc hosp,mean,NA,1046.55,COVID-19
DE,60-79,2023-04-16,2023-04-11,-5 day ahead inc hosp,quantile,0.025,1009,COVID-19
DE,60-79,2023-04-16,2023-04-11,-5 day ahead inc hosp,quantile,0.1,1022,COVID-19
DE,60-79,2023-04-16,2023-04-11,-5 day ahead inc hosp,quantile,0.25,1032,COVID-19
DE,60-79,2023-04-16,2023-04-11,-5 day ahead inc hosp,quantile,0.5,1046,COVID-19
DE,60-79,2023-04-16,2023-04-11,-5 day ahead inc hosp,quantile,0.75,1060,COVID-19
DE,60-79,2023-04-16,2023-04-11,-5 day ahead inc hosp,quantile,0.9,1073,COVID-19
DE,60-79,2023-04-16,2023-04-11,-5 day ahead inc hosp,quantile,0.975,1091,COVID-19
DE,60-79,2023-04-16,2023-04-12,-4 day ahead inc hosp,mean,NA,1302.215,COVID-19
DE,60-79,2023-04-16,2023-04-12,-4 day ahead inc hosp,quantile,0.025,1258,COVID-19
DE,60-79,2023-04-16,2023-04-12,-4 day ahead inc hosp,quantile,0.1,1272,COVID-19
DE,60-79,2023-04-16,2023-04-12,-4 day ahead inc hosp,quantile,0.25,1285,COVID-19
DE,60-79,2023-04-16,2023-04-12,-4 day ahead inc hosp,quantile,0.5,1301,COVID-19
DE,60-79,2023-04-16,2023-04-12,-4 day ahead inc hosp,quantile,0.75,1318,COVID-19
DE,60-79,2023-04-16,2023-04-12,-4 day ahead inc hosp,quantile,0.9,1336,COVID-19
DE,60-79,2023-04-16,2023-04-12,-4 day ahead inc hosp,quantile,0.975,1355,COVID-19
DE,60-79,2023-04-16,2023-04-13,-3 day ahead inc hosp,mean,NA,1324.726,COVID-19
DE,60-79,2023-04-16,2023-04-13,-3 day ahead inc hosp,quantile,0.025,1274,COVID-19
DE,60-79,2023-04-16,2023-04-13,-3 day ahead inc hosp,quantile,0.1,1288,COVID-19
DE,60-79,2023-04-16,2023-04-13,-3 day ahead inc hosp,quantile,0.25,1304,COVID-19
DE,60-79,2023-04-16,2023-04-13,-3 day ahead inc hosp,quantile,0.5,1323,COVID-19
DE,60-79,2023-04-16,2023-04-13,-3 day ahead inc hosp,quantile,0.75,1343,COVID-19
DE,60-79,2023-04-16,2023-04-13,-3 day ahead inc hosp,quantile,0.9,1364,COVID-19
DE,60-79,2023-04-16,2023-04-13,-3 day ahead inc hosp,quantile,0.975,1389,COVID-19
DE,60-79,2023-04-16,2023-04-14,-2 day ahead inc hosp,mean,NA,1307.875,COVID-19
DE,60-79,2023-04-16,2023-04-14,-2 day ahead inc hosp,quantile,0.025,1240,COVID-19
DE,60-79,2023-04-16,2023-04-14,-2 day ahead inc hosp,quantile,0.1,1259,COVID-19
DE,60-79,2023-04-16,2023-04-14,-2 day ahead inc hosp,quantile,0.25,1280,COVID-19
DE,60-79,2023-04-16,2023-04-14,-2 day ahead inc hosp,quantile,0.5,1305,COVID-19
DE,60-79,2023-04-16,2023-04-14,-2 day ahead inc hosp,quantile,0.75,1333,COVID-19
DE,60-79,2023-04-16,2023-04-14,-2 day ahead inc hosp,quantile,0.9,1360,COVID-19
DE,60-79,2023-04-16,2023-04-14,-2 day ahead inc hosp,quantile,0.975,1397,COVID-19
DE,60-79,2023-04-16,2023-04-15,-1 day ahead inc hosp,mean,NA,1437.866,COVID-19
DE,60-79,2023-04-16,2023-04-15,-1 day ahead inc hosp,quantile,0.025,1341,COVID-19
DE,60-79,2023-04-16,2023-04-15,-1 day ahead inc hosp,quantile,0.1,1369,COVID-19
DE,60-79,2023-04-16,2023-04-15,-1 day ahead inc hosp,quantile,0.25,1396,COVID-19
DE,60-79,2023-04-16,2023-04-15,-1 day ahead inc hosp,quantile,0.5,1432,COVID-19
DE,60-79,2023-04-16,2023-04-15,-1 day ahead inc hosp,quantile,0.75,1474,COVID-19
DE,60-79,2023-04-16,2023-04-15,-1 day ahead inc hosp,quantile,0.9,1516,COVID-19
DE,60-79,2023-04-16,2023-04-15,-1 day ahead inc hosp,quantile,0.975,1563,COVID-19
DE,60-79,2023-04-16,2023-04-16,0 day ahead inc hosp,mean,NA,1439.133,COVID-19
DE,60-79,2023-04-16,2023-04-16,0 day ahead inc hosp,quantile,0.025,1330,COVID-19
DE,60-79,2023-04-16,2023-04-16,0 day ahead inc hosp,quantile,0.1,1363,COVID-19
DE,60-79,2023-04-16,2023-04-16,0 day ahead inc hosp,quantile,0.25,1394,COVID-19
DE,60-79,2023-04-16,2023-04-16,0 day ahead inc hosp,quantile,0.5,1433,COVID-19
DE,60-79,2023-04-16,2023-04-16,0 day ahead inc hosp,quantile,0.75,1477,COVID-19
DE,60-79,2023-04-16,2023-04-16,0 day ahead inc hosp,quantile,0.9,1522,COVID-19
DE,60-79,2023-04-16,2023-04-16,0 day ahead inc hosp,quantile,0.975,1576,COVID-19
DE,80+,2023-04-16,2023-03-19,-28 day ahead inc hosp,mean,NA,4167.285,COVID-19
DE,80+,2023-04-16,2023-03-19,-28 day ahead inc hosp,quantile,0.025,4149,COVID-19
DE,80+,2023-04-16,2023-03-19,-28 day ahead inc hosp,quantile,0.1,4154,COVID-19
DE,80+,2023-04-16,2023-03-19,-28 day ahead inc hosp,quantile,0.25,4160,COVID-19
DE,80+,2023-04-16,2023-03-19,-28 day ahead inc hosp,quantile,0.5,4167,COVID-19
DE,80+,2023-04-16,2023-03-19,-28 day ahead inc hosp,quantile,0.75,4174,COVID-19
DE,80+,2023-04-16,2023-03-19,-28 day ahead inc hosp,quantile,0.9,4181,COVID-19
DE,80+,2023-04-16,2023-03-19,-28 day ahead inc hosp,quantile,0.975,4188,COVID-19
DE,80+,2023-04-16,2023-03-20,-27 day ahead inc hosp,mean,NA,4147.096,COVID-19
DE,80+,2023-04-16,2023-03-20,-27 day ahead inc hosp,quantile,0.025,4128,COVID-19
DE,80+,2023-04-16,2023-03-20,-27 day ahead inc hosp,quantile,0.1,4134,COVID-19
DE,80+,2023-04-16,2023-03-20,-27 day ahead inc hosp,quantile,0.25,4140,COVID-19
DE,80+,2023-04-16,2023-03-20,-27 day ahead inc hosp,quantile,0.5,4147,COVID-19
DE,80+,2023-04-16,2023-03-20,-27 day ahead inc hosp,quantile,0.75,4154,COVID-19
DE,80+,2023-04-16,2023-03-20,-27 day ahead inc hosp,quantile,0.9,4161,COVID-19
DE,80+,2023-04-16,2023-03-20,-27 day ahead inc hosp,quantile,0.975,4167,COVID-19
DE,80+,2023-04-16,2023-03-21,-26 day ahead inc hosp,mean,NA,4065.927,COVID-19
DE,80+,2023-04-16,2023-03-21,-26 day ahead inc hosp,quantile,0.025,4046,COVID-19
DE,80+,2023-04-16,2023-03-21,-26 day ahead inc hosp,quantile,0.1,4053,COVID-19
DE,80+,2023-04-16,2023-03-21,-26 day ahead inc hosp,quantile,0.25,4059,COVID-19
DE,80+,2023-04-16,2023-03-21,-26 day ahead inc hosp,quantile,0.5,4066,COVID-19
DE,80+,2023-04-16,2023-03-21,-26 day ahead inc hosp,quantile,0.75,4073,COVID-19
DE,80+,2023-04-16,2023-03-21,-26 day ahead inc hosp,quantile,0.9,4080,COVID-19
DE,80+,2023-04-16,2023-03-21,-26 day ahead inc hosp,quantile,0.975,4086,COVID-19
DE,80+,2023-04-16,2023-03-22,-25 day ahead inc hosp,mean,NA,3964.66,COVID-19
DE,80+,2023-04-16,2023-03-22,-25 day ahead inc hosp,quantile,0.025,3944,COVID-19
DE,80+,2023-04-16,2023-03-22,-25 day ahead inc hosp,quantile,0.1,3951,COVID-19
DE,80+,2023-04-16,2023-03-22,-25 day ahead inc hosp,quantile,0.25,3957,COVID-19
DE,80+,2023-04-16,2023-03-22,-25 day ahead inc hosp,quantile,0.5,3965,COVID-19
DE,80+,2023-04-16,2023-03-22,-25 day ahead inc hosp,quantile,0.75,3972,COVID-19
DE,80+,2023-04-16,2023-03-22,-25 day ahead inc hosp,quantile,0.9,3979,COVID-19
DE,80+,2023-04-16,2023-03-22,-25 day ahead inc hosp,quantile,0.975,3987,COVID-19
DE,80+,2023-04-16,2023-03-23,-24 day ahead inc hosp,mean,NA,3830.241,COVID-19
DE,80+,2023-04-16,2023-03-23,-24 day ahead inc hosp,quantile,0.025,3809,COVID-19
DE,80+,2023-04-16,2023-03-23,-24 day ahead inc hosp,quantile,0.1,3816,COVID-19
DE,80+,2023-04-16,2023-03-23,-24 day ahead inc hosp,quantile,0.25,3823,COVID-19
DE,80+,2023-04-16,2023-03-23,-24 day ahead inc hosp,quantile,0.5,3830,COVID-19
DE,80+,2023-04-16,2023-03-23,-24 day ahead inc hosp,quantile,0.75,3838,COVID-19
DE,80+,2023-04-16,2023-03-23,-24 day ahead inc hosp,quantile,0.9,3845,COVID-19
DE,80+,2023-04-16,2023-03-23,-24 day ahead inc hosp,quantile,0.975,3853,COVID-19
DE,80+,2023-04-16,2023-03-24,-23 day ahead inc hosp,mean,NA,3688.73,COVID-19
DE,80+,2023-04-16,2023-03-24,-23 day ahead inc hosp,quantile,0.025,3667,COVID-19
DE,80+,2023-04-16,2023-03-24,-23 day ahead inc hosp,quantile,0.1,3674,COVID-19
DE,80+,2023-04-16,2023-03-24,-23 day ahead inc hosp,quantile,0.25,3681,COVID-19
DE,80+,2023-04-16,2023-03-24,-23 day ahead inc hosp,quantile,0.5,3688,COVID-19
DE,80+,2023-04-16,2023-03-24,-23 day ahead inc hosp,quantile,0.75,3696,COVID-19
DE,80+,2023-04-16,2023-03-24,-23 day ahead inc hosp,quantile,0.9,3704,COVID-19
DE,80+,2023-04-16,2023-03-24,-23 day ahead inc hosp,quantile,0.975,3713,COVID-19
DE,80+,2023-04-16,2023-03-25,-22 day ahead inc hosp,mean,NA,3573.626,COVID-19
DE,80+,2023-04-16,2023-03-25,-22 day ahead inc hosp,quantile,0.025,3552,COVID-19
DE,80+,2023-04-16,2023-03-25,-22 day ahead inc hosp,quantile,0.1,3560,COVID-19
DE,80+,2023-04-16,2023-03-25,-22 day ahead inc hosp,quantile,0.25,3566,COVID-19
DE,80+,2023-04-16,2023-03-25,-22 day ahead inc hosp,quantile,0.5,3573,COVID-19
DE,80+,2023-04-16,2023-03-25,-22 day ahead inc hosp,quantile,0.75,3581,COVID-19
DE,80+,2023-04-16,2023-03-25,-22 day ahead inc hosp,quantile,0.9,3588,COVID-19
DE,80+,2023-04-16,2023-03-25,-22 day ahead inc hosp,quantile,0.975,3600,COVID-19
DE,80+,2023-04-16,2023-03-26,-21 day ahead inc hosp,mean,NA,3501.605,COVID-19
DE,80+,2023-04-16,2023-03-26,-21 day ahead inc hosp,quantile,0.025,3480,COVID-19
DE,80+,2023-04-16,2023-03-26,-21 day ahead inc hosp,quantile,0.1,3487,COVID-19
DE,80+,2023-04-16,2023-03-26,-21 day ahead inc hosp,quantile,0.25,3494,COVID-19
DE,80+,2023-04-16,2023-03-26,-21 day ahead inc hosp,quantile,0.5,3501,COVID-19
DE,80+,2023-04-16,2023-03-26,-21 day ahead inc hosp,quantile,0.75,3509,COVID-19
DE,80+,2023-04-16,2023-03-26,-21 day ahead inc hosp,quantile,0.9,3516,COVID-19
DE,80+,2023-04-16,2023-03-26,-21 day ahead inc hosp,quantile,0.975,3528,COVID-19
DE,80+,2023-04-16,2023-03-27,-20 day ahead inc hosp,mean,NA,3491.126,COVID-19
DE,80+,2023-04-16,2023-03-27,-20 day ahead inc hosp,quantile,0.025,3469,COVID-19
DE,80+,2023-04-16,2023-03-27,-20 day ahead inc hosp,quantile,0.1,3477,COVID-19
DE,80+,2023-04-16,2023-03-27,-20 day ahead inc hosp,quantile,0.25,3483,COVID-19
DE,80+,2023-04-16,2023-03-27,-20 day ahead inc hosp,quantile,0.5,3491,COVID-19
DE,80+,2023-04-16,2023-03-27,-20 day ahead inc hosp,quantile,0.75,3498,COVID-19
DE,80+,2023-04-16,2023-03-27,-20 day ahead inc hosp,quantile,0.9,3505,COVID-19
DE,80+,2023-04-16,2023-03-27,-20 day ahead inc hosp,quantile,0.975,3517,COVID-19
DE,80+,2023-04-16,2023-03-28,-19 day ahead inc hosp,mean,NA,3263.955,COVID-19
DE,80+,2023-04-16,2023-03-28,-19 day ahead inc hosp,quantile,0.025,3242,COVID-19
DE,80+,2023-04-16,2023-03-28,-19 day ahead inc hosp,quantile,0.1,3250,COVID-19
DE,80+,2023-04-16,2023-03-28,-19 day ahead inc hosp,quantile,0.25,3256,COVID-19
DE,80+,2023-04-16,2023-03-28,-19 day ahead inc hosp,quantile,0.5,3263,COVID-19
DE,80+,2023-04-16,2023-03-28,-19 day ahead inc hosp,quantile,0.75,3272,COVID-19
DE,80+,2023-04-16,2023-03-28,-19 day ahead inc hosp,quantile,0.9,3279,COVID-19
DE,80+,2023-04-16,2023-03-28,-19 day ahead inc hosp,quantile,0.975,3288,COVID-19
DE,80+,2023-04-16,2023-03-29,-18 day ahead inc hosp,mean,NA,3042.789,COVID-19
DE,80+,2023-04-16,2023-03-29,-18 day ahead inc hosp,quantile,0.025,3020,COVID-19
DE,80+,2023-04-16,2023-03-29,-18 day ahead inc hosp,quantile,0.1,3027,COVID-19
DE,80+,2023-04-16,2023-03-29,-18 day ahead inc hosp,quantile,0.25,3035,COVID-19
DE,80+,2023-04-16,2023-03-29,-18 day ahead inc hosp,quantile,0.5,3043,COVID-19
DE,80+,2023-04-16,2023-03-29,-18 day ahead inc hosp,quantile,0.75,3051,COVID-19
DE,80+,2023-04-16,2023-03-29,-18 day ahead inc hosp,quantile,0.9,3058,COVID-19
DE,80+,2023-04-16,2023-03-29,-18 day ahead inc hosp,quantile,0.975,3067,COVID-19
DE,80+,2023-04-16,2023-03-30,-17 day ahead inc hosp,mean,NA,2927.433,COVID-19
DE,80+,2023-04-16,2023-03-30,-17 day ahead inc hosp,quantile,0.025,2903,COVID-19
DE,80+,2023-04-16,2023-03-30,-17 day ahead inc hosp,quantile,0.1,2911,COVID-19
DE,80+,2023-04-16,2023-03-30,-17 day ahead inc hosp,quantile,0.25,2919,COVID-19
DE,80+,2023-04-16,2023-03-30,-17 day ahead inc hosp,quantile,0.5,2927,COVID-19
DE,80+,2023-04-16,2023-03-30,-17 day ahead inc hosp,quantile,0.75,2936,COVID-19
DE,80+,2023-04-16,2023-03-30,-17 day ahead inc hosp,quantile,0.9,2944,COVID-19
DE,80+,2023-04-16,2023-03-30,-17 day ahead inc hosp,quantile,0.975,2952,COVID-19
DE,80+,2023-04-16,2023-03-31,-16 day ahead inc hosp,mean,NA,2767.847,COVID-19
DE,80+,2023-04-16,2023-03-31,-16 day ahead inc hosp,quantile,0.025,2742,COVID-19
DE,80+,2023-04-16,2023-03-31,-16 day ahead inc hosp,quantile,0.1,2751,COVID-19
DE,80+,2023-04-16,2023-03-31,-16 day ahead inc hosp,quantile,0.25,2760,COVID-19
DE,80+,2023-04-16,2023-03-31,-16 day ahead inc hosp,quantile,0.5,2767,COVID-19
DE,80+,2023-04-16,2023-03-31,-16 day ahead inc hosp,quantile,0.75,2776,COVID-19
DE,80+,2023-04-16,2023-03-31,-16 day ahead inc hosp,quantile,0.9,2785,COVID-19
DE,80+,2023-04-16,2023-03-31,-16 day ahead inc hosp,quantile,0.975,2793,COVID-19
DE,80+,2023-04-16,2023-04-01,-15 day ahead inc hosp,mean,NA,2648.061,COVID-19
DE,80+,2023-04-16,2023-04-01,-15 day ahead inc hosp,quantile,0.025,2623,COVID-19
DE,80+,2023-04-16,2023-04-01,-15 day ahead inc hosp,quantile,0.1,2631,COVID-19
DE,80+,2023-04-16,2023-04-01,-15 day ahead inc hosp,quantile,0.25,2639,COVID-19
DE,80+,2023-04-16,2023-04-01,-15 day ahead inc hosp,quantile,0.5,2648,COVID-19
DE,80+,2023-04-16,2023-04-01,-15 day ahead inc hosp,quantile,0.75,2657,COVID-19
DE,80+,2023-04-16,2023-04-01,-15 day ahead inc hosp,quantile,0.9,2665,COVID-19
DE,80+,2023-04-16,2023-04-01,-15 day ahead inc hosp,quantile,0.975,2675,COVID-19
DE,80+,2023-04-16,2023-04-02,-14 day ahead inc hosp,mean,NA,2650.365,COVID-19
DE,80+,2023-04-16,2023-04-02,-14 day ahead inc hosp,quantile,0.025,2625,COVID-19
DE,80+,2023-04-16,2023-04-02,-14 day ahead inc hosp,quantile,0.1,2633,COVID-19
DE,80+,2023-04-16,2023-04-02,-14 day ahead inc hosp,quantile,0.25,2642,COVID-19
DE,80+,2023-04-16,2023-04-02,-14 day ahead inc hosp,quantile,0.5,2650,COVID-19
DE,80+,2023-04-16,2023-04-02,-14 day ahead inc hosp,quantile,0.75,2659,COVID-19
DE,80+,2023-04-16,2023-04-02,-14 day ahead inc hosp,quantile,0.9,2667,COVID-19
DE,80+,2023-04-16,2023-04-02,-14 day ahead inc hosp,quantile,0.975,2676,COVID-19
DE,80+,2023-04-16,2023-04-03,-13 day ahead inc hosp,mean,NA,2619.529,COVID-19
DE,80+,2023-04-16,2023-04-03,-13 day ahead inc hosp,quantile,0.025,2594,COVID-19
DE,80+,2023-04-16,2023-04-03,-13 day ahead inc hosp,quantile,0.1,2603,COVID-19
DE,80+,2023-04-16,2023-04-03,-13 day ahead inc hosp,quantile,0.25,2610,COVID-19
DE,80+,2023-04-16,2023-04-03,-13 day ahead inc hosp,quantile,0.5,2619,COVID-19
DE,80+,2023-04-16,2023-04-03,-13 day ahead inc hosp,quantile,0.75,2628,COVID-19
DE,80+,2023-04-16,2023-04-03,-13 day ahead inc hosp,quantile,0.9,2637,COVID-19
DE,80+,2023-04-16,2023-04-03,-13 day ahead inc hosp,quantile,0.975,2646,COVID-19
DE,80+,2023-04-16,2023-04-04,-12 day ahead inc hosp,mean,NA,2382.939,COVID-19
DE,80+,2023-04-16,2023-04-04,-12 day ahead inc hosp,quantile,0.025,2357,COVID-19
DE,80+,2023-04-16,2023-04-04,-12 day ahead inc hosp,quantile,0.1,2365,COVID-19
DE,80+,2023-04-16,2023-04-04,-12 day ahead inc hosp,quantile,0.25,2373,COVID-19
DE,80+,2023-04-16,2023-04-04,-12 day ahead inc hosp,quantile,0.5,2382,COVID-19
DE,80+,2023-04-16,2023-04-04,-12 day ahead inc hosp,quantile,0.75,2393,COVID-19
DE,80+,2023-04-16,2023-04-04,-12 day ahead inc hosp,quantile,0.9,2401,COVID-19
DE,80+,2023-04-16,2023-04-04,-12 day ahead inc hosp,quantile,0.975,2412,COVID-19
DE,80+,2023-04-16,2023-04-05,-11 day ahead inc hosp,mean,NA,2292.941,COVID-19
DE,80+,2023-04-16,2023-04-05,-11 day ahead inc hosp,quantile,0.025,2265,COVID-19
DE,80+,2023-04-16,2023-04-05,-11 day ahead inc hosp,quantile,0.1,2274,COVID-19
DE,80+,2023-04-16,2023-04-05,-11 day ahead inc hosp,quantile,0.25,2282,COVID-19
DE,80+,2023-04-16,2023-04-05,-11 day ahead inc hosp,quantile,0.5,2292,COVID-19
DE,80+,2023-04-16,2023-04-05,-11 day ahead inc hosp,quantile,0.75,2303,COVID-19
DE,80+,2023-04-16,2023-04-05,-11 day ahead inc hosp,quantile,0.9,2313,COVID-19
DE,80+,2023-04-16,2023-04-05,-11 day ahead inc hosp,quantile,0.975,2323,COVID-19
DE,80+,2023-04-16,2023-04-06,-10 day ahead inc hosp,mean,NA,2153.561,COVID-19
DE,80+,2023-04-16,2023-04-06,-10 day ahead inc hosp,quantile,0.025,2123,COVID-19
DE,80+,2023-04-16,2023-04-06,-10 day ahead inc hosp,quantile,0.1,2134,COVID-19
DE,80+,2023-04-16,2023-04-06,-10 day ahead inc hosp,quantile,0.25,2142,COVID-19
DE,80+,2023-04-16,2023-04-06,-10 day ahead inc hosp,quantile,0.5,2153,COVID-19
DE,80+,2023-04-16,2023-04-06,-10 day ahead inc hosp,quantile,0.75,2164,COVID-19
DE,80+,2023-04-16,2023-04-06,-10 day ahead inc hosp,quantile,0.9,2176,COVID-19
DE,80+,2023-04-16,2023-04-06,-10 day ahead inc hosp,quantile,0.975,2187,COVID-19
DE,80+,2023-04-16,2023-04-07,-9 day ahead inc hosp,mean,NA,2097.726,COVID-19
DE,80+,2023-04-16,2023-04-07,-9 day ahead inc hosp,quantile,0.025,2067,COVID-19
DE,80+,2023-04-16,2023-04-07,-9 day ahead inc hosp,quantile,0.1,2075,COVID-19
DE,80+,2023-04-16,2023-04-07,-9 day ahead inc hosp,quantile,0.25,2085,COVID-19
DE,80+,2023-04-16,2023-04-07,-9 day ahead inc hosp,quantile,0.5,2098,COVID-19
DE,80+,2023-04-16,2023-04-07,-9 day ahead inc hosp,quantile,0.75,2109,COVID-19
DE,80+,2023-04-16,2023-04-07,-9 day ahead inc hosp,quantile,0.9,2121,COVID-19
DE,80+,2023-04-16,2023-04-07,-9 day ahead inc hosp,quantile,0.975,2134,COVID-19
DE,80+,2023-04-16,2023-04-08,-8 day ahead inc hosp,mean,NA,1835.507,COVID-19
DE,80+,2023-04-16,2023-04-08,-8 day ahead inc hosp,quantile,0.025,1802,COVID-19
DE,80+,2023-04-16,2023-04-08,-8 day ahead inc hosp,quantile,0.1,1811,COVID-19
DE,80+,2023-04-16,2023-04-08,-8 day ahead inc hosp,quantile,0.25,1822,COVID-19
DE,80+,2023-04-16,2023-04-08,-8 day ahead inc hosp,quantile,0.5,1834,COVID-19
DE,80+,2023-04-16,2023-04-08,-8 day ahead inc hosp,quantile,0.75,1848,COVID-19
DE,80+,2023-04-16,2023-04-08,-8 day ahead inc hosp,quantile,0.9,1862,COVID-19
DE,80+,2023-04-16,2023-04-08,-8 day ahead inc hosp,quantile,0.975,1875,COVID-19
DE,80+,2023-04-16,2023-04-09,-7 day ahead inc hosp,mean,NA,1830.831,COVID-19
DE,80+,2023-04-16,2023-04-09,-7 day ahead inc hosp,quantile,0.025,1797,COVID-19
DE,80+,2023-04-16,2023-04-09,-7 day ahead inc hosp,quantile,0.1,1807,COVID-19
DE,80+,2023-04-16,2023-04-09,-7 day ahead inc hosp,quantile,0.25,1817,COVID-19
DE,80+,2023-04-16,2023-04-09,-7 day ahead inc hosp,quantile,0.5,1829,COVID-19
DE,80+,2023-04-16,2023-04-09,-7 day ahead inc hosp,quantile,0.75,1844,COVID-19
DE,80+,2023-04-16,2023-04-09,-7 day ahead inc hosp,quantile,0.9,1857,COVID-19
DE,80+,2023-04-16,2023-04-09,-7 day ahead inc hosp,quantile,0.975,1873,COVID-19
DE,80+,2023-04-16,2023-04-10,-6 day ahead inc hosp,mean,NA,1827.935,COVID-19
DE,80+,2023-04-16,2023-04-10,-6 day ahead inc hosp,quantile,0.025,1793,COVID-19
DE,80+,2023-04-16,2023-04-10,-6 day ahead inc hosp,quantile,0.1,1803,COVID-19
DE,80+,2023-04-16,2023-04-10,-6 day ahead inc hosp,quantile,0.25,1814,COVID-19
DE,80+,2023-04-16,2023-04-10,-6 day ahead inc hosp,quantile,0.5,1826,COVID-19
DE,80+,2023-04-16,2023-04-10,-6 day ahead inc hosp,quantile,0.75,1840,COVID-19
DE,80+,2023-04-16,2023-04-10,-6 day ahead inc hosp,quantile,0.9,1854,COVID-19
DE,80+,2023-04-16,2023-04-10,-6 day ahead inc hosp,quantile,0.975,1871,COVID-19
DE,80+,2023-04-16,2023-04-11,-5 day ahead inc hosp,mean,NA,1280.608,COVID-19
DE,80+,2023-04-16,2023-04-11,-5 day ahead inc hosp,quantile,0.025,1237,COVID-19
DE,80+,2023-04-16,2023-04-11,-5 day ahead inc hosp,quantile,0.1,1249,COVID-19
DE,80+,2023-04-16,2023-04-11,-5 day ahead inc hosp,quantile,0.25,1264,COVID-19
DE,80+,2023-04-16,2023-04-11,-5 day ahead inc hosp,quantile,0.5,1280,COVID-19
DE,80+,2023-04-16,2023-04-11,-5 day ahead inc hosp,quantile,0.75,1297,COVID-19
DE,80+,2023-04-16,2023-04-11,-5 day ahead inc hosp,quantile,0.9,1313,COVID-19
DE,80+,2023-04-16,2023-04-11,-5 day ahead inc hosp,quantile,0.975,1333,COVID-19
DE,80+,2023-04-16,2023-04-12,-4 day ahead inc hosp,mean,NA,1668.008,COVID-19
DE,80+,2023-04-16,2023-04-12,-4 day ahead inc hosp,quantile,0.025,1612,COVID-19
DE,80+,2023-04-16,2023-04-12,-4 day ahead inc hosp,quantile,0.1,1631,COVID-19
DE,80+,2023-04-16,2023-04-12,-4 day ahead inc hosp,quantile,0.25,1647,COVID-19
DE,80+,2023-04-16,2023-04-12,-4 day ahead inc hosp,quantile,0.5,1666,COVID-19
DE,80+,2023-04-16,2023-04-12,-4 day ahead inc hosp,quantile,0.75,1688,COVID-19
DE,80+,2023-04-16,2023-04-12,-4 day ahead inc hosp,quantile,0.9,1708,COVID-19
DE,80+,2023-04-16,2023-04-12,-4 day ahead inc hosp,quantile,0.975,1733,COVID-19
DE,80+,2023-04-16,2023-04-13,-3 day ahead inc hosp,mean,NA,1713.149,COVID-19
DE,80+,2023-04-16,2023-04-13,-3 day ahead inc hosp,quantile,0.025,1646,COVID-19
DE,80+,2023-04-16,2023-04-13,-3 day ahead inc hosp,quantile,0.1,1665,COVID-19
DE,80+,2023-04-16,2023-04-13,-3 day ahead inc hosp,quantile,0.25,1686,COVID-19
DE,80+,2023-04-16,2023-04-13,-3 day ahead inc hosp,quantile,0.5,1710,COVID-19
DE,80+,2023-04-16,2023-04-13,-3 day ahead inc hosp,quantile,0.75,1737,COVID-19
DE,80+,2023-04-16,2023-04-13,-3 day ahead inc hosp,quantile,0.9,1762,COVID-19
DE,80+,2023-04-16,2023-04-13,-3 day ahead inc hosp,quantile,0.975,1799,COVID-19
DE,80+,2023-04-16,2023-04-14,-2 day ahead inc hosp,mean,NA,1785.594,COVID-19
DE,80+,2023-04-16,2023-04-14,-2 day ahead inc hosp,quantile,0.025,1691,COVID-19
DE,80+,2023-04-16,2023-04-14,-2 day ahead inc hosp,quantile,0.1,1721,COVID-19
DE,80+,2023-04-16,2023-04-14,-2 day ahead inc hosp,quantile,0.25,1750,COVID-19
DE,80+,2023-04-16,2023-04-14,-2 day ahead inc hosp,quantile,0.5,1782,COVID-19
DE,80+,2023-04-16,2023-04-14,-2 day ahead inc hosp,quantile,0.75,1818,COVID-19
DE,80+,2023-04-16,2023-04-14,-2 day ahead inc hosp,quantile,0.9,1853,COVID-19
DE,80+,2023-04-16,2023-04-14,-2 day ahead inc hosp,quantile,0.975,1902,COVID-19
DE,80+,2023-04-16,2023-04-15,-1 day ahead inc hosp,mean,NA,1961.982,COVID-19
DE,80+,2023-04-16,2023-04-15,-1 day ahead inc hosp,quantile,0.025,1839,COVID-19
DE,80+,2023-04-16,2023-04-15,-1 day ahead inc hosp,quantile,0.1,1870,COVID-19
DE,80+,2023-04-16,2023-04-15,-1 day ahead inc hosp,quantile,0.25,1910,COVID-19
DE,80+,2023-04-16,2023-04-15,-1 day ahead inc hosp,quantile,0.5,1956,COVID-19
DE,80+,2023-04-16,2023-04-15,-1 day ahead inc hosp,quantile,0.75,2008,COVID-19
DE,80+,2023-04-16,2023-04-15,-1 day ahead inc hosp,quantile,0.9,2057,COVID-19
DE,80+,2023-04-16,2023-04-15,-1 day ahead inc hosp,quantile,0.975,2129,COVID-19
DE,80+,2023-04-16,2023-04-16,0 day ahead inc hosp,mean,NA,1948.49,COVID-19
DE,80+,2023-04-16,2023-04-16,0 day ahead inc hosp,quantile,0.025,1810,COVID-19
DE,80+,2023-04-16,2023-04-16,0 day ahead inc hosp,quantile,0.1,1845,COVID-19
DE,80+,2023-04-16,2023-04-16,0 day ahead inc hosp,quantile,0.25,1888,COVID-19
DE,80+,2023-04-16,2023-04-16,0 day ahead inc hosp,quantile,0.5,1942,COVID-19
DE,80+,2023-04-16,2023-04-16,0 day ahead inc hosp,quantile,0.75,2000,COVID-19
DE,80+,2023-04-16,2023-04-16,0 day ahead inc hosp,quantile,0.9,2055,COVID-19
DE,80+,2023-04-16,2023-04-16,0 day ahead inc hosp,quantile,0.975,2126,COVID-19
DE-BB,00+,2023-04-16,2023-03-19,-28 day ahead inc hosp,mean,NA,385.226,COVID-19
DE-BB,00+,2023-04-16,2023-03-19,-28 day ahead inc hosp,quantile,0.025,379,COVID-19
DE-BB,00+,2023-04-16,2023-03-19,-28 day ahead inc hosp,quantile,0.1,381,COVID-19
DE-BB,00+,2023-04-16,2023-03-19,-28 day ahead inc hosp,quantile,0.25,383,COVID-19
DE-BB,00+,2023-04-16,2023-03-19,-28 day ahead inc hosp,quantile,0.5,385,COVID-19
DE-BB,00+,2023-04-16,2023-03-19,-28 day ahead inc hosp,quantile,0.75,387,COVID-19
DE-BB,00+,2023-04-16,2023-03-19,-28 day ahead inc hosp,quantile,0.9,390,COVID-19
DE-BB,00+,2023-04-16,2023-03-19,-28 day ahead inc hosp,quantile,0.975,393,COVID-19
DE-BB,00+,2023-04-16,2023-03-20,-27 day ahead inc hosp,mean,NA,390.312,COVID-19
DE-BB,00+,2023-04-16,2023-03-20,-27 day ahead inc hosp,quantile,0.025,384,COVID-19
DE-BB,00+,2023-04-16,2023-03-20,-27 day ahead inc hosp,quantile,0.1,386,COVID-19
DE-BB,00+,2023-04-16,2023-03-20,-27 day ahead inc hosp,quantile,0.25,388,COVID-19
DE-BB,00+,2023-04-16,2023-03-20,-27 day ahead inc hosp,quantile,0.5,390,COVID-19
DE-BB,00+,2023-04-16,2023-03-20,-27 day ahead inc hosp,quantile,0.75,393,COVID-19
DE-BB,00+,2023-04-16,2023-03-20,-27 day ahead inc hosp,quantile,0.9,395,COVID-19
DE-BB,00+,2023-04-16,2023-03-20,-27 day ahead inc hosp,quantile,0.975,398,COVID-19
DE-BB,00+,2023-04-16,2023-03-21,-26 day ahead inc hosp,mean,NA,395.339,COVID-19
DE-BB,00+,2023-04-16,2023-03-21,-26 day ahead inc hosp,quantile,0.025,389,COVID-19
DE-BB,00+,2023-04-16,2023-03-21,-26 day ahead inc hosp,quantile,0.1,391,COVID-19
DE-BB,00+,2023-04-16,2023-03-21,-26 day ahead inc hosp,quantile,0.25,393,COVID-19
DE-BB,00+,2023-04-16,2023-03-21,-26 day ahead inc hosp,quantile,0.5,395,COVID-19
DE-BB,00+,2023-04-16,2023-03-21,-26 day ahead inc hosp,quantile,0.75,398,COVID-19
DE-BB,00+,2023-04-16,2023-03-21,-26 day ahead inc hosp,quantile,0.9,400,COVID-19
DE-BB,00+,2023-04-16,2023-03-21,-26 day ahead inc hosp,quantile,0.975,403,COVID-19
DE-BB,00+,2023-04-16,2023-03-22,-25 day ahead inc hosp,mean,NA,382.352,COVID-19
DE-BB,00+,2023-04-16,2023-03-22,-25 day ahead inc hosp,quantile,0.025,375,COVID-19
DE-BB,00+,2023-04-16,2023-03-22,-25 day ahead inc hosp,quantile,0.1,377,COVID-19
DE-BB,00+,2023-04-16,2023-03-22,-25 day ahead inc hosp,quantile,0.25,380,COVID-19
DE-BB,00+,2023-04-16,2023-03-22,-25 day ahead inc hosp,quantile,0.5,382,COVID-19
DE-BB,00+,2023-04-16,2023-03-22,-25 day ahead inc hosp,quantile,0.75,385,COVID-19
DE-BB,00+,2023-04-16,2023-03-22,-25 day ahead inc hosp,quantile,0.9,387,COVID-19
DE-BB,00+,2023-04-16,2023-03-22,-25 day ahead inc hosp,quantile,0.975,390,COVID-19
DE-BB,00+,2023-04-16,2023-03-23,-24 day ahead inc hosp,mean,NA,361.152,COVID-19
DE-BB,00+,2023-04-16,2023-03-23,-24 day ahead inc hosp,quantile,0.025,354,COVID-19
DE-BB,00+,2023-04-16,2023-03-23,-24 day ahead inc hosp,quantile,0.1,356,COVID-19
DE-BB,00+,2023-04-16,2023-03-23,-24 day ahead inc hosp,quantile,0.25,358,COVID-19
DE-BB,00+,2023-04-16,2023-03-23,-24 day ahead inc hosp,quantile,0.5,361,COVID-19
DE-BB,00+,2023-04-16,2023-03-23,-24 day ahead inc hosp,quantile,0.75,364,COVID-19
DE-BB,00+,2023-04-16,2023-03-23,-24 day ahead inc hosp,quantile,0.9,366,COVID-19
DE-BB,00+,2023-04-16,2023-03-23,-24 day ahead inc hosp,quantile,0.975,369,COVID-19
DE-BB,00+,2023-04-16,2023-03-24,-23 day ahead inc hosp,mean,NA,349.912,COVID-19
DE-BB,00+,2023-04-16,2023-03-24,-23 day ahead inc hosp,quantile,0.025,343,COVID-19
DE-BB,00+,2023-04-16,2023-03-24,-23 day ahead inc hosp,quantile,0.1,345,COVID-19
DE-BB,00+,2023-04-16,2023-03-24,-23 day ahead inc hosp,quantile,0.25,347,COVID-19
DE-BB,00+,2023-04-16,2023-03-24,-23 day ahead inc hosp,quantile,0.5,350,COVID-19
DE-BB,00+,2023-04-16,2023-03-24,-23 day ahead inc hosp,quantile,0.75,352,COVID-19
DE-BB,00+,2023-04-16,2023-03-24,-23 day ahead inc hosp,quantile,0.9,355,COVID-19
DE-BB,00+,2023-04-16,2023-03-24,-23 day ahead inc hosp,quantile,0.975,358,COVID-19
DE-BB,00+,2023-04-16,2023-03-25,-22 day ahead inc hosp,mean,NA,355.52,COVID-19
DE-BB,00+,2023-04-16,2023-03-25,-22 day ahead inc hosp,quantile,0.025,348,COVID-19
DE-BB,00+,2023-04-16,2023-03-25,-22 day ahead inc hosp,quantile,0.1,350,COVID-19
DE-BB,00+,2023-04-16,2023-03-25,-22 day ahead inc hosp,quantile,0.25,353,COVID-19
DE-BB,00+,2023-04-16,2023-03-25,-22 day ahead inc hosp,quantile,0.5,355,COVID-19
DE-BB,00+,2023-04-16,2023-03-25,-22 day ahead inc hosp,quantile,0.75,358,COVID-19
DE-BB,00+,2023-04-16,2023-03-25,-22 day ahead inc hosp,quantile,0.9,361,COVID-19
DE-BB,00+,2023-04-16,2023-03-25,-22 day ahead inc hosp,quantile,0.975,364,COVID-19
DE-BB,00+,2023-04-16,2023-03-26,-21 day ahead inc hosp,mean,NA,354.591,COVID-19
DE-BB,00+,2023-04-16,2023-03-26,-21 day ahead inc hosp,quantile,0.025,347,COVID-19
DE-BB,00+,2023-04-16,2023-03-26,-21 day ahead inc hosp,quantile,0.1,349,COVID-19
DE-BB,00+,2023-04-16,2023-03-26,-21 day ahead inc hosp,quantile,0.25,352,COVID-19
DE-BB,00+,2023-04-16,2023-03-26,-21 day ahead inc hosp,quantile,0.5,354,COVID-19
DE-BB,00+,2023-04-16,2023-03-26,-21 day ahead inc hosp,quantile,0.75,357,COVID-19
DE-BB,00+,2023-04-16,2023-03-26,-21 day ahead inc hosp,quantile,0.9,360,COVID-19
DE-BB,00+,2023-04-16,2023-03-26,-21 day ahead inc hosp,quantile,0.975,363,COVID-19
DE-BB,00+,2023-04-16,2023-03-27,-20 day ahead inc hosp,mean,NA,349.627,COVID-19
DE-BB,00+,2023-04-16,2023-03-27,-20 day ahead inc hosp,quantile,0.025,342,COVID-19
DE-BB,00+,2023-04-16,2023-03-27,-20 day ahead inc hosp,quantile,0.1,345,COVID-19
DE-BB,00+,2023-04-16,2023-03-27,-20 day ahead inc hosp,quantile,0.25,347,COVID-19
DE-BB,00+,2023-04-16,2023-03-27,-20 day ahead inc hosp,quantile,0.5,350,COVID-19
DE-BB,00+,2023-04-16,2023-03-27,-20 day ahead inc hosp,quantile,0.75,352,COVID-19
DE-BB,00+,2023-04-16,2023-03-27,-20 day ahead inc hosp,quantile,0.9,355,COVID-19
DE-BB,00+,2023-04-16,2023-03-27,-20 day ahead inc hosp,quantile,0.975,358,COVID-19
DE-BB,00+,2023-04-16,2023-03-28,-19 day ahead inc hosp,mean,NA,343.38,COVID-19
DE-BB,00+,2023-04-16,2023-03-28,-19 day ahead inc hosp,quantile,0.025,335,COVID-19
DE-BB,00+,2023-04-16,2023-03-28,-19 day ahead inc hosp,quantile,0.1,338,COVID-19
DE-BB,00+,2023-04-16,2023-03-28,-19 day ahead inc hosp,quantile,0.25,340,COVID-19
DE-BB,00+,2023-04-16,2023-03-28,-19 day ahead inc hosp,quantile,0.5,343,COVID-19
DE-BB,00+,2023-04-16,2023-03-28,-19 day ahead inc hosp,quantile,0.75,346,COVID-19
DE-BB,00+,2023-04-16,2023-03-28,-19 day ahead inc hosp,quantile,0.9,349,COVID-19
DE-BB,00+,2023-04-16,2023-03-28,-19 day ahead inc hosp,quantile,0.975,353,COVID-19
DE-BB,00+,2023-04-16,2023-03-29,-18 day ahead inc hosp,mean,NA,330.876,COVID-19
DE-BB,00+,2023-04-16,2023-03-29,-18 day ahead inc hosp,quantile,0.025,322,COVID-19
DE-BB,00+,2023-04-16,2023-03-29,-18 day ahead inc hosp,quantile,0.1,325,COVID-19
DE-BB,00+,2023-04-16,2023-03-29,-18 day ahead inc hosp,quantile,0.25,328,COVID-19
DE-BB,00+,2023-04-16,2023-03-29,-18 day ahead inc hosp,quantile,0.5,331,COVID-19
DE-BB,00+,2023-04-16,2023-03-29,-18 day ahead inc hosp,quantile,0.75,334,COVID-19
DE-BB,00+,2023-04-16,2023-03-29,-18 day ahead inc hosp,quantile,0.9,337,COVID-19
DE-BB,00+,2023-04-16,2023-03-29,-18 day ahead inc hosp,quantile,0.975,340,COVID-19
DE-BB,00+,2023-04-16,2023-03-30,-17 day ahead inc hosp,mean,NA,314.355,COVID-19
DE-BB,00+,2023-04-16,2023-03-30,-17 day ahead inc hosp,quantile,0.025,306,COVID-19
DE-BB,00+,2023-04-16,2023-03-30,-17 day ahead inc hosp,quantile,0.1,309,COVID-19
DE-BB,00+,2023-04-16,2023-03-30,-17 day ahead inc hosp,quantile,0.25,311,COVID-19
DE-BB,00+,2023-04-16,2023-03-30,-17 day ahead inc hosp,quantile,0.5,314,COVID-19
DE-BB,00+,2023-04-16,2023-03-30,-17 day ahead inc hosp,quantile,0.75,317,COVID-19
DE-BB,00+,2023-04-16,2023-03-30,-17 day ahead inc hosp,quantile,0.9,320,COVID-19
DE-BB,00+,2023-04-16,2023-03-30,-17 day ahead inc hosp,quantile,0.975,323,COVID-19
DE-BB,00+,2023-04-16,2023-03-31,-16 day ahead inc hosp,mean,NA,326.861,COVID-19
DE-BB,00+,2023-04-16,2023-03-31,-16 day ahead inc hosp,quantile,0.025,319,COVID-19
DE-BB,00+,2023-04-16,2023-03-31,-16 day ahead inc hosp,quantile,0.1,321,COVID-19
DE-BB,00+,2023-04-16,2023-03-31,-16 day ahead inc hosp,quantile,0.25,324,COVID-19
DE-BB,00+,2023-04-16,2023-03-31,-16 day ahead inc hosp,quantile,0.5,327,COVID-19
DE-BB,00+,2023-04-16,2023-03-31,-16 day ahead inc hosp,quantile,0.75,330,COVID-19
DE-BB,00+,2023-04-16,2023-03-31,-16 day ahead inc hosp,quantile,0.9,333,COVID-19
DE-BB,00+,2023-04-16,2023-03-31,-16 day ahead inc hosp,quantile,0.975,336,COVID-19
DE-BB,00+,2023-04-16,2023-04-01,-15 day ahead inc hosp,mean,NA,313.411,COVID-19
DE-BB,00+,2023-04-16,2023-04-01,-15 day ahead inc hosp,quantile,0.025,305,COVID-19
DE-BB,00+,2023-04-16,2023-04-01,-15 day ahead inc hosp,quantile,0.1,308,COVID-19
DE-BB,00+,2023-04-16,2023-04-01,-15 day ahead inc hosp,quantile,0.25,310,COVID-19
DE-BB,00+,2023-04-16,2023-04-01,-15 day ahead inc hosp,quantile,0.5,313,COVID-19
DE-BB,00+,2023-04-16,2023-04-01,-15 day ahead inc hosp,quantile,0.75,317,COVID-19
DE-BB,00+,2023-04-16,2023-04-01,-15 day ahead inc hosp,quantile,0.9,319,COVID-19
DE-BB,00+,2023-04-16,2023-04-01,-15 day ahead inc hosp,quantile,0.975,323,COVID-19
DE-BB,00+,2023-04-16,2023-04-02,-14 day ahead inc hosp,mean,NA,312.489,COVID-19
DE-BB,00+,2023-04-16,2023-04-02,-14 day ahead inc hosp,quantile,0.025,304,COVID-19
DE-BB,00+,2023-04-16,2023-04-02,-14 day ahead inc hosp,quantile,0.1,307,COVID-19
DE-BB,00+,2023-04-16,2023-04-02,-14 day ahead inc hosp,quantile,0.25,309,COVID-19
DE-BB,00+,2023-04-16,2023-04-02,-14 day ahead inc hosp,quantile,0.5,312,COVID-19
DE-BB,00+,2023-04-16,2023-04-02,-14 day ahead inc hosp,quantile,0.75,316,COVID-19
DE-BB,00+,2023-04-16,2023-04-02,-14 day ahead inc hosp,quantile,0.9,319,COVID-19
DE-BB,00+,2023-04-16,2023-04-02,-14 day ahead inc hosp,quantile,0.975,322,COVID-19
DE-BB,00+,2023-04-16,2023-04-03,-13 day ahead inc hosp,mean,NA,313.574,COVID-19
DE-BB,00+,2023-04-16,2023-04-03,-13 day ahead inc hosp,quantile,0.025,306,COVID-19
DE-BB,00+,2023-04-16,2023-04-03,-13 day ahead inc hosp,quantile,0.1,308,COVID-19
DE-BB,00+,2023-04-16,2023-04-03,-13 day ahead inc hosp,quantile,0.25,310,COVID-19
DE-BB,00+,2023-04-16,2023-04-03,-13 day ahead inc hosp,quantile,0.5,313,COVID-19
DE-BB,00+,2023-04-16,2023-04-03,-13 day ahead inc hosp,quantile,0.75,317,COVID-19
DE-BB,00+,2023-04-16,2023-04-03,-13 day ahead inc hosp,quantile,0.9,320,COVID-19
DE-BB,00+,2023-04-16,2023-04-03,-13 day ahead inc hosp,quantile,0.975,323,COVID-19
DE-BB,00+,2023-04-16,2023-04-04,-12 day ahead inc hosp,mean,NA,285.456,COVID-19
DE-BB,00+,2023-04-16,2023-04-04,-12 day ahead inc hosp,quantile,0.025,277,COVID-19
DE-BB,00+,2023-04-16,2023-04-04,-12 day ahead inc hosp,quantile,0.1,279,COVID-19
DE-BB,00+,2023-04-16,2023-04-04,-12 day ahead inc hosp,quantile,0.25,282,COVID-19
DE-BB,00+,2023-04-16,2023-04-04,-12 day ahead inc hosp,quantile,0.5,285,COVID-19
DE-BB,00+,2023-04-16,2023-04-04,-12 day ahead inc hosp,quantile,0.75,289,COVID-19
DE-BB,00+,2023-04-16,2023-04-04,-12 day ahead inc hosp,quantile,0.9,292,COVID-19
DE-BB,00+,2023-04-16,2023-04-04,-12 day ahead inc hosp,quantile,0.975,295,COVID-19
DE-BB,00+,2023-04-16,2023-04-05,-11 day ahead inc hosp,mean,NA,287.494,COVID-19
DE-BB,00+,2023-04-16,2023-04-05,-11 day ahead inc hosp,quantile,0.025,278,COVID-19
DE-BB,00+,2023-04-16,2023-04-05,-11 day ahead inc hosp,quantile,0.1,281,COVID-19
DE-BB,00+,2023-04-16,2023-04-05,-11 day ahead inc hosp,quantile,0.25,284,COVID-19
DE-BB,00+,2023-04-16,2023-04-05,-11 day ahead inc hosp,quantile,0.5,287,COVID-19
DE-BB,00+,2023-04-16,2023-04-05,-11 day ahead inc hosp,quantile,0.75,291,COVID-19
DE-BB,00+,2023-04-16,2023-04-05,-11 day ahead inc hosp,quantile,0.9,294,COVID-19
DE-BB,00+,2023-04-16,2023-04-05,-11 day ahead inc hosp,quantile,0.975,298,COVID-19
DE-BB,00+,2023-04-16,2023-04-06,-10 day ahead inc hosp,mean,NA,295.613,COVID-19
DE-BB,00+,2023-04-16,2023-04-06,-10 day ahead inc hosp,quantile,0.025,286,COVID-19
DE-BB,00+,2023-04-16,2023-04-06,-10 day ahead inc hosp,quantile,0.1,289,COVID-19
DE-BB,00+,2023-04-16,2023-04-06,-10 day ahead inc hosp,quantile,0.25,292,COVID-19
DE-BB,00+,2023-04-16,2023-04-06,-10 day ahead inc hosp,quantile,0.5,295,COVID-19
DE-BB,00+,2023-04-16,2023-04-06,-10 day ahead inc hosp,quantile,0.75,299,COVID-19
DE-BB,00+,2023-04-16,2023-04-06,-10 day ahead inc hosp,quantile,0.9,302,COVID-19
DE-BB,00+,2023-04-16,2023-04-06,-10 day ahead inc hosp,quantile,0.975,306,COVID-19
DE-BB,00+,2023-04-16,2023-04-07,-9 day ahead inc hosp,mean,NA,273.066,COVID-19
DE-BB,00+,2023-04-16,2023-04-07,-9 day ahead inc hosp,quantile,0.025,263,COVID-19
DE-BB,00+,2023-04-16,2023-04-07,-9 day ahead inc hosp,quantile,0.1,266,COVID-19
DE-BB,00+,2023-04-16,2023-04-07,-9 day ahead inc hosp,quantile,0.25,269,COVID-19
DE-BB,00+,2023-04-16,2023-04-07,-9 day ahead inc hosp,quantile,0.5,273,COVID-19
DE-BB,00+,2023-04-16,2023-04-07,-9 day ahead inc hosp,quantile,0.75,276,COVID-19
DE-BB,00+,2023-04-16,2023-04-07,-9 day ahead inc hosp,quantile,0.9,280,COVID-19
DE-BB,00+,2023-04-16,2023-04-07,-9 day ahead inc hosp,quantile,0.975,284,COVID-19
DE-BB,00+,2023-04-16,2023-04-08,-8 day ahead inc hosp,mean,NA,237.708,COVID-19
DE-BB,00+,2023-04-16,2023-04-08,-8 day ahead inc hosp,quantile,0.025,228,COVID-19
DE-BB,00+,2023-04-16,2023-04-08,-8 day ahead inc hosp,quantile,0.1,231,COVID-19
DE-BB,00+,2023-04-16,2023-04-08,-8 day ahead inc hosp,quantile,0.25,234,COVID-19
DE-BB,00+,2023-04-16,2023-04-08,-8 day ahead inc hosp,quantile,0.5,237,COVID-19
DE-BB,00+,2023-04-16,2023-04-08,-8 day ahead inc hosp,quantile,0.75,242,COVID-19
DE-BB,00+,2023-04-16,2023-04-08,-8 day ahead inc hosp,quantile,0.9,245,COVID-19
DE-BB,00+,2023-04-16,2023-04-08,-8 day ahead inc hosp,quantile,0.975,249,COVID-19
DE-BB,00+,2023-04-16,2023-04-09,-7 day ahead inc hosp,mean,NA,240.995,COVID-19
DE-BB,00+,2023-04-16,2023-04-09,-7 day ahead inc hosp,quantile,0.025,231,COVID-19
DE-BB,00+,2023-04-16,2023-04-09,-7 day ahead inc hosp,quantile,0.1,234,COVID-19
DE-BB,00+,2023-04-16,2023-04-09,-7 day ahead inc hosp,quantile,0.25,237,COVID-19
DE-BB,00+,2023-04-16,2023-04-09,-7 day ahead inc hosp,quantile,0.5,241,COVID-19
DE-BB,00+,2023-04-16,2023-04-09,-7 day ahead inc hosp,quantile,0.75,245,COVID-19
DE-BB,00+,2023-04-16,2023-04-09,-7 day ahead inc hosp,quantile,0.9,249,COVID-19
DE-BB,00+,2023-04-16,2023-04-09,-7 day ahead inc hosp,quantile,0.975,253,COVID-19
DE-BB,00+,2023-04-16,2023-04-10,-6 day ahead inc hosp,mean,NA,246.264,COVID-19
DE-BB,00+,2023-04-16,2023-04-10,-6 day ahead inc hosp,quantile,0.025,236,COVID-19
DE-BB,00+,2023-04-16,2023-04-10,-6 day ahead inc hosp,quantile,0.1,239,COVID-19
DE-BB,00+,2023-04-16,2023-04-10,-6 day ahead inc hosp,quantile,0.25,242,COVID-19
DE-BB,00+,2023-04-16,2023-04-10,-6 day ahead inc hosp,quantile,0.5,246,COVID-19
DE-BB,00+,2023-04-16,2023-04-10,-6 day ahead inc hosp,quantile,0.75,250,COVID-19
DE-BB,00+,2023-04-16,2023-04-10,-6 day ahead inc hosp,quantile,0.9,254,COVID-19
DE-BB,00+,2023-04-16,2023-04-10,-6 day ahead inc hosp,quantile,0.975,259,COVID-19
DE-BB,00+,2023-04-16,2023-04-11,-5 day ahead inc hosp,mean,NA,168.53,COVID-19
DE-BB,00+,2023-04-16,2023-04-11,-5 day ahead inc hosp,quantile,0.025,157,COVID-19
DE-BB,00+,2023-04-16,2023-04-11,-5 day ahead inc hosp,quantile,0.1,160,COVID-19
DE-BB,00+,2023-04-16,2023-04-11,-5 day ahead inc hosp,quantile,0.25,164,COVID-19
DE-BB,00+,2023-04-16,2023-04-11,-5 day ahead inc hosp,quantile,0.5,168,COVID-19
DE-BB,00+,2023-04-16,2023-04-11,-5 day ahead inc hosp,quantile,0.75,173,COVID-19
DE-BB,00+,2023-04-16,2023-04-11,-5 day ahead inc hosp,quantile,0.9,177,COVID-19
DE-BB,00+,2023-04-16,2023-04-11,-5 day ahead inc hosp,quantile,0.975,182,COVID-19
DE-BB,00+,2023-04-16,2023-04-12,-4 day ahead inc hosp,mean,NA,243.788,COVID-19
DE-BB,00+,2023-04-16,2023-04-12,-4 day ahead inc hosp,quantile,0.025,230,COVID-19
DE-BB,00+,2023-04-16,2023-04-12,-4 day ahead inc hosp,quantile,0.1,234,COVID-19
DE-BB,00+,2023-04-16,2023-04-12,-4 day ahead inc hosp,quantile,0.25,238,COVID-19
DE-BB,00+,2023-04-16,2023-04-12,-4 day ahead inc hosp,quantile,0.5,244,COVID-19
DE-BB,00+,2023-04-16,2023-04-12,-4 day ahead inc hosp,quantile,0.75,249,COVID-19
DE-BB,00+,2023-04-16,2023-04-12,-4 day ahead inc hosp,quantile,0.9,254,COVID-19
DE-BB,00+,2023-04-16,2023-04-12,-4 day ahead inc hosp,quantile,0.975,260,COVID-19
DE-BB,00+,2023-04-16,2023-04-13,-3 day ahead inc hosp,mean,NA,261.48,COVID-19
DE-BB,00+,2023-04-16,2023-04-13,-3 day ahead inc hosp,quantile,0.025,245,COVID-19
DE-BB,00+,2023-04-16,2023-04-13,-3 day ahead inc hosp,quantile,0.1,250,COVID-19
DE-BB,00+,2023-04-16,2023-04-13,-3 day ahead inc hosp,quantile,0.25,255,COVID-19
DE-BB,00+,2023-04-16,2023-04-13,-3 day ahead inc hosp,quantile,0.5,261,COVID-19
DE-BB,00+,2023-04-16,2023-04-13,-3 day ahead inc hosp,quantile,0.75,267,COVID-19
DE-BB,00+,2023-04-16,2023-04-13,-3 day ahead inc hosp,quantile,0.9,273,COVID-19
DE-BB,00+,2023-04-16,2023-04-13,-3 day ahead inc hosp,quantile,0.975,281,COVID-19
DE-BB,00+,2023-04-16,2023-04-14,-2 day ahead inc hosp,mean,NA,257.506,COVID-19
DE-BB,00+,2023-04-16,2023-04-14,-2 day ahead inc hosp,quantile,0.025,237,COVID-19
DE-BB,00+,2023-04-16,2023-04-14,-2 day ahead inc hosp,quantile,0.1,244,COVID-19
DE-BB,00+,2023-04-16,2023-04-14,-2 day ahead inc hosp,quantile,0.25,250,COVID-19
DE-BB,00+,2023-04-16,2023-04-14,-2 day ahead inc hosp,quantile,0.5,257,COVID-19
DE-BB,00+,2023-04-16,2023-04-14,-2 day ahead inc hosp,quantile,0.75,264,COVID-19
DE-BB,00+,2023-04-16,2023-04-14,-2 day ahead inc hosp,quantile,0.9,272,COVID-19
DE-BB,00+,2023-04-16,2023-04-14,-2 day ahead inc hosp,quantile,0.975,282,COVID-19
DE-BB,00+,2023-04-16,2023-04-15,-1 day ahead inc hosp,mean,NA,285.026,COVID-19
DE-BB,00+,2023-04-16,2023-04-15,-1 day ahead inc hosp,quantile,0.025,261,COVID-19
DE-BB,00+,2023-04-16,2023-04-15,-1 day ahead inc hosp,quantile,0.1,267,COVID-19
DE-BB,00+,2023-04-16,2023-04-15,-1 day ahead inc hosp,quantile,0.25,274,COVID-19
DE-BB,00+,2023-04-16,2023-04-15,-1 day ahead inc hosp,quantile,0.5,284,COVID-19
DE-BB,00+,2023-04-16,2023-04-15,-1 day ahead inc hosp,quantile,0.75,294,COVID-19
DE-BB,00+,2023-04-16,2023-04-15,-1 day ahead inc hosp,quantile,0.9,304,COVID-19
DE-BB,00+,2023-04-16,2023-04-15,-1 day ahead inc hosp,quantile,0.975,317,COVID-19
DE-BB,00+,2023-04-16,2023-04-16,0 day ahead inc hosp,mean,NA,285.258,COVID-19
DE-BB,00+,2023-04-16,2023-04-16,0 day ahead inc hosp,quantile,0.025,259,COVID-19
DE-BB,00+,2023-04-16,2023-04-16,0 day ahead inc hosp,quantile,0.1,267,COVID-19
DE-BB,00+,2023-04-16,2023-04-16,0 day ahead inc hosp,quantile,0.25,274,COVID-19
DE-BB,00+,2023-04-16,2023-04-16,0 day ahead inc hosp,quantile,0.5,284,COVID-19
DE-BB,00+,2023-04-16,2023-04-16,0 day ahead inc hosp,quantile,0.75,294,COVID-19
DE-BB,00+,2023-04-16,2023-04-16,0 day ahead inc hosp,quantile,0.9,306,COVID-19
DE-BB,00+,2023-04-16,2023-04-16,0 day ahead inc hosp,quantile,0.975,319,COVID-19
DE-BE,00+,2023-04-16,2023-03-19,-28 day ahead inc hosp,mean,NA,546.131,COVID-19
DE-BE,00+,2023-04-16,2023-03-19,-28 day ahead inc hosp,quantile,0.025,539,COVID-19
DE-BE,00+,2023-04-16,2023-03-19,-28 day ahead inc hosp,quantile,0.1,542,COVID-19
DE-BE,00+,2023-04-16,2023-03-19,-28 day ahead inc hosp,quantile,0.25,543,COVID-19
DE-BE,00+,2023-04-16,2023-03-19,-28 day ahead inc hosp,quantile,0.5,546,COVID-19
DE-BE,00+,2023-04-16,2023-03-19,-28 day ahead inc hosp,quantile,0.75,549,COVID-19
DE-BE,00+,2023-04-16,2023-03-19,-28 day ahead inc hosp,quantile,0.9,551,COVID-19
DE-BE,00+,2023-04-16,2023-03-19,-28 day ahead inc hosp,quantile,0.975,554,COVID-19
DE-BE,00+,2023-04-16,2023-03-20,-27 day ahead inc hosp,mean,NA,540.154,COVID-19
DE-BE,00+,2023-04-16,2023-03-20,-27 day ahead inc hosp,quantile,0.025,533,COVID-19
DE-BE,00+,2023-04-16,2023-03-20,-27 day ahead inc hosp,quantile,0.1,536,COVID-19
DE-BE,00+,2023-04-16,2023-03-20,-27 day ahead inc hosp,quantile,0.25,537,COVID-19
DE-BE,00+,2023-04-16,2023-03-20,-27 day ahead inc hosp,quantile,0.5,540,COVID-19
DE-BE,00+,2023-04-16,2023-03-20,-27 day ahead inc hosp,quantile,0.75,543,COVID-19
DE-BE,00+,2023-04-16,2023-03-20,-27 day ahead inc hosp,quantile,0.9,545,COVID-19
DE-BE,00+,2023-04-16,2023-03-20,-27 day ahead inc hosp,quantile,0.975,548,COVID-19
DE-BE,00+,2023-04-16,2023-03-21,-26 day ahead inc hosp,mean,NA,567.872,COVID-19
DE-BE,00+,2023-04-16,2023-03-21,-26 day ahead inc hosp,quantile,0.025,561,COVID-19
DE-BE,00+,2023-04-16,2023-03-21,-26 day ahead inc hosp,quantile,0.1,563,COVID-19
DE-BE,00+,2023-04-16,2023-03-21,-26 day ahead inc hosp,quantile,0.25,565,COVID-19
DE-BE,00+,2023-04-16,2023-03-21,-26 day ahead inc hosp,quantile,0.5,568,COVID-19
DE-BE,00+,2023-04-16,2023-03-21,-26 day ahead inc hosp,quantile,0.75,570,COVID-19
DE-BE,00+,2023-04-16,2023-03-21,-26 day ahead inc hosp,quantile,0.9,573,COVID-19
DE-BE,00+,2023-04-16,2023-03-21,-26 day ahead inc hosp,quantile,0.975,577,COVID-19
DE-BE,00+,2023-04-16,2023-03-22,-25 day ahead inc hosp,mean,NA,626.274,COVID-19
DE-BE,00+,2023-04-16,2023-03-22,-25 day ahead inc hosp,quantile,0.025,618,COVID-19
DE-BE,00+,2023-04-16,2023-03-22,-25 day ahead inc hosp,quantile,0.1,621,COVID-19
DE-BE,00+,2023-04-16,2023-03-22,-25 day ahead inc hosp,quantile,0.25,623,COVID-19
DE-BE,00+,2023-04-16,2023-03-22,-25 day ahead inc hosp,quantile,0.5,626,COVID-19
DE-BE,00+,2023-04-16,2023-03-22,-25 day ahead inc hosp,quantile,0.75,629,COVID-19
DE-BE,00+,2023-04-16,2023-03-22,-25 day ahead inc hosp,quantile,0.9,632,COVID-19
DE-BE,00+,2023-04-16,2023-03-22,-25 day ahead inc hosp,quantile,0.975,636,COVID-19
DE-BE,00+,2023-04-16,2023-03-23,-24 day ahead inc hosp,mean,NA,649.527,COVID-19
DE-BE,00+,2023-04-16,2023-03-23,-24 day ahead inc hosp,quantile,0.025,642,COVID-19
DE-BE,00+,2023-04-16,2023-03-23,-24 day ahead inc hosp,quantile,0.1,644,COVID-19
DE-BE,00+,2023-04-16,2023-03-23,-24 day ahead inc hosp,quantile,0.25,646,COVID-19
DE-BE,00+,2023-04-16,2023-03-23,-24 day ahead inc hosp,quantile,0.5,649,COVID-19
DE-BE,00+,2023-04-16,2023-03-23,-24 day ahead inc hosp,quantile,0.75,653,COVID-19
DE-BE,00+,2023-04-16,2023-03-23,-24 day ahead inc hosp,quantile,0.9,655,COVID-19
DE-BE,00+,2023-04-16,2023-03-23,-24 day ahead inc hosp,quantile,0.975,659,COVID-19
DE-BE,00+,2023-04-16,2023-03-24,-23 day ahead inc hosp,mean,NA,636.834,COVID-19
DE-BE,00+,2023-04-16,2023-03-24,-23 day ahead inc hosp,quantile,0.025,629,COVID-19
DE-BE,00+,2023-04-16,2023-03-24,-23 day ahead inc hosp,quantile,0.1,631,COVID-19
DE-BE,00+,2023-04-16,2023-03-24,-23 day ahead inc hosp,quantile,0.25,633,COVID-19
DE-BE,00+,2023-04-16,2023-03-24,-23 day ahead inc hosp,quantile,0.5,637,COVID-19
DE-BE,00+,2023-04-16,2023-03-24,-23 day ahead inc hosp,quantile,0.75,640,COVID-19
DE-BE,00+,2023-04-16,2023-03-24,-23 day ahead inc hosp,quantile,0.9,643,COVID-19
DE-BE,00+,2023-04-16,2023-03-24,-23 day ahead inc hosp,quantile,0.975,647,COVID-19
DE-BE,00+,2023-04-16,2023-03-25,-22 day ahead inc hosp,mean,NA,608.007,COVID-19
DE-BE,00+,2023-04-16,2023-03-25,-22 day ahead inc hosp,quantile,0.025,600,COVID-19
DE-BE,00+,2023-04-16,2023-03-25,-22 day ahead inc hosp,quantile,0.1,602,COVID-19
DE-BE,00+,2023-04-16,2023-03-25,-22 day ahead inc hosp,quantile,0.25,605,COVID-19
DE-BE,00+,2023-04-16,2023-03-25,-22 day ahead inc hosp,quantile,0.5,608,COVID-19
DE-BE,00+,2023-04-16,2023-03-25,-22 day ahead inc hosp,quantile,0.75,611,COVID-19
DE-BE,00+,2023-04-16,2023-03-25,-22 day ahead inc hosp,quantile,0.9,614,COVID-19
DE-BE,00+,2023-04-16,2023-03-25,-22 day ahead inc hosp,quantile,0.975,619,COVID-19
DE-BE,00+,2023-04-16,2023-03-26,-21 day ahead inc hosp,mean,NA,609.073,COVID-19
DE-BE,00+,2023-04-16,2023-03-26,-21 day ahead inc hosp,quantile,0.025,601,COVID-19
DE-BE,00+,2023-04-16,2023-03-26,-21 day ahead inc hosp,quantile,0.1,603,COVID-19
DE-BE,00+,2023-04-16,2023-03-26,-21 day ahead inc hosp,quantile,0.25,606,COVID-19
DE-BE,00+,2023-04-16,2023-03-26,-21 day ahead inc hosp,quantile,0.5,609,COVID-19
DE-BE,00+,2023-04-16,2023-03-26,-21 day ahead inc hosp,quantile,0.75,612,COVID-19
DE-BE,00+,2023-04-16,2023-03-26,-21 day ahead inc hosp,quantile,0.9,615,COVID-19
DE-BE,00+,2023-04-16,2023-03-26,-21 day ahead inc hosp,quantile,0.975,620,COVID-19
DE-BE,00+,2023-04-16,2023-03-27,-20 day ahead inc hosp,mean,NA,613.109,COVID-19
DE-BE,00+,2023-04-16,2023-03-27,-20 day ahead inc hosp,quantile,0.025,605,COVID-19
DE-BE,00+,2023-04-16,2023-03-27,-20 day ahead inc hosp,quantile,0.1,607,COVID-19
DE-BE,00+,2023-04-16,2023-03-27,-20 day ahead inc hosp,quantile,0.25,610,COVID-19
DE-BE,00+,2023-04-16,2023-03-27,-20 day ahead inc hosp,quantile,0.5,613,COVID-19
DE-BE,00+,2023-04-16,2023-03-27,-20 day ahead inc hosp,quantile,0.75,616,COVID-19
DE-BE,00+,2023-04-16,2023-03-27,-20 day ahead inc hosp,quantile,0.9,619,COVID-19
DE-BE,00+,2023-04-16,2023-03-27,-20 day ahead inc hosp,quantile,0.975,624,COVID-19
DE-BE,00+,2023-04-16,2023-03-28,-19 day ahead inc hosp,mean,NA,555.267,COVID-19
DE-BE,00+,2023-04-16,2023-03-28,-19 day ahead inc hosp,quantile,0.025,546,COVID-19
DE-BE,00+,2023-04-16,2023-03-28,-19 day ahead inc hosp,quantile,0.1,549,COVID-19
DE-BE,00+,2023-04-16,2023-03-28,-19 day ahead inc hosp,quantile,0.25,552,COVID-19
DE-BE,00+,2023-04-16,2023-03-28,-19 day ahead inc hosp,quantile,0.5,555,COVID-19
DE-BE,00+,2023-04-16,2023-03-28,-19 day ahead inc hosp,quantile,0.75,559,COVID-19
DE-BE,00+,2023-04-16,2023-03-28,-19 day ahead inc hosp,quantile,0.9,562,COVID-19
DE-BE,00+,2023-04-16,2023-03-28,-19 day ahead inc hosp,quantile,0.975,566,COVID-19
DE-BE,00+,2023-04-16,2023-03-29,-18 day ahead inc hosp,mean,NA,458.268,COVID-19
DE-BE,00+,2023-04-16,2023-03-29,-18 day ahead inc hosp,quantile,0.025,449,COVID-19
DE-BE,00+,2023-04-16,2023-03-29,-18 day ahead inc hosp,quantile,0.1,452,COVID-19
DE-BE,00+,2023-04-16,2023-03-29,-18 day ahead inc hosp,quantile,0.25,455,COVID-19
DE-BE,00+,2023-04-16,2023-03-29,-18 day ahead inc hosp,quantile,0.5,458,COVID-19
DE-BE,00+,2023-04-16,2023-03-29,-18 day ahead inc hosp,quantile,0.75,462,COVID-19
DE-BE,00+,2023-04-16,2023-03-29,-18 day ahead inc hosp,quantile,0.9,465,COVID-19
DE-BE,00+,2023-04-16,2023-03-29,-18 day ahead inc hosp,quantile,0.975,469,COVID-19
DE-BE,00+,2023-04-16,2023-03-30,-17 day ahead inc hosp,mean,NA,447.155,COVID-19
DE-BE,00+,2023-04-16,2023-03-30,-17 day ahead inc hosp,quantile,0.025,437,COVID-19
DE-BE,00+,2023-04-16,2023-03-30,-17 day ahead inc hosp,quantile,0.1,441,COVID-19
DE-BE,00+,2023-04-16,2023-03-30,-17 day ahead inc hosp,quantile,0.25,443,COVID-19
DE-BE,00+,2023-04-16,2023-03-30,-17 day ahead inc hosp,quantile,0.5,447,COVID-19
DE-BE,00+,2023-04-16,2023-03-30,-17 day ahead inc hosp,quantile,0.75,451,COVID-19
DE-BE,00+,2023-04-16,2023-03-30,-17 day ahead inc hosp,quantile,0.9,454,COVID-19
DE-BE,00+,2023-04-16,2023-03-30,-17 day ahead inc hosp,quantile,0.975,458,COVID-19
DE-BE,00+,2023-04-16,2023-03-31,-16 day ahead inc hosp,mean,NA,417.102,COVID-19
DE-BE,00+,2023-04-16,2023-03-31,-16 day ahead inc hosp,quantile,0.025,407,COVID-19
DE-BE,00+,2023-04-16,2023-03-31,-16 day ahead inc hosp,quantile,0.1,410,COVID-19
DE-BE,00+,2023-04-16,2023-03-31,-16 day ahead inc hosp,quantile,0.25,413,COVID-19
DE-BE,00+,2023-04-16,2023-03-31,-16 day ahead inc hosp,quantile,0.5,417,COVID-19
DE-BE,00+,2023-04-16,2023-03-31,-16 day ahead inc hosp,quantile,0.75,421,COVID-19
DE-BE,00+,2023-04-16,2023-03-31,-16 day ahead inc hosp,quantile,0.9,424,COVID-19
DE-BE,00+,2023-04-16,2023-03-31,-16 day ahead inc hosp,quantile,0.975,428,COVID-19
DE-BE,00+,2023-04-16,2023-04-01,-15 day ahead inc hosp,mean,NA,388.986,COVID-19
DE-BE,00+,2023-04-16,2023-04-01,-15 day ahead inc hosp,quantile,0.025,379,COVID-19
DE-BE,00+,2023-04-16,2023-04-01,-15 day ahead inc hosp,quantile,0.1,382,COVID-19
DE-BE,00+,2023-04-16,2023-04-01,-15 day ahead inc hosp,quantile,0.25,385,COVID-19
DE-BE,00+,2023-04-16,2023-04-01,-15 day ahead inc hosp,quantile,0.5,389,COVID-19
DE-BE,00+,2023-04-16,2023-04-01,-15 day ahead inc hosp,quantile,0.75,393,COVID-19
DE-BE,00+,2023-04-16,2023-04-01,-15 day ahead inc hosp,quantile,0.9,396,COVID-19
DE-BE,00+,2023-04-16,2023-04-01,-15 day ahead inc hosp,quantile,0.975,400,COVID-19
DE-BE,00+,2023-04-16,2023-04-02,-14 day ahead inc hosp,mean,NA,388.075,COVID-19
DE-BE,00+,2023-04-16,2023-04-02,-14 day ahead inc hosp,quantile,0.025,378,COVID-19
DE-BE,00+,2023-04-16,2023-04-02,-14 day ahead inc hosp,quantile,0.1,381,COVID-19
DE-BE,00+,2023-04-16,2023-04-02,-14 day ahead inc hosp,quantile,0.25,384,COVID-19
DE-BE,00+,2023-04-16,2023-04-02,-14 day ahead inc hosp,quantile,0.5,388,COVID-19
DE-BE,00+,2023-04-16,2023-04-02,-14 day ahead inc hosp,quantile,0.75,392,COVID-19
DE-BE,00+,2023-04-16,2023-04-02,-14 day ahead inc hosp,quantile,0.9,396,COVID-19
DE-BE,00+,2023-04-16,2023-04-02,-14 day ahead inc hosp,quantile,0.975,400,COVID-19
DE-BE,00+,2023-04-16,2023-04-03,-13 day ahead inc hosp,mean,NA,384.104,COVID-19
DE-BE,00+,2023-04-16,2023-04-03,-13 day ahead inc hosp,quantile,0.025,374,COVID-19
DE-BE,00+,2023-04-16,2023-04-03,-13 day ahead inc hosp,quantile,0.1,377,COVID-19
DE-BE,00+,2023-04-16,2023-04-03,-13 day ahead inc hosp,quantile,0.25,380,COVID-19
DE-BE,00+,2023-04-16,2023-04-03,-13 day ahead inc hosp,quantile,0.5,384,COVID-19
DE-BE,00+,2023-04-16,2023-04-03,-13 day ahead inc hosp,quantile,0.75,388,COVID-19
DE-BE,00+,2023-04-16,2023-04-03,-13 day ahead inc hosp,quantile,0.9,392,COVID-19
DE-BE,00+,2023-04-16,2023-04-03,-13 day ahead inc hosp,quantile,0.975,396,COVID-19
DE-BE,00+,2023-04-16,2023-04-04,-12 day ahead inc hosp,mean,NA,366.847,COVID-19
DE-BE,00+,2023-04-16,2023-04-04,-12 day ahead inc hosp,quantile,0.025,356,COVID-19
DE-BE,00+,2023-04-16,2023-04-04,-12 day ahead inc hosp,quantile,0.1,360,COVID-19
DE-BE,00+,2023-04-16,2023-04-04,-12 day ahead inc hosp,quantile,0.25,363,COVID-19
DE-BE,00+,2023-04-16,2023-04-04,-12 day ahead inc hosp,quantile,0.5,366,COVID-19
DE-BE,00+,2023-04-16,2023-04-04,-12 day ahead inc hosp,quantile,0.75,371,COVID-19
DE-BE,00+,2023-04-16,2023-04-04,-12 day ahead inc hosp,quantile,0.9,375,COVID-19
DE-BE,00+,2023-04-16,2023-04-04,-12 day ahead inc hosp,quantile,0.975,379,COVID-19
DE-BE,00+,2023-04-16,2023-04-05,-11 day ahead inc hosp,mean,NA,369.825,COVID-19
DE-BE,00+,2023-04-16,2023-04-05,-11 day ahead inc hosp,quantile,0.025,358,COVID-19
DE-BE,00+,2023-04-16,2023-04-05,-11 day ahead inc hosp,quantile,0.1,362,COVID-19
DE-BE,00+,2023-04-16,2023-04-05,-11 day ahead inc hosp,quantile,0.25,366,COVID-19
DE-BE,00+,2023-04-16,2023-04-05,-11 day ahead inc hosp,quantile,0.5,370,COVID-19
DE-BE,00+,2023-04-16,2023-04-05,-11 day ahead inc hosp,quantile,0.75,374,COVID-19
DE-BE,00+,2023-04-16,2023-04-05,-11 day ahead inc hosp,quantile,0.9,378,COVID-19
DE-BE,00+,2023-04-16,2023-04-05,-11 day ahead inc hosp,quantile,0.975,383,COVID-19
DE-BE,00+,2023-04-16,2023-04-06,-10 day ahead inc hosp,mean,NA,339.884,COVID-19
DE-BE,00+,2023-04-16,2023-04-06,-10 day ahead inc hosp,quantile,0.025,328,COVID-19
DE-BE,00+,2023-04-16,2023-04-06,-10 day ahead inc hosp,quantile,0.1,332,COVID-19
DE-BE,00+,2023-04-16,2023-04-06,-10 day ahead inc hosp,quantile,0.25,336,COVID-19
DE-BE,00+,2023-04-16,2023-04-06,-10 day ahead inc hosp,quantile,0.5,340,COVID-19
DE-BE,00+,2023-04-16,2023-04-06,-10 day ahead inc hosp,quantile,0.75,344,COVID-19
DE-BE,00+,2023-04-16,2023-04-06,-10 day ahead inc hosp,quantile,0.9,349,COVID-19
DE-BE,00+,2023-04-16,2023-04-06,-10 day ahead inc hosp,quantile,0.975,354,COVID-19
DE-BE,00+,2023-04-16,2023-04-07,-9 day ahead inc hosp,mean,NA,348.22,COVID-19
DE-BE,00+,2023-04-16,2023-04-07,-9 day ahead inc hosp,quantile,0.025,336,COVID-19
DE-BE,00+,2023-04-16,2023-04-07,-9 day ahead inc hosp,quantile,0.1,340,COVID-19
DE-BE,00+,2023-04-16,2023-04-07,-9 day ahead inc hosp,quantile,0.25,344,COVID-19
DE-BE,00+,2023-04-16,2023-04-07,-9 day ahead inc hosp,quantile,0.5,348,COVID-19
DE-BE,00+,2023-04-16,2023-04-07,-9 day ahead inc hosp,quantile,0.75,352,COVID-19
DE-BE,00+,2023-04-16,2023-04-07,-9 day ahead inc hosp,quantile,0.9,358,COVID-19
DE-BE,00+,2023-04-16,2023-04-07,-9 day ahead inc hosp,quantile,0.975,362,COVID-19
DE-BE,00+,2023-04-16,2023-04-08,-8 day ahead inc hosp,mean,NA,315.807,COVID-19
DE-BE,00+,2023-04-16,2023-04-08,-8 day ahead inc hosp,quantile,0.025,302,COVID-19
DE-BE,00+,2023-04-16,2023-04-08,-8 day ahead inc hosp,quantile,0.1,307,COVID-19
DE-BE,00+,2023-04-16,2023-04-08,-8 day ahead inc hosp,quantile,0.25,311,COVID-19
DE-BE,00+,2023-04-16,2023-04-08,-8 day ahead inc hosp,quantile,0.5,315,COVID-19
DE-BE,00+,2023-04-16,2023-04-08,-8 day ahead inc hosp,quantile,0.75,320,COVID-19
DE-BE,00+,2023-04-16,2023-04-08,-8 day ahead inc hosp,quantile,0.9,325,COVID-19
DE-BE,00+,2023-04-16,2023-04-08,-8 day ahead inc hosp,quantile,0.975,331,COVID-19
DE-BE,00+,2023-04-16,2023-04-09,-7 day ahead inc hosp,mean,NA,316.014,COVID-19
DE-BE,00+,2023-04-16,2023-04-09,-7 day ahead inc hosp,quantile,0.025,303,COVID-19
DE-BE,00+,2023-04-16,2023-04-09,-7 day ahead inc hosp,quantile,0.1,307,COVID-19
DE-BE,00+,2023-04-16,2023-04-09,-7 day ahead inc hosp,quantile,0.25,311,COVID-19
DE-BE,00+,2023-04-16,2023-04-09,-7 day ahead inc hosp,quantile,0.5,316,COVID-19
DE-BE,00+,2023-04-16,2023-04-09,-7 day ahead inc hosp,quantile,0.75,321,COVID-19
DE-BE,00+,2023-04-16,2023-04-09,-7 day ahead inc hosp,quantile,0.9,326,COVID-19
DE-BE,00+,2023-04-16,2023-04-09,-7 day ahead inc hosp,quantile,0.975,331,COVID-19
DE-BE,00+,2023-04-16,2023-04-10,-6 day ahead inc hosp,mean,NA,316.131,COVID-19
DE-BE,00+,2023-04-16,2023-04-10,-6 day ahead inc hosp,quantile,0.025,303,COVID-19
DE-BE,00+,2023-04-16,2023-04-10,-6 day ahead inc hosp,quantile,0.1,307,COVID-19
DE-BE,00+,2023-04-16,2023-04-10,-6 day ahead inc hosp,quantile,0.25,311,COVID-19
DE-BE,00+,2023-04-16,2023-04-10,-6 day ahead inc hosp,quantile,0.5,316,COVID-19
DE-BE,00+,2023-04-16,2023-04-10,-6 day ahead inc hosp,quantile,0.75,321,COVID-19
DE-BE,00+,2023-04-16,2023-04-10,-6 day ahead inc hosp,quantile,0.9,326,COVID-19
DE-BE,00+,2023-04-16,2023-04-10,-6 day ahead inc hosp,quantile,0.975,332,COVID-19
DE-BE,00+,2023-04-16,2023-04-11,-5 day ahead inc hosp,mean,NA,212.486,COVID-19
DE-BE,00+,2023-04-16,2023-04-11,-5 day ahead inc hosp,quantile,0.025,196,COVID-19
DE-BE,00+,2023-04-16,2023-04-11,-5 day ahead inc hosp,quantile,0.1,202,COVID-19
DE-BE,00+,2023-04-16,2023-04-11,-5 day ahead inc hosp,quantile,0.25,206,COVID-19
DE-BE,00+,2023-04-16,2023-04-11,-5 day ahead inc hosp,quantile,0.5,212,COVID-19
DE-BE,00+,2023-04-16,2023-04-11,-5 day ahead inc hosp,quantile,0.75,218,COVID-19
DE-BE,00+,2023-04-16,2023-04-11,-5 day ahead inc hosp,quantile,0.9,225,COVID-19
DE-BE,00+,2023-04-16,2023-04-11,-5 day ahead inc hosp,quantile,0.975,231,COVID-19
DE-BE,00+,2023-04-16,2023-04-12,-4 day ahead inc hosp,mean,NA,289.558,COVID-19
DE-BE,00+,2023-04-16,2023-04-12,-4 day ahead inc hosp,quantile,0.025,271,COVID-19
DE-BE,00+,2023-04-16,2023-04-12,-4 day ahead inc hosp,quantile,0.1,276,COVID-19
DE-BE,00+,2023-04-16,2023-04-12,-4 day ahead inc hosp,quantile,0.25,282,COVID-19
DE-BE,00+,2023-04-16,2023-04-12,-4 day ahead inc hosp,quantile,0.5,289,COVID-19
DE-BE,00+,2023-04-16,2023-04-12,-4 day ahead inc hosp,quantile,0.75,297,COVID-19
DE-BE,00+,2023-04-16,2023-04-12,-4 day ahead inc hosp,quantile,0.9,304,COVID-19
DE-BE,00+,2023-04-16,2023-04-12,-4 day ahead inc hosp,quantile,0.975,311,COVID-19
DE-BE,00+,2023-04-16,2023-04-13,-3 day ahead inc hosp,mean,NA,289.317,COVID-19
DE-BE,00+,2023-04-16,2023-04-13,-3 day ahead inc hosp,quantile,0.025,268,COVID-19
DE-BE,00+,2023-04-16,2023-04-13,-3 day ahead inc hosp,quantile,0.1,274,COVID-19
DE-BE,00+,2023-04-16,2023-04-13,-3 day ahead inc hosp,quantile,0.25,281,COVID-19
DE-BE,00+,2023-04-16,2023-04-13,-3 day ahead inc hosp,quantile,0.5,289,COVID-19
DE-BE,00+,2023-04-16,2023-04-13,-3 day ahead inc hosp,quantile,0.75,297,COVID-19
DE-BE,00+,2023-04-16,2023-04-13,-3 day ahead inc hosp,quantile,0.9,305,COVID-19
DE-BE,00+,2023-04-16,2023-04-13,-3 day ahead inc hosp,quantile,0.975,314,COVID-19
DE-BE,00+,2023-04-16,2023-04-14,-2 day ahead inc hosp,mean,NA,277.74,COVID-19
DE-BE,00+,2023-04-16,2023-04-14,-2 day ahead inc hosp,quantile,0.025,251,COVID-19
DE-BE,00+,2023-04-16,2023-04-14,-2 day ahead inc hosp,quantile,0.1,258,COVID-19
DE-BE,00+,2023-04-16,2023-04-14,-2 day ahead inc hosp,quantile,0.25,267,COVID-19
DE-BE,00+,2023-04-16,2023-04-14,-2 day ahead inc hosp,quantile,0.5,276,COVID-19
DE-BE,00+,2023-04-16,2023-04-14,-2 day ahead inc hosp,quantile,0.75,288,COVID-19
DE-BE,00+,2023-04-16,2023-04-14,-2 day ahead inc hosp,quantile,0.9,299,COVID-19
DE-BE,00+,2023-04-16,2023-04-14,-2 day ahead inc hosp,quantile,0.975,310,COVID-19
DE-BE,00+,2023-04-16,2023-04-15,-1 day ahead inc hosp,mean,NA,311.865,COVID-19
DE-BE,00+,2023-04-16,2023-04-15,-1 day ahead inc hosp,quantile,0.025,276,COVID-19
DE-BE,00+,2023-04-16,2023-04-15,-1 day ahead inc hosp,quantile,0.1,287,COVID-19
DE-BE,00+,2023-04-16,2023-04-15,-1 day ahead inc hosp,quantile,0.25,297,COVID-19
DE-BE,00+,2023-04-16,2023-04-15,-1 day ahead inc hosp,quantile,0.5,310,COVID-19
DE-BE,00+,2023-04-16,2023-04-15,-1 day ahead inc hosp,quantile,0.75,325,COVID-19
DE-BE,00+,2023-04-16,2023-04-15,-1 day ahead inc hosp,quantile,0.9,339,COVID-19
DE-BE,00+,2023-04-16,2023-04-15,-1 day ahead inc hosp,quantile,0.975,357,COVID-19
DE-BE,00+,2023-04-16,2023-04-16,0 day ahead inc hosp,mean,NA,313.918,COVID-19
DE-BE,00+,2023-04-16,2023-04-16,0 day ahead inc hosp,quantile,0.025,277,COVID-19
DE-BE,00+,2023-04-16,2023-04-16,0 day ahead inc hosp,quantile,0.1,288,COVID-19
DE-BE,00+,2023-04-16,2023-04-16,0 day ahead inc hosp,quantile,0.25,300,COVID-19
DE-BE,00+,2023-04-16,2023-04-16,0 day ahead inc hosp,quantile,0.5,312,COVID-19
DE-BE,00+,2023-04-16,2023-04-16,0 day ahead inc hosp,quantile,0.75,327,COVID-19
DE-BE,00+,2023-04-16,2023-04-16,0 day ahead inc hosp,quantile,0.9,342,COVID-19
DE-BE,00+,2023-04-16,2023-04-16,0 day ahead inc hosp,quantile,0.975,358,COVID-19
DE-BW,00+,2023-04-16,2023-03-19,-28 day ahead inc hosp,mean,NA,595.728,COVID-19
DE-BW,00+,2023-04-16,2023-03-19,-28 day ahead inc hosp,quantile,0.025,590,COVID-19
DE-BW,00+,2023-04-16,2023-03-19,-28 day ahead inc hosp,quantile,0.1,592,COVID-19
DE-BW,00+,2023-04-16,2023-03-19,-28 day ahead inc hosp,quantile,0.25,593,COVID-19
DE-BW,00+,2023-04-16,2023-03-19,-28 day ahead inc hosp,quantile,0.5,596,COVID-19
DE-BW,00+,2023-04-16,2023-03-19,-28 day ahead inc hosp,quantile,0.75,598,COVID-19
DE-BW,00+,2023-04-16,2023-03-19,-28 day ahead inc hosp,quantile,0.9,600,COVID-19
DE-BW,00+,2023-04-16,2023-03-19,-28 day ahead inc hosp,quantile,0.975,603,COVID-19
DE-BW,00+,2023-04-16,2023-03-20,-27 day ahead inc hosp,mean,NA,579.847,COVID-19
DE-BW,00+,2023-04-16,2023-03-20,-27 day ahead inc hosp,quantile,0.025,574,COVID-19
DE-BW,00+,2023-04-16,2023-03-20,-27 day ahead inc hosp,quantile,0.1,576,COVID-19
DE-BW,00+,2023-04-16,2023-03-20,-27 day ahead inc hosp,quantile,0.25,578,COVID-19
DE-BW,00+,2023-04-16,2023-03-20,-27 day ahead inc hosp,quantile,0.5,580,COVID-19
DE-BW,00+,2023-04-16,2023-03-20,-27 day ahead inc hosp,quantile,0.75,582,COVID-19
DE-BW,00+,2023-04-16,2023-03-20,-27 day ahead inc hosp,quantile,0.9,584,COVID-19
DE-BW,00+,2023-04-16,2023-03-20,-27 day ahead inc hosp,quantile,0.975,587,COVID-19
DE-BW,00+,2023-04-16,2023-03-21,-26 day ahead inc hosp,mean,NA,506.47,COVID-19
DE-BW,00+,2023-04-16,2023-03-21,-26 day ahead inc hosp,quantile,0.025,500,COVID-19
DE-BW,00+,2023-04-16,2023-03-21,-26 day ahead inc hosp,quantile,0.1,502,COVID-19
DE-BW,00+,2023-04-16,2023-03-21,-26 day ahead inc hosp,quantile,0.25,504,COVID-19
DE-BW,00+,2023-04-16,2023-03-21,-26 day ahead inc hosp,quantile,0.5,506,COVID-19
DE-BW,00+,2023-04-16,2023-03-21,-26 day ahead inc hosp,quantile,0.75,509,COVID-19
DE-BW,00+,2023-04-16,2023-03-21,-26 day ahead inc hosp,quantile,0.9,511,COVID-19
DE-BW,00+,2023-04-16,2023-03-21,-26 day ahead inc hosp,quantile,0.975,514,COVID-19
DE-BW,00+,2023-04-16,2023-03-22,-25 day ahead inc hosp,mean,NA,484.966,COVID-19
DE-BW,00+,2023-04-16,2023-03-22,-25 day ahead inc hosp,quantile,0.025,479,COVID-19
DE-BW,00+,2023-04-16,2023-03-22,-25 day ahead inc hosp,quantile,0.1,481,COVID-19
DE-BW,00+,2023-04-16,2023-03-22,-25 day ahead inc hosp,quantile,0.25,483,COVID-19
DE-BW,00+,2023-04-16,2023-03-22,-25 day ahead inc hosp,quantile,0.5,485,COVID-19
DE-BW,00+,2023-04-16,2023-03-22,-25 day ahead inc hosp,quantile,0.75,487,COVID-19
DE-BW,00+,2023-04-16,2023-03-22,-25 day ahead inc hosp,quantile,0.9,490,COVID-19
DE-BW,00+,2023-04-16,2023-03-22,-25 day ahead inc hosp,quantile,0.975,492,COVID-19
DE-BW,00+,2023-04-16,2023-03-23,-24 day ahead inc hosp,mean,NA,466.461,COVID-19
DE-BW,00+,2023-04-16,2023-03-23,-24 day ahead inc hosp,quantile,0.025,460,COVID-19
DE-BW,00+,2023-04-16,2023-03-23,-24 day ahead inc hosp,quantile,0.1,462,COVID-19
DE-BW,00+,2023-04-16,2023-03-23,-24 day ahead inc hosp,quantile,0.25,464,COVID-19
DE-BW,00+,2023-04-16,2023-03-23,-24 day ahead inc hosp,quantile,0.5,466,COVID-19
DE-BW,00+,2023-04-16,2023-03-23,-24 day ahead inc hosp,quantile,0.75,469,COVID-19
DE-BW,00+,2023-04-16,2023-03-23,-24 day ahead inc hosp,quantile,0.9,471,COVID-19
DE-BW,00+,2023-04-16,2023-03-23,-24 day ahead inc hosp,quantile,0.975,474,COVID-19
DE-BW,00+,2023-04-16,2023-03-24,-23 day ahead inc hosp,mean,NA,442.847,COVID-19
DE-BW,00+,2023-04-16,2023-03-24,-23 day ahead inc hosp,quantile,0.025,437,COVID-19
DE-BW,00+,2023-04-16,2023-03-24,-23 day ahead inc hosp,quantile,0.1,439,COVID-19
DE-BW,00+,2023-04-16,2023-03-24,-23 day ahead inc hosp,quantile,0.25,440,COVID-19
DE-BW,00+,2023-04-16,2023-03-24,-23 day ahead inc hosp,quantile,0.5,443,COVID-19
DE-BW,00+,2023-04-16,2023-03-24,-23 day ahead inc hosp,quantile,0.75,445,COVID-19
DE-BW,00+,2023-04-16,2023-03-24,-23 day ahead inc hosp,quantile,0.9,447,COVID-19
DE-BW,00+,2023-04-16,2023-03-24,-23 day ahead inc hosp,quantile,0.975,450,COVID-19
DE-BW,00+,2023-04-16,2023-03-25,-22 day ahead inc hosp,mean,NA,422.313,COVID-19
DE-BW,00+,2023-04-16,2023-03-25,-22 day ahead inc hosp,quantile,0.025,416,COVID-19
DE-BW,00+,2023-04-16,2023-03-25,-22 day ahead inc hosp,quantile,0.1,418,COVID-19
DE-BW,00+,2023-04-16,2023-03-25,-22 day ahead inc hosp,quantile,0.25,420,COVID-19
DE-BW,00+,2023-04-16,2023-03-25,-22 day ahead inc hosp,quantile,0.5,422,COVID-19
DE-BW,00+,2023-04-16,2023-03-25,-22 day ahead inc hosp,quantile,0.75,425,COVID-19
DE-BW,00+,2023-04-16,2023-03-25,-22 day ahead inc hosp,quantile,0.9,427,COVID-19
DE-BW,00+,2023-04-16,2023-03-25,-22 day ahead inc hosp,quantile,0.975,430,COVID-19
DE-BW,00+,2023-04-16,2023-03-26,-21 day ahead inc hosp,mean,NA,416.414,COVID-19
DE-BW,00+,2023-04-16,2023-03-26,-21 day ahead inc hosp,quantile,0.025,410,COVID-19
DE-BW,00+,2023-04-16,2023-03-26,-21 day ahead inc hosp,quantile,0.1,412,COVID-19
DE-BW,00+,2023-04-16,2023-03-26,-21 day ahead inc hosp,quantile,0.25,414,COVID-19
DE-BW,00+,2023-04-16,2023-03-26,-21 day ahead inc hosp,quantile,0.5,416,COVID-19
DE-BW,00+,2023-04-16,2023-03-26,-21 day ahead inc hosp,quantile,0.75,419,COVID-19
DE-BW,00+,2023-04-16,2023-03-26,-21 day ahead inc hosp,quantile,0.9,421,COVID-19
DE-BW,00+,2023-04-16,2023-03-26,-21 day ahead inc hosp,quantile,0.975,424,COVID-19
DE-BW,00+,2023-04-16,2023-03-27,-20 day ahead inc hosp,mean,NA,414.43,COVID-19
DE-BW,00+,2023-04-16,2023-03-27,-20 day ahead inc hosp,quantile,0.025,408,COVID-19
DE-BW,00+,2023-04-16,2023-03-27,-20 day ahead inc hosp,quantile,0.1,410,COVID-19
DE-BW,00+,2023-04-16,2023-03-27,-20 day ahead inc hosp,quantile,0.25,412,COVID-19
DE-BW,00+,2023-04-16,2023-03-27,-20 day ahead inc hosp,quantile,0.5,414,COVID-19
DE-BW,00+,2023-04-16,2023-03-27,-20 day ahead inc hosp,quantile,0.75,417,COVID-19
DE-BW,00+,2023-04-16,2023-03-27,-20 day ahead inc hosp,quantile,0.9,419,COVID-19
DE-BW,00+,2023-04-16,2023-03-27,-20 day ahead inc hosp,quantile,0.975,422,COVID-19
DE-BW,00+,2023-04-16,2023-03-28,-19 day ahead inc hosp,mean,NA,382.801,COVID-19
DE-BW,00+,2023-04-16,2023-03-28,-19 day ahead inc hosp,quantile,0.025,377,COVID-19
DE-BW,00+,2023-04-16,2023-03-28,-19 day ahead inc hosp,quantile,0.1,378,COVID-19
DE-BW,00+,2023-04-16,2023-03-28,-19 day ahead inc hosp,quantile,0.25,380,COVID-19
DE-BW,00+,2023-04-16,2023-03-28,-19 day ahead inc hosp,quantile,0.5,383,COVID-19
DE-BW,00+,2023-04-16,2023-03-28,-19 day ahead inc hosp,quantile,0.75,385,COVID-19
DE-BW,00+,2023-04-16,2023-03-28,-19 day ahead inc hosp,quantile,0.9,388,COVID-19
DE-BW,00+,2023-04-16,2023-03-28,-19 day ahead inc hosp,quantile,0.975,390,COVID-19
DE-BW,00+,2023-04-16,2023-03-29,-18 day ahead inc hosp,mean,NA,374.155,COVID-19
DE-BW,00+,2023-04-16,2023-03-29,-18 day ahead inc hosp,quantile,0.025,368,COVID-19
DE-BW,00+,2023-04-16,2023-03-29,-18 day ahead inc hosp,quantile,0.1,369,COVID-19
DE-BW,00+,2023-04-16,2023-03-29,-18 day ahead inc hosp,quantile,0.25,371,COVID-19
DE-BW,00+,2023-04-16,2023-03-29,-18 day ahead inc hosp,quantile,0.5,374,COVID-19
DE-BW,00+,2023-04-16,2023-03-29,-18 day ahead inc hosp,quantile,0.75,377,COVID-19
DE-BW,00+,2023-04-16,2023-03-29,-18 day ahead inc hosp,quantile,0.9,379,COVID-19
DE-BW,00+,2023-04-16,2023-03-29,-18 day ahead inc hosp,quantile,0.975,382,COVID-19
DE-BW,00+,2023-04-16,2023-03-30,-17 day ahead inc hosp,mean,NA,340.608,COVID-19
DE-BW,00+,2023-04-16,2023-03-30,-17 day ahead inc hosp,quantile,0.025,334,COVID-19
DE-BW,00+,2023-04-16,2023-03-30,-17 day ahead inc hosp,quantile,0.1,336,COVID-19
DE-BW,00+,2023-04-16,2023-03-30,-17 day ahead inc hosp,quantile,0.25,338,COVID-19
DE-BW,00+,2023-04-16,2023-03-30,-17 day ahead inc hosp,quantile,0.5,340,COVID-19
DE-BW,00+,2023-04-16,2023-03-30,-17 day ahead inc hosp,quantile,0.75,343,COVID-19
DE-BW,00+,2023-04-16,2023-03-30,-17 day ahead inc hosp,quantile,0.9,346,COVID-19
DE-BW,00+,2023-04-16,2023-03-30,-17 day ahead inc hosp,quantile,0.975,349,COVID-19
DE-BW,00+,2023-04-16,2023-03-31,-16 day ahead inc hosp,mean,NA,320.204,COVID-19
DE-BW,00+,2023-04-16,2023-03-31,-16 day ahead inc hosp,quantile,0.025,314,COVID-19
DE-BW,00+,2023-04-16,2023-03-31,-16 day ahead inc hosp,quantile,0.1,315,COVID-19
DE-BW,00+,2023-04-16,2023-03-31,-16 day ahead inc hosp,quantile,0.25,317,COVID-19
DE-BW,00+,2023-04-16,2023-03-31,-16 day ahead inc hosp,quantile,0.5,320,COVID-19
DE-BW,00+,2023-04-16,2023-03-31,-16 day ahead inc hosp,quantile,0.75,323,COVID-19
DE-BW,00+,2023-04-16,2023-03-31,-16 day ahead inc hosp,quantile,0.9,326,COVID-19
DE-BW,00+,2023-04-16,2023-03-31,-16 day ahead inc hosp,quantile,0.975,328,COVID-19
DE-BW,00+,2023-04-16,2023-04-01,-15 day ahead inc hosp,mean,NA,312.578,COVID-19
DE-BW,00+,2023-04-16,2023-04-01,-15 day ahead inc hosp,quantile,0.025,305,COVID-19
DE-BW,00+,2023-04-16,2023-04-01,-15 day ahead inc hosp,quantile,0.1,308,COVID-19
DE-BW,00+,2023-04-16,2023-04-01,-15 day ahead inc hosp,quantile,0.25,310,COVID-19
DE-BW,00+,2023-04-16,2023-04-01,-15 day ahead inc hosp,quantile,0.5,312,COVID-19
DE-BW,00+,2023-04-16,2023-04-01,-15 day ahead inc hosp,quantile,0.75,315,COVID-19
DE-BW,00+,2023-04-16,2023-04-01,-15 day ahead inc hosp,quantile,0.9,318,COVID-19
DE-BW,00+,2023-04-16,2023-04-01,-15 day ahead inc hosp,quantile,0.975,321,COVID-19
DE-BW,00+,2023-04-16,2023-04-02,-14 day ahead inc hosp,mean,NA,303.677,COVID-19
DE-BW,00+,2023-04-16,2023-04-02,-14 day ahead inc hosp,quantile,0.025,296,COVID-19
DE-BW,00+,2023-04-16,2023-04-02,-14 day ahead inc hosp,quantile,0.1,299,COVID-19
DE-BW,00+,2023-04-16,2023-04-02,-14 day ahead inc hosp,quantile,0.25,301,COVID-19
DE-BW,00+,2023-04-16,2023-04-02,-14 day ahead inc hosp,quantile,0.5,303,COVID-19
DE-BW,00+,2023-04-16,2023-04-02,-14 day ahead inc hosp,quantile,0.75,306,COVID-19
DE-BW,00+,2023-04-16,2023-04-02,-14 day ahead inc hosp,quantile,0.9,309,COVID-19
DE-BW,00+,2023-04-16,2023-04-02,-14 day ahead inc hosp,quantile,0.975,312,COVID-19
DE-BW,00+,2023-04-16,2023-04-03,-13 day ahead inc hosp,mean,NA,302.92,COVID-19
DE-BW,00+,2023-04-16,2023-04-03,-13 day ahead inc hosp,quantile,0.025,295,COVID-19
DE-BW,00+,2023-04-16,2023-04-03,-13 day ahead inc hosp,quantile,0.1,298,COVID-19
DE-BW,00+,2023-04-16,2023-04-03,-13 day ahead inc hosp,quantile,0.25,300,COVID-19
DE-BW,00+,2023-04-16,2023-04-03,-13 day ahead inc hosp,quantile,0.5,303,COVID-19
DE-BW,00+,2023-04-16,2023-04-03,-13 day ahead inc hosp,quantile,0.75,306,COVID-19
DE-BW,00+,2023-04-16,2023-04-03,-13 day ahead inc hosp,quantile,0.9,308,COVID-19
DE-BW,00+,2023-04-16,2023-04-03,-13 day ahead inc hosp,quantile,0.975,312,COVID-19
DE-BW,00+,2023-04-16,2023-04-04,-12 day ahead inc hosp,mean,NA,284.166,COVID-19
DE-BW,00+,2023-04-16,2023-04-04,-12 day ahead inc hosp,quantile,0.025,277,COVID-19
DE-BW,00+,2023-04-16,2023-04-04,-12 day ahead inc hosp,quantile,0.1,279,COVID-19
DE-BW,00+,2023-04-16,2023-04-04,-12 day ahead inc hosp,quantile,0.25,281,COVID-19
DE-BW,00+,2023-04-16,2023-04-04,-12 day ahead inc hosp,quantile,0.5,284,COVID-19
DE-BW,00+,2023-04-16,2023-04-04,-12 day ahead inc hosp,quantile,0.75,287,COVID-19
DE-BW,00+,2023-04-16,2023-04-04,-12 day ahead inc hosp,quantile,0.9,290,COVID-19
DE-BW,00+,2023-04-16,2023-04-04,-12 day ahead inc hosp,quantile,0.975,293,COVID-19
DE-BW,00+,2023-04-16,2023-04-05,-11 day ahead inc hosp,mean,NA,264.27,COVID-19
DE-BW,00+,2023-04-16,2023-04-05,-11 day ahead inc hosp,quantile,0.025,256,COVID-19
DE-BW,00+,2023-04-16,2023-04-05,-11 day ahead inc hosp,quantile,0.1,259,COVID-19
DE-BW,00+,2023-04-16,2023-04-05,-11 day ahead inc hosp,quantile,0.25,261,COVID-19
DE-BW,00+,2023-04-16,2023-04-05,-11 day ahead inc hosp,quantile,0.5,264,COVID-19
DE-BW,00+,2023-04-16,2023-04-05,-11 day ahead inc hosp,quantile,0.75,267,COVID-19
DE-BW,00+,2023-04-16,2023-04-05,-11 day ahead inc hosp,quantile,0.9,270,COVID-19
DE-BW,00+,2023-04-16,2023-04-05,-11 day ahead inc hosp,quantile,0.975,273,COVID-19
DE-BW,00+,2023-04-16,2023-04-06,-10 day ahead inc hosp,mean,NA,259.712,COVID-19
DE-BW,00+,2023-04-16,2023-04-06,-10 day ahead inc hosp,quantile,0.025,251,COVID-19
DE-BW,00+,2023-04-16,2023-04-06,-10 day ahead inc hosp,quantile,0.1,254,COVID-19
DE-BW,00+,2023-04-16,2023-04-06,-10 day ahead inc hosp,quantile,0.25,257,COVID-19
DE-BW,00+,2023-04-16,2023-04-06,-10 day ahead inc hosp,quantile,0.5,260,COVID-19
DE-BW,00+,2023-04-16,2023-04-06,-10 day ahead inc hosp,quantile,0.75,263,COVID-19
DE-BW,00+,2023-04-16,2023-04-06,-10 day ahead inc hosp,quantile,0.9,266,COVID-19
DE-BW,00+,2023-04-16,2023-04-06,-10 day ahead inc hosp,quantile,0.975,269,COVID-19
DE-BW,00+,2023-04-16,2023-04-07,-9 day ahead inc hosp,mean,NA,251.539,COVID-19
DE-BW,00+,2023-04-16,2023-04-07,-9 day ahead inc hosp,quantile,0.025,242,COVID-19
DE-BW,00+,2023-04-16,2023-04-07,-9 day ahead inc hosp,quantile,0.1,245,COVID-19
DE-BW,00+,2023-04-16,2023-04-07,-9 day ahead inc hosp,quantile,0.25,248,COVID-19
DE-BW,00+,2023-04-16,2023-04-07,-9 day ahead inc hosp,quantile,0.5,251,COVID-19
DE-BW,00+,2023-04-16,2023-04-07,-9 day ahead inc hosp,quantile,0.75,255,COVID-19
DE-BW,00+,2023-04-16,2023-04-07,-9 day ahead inc hosp,quantile,0.9,258,COVID-19
DE-BW,00+,2023-04-16,2023-04-07,-9 day ahead inc hosp,quantile,0.975,262,COVID-19
DE-BW,00+,2023-04-16,2023-04-08,-8 day ahead inc hosp,mean,NA,224.631,COVID-19
DE-BW,00+,2023-04-16,2023-04-08,-8 day ahead inc hosp,quantile,0.025,215,COVID-19
DE-BW,00+,2023-04-16,2023-04-08,-8 day ahead inc hosp,quantile,0.1,218,COVID-19
DE-BW,00+,2023-04-16,2023-04-08,-8 day ahead inc hosp,quantile,0.25,221,COVID-19
DE-BW,00+,2023-04-16,2023-04-08,-8 day ahead inc hosp,quantile,0.5,224,COVID-19
DE-BW,00+,2023-04-16,2023-04-08,-8 day ahead inc hosp,quantile,0.75,228,COVID-19
DE-BW,00+,2023-04-16,2023-04-08,-8 day ahead inc hosp,quantile,0.9,232,COVID-19
DE-BW,00+,2023-04-16,2023-04-08,-8 day ahead inc hosp,quantile,0.975,236,COVID-19
DE-BW,00+,2023-04-16,2023-04-09,-7 day ahead inc hosp,mean,NA,227.299,COVID-19
DE-BW,00+,2023-04-16,2023-04-09,-7 day ahead inc hosp,quantile,0.025,218,COVID-19
DE-BW,00+,2023-04-16,2023-04-09,-7 day ahead inc hosp,quantile,0.1,221,COVID-19
DE-BW,00+,2023-04-16,2023-04-09,-7 day ahead inc hosp,quantile,0.25,223,COVID-19
DE-BW,00+,2023-04-16,2023-04-09,-7 day ahead inc hosp,quantile,0.5,227,COVID-19
DE-BW,00+,2023-04-16,2023-04-09,-7 day ahead inc hosp,quantile,0.75,231,COVID-19
DE-BW,00+,2023-04-16,2023-04-09,-7 day ahead inc hosp,quantile,0.9,235,COVID-19
DE-BW,00+,2023-04-16,2023-04-09,-7 day ahead inc hosp,quantile,0.975,239,COVID-19
DE-BW,00+,2023-04-16,2023-04-10,-6 day ahead inc hosp,mean,NA,230.97,COVID-19
DE-BW,00+,2023-04-16,2023-04-10,-6 day ahead inc hosp,quantile,0.025,221,COVID-19
DE-BW,00+,2023-04-16,2023-04-10,-6 day ahead inc hosp,quantile,0.1,224,COVID-19
DE-BW,00+,2023-04-16,2023-04-10,-6 day ahead inc hosp,quantile,0.25,227,COVID-19
DE-BW,00+,2023-04-16,2023-04-10,-6 day ahead inc hosp,quantile,0.5,231,COVID-19
DE-BW,00+,2023-04-16,2023-04-10,-6 day ahead inc hosp,quantile,0.75,235,COVID-19
DE-BW,00+,2023-04-16,2023-04-10,-6 day ahead inc hosp,quantile,0.9,238,COVID-19
DE-BW,00+,2023-04-16,2023-04-10,-6 day ahead inc hosp,quantile,0.975,243,COVID-19
DE-BW,00+,2023-04-16,2023-04-11,-5 day ahead inc hosp,mean,NA,162.686,COVID-19
DE-BW,00+,2023-04-16,2023-04-11,-5 day ahead inc hosp,quantile,0.025,150,COVID-19
DE-BW,00+,2023-04-16,2023-04-11,-5 day ahead inc hosp,quantile,0.1,154,COVID-19
DE-BW,00+,2023-04-16,2023-04-11,-5 day ahead inc hosp,quantile,0.25,158,COVID-19
DE-BW,00+,2023-04-16,2023-04-11,-5 day ahead inc hosp,quantile,0.5,162,COVID-19
DE-BW,00+,2023-04-16,2023-04-11,-5 day ahead inc hosp,quantile,0.75,167,COVID-19
DE-BW,00+,2023-04-16,2023-04-11,-5 day ahead inc hosp,quantile,0.9,172,COVID-19
DE-BW,00+,2023-04-16,2023-04-11,-5 day ahead inc hosp,quantile,0.975,178,COVID-19
DE-BW,00+,2023-04-16,2023-04-12,-4 day ahead inc hosp,mean,NA,212.254,COVID-19
DE-BW,00+,2023-04-16,2023-04-12,-4 day ahead inc hosp,quantile,0.025,197,COVID-19
DE-BW,00+,2023-04-16,2023-04-12,-4 day ahead inc hosp,quantile,0.1,202,COVID-19
DE-BW,00+,2023-04-16,2023-04-12,-4 day ahead inc hosp,quantile,0.25,207,COVID-19
DE-BW,00+,2023-04-16,2023-04-12,-4 day ahead inc hosp,quantile,0.5,212,COVID-19
DE-BW,00+,2023-04-16,2023-04-12,-4 day ahead inc hosp,quantile,0.75,217,COVID-19
DE-BW,00+,2023-04-16,2023-04-12,-4 day ahead inc hosp,quantile,0.9,223,COVID-19
DE-BW,00+,2023-04-16,2023-04-12,-4 day ahead inc hosp,quantile,0.975,229,COVID-19
DE-BW,00+,2023-04-16,2023-04-13,-3 day ahead inc hosp,mean,NA,214.084,COVID-19
DE-BW,00+,2023-04-16,2023-04-13,-3 day ahead inc hosp,quantile,0.025,195,COVID-19
DE-BW,00+,2023-04-16,2023-04-13,-3 day ahead inc hosp,quantile,0.1,201,COVID-19
DE-BW,00+,2023-04-16,2023-04-13,-3 day ahead inc hosp,quantile,0.25,207,COVID-19
DE-BW,00+,2023-04-16,2023-04-13,-3 day ahead inc hosp,quantile,0.5,213,COVID-19
DE-BW,00+,2023-04-16,2023-04-13,-3 day ahead inc hosp,quantile,0.75,221,COVID-19
DE-BW,00+,2023-04-16,2023-04-13,-3 day ahead inc hosp,quantile,0.9,229,COVID-19
DE-BW,00+,2023-04-16,2023-04-13,-3 day ahead inc hosp,quantile,0.975,237,COVID-19
DE-BW,00+,2023-04-16,2023-04-14,-2 day ahead inc hosp,mean,NA,239.284,COVID-19
DE-BW,00+,2023-04-16,2023-04-14,-2 day ahead inc hosp,quantile,0.025,214,COVID-19
DE-BW,00+,2023-04-16,2023-04-14,-2 day ahead inc hosp,quantile,0.1,221,COVID-19
DE-BW,00+,2023-04-16,2023-04-14,-2 day ahead inc hosp,quantile,0.25,229,COVID-19
DE-BW,00+,2023-04-16,2023-04-14,-2 day ahead inc hosp,quantile,0.5,238,COVID-19
DE-BW,00+,2023-04-16,2023-04-14,-2 day ahead inc hosp,quantile,0.75,249,COVID-19
DE-BW,00+,2023-04-16,2023-04-14,-2 day ahead inc hosp,quantile,0.9,258,COVID-19
DE-BW,00+,2023-04-16,2023-04-14,-2 day ahead inc hosp,quantile,0.975,270,COVID-19
DE-BW,00+,2023-04-16,2023-04-15,-1 day ahead inc hosp,mean,NA,266.686,COVID-19
DE-BW,00+,2023-04-16,2023-04-15,-1 day ahead inc hosp,quantile,0.025,233,COVID-19
DE-BW,00+,2023-04-16,2023-04-15,-1 day ahead inc hosp,quantile,0.1,244,COVID-19
DE-BW,00+,2023-04-16,2023-04-15,-1 day ahead inc hosp,quantile,0.25,254,COVID-19
DE-BW,00+,2023-04-16,2023-04-15,-1 day ahead inc hosp,quantile,0.5,265,COVID-19
DE-BW,00+,2023-04-16,2023-04-15,-1 day ahead inc hosp,quantile,0.75,279,COVID-19
DE-BW,00+,2023-04-16,2023-04-15,-1 day ahead inc hosp,quantile,0.9,293,COVID-19
DE-BW,00+,2023-04-16,2023-04-15,-1 day ahead inc hosp,quantile,0.975,309,COVID-19
DE-BW,00+,2023-04-16,2023-04-16,0 day ahead inc hosp,mean,NA,270.065,COVID-19
DE-BW,00+,2023-04-16,2023-04-16,0 day ahead inc hosp,quantile,0.025,234,COVID-19
DE-BW,00+,2023-04-16,2023-04-16,0 day ahead inc hosp,quantile,0.1,245,COVID-19
DE-BW,00+,2023-04-16,2023-04-16,0 day ahead inc hosp,quantile,0.25,256,COVID-19
DE-BW,00+,2023-04-16,2023-04-16,0 day ahead inc hosp,quantile,0.5,267,COVID-19
DE-BW,00+,2023-04-16,2023-04-16,0 day ahead inc hosp,quantile,0.75,283,COVID-19
DE-BW,00+,2023-04-16,2023-04-16,0 day ahead inc hosp,quantile,0.9,297,COVID-19
DE-BW,00+,2023-04-16,2023-04-16,0 day ahead inc hosp,quantile,0.975,317,COVID-19
DE-BY,00+,2023-04-16,2023-03-19,-28 day ahead inc hosp,mean,NA,1552.949,COVID-19
DE-BY,00+,2023-04-16,2023-03-19,-28 day ahead inc hosp,quantile,0.025,1544,COVID-19
DE-BY,00+,2023-04-16,2023-03-19,-28 day ahead inc hosp,quantile,0.1,1547,COVID-19
DE-BY,00+,2023-04-16,2023-03-19,-28 day ahead inc hosp,quantile,0.25,1550,COVID-19
DE-BY,00+,2023-04-16,2023-03-19,-28 day ahead inc hosp,quantile,0.5,1553,COVID-19
DE-BY,00+,2023-04-16,2023-03-19,-28 day ahead inc hosp,quantile,0.75,1556,COVID-19
DE-BY,00+,2023-04-16,2023-03-19,-28 day ahead inc hosp,quantile,0.9,1559,COVID-19
DE-BY,00+,2023-04-16,2023-03-19,-28 day ahead inc hosp,quantile,0.975,1562,COVID-19
DE-BY,00+,2023-04-16,2023-03-20,-27 day ahead inc hosp,mean,NA,1540.077,COVID-19
DE-BY,00+,2023-04-16,2023-03-20,-27 day ahead inc hosp,quantile,0.025,1532,COVID-19
DE-BY,00+,2023-04-16,2023-03-20,-27 day ahead inc hosp,quantile,0.1,1534,COVID-19
DE-BY,00+,2023-04-16,2023-03-20,-27 day ahead inc hosp,quantile,0.25,1537,COVID-19
DE-BY,00+,2023-04-16,2023-03-20,-27 day ahead inc hosp,quantile,0.5,1540,COVID-19
DE-BY,00+,2023-04-16,2023-03-20,-27 day ahead inc hosp,quantile,0.75,1543,COVID-19
DE-BY,00+,2023-04-16,2023-03-20,-27 day ahead inc hosp,quantile,0.9,1546,COVID-19
DE-BY,00+,2023-04-16,2023-03-20,-27 day ahead inc hosp,quantile,0.975,1549,COVID-19
DE-BY,00+,2023-04-16,2023-03-21,-26 day ahead inc hosp,mean,NA,1482.091,COVID-19
DE-BY,00+,2023-04-16,2023-03-21,-26 day ahead inc hosp,quantile,0.025,1473,COVID-19
DE-BY,00+,2023-04-16,2023-03-21,-26 day ahead inc hosp,quantile,0.1,1476,COVID-19
DE-BY,00+,2023-04-16,2023-03-21,-26 day ahead inc hosp,quantile,0.25,1479,COVID-19
DE-BY,00+,2023-04-16,2023-03-21,-26 day ahead inc hosp,quantile,0.5,1482,COVID-19
DE-BY,00+,2023-04-16,2023-03-21,-26 day ahead inc hosp,quantile,0.75,1485,COVID-19
DE-BY,00+,2023-04-16,2023-03-21,-26 day ahead inc hosp,quantile,0.9,1488,COVID-19
DE-BY,00+,2023-04-16,2023-03-21,-26 day ahead inc hosp,quantile,0.975,1492,COVID-19
DE-BY,00+,2023-04-16,2023-03-22,-25 day ahead inc hosp,mean,NA,1427.864,COVID-19
DE-BY,00+,2023-04-16,2023-03-22,-25 day ahead inc hosp,quantile,0.025,1419,COVID-19
DE-BY,00+,2023-04-16,2023-03-22,-25 day ahead inc hosp,quantile,0.1,1422,COVID-19
DE-BY,00+,2023-04-16,2023-03-22,-25 day ahead inc hosp,quantile,0.25,1425,COVID-19
DE-BY,00+,2023-04-16,2023-03-22,-25 day ahead inc hosp,quantile,0.5,1428,COVID-19
DE-BY,00+,2023-04-16,2023-03-22,-25 day ahead inc hosp,quantile,0.75,1431,COVID-19
DE-BY,00+,2023-04-16,2023-03-22,-25 day ahead inc hosp,quantile,0.9,1434,COVID-19
DE-BY,00+,2023-04-16,2023-03-22,-25 day ahead inc hosp,quantile,0.975,1439,COVID-19
DE-BY,00+,2023-04-16,2023-03-23,-24 day ahead inc hosp,mean,NA,1405.4,COVID-19
DE-BY,00+,2023-04-16,2023-03-23,-24 day ahead inc hosp,quantile,0.025,1396,COVID-19
DE-BY,00+,2023-04-16,2023-03-23,-24 day ahead inc hosp,quantile,0.1,1399,COVID-19
DE-BY,00+,2023-04-16,2023-03-23,-24 day ahead inc hosp,quantile,0.25,1402,COVID-19
DE-BY,00+,2023-04-16,2023-03-23,-24 day ahead inc hosp,quantile,0.5,1405,COVID-19
DE-BY,00+,2023-04-16,2023-03-23,-24 day ahead inc hosp,quantile,0.75,1409,COVID-19
DE-BY,00+,2023-04-16,2023-03-23,-24 day ahead inc hosp,quantile,0.9,1412,COVID-19
DE-BY,00+,2023-04-16,2023-03-23,-24 day ahead inc hosp,quantile,0.975,1416,COVID-19
DE-BY,00+,2023-04-16,2023-03-24,-23 day ahead inc hosp,mean,NA,1360.033,COVID-19
DE-BY,00+,2023-04-16,2023-03-24,-23 day ahead inc hosp,quantile,0.025,1351,COVID-19
DE-BY,00+,2023-04-16,2023-03-24,-23 day ahead inc hosp,quantile,0.1,1354,COVID-19
DE-BY,00+,2023-04-16,2023-03-24,-23 day ahead inc hosp,quantile,0.25,1356,COVID-19
DE-BY,00+,2023-04-16,2023-03-24,-23 day ahead inc hosp,quantile,0.5,1360,COVID-19
DE-BY,00+,2023-04-16,2023-03-24,-23 day ahead inc hosp,quantile,0.75,1364,COVID-19
DE-BY,00+,2023-04-16,2023-03-24,-23 day ahead inc hosp,quantile,0.9,1367,COVID-19
DE-BY,00+,2023-04-16,2023-03-24,-23 day ahead inc hosp,quantile,0.975,1371,COVID-19
DE-BY,00+,2023-04-16,2023-03-25,-22 day ahead inc hosp,mean,NA,1292.64,COVID-19
DE-BY,00+,2023-04-16,2023-03-25,-22 day ahead inc hosp,quantile,0.025,1283,COVID-19
DE-BY,00+,2023-04-16,2023-03-25,-22 day ahead inc hosp,quantile,0.1,1286,COVID-19
DE-BY,00+,2023-04-16,2023-03-25,-22 day ahead inc hosp,quantile,0.25,1289,COVID-19
DE-BY,00+,2023-04-16,2023-03-25,-22 day ahead inc hosp,quantile,0.5,1292,COVID-19
DE-BY,00+,2023-04-16,2023-03-25,-22 day ahead inc hosp,quantile,0.75,1296,COVID-19
DE-BY,00+,2023-04-16,2023-03-25,-22 day ahead inc hosp,quantile,0.9,1299,COVID-19
DE-BY,00+,2023-04-16,2023-03-25,-22 day ahead inc hosp,quantile,0.975,1303,COVID-19
DE-BY,00+,2023-04-16,2023-03-26,-21 day ahead inc hosp,mean,NA,1287.73,COVID-19
DE-BY,00+,2023-04-16,2023-03-26,-21 day ahead inc hosp,quantile,0.025,1278,COVID-19
DE-BY,00+,2023-04-16,2023-03-26,-21 day ahead inc hosp,quantile,0.1,1281,COVID-19
DE-BY,00+,2023-04-16,2023-03-26,-21 day ahead inc hosp,quantile,0.25,1284,COVID-19
DE-BY,00+,2023-04-16,2023-03-26,-21 day ahead inc hosp,quantile,0.5,1288,COVID-19
DE-BY,00+,2023-04-16,2023-03-26,-21 day ahead inc hosp,quantile,0.75,1291,COVID-19
DE-BY,00+,2023-04-16,2023-03-26,-21 day ahead inc hosp,quantile,0.9,1295,COVID-19
DE-BY,00+,2023-04-16,2023-03-26,-21 day ahead inc hosp,quantile,0.975,1298,COVID-19
DE-BY,00+,2023-04-16,2023-03-27,-20 day ahead inc hosp,mean,NA,1281.813,COVID-19
DE-BY,00+,2023-04-16,2023-03-27,-20 day ahead inc hosp,quantile,0.025,1273,COVID-19
DE-BY,00+,2023-04-16,2023-03-27,-20 day ahead inc hosp,quantile,0.1,1275,COVID-19
DE-BY,00+,2023-04-16,2023-03-27,-20 day ahead inc hosp,quantile,0.25,1278,COVID-19
DE-BY,00+,2023-04-16,2023-03-27,-20 day ahead inc hosp,quantile,0.5,1282,COVID-19
DE-BY,00+,2023-04-16,2023-03-27,-20 day ahead inc hosp,quantile,0.75,1285,COVID-19
DE-BY,00+,2023-04-16,2023-03-27,-20 day ahead inc hosp,quantile,0.9,1289,COVID-19
DE-BY,00+,2023-04-16,2023-03-27,-20 day ahead inc hosp,quantile,0.975,1293,COVID-19
DE-BY,00+,2023-04-16,2023-03-28,-19 day ahead inc hosp,mean,NA,1186.086,COVID-19
DE-BY,00+,2023-04-16,2023-03-28,-19 day ahead inc hosp,quantile,0.025,1177,COVID-19
DE-BY,00+,2023-04-16,2023-03-28,-19 day ahead inc hosp,quantile,0.1,1180,COVID-19
DE-BY,00+,2023-04-16,2023-03-28,-19 day ahead inc hosp,quantile,0.25,1182,COVID-19
DE-BY,00+,2023-04-16,2023-03-28,-19 day ahead inc hosp,quantile,0.5,1186,COVID-19
DE-BY,00+,2023-04-16,2023-03-28,-19 day ahead inc hosp,quantile,0.75,1189,COVID-19
DE-BY,00+,2023-04-16,2023-03-28,-19 day ahead inc hosp,quantile,0.9,1193,COVID-19
DE-BY,00+,2023-04-16,2023-03-28,-19 day ahead inc hosp,quantile,0.975,1198,COVID-19
DE-BY,00+,2023-04-16,2023-03-29,-18 day ahead inc hosp,mean,NA,1140.473,COVID-19
DE-BY,00+,2023-04-16,2023-03-29,-18 day ahead inc hosp,quantile,0.025,1131,COVID-19
DE-BY,00+,2023-04-16,2023-03-29,-18 day ahead inc hosp,quantile,0.1,1134,COVID-19
DE-BY,00+,2023-04-16,2023-03-29,-18 day ahead inc hosp,quantile,0.25,1137,COVID-19
DE-BY,00+,2023-04-16,2023-03-29,-18 day ahead inc hosp,quantile,0.5,1140,COVID-19
DE-BY,00+,2023-04-16,2023-03-29,-18 day ahead inc hosp,quantile,0.75,1144,COVID-19
DE-BY,00+,2023-04-16,2023-03-29,-18 day ahead inc hosp,quantile,0.9,1147,COVID-19
DE-BY,00+,2023-04-16,2023-03-29,-18 day ahead inc hosp,quantile,0.975,1152,COVID-19
DE-BY,00+,2023-04-16,2023-03-30,-17 day ahead inc hosp,mean,NA,1069.039,COVID-19
DE-BY,00+,2023-04-16,2023-03-30,-17 day ahead inc hosp,quantile,0.025,1060,COVID-19
DE-BY,00+,2023-04-16,2023-03-30,-17 day ahead inc hosp,quantile,0.1,1062,COVID-19
DE-BY,00+,2023-04-16,2023-03-30,-17 day ahead inc hosp,quantile,0.25,1065,COVID-19
DE-BY,00+,2023-04-16,2023-03-30,-17 day ahead inc hosp,quantile,0.5,1069,COVID-19
DE-BY,00+,2023-04-16,2023-03-30,-17 day ahead inc hosp,quantile,0.75,1073,COVID-19
DE-BY,00+,2023-04-16,2023-03-30,-17 day ahead inc hosp,quantile,0.9,1076,COVID-19
DE-BY,00+,2023-04-16,2023-03-30,-17 day ahead inc hosp,quantile,0.975,1080,COVID-19
DE-BY,00+,2023-04-16,2023-03-31,-16 day ahead inc hosp,mean,NA,987.712,COVID-19
DE-BY,00+,2023-04-16,2023-03-31,-16 day ahead inc hosp,quantile,0.025,978,COVID-19
DE-BY,00+,2023-04-16,2023-03-31,-16 day ahead inc hosp,quantile,0.1,981,COVID-19
DE-BY,00+,2023-04-16,2023-03-31,-16 day ahead inc hosp,quantile,0.25,984,COVID-19
DE-BY,00+,2023-04-16,2023-03-31,-16 day ahead inc hosp,quantile,0.5,987,COVID-19
DE-BY,00+,2023-04-16,2023-03-31,-16 day ahead inc hosp,quantile,0.75,991,COVID-19
DE-BY,00+,2023-04-16,2023-03-31,-16 day ahead inc hosp,quantile,0.9,995,COVID-19
DE-BY,00+,2023-04-16,2023-03-31,-16 day ahead inc hosp,quantile,0.975,999,COVID-19
DE-BY,00+,2023-04-16,2023-04-01,-15 day ahead inc hosp,mean,NA,950.541,COVID-19
DE-BY,00+,2023-04-16,2023-04-01,-15 day ahead inc hosp,quantile,0.025,941,COVID-19
DE-BY,00+,2023-04-16,2023-04-01,-15 day ahead inc hosp,quantile,0.1,944,COVID-19
DE-BY,00+,2023-04-16,2023-04-01,-15 day ahead inc hosp,quantile,0.25,947,COVID-19
DE-BY,00+,2023-04-16,2023-04-01,-15 day ahead inc hosp,quantile,0.5,950,COVID-19
DE-BY,00+,2023-04-16,2023-04-01,-15 day ahead inc hosp,quantile,0.75,954,COVID-19
DE-BY,00+,2023-04-16,2023-04-01,-15 day ahead inc hosp,quantile,0.9,958,COVID-19
DE-BY,00+,2023-04-16,2023-04-01,-15 day ahead inc hosp,quantile,0.975,963,COVID-19
DE-BY,00+,2023-04-16,2023-04-02,-14 day ahead inc hosp,mean,NA,950.8,COVID-19
DE-BY,00+,2023-04-16,2023-04-02,-14 day ahead inc hosp,quantile,0.025,941,COVID-19
DE-BY,00+,2023-04-16,2023-04-02,-14 day ahead inc hosp,quantile,0.1,944,COVID-19
DE-BY,00+,2023-04-16,2023-04-02,-14 day ahead inc hosp,quantile,0.25,947,COVID-19
DE-BY,00+,2023-04-16,2023-04-02,-14 day ahead inc hosp,quantile,0.5,950,COVID-19
DE-BY,00+,2023-04-16,2023-04-02,-14 day ahead inc hosp,quantile,0.75,954,COVID-19
DE-BY,00+,2023-04-16,2023-04-02,-14 day ahead inc hosp,quantile,0.9,958,COVID-19
DE-BY,00+,2023-04-16,2023-04-02,-14 day ahead inc hosp,quantile,0.975,963,COVID-19
DE-BY,00+,2023-04-16,2023-04-03,-13 day ahead inc hosp,mean,NA,939.034,COVID-19
DE-BY,00+,2023-04-16,2023-04-03,-13 day ahead inc hosp,quantile,0.025,929,COVID-19
DE-BY,00+,2023-04-16,2023-04-03,-13 day ahead inc hosp,quantile,0.1,932,COVID-19
DE-BY,00+,2023-04-16,2023-04-03,-13 day ahead inc hosp,quantile,0.25,935,COVID-19
DE-BY,00+,2023-04-16,2023-04-03,-13 day ahead inc hosp,quantile,0.5,939,COVID-19
DE-BY,00+,2023-04-16,2023-04-03,-13 day ahead inc hosp,quantile,0.75,943,COVID-19
DE-BY,00+,2023-04-16,2023-04-03,-13 day ahead inc hosp,quantile,0.9,947,COVID-19
DE-BY,00+,2023-04-16,2023-04-03,-13 day ahead inc hosp,quantile,0.975,951,COVID-19
DE-BY,00+,2023-04-16,2023-04-04,-12 day ahead inc hosp,mean,NA,874.064,COVID-19
DE-BY,00+,2023-04-16,2023-04-04,-12 day ahead inc hosp,quantile,0.025,864,COVID-19
DE-BY,00+,2023-04-16,2023-04-04,-12 day ahead inc hosp,quantile,0.1,867,COVID-19
DE-BY,00+,2023-04-16,2023-04-04,-12 day ahead inc hosp,quantile,0.25,870,COVID-19
DE-BY,00+,2023-04-16,2023-04-04,-12 day ahead inc hosp,quantile,0.5,874,COVID-19
DE-BY,00+,2023-04-16,2023-04-04,-12 day ahead inc hosp,quantile,0.75,878,COVID-19
DE-BY,00+,2023-04-16,2023-04-04,-12 day ahead inc hosp,quantile,0.9,882,COVID-19
DE-BY,00+,2023-04-16,2023-04-04,-12 day ahead inc hosp,quantile,0.975,886,COVID-19
DE-BY,00+,2023-04-16,2023-04-05,-11 day ahead inc hosp,mean,NA,845.004,COVID-19
DE-BY,00+,2023-04-16,2023-04-05,-11 day ahead inc hosp,quantile,0.025,835,COVID-19
DE-BY,00+,2023-04-16,2023-04-05,-11 day ahead inc hosp,quantile,0.1,838,COVID-19
DE-BY,00+,2023-04-16,2023-04-05,-11 day ahead inc hosp,quantile,0.25,841,COVID-19
DE-BY,00+,2023-04-16,2023-04-05,-11 day ahead inc hosp,quantile,0.5,845,COVID-19
DE-BY,00+,2023-04-16,2023-04-05,-11 day ahead inc hosp,quantile,0.75,849,COVID-19
DE-BY,00+,2023-04-16,2023-04-05,-11 day ahead inc hosp,quantile,0.9,853,COVID-19
DE-BY,00+,2023-04-16,2023-04-05,-11 day ahead inc hosp,quantile,0.975,857,COVID-19
DE-BY,00+,2023-04-16,2023-04-06,-10 day ahead inc hosp,mean,NA,806.277,COVID-19
DE-BY,00+,2023-04-16,2023-04-06,-10 day ahead inc hosp,quantile,0.025,795,COVID-19
DE-BY,00+,2023-04-16,2023-04-06,-10 day ahead inc hosp,quantile,0.1,798,COVID-19
DE-BY,00+,2023-04-16,2023-04-06,-10 day ahead inc hosp,quantile,0.25,802,COVID-19
DE-BY,00+,2023-04-16,2023-04-06,-10 day ahead inc hosp,quantile,0.5,806,COVID-19
DE-BY,00+,2023-04-16,2023-04-06,-10 day ahead inc hosp,quantile,0.75,811,COVID-19
DE-BY,00+,2023-04-16,2023-04-06,-10 day ahead inc hosp,quantile,0.9,814,COVID-19
DE-BY,00+,2023-04-16,2023-04-06,-10 day ahead inc hosp,quantile,0.975,820,COVID-19
DE-BY,00+,2023-04-16,2023-04-07,-9 day ahead inc hosp,mean,NA,797.852,COVID-19
DE-BY,00+,2023-04-16,2023-04-07,-9 day ahead inc hosp,quantile,0.025,785,COVID-19
DE-BY,00+,2023-04-16,2023-04-07,-9 day ahead inc hosp,quantile,0.1,789,COVID-19
DE-BY,00+,2023-04-16,2023-04-07,-9 day ahead inc hosp,quantile,0.25,793,COVID-19
DE-BY,00+,2023-04-16,2023-04-07,-9 day ahead inc hosp,quantile,0.5,797,COVID-19
DE-BY,00+,2023-04-16,2023-04-07,-9 day ahead inc hosp,quantile,0.75,802,COVID-19
DE-BY,00+,2023-04-16,2023-04-07,-9 day ahead inc hosp,quantile,0.9,807,COVID-19
DE-BY,00+,2023-04-16,2023-04-07,-9 day ahead inc hosp,quantile,0.975,813,COVID-19
DE-BY,00+,2023-04-16,2023-04-08,-8 day ahead inc hosp,mean,NA,704.526,COVID-19
DE-BY,00+,2023-04-16,2023-04-08,-8 day ahead inc hosp,quantile,0.025,690,COVID-19
DE-BY,00+,2023-04-16,2023-04-08,-8 day ahead inc hosp,quantile,0.1,695,COVID-19
DE-BY,00+,2023-04-16,2023-04-08,-8 day ahead inc hosp,quantile,0.25,699,COVID-19
DE-BY,00+,2023-04-16,2023-04-08,-8 day ahead inc hosp,quantile,0.5,704,COVID-19
DE-BY,00+,2023-04-16,2023-04-08,-8 day ahead inc hosp,quantile,0.75,709,COVID-19
DE-BY,00+,2023-04-16,2023-04-08,-8 day ahead inc hosp,quantile,0.9,714,COVID-19
DE-BY,00+,2023-04-16,2023-04-08,-8 day ahead inc hosp,quantile,0.975,722,COVID-19
DE-BY,00+,2023-04-16,2023-04-09,-7 day ahead inc hosp,mean,NA,701.48,COVID-19
DE-BY,00+,2023-04-16,2023-04-09,-7 day ahead inc hosp,quantile,0.025,687,COVID-19
DE-BY,00+,2023-04-16,2023-04-09,-7 day ahead inc hosp,quantile,0.1,692,COVID-19
DE-BY,00+,2023-04-16,2023-04-09,-7 day ahead inc hosp,quantile,0.25,696,COVID-19
DE-BY,00+,2023-04-16,2023-04-09,-7 day ahead inc hosp,quantile,0.5,701,COVID-19
DE-BY,00+,2023-04-16,2023-04-09,-7 day ahead inc hosp,quantile,0.75,706,COVID-19
DE-BY,00+,2023-04-16,2023-04-09,-7 day ahead inc hosp,quantile,0.9,712,COVID-19
DE-BY,00+,2023-04-16,2023-04-09,-7 day ahead inc hosp,quantile,0.975,718,COVID-19
DE-BY,00+,2023-04-16,2023-04-10,-6 day ahead inc hosp,mean,NA,705.464,COVID-19
DE-BY,00+,2023-04-16,2023-04-10,-6 day ahead inc hosp,quantile,0.025,691,COVID-19
DE-BY,00+,2023-04-16,2023-04-10,-6 day ahead inc hosp,quantile,0.1,696,COVID-19
DE-BY,00+,2023-04-16,2023-04-10,-6 day ahead inc hosp,quantile,0.25,700,COVID-19
DE-BY,00+,2023-04-16,2023-04-10,-6 day ahead inc hosp,quantile,0.5,705,COVID-19
DE-BY,00+,2023-04-16,2023-04-10,-6 day ahead inc hosp,quantile,0.75,710,COVID-19
DE-BY,00+,2023-04-16,2023-04-10,-6 day ahead inc hosp,quantile,0.9,716,COVID-19
DE-BY,00+,2023-04-16,2023-04-10,-6 day ahead inc hosp,quantile,0.975,722,COVID-19
DE-BY,00+,2023-04-16,2023-04-11,-5 day ahead inc hosp,mean,NA,471.307,COVID-19
DE-BY,00+,2023-04-16,2023-04-11,-5 day ahead inc hosp,quantile,0.025,450,COVID-19
DE-BY,00+,2023-04-16,2023-04-11,-5 day ahead inc hosp,quantile,0.1,458,COVID-19
DE-BY,00+,2023-04-16,2023-04-11,-5 day ahead inc hosp,quantile,0.25,464,COVID-19
DE-BY,00+,2023-04-16,2023-04-11,-5 day ahead inc hosp,quantile,0.5,471,COVID-19
DE-BY,00+,2023-04-16,2023-04-11,-5 day ahead inc hosp,quantile,0.75,478,COVID-19
DE-BY,00+,2023-04-16,2023-04-11,-5 day ahead inc hosp,quantile,0.9,485,COVID-19
DE-BY,00+,2023-04-16,2023-04-11,-5 day ahead inc hosp,quantile,0.975,494,COVID-19
DE-BY,00+,2023-04-16,2023-04-12,-4 day ahead inc hosp,mean,NA,546.724,COVID-19
DE-BY,00+,2023-04-16,2023-04-12,-4 day ahead inc hosp,quantile,0.025,523,COVID-19
DE-BY,00+,2023-04-16,2023-04-12,-4 day ahead inc hosp,quantile,0.1,529,COVID-19
DE-BY,00+,2023-04-16,2023-04-12,-4 day ahead inc hosp,quantile,0.25,537,COVID-19
DE-BY,00+,2023-04-16,2023-04-12,-4 day ahead inc hosp,quantile,0.5,546,COVID-19
DE-BY,00+,2023-04-16,2023-04-12,-4 day ahead inc hosp,quantile,0.75,555,COVID-19
DE-BY,00+,2023-04-16,2023-04-12,-4 day ahead inc hosp,quantile,0.9,565,COVID-19
DE-BY,00+,2023-04-16,2023-04-12,-4 day ahead inc hosp,quantile,0.975,578,COVID-19
DE-BY,00+,2023-04-16,2023-04-13,-3 day ahead inc hosp,mean,NA,541.246,COVID-19
DE-BY,00+,2023-04-16,2023-04-13,-3 day ahead inc hosp,quantile,0.025,510,COVID-19
DE-BY,00+,2023-04-16,2023-04-13,-3 day ahead inc hosp,quantile,0.1,519,COVID-19
DE-BY,00+,2023-04-16,2023-04-13,-3 day ahead inc hosp,quantile,0.25,529,COVID-19
DE-BY,00+,2023-04-16,2023-04-13,-3 day ahead inc hosp,quantile,0.5,541,COVID-19
DE-BY,00+,2023-04-16,2023-04-13,-3 day ahead inc hosp,quantile,0.75,552,COVID-19
DE-BY,00+,2023-04-16,2023-04-13,-3 day ahead inc hosp,quantile,0.9,563,COVID-19
DE-BY,00+,2023-04-16,2023-04-13,-3 day ahead inc hosp,quantile,0.975,581,COVID-19
DE-BY,00+,2023-04-16,2023-04-14,-2 day ahead inc hosp,mean,NA,557.663,COVID-19
DE-BY,00+,2023-04-16,2023-04-14,-2 day ahead inc hosp,quantile,0.025,514,COVID-19
DE-BY,00+,2023-04-16,2023-04-14,-2 day ahead inc hosp,quantile,0.1,527,COVID-19
DE-BY,00+,2023-04-16,2023-04-14,-2 day ahead inc hosp,quantile,0.25,540,COVID-19
DE-BY,00+,2023-04-16,2023-04-14,-2 day ahead inc hosp,quantile,0.5,556,COVID-19
DE-BY,00+,2023-04-16,2023-04-14,-2 day ahead inc hosp,quantile,0.75,573,COVID-19
DE-BY,00+,2023-04-16,2023-04-14,-2 day ahead inc hosp,quantile,0.9,591,COVID-19
DE-BY,00+,2023-04-16,2023-04-14,-2 day ahead inc hosp,quantile,0.975,610,COVID-19
DE-BY,00+,2023-04-16,2023-04-15,-1 day ahead inc hosp,mean,NA,620.774,COVID-19
DE-BY,00+,2023-04-16,2023-04-15,-1 day ahead inc hosp,quantile,0.025,558,COVID-19
DE-BY,00+,2023-04-16,2023-04-15,-1 day ahead inc hosp,quantile,0.1,577,COVID-19
DE-BY,00+,2023-04-16,2023-04-15,-1 day ahead inc hosp,quantile,0.25,593,COVID-19
DE-BY,00+,2023-04-16,2023-04-15,-1 day ahead inc hosp,quantile,0.5,617,COVID-19
DE-BY,00+,2023-04-16,2023-04-15,-1 day ahead inc hosp,quantile,0.75,642,COVID-19
DE-BY,00+,2023-04-16,2023-04-15,-1 day ahead inc hosp,quantile,0.9,670,COVID-19
DE-BY,00+,2023-04-16,2023-04-15,-1 day ahead inc hosp,quantile,0.975,713,COVID-19
DE-BY,00+,2023-04-16,2023-04-16,0 day ahead inc hosp,mean,NA,617.68,COVID-19
DE-BY,00+,2023-04-16,2023-04-16,0 day ahead inc hosp,quantile,0.025,550,COVID-19
DE-BY,00+,2023-04-16,2023-04-16,0 day ahead inc hosp,quantile,0.1,570,COVID-19
DE-BY,00+,2023-04-16,2023-04-16,0 day ahead inc hosp,quantile,0.25,588,COVID-19
DE-BY,00+,2023-04-16,2023-04-16,0 day ahead inc hosp,quantile,0.5,612,COVID-19
DE-BY,00+,2023-04-16,2023-04-16,0 day ahead inc hosp,quantile,0.75,642,COVID-19
DE-BY,00+,2023-04-16,2023-04-16,0 day ahead inc hosp,quantile,0.9,673,COVID-19
DE-BY,00+,2023-04-16,2023-04-16,0 day ahead inc hosp,quantile,0.975,720,COVID-19
DE-HB,00+,2023-04-16,2023-03-19,-28 day ahead inc hosp,mean,NA,72.018,COVID-19
DE-HB,00+,2023-04-16,2023-03-19,-28 day ahead inc hosp,quantile,0.025,68,COVID-19
DE-HB,00+,2023-04-16,2023-03-19,-28 day ahead inc hosp,quantile,0.1,69,COVID-19
DE-HB,00+,2023-04-16,2023-03-19,-28 day ahead inc hosp,quantile,0.25,70,COVID-19
DE-HB,00+,2023-04-16,2023-03-19,-28 day ahead inc hosp,quantile,0.5,72,COVID-19
DE-HB,00+,2023-04-16,2023-03-19,-28 day ahead inc hosp,quantile,0.75,73,COVID-19
DE-HB,00+,2023-04-16,2023-03-19,-28 day ahead inc hosp,quantile,0.9,75,COVID-19
DE-HB,00+,2023-04-16,2023-03-19,-28 day ahead inc hosp,quantile,0.975,77,COVID-19
DE-HB,00+,2023-04-16,2023-03-20,-27 day ahead inc hosp,mean,NA,72.023,COVID-19
DE-HB,00+,2023-04-16,2023-03-20,-27 day ahead inc hosp,quantile,0.025,68,COVID-19
DE-HB,00+,2023-04-16,2023-03-20,-27 day ahead inc hosp,quantile,0.1,69,COVID-19
DE-HB,00+,2023-04-16,2023-03-20,-27 day ahead inc hosp,quantile,0.25,70,COVID-19
DE-HB,00+,2023-04-16,2023-03-20,-27 day ahead inc hosp,quantile,0.5,72,COVID-19
DE-HB,00+,2023-04-16,2023-03-20,-27 day ahead inc hosp,quantile,0.75,73,COVID-19
DE-HB,00+,2023-04-16,2023-03-20,-27 day ahead inc hosp,quantile,0.9,75,COVID-19
DE-HB,00+,2023-04-16,2023-03-20,-27 day ahead inc hosp,quantile,0.975,77,COVID-19
DE-HB,00+,2023-04-16,2023-03-21,-26 day ahead inc hosp,mean,NA,56.087,COVID-19
DE-HB,00+,2023-04-16,2023-03-21,-26 day ahead inc hosp,quantile,0.025,52,COVID-19
DE-HB,00+,2023-04-16,2023-03-21,-26 day ahead inc hosp,quantile,0.1,53,COVID-19
DE-HB,00+,2023-04-16,2023-03-21,-26 day ahead inc hosp,quantile,0.25,55,COVID-19
DE-HB,00+,2023-04-16,2023-03-21,-26 day ahead inc hosp,quantile,0.5,56,COVID-19
DE-HB,00+,2023-04-16,2023-03-21,-26 day ahead inc hosp,quantile,0.75,57,COVID-19
DE-HB,00+,2023-04-16,2023-03-21,-26 day ahead inc hosp,quantile,0.9,59,COVID-19
DE-HB,00+,2023-04-16,2023-03-21,-26 day ahead inc hosp,quantile,0.975,61,COVID-19
DE-HB,00+,2023-04-16,2023-03-22,-25 day ahead inc hosp,mean,NA,52.099,COVID-19
DE-HB,00+,2023-04-16,2023-03-22,-25 day ahead inc hosp,quantile,0.025,49,COVID-19
DE-HB,00+,2023-04-16,2023-03-22,-25 day ahead inc hosp,quantile,0.1,49,COVID-19
DE-HB,00+,2023-04-16,2023-03-22,-25 day ahead inc hosp,quantile,0.25,50,COVID-19
DE-HB,00+,2023-04-16,2023-03-22,-25 day ahead inc hosp,quantile,0.5,52,COVID-19
DE-HB,00+,2023-04-16,2023-03-22,-25 day ahead inc hosp,quantile,0.75,54,COVID-19
DE-HB,00+,2023-04-16,2023-03-22,-25 day ahead inc hosp,quantile,0.9,55,COVID-19
DE-HB,00+,2023-04-16,2023-03-22,-25 day ahead inc hosp,quantile,0.975,57,COVID-19
DE-HB,00+,2023-04-16,2023-03-23,-24 day ahead inc hosp,mean,NA,55.153,COVID-19
DE-HB,00+,2023-04-16,2023-03-23,-24 day ahead inc hosp,quantile,0.025,52,COVID-19
DE-HB,00+,2023-04-16,2023-03-23,-24 day ahead inc hosp,quantile,0.1,52,COVID-19
DE-HB,00+,2023-04-16,2023-03-23,-24 day ahead inc hosp,quantile,0.25,54,COVID-19
DE-HB,00+,2023-04-16,2023-03-23,-24 day ahead inc hosp,quantile,0.5,55,COVID-19
DE-HB,00+,2023-04-16,2023-03-23,-24 day ahead inc hosp,quantile,0.75,56,COVID-19
DE-HB,00+,2023-04-16,2023-03-23,-24 day ahead inc hosp,quantile,0.9,58,COVID-19
DE-HB,00+,2023-04-16,2023-03-23,-24 day ahead inc hosp,quantile,0.975,60,COVID-19
DE-HB,00+,2023-04-16,2023-03-24,-23 day ahead inc hosp,mean,NA,53.175,COVID-19
DE-HB,00+,2023-04-16,2023-03-24,-23 day ahead inc hosp,quantile,0.025,49,COVID-19
DE-HB,00+,2023-04-16,2023-03-24,-23 day ahead inc hosp,quantile,0.1,51,COVID-19
DE-HB,00+,2023-04-16,2023-03-24,-23 day ahead inc hosp,quantile,0.25,52,COVID-19
DE-HB,00+,2023-04-16,2023-03-24,-23 day ahead inc hosp,quantile,0.5,53,COVID-19
DE-HB,00+,2023-04-16,2023-03-24,-23 day ahead inc hosp,quantile,0.75,54,COVID-19
DE-HB,00+,2023-04-16,2023-03-24,-23 day ahead inc hosp,quantile,0.9,56,COVID-19
DE-HB,00+,2023-04-16,2023-03-24,-23 day ahead inc hosp,quantile,0.975,58,COVID-19
DE-HB,00+,2023-04-16,2023-03-25,-22 day ahead inc hosp,mean,NA,53.145,COVID-19
DE-HB,00+,2023-04-16,2023-03-25,-22 day ahead inc hosp,quantile,0.025,50,COVID-19
DE-HB,00+,2023-04-16,2023-03-25,-22 day ahead inc hosp,quantile,0.1,50,COVID-19
DE-HB,00+,2023-04-16,2023-03-25,-22 day ahead inc hosp,quantile,0.25,51,COVID-19
DE-HB,00+,2023-04-16,2023-03-25,-22 day ahead inc hosp,quantile,0.5,53,COVID-19
DE-HB,00+,2023-04-16,2023-03-25,-22 day ahead inc hosp,quantile,0.75,54,COVID-19
DE-HB,00+,2023-04-16,2023-03-25,-22 day ahead inc hosp,quantile,0.9,56,COVID-19
DE-HB,00+,2023-04-16,2023-03-25,-22 day ahead inc hosp,quantile,0.975,58,COVID-19
DE-HB,00+,2023-04-16,2023-03-26,-21 day ahead inc hosp,mean,NA,53.152,COVID-19
DE-HB,00+,2023-04-16,2023-03-26,-21 day ahead inc hosp,quantile,0.025,50,COVID-19
DE-HB,00+,2023-04-16,2023-03-26,-21 day ahead inc hosp,quantile,0.1,51,COVID-19
DE-HB,00+,2023-04-16,2023-03-26,-21 day ahead inc hosp,quantile,0.25,52,COVID-19
DE-HB,00+,2023-04-16,2023-03-26,-21 day ahead inc hosp,quantile,0.5,53,COVID-19
DE-HB,00+,2023-04-16,2023-03-26,-21 day ahead inc hosp,quantile,0.75,54,COVID-19
DE-HB,00+,2023-04-16,2023-03-26,-21 day ahead inc hosp,quantile,0.9,56,COVID-19
DE-HB,00+,2023-04-16,2023-03-26,-21 day ahead inc hosp,quantile,0.975,58,COVID-19
DE-HB,00+,2023-04-16,2023-03-27,-20 day ahead inc hosp,mean,NA,53.15,COVID-19
DE-HB,00+,2023-04-16,2023-03-27,-20 day ahead inc hosp,quantile,0.025,50,COVID-19
DE-HB,00+,2023-04-16,2023-03-27,-20 day ahead inc hosp,quantile,0.1,50,COVID-19
DE-HB,00+,2023-04-16,2023-03-27,-20 day ahead inc hosp,quantile,0.25,52,COVID-19
DE-HB,00+,2023-04-16,2023-03-27,-20 day ahead inc hosp,quantile,0.5,53,COVID-19
DE-HB,00+,2023-04-16,2023-03-27,-20 day ahead inc hosp,quantile,0.75,54,COVID-19
DE-HB,00+,2023-04-16,2023-03-27,-20 day ahead inc hosp,quantile,0.9,56,COVID-19
DE-HB,00+,2023-04-16,2023-03-27,-20 day ahead inc hosp,quantile,0.975,58,COVID-19
DE-HB,00+,2023-04-16,2023-03-28,-19 day ahead inc hosp,mean,NA,51.996,COVID-19
DE-HB,00+,2023-04-16,2023-03-28,-19 day ahead inc hosp,quantile,0.025,48,COVID-19
DE-HB,00+,2023-04-16,2023-03-28,-19 day ahead inc hosp,quantile,0.1,49,COVID-19
DE-HB,00+,2023-04-16,2023-03-28,-19 day ahead inc hosp,quantile,0.25,50,COVID-19
DE-HB,00+,2023-04-16,2023-03-28,-19 day ahead inc hosp,quantile,0.5,52,COVID-19
DE-HB,00+,2023-04-16,2023-03-28,-19 day ahead inc hosp,quantile,0.75,53,COVID-19
DE-HB,00+,2023-04-16,2023-03-28,-19 day ahead inc hosp,quantile,0.9,55,COVID-19
DE-HB,00+,2023-04-16,2023-03-28,-19 day ahead inc hosp,quantile,0.975,58,COVID-19
DE-HB,00+,2023-04-16,2023-03-29,-18 day ahead inc hosp,mean,NA,38.75,COVID-19
DE-HB,00+,2023-04-16,2023-03-29,-18 day ahead inc hosp,quantile,0.025,35,COVID-19
DE-HB,00+,2023-04-16,2023-03-29,-18 day ahead inc hosp,quantile,0.1,36,COVID-19
DE-HB,00+,2023-04-16,2023-03-29,-18 day ahead inc hosp,quantile,0.25,37,COVID-19
DE-HB,00+,2023-04-16,2023-03-29,-18 day ahead inc hosp,quantile,0.5,38,COVID-19
DE-HB,00+,2023-04-16,2023-03-29,-18 day ahead inc hosp,quantile,0.75,40,COVID-19
DE-HB,00+,2023-04-16,2023-03-29,-18 day ahead inc hosp,quantile,0.9,42,COVID-19
DE-HB,00+,2023-04-16,2023-03-29,-18 day ahead inc hosp,quantile,0.975,44,COVID-19
DE-HB,00+,2023-04-16,2023-03-30,-17 day ahead inc hosp,mean,NA,35.608,COVID-19
DE-HB,00+,2023-04-16,2023-03-30,-17 day ahead inc hosp,quantile,0.025,32,COVID-19
DE-HB,00+,2023-04-16,2023-03-30,-17 day ahead inc hosp,quantile,0.1,33,COVID-19
DE-HB,00+,2023-04-16,2023-03-30,-17 day ahead inc hosp,quantile,0.25,34,COVID-19
DE-HB,00+,2023-04-16,2023-03-30,-17 day ahead inc hosp,quantile,0.5,35,COVID-19
DE-HB,00+,2023-04-16,2023-03-30,-17 day ahead inc hosp,quantile,0.75,37,COVID-19
DE-HB,00+,2023-04-16,2023-03-30,-17 day ahead inc hosp,quantile,0.9,38,COVID-19
DE-HB,00+,2023-04-16,2023-03-30,-17 day ahead inc hosp,quantile,0.975,41,COVID-19
DE-HB,00+,2023-04-16,2023-03-31,-16 day ahead inc hosp,mean,NA,33.438,COVID-19
DE-HB,00+,2023-04-16,2023-03-31,-16 day ahead inc hosp,quantile,0.025,30,COVID-19
DE-HB,00+,2023-04-16,2023-03-31,-16 day ahead inc hosp,quantile,0.1,31,COVID-19
DE-HB,00+,2023-04-16,2023-03-31,-16 day ahead inc hosp,quantile,0.25,32,COVID-19
DE-HB,00+,2023-04-16,2023-03-31,-16 day ahead inc hosp,quantile,0.5,33,COVID-19
DE-HB,00+,2023-04-16,2023-03-31,-16 day ahead inc hosp,quantile,0.75,35,COVID-19
DE-HB,00+,2023-04-16,2023-03-31,-16 day ahead inc hosp,quantile,0.9,36,COVID-19
DE-HB,00+,2023-04-16,2023-03-31,-16 day ahead inc hosp,quantile,0.975,38,COVID-19
DE-HB,00+,2023-04-16,2023-04-01,-15 day ahead inc hosp,mean,NA,32.355,COVID-19
DE-HB,00+,2023-04-16,2023-04-01,-15 day ahead inc hosp,quantile,0.025,29,COVID-19
DE-HB,00+,2023-04-16,2023-04-01,-15 day ahead inc hosp,quantile,0.1,30,COVID-19
DE-HB,00+,2023-04-16,2023-04-01,-15 day ahead inc hosp,quantile,0.25,31,COVID-19
DE-HB,00+,2023-04-16,2023-04-01,-15 day ahead inc hosp,quantile,0.5,32,COVID-19
DE-HB,00+,2023-04-16,2023-04-01,-15 day ahead inc hosp,quantile,0.75,34,COVID-19
DE-HB,00+,2023-04-16,2023-04-01,-15 day ahead inc hosp,quantile,0.9,35,COVID-19
DE-HB,00+,2023-04-16,2023-04-01,-15 day ahead inc hosp,quantile,0.975,37,COVID-19
DE-HB,00+,2023-04-16,2023-04-02,-14 day ahead inc hosp,mean,NA,32.356,COVID-19
DE-HB,00+,2023-04-16,2023-04-02,-14 day ahead inc hosp,quantile,0.025,29,COVID-19
DE-HB,00+,2023-04-16,2023-04-02,-14 day ahead inc hosp,quantile,0.1,30,COVID-19
DE-HB,00+,2023-04-16,2023-04-02,-14 day ahead inc hosp,quantile,0.25,31,COVID-19
DE-HB,00+,2023-04-16,2023-04-02,-14 day ahead inc hosp,quantile,0.5,32,COVID-19
DE-HB,00+,2023-04-16,2023-04-02,-14 day ahead inc hosp,quantile,0.75,34,COVID-19
DE-HB,00+,2023-04-16,2023-04-02,-14 day ahead inc hosp,quantile,0.9,35,COVID-19
DE-HB,00+,2023-04-16,2023-04-02,-14 day ahead inc hosp,quantile,0.975,37,COVID-19
DE-HB,00+,2023-04-16,2023-04-03,-13 day ahead inc hosp,mean,NA,32.362,COVID-19
DE-HB,00+,2023-04-16,2023-04-03,-13 day ahead inc hosp,quantile,0.025,29,COVID-19
DE-HB,00+,2023-04-16,2023-04-03,-13 day ahead inc hosp,quantile,0.1,30,COVID-19
DE-HB,00+,2023-04-16,2023-04-03,-13 day ahead inc hosp,quantile,0.25,31,COVID-19
DE-HB,00+,2023-04-16,2023-04-03,-13 day ahead inc hosp,quantile,0.5,32,COVID-19
DE-HB,00+,2023-04-16,2023-04-03,-13 day ahead inc hosp,quantile,0.75,34,COVID-19
DE-HB,00+,2023-04-16,2023-04-03,-13 day ahead inc hosp,quantile,0.9,35,COVID-19
DE-HB,00+,2023-04-16,2023-04-03,-13 day ahead inc hosp,quantile,0.975,37,COVID-19
DE-HB,00+,2023-04-16,2023-04-04,-12 day ahead inc hosp,mean,NA,26.207,COVID-19
DE-HB,00+,2023-04-16,2023-04-04,-12 day ahead inc hosp,quantile,0.025,23,COVID-19
DE-HB,00+,2023-04-16,2023-04-04,-12 day ahead inc hosp,quantile,0.1,24,COVID-19
DE-HB,00+,2023-04-16,2023-04-04,-12 day ahead inc hosp,quantile,0.25,25,COVID-19
DE-HB,00+,2023-04-16,2023-04-04,-12 day ahead inc hosp,quantile,0.5,26,COVID-19
DE-HB,00+,2023-04-16,2023-04-04,-12 day ahead inc hosp,quantile,0.75,27,COVID-19
DE-HB,00+,2023-04-16,2023-04-04,-12 day ahead inc hosp,quantile,0.9,29,COVID-19
DE-HB,00+,2023-04-16,2023-04-04,-12 day ahead inc hosp,quantile,0.975,30,COVID-19
DE-HB,00+,2023-04-16,2023-04-05,-11 day ahead inc hosp,mean,NA,30.187,COVID-19
DE-HB,00+,2023-04-16,2023-04-05,-11 day ahead inc hosp,quantile,0.025,27,COVID-19
DE-HB,00+,2023-04-16,2023-04-05,-11 day ahead inc hosp,quantile,0.1,28,COVID-19
DE-HB,00+,2023-04-16,2023-04-05,-11 day ahead inc hosp,quantile,0.25,29,COVID-19
DE-HB,00+,2023-04-16,2023-04-05,-11 day ahead inc hosp,quantile,0.5,30,COVID-19
DE-HB,00+,2023-04-16,2023-04-05,-11 day ahead inc hosp,quantile,0.75,31,COVID-19
DE-HB,00+,2023-04-16,2023-04-05,-11 day ahead inc hosp,quantile,0.9,33,COVID-19
DE-HB,00+,2023-04-16,2023-04-05,-11 day ahead inc hosp,quantile,0.975,34,COVID-19
DE-HB,00+,2023-04-16,2023-04-06,-10 day ahead inc hosp,mean,NA,33.173,COVID-19
DE-HB,00+,2023-04-16,2023-04-06,-10 day ahead inc hosp,quantile,0.025,30,COVID-19
DE-HB,00+,2023-04-16,2023-04-06,-10 day ahead inc hosp,quantile,0.1,31,COVID-19
DE-HB,00+,2023-04-16,2023-04-06,-10 day ahead inc hosp,quantile,0.25,32,COVID-19
DE-HB,00+,2023-04-16,2023-04-06,-10 day ahead inc hosp,quantile,0.5,33,COVID-19
DE-HB,00+,2023-04-16,2023-04-06,-10 day ahead inc hosp,quantile,0.75,34,COVID-19
DE-HB,00+,2023-04-16,2023-04-06,-10 day ahead inc hosp,quantile,0.9,36,COVID-19
DE-HB,00+,2023-04-16,2023-04-06,-10 day ahead inc hosp,quantile,0.975,37,COVID-19
DE-HB,00+,2023-04-16,2023-04-07,-9 day ahead inc hosp,mean,NA,31.167,COVID-19
DE-HB,00+,2023-04-16,2023-04-07,-9 day ahead inc hosp,quantile,0.025,28,COVID-19
DE-HB,00+,2023-04-16,2023-04-07,-9 day ahead inc hosp,quantile,0.1,29,COVID-19
DE-HB,00+,2023-04-16,2023-04-07,-9 day ahead inc hosp,quantile,0.25,30,COVID-19
DE-HB,00+,2023-04-16,2023-04-07,-9 day ahead inc hosp,quantile,0.5,31,COVID-19
DE-HB,00+,2023-04-16,2023-04-07,-9 day ahead inc hosp,quantile,0.75,32,COVID-19
DE-HB,00+,2023-04-16,2023-04-07,-9 day ahead inc hosp,quantile,0.9,34,COVID-19
DE-HB,00+,2023-04-16,2023-04-07,-9 day ahead inc hosp,quantile,0.975,35,COVID-19
DE-HB,00+,2023-04-16,2023-04-08,-8 day ahead inc hosp,mean,NA,29.202,COVID-19
DE-HB,00+,2023-04-16,2023-04-08,-8 day ahead inc hosp,quantile,0.025,26,COVID-19
DE-HB,00+,2023-04-16,2023-04-08,-8 day ahead inc hosp,quantile,0.1,27,COVID-19
DE-HB,00+,2023-04-16,2023-04-08,-8 day ahead inc hosp,quantile,0.25,28,COVID-19
DE-HB,00+,2023-04-16,2023-04-08,-8 day ahead inc hosp,quantile,0.5,29,COVID-19
DE-HB,00+,2023-04-16,2023-04-08,-8 day ahead inc hosp,quantile,0.75,30,COVID-19
DE-HB,00+,2023-04-16,2023-04-08,-8 day ahead inc hosp,quantile,0.9,32,COVID-19
DE-HB,00+,2023-04-16,2023-04-08,-8 day ahead inc hosp,quantile,0.975,33,COVID-19
DE-HB,00+,2023-04-16,2023-04-09,-7 day ahead inc hosp,mean,NA,29.213,COVID-19
DE-HB,00+,2023-04-16,2023-04-09,-7 day ahead inc hosp,quantile,0.025,26,COVID-19
DE-HB,00+,2023-04-16,2023-04-09,-7 day ahead inc hosp,quantile,0.1,27,COVID-19
DE-HB,00+,2023-04-16,2023-04-09,-7 day ahead inc hosp,quantile,0.25,28,COVID-19
DE-HB,00+,2023-04-16,2023-04-09,-7 day ahead inc hosp,quantile,0.5,29,COVID-19
DE-HB,00+,2023-04-16,2023-04-09,-7 day ahead inc hosp,quantile,0.75,30,COVID-19
DE-HB,00+,2023-04-16,2023-04-09,-7 day ahead inc hosp,quantile,0.9,32,COVID-19
DE-HB,00+,2023-04-16,2023-04-09,-7 day ahead inc hosp,quantile,0.975,33,COVID-19
DE-HB,00+,2023-04-16,2023-04-10,-6 day ahead inc hosp,mean,NA,29.226,COVID-19
DE-HB,00+,2023-04-16,2023-04-10,-6 day ahead inc hosp,quantile,0.025,26,COVID-19
DE-HB,00+,2023-04-16,2023-04-10,-6 day ahead inc hosp,quantile,0.1,27,COVID-19
DE-HB,00+,2023-04-16,2023-04-10,-6 day ahead inc hosp,quantile,0.25,28,COVID-19
DE-HB,00+,2023-04-16,2023-04-10,-6 day ahead inc hosp,quantile,0.5,29,COVID-19
DE-HB,00+,2023-04-16,2023-04-10,-6 day ahead inc hosp,quantile,0.75,30,COVID-19
DE-HB,00+,2023-04-16,2023-04-10,-6 day ahead inc hosp,quantile,0.9,32,COVID-19
DE-HB,00+,2023-04-16,2023-04-10,-6 day ahead inc hosp,quantile,0.975,33,COVID-19
DE-HB,00+,2023-04-16,2023-04-11,-5 day ahead inc hosp,mean,NA,19.411,COVID-19
DE-HB,00+,2023-04-16,2023-04-11,-5 day ahead inc hosp,quantile,0.025,16,COVID-19
DE-HB,00+,2023-04-16,2023-04-11,-5 day ahead inc hosp,quantile,0.1,17,COVID-19
DE-HB,00+,2023-04-16,2023-04-11,-5 day ahead inc hosp,quantile,0.25,18,COVID-19
DE-HB,00+,2023-04-16,2023-04-11,-5 day ahead inc hosp,quantile,0.5,19,COVID-19
DE-HB,00+,2023-04-16,2023-04-11,-5 day ahead inc hosp,quantile,0.75,21,COVID-19
DE-HB,00+,2023-04-16,2023-04-11,-5 day ahead inc hosp,quantile,0.9,22,COVID-19
DE-HB,00+,2023-04-16,2023-04-11,-5 day ahead inc hosp,quantile,0.975,24,COVID-19
DE-HB,00+,2023-04-16,2023-04-12,-4 day ahead inc hosp,mean,NA,19.758,COVID-19
DE-HB,00+,2023-04-16,2023-04-12,-4 day ahead inc hosp,quantile,0.025,16,COVID-19
DE-HB,00+,2023-04-16,2023-04-12,-4 day ahead inc hosp,quantile,0.1,17,COVID-19
DE-HB,00+,2023-04-16,2023-04-12,-4 day ahead inc hosp,quantile,0.25,18,COVID-19
DE-HB,00+,2023-04-16,2023-04-12,-4 day ahead inc hosp,quantile,0.5,19,COVID-19
DE-HB,00+,2023-04-16,2023-04-12,-4 day ahead inc hosp,quantile,0.75,21,COVID-19
DE-HB,00+,2023-04-16,2023-04-12,-4 day ahead inc hosp,quantile,0.9,23,COVID-19
DE-HB,00+,2023-04-16,2023-04-12,-4 day ahead inc hosp,quantile,0.975,25,COVID-19
DE-HB,00+,2023-04-16,2023-04-13,-3 day ahead inc hosp,mean,NA,13.324,COVID-19
DE-HB,00+,2023-04-16,2023-04-13,-3 day ahead inc hosp,quantile,0.025,10,COVID-19
DE-HB,00+,2023-04-16,2023-04-13,-3 day ahead inc hosp,quantile,0.1,11,COVID-19
DE-HB,00+,2023-04-16,2023-04-13,-3 day ahead inc hosp,quantile,0.25,12,COVID-19
DE-HB,00+,2023-04-16,2023-04-13,-3 day ahead inc hosp,quantile,0.5,13,COVID-19
DE-HB,00+,2023-04-16,2023-04-13,-3 day ahead inc hosp,quantile,0.75,15,COVID-19
DE-HB,00+,2023-04-16,2023-04-13,-3 day ahead inc hosp,quantile,0.9,16,COVID-19
DE-HB,00+,2023-04-16,2023-04-13,-3 day ahead inc hosp,quantile,0.975,19,COVID-19
DE-HB,00+,2023-04-16,2023-04-14,-2 day ahead inc hosp,mean,NA,14.065,COVID-19
DE-HB,00+,2023-04-16,2023-04-14,-2 day ahead inc hosp,quantile,0.025,10,COVID-19
DE-HB,00+,2023-04-16,2023-04-14,-2 day ahead inc hosp,quantile,0.1,11,COVID-19
DE-HB,00+,2023-04-16,2023-04-14,-2 day ahead inc hosp,quantile,0.25,12,COVID-19
DE-HB,00+,2023-04-16,2023-04-14,-2 day ahead inc hosp,quantile,0.5,14,COVID-19
DE-HB,00+,2023-04-16,2023-04-14,-2 day ahead inc hosp,quantile,0.75,15,COVID-19
DE-HB,00+,2023-04-16,2023-04-14,-2 day ahead inc hosp,quantile,0.9,18,COVID-19
DE-HB,00+,2023-04-16,2023-04-14,-2 day ahead inc hosp,quantile,0.975,20,COVID-19
DE-HB,00+,2023-04-16,2023-04-15,-1 day ahead inc hosp,mean,NA,18.07,COVID-19
DE-HB,00+,2023-04-16,2023-04-15,-1 day ahead inc hosp,quantile,0.025,13,COVID-19
DE-HB,00+,2023-04-16,2023-04-15,-1 day ahead inc hosp,quantile,0.1,15,COVID-19
DE-HB,00+,2023-04-16,2023-04-15,-1 day ahead inc hosp,quantile,0.25,16,COVID-19
DE-HB,00+,2023-04-16,2023-04-15,-1 day ahead inc hosp,quantile,0.5,18,COVID-19
DE-HB,00+,2023-04-16,2023-04-15,-1 day ahead inc hosp,quantile,0.75,20,COVID-19
DE-HB,00+,2023-04-16,2023-04-15,-1 day ahead inc hosp,quantile,0.9,22,COVID-19
DE-HB,00+,2023-04-16,2023-04-15,-1 day ahead inc hosp,quantile,0.975,25,COVID-19
DE-HB,00+,2023-04-16,2023-04-16,0 day ahead inc hosp,mean,NA,18.281,COVID-19
DE-HB,00+,2023-04-16,2023-04-16,0 day ahead inc hosp,quantile,0.025,13,COVID-19
DE-HB,00+,2023-04-16,2023-04-16,0 day ahead inc hosp,quantile,0.1,15,COVID-19
DE-HB,00+,2023-04-16,2023-04-16,0 day ahead inc hosp,quantile,0.25,16,COVID-19
DE-HB,00+,2023-04-16,2023-04-16,0 day ahead inc hosp,quantile,0.5,18,COVID-19
DE-HB,00+,2023-04-16,2023-04-16,0 day ahead inc hosp,quantile,0.75,20,COVID-19
DE-HB,00+,2023-04-16,2023-04-16,0 day ahead inc hosp,quantile,0.9,22,COVID-19
DE-HB,00+,2023-04-16,2023-04-16,0 day ahead inc hosp,quantile,0.975,25,COVID-19
DE-HE,00+,2023-04-16,2023-03-19,-28 day ahead inc hosp,mean,NA,699.177,COVID-19
DE-HE,00+,2023-04-16,2023-03-19,-28 day ahead inc hosp,quantile,0.025,690,COVID-19
DE-HE,00+,2023-04-16,2023-03-19,-28 day ahead inc hosp,quantile,0.1,693,COVID-19
DE-HE,00+,2023-04-16,2023-03-19,-28 day ahead inc hosp,quantile,0.25,695,COVID-19
DE-HE,00+,2023-04-16,2023-03-19,-28 day ahead inc hosp,quantile,0.5,699,COVID-19
DE-HE,00+,2023-04-16,2023-03-19,-28 day ahead inc hosp,quantile,0.75,702,COVID-19
DE-HE,00+,2023-04-16,2023-03-19,-28 day ahead inc hosp,quantile,0.9,707,COVID-19
DE-HE,00+,2023-04-16,2023-03-19,-28 day ahead inc hosp,quantile,0.975,711,COVID-19
DE-HE,00+,2023-04-16,2023-03-20,-27 day ahead inc hosp,mean,NA,702.281,COVID-19
DE-HE,00+,2023-04-16,2023-03-20,-27 day ahead inc hosp,quantile,0.025,693,COVID-19
DE-HE,00+,2023-04-16,2023-03-20,-27 day ahead inc hosp,quantile,0.1,696,COVID-19
DE-HE,00+,2023-04-16,2023-03-20,-27 day ahead inc hosp,quantile,0.25,698,COVID-19
DE-HE,00+,2023-04-16,2023-03-20,-27 day ahead inc hosp,quantile,0.5,702,COVID-19
DE-HE,00+,2023-04-16,2023-03-20,-27 day ahead inc hosp,quantile,0.75,706,COVID-19
DE-HE,00+,2023-04-16,2023-03-20,-27 day ahead inc hosp,quantile,0.9,710,COVID-19
DE-HE,00+,2023-04-16,2023-03-20,-27 day ahead inc hosp,quantile,0.975,714,COVID-19
DE-HE,00+,2023-04-16,2023-03-21,-26 day ahead inc hosp,mean,NA,617.635,COVID-19
DE-HE,00+,2023-04-16,2023-03-21,-26 day ahead inc hosp,quantile,0.025,608,COVID-19
DE-HE,00+,2023-04-16,2023-03-21,-26 day ahead inc hosp,quantile,0.1,611,COVID-19
DE-HE,00+,2023-04-16,2023-03-21,-26 day ahead inc hosp,quantile,0.25,614,COVID-19
DE-HE,00+,2023-04-16,2023-03-21,-26 day ahead inc hosp,quantile,0.5,617,COVID-19
DE-HE,00+,2023-04-16,2023-03-21,-26 day ahead inc hosp,quantile,0.75,621,COVID-19
DE-HE,00+,2023-04-16,2023-03-21,-26 day ahead inc hosp,quantile,0.9,625,COVID-19
DE-HE,00+,2023-04-16,2023-03-21,-26 day ahead inc hosp,quantile,0.975,629,COVID-19
DE-HE,00+,2023-04-16,2023-03-22,-25 day ahead inc hosp,mean,NA,564.902,COVID-19
DE-HE,00+,2023-04-16,2023-03-22,-25 day ahead inc hosp,quantile,0.025,555,COVID-19
DE-HE,00+,2023-04-16,2023-03-22,-25 day ahead inc hosp,quantile,0.1,558,COVID-19
DE-HE,00+,2023-04-16,2023-03-22,-25 day ahead inc hosp,quantile,0.25,561,COVID-19
DE-HE,00+,2023-04-16,2023-03-22,-25 day ahead inc hosp,quantile,0.5,564,COVID-19
DE-HE,00+,2023-04-16,2023-03-22,-25 day ahead inc hosp,quantile,0.75,568,COVID-19
DE-HE,00+,2023-04-16,2023-03-22,-25 day ahead inc hosp,quantile,0.9,572,COVID-19
DE-HE,00+,2023-04-16,2023-03-22,-25 day ahead inc hosp,quantile,0.975,576,COVID-19
DE-HE,00+,2023-04-16,2023-03-23,-24 day ahead inc hosp,mean,NA,577.201,COVID-19
DE-HE,00+,2023-04-16,2023-03-23,-24 day ahead inc hosp,quantile,0.025,568,COVID-19
DE-HE,00+,2023-04-16,2023-03-23,-24 day ahead inc hosp,quantile,0.1,571,COVID-19
DE-HE,00+,2023-04-16,2023-03-23,-24 day ahead inc hosp,quantile,0.25,573,COVID-19
DE-HE,00+,2023-04-16,2023-03-23,-24 day ahead inc hosp,quantile,0.5,577,COVID-19
DE-HE,00+,2023-04-16,2023-03-23,-24 day ahead inc hosp,quantile,0.75,581,COVID-19
DE-HE,00+,2023-04-16,2023-03-23,-24 day ahead inc hosp,quantile,0.9,584,COVID-19
DE-HE,00+,2023-04-16,2023-03-23,-24 day ahead inc hosp,quantile,0.975,589,COVID-19
DE-HE,00+,2023-04-16,2023-03-24,-23 day ahead inc hosp,mean,NA,555.294,COVID-19
DE-HE,00+,2023-04-16,2023-03-24,-23 day ahead inc hosp,quantile,0.025,546,COVID-19
DE-HE,00+,2023-04-16,2023-03-24,-23 day ahead inc hosp,quantile,0.1,549,COVID-19
DE-HE,00+,2023-04-16,2023-03-24,-23 day ahead inc hosp,quantile,0.25,551,COVID-19
DE-HE,00+,2023-04-16,2023-03-24,-23 day ahead inc hosp,quantile,0.5,555,COVID-19
DE-HE,00+,2023-04-16,2023-03-24,-23 day ahead inc hosp,quantile,0.75,559,COVID-19
DE-HE,00+,2023-04-16,2023-03-24,-23 day ahead inc hosp,quantile,0.9,563,COVID-19
DE-HE,00+,2023-04-16,2023-03-24,-23 day ahead inc hosp,quantile,0.975,568,COVID-19
DE-HE,00+,2023-04-16,2023-03-25,-22 day ahead inc hosp,mean,NA,534.295,COVID-19
DE-HE,00+,2023-04-16,2023-03-25,-22 day ahead inc hosp,quantile,0.025,525,COVID-19
DE-HE,00+,2023-04-16,2023-03-25,-22 day ahead inc hosp,quantile,0.1,528,COVID-19
DE-HE,00+,2023-04-16,2023-03-25,-22 day ahead inc hosp,quantile,0.25,530,COVID-19
DE-HE,00+,2023-04-16,2023-03-25,-22 day ahead inc hosp,quantile,0.5,534,COVID-19
DE-HE,00+,2023-04-16,2023-03-25,-22 day ahead inc hosp,quantile,0.75,538,COVID-19
DE-HE,00+,2023-04-16,2023-03-25,-22 day ahead inc hosp,quantile,0.9,542,COVID-19
DE-HE,00+,2023-04-16,2023-03-25,-22 day ahead inc hosp,quantile,0.975,546,COVID-19
DE-HE,00+,2023-04-16,2023-03-26,-21 day ahead inc hosp,mean,NA,533.311,COVID-19
DE-HE,00+,2023-04-16,2023-03-26,-21 day ahead inc hosp,quantile,0.025,524,COVID-19
DE-HE,00+,2023-04-16,2023-03-26,-21 day ahead inc hosp,quantile,0.1,527,COVID-19
DE-HE,00+,2023-04-16,2023-03-26,-21 day ahead inc hosp,quantile,0.25,529,COVID-19
DE-HE,00+,2023-04-16,2023-03-26,-21 day ahead inc hosp,quantile,0.5,533,COVID-19
DE-HE,00+,2023-04-16,2023-03-26,-21 day ahead inc hosp,quantile,0.75,537,COVID-19
DE-HE,00+,2023-04-16,2023-03-26,-21 day ahead inc hosp,quantile,0.9,540,COVID-19
DE-HE,00+,2023-04-16,2023-03-26,-21 day ahead inc hosp,quantile,0.975,545,COVID-19
DE-HE,00+,2023-04-16,2023-03-27,-20 day ahead inc hosp,mean,NA,532.342,COVID-19
DE-HE,00+,2023-04-16,2023-03-27,-20 day ahead inc hosp,quantile,0.025,523,COVID-19
DE-HE,00+,2023-04-16,2023-03-27,-20 day ahead inc hosp,quantile,0.1,526,COVID-19
DE-HE,00+,2023-04-16,2023-03-27,-20 day ahead inc hosp,quantile,0.25,528,COVID-19
DE-HE,00+,2023-04-16,2023-03-27,-20 day ahead inc hosp,quantile,0.5,532,COVID-19
DE-HE,00+,2023-04-16,2023-03-27,-20 day ahead inc hosp,quantile,0.75,536,COVID-19
DE-HE,00+,2023-04-16,2023-03-27,-20 day ahead inc hosp,quantile,0.9,539,COVID-19
DE-HE,00+,2023-04-16,2023-03-27,-20 day ahead inc hosp,quantile,0.975,544,COVID-19
DE-HE,00+,2023-04-16,2023-03-28,-19 day ahead inc hosp,mean,NA,512.09,COVID-19
DE-HE,00+,2023-04-16,2023-03-28,-19 day ahead inc hosp,quantile,0.025,503,COVID-19
DE-HE,00+,2023-04-16,2023-03-28,-19 day ahead inc hosp,quantile,0.1,506,COVID-19
DE-HE,00+,2023-04-16,2023-03-28,-19 day ahead inc hosp,quantile,0.25,508,COVID-19
DE-HE,00+,2023-04-16,2023-03-28,-19 day ahead inc hosp,quantile,0.5,512,COVID-19
DE-HE,00+,2023-04-16,2023-03-28,-19 day ahead inc hosp,quantile,0.75,516,COVID-19
DE-HE,00+,2023-04-16,2023-03-28,-19 day ahead inc hosp,quantile,0.9,519,COVID-19
DE-HE,00+,2023-04-16,2023-03-28,-19 day ahead inc hosp,quantile,0.975,523,COVID-19
DE-HE,00+,2023-04-16,2023-03-29,-18 day ahead inc hosp,mean,NA,481.803,COVID-19
DE-HE,00+,2023-04-16,2023-03-29,-18 day ahead inc hosp,quantile,0.025,473,COVID-19
DE-HE,00+,2023-04-16,2023-03-29,-18 day ahead inc hosp,quantile,0.1,475,COVID-19
DE-HE,00+,2023-04-16,2023-03-29,-18 day ahead inc hosp,quantile,0.25,478,COVID-19
DE-HE,00+,2023-04-16,2023-03-29,-18 day ahead inc hosp,quantile,0.5,482,COVID-19
DE-HE,00+,2023-04-16,2023-03-29,-18 day ahead inc hosp,quantile,0.75,485,COVID-19
DE-HE,00+,2023-04-16,2023-03-29,-18 day ahead inc hosp,quantile,0.9,488,COVID-19
DE-HE,00+,2023-04-16,2023-03-29,-18 day ahead inc hosp,quantile,0.975,493,COVID-19
DE-HE,00+,2023-04-16,2023-03-30,-17 day ahead inc hosp,mean,NA,439.519,COVID-19
DE-HE,00+,2023-04-16,2023-03-30,-17 day ahead inc hosp,quantile,0.025,430,COVID-19
DE-HE,00+,2023-04-16,2023-03-30,-17 day ahead inc hosp,quantile,0.1,434,COVID-19
DE-HE,00+,2023-04-16,2023-03-30,-17 day ahead inc hosp,quantile,0.25,436,COVID-19
DE-HE,00+,2023-04-16,2023-03-30,-17 day ahead inc hosp,quantile,0.5,439,COVID-19
DE-HE,00+,2023-04-16,2023-03-30,-17 day ahead inc hosp,quantile,0.75,443,COVID-19
DE-HE,00+,2023-04-16,2023-03-30,-17 day ahead inc hosp,quantile,0.9,446,COVID-19
DE-HE,00+,2023-04-16,2023-03-30,-17 day ahead inc hosp,quantile,0.975,450,COVID-19
DE-HE,00+,2023-04-16,2023-03-31,-16 day ahead inc hosp,mean,NA,425.464,COVID-19
DE-HE,00+,2023-04-16,2023-03-31,-16 day ahead inc hosp,quantile,0.025,417,COVID-19
DE-HE,00+,2023-04-16,2023-03-31,-16 day ahead inc hosp,quantile,0.1,419,COVID-19
DE-HE,00+,2023-04-16,2023-03-31,-16 day ahead inc hosp,quantile,0.25,422,COVID-19
DE-HE,00+,2023-04-16,2023-03-31,-16 day ahead inc hosp,quantile,0.5,425,COVID-19
DE-HE,00+,2023-04-16,2023-03-31,-16 day ahead inc hosp,quantile,0.75,429,COVID-19
DE-HE,00+,2023-04-16,2023-03-31,-16 day ahead inc hosp,quantile,0.9,432,COVID-19
DE-HE,00+,2023-04-16,2023-03-31,-16 day ahead inc hosp,quantile,0.975,436,COVID-19
DE-HE,00+,2023-04-16,2023-04-01,-15 day ahead inc hosp,mean,NA,409.538,COVID-19
DE-HE,00+,2023-04-16,2023-04-01,-15 day ahead inc hosp,quantile,0.025,401,COVID-19
DE-HE,00+,2023-04-16,2023-04-01,-15 day ahead inc hosp,quantile,0.1,404,COVID-19
DE-HE,00+,2023-04-16,2023-04-01,-15 day ahead inc hosp,quantile,0.25,406,COVID-19
DE-HE,00+,2023-04-16,2023-04-01,-15 day ahead inc hosp,quantile,0.5,409,COVID-19
DE-HE,00+,2023-04-16,2023-04-01,-15 day ahead inc hosp,quantile,0.75,413,COVID-19
DE-HE,00+,2023-04-16,2023-04-01,-15 day ahead inc hosp,quantile,0.9,416,COVID-19
DE-HE,00+,2023-04-16,2023-04-01,-15 day ahead inc hosp,quantile,0.975,420,COVID-19
DE-HE,00+,2023-04-16,2023-04-02,-14 day ahead inc hosp,mean,NA,404.635,COVID-19
DE-HE,00+,2023-04-16,2023-04-02,-14 day ahead inc hosp,quantile,0.025,396,COVID-19
DE-HE,00+,2023-04-16,2023-04-02,-14 day ahead inc hosp,quantile,0.1,399,COVID-19
DE-HE,00+,2023-04-16,2023-04-02,-14 day ahead inc hosp,quantile,0.25,401,COVID-19
DE-HE,00+,2023-04-16,2023-04-02,-14 day ahead inc hosp,quantile,0.5,404,COVID-19
DE-HE,00+,2023-04-16,2023-04-02,-14 day ahead inc hosp,quantile,0.75,408,COVID-19
DE-HE,00+,2023-04-16,2023-04-02,-14 day ahead inc hosp,quantile,0.9,411,COVID-19
DE-HE,00+,2023-04-16,2023-04-02,-14 day ahead inc hosp,quantile,0.975,415,COVID-19
DE-HE,00+,2023-04-16,2023-04-03,-13 day ahead inc hosp,mean,NA,403.72,COVID-19
DE-HE,00+,2023-04-16,2023-04-03,-13 day ahead inc hosp,quantile,0.025,395,COVID-19
DE-HE,00+,2023-04-16,2023-04-03,-13 day ahead inc hosp,quantile,0.1,398,COVID-19
DE-HE,00+,2023-04-16,2023-04-03,-13 day ahead inc hosp,quantile,0.25,400,COVID-19
DE-HE,00+,2023-04-16,2023-04-03,-13 day ahead inc hosp,quantile,0.5,403,COVID-19
DE-HE,00+,2023-04-16,2023-04-03,-13 day ahead inc hosp,quantile,0.75,407,COVID-19
DE-HE,00+,2023-04-16,2023-04-03,-13 day ahead inc hosp,quantile,0.9,410,COVID-19
DE-HE,00+,2023-04-16,2023-04-03,-13 day ahead inc hosp,quantile,0.975,414,COVID-19
DE-HE,00+,2023-04-16,2023-04-04,-12 day ahead inc hosp,mean,NA,367.131,COVID-19
DE-HE,00+,2023-04-16,2023-04-04,-12 day ahead inc hosp,quantile,0.025,358,COVID-19
DE-HE,00+,2023-04-16,2023-04-04,-12 day ahead inc hosp,quantile,0.1,361,COVID-19
DE-HE,00+,2023-04-16,2023-04-04,-12 day ahead inc hosp,quantile,0.25,364,COVID-19
DE-HE,00+,2023-04-16,2023-04-04,-12 day ahead inc hosp,quantile,0.5,367,COVID-19
DE-HE,00+,2023-04-16,2023-04-04,-12 day ahead inc hosp,quantile,0.75,370,COVID-19
DE-HE,00+,2023-04-16,2023-04-04,-12 day ahead inc hosp,quantile,0.9,374,COVID-19
DE-HE,00+,2023-04-16,2023-04-04,-12 day ahead inc hosp,quantile,0.975,377,COVID-19
DE-HE,00+,2023-04-16,2023-04-05,-11 day ahead inc hosp,mean,NA,365.759,COVID-19
DE-HE,00+,2023-04-16,2023-04-05,-11 day ahead inc hosp,quantile,0.025,357,COVID-19
DE-HE,00+,2023-04-16,2023-04-05,-11 day ahead inc hosp,quantile,0.1,360,COVID-19
DE-HE,00+,2023-04-16,2023-04-05,-11 day ahead inc hosp,quantile,0.25,362,COVID-19
DE-HE,00+,2023-04-16,2023-04-05,-11 day ahead inc hosp,quantile,0.5,366,COVID-19
DE-HE,00+,2023-04-16,2023-04-05,-11 day ahead inc hosp,quantile,0.75,369,COVID-19
DE-HE,00+,2023-04-16,2023-04-05,-11 day ahead inc hosp,quantile,0.9,372,COVID-19
DE-HE,00+,2023-04-16,2023-04-05,-11 day ahead inc hosp,quantile,0.975,376,COVID-19
DE-HE,00+,2023-04-16,2023-04-06,-10 day ahead inc hosp,mean,NA,326.553,COVID-19
DE-HE,00+,2023-04-16,2023-04-06,-10 day ahead inc hosp,quantile,0.025,318,COVID-19
DE-HE,00+,2023-04-16,2023-04-06,-10 day ahead inc hosp,quantile,0.1,320,COVID-19
DE-HE,00+,2023-04-16,2023-04-06,-10 day ahead inc hosp,quantile,0.25,323,COVID-19
DE-HE,00+,2023-04-16,2023-04-06,-10 day ahead inc hosp,quantile,0.5,326,COVID-19
DE-HE,00+,2023-04-16,2023-04-06,-10 day ahead inc hosp,quantile,0.75,330,COVID-19
DE-HE,00+,2023-04-16,2023-04-06,-10 day ahead inc hosp,quantile,0.9,333,COVID-19
DE-HE,00+,2023-04-16,2023-04-06,-10 day ahead inc hosp,quantile,0.975,337,COVID-19
DE-HE,00+,2023-04-16,2023-04-07,-9 day ahead inc hosp,mean,NA,311.751,COVID-19
DE-HE,00+,2023-04-16,2023-04-07,-9 day ahead inc hosp,quantile,0.025,302,COVID-19
DE-HE,00+,2023-04-16,2023-04-07,-9 day ahead inc hosp,quantile,0.1,305,COVID-19
DE-HE,00+,2023-04-16,2023-04-07,-9 day ahead inc hosp,quantile,0.25,308,COVID-19
DE-HE,00+,2023-04-16,2023-04-07,-9 day ahead inc hosp,quantile,0.5,311,COVID-19
DE-HE,00+,2023-04-16,2023-04-07,-9 day ahead inc hosp,quantile,0.75,315,COVID-19
DE-HE,00+,2023-04-16,2023-04-07,-9 day ahead inc hosp,quantile,0.9,319,COVID-19
DE-HE,00+,2023-04-16,2023-04-07,-9 day ahead inc hosp,quantile,0.975,323,COVID-19
DE-HE,00+,2023-04-16,2023-04-08,-8 day ahead inc hosp,mean,NA,260.451,COVID-19
DE-HE,00+,2023-04-16,2023-04-08,-8 day ahead inc hosp,quantile,0.025,250,COVID-19
DE-HE,00+,2023-04-16,2023-04-08,-8 day ahead inc hosp,quantile,0.1,253,COVID-19
DE-HE,00+,2023-04-16,2023-04-08,-8 day ahead inc hosp,quantile,0.25,256,COVID-19
DE-HE,00+,2023-04-16,2023-04-08,-8 day ahead inc hosp,quantile,0.5,260,COVID-19
DE-HE,00+,2023-04-16,2023-04-08,-8 day ahead inc hosp,quantile,0.75,264,COVID-19
DE-HE,00+,2023-04-16,2023-04-08,-8 day ahead inc hosp,quantile,0.9,268,COVID-19
DE-HE,00+,2023-04-16,2023-04-08,-8 day ahead inc hosp,quantile,0.975,272,COVID-19
DE-HE,00+,2023-04-16,2023-04-09,-7 day ahead inc hosp,mean,NA,261.864,COVID-19
DE-HE,00+,2023-04-16,2023-04-09,-7 day ahead inc hosp,quantile,0.025,252,COVID-19
DE-HE,00+,2023-04-16,2023-04-09,-7 day ahead inc hosp,quantile,0.1,255,COVID-19
DE-HE,00+,2023-04-16,2023-04-09,-7 day ahead inc hosp,quantile,0.25,258,COVID-19
DE-HE,00+,2023-04-16,2023-04-09,-7 day ahead inc hosp,quantile,0.5,261,COVID-19
DE-HE,00+,2023-04-16,2023-04-09,-7 day ahead inc hosp,quantile,0.75,266,COVID-19
DE-HE,00+,2023-04-16,2023-04-09,-7 day ahead inc hosp,quantile,0.9,270,COVID-19
DE-HE,00+,2023-04-16,2023-04-09,-7 day ahead inc hosp,quantile,0.975,274,COVID-19
DE-HE,00+,2023-04-16,2023-04-10,-6 day ahead inc hosp,mean,NA,255.185,COVID-19
DE-HE,00+,2023-04-16,2023-04-10,-6 day ahead inc hosp,quantile,0.025,245,COVID-19
DE-HE,00+,2023-04-16,2023-04-10,-6 day ahead inc hosp,quantile,0.1,248,COVID-19
DE-HE,00+,2023-04-16,2023-04-10,-6 day ahead inc hosp,quantile,0.25,251,COVID-19
DE-HE,00+,2023-04-16,2023-04-10,-6 day ahead inc hosp,quantile,0.5,255,COVID-19
DE-HE,00+,2023-04-16,2023-04-10,-6 day ahead inc hosp,quantile,0.75,259,COVID-19
DE-HE,00+,2023-04-16,2023-04-10,-6 day ahead inc hosp,quantile,0.9,263,COVID-19
DE-HE,00+,2023-04-16,2023-04-10,-6 day ahead inc hosp,quantile,0.975,268,COVID-19
DE-HE,00+,2023-04-16,2023-04-11,-5 day ahead inc hosp,mean,NA,175.519,COVID-19
DE-HE,00+,2023-04-16,2023-04-11,-5 day ahead inc hosp,quantile,0.025,164,COVID-19
DE-HE,00+,2023-04-16,2023-04-11,-5 day ahead inc hosp,quantile,0.1,168,COVID-19
DE-HE,00+,2023-04-16,2023-04-11,-5 day ahead inc hosp,quantile,0.25,171,COVID-19
DE-HE,00+,2023-04-16,2023-04-11,-5 day ahead inc hosp,quantile,0.5,175,COVID-19
DE-HE,00+,2023-04-16,2023-04-11,-5 day ahead inc hosp,quantile,0.75,180,COVID-19
DE-HE,00+,2023-04-16,2023-04-11,-5 day ahead inc hosp,quantile,0.9,184,COVID-19
DE-HE,00+,2023-04-16,2023-04-11,-5 day ahead inc hosp,quantile,0.975,190,COVID-19
DE-HE,00+,2023-04-16,2023-04-12,-4 day ahead inc hosp,mean,NA,233.959,COVID-19
DE-HE,00+,2023-04-16,2023-04-12,-4 day ahead inc hosp,quantile,0.025,221,COVID-19
DE-HE,00+,2023-04-16,2023-04-12,-4 day ahead inc hosp,quantile,0.1,225,COVID-19
DE-HE,00+,2023-04-16,2023-04-12,-4 day ahead inc hosp,quantile,0.25,229,COVID-19
DE-HE,00+,2023-04-16,2023-04-12,-4 day ahead inc hosp,quantile,0.5,233,COVID-19
DE-HE,00+,2023-04-16,2023-04-12,-4 day ahead inc hosp,quantile,0.75,239,COVID-19
DE-HE,00+,2023-04-16,2023-04-12,-4 day ahead inc hosp,quantile,0.9,244,COVID-19
DE-HE,00+,2023-04-16,2023-04-12,-4 day ahead inc hosp,quantile,0.975,251,COVID-19
DE-HE,00+,2023-04-16,2023-04-13,-3 day ahead inc hosp,mean,NA,258.692,COVID-19
DE-HE,00+,2023-04-16,2023-04-13,-3 day ahead inc hosp,quantile,0.025,243,COVID-19
DE-HE,00+,2023-04-16,2023-04-13,-3 day ahead inc hosp,quantile,0.1,248,COVID-19
DE-HE,00+,2023-04-16,2023-04-13,-3 day ahead inc hosp,quantile,0.25,253,COVID-19
DE-HE,00+,2023-04-16,2023-04-13,-3 day ahead inc hosp,quantile,0.5,258,COVID-19
DE-HE,00+,2023-04-16,2023-04-13,-3 day ahead inc hosp,quantile,0.75,264,COVID-19
DE-HE,00+,2023-04-16,2023-04-13,-3 day ahead inc hosp,quantile,0.9,270,COVID-19
DE-HE,00+,2023-04-16,2023-04-13,-3 day ahead inc hosp,quantile,0.975,278,COVID-19
DE-HE,00+,2023-04-16,2023-04-14,-2 day ahead inc hosp,mean,NA,262.457,COVID-19
DE-HE,00+,2023-04-16,2023-04-14,-2 day ahead inc hosp,quantile,0.025,243,COVID-19
DE-HE,00+,2023-04-16,2023-04-14,-2 day ahead inc hosp,quantile,0.1,249,COVID-19
DE-HE,00+,2023-04-16,2023-04-14,-2 day ahead inc hosp,quantile,0.25,255,COVID-19
DE-HE,00+,2023-04-16,2023-04-14,-2 day ahead inc hosp,quantile,0.5,261,COVID-19
DE-HE,00+,2023-04-16,2023-04-14,-2 day ahead inc hosp,quantile,0.75,269,COVID-19
DE-HE,00+,2023-04-16,2023-04-14,-2 day ahead inc hosp,quantile,0.9,277,COVID-19
DE-HE,00+,2023-04-16,2023-04-14,-2 day ahead inc hosp,quantile,0.975,286,COVID-19
DE-HE,00+,2023-04-16,2023-04-15,-1 day ahead inc hosp,mean,NA,293.19,COVID-19
DE-HE,00+,2023-04-16,2023-04-15,-1 day ahead inc hosp,quantile,0.025,266,COVID-19
DE-HE,00+,2023-04-16,2023-04-15,-1 day ahead inc hosp,quantile,0.1,275,COVID-19
DE-HE,00+,2023-04-16,2023-04-15,-1 day ahead inc hosp,quantile,0.25,283,COVID-19
DE-HE,00+,2023-04-16,2023-04-15,-1 day ahead inc hosp,quantile,0.5,292,COVID-19
DE-HE,00+,2023-04-16,2023-04-15,-1 day ahead inc hosp,quantile,0.75,303,COVID-19
DE-HE,00+,2023-04-16,2023-04-15,-1 day ahead inc hosp,quantile,0.9,314,COVID-19
DE-HE,00+,2023-04-16,2023-04-15,-1 day ahead inc hosp,quantile,0.975,326,COVID-19
DE-HE,00+,2023-04-16,2023-04-16,0 day ahead inc hosp,mean,NA,293.793,COVID-19
DE-HE,00+,2023-04-16,2023-04-16,0 day ahead inc hosp,quantile,0.025,264,COVID-19
DE-HE,00+,2023-04-16,2023-04-16,0 day ahead inc hosp,quantile,0.1,274,COVID-19
DE-HE,00+,2023-04-16,2023-04-16,0 day ahead inc hosp,quantile,0.25,283,COVID-19
DE-HE,00+,2023-04-16,2023-04-16,0 day ahead inc hosp,quantile,0.5,293,COVID-19
DE-HE,00+,2023-04-16,2023-04-16,0 day ahead inc hosp,quantile,0.75,304,COVID-19
DE-HE,00+,2023-04-16,2023-04-16,0 day ahead inc hosp,quantile,0.9,316,COVID-19
DE-HE,00+,2023-04-16,2023-04-16,0 day ahead inc hosp,quantile,0.975,329,COVID-19
DE-HH,00+,2023-04-16,2023-03-19,-28 day ahead inc hosp,mean,NA,176.924,COVID-19
DE-HH,00+,2023-04-16,2023-03-19,-28 day ahead inc hosp,quantile,0.025,170,COVID-19
DE-HH,00+,2023-04-16,2023-03-19,-28 day ahead inc hosp,quantile,0.1,172,COVID-19
DE-HH,00+,2023-04-16,2023-03-19,-28 day ahead inc hosp,quantile,0.25,174,COVID-19
DE-HH,00+,2023-04-16,2023-03-19,-28 day ahead inc hosp,quantile,0.5,177,COVID-19
DE-HH,00+,2023-04-16,2023-03-19,-28 day ahead inc hosp,quantile,0.75,179,COVID-19
DE-HH,00+,2023-04-16,2023-03-19,-28 day ahead inc hosp,quantile,0.9,182,COVID-19
DE-HH,00+,2023-04-16,2023-03-19,-28 day ahead inc hosp,quantile,0.975,185,COVID-19
DE-HH,00+,2023-04-16,2023-03-20,-27 day ahead inc hosp,mean,NA,177.052,COVID-19
DE-HH,00+,2023-04-16,2023-03-20,-27 day ahead inc hosp,quantile,0.025,170,COVID-19
DE-HH,00+,2023-04-16,2023-03-20,-27 day ahead inc hosp,quantile,0.1,172,COVID-19
DE-HH,00+,2023-04-16,2023-03-20,-27 day ahead inc hosp,quantile,0.25,174,COVID-19
DE-HH,00+,2023-04-16,2023-03-20,-27 day ahead inc hosp,quantile,0.5,177,COVID-19
DE-HH,00+,2023-04-16,2023-03-20,-27 day ahead inc hosp,quantile,0.75,179,COVID-19
DE-HH,00+,2023-04-16,2023-03-20,-27 day ahead inc hosp,quantile,0.9,182,COVID-19
DE-HH,00+,2023-04-16,2023-03-20,-27 day ahead inc hosp,quantile,0.975,185,COVID-19
DE-HH,00+,2023-04-16,2023-03-21,-26 day ahead inc hosp,mean,NA,208.36,COVID-19
DE-HH,00+,2023-04-16,2023-03-21,-26 day ahead inc hosp,quantile,0.025,201,COVID-19
DE-HH,00+,2023-04-16,2023-03-21,-26 day ahead inc hosp,quantile,0.1,203,COVID-19
DE-HH,00+,2023-04-16,2023-03-21,-26 day ahead inc hosp,quantile,0.25,206,COVID-19
DE-HH,00+,2023-04-16,2023-03-21,-26 day ahead inc hosp,quantile,0.5,208,COVID-19
DE-HH,00+,2023-04-16,2023-03-21,-26 day ahead inc hosp,quantile,0.75,211,COVID-19
DE-HH,00+,2023-04-16,2023-03-21,-26 day ahead inc hosp,quantile,0.9,213,COVID-19
DE-HH,00+,2023-04-16,2023-03-21,-26 day ahead inc hosp,quantile,0.975,217,COVID-19
DE-HH,00+,2023-04-16,2023-03-22,-25 day ahead inc hosp,mean,NA,217.177,COVID-19
DE-HH,00+,2023-04-16,2023-03-22,-25 day ahead inc hosp,quantile,0.025,210,COVID-19
DE-HH,00+,2023-04-16,2023-03-22,-25 day ahead inc hosp,quantile,0.1,212,COVID-19
DE-HH,00+,2023-04-16,2023-03-22,-25 day ahead inc hosp,quantile,0.25,214,COVID-19
DE-HH,00+,2023-04-16,2023-03-22,-25 day ahead inc hosp,quantile,0.5,217,COVID-19
DE-HH,00+,2023-04-16,2023-03-22,-25 day ahead inc hosp,quantile,0.75,220,COVID-19
DE-HH,00+,2023-04-16,2023-03-22,-25 day ahead inc hosp,quantile,0.9,223,COVID-19
DE-HH,00+,2023-04-16,2023-03-22,-25 day ahead inc hosp,quantile,0.975,226,COVID-19
DE-HH,00+,2023-04-16,2023-03-23,-24 day ahead inc hosp,mean,NA,230.968,COVID-19
DE-HH,00+,2023-04-16,2023-03-23,-24 day ahead inc hosp,quantile,0.025,224,COVID-19
DE-HH,00+,2023-04-16,2023-03-23,-24 day ahead inc hosp,quantile,0.1,226,COVID-19
DE-HH,00+,2023-04-16,2023-03-23,-24 day ahead inc hosp,quantile,0.25,228,COVID-19
DE-HH,00+,2023-04-16,2023-03-23,-24 day ahead inc hosp,quantile,0.5,230,COVID-19
DE-HH,00+,2023-04-16,2023-03-23,-24 day ahead inc hosp,quantile,0.75,234,COVID-19
DE-HH,00+,2023-04-16,2023-03-23,-24 day ahead inc hosp,quantile,0.9,237,COVID-19
DE-HH,00+,2023-04-16,2023-03-23,-24 day ahead inc hosp,quantile,0.975,240,COVID-19
DE-HH,00+,2023-04-16,2023-03-24,-23 day ahead inc hosp,mean,NA,219.789,COVID-19
DE-HH,00+,2023-04-16,2023-03-24,-23 day ahead inc hosp,quantile,0.025,212,COVID-19
DE-HH,00+,2023-04-16,2023-03-24,-23 day ahead inc hosp,quantile,0.1,215,COVID-19
DE-HH,00+,2023-04-16,2023-03-24,-23 day ahead inc hosp,quantile,0.25,217,COVID-19
DE-HH,00+,2023-04-16,2023-03-24,-23 day ahead inc hosp,quantile,0.5,219,COVID-19
DE-HH,00+,2023-04-16,2023-03-24,-23 day ahead inc hosp,quantile,0.75,223,COVID-19
DE-HH,00+,2023-04-16,2023-03-24,-23 day ahead inc hosp,quantile,0.9,225,COVID-19
DE-HH,00+,2023-04-16,2023-03-24,-23 day ahead inc hosp,quantile,0.975,229,COVID-19
DE-HH,00+,2023-04-16,2023-03-25,-22 day ahead inc hosp,mean,NA,229.424,COVID-19
DE-HH,00+,2023-04-16,2023-03-25,-22 day ahead inc hosp,quantile,0.025,222,COVID-19
DE-HH,00+,2023-04-16,2023-03-25,-22 day ahead inc hosp,quantile,0.1,224,COVID-19
DE-HH,00+,2023-04-16,2023-03-25,-22 day ahead inc hosp,quantile,0.25,226,COVID-19
DE-HH,00+,2023-04-16,2023-03-25,-22 day ahead inc hosp,quantile,0.5,229,COVID-19
DE-HH,00+,2023-04-16,2023-03-25,-22 day ahead inc hosp,quantile,0.75,232,COVID-19
DE-HH,00+,2023-04-16,2023-03-25,-22 day ahead inc hosp,quantile,0.9,235,COVID-19
DE-HH,00+,2023-04-16,2023-03-25,-22 day ahead inc hosp,quantile,0.975,240,COVID-19
DE-HH,00+,2023-04-16,2023-03-26,-21 day ahead inc hosp,mean,NA,226.559,COVID-19
DE-HH,00+,2023-04-16,2023-03-26,-21 day ahead inc hosp,quantile,0.025,219,COVID-19
DE-HH,00+,2023-04-16,2023-03-26,-21 day ahead inc hosp,quantile,0.1,221,COVID-19
DE-HH,00+,2023-04-16,2023-03-26,-21 day ahead inc hosp,quantile,0.25,223,COVID-19
DE-HH,00+,2023-04-16,2023-03-26,-21 day ahead inc hosp,quantile,0.5,226,COVID-19
DE-HH,00+,2023-04-16,2023-03-26,-21 day ahead inc hosp,quantile,0.75,229,COVID-19
DE-HH,00+,2023-04-16,2023-03-26,-21 day ahead inc hosp,quantile,0.9,232,COVID-19
DE-HH,00+,2023-04-16,2023-03-26,-21 day ahead inc hosp,quantile,0.975,237,COVID-19
DE-HH,00+,2023-04-16,2023-03-27,-20 day ahead inc hosp,mean,NA,227.623,COVID-19
DE-HH,00+,2023-04-16,2023-03-27,-20 day ahead inc hosp,quantile,0.025,220,COVID-19
DE-HH,00+,2023-04-16,2023-03-27,-20 day ahead inc hosp,quantile,0.1,222,COVID-19
DE-HH,00+,2023-04-16,2023-03-27,-20 day ahead inc hosp,quantile,0.25,224,COVID-19
DE-HH,00+,2023-04-16,2023-03-27,-20 day ahead inc hosp,quantile,0.5,227,COVID-19
DE-HH,00+,2023-04-16,2023-03-27,-20 day ahead inc hosp,quantile,0.75,231,COVID-19
DE-HH,00+,2023-04-16,2023-03-27,-20 day ahead inc hosp,quantile,0.9,233,COVID-19
DE-HH,00+,2023-04-16,2023-03-27,-20 day ahead inc hosp,quantile,0.975,238,COVID-19
DE-HH,00+,2023-04-16,2023-03-28,-19 day ahead inc hosp,mean,NA,206.15,COVID-19
DE-HH,00+,2023-04-16,2023-03-28,-19 day ahead inc hosp,quantile,0.025,198,COVID-19
DE-HH,00+,2023-04-16,2023-03-28,-19 day ahead inc hosp,quantile,0.1,201,COVID-19
DE-HH,00+,2023-04-16,2023-03-28,-19 day ahead inc hosp,quantile,0.25,203,COVID-19
DE-HH,00+,2023-04-16,2023-03-28,-19 day ahead inc hosp,quantile,0.5,206,COVID-19
DE-HH,00+,2023-04-16,2023-03-28,-19 day ahead inc hosp,quantile,0.75,209,COVID-19
DE-HH,00+,2023-04-16,2023-03-28,-19 day ahead inc hosp,quantile,0.9,212,COVID-19
DE-HH,00+,2023-04-16,2023-03-28,-19 day ahead inc hosp,quantile,0.975,216,COVID-19
DE-HH,00+,2023-04-16,2023-03-29,-18 day ahead inc hosp,mean,NA,187.782,COVID-19
DE-HH,00+,2023-04-16,2023-03-29,-18 day ahead inc hosp,quantile,0.025,180,COVID-19
DE-HH,00+,2023-04-16,2023-03-29,-18 day ahead inc hosp,quantile,0.1,182,COVID-19
DE-HH,00+,2023-04-16,2023-03-29,-18 day ahead inc hosp,quantile,0.25,185,COVID-19
DE-HH,00+,2023-04-16,2023-03-29,-18 day ahead inc hosp,quantile,0.5,188,COVID-19
DE-HH,00+,2023-04-16,2023-03-29,-18 day ahead inc hosp,quantile,0.75,191,COVID-19
DE-HH,00+,2023-04-16,2023-03-29,-18 day ahead inc hosp,quantile,0.9,194,COVID-19
DE-HH,00+,2023-04-16,2023-03-29,-18 day ahead inc hosp,quantile,0.975,197,COVID-19
DE-HH,00+,2023-04-16,2023-03-30,-17 day ahead inc hosp,mean,NA,185.308,COVID-19
DE-HH,00+,2023-04-16,2023-03-30,-17 day ahead inc hosp,quantile,0.025,177,COVID-19
DE-HH,00+,2023-04-16,2023-03-30,-17 day ahead inc hosp,quantile,0.1,180,COVID-19
DE-HH,00+,2023-04-16,2023-03-30,-17 day ahead inc hosp,quantile,0.25,182,COVID-19
DE-HH,00+,2023-04-16,2023-03-30,-17 day ahead inc hosp,quantile,0.5,185,COVID-19
DE-HH,00+,2023-04-16,2023-03-30,-17 day ahead inc hosp,quantile,0.75,188,COVID-19
DE-HH,00+,2023-04-16,2023-03-30,-17 day ahead inc hosp,quantile,0.9,191,COVID-19
DE-HH,00+,2023-04-16,2023-03-30,-17 day ahead inc hosp,quantile,0.975,195,COVID-19
DE-HH,00+,2023-04-16,2023-03-31,-16 day ahead inc hosp,mean,NA,181.921,COVID-19
DE-HH,00+,2023-04-16,2023-03-31,-16 day ahead inc hosp,quantile,0.025,174,COVID-19
DE-HH,00+,2023-04-16,2023-03-31,-16 day ahead inc hosp,quantile,0.1,176,COVID-19
DE-HH,00+,2023-04-16,2023-03-31,-16 day ahead inc hosp,quantile,0.25,179,COVID-19
DE-HH,00+,2023-04-16,2023-03-31,-16 day ahead inc hosp,quantile,0.5,181,COVID-19
DE-HH,00+,2023-04-16,2023-03-31,-16 day ahead inc hosp,quantile,0.75,185,COVID-19
DE-HH,00+,2023-04-16,2023-03-31,-16 day ahead inc hosp,quantile,0.9,188,COVID-19
DE-HH,00+,2023-04-16,2023-03-31,-16 day ahead inc hosp,quantile,0.975,192,COVID-19
DE-HH,00+,2023-04-16,2023-04-01,-15 day ahead inc hosp,mean,NA,175.64,COVID-19
DE-HH,00+,2023-04-16,2023-04-01,-15 day ahead inc hosp,quantile,0.025,167,COVID-19
DE-HH,00+,2023-04-16,2023-04-01,-15 day ahead inc hosp,quantile,0.1,170,COVID-19
DE-HH,00+,2023-04-16,2023-04-01,-15 day ahead inc hosp,quantile,0.25,172,COVID-19
DE-HH,00+,2023-04-16,2023-04-01,-15 day ahead inc hosp,quantile,0.5,175,COVID-19
DE-HH,00+,2023-04-16,2023-04-01,-15 day ahead inc hosp,quantile,0.75,179,COVID-19
DE-HH,00+,2023-04-16,2023-04-01,-15 day ahead inc hosp,quantile,0.9,182,COVID-19
DE-HH,00+,2023-04-16,2023-04-01,-15 day ahead inc hosp,quantile,0.975,185,COVID-19
DE-HH,00+,2023-04-16,2023-04-02,-14 day ahead inc hosp,mean,NA,178.873,COVID-19
DE-HH,00+,2023-04-16,2023-04-02,-14 day ahead inc hosp,quantile,0.025,170,COVID-19
DE-HH,00+,2023-04-16,2023-04-02,-14 day ahead inc hosp,quantile,0.1,173,COVID-19
DE-HH,00+,2023-04-16,2023-04-02,-14 day ahead inc hosp,quantile,0.25,176,COVID-19
DE-HH,00+,2023-04-16,2023-04-02,-14 day ahead inc hosp,quantile,0.5,179,COVID-19
DE-HH,00+,2023-04-16,2023-04-02,-14 day ahead inc hosp,quantile,0.75,182,COVID-19
DE-HH,00+,2023-04-16,2023-04-02,-14 day ahead inc hosp,quantile,0.9,185,COVID-19
DE-HH,00+,2023-04-16,2023-04-02,-14 day ahead inc hosp,quantile,0.975,189,COVID-19
DE-HH,00+,2023-04-16,2023-04-03,-13 day ahead inc hosp,mean,NA,192.015,COVID-19
DE-HH,00+,2023-04-16,2023-04-03,-13 day ahead inc hosp,quantile,0.025,183,COVID-19
DE-HH,00+,2023-04-16,2023-04-03,-13 day ahead inc hosp,quantile,0.1,186,COVID-19
DE-HH,00+,2023-04-16,2023-04-03,-13 day ahead inc hosp,quantile,0.25,189,COVID-19
DE-HH,00+,2023-04-16,2023-04-03,-13 day ahead inc hosp,quantile,0.5,192,COVID-19
DE-HH,00+,2023-04-16,2023-04-03,-13 day ahead inc hosp,quantile,0.75,195,COVID-19
DE-HH,00+,2023-04-16,2023-04-03,-13 day ahead inc hosp,quantile,0.9,198,COVID-19
DE-HH,00+,2023-04-16,2023-04-03,-13 day ahead inc hosp,quantile,0.975,202,COVID-19
DE-HH,00+,2023-04-16,2023-04-04,-12 day ahead inc hosp,mean,NA,166.123,COVID-19
DE-HH,00+,2023-04-16,2023-04-04,-12 day ahead inc hosp,quantile,0.025,157,COVID-19
DE-HH,00+,2023-04-16,2023-04-04,-12 day ahead inc hosp,quantile,0.1,160,COVID-19
DE-HH,00+,2023-04-16,2023-04-04,-12 day ahead inc hosp,quantile,0.25,162,COVID-19
DE-HH,00+,2023-04-16,2023-04-04,-12 day ahead inc hosp,quantile,0.5,166,COVID-19
DE-HH,00+,2023-04-16,2023-04-04,-12 day ahead inc hosp,quantile,0.75,169,COVID-19
DE-HH,00+,2023-04-16,2023-04-04,-12 day ahead inc hosp,quantile,0.9,173,COVID-19
DE-HH,00+,2023-04-16,2023-04-04,-12 day ahead inc hosp,quantile,0.975,177,COVID-19
DE-HH,00+,2023-04-16,2023-04-05,-11 day ahead inc hosp,mean,NA,156.062,COVID-19
DE-HH,00+,2023-04-16,2023-04-05,-11 day ahead inc hosp,quantile,0.025,147,COVID-19
DE-HH,00+,2023-04-16,2023-04-05,-11 day ahead inc hosp,quantile,0.1,150,COVID-19
DE-HH,00+,2023-04-16,2023-04-05,-11 day ahead inc hosp,quantile,0.25,153,COVID-19
DE-HH,00+,2023-04-16,2023-04-05,-11 day ahead inc hosp,quantile,0.5,156,COVID-19
DE-HH,00+,2023-04-16,2023-04-05,-11 day ahead inc hosp,quantile,0.75,159,COVID-19
DE-HH,00+,2023-04-16,2023-04-05,-11 day ahead inc hosp,quantile,0.9,162,COVID-19
DE-HH,00+,2023-04-16,2023-04-05,-11 day ahead inc hosp,quantile,0.975,166,COVID-19
DE-HH,00+,2023-04-16,2023-04-06,-10 day ahead inc hosp,mean,NA,142.303,COVID-19
DE-HH,00+,2023-04-16,2023-04-06,-10 day ahead inc hosp,quantile,0.025,133,COVID-19
DE-HH,00+,2023-04-16,2023-04-06,-10 day ahead inc hosp,quantile,0.1,136,COVID-19
DE-HH,00+,2023-04-16,2023-04-06,-10 day ahead inc hosp,quantile,0.25,139,COVID-19
DE-HH,00+,2023-04-16,2023-04-06,-10 day ahead inc hosp,quantile,0.5,142,COVID-19
DE-HH,00+,2023-04-16,2023-04-06,-10 day ahead inc hosp,quantile,0.75,146,COVID-19
DE-HH,00+,2023-04-16,2023-04-06,-10 day ahead inc hosp,quantile,0.9,149,COVID-19
DE-HH,00+,2023-04-16,2023-04-06,-10 day ahead inc hosp,quantile,0.975,153,COVID-19
DE-HH,00+,2023-04-16,2023-04-07,-9 day ahead inc hosp,mean,NA,137.613,COVID-19
DE-HH,00+,2023-04-16,2023-04-07,-9 day ahead inc hosp,quantile,0.025,128,COVID-19
DE-HH,00+,2023-04-16,2023-04-07,-9 day ahead inc hosp,quantile,0.1,131,COVID-19
DE-HH,00+,2023-04-16,2023-04-07,-9 day ahead inc hosp,quantile,0.25,134,COVID-19
DE-HH,00+,2023-04-16,2023-04-07,-9 day ahead inc hosp,quantile,0.5,137,COVID-19
DE-HH,00+,2023-04-16,2023-04-07,-9 day ahead inc hosp,quantile,0.75,141,COVID-19
DE-HH,00+,2023-04-16,2023-04-07,-9 day ahead inc hosp,quantile,0.9,145,COVID-19
DE-HH,00+,2023-04-16,2023-04-07,-9 day ahead inc hosp,quantile,0.975,149,COVID-19
DE-HH,00+,2023-04-16,2023-04-08,-8 day ahead inc hosp,mean,NA,117.239,COVID-19
DE-HH,00+,2023-04-16,2023-04-08,-8 day ahead inc hosp,quantile,0.025,107,COVID-19
DE-HH,00+,2023-04-16,2023-04-08,-8 day ahead inc hosp,quantile,0.1,110,COVID-19
DE-HH,00+,2023-04-16,2023-04-08,-8 day ahead inc hosp,quantile,0.25,113,COVID-19
DE-HH,00+,2023-04-16,2023-04-08,-8 day ahead inc hosp,quantile,0.5,117,COVID-19
DE-HH,00+,2023-04-16,2023-04-08,-8 day ahead inc hosp,quantile,0.75,121,COVID-19
DE-HH,00+,2023-04-16,2023-04-08,-8 day ahead inc hosp,quantile,0.9,125,COVID-19
DE-HH,00+,2023-04-16,2023-04-08,-8 day ahead inc hosp,quantile,0.975,130,COVID-19
DE-HH,00+,2023-04-16,2023-04-09,-7 day ahead inc hosp,mean,NA,114.65,COVID-19
DE-HH,00+,2023-04-16,2023-04-09,-7 day ahead inc hosp,quantile,0.025,104,COVID-19
DE-HH,00+,2023-04-16,2023-04-09,-7 day ahead inc hosp,quantile,0.1,107,COVID-19
DE-HH,00+,2023-04-16,2023-04-09,-7 day ahead inc hosp,quantile,0.25,110,COVID-19
DE-HH,00+,2023-04-16,2023-04-09,-7 day ahead inc hosp,quantile,0.5,114,COVID-19
DE-HH,00+,2023-04-16,2023-04-09,-7 day ahead inc hosp,quantile,0.75,118,COVID-19
DE-HH,00+,2023-04-16,2023-04-09,-7 day ahead inc hosp,quantile,0.9,122,COVID-19
DE-HH,00+,2023-04-16,2023-04-09,-7 day ahead inc hosp,quantile,0.975,128,COVID-19
DE-HH,00+,2023-04-16,2023-04-10,-6 day ahead inc hosp,mean,NA,99.144,COVID-19
DE-HH,00+,2023-04-16,2023-04-10,-6 day ahead inc hosp,quantile,0.025,88,COVID-19
DE-HH,00+,2023-04-16,2023-04-10,-6 day ahead inc hosp,quantile,0.1,92,COVID-19
DE-HH,00+,2023-04-16,2023-04-10,-6 day ahead inc hosp,quantile,0.25,95,COVID-19
DE-HH,00+,2023-04-16,2023-04-10,-6 day ahead inc hosp,quantile,0.5,99,COVID-19
DE-HH,00+,2023-04-16,2023-04-10,-6 day ahead inc hosp,quantile,0.75,103,COVID-19
DE-HH,00+,2023-04-16,2023-04-10,-6 day ahead inc hosp,quantile,0.9,107,COVID-19
DE-HH,00+,2023-04-16,2023-04-10,-6 day ahead inc hosp,quantile,0.975,112,COVID-19
DE-HH,00+,2023-04-16,2023-04-11,-5 day ahead inc hosp,mean,NA,80.655,COVID-19
DE-HH,00+,2023-04-16,2023-04-11,-5 day ahead inc hosp,quantile,0.025,69,COVID-19
DE-HH,00+,2023-04-16,2023-04-11,-5 day ahead inc hosp,quantile,0.1,73,COVID-19
DE-HH,00+,2023-04-16,2023-04-11,-5 day ahead inc hosp,quantile,0.25,76,COVID-19
DE-HH,00+,2023-04-16,2023-04-11,-5 day ahead inc hosp,quantile,0.5,80,COVID-19
DE-HH,00+,2023-04-16,2023-04-11,-5 day ahead inc hosp,quantile,0.75,85,COVID-19
DE-HH,00+,2023-04-16,2023-04-11,-5 day ahead inc hosp,quantile,0.9,90,COVID-19
DE-HH,00+,2023-04-16,2023-04-11,-5 day ahead inc hosp,quantile,0.975,95,COVID-19
DE-HH,00+,2023-04-16,2023-04-12,-4 day ahead inc hosp,mean,NA,106.822,COVID-19
DE-HH,00+,2023-04-16,2023-04-12,-4 day ahead inc hosp,quantile,0.025,93,COVID-19
DE-HH,00+,2023-04-16,2023-04-12,-4 day ahead inc hosp,quantile,0.1,97,COVID-19
DE-HH,00+,2023-04-16,2023-04-12,-4 day ahead inc hosp,quantile,0.25,102,COVID-19
DE-HH,00+,2023-04-16,2023-04-12,-4 day ahead inc hosp,quantile,0.5,106,COVID-19
DE-HH,00+,2023-04-16,2023-04-12,-4 day ahead inc hosp,quantile,0.75,111,COVID-19
DE-HH,00+,2023-04-16,2023-04-12,-4 day ahead inc hosp,quantile,0.9,117,COVID-19
DE-HH,00+,2023-04-16,2023-04-12,-4 day ahead inc hosp,quantile,0.975,123,COVID-19
DE-HH,00+,2023-04-16,2023-04-13,-3 day ahead inc hosp,mean,NA,108.338,COVID-19
DE-HH,00+,2023-04-16,2023-04-13,-3 day ahead inc hosp,quantile,0.025,93,COVID-19
DE-HH,00+,2023-04-16,2023-04-13,-3 day ahead inc hosp,quantile,0.1,97,COVID-19
DE-HH,00+,2023-04-16,2023-04-13,-3 day ahead inc hosp,quantile,0.25,103,COVID-19
DE-HH,00+,2023-04-16,2023-04-13,-3 day ahead inc hosp,quantile,0.5,108,COVID-19
DE-HH,00+,2023-04-16,2023-04-13,-3 day ahead inc hosp,quantile,0.75,114,COVID-19
DE-HH,00+,2023-04-16,2023-04-13,-3 day ahead inc hosp,quantile,0.9,119,COVID-19
DE-HH,00+,2023-04-16,2023-04-13,-3 day ahead inc hosp,quantile,0.975,126,COVID-19
DE-HH,00+,2023-04-16,2023-04-14,-2 day ahead inc hosp,mean,NA,125.745,COVID-19
DE-HH,00+,2023-04-16,2023-04-14,-2 day ahead inc hosp,quantile,0.025,107,COVID-19
DE-HH,00+,2023-04-16,2023-04-14,-2 day ahead inc hosp,quantile,0.1,114,COVID-19
DE-HH,00+,2023-04-16,2023-04-14,-2 day ahead inc hosp,quantile,0.25,119,COVID-19
DE-HH,00+,2023-04-16,2023-04-14,-2 day ahead inc hosp,quantile,0.5,125,COVID-19
DE-HH,00+,2023-04-16,2023-04-14,-2 day ahead inc hosp,quantile,0.75,132,COVID-19
DE-HH,00+,2023-04-16,2023-04-14,-2 day ahead inc hosp,quantile,0.9,139,COVID-19
DE-HH,00+,2023-04-16,2023-04-14,-2 day ahead inc hosp,quantile,0.975,147,COVID-19
DE-HH,00+,2023-04-16,2023-04-15,-1 day ahead inc hosp,mean,NA,140.386,COVID-19
DE-HH,00+,2023-04-16,2023-04-15,-1 day ahead inc hosp,quantile,0.025,119,COVID-19
DE-HH,00+,2023-04-16,2023-04-15,-1 day ahead inc hosp,quantile,0.1,125,COVID-19
DE-HH,00+,2023-04-16,2023-04-15,-1 day ahead inc hosp,quantile,0.25,131,COVID-19
DE-HH,00+,2023-04-16,2023-04-15,-1 day ahead inc hosp,quantile,0.5,140,COVID-19
DE-HH,00+,2023-04-16,2023-04-15,-1 day ahead inc hosp,quantile,0.75,148,COVID-19
DE-HH,00+,2023-04-16,2023-04-15,-1 day ahead inc hosp,quantile,0.9,157,COVID-19
DE-HH,00+,2023-04-16,2023-04-15,-1 day ahead inc hosp,quantile,0.975,167,COVID-19
DE-HH,00+,2023-04-16,2023-04-16,0 day ahead inc hosp,mean,NA,142.64,COVID-19
DE-HH,00+,2023-04-16,2023-04-16,0 day ahead inc hosp,quantile,0.025,120,COVID-19
DE-HH,00+,2023-04-16,2023-04-16,0 day ahead inc hosp,quantile,0.1,126,COVID-19
DE-HH,00+,2023-04-16,2023-04-16,0 day ahead inc hosp,quantile,0.25,133,COVID-19
DE-HH,00+,2023-04-16,2023-04-16,0 day ahead inc hosp,quantile,0.5,142,COVID-19
DE-HH,00+,2023-04-16,2023-04-16,0 day ahead inc hosp,quantile,0.75,151,COVID-19
DE-HH,00+,2023-04-16,2023-04-16,0 day ahead inc hosp,quantile,0.9,160,COVID-19
DE-HH,00+,2023-04-16,2023-04-16,0 day ahead inc hosp,quantile,0.975,170,COVID-19
DE-MV,00+,2023-04-16,2023-03-19,-28 day ahead inc hosp,mean,NA,202.06,COVID-19
DE-MV,00+,2023-04-16,2023-03-19,-28 day ahead inc hosp,quantile,0.025,201,COVID-19
DE-MV,00+,2023-04-16,2023-03-19,-28 day ahead inc hosp,quantile,0.1,201,COVID-19
DE-MV,00+,2023-04-16,2023-03-19,-28 day ahead inc hosp,quantile,0.25,201,COVID-19
DE-MV,00+,2023-04-16,2023-03-19,-28 day ahead inc hosp,quantile,0.5,202,COVID-19
DE-MV,00+,2023-04-16,2023-03-19,-28 day ahead inc hosp,quantile,0.75,203,COVID-19
DE-MV,00+,2023-04-16,2023-03-19,-28 day ahead inc hosp,quantile,0.9,203,COVID-19
DE-MV,00+,2023-04-16,2023-03-19,-28 day ahead inc hosp,quantile,0.975,205,COVID-19
DE-MV,00+,2023-04-16,2023-03-20,-27 day ahead inc hosp,mean,NA,202.077,COVID-19
DE-MV,00+,2023-04-16,2023-03-20,-27 day ahead inc hosp,quantile,0.025,201,COVID-19
DE-MV,00+,2023-04-16,2023-03-20,-27 day ahead inc hosp,quantile,0.1,201,COVID-19
DE-MV,00+,2023-04-16,2023-03-20,-27 day ahead inc hosp,quantile,0.25,201,COVID-19
DE-MV,00+,2023-04-16,2023-03-20,-27 day ahead inc hosp,quantile,0.5,202,COVID-19
DE-MV,00+,2023-04-16,2023-03-20,-27 day ahead inc hosp,quantile,0.75,203,COVID-19
DE-MV,00+,2023-04-16,2023-03-20,-27 day ahead inc hosp,quantile,0.9,204,COVID-19
DE-MV,00+,2023-04-16,2023-03-20,-27 day ahead inc hosp,quantile,0.975,205,COVID-19
DE-MV,00+,2023-04-16,2023-03-21,-26 day ahead inc hosp,mean,NA,220.207,COVID-19
DE-MV,00+,2023-04-16,2023-03-21,-26 day ahead inc hosp,quantile,0.025,219,COVID-19
DE-MV,00+,2023-04-16,2023-03-21,-26 day ahead inc hosp,quantile,0.1,219,COVID-19
DE-MV,00+,2023-04-16,2023-03-21,-26 day ahead inc hosp,quantile,0.25,219,COVID-19
DE-MV,00+,2023-04-16,2023-03-21,-26 day ahead inc hosp,quantile,0.5,220,COVID-19
DE-MV,00+,2023-04-16,2023-03-21,-26 day ahead inc hosp,quantile,0.75,221,COVID-19
DE-MV,00+,2023-04-16,2023-03-21,-26 day ahead inc hosp,quantile,0.9,222,COVID-19
DE-MV,00+,2023-04-16,2023-03-21,-26 day ahead inc hosp,quantile,0.975,223,COVID-19
DE-MV,00+,2023-04-16,2023-03-22,-25 day ahead inc hosp,mean,NA,240.368,COVID-19
DE-MV,00+,2023-04-16,2023-03-22,-25 day ahead inc hosp,quantile,0.025,239,COVID-19
DE-MV,00+,2023-04-16,2023-03-22,-25 day ahead inc hosp,quantile,0.1,239,COVID-19
DE-MV,00+,2023-04-16,2023-03-22,-25 day ahead inc hosp,quantile,0.25,239,COVID-19
DE-MV,00+,2023-04-16,2023-03-22,-25 day ahead inc hosp,quantile,0.5,240,COVID-19
DE-MV,00+,2023-04-16,2023-03-22,-25 day ahead inc hosp,quantile,0.75,241,COVID-19
DE-MV,00+,2023-04-16,2023-03-22,-25 day ahead inc hosp,quantile,0.9,242,COVID-19
DE-MV,00+,2023-04-16,2023-03-22,-25 day ahead inc hosp,quantile,0.975,243,COVID-19
DE-MV,00+,2023-04-16,2023-03-23,-24 day ahead inc hosp,mean,NA,261.534,COVID-19
DE-MV,00+,2023-04-16,2023-03-23,-24 day ahead inc hosp,quantile,0.025,260,COVID-19
DE-MV,00+,2023-04-16,2023-03-23,-24 day ahead inc hosp,quantile,0.1,260,COVID-19
DE-MV,00+,2023-04-16,2023-03-23,-24 day ahead inc hosp,quantile,0.25,261,COVID-19
DE-MV,00+,2023-04-16,2023-03-23,-24 day ahead inc hosp,quantile,0.5,261,COVID-19
DE-MV,00+,2023-04-16,2023-03-23,-24 day ahead inc hosp,quantile,0.75,262,COVID-19
DE-MV,00+,2023-04-16,2023-03-23,-24 day ahead inc hosp,quantile,0.9,263,COVID-19
DE-MV,00+,2023-04-16,2023-03-23,-24 day ahead inc hosp,quantile,0.975,264,COVID-19
DE-MV,00+,2023-04-16,2023-03-24,-23 day ahead inc hosp,mean,NA,266.719,COVID-19
DE-MV,00+,2023-04-16,2023-03-24,-23 day ahead inc hosp,quantile,0.025,265,COVID-19
DE-MV,00+,2023-04-16,2023-03-24,-23 day ahead inc hosp,quantile,0.1,265,COVID-19
DE-MV,00+,2023-04-16,2023-03-24,-23 day ahead inc hosp,quantile,0.25,266,COVID-19
DE-MV,00+,2023-04-16,2023-03-24,-23 day ahead inc hosp,quantile,0.5,267,COVID-19
DE-MV,00+,2023-04-16,2023-03-24,-23 day ahead inc hosp,quantile,0.75,267,COVID-19
DE-MV,00+,2023-04-16,2023-03-24,-23 day ahead inc hosp,quantile,0.9,268,COVID-19
DE-MV,00+,2023-04-16,2023-03-24,-23 day ahead inc hosp,quantile,0.975,270,COVID-19
DE-MV,00+,2023-04-16,2023-03-25,-22 day ahead inc hosp,mean,NA,287.925,COVID-19
DE-MV,00+,2023-04-16,2023-03-25,-22 day ahead inc hosp,quantile,0.025,286,COVID-19
DE-MV,00+,2023-04-16,2023-03-25,-22 day ahead inc hosp,quantile,0.1,286,COVID-19
DE-MV,00+,2023-04-16,2023-03-25,-22 day ahead inc hosp,quantile,0.25,287,COVID-19
DE-MV,00+,2023-04-16,2023-03-25,-22 day ahead inc hosp,quantile,0.5,288,COVID-19
DE-MV,00+,2023-04-16,2023-03-25,-22 day ahead inc hosp,quantile,0.75,289,COVID-19
DE-MV,00+,2023-04-16,2023-03-25,-22 day ahead inc hosp,quantile,0.9,290,COVID-19
DE-MV,00+,2023-04-16,2023-03-25,-22 day ahead inc hosp,quantile,0.975,291,COVID-19
DE-MV,00+,2023-04-16,2023-03-26,-21 day ahead inc hosp,mean,NA,287.977,COVID-19
DE-MV,00+,2023-04-16,2023-03-26,-21 day ahead inc hosp,quantile,0.025,286,COVID-19
DE-MV,00+,2023-04-16,2023-03-26,-21 day ahead inc hosp,quantile,0.1,286,COVID-19
DE-MV,00+,2023-04-16,2023-03-26,-21 day ahead inc hosp,quantile,0.25,287,COVID-19
DE-MV,00+,2023-04-16,2023-03-26,-21 day ahead inc hosp,quantile,0.5,288,COVID-19
DE-MV,00+,2023-04-16,2023-03-26,-21 day ahead inc hosp,quantile,0.75,289,COVID-19
DE-MV,00+,2023-04-16,2023-03-26,-21 day ahead inc hosp,quantile,0.9,290,COVID-19
DE-MV,00+,2023-04-16,2023-03-26,-21 day ahead inc hosp,quantile,0.975,291,COVID-19
DE-MV,00+,2023-04-16,2023-03-27,-20 day ahead inc hosp,mean,NA,289.99,COVID-19
DE-MV,00+,2023-04-16,2023-03-27,-20 day ahead inc hosp,quantile,0.025,288,COVID-19
DE-MV,00+,2023-04-16,2023-03-27,-20 day ahead inc hosp,quantile,0.1,288,COVID-19
DE-MV,00+,2023-04-16,2023-03-27,-20 day ahead inc hosp,quantile,0.25,289,COVID-19
DE-MV,00+,2023-04-16,2023-03-27,-20 day ahead inc hosp,quantile,0.5,290,COVID-19
DE-MV,00+,2023-04-16,2023-03-27,-20 day ahead inc hosp,quantile,0.75,291,COVID-19
DE-MV,00+,2023-04-16,2023-03-27,-20 day ahead inc hosp,quantile,0.9,292,COVID-19
DE-MV,00+,2023-04-16,2023-03-27,-20 day ahead inc hosp,quantile,0.975,293,COVID-19
DE-MV,00+,2023-04-16,2023-03-28,-19 day ahead inc hosp,mean,NA,292.207,COVID-19
DE-MV,00+,2023-04-16,2023-03-28,-19 day ahead inc hosp,quantile,0.025,290,COVID-19
DE-MV,00+,2023-04-16,2023-03-28,-19 day ahead inc hosp,quantile,0.1,290,COVID-19
DE-MV,00+,2023-04-16,2023-03-28,-19 day ahead inc hosp,quantile,0.25,291,COVID-19
DE-MV,00+,2023-04-16,2023-03-28,-19 day ahead inc hosp,quantile,0.5,292,COVID-19
DE-MV,00+,2023-04-16,2023-03-28,-19 day ahead inc hosp,quantile,0.75,293,COVID-19
DE-MV,00+,2023-04-16,2023-03-28,-19 day ahead inc hosp,quantile,0.9,294,COVID-19
DE-MV,00+,2023-04-16,2023-03-28,-19 day ahead inc hosp,quantile,0.975,296,COVID-19
DE-MV,00+,2023-04-16,2023-03-29,-18 day ahead inc hosp,mean,NA,274.425,COVID-19
DE-MV,00+,2023-04-16,2023-03-29,-18 day ahead inc hosp,quantile,0.025,272,COVID-19
DE-MV,00+,2023-04-16,2023-03-29,-18 day ahead inc hosp,quantile,0.1,272,COVID-19
DE-MV,00+,2023-04-16,2023-03-29,-18 day ahead inc hosp,quantile,0.25,273,COVID-19
DE-MV,00+,2023-04-16,2023-03-29,-18 day ahead inc hosp,quantile,0.5,274,COVID-19
DE-MV,00+,2023-04-16,2023-03-29,-18 day ahead inc hosp,quantile,0.75,275,COVID-19
DE-MV,00+,2023-04-16,2023-03-29,-18 day ahead inc hosp,quantile,0.9,277,COVID-19
DE-MV,00+,2023-04-16,2023-03-29,-18 day ahead inc hosp,quantile,0.975,278,COVID-19
DE-MV,00+,2023-04-16,2023-03-30,-17 day ahead inc hosp,mean,NA,257.616,COVID-19
DE-MV,00+,2023-04-16,2023-03-30,-17 day ahead inc hosp,quantile,0.025,255,COVID-19
DE-MV,00+,2023-04-16,2023-03-30,-17 day ahead inc hosp,quantile,0.1,256,COVID-19
DE-MV,00+,2023-04-16,2023-03-30,-17 day ahead inc hosp,quantile,0.25,256,COVID-19
DE-MV,00+,2023-04-16,2023-03-30,-17 day ahead inc hosp,quantile,0.5,257,COVID-19
DE-MV,00+,2023-04-16,2023-03-30,-17 day ahead inc hosp,quantile,0.75,259,COVID-19
DE-MV,00+,2023-04-16,2023-03-30,-17 day ahead inc hosp,quantile,0.9,260,COVID-19
DE-MV,00+,2023-04-16,2023-03-30,-17 day ahead inc hosp,quantile,0.975,262,COVID-19
DE-MV,00+,2023-04-16,2023-03-31,-16 day ahead inc hosp,mean,NA,246.887,COVID-19
DE-MV,00+,2023-04-16,2023-03-31,-16 day ahead inc hosp,quantile,0.025,244,COVID-19
DE-MV,00+,2023-04-16,2023-03-31,-16 day ahead inc hosp,quantile,0.1,245,COVID-19
DE-MV,00+,2023-04-16,2023-03-31,-16 day ahead inc hosp,quantile,0.25,246,COVID-19
DE-MV,00+,2023-04-16,2023-03-31,-16 day ahead inc hosp,quantile,0.5,247,COVID-19
DE-MV,00+,2023-04-16,2023-03-31,-16 day ahead inc hosp,quantile,0.75,248,COVID-19
DE-MV,00+,2023-04-16,2023-03-31,-16 day ahead inc hosp,quantile,0.9,249,COVID-19
DE-MV,00+,2023-04-16,2023-03-31,-16 day ahead inc hosp,quantile,0.975,251,COVID-19
DE-MV,00+,2023-04-16,2023-04-01,-15 day ahead inc hosp,mean,NA,232.144,COVID-19
DE-MV,00+,2023-04-16,2023-04-01,-15 day ahead inc hosp,quantile,0.025,229,COVID-19
DE-MV,00+,2023-04-16,2023-04-01,-15 day ahead inc hosp,quantile,0.1,230,COVID-19
DE-MV,00+,2023-04-16,2023-04-01,-15 day ahead inc hosp,quantile,0.25,231,COVID-19
DE-MV,00+,2023-04-16,2023-04-01,-15 day ahead inc hosp,quantile,0.5,232,COVID-19
DE-MV,00+,2023-04-16,2023-04-01,-15 day ahead inc hosp,quantile,0.75,233,COVID-19
DE-MV,00+,2023-04-16,2023-04-01,-15 day ahead inc hosp,quantile,0.9,235,COVID-19
DE-MV,00+,2023-04-16,2023-04-01,-15 day ahead inc hosp,quantile,0.975,236,COVID-19
DE-MV,00+,2023-04-16,2023-04-02,-14 day ahead inc hosp,mean,NA,232.251,COVID-19
DE-MV,00+,2023-04-16,2023-04-02,-14 day ahead inc hosp,quantile,0.025,229,COVID-19
DE-MV,00+,2023-04-16,2023-04-02,-14 day ahead inc hosp,quantile,0.1,230,COVID-19
DE-MV,00+,2023-04-16,2023-04-02,-14 day ahead inc hosp,quantile,0.25,231,COVID-19
DE-MV,00+,2023-04-16,2023-04-02,-14 day ahead inc hosp,quantile,0.5,232,COVID-19
DE-MV,00+,2023-04-16,2023-04-02,-14 day ahead inc hosp,quantile,0.75,233,COVID-19
DE-MV,00+,2023-04-16,2023-04-02,-14 day ahead inc hosp,quantile,0.9,235,COVID-19
DE-MV,00+,2023-04-16,2023-04-02,-14 day ahead inc hosp,quantile,0.975,236,COVID-19
DE-MV,00+,2023-04-16,2023-04-03,-13 day ahead inc hosp,mean,NA,233.304,COVID-19
DE-MV,00+,2023-04-16,2023-04-03,-13 day ahead inc hosp,quantile,0.025,230,COVID-19
DE-MV,00+,2023-04-16,2023-04-03,-13 day ahead inc hosp,quantile,0.1,231,COVID-19
DE-MV,00+,2023-04-16,2023-04-03,-13 day ahead inc hosp,quantile,0.25,232,COVID-19
DE-MV,00+,2023-04-16,2023-04-03,-13 day ahead inc hosp,quantile,0.5,233,COVID-19
DE-MV,00+,2023-04-16,2023-04-03,-13 day ahead inc hosp,quantile,0.75,235,COVID-19
DE-MV,00+,2023-04-16,2023-04-03,-13 day ahead inc hosp,quantile,0.9,236,COVID-19
DE-MV,00+,2023-04-16,2023-04-03,-13 day ahead inc hosp,quantile,0.975,237,COVID-19
DE-MV,00+,2023-04-16,2023-04-04,-12 day ahead inc hosp,mean,NA,212.844,COVID-19
DE-MV,00+,2023-04-16,2023-04-04,-12 day ahead inc hosp,quantile,0.025,209,COVID-19
DE-MV,00+,2023-04-16,2023-04-04,-12 day ahead inc hosp,quantile,0.1,210,COVID-19
DE-MV,00+,2023-04-16,2023-04-04,-12 day ahead inc hosp,quantile,0.25,211,COVID-19
DE-MV,00+,2023-04-16,2023-04-04,-12 day ahead inc hosp,quantile,0.5,213,COVID-19
DE-MV,00+,2023-04-16,2023-04-04,-12 day ahead inc hosp,quantile,0.75,214,COVID-19
DE-MV,00+,2023-04-16,2023-04-04,-12 day ahead inc hosp,quantile,0.9,215,COVID-19
DE-MV,00+,2023-04-16,2023-04-04,-12 day ahead inc hosp,quantile,0.975,217,COVID-19
DE-MV,00+,2023-04-16,2023-04-05,-11 day ahead inc hosp,mean,NA,223.371,COVID-19
DE-MV,00+,2023-04-16,2023-04-05,-11 day ahead inc hosp,quantile,0.025,219,COVID-19
DE-MV,00+,2023-04-16,2023-04-05,-11 day ahead inc hosp,quantile,0.1,221,COVID-19
DE-MV,00+,2023-04-16,2023-04-05,-11 day ahead inc hosp,quantile,0.25,222,COVID-19
DE-MV,00+,2023-04-16,2023-04-05,-11 day ahead inc hosp,quantile,0.5,223,COVID-19
DE-MV,00+,2023-04-16,2023-04-05,-11 day ahead inc hosp,quantile,0.75,225,COVID-19
DE-MV,00+,2023-04-16,2023-04-05,-11 day ahead inc hosp,quantile,0.9,226,COVID-19
DE-MV,00+,2023-04-16,2023-04-05,-11 day ahead inc hosp,quantile,0.975,228,COVID-19
DE-MV,00+,2023-04-16,2023-04-06,-10 day ahead inc hosp,mean,NA,214.939,COVID-19
DE-MV,00+,2023-04-16,2023-04-06,-10 day ahead inc hosp,quantile,0.025,211,COVID-19
DE-MV,00+,2023-04-16,2023-04-06,-10 day ahead inc hosp,quantile,0.1,212,COVID-19
DE-MV,00+,2023-04-16,2023-04-06,-10 day ahead inc hosp,quantile,0.25,213,COVID-19
DE-MV,00+,2023-04-16,2023-04-06,-10 day ahead inc hosp,quantile,0.5,215,COVID-19
DE-MV,00+,2023-04-16,2023-04-06,-10 day ahead inc hosp,quantile,0.75,216,COVID-19
DE-MV,00+,2023-04-16,2023-04-06,-10 day ahead inc hosp,quantile,0.9,218,COVID-19
DE-MV,00+,2023-04-16,2023-04-06,-10 day ahead inc hosp,quantile,0.975,220,COVID-19
DE-MV,00+,2023-04-16,2023-04-07,-9 day ahead inc hosp,mean,NA,209.735,COVID-19
DE-MV,00+,2023-04-16,2023-04-07,-9 day ahead inc hosp,quantile,0.025,205,COVID-19
DE-MV,00+,2023-04-16,2023-04-07,-9 day ahead inc hosp,quantile,0.1,207,COVID-19
DE-MV,00+,2023-04-16,2023-04-07,-9 day ahead inc hosp,quantile,0.25,208,COVID-19
DE-MV,00+,2023-04-16,2023-04-07,-9 day ahead inc hosp,quantile,0.5,210,COVID-19
DE-MV,00+,2023-04-16,2023-04-07,-9 day ahead inc hosp,quantile,0.75,211,COVID-19
DE-MV,00+,2023-04-16,2023-04-07,-9 day ahead inc hosp,quantile,0.9,213,COVID-19
DE-MV,00+,2023-04-16,2023-04-07,-9 day ahead inc hosp,quantile,0.975,215,COVID-19
DE-MV,00+,2023-04-16,2023-04-08,-8 day ahead inc hosp,mean,NA,181.618,COVID-19
DE-MV,00+,2023-04-16,2023-04-08,-8 day ahead inc hosp,quantile,0.025,177,COVID-19
DE-MV,00+,2023-04-16,2023-04-08,-8 day ahead inc hosp,quantile,0.1,178,COVID-19
DE-MV,00+,2023-04-16,2023-04-08,-8 day ahead inc hosp,quantile,0.25,180,COVID-19
DE-MV,00+,2023-04-16,2023-04-08,-8 day ahead inc hosp,quantile,0.5,182,COVID-19
DE-MV,00+,2023-04-16,2023-04-08,-8 day ahead inc hosp,quantile,0.75,183,COVID-19
DE-MV,00+,2023-04-16,2023-04-08,-8 day ahead inc hosp,quantile,0.9,185,COVID-19
DE-MV,00+,2023-04-16,2023-04-08,-8 day ahead inc hosp,quantile,0.975,188,COVID-19
DE-MV,00+,2023-04-16,2023-04-09,-7 day ahead inc hosp,mean,NA,184.918,COVID-19
DE-MV,00+,2023-04-16,2023-04-09,-7 day ahead inc hosp,quantile,0.025,180,COVID-19
DE-MV,00+,2023-04-16,2023-04-09,-7 day ahead inc hosp,quantile,0.1,181,COVID-19
DE-MV,00+,2023-04-16,2023-04-09,-7 day ahead inc hosp,quantile,0.25,183,COVID-19
DE-MV,00+,2023-04-16,2023-04-09,-7 day ahead inc hosp,quantile,0.5,185,COVID-19
DE-MV,00+,2023-04-16,2023-04-09,-7 day ahead inc hosp,quantile,0.75,187,COVID-19
DE-MV,00+,2023-04-16,2023-04-09,-7 day ahead inc hosp,quantile,0.9,188,COVID-19
DE-MV,00+,2023-04-16,2023-04-09,-7 day ahead inc hosp,quantile,0.975,191,COVID-19
DE-MV,00+,2023-04-16,2023-04-10,-6 day ahead inc hosp,mean,NA,182.045,COVID-19
DE-MV,00+,2023-04-16,2023-04-10,-6 day ahead inc hosp,quantile,0.025,177,COVID-19
DE-MV,00+,2023-04-16,2023-04-10,-6 day ahead inc hosp,quantile,0.1,179,COVID-19
DE-MV,00+,2023-04-16,2023-04-10,-6 day ahead inc hosp,quantile,0.25,180,COVID-19
DE-MV,00+,2023-04-16,2023-04-10,-6 day ahead inc hosp,quantile,0.5,182,COVID-19
DE-MV,00+,2023-04-16,2023-04-10,-6 day ahead inc hosp,quantile,0.75,184,COVID-19
DE-MV,00+,2023-04-16,2023-04-10,-6 day ahead inc hosp,quantile,0.9,186,COVID-19
DE-MV,00+,2023-04-16,2023-04-10,-6 day ahead inc hosp,quantile,0.975,188,COVID-19
DE-MV,00+,2023-04-16,2023-04-11,-5 day ahead inc hosp,mean,NA,127.877,COVID-19
DE-MV,00+,2023-04-16,2023-04-11,-5 day ahead inc hosp,quantile,0.025,122,COVID-19
DE-MV,00+,2023-04-16,2023-04-11,-5 day ahead inc hosp,quantile,0.1,124,COVID-19
DE-MV,00+,2023-04-16,2023-04-11,-5 day ahead inc hosp,quantile,0.25,126,COVID-19
DE-MV,00+,2023-04-16,2023-04-11,-5 day ahead inc hosp,quantile,0.5,128,COVID-19
DE-MV,00+,2023-04-16,2023-04-11,-5 day ahead inc hosp,quantile,0.75,130,COVID-19
DE-MV,00+,2023-04-16,2023-04-11,-5 day ahead inc hosp,quantile,0.9,132,COVID-19
DE-MV,00+,2023-04-16,2023-04-11,-5 day ahead inc hosp,quantile,0.975,135,COVID-19
DE-MV,00+,2023-04-16,2023-04-12,-4 day ahead inc hosp,mean,NA,156.363,COVID-19
DE-MV,00+,2023-04-16,2023-04-12,-4 day ahead inc hosp,quantile,0.025,150,COVID-19
DE-MV,00+,2023-04-16,2023-04-12,-4 day ahead inc hosp,quantile,0.1,152,COVID-19
DE-MV,00+,2023-04-16,2023-04-12,-4 day ahead inc hosp,quantile,0.25,154,COVID-19
DE-MV,00+,2023-04-16,2023-04-12,-4 day ahead inc hosp,quantile,0.5,156,COVID-19
DE-MV,00+,2023-04-16,2023-04-12,-4 day ahead inc hosp,quantile,0.75,159,COVID-19
DE-MV,00+,2023-04-16,2023-04-12,-4 day ahead inc hosp,quantile,0.9,162,COVID-19
DE-MV,00+,2023-04-16,2023-04-12,-4 day ahead inc hosp,quantile,0.975,165,COVID-19
DE-MV,00+,2023-04-16,2023-04-13,-3 day ahead inc hosp,mean,NA,157.533,COVID-19
DE-MV,00+,2023-04-16,2023-04-13,-3 day ahead inc hosp,quantile,0.025,150,COVID-19
DE-MV,00+,2023-04-16,2023-04-13,-3 day ahead inc hosp,quantile,0.1,152,COVID-19
DE-MV,00+,2023-04-16,2023-04-13,-3 day ahead inc hosp,quantile,0.25,154,COVID-19
DE-MV,00+,2023-04-16,2023-04-13,-3 day ahead inc hosp,quantile,0.5,157,COVID-19
DE-MV,00+,2023-04-16,2023-04-13,-3 day ahead inc hosp,quantile,0.75,161,COVID-19
DE-MV,00+,2023-04-16,2023-04-13,-3 day ahead inc hosp,quantile,0.9,164,COVID-19
DE-MV,00+,2023-04-16,2023-04-13,-3 day ahead inc hosp,quantile,0.975,167,COVID-19
DE-MV,00+,2023-04-16,2023-04-14,-2 day ahead inc hosp,mean,NA,170.889,COVID-19
DE-MV,00+,2023-04-16,2023-04-14,-2 day ahead inc hosp,quantile,0.025,160,COVID-19
DE-MV,00+,2023-04-16,2023-04-14,-2 day ahead inc hosp,quantile,0.1,164,COVID-19
DE-MV,00+,2023-04-16,2023-04-14,-2 day ahead inc hosp,quantile,0.25,166,COVID-19
DE-MV,00+,2023-04-16,2023-04-14,-2 day ahead inc hosp,quantile,0.5,170,COVID-19
DE-MV,00+,2023-04-16,2023-04-14,-2 day ahead inc hosp,quantile,0.75,175,COVID-19
DE-MV,00+,2023-04-16,2023-04-14,-2 day ahead inc hosp,quantile,0.9,179,COVID-19
DE-MV,00+,2023-04-16,2023-04-14,-2 day ahead inc hosp,quantile,0.975,184,COVID-19
DE-MV,00+,2023-04-16,2023-04-15,-1 day ahead inc hosp,mean,NA,186.947,COVID-19
DE-MV,00+,2023-04-16,2023-04-15,-1 day ahead inc hosp,quantile,0.025,172,COVID-19
DE-MV,00+,2023-04-16,2023-04-15,-1 day ahead inc hosp,quantile,0.1,177,COVID-19
DE-MV,00+,2023-04-16,2023-04-15,-1 day ahead inc hosp,quantile,0.25,181,COVID-19
DE-MV,00+,2023-04-16,2023-04-15,-1 day ahead inc hosp,quantile,0.5,186,COVID-19
DE-MV,00+,2023-04-16,2023-04-15,-1 day ahead inc hosp,quantile,0.75,192,COVID-19
DE-MV,00+,2023-04-16,2023-04-15,-1 day ahead inc hosp,quantile,0.9,198,COVID-19
DE-MV,00+,2023-04-16,2023-04-15,-1 day ahead inc hosp,quantile,0.975,206,COVID-19
DE-MV,00+,2023-04-16,2023-04-16,0 day ahead inc hosp,mean,NA,188.049,COVID-19
DE-MV,00+,2023-04-16,2023-04-16,0 day ahead inc hosp,quantile,0.025,173,COVID-19
DE-MV,00+,2023-04-16,2023-04-16,0 day ahead inc hosp,quantile,0.1,177,COVID-19
DE-MV,00+,2023-04-16,2023-04-16,0 day ahead inc hosp,quantile,0.25,182,COVID-19
DE-MV,00+,2023-04-16,2023-04-16,0 day ahead inc hosp,quantile,0.5,187,COVID-19
DE-MV,00+,2023-04-16,2023-04-16,0 day ahead inc hosp,quantile,0.75,194,COVID-19
DE-MV,00+,2023-04-16,2023-04-16,0 day ahead inc hosp,quantile,0.9,200,COVID-19
DE-MV,00+,2023-04-16,2023-04-16,0 day ahead inc hosp,quantile,0.975,209,COVID-19
DE-NI,00+,2023-04-16,2023-03-19,-28 day ahead inc hosp,mean,NA,636.812,COVID-19
DE-NI,00+,2023-04-16,2023-03-19,-28 day ahead inc hosp,quantile,0.025,630,COVID-19
DE-NI,00+,2023-04-16,2023-03-19,-28 day ahead inc hosp,quantile,0.1,632,COVID-19
DE-NI,00+,2023-04-16,2023-03-19,-28 day ahead inc hosp,quantile,0.25,634,COVID-19
DE-NI,00+,2023-04-16,2023-03-19,-28 day ahead inc hosp,quantile,0.5,637,COVID-19
DE-NI,00+,2023-04-16,2023-03-19,-28 day ahead inc hosp,quantile,0.75,639,COVID-19
DE-NI,00+,2023-04-16,2023-03-19,-28 day ahead inc hosp,quantile,0.9,642,COVID-19
DE-NI,00+,2023-04-16,2023-03-19,-28 day ahead inc hosp,quantile,0.975,644,COVID-19
DE-NI,00+,2023-04-16,2023-03-20,-27 day ahead inc hosp,mean,NA,639.04,COVID-19
DE-NI,00+,2023-04-16,2023-03-20,-27 day ahead inc hosp,quantile,0.025,632,COVID-19
DE-NI,00+,2023-04-16,2023-03-20,-27 day ahead inc hosp,quantile,0.1,634,COVID-19
DE-NI,00+,2023-04-16,2023-03-20,-27 day ahead inc hosp,quantile,0.25,637,COVID-19
DE-NI,00+,2023-04-16,2023-03-20,-27 day ahead inc hosp,quantile,0.5,639,COVID-19
DE-NI,00+,2023-04-16,2023-03-20,-27 day ahead inc hosp,quantile,0.75,641,COVID-19
DE-NI,00+,2023-04-16,2023-03-20,-27 day ahead inc hosp,quantile,0.9,644,COVID-19
DE-NI,00+,2023-04-16,2023-03-20,-27 day ahead inc hosp,quantile,0.975,647,COVID-19
DE-NI,00+,2023-04-16,2023-03-21,-26 day ahead inc hosp,mean,NA,637.041,COVID-19
DE-NI,00+,2023-04-16,2023-03-21,-26 day ahead inc hosp,quantile,0.025,630,COVID-19
DE-NI,00+,2023-04-16,2023-03-21,-26 day ahead inc hosp,quantile,0.1,632,COVID-19
DE-NI,00+,2023-04-16,2023-03-21,-26 day ahead inc hosp,quantile,0.25,634,COVID-19
DE-NI,00+,2023-04-16,2023-03-21,-26 day ahead inc hosp,quantile,0.5,637,COVID-19
DE-NI,00+,2023-04-16,2023-03-21,-26 day ahead inc hosp,quantile,0.75,639,COVID-19
DE-NI,00+,2023-04-16,2023-03-21,-26 day ahead inc hosp,quantile,0.9,642,COVID-19
DE-NI,00+,2023-04-16,2023-03-21,-26 day ahead inc hosp,quantile,0.975,645,COVID-19
DE-NI,00+,2023-04-16,2023-03-22,-25 day ahead inc hosp,mean,NA,618.069,COVID-19
DE-NI,00+,2023-04-16,2023-03-22,-25 day ahead inc hosp,quantile,0.025,611,COVID-19
DE-NI,00+,2023-04-16,2023-03-22,-25 day ahead inc hosp,quantile,0.1,613,COVID-19
DE-NI,00+,2023-04-16,2023-03-22,-25 day ahead inc hosp,quantile,0.25,615,COVID-19
DE-NI,00+,2023-04-16,2023-03-22,-25 day ahead inc hosp,quantile,0.5,618,COVID-19
DE-NI,00+,2023-04-16,2023-03-22,-25 day ahead inc hosp,quantile,0.75,621,COVID-19
DE-NI,00+,2023-04-16,2023-03-22,-25 day ahead inc hosp,quantile,0.9,623,COVID-19
DE-NI,00+,2023-04-16,2023-03-22,-25 day ahead inc hosp,quantile,0.975,626,COVID-19
DE-NI,00+,2023-04-16,2023-03-23,-24 day ahead inc hosp,mean,NA,617.064,COVID-19
DE-NI,00+,2023-04-16,2023-03-23,-24 day ahead inc hosp,quantile,0.025,610,COVID-19
DE-NI,00+,2023-04-16,2023-03-23,-24 day ahead inc hosp,quantile,0.1,612,COVID-19
DE-NI,00+,2023-04-16,2023-03-23,-24 day ahead inc hosp,quantile,0.25,614,COVID-19
DE-NI,00+,2023-04-16,2023-03-23,-24 day ahead inc hosp,quantile,0.5,617,COVID-19
DE-NI,00+,2023-04-16,2023-03-23,-24 day ahead inc hosp,quantile,0.75,620,COVID-19
DE-NI,00+,2023-04-16,2023-03-23,-24 day ahead inc hosp,quantile,0.9,623,COVID-19
DE-NI,00+,2023-04-16,2023-03-23,-24 day ahead inc hosp,quantile,0.975,626,COVID-19
DE-NI,00+,2023-04-16,2023-03-24,-23 day ahead inc hosp,mean,NA,589.751,COVID-19
DE-NI,00+,2023-04-16,2023-03-24,-23 day ahead inc hosp,quantile,0.025,582,COVID-19
DE-NI,00+,2023-04-16,2023-03-24,-23 day ahead inc hosp,quantile,0.1,584,COVID-19
DE-NI,00+,2023-04-16,2023-03-24,-23 day ahead inc hosp,quantile,0.25,587,COVID-19
DE-NI,00+,2023-04-16,2023-03-24,-23 day ahead inc hosp,quantile,0.5,590,COVID-19
DE-NI,00+,2023-04-16,2023-03-24,-23 day ahead inc hosp,quantile,0.75,593,COVID-19
DE-NI,00+,2023-04-16,2023-03-24,-23 day ahead inc hosp,quantile,0.9,596,COVID-19
DE-NI,00+,2023-04-16,2023-03-24,-23 day ahead inc hosp,quantile,0.975,599,COVID-19
DE-NI,00+,2023-04-16,2023-03-25,-22 day ahead inc hosp,mean,NA,567.45,COVID-19
DE-NI,00+,2023-04-16,2023-03-25,-22 day ahead inc hosp,quantile,0.025,559,COVID-19
DE-NI,00+,2023-04-16,2023-03-25,-22 day ahead inc hosp,quantile,0.1,562,COVID-19
DE-NI,00+,2023-04-16,2023-03-25,-22 day ahead inc hosp,quantile,0.25,564,COVID-19
DE-NI,00+,2023-04-16,2023-03-25,-22 day ahead inc hosp,quantile,0.5,567,COVID-19
DE-NI,00+,2023-04-16,2023-03-25,-22 day ahead inc hosp,quantile,0.75,570,COVID-19
DE-NI,00+,2023-04-16,2023-03-25,-22 day ahead inc hosp,quantile,0.9,574,COVID-19
DE-NI,00+,2023-04-16,2023-03-25,-22 day ahead inc hosp,quantile,0.975,576,COVID-19
DE-NI,00+,2023-04-16,2023-03-26,-21 day ahead inc hosp,mean,NA,555.552,COVID-19
DE-NI,00+,2023-04-16,2023-03-26,-21 day ahead inc hosp,quantile,0.025,547,COVID-19
DE-NI,00+,2023-04-16,2023-03-26,-21 day ahead inc hosp,quantile,0.1,550,COVID-19
DE-NI,00+,2023-04-16,2023-03-26,-21 day ahead inc hosp,quantile,0.25,552,COVID-19
DE-NI,00+,2023-04-16,2023-03-26,-21 day ahead inc hosp,quantile,0.5,555,COVID-19
DE-NI,00+,2023-04-16,2023-03-26,-21 day ahead inc hosp,quantile,0.75,558,COVID-19
DE-NI,00+,2023-04-16,2023-03-26,-21 day ahead inc hosp,quantile,0.9,562,COVID-19
DE-NI,00+,2023-04-16,2023-03-26,-21 day ahead inc hosp,quantile,0.975,565,COVID-19
DE-NI,00+,2023-04-16,2023-03-27,-20 day ahead inc hosp,mean,NA,552.751,COVID-19
DE-NI,00+,2023-04-16,2023-03-27,-20 day ahead inc hosp,quantile,0.025,545,COVID-19
DE-NI,00+,2023-04-16,2023-03-27,-20 day ahead inc hosp,quantile,0.1,547,COVID-19
DE-NI,00+,2023-04-16,2023-03-27,-20 day ahead inc hosp,quantile,0.25,549,COVID-19
DE-NI,00+,2023-04-16,2023-03-27,-20 day ahead inc hosp,quantile,0.5,553,COVID-19
DE-NI,00+,2023-04-16,2023-03-27,-20 day ahead inc hosp,quantile,0.75,556,COVID-19
DE-NI,00+,2023-04-16,2023-03-27,-20 day ahead inc hosp,quantile,0.9,559,COVID-19
DE-NI,00+,2023-04-16,2023-03-27,-20 day ahead inc hosp,quantile,0.975,562,COVID-19
DE-NI,00+,2023-04-16,2023-03-28,-19 day ahead inc hosp,mean,NA,514.284,COVID-19
DE-NI,00+,2023-04-16,2023-03-28,-19 day ahead inc hosp,quantile,0.025,506,COVID-19
DE-NI,00+,2023-04-16,2023-03-28,-19 day ahead inc hosp,quantile,0.1,508,COVID-19
DE-NI,00+,2023-04-16,2023-03-28,-19 day ahead inc hosp,quantile,0.25,511,COVID-19
DE-NI,00+,2023-04-16,2023-03-28,-19 day ahead inc hosp,quantile,0.5,514,COVID-19
DE-NI,00+,2023-04-16,2023-03-28,-19 day ahead inc hosp,quantile,0.75,517,COVID-19
DE-NI,00+,2023-04-16,2023-03-28,-19 day ahead inc hosp,quantile,0.9,520,COVID-19
DE-NI,00+,2023-04-16,2023-03-28,-19 day ahead inc hosp,quantile,0.975,524,COVID-19
DE-NI,00+,2023-04-16,2023-03-29,-18 day ahead inc hosp,mean,NA,479.863,COVID-19
DE-NI,00+,2023-04-16,2023-03-29,-18 day ahead inc hosp,quantile,0.025,471,COVID-19
DE-NI,00+,2023-04-16,2023-03-29,-18 day ahead inc hosp,quantile,0.1,474,COVID-19
DE-NI,00+,2023-04-16,2023-03-29,-18 day ahead inc hosp,quantile,0.25,477,COVID-19
DE-NI,00+,2023-04-16,2023-03-29,-18 day ahead inc hosp,quantile,0.5,480,COVID-19
DE-NI,00+,2023-04-16,2023-03-29,-18 day ahead inc hosp,quantile,0.75,483,COVID-19
DE-NI,00+,2023-04-16,2023-03-29,-18 day ahead inc hosp,quantile,0.9,486,COVID-19
DE-NI,00+,2023-04-16,2023-03-29,-18 day ahead inc hosp,quantile,0.975,489,COVID-19
DE-NI,00+,2023-04-16,2023-03-30,-17 day ahead inc hosp,mean,NA,453.444,COVID-19
DE-NI,00+,2023-04-16,2023-03-30,-17 day ahead inc hosp,quantile,0.025,445,COVID-19
DE-NI,00+,2023-04-16,2023-03-30,-17 day ahead inc hosp,quantile,0.1,447,COVID-19
DE-NI,00+,2023-04-16,2023-03-30,-17 day ahead inc hosp,quantile,0.25,450,COVID-19
DE-NI,00+,2023-04-16,2023-03-30,-17 day ahead inc hosp,quantile,0.5,453,COVID-19
DE-NI,00+,2023-04-16,2023-03-30,-17 day ahead inc hosp,quantile,0.75,457,COVID-19
DE-NI,00+,2023-04-16,2023-03-30,-17 day ahead inc hosp,quantile,0.9,460,COVID-19
DE-NI,00+,2023-04-16,2023-03-30,-17 day ahead inc hosp,quantile,0.975,463,COVID-19
DE-NI,00+,2023-04-16,2023-03-31,-16 day ahead inc hosp,mean,NA,423.041,COVID-19
DE-NI,00+,2023-04-16,2023-03-31,-16 day ahead inc hosp,quantile,0.025,414,COVID-19
DE-NI,00+,2023-04-16,2023-03-31,-16 day ahead inc hosp,quantile,0.1,417,COVID-19
DE-NI,00+,2023-04-16,2023-03-31,-16 day ahead inc hosp,quantile,0.25,420,COVID-19
DE-NI,00+,2023-04-16,2023-03-31,-16 day ahead inc hosp,quantile,0.5,423,COVID-19
DE-NI,00+,2023-04-16,2023-03-31,-16 day ahead inc hosp,quantile,0.75,426,COVID-19
DE-NI,00+,2023-04-16,2023-03-31,-16 day ahead inc hosp,quantile,0.9,429,COVID-19
DE-NI,00+,2023-04-16,2023-03-31,-16 day ahead inc hosp,quantile,0.975,432,COVID-19
DE-NI,00+,2023-04-16,2023-04-01,-15 day ahead inc hosp,mean,NA,408.753,COVID-19
DE-NI,00+,2023-04-16,2023-04-01,-15 day ahead inc hosp,quantile,0.025,400,COVID-19
DE-NI,00+,2023-04-16,2023-04-01,-15 day ahead inc hosp,quantile,0.1,403,COVID-19
DE-NI,00+,2023-04-16,2023-04-01,-15 day ahead inc hosp,quantile,0.25,405,COVID-19
DE-NI,00+,2023-04-16,2023-04-01,-15 day ahead inc hosp,quantile,0.5,408,COVID-19
DE-NI,00+,2023-04-16,2023-04-01,-15 day ahead inc hosp,quantile,0.75,412,COVID-19
DE-NI,00+,2023-04-16,2023-04-01,-15 day ahead inc hosp,quantile,0.9,415,COVID-19
DE-NI,00+,2023-04-16,2023-04-01,-15 day ahead inc hosp,quantile,0.975,419,COVID-19
DE-NI,00+,2023-04-16,2023-04-02,-14 day ahead inc hosp,mean,NA,408.05,COVID-19
DE-NI,00+,2023-04-16,2023-04-02,-14 day ahead inc hosp,quantile,0.025,399,COVID-19
DE-NI,00+,2023-04-16,2023-04-02,-14 day ahead inc hosp,quantile,0.1,402,COVID-19
DE-NI,00+,2023-04-16,2023-04-02,-14 day ahead inc hosp,quantile,0.25,404,COVID-19
DE-NI,00+,2023-04-16,2023-04-02,-14 day ahead inc hosp,quantile,0.5,408,COVID-19
DE-NI,00+,2023-04-16,2023-04-02,-14 day ahead inc hosp,quantile,0.75,411,COVID-19
DE-NI,00+,2023-04-16,2023-04-02,-14 day ahead inc hosp,quantile,0.9,414,COVID-19
DE-NI,00+,2023-04-16,2023-04-02,-14 day ahead inc hosp,quantile,0.975,418,COVID-19
DE-NI,00+,2023-04-16,2023-04-03,-13 day ahead inc hosp,mean,NA,396.231,COVID-19
DE-NI,00+,2023-04-16,2023-04-03,-13 day ahead inc hosp,quantile,0.025,387,COVID-19
DE-NI,00+,2023-04-16,2023-04-03,-13 day ahead inc hosp,quantile,0.1,390,COVID-19
DE-NI,00+,2023-04-16,2023-04-03,-13 day ahead inc hosp,quantile,0.25,393,COVID-19
DE-NI,00+,2023-04-16,2023-04-03,-13 day ahead inc hosp,quantile,0.5,396,COVID-19
DE-NI,00+,2023-04-16,2023-04-03,-13 day ahead inc hosp,quantile,0.75,399,COVID-19
DE-NI,00+,2023-04-16,2023-04-03,-13 day ahead inc hosp,quantile,0.9,403,COVID-19
DE-NI,00+,2023-04-16,2023-04-03,-13 day ahead inc hosp,quantile,0.975,406,COVID-19
DE-NI,00+,2023-04-16,2023-04-04,-12 day ahead inc hosp,mean,NA,357.451,COVID-19
DE-NI,00+,2023-04-16,2023-04-04,-12 day ahead inc hosp,quantile,0.025,348,COVID-19
DE-NI,00+,2023-04-16,2023-04-04,-12 day ahead inc hosp,quantile,0.1,351,COVID-19
DE-NI,00+,2023-04-16,2023-04-04,-12 day ahead inc hosp,quantile,0.25,354,COVID-19
DE-NI,00+,2023-04-16,2023-04-04,-12 day ahead inc hosp,quantile,0.5,357,COVID-19
DE-NI,00+,2023-04-16,2023-04-04,-12 day ahead inc hosp,quantile,0.75,361,COVID-19
DE-NI,00+,2023-04-16,2023-04-04,-12 day ahead inc hosp,quantile,0.9,364,COVID-19
DE-NI,00+,2023-04-16,2023-04-04,-12 day ahead inc hosp,quantile,0.975,368,COVID-19
DE-NI,00+,2023-04-16,2023-04-05,-11 day ahead inc hosp,mean,NA,353.91,COVID-19
DE-NI,00+,2023-04-16,2023-04-05,-11 day ahead inc hosp,quantile,0.025,344,COVID-19
DE-NI,00+,2023-04-16,2023-04-05,-11 day ahead inc hosp,quantile,0.1,347,COVID-19
DE-NI,00+,2023-04-16,2023-04-05,-11 day ahead inc hosp,quantile,0.25,350,COVID-19
DE-NI,00+,2023-04-16,2023-04-05,-11 day ahead inc hosp,quantile,0.5,354,COVID-19
DE-NI,00+,2023-04-16,2023-04-05,-11 day ahead inc hosp,quantile,0.75,357,COVID-19
DE-NI,00+,2023-04-16,2023-04-05,-11 day ahead inc hosp,quantile,0.9,361,COVID-19
DE-NI,00+,2023-04-16,2023-04-05,-11 day ahead inc hosp,quantile,0.975,365,COVID-19
DE-NI,00+,2023-04-16,2023-04-06,-10 day ahead inc hosp,mean,NA,333.744,COVID-19
DE-NI,00+,2023-04-16,2023-04-06,-10 day ahead inc hosp,quantile,0.025,324,COVID-19
DE-NI,00+,2023-04-16,2023-04-06,-10 day ahead inc hosp,quantile,0.1,326,COVID-19
DE-NI,00+,2023-04-16,2023-04-06,-10 day ahead inc hosp,quantile,0.25,330,COVID-19
DE-NI,00+,2023-04-16,2023-04-06,-10 day ahead inc hosp,quantile,0.5,333,COVID-19
DE-NI,00+,2023-04-16,2023-04-06,-10 day ahead inc hosp,quantile,0.75,338,COVID-19
DE-NI,00+,2023-04-16,2023-04-06,-10 day ahead inc hosp,quantile,0.9,341,COVID-19
DE-NI,00+,2023-04-16,2023-04-06,-10 day ahead inc hosp,quantile,0.975,346,COVID-19
DE-NI,00+,2023-04-16,2023-04-07,-9 day ahead inc hosp,mean,NA,330.752,COVID-19
DE-NI,00+,2023-04-16,2023-04-07,-9 day ahead inc hosp,quantile,0.025,320,COVID-19
DE-NI,00+,2023-04-16,2023-04-07,-9 day ahead inc hosp,quantile,0.1,323,COVID-19
DE-NI,00+,2023-04-16,2023-04-07,-9 day ahead inc hosp,quantile,0.25,326,COVID-19
DE-NI,00+,2023-04-16,2023-04-07,-9 day ahead inc hosp,quantile,0.5,330,COVID-19
DE-NI,00+,2023-04-16,2023-04-07,-9 day ahead inc hosp,quantile,0.75,335,COVID-19
DE-NI,00+,2023-04-16,2023-04-07,-9 day ahead inc hosp,quantile,0.9,339,COVID-19
DE-NI,00+,2023-04-16,2023-04-07,-9 day ahead inc hosp,quantile,0.975,344,COVID-19
DE-NI,00+,2023-04-16,2023-04-08,-8 day ahead inc hosp,mean,NA,290.16,COVID-19
DE-NI,00+,2023-04-16,2023-04-08,-8 day ahead inc hosp,quantile,0.025,279,COVID-19
DE-NI,00+,2023-04-16,2023-04-08,-8 day ahead inc hosp,quantile,0.1,282,COVID-19
DE-NI,00+,2023-04-16,2023-04-08,-8 day ahead inc hosp,quantile,0.25,286,COVID-19
DE-NI,00+,2023-04-16,2023-04-08,-8 day ahead inc hosp,quantile,0.5,290,COVID-19
DE-NI,00+,2023-04-16,2023-04-08,-8 day ahead inc hosp,quantile,0.75,294,COVID-19
DE-NI,00+,2023-04-16,2023-04-08,-8 day ahead inc hosp,quantile,0.9,298,COVID-19
DE-NI,00+,2023-04-16,2023-04-08,-8 day ahead inc hosp,quantile,0.975,304,COVID-19
DE-NI,00+,2023-04-16,2023-04-09,-7 day ahead inc hosp,mean,NA,292.214,COVID-19
DE-NI,00+,2023-04-16,2023-04-09,-7 day ahead inc hosp,quantile,0.025,281,COVID-19
DE-NI,00+,2023-04-16,2023-04-09,-7 day ahead inc hosp,quantile,0.1,284,COVID-19
DE-NI,00+,2023-04-16,2023-04-09,-7 day ahead inc hosp,quantile,0.25,288,COVID-19
DE-NI,00+,2023-04-16,2023-04-09,-7 day ahead inc hosp,quantile,0.5,292,COVID-19
DE-NI,00+,2023-04-16,2023-04-09,-7 day ahead inc hosp,quantile,0.75,296,COVID-19
DE-NI,00+,2023-04-16,2023-04-09,-7 day ahead inc hosp,quantile,0.9,301,COVID-19
DE-NI,00+,2023-04-16,2023-04-09,-7 day ahead inc hosp,quantile,0.975,306,COVID-19
DE-NI,00+,2023-04-16,2023-04-10,-6 day ahead inc hosp,mean,NA,289.259,COVID-19
DE-NI,00+,2023-04-16,2023-04-10,-6 day ahead inc hosp,quantile,0.025,278,COVID-19
DE-NI,00+,2023-04-16,2023-04-10,-6 day ahead inc hosp,quantile,0.1,281,COVID-19
DE-NI,00+,2023-04-16,2023-04-10,-6 day ahead inc hosp,quantile,0.25,285,COVID-19
DE-NI,00+,2023-04-16,2023-04-10,-6 day ahead inc hosp,quantile,0.5,289,COVID-19
DE-NI,00+,2023-04-16,2023-04-10,-6 day ahead inc hosp,quantile,0.75,293,COVID-19
DE-NI,00+,2023-04-16,2023-04-10,-6 day ahead inc hosp,quantile,0.9,298,COVID-19
DE-NI,00+,2023-04-16,2023-04-10,-6 day ahead inc hosp,quantile,0.975,304,COVID-19
DE-NI,00+,2023-04-16,2023-04-11,-5 day ahead inc hosp,mean,NA,227.384,COVID-19
DE-NI,00+,2023-04-16,2023-04-11,-5 day ahead inc hosp,quantile,0.025,214,COVID-19
DE-NI,00+,2023-04-16,2023-04-11,-5 day ahead inc hosp,quantile,0.1,218,COVID-19
DE-NI,00+,2023-04-16,2023-04-11,-5 day ahead inc hosp,quantile,0.25,222,COVID-19
DE-NI,00+,2023-04-16,2023-04-11,-5 day ahead inc hosp,quantile,0.5,227,COVID-19
DE-NI,00+,2023-04-16,2023-04-11,-5 day ahead inc hosp,quantile,0.75,232,COVID-19
DE-NI,00+,2023-04-16,2023-04-11,-5 day ahead inc hosp,quantile,0.9,238,COVID-19
DE-NI,00+,2023-04-16,2023-04-11,-5 day ahead inc hosp,quantile,0.975,244,COVID-19
DE-NI,00+,2023-04-16,2023-04-12,-4 day ahead inc hosp,mean,NA,252.138,COVID-19
DE-NI,00+,2023-04-16,2023-04-12,-4 day ahead inc hosp,quantile,0.025,235,COVID-19
DE-NI,00+,2023-04-16,2023-04-12,-4 day ahead inc hosp,quantile,0.1,241,COVID-19
DE-NI,00+,2023-04-16,2023-04-12,-4 day ahead inc hosp,quantile,0.25,246,COVID-19
DE-NI,00+,2023-04-16,2023-04-12,-4 day ahead inc hosp,quantile,0.5,251,COVID-19
DE-NI,00+,2023-04-16,2023-04-12,-4 day ahead inc hosp,quantile,0.75,258,COVID-19
DE-NI,00+,2023-04-16,2023-04-12,-4 day ahead inc hosp,quantile,0.9,264,COVID-19
DE-NI,00+,2023-04-16,2023-04-12,-4 day ahead inc hosp,quantile,0.975,273,COVID-19
DE-NI,00+,2023-04-16,2023-04-13,-3 day ahead inc hosp,mean,NA,293.368,COVID-19
DE-NI,00+,2023-04-16,2023-04-13,-3 day ahead inc hosp,quantile,0.025,273,COVID-19
DE-NI,00+,2023-04-16,2023-04-13,-3 day ahead inc hosp,quantile,0.1,279,COVID-19
DE-NI,00+,2023-04-16,2023-04-13,-3 day ahead inc hosp,quantile,0.25,285,COVID-19
DE-NI,00+,2023-04-16,2023-04-13,-3 day ahead inc hosp,quantile,0.5,292,COVID-19
DE-NI,00+,2023-04-16,2023-04-13,-3 day ahead inc hosp,quantile,0.75,301,COVID-19
DE-NI,00+,2023-04-16,2023-04-13,-3 day ahead inc hosp,quantile,0.9,310,COVID-19
DE-NI,00+,2023-04-16,2023-04-13,-3 day ahead inc hosp,quantile,0.975,321,COVID-19
DE-NI,00+,2023-04-16,2023-04-14,-2 day ahead inc hosp,mean,NA,316.056,COVID-19
DE-NI,00+,2023-04-16,2023-04-14,-2 day ahead inc hosp,quantile,0.025,289,COVID-19
DE-NI,00+,2023-04-16,2023-04-14,-2 day ahead inc hosp,quantile,0.1,297,COVID-19
DE-NI,00+,2023-04-16,2023-04-14,-2 day ahead inc hosp,quantile,0.25,304,COVID-19
DE-NI,00+,2023-04-16,2023-04-14,-2 day ahead inc hosp,quantile,0.5,315,COVID-19
DE-NI,00+,2023-04-16,2023-04-14,-2 day ahead inc hosp,quantile,0.75,325,COVID-19
DE-NI,00+,2023-04-16,2023-04-14,-2 day ahead inc hosp,quantile,0.9,337,COVID-19
DE-NI,00+,2023-04-16,2023-04-14,-2 day ahead inc hosp,quantile,0.975,350,COVID-19
DE-NI,00+,2023-04-16,2023-04-15,-1 day ahead inc hosp,mean,NA,344.952,COVID-19
DE-NI,00+,2023-04-16,2023-04-15,-1 day ahead inc hosp,quantile,0.025,306,COVID-19
DE-NI,00+,2023-04-16,2023-04-15,-1 day ahead inc hosp,quantile,0.1,319,COVID-19
DE-NI,00+,2023-04-16,2023-04-15,-1 day ahead inc hosp,quantile,0.25,329,COVID-19
DE-NI,00+,2023-04-16,2023-04-15,-1 day ahead inc hosp,quantile,0.5,343,COVID-19
DE-NI,00+,2023-04-16,2023-04-15,-1 day ahead inc hosp,quantile,0.75,357,COVID-19
DE-NI,00+,2023-04-16,2023-04-15,-1 day ahead inc hosp,quantile,0.9,376,COVID-19
DE-NI,00+,2023-04-16,2023-04-15,-1 day ahead inc hosp,quantile,0.975,395,COVID-19
DE-NI,00+,2023-04-16,2023-04-16,0 day ahead inc hosp,mean,NA,343.781,COVID-19
DE-NI,00+,2023-04-16,2023-04-16,0 day ahead inc hosp,quantile,0.025,301,COVID-19
DE-NI,00+,2023-04-16,2023-04-16,0 day ahead inc hosp,quantile,0.1,314,COVID-19
DE-NI,00+,2023-04-16,2023-04-16,0 day ahead inc hosp,quantile,0.25,326,COVID-19
DE-NI,00+,2023-04-16,2023-04-16,0 day ahead inc hosp,quantile,0.5,341,COVID-19
DE-NI,00+,2023-04-16,2023-04-16,0 day ahead inc hosp,quantile,0.75,359,COVID-19
DE-NI,00+,2023-04-16,2023-04-16,0 day ahead inc hosp,quantile,0.9,378,COVID-19
DE-NI,00+,2023-04-16,2023-04-16,0 day ahead inc hosp,quantile,0.975,399,COVID-19
DE-NW,00+,2023-04-16,2023-03-19,-28 day ahead inc hosp,mean,NA,2370.458,COVID-19
DE-NW,00+,2023-04-16,2023-03-19,-28 day ahead inc hosp,quantile,0.025,2359,COVID-19
DE-NW,00+,2023-04-16,2023-03-19,-28 day ahead inc hosp,quantile,0.1,2363,COVID-19
DE-NW,00+,2023-04-16,2023-03-19,-28 day ahead inc hosp,quantile,0.25,2366,COVID-19
DE-NW,00+,2023-04-16,2023-03-19,-28 day ahead inc hosp,quantile,0.5,2370,COVID-19
DE-NW,00+,2023-04-16,2023-03-19,-28 day ahead inc hosp,quantile,0.75,2374,COVID-19
DE-NW,00+,2023-04-16,2023-03-19,-28 day ahead inc hosp,quantile,0.9,2378,COVID-19
DE-NW,00+,2023-04-16,2023-03-19,-28 day ahead inc hosp,quantile,0.975,2383,COVID-19
DE-NW,00+,2023-04-16,2023-03-20,-27 day ahead inc hosp,mean,NA,2348.917,COVID-19
DE-NW,00+,2023-04-16,2023-03-20,-27 day ahead inc hosp,quantile,0.025,2337,COVID-19
DE-NW,00+,2023-04-16,2023-03-20,-27 day ahead inc hosp,quantile,0.1,2341,COVID-19
DE-NW,00+,2023-04-16,2023-03-20,-27 day ahead inc hosp,quantile,0.25,2345,COVID-19
DE-NW,00+,2023-04-16,2023-03-20,-27 day ahead inc hosp,quantile,0.5,2349,COVID-19
DE-NW,00+,2023-04-16,2023-03-20,-27 day ahead inc hosp,quantile,0.75,2353,COVID-19
DE-NW,00+,2023-04-16,2023-03-20,-27 day ahead inc hosp,quantile,0.9,2357,COVID-19
DE-NW,00+,2023-04-16,2023-03-20,-27 day ahead inc hosp,quantile,0.975,2361,COVID-19
DE-NW,00+,2023-04-16,2023-03-21,-26 day ahead inc hosp,mean,NA,2274.799,COVID-19
DE-NW,00+,2023-04-16,2023-03-21,-26 day ahead inc hosp,quantile,0.025,2264,COVID-19
DE-NW,00+,2023-04-16,2023-03-21,-26 day ahead inc hosp,quantile,0.1,2267,COVID-19
DE-NW,00+,2023-04-16,2023-03-21,-26 day ahead inc hosp,quantile,0.25,2271,COVID-19
DE-NW,00+,2023-04-16,2023-03-21,-26 day ahead inc hosp,quantile,0.5,2275,COVID-19
DE-NW,00+,2023-04-16,2023-03-21,-26 day ahead inc hosp,quantile,0.75,2279,COVID-19
DE-NW,00+,2023-04-16,2023-03-21,-26 day ahead inc hosp,quantile,0.9,2283,COVID-19
DE-NW,00+,2023-04-16,2023-03-21,-26 day ahead inc hosp,quantile,0.975,2287,COVID-19
DE-NW,00+,2023-04-16,2023-03-22,-25 day ahead inc hosp,mean,NA,2140.606,COVID-19
DE-NW,00+,2023-04-16,2023-03-22,-25 day ahead inc hosp,quantile,0.025,2128,COVID-19
DE-NW,00+,2023-04-16,2023-03-22,-25 day ahead inc hosp,quantile,0.1,2133,COVID-19
DE-NW,00+,2023-04-16,2023-03-22,-25 day ahead inc hosp,quantile,0.25,2136,COVID-19
DE-NW,00+,2023-04-16,2023-03-22,-25 day ahead inc hosp,quantile,0.5,2140,COVID-19
DE-NW,00+,2023-04-16,2023-03-22,-25 day ahead inc hosp,quantile,0.75,2145,COVID-19
DE-NW,00+,2023-04-16,2023-03-22,-25 day ahead inc hosp,quantile,0.9,2150,COVID-19
DE-NW,00+,2023-04-16,2023-03-22,-25 day ahead inc hosp,quantile,0.975,2154,COVID-19
DE-NW,00+,2023-04-16,2023-03-23,-24 day ahead inc hosp,mean,NA,1995.101,COVID-19
DE-NW,00+,2023-04-16,2023-03-23,-24 day ahead inc hosp,quantile,0.025,1983,COVID-19
DE-NW,00+,2023-04-16,2023-03-23,-24 day ahead inc hosp,quantile,0.1,1987,COVID-19
DE-NW,00+,2023-04-16,2023-03-23,-24 day ahead inc hosp,quantile,0.25,1990,COVID-19
DE-NW,00+,2023-04-16,2023-03-23,-24 day ahead inc hosp,quantile,0.5,1995,COVID-19
DE-NW,00+,2023-04-16,2023-03-23,-24 day ahead inc hosp,quantile,0.75,2000,COVID-19
DE-NW,00+,2023-04-16,2023-03-23,-24 day ahead inc hosp,quantile,0.9,2004,COVID-19
DE-NW,00+,2023-04-16,2023-03-23,-24 day ahead inc hosp,quantile,0.975,2009,COVID-19
DE-NW,00+,2023-04-16,2023-03-24,-23 day ahead inc hosp,mean,NA,1911.782,COVID-19
DE-NW,00+,2023-04-16,2023-03-24,-23 day ahead inc hosp,quantile,0.025,1899,COVID-19
DE-NW,00+,2023-04-16,2023-03-24,-23 day ahead inc hosp,quantile,0.1,1903,COVID-19
DE-NW,00+,2023-04-16,2023-03-24,-23 day ahead inc hosp,quantile,0.25,1907,COVID-19
DE-NW,00+,2023-04-16,2023-03-24,-23 day ahead inc hosp,quantile,0.5,1911,COVID-19
DE-NW,00+,2023-04-16,2023-03-24,-23 day ahead inc hosp,quantile,0.75,1916,COVID-19
DE-NW,00+,2023-04-16,2023-03-24,-23 day ahead inc hosp,quantile,0.9,1921,COVID-19
DE-NW,00+,2023-04-16,2023-03-24,-23 day ahead inc hosp,quantile,0.975,1926,COVID-19
DE-NW,00+,2023-04-16,2023-03-25,-22 day ahead inc hosp,mean,NA,1862.407,COVID-19
DE-NW,00+,2023-04-16,2023-03-25,-22 day ahead inc hosp,quantile,0.025,1849,COVID-19
DE-NW,00+,2023-04-16,2023-03-25,-22 day ahead inc hosp,quantile,0.1,1853,COVID-19
DE-NW,00+,2023-04-16,2023-03-25,-22 day ahead inc hosp,quantile,0.25,1858,COVID-19
DE-NW,00+,2023-04-16,2023-03-25,-22 day ahead inc hosp,quantile,0.5,1862,COVID-19
DE-NW,00+,2023-04-16,2023-03-25,-22 day ahead inc hosp,quantile,0.75,1867,COVID-19
DE-NW,00+,2023-04-16,2023-03-25,-22 day ahead inc hosp,quantile,0.9,1872,COVID-19
DE-NW,00+,2023-04-16,2023-03-25,-22 day ahead inc hosp,quantile,0.975,1877,COVID-19
DE-NW,00+,2023-04-16,2023-03-26,-21 day ahead inc hosp,mean,NA,1795.982,COVID-19
DE-NW,00+,2023-04-16,2023-03-26,-21 day ahead inc hosp,quantile,0.025,1783,COVID-19
DE-NW,00+,2023-04-16,2023-03-26,-21 day ahead inc hosp,quantile,0.1,1787,COVID-19
DE-NW,00+,2023-04-16,2023-03-26,-21 day ahead inc hosp,quantile,0.25,1791,COVID-19
DE-NW,00+,2023-04-16,2023-03-26,-21 day ahead inc hosp,quantile,0.5,1796,COVID-19
DE-NW,00+,2023-04-16,2023-03-26,-21 day ahead inc hosp,quantile,0.75,1801,COVID-19
DE-NW,00+,2023-04-16,2023-03-26,-21 day ahead inc hosp,quantile,0.9,1805,COVID-19
DE-NW,00+,2023-04-16,2023-03-26,-21 day ahead inc hosp,quantile,0.975,1810,COVID-19
DE-NW,00+,2023-04-16,2023-03-27,-20 day ahead inc hosp,mean,NA,1758.508,COVID-19
DE-NW,00+,2023-04-16,2023-03-27,-20 day ahead inc hosp,quantile,0.025,1746,COVID-19
DE-NW,00+,2023-04-16,2023-03-27,-20 day ahead inc hosp,quantile,0.1,1749,COVID-19
DE-NW,00+,2023-04-16,2023-03-27,-20 day ahead inc hosp,quantile,0.25,1754,COVID-19
DE-NW,00+,2023-04-16,2023-03-27,-20 day ahead inc hosp,quantile,0.5,1758,COVID-19
DE-NW,00+,2023-04-16,2023-03-27,-20 day ahead inc hosp,quantile,0.75,1763,COVID-19
DE-NW,00+,2023-04-16,2023-03-27,-20 day ahead inc hosp,quantile,0.9,1768,COVID-19
DE-NW,00+,2023-04-16,2023-03-27,-20 day ahead inc hosp,quantile,0.975,1773,COVID-19
DE-NW,00+,2023-04-16,2023-03-28,-19 day ahead inc hosp,mean,NA,1599.536,COVID-19
DE-NW,00+,2023-04-16,2023-03-28,-19 day ahead inc hosp,quantile,0.025,1587,COVID-19
DE-NW,00+,2023-04-16,2023-03-28,-19 day ahead inc hosp,quantile,0.1,1591,COVID-19
DE-NW,00+,2023-04-16,2023-03-28,-19 day ahead inc hosp,quantile,0.25,1595,COVID-19
DE-NW,00+,2023-04-16,2023-03-28,-19 day ahead inc hosp,quantile,0.5,1599,COVID-19
DE-NW,00+,2023-04-16,2023-03-28,-19 day ahead inc hosp,quantile,0.75,1604,COVID-19
DE-NW,00+,2023-04-16,2023-03-28,-19 day ahead inc hosp,quantile,0.9,1608,COVID-19
DE-NW,00+,2023-04-16,2023-03-28,-19 day ahead inc hosp,quantile,0.975,1614,COVID-19
DE-NW,00+,2023-04-16,2023-03-29,-18 day ahead inc hosp,mean,NA,1496.523,COVID-19
DE-NW,00+,2023-04-16,2023-03-29,-18 day ahead inc hosp,quantile,0.025,1484,COVID-19
DE-NW,00+,2023-04-16,2023-03-29,-18 day ahead inc hosp,quantile,0.1,1488,COVID-19
DE-NW,00+,2023-04-16,2023-03-29,-18 day ahead inc hosp,quantile,0.25,1491,COVID-19
DE-NW,00+,2023-04-16,2023-03-29,-18 day ahead inc hosp,quantile,0.5,1496,COVID-19
DE-NW,00+,2023-04-16,2023-03-29,-18 day ahead inc hosp,quantile,0.75,1501,COVID-19
DE-NW,00+,2023-04-16,2023-03-29,-18 day ahead inc hosp,quantile,0.9,1506,COVID-19
DE-NW,00+,2023-04-16,2023-03-29,-18 day ahead inc hosp,quantile,0.975,1511,COVID-19
DE-NW,00+,2023-04-16,2023-03-30,-17 day ahead inc hosp,mean,NA,1431.545,COVID-19
DE-NW,00+,2023-04-16,2023-03-30,-17 day ahead inc hosp,quantile,0.025,1418,COVID-19
DE-NW,00+,2023-04-16,2023-03-30,-17 day ahead inc hosp,quantile,0.1,1422,COVID-19
DE-NW,00+,2023-04-16,2023-03-30,-17 day ahead inc hosp,quantile,0.25,1426,COVID-19
DE-NW,00+,2023-04-16,2023-03-30,-17 day ahead inc hosp,quantile,0.5,1431,COVID-19
DE-NW,00+,2023-04-16,2023-03-30,-17 day ahead inc hosp,quantile,0.75,1437,COVID-19
DE-NW,00+,2023-04-16,2023-03-30,-17 day ahead inc hosp,quantile,0.9,1441,COVID-19
DE-NW,00+,2023-04-16,2023-03-30,-17 day ahead inc hosp,quantile,0.975,1447,COVID-19
DE-NW,00+,2023-04-16,2023-03-31,-16 day ahead inc hosp,mean,NA,1349.001,COVID-19
DE-NW,00+,2023-04-16,2023-03-31,-16 day ahead inc hosp,quantile,0.025,1335,COVID-19
DE-NW,00+,2023-04-16,2023-03-31,-16 day ahead inc hosp,quantile,0.1,1339,COVID-19
DE-NW,00+,2023-04-16,2023-03-31,-16 day ahead inc hosp,quantile,0.25,1343,COVID-19
DE-NW,00+,2023-04-16,2023-03-31,-16 day ahead inc hosp,quantile,0.5,1349,COVID-19
DE-NW,00+,2023-04-16,2023-03-31,-16 day ahead inc hosp,quantile,0.75,1354,COVID-19
DE-NW,00+,2023-04-16,2023-03-31,-16 day ahead inc hosp,quantile,0.9,1359,COVID-19
DE-NW,00+,2023-04-16,2023-03-31,-16 day ahead inc hosp,quantile,0.975,1365,COVID-19
DE-NW,00+,2023-04-16,2023-04-01,-15 day ahead inc hosp,mean,NA,1303.689,COVID-19
DE-NW,00+,2023-04-16,2023-04-01,-15 day ahead inc hosp,quantile,0.025,1288,COVID-19
DE-NW,00+,2023-04-16,2023-04-01,-15 day ahead inc hosp,quantile,0.1,1294,COVID-19
DE-NW,00+,2023-04-16,2023-04-01,-15 day ahead inc hosp,quantile,0.25,1298,COVID-19
DE-NW,00+,2023-04-16,2023-04-01,-15 day ahead inc hosp,quantile,0.5,1303,COVID-19
DE-NW,00+,2023-04-16,2023-04-01,-15 day ahead inc hosp,quantile,0.75,1309,COVID-19
DE-NW,00+,2023-04-16,2023-04-01,-15 day ahead inc hosp,quantile,0.9,1314,COVID-19
DE-NW,00+,2023-04-16,2023-04-01,-15 day ahead inc hosp,quantile,0.975,1319,COVID-19
DE-NW,00+,2023-04-16,2023-04-02,-14 day ahead inc hosp,mean,NA,1293.53,COVID-19
DE-NW,00+,2023-04-16,2023-04-02,-14 day ahead inc hosp,quantile,0.025,1278,COVID-19
DE-NW,00+,2023-04-16,2023-04-02,-14 day ahead inc hosp,quantile,0.1,1283,COVID-19
DE-NW,00+,2023-04-16,2023-04-02,-14 day ahead inc hosp,quantile,0.25,1288,COVID-19
DE-NW,00+,2023-04-16,2023-04-02,-14 day ahead inc hosp,quantile,0.5,1293,COVID-19
DE-NW,00+,2023-04-16,2023-04-02,-14 day ahead inc hosp,quantile,0.75,1299,COVID-19
DE-NW,00+,2023-04-16,2023-04-02,-14 day ahead inc hosp,quantile,0.9,1304,COVID-19
DE-NW,00+,2023-04-16,2023-04-02,-14 day ahead inc hosp,quantile,0.975,1310,COVID-19
DE-NW,00+,2023-04-16,2023-04-03,-13 day ahead inc hosp,mean,NA,1279.154,COVID-19
DE-NW,00+,2023-04-16,2023-04-03,-13 day ahead inc hosp,quantile,0.025,1265,COVID-19
DE-NW,00+,2023-04-16,2023-04-03,-13 day ahead inc hosp,quantile,0.1,1269,COVID-19
DE-NW,00+,2023-04-16,2023-04-03,-13 day ahead inc hosp,quantile,0.25,1274,COVID-19
DE-NW,00+,2023-04-16,2023-04-03,-13 day ahead inc hosp,quantile,0.5,1279,COVID-19
DE-NW,00+,2023-04-16,2023-04-03,-13 day ahead inc hosp,quantile,0.75,1285,COVID-19
DE-NW,00+,2023-04-16,2023-04-03,-13 day ahead inc hosp,quantile,0.9,1290,COVID-19
DE-NW,00+,2023-04-16,2023-04-03,-13 day ahead inc hosp,quantile,0.975,1295,COVID-19
DE-NW,00+,2023-04-16,2023-04-04,-12 day ahead inc hosp,mean,NA,1175.47,COVID-19
DE-NW,00+,2023-04-16,2023-04-04,-12 day ahead inc hosp,quantile,0.025,1160,COVID-19
DE-NW,00+,2023-04-16,2023-04-04,-12 day ahead inc hosp,quantile,0.1,1165,COVID-19
DE-NW,00+,2023-04-16,2023-04-04,-12 day ahead inc hosp,quantile,0.25,1170,COVID-19
DE-NW,00+,2023-04-16,2023-04-04,-12 day ahead inc hosp,quantile,0.5,1175,COVID-19
DE-NW,00+,2023-04-16,2023-04-04,-12 day ahead inc hosp,quantile,0.75,1181,COVID-19
DE-NW,00+,2023-04-16,2023-04-04,-12 day ahead inc hosp,quantile,0.9,1186,COVID-19
DE-NW,00+,2023-04-16,2023-04-04,-12 day ahead inc hosp,quantile,0.975,1193,COVID-19
DE-NW,00+,2023-04-16,2023-04-05,-11 day ahead inc hosp,mean,NA,1139.042,COVID-19
DE-NW,00+,2023-04-16,2023-04-05,-11 day ahead inc hosp,quantile,0.025,1123,COVID-19
DE-NW,00+,2023-04-16,2023-04-05,-11 day ahead inc hosp,quantile,0.1,1129,COVID-19
DE-NW,00+,2023-04-16,2023-04-05,-11 day ahead inc hosp,quantile,0.25,1133,COVID-19
DE-NW,00+,2023-04-16,2023-04-05,-11 day ahead inc hosp,quantile,0.5,1138,COVID-19
DE-NW,00+,2023-04-16,2023-04-05,-11 day ahead inc hosp,quantile,0.75,1145,COVID-19
DE-NW,00+,2023-04-16,2023-04-05,-11 day ahead inc hosp,quantile,0.9,1150,COVID-19
DE-NW,00+,2023-04-16,2023-04-05,-11 day ahead inc hosp,quantile,0.975,1157,COVID-19
DE-NW,00+,2023-04-16,2023-04-06,-10 day ahead inc hosp,mean,NA,1054.906,COVID-19
DE-NW,00+,2023-04-16,2023-04-06,-10 day ahead inc hosp,quantile,0.025,1038,COVID-19
DE-NW,00+,2023-04-16,2023-04-06,-10 day ahead inc hosp,quantile,0.1,1044,COVID-19
DE-NW,00+,2023-04-16,2023-04-06,-10 day ahead inc hosp,quantile,0.25,1048,COVID-19
DE-NW,00+,2023-04-16,2023-04-06,-10 day ahead inc hosp,quantile,0.5,1055,COVID-19
DE-NW,00+,2023-04-16,2023-04-06,-10 day ahead inc hosp,quantile,0.75,1061,COVID-19
DE-NW,00+,2023-04-16,2023-04-06,-10 day ahead inc hosp,quantile,0.9,1067,COVID-19
DE-NW,00+,2023-04-16,2023-04-06,-10 day ahead inc hosp,quantile,0.975,1074,COVID-19
DE-NW,00+,2023-04-16,2023-04-07,-9 day ahead inc hosp,mean,NA,982.957,COVID-19
DE-NW,00+,2023-04-16,2023-04-07,-9 day ahead inc hosp,quantile,0.025,964,COVID-19
DE-NW,00+,2023-04-16,2023-04-07,-9 day ahead inc hosp,quantile,0.1,970,COVID-19
DE-NW,00+,2023-04-16,2023-04-07,-9 day ahead inc hosp,quantile,0.25,976,COVID-19
DE-NW,00+,2023-04-16,2023-04-07,-9 day ahead inc hosp,quantile,0.5,983,COVID-19
DE-NW,00+,2023-04-16,2023-04-07,-9 day ahead inc hosp,quantile,0.75,989,COVID-19
DE-NW,00+,2023-04-16,2023-04-07,-9 day ahead inc hosp,quantile,0.9,996,COVID-19
DE-NW,00+,2023-04-16,2023-04-07,-9 day ahead inc hosp,quantile,0.975,1003,COVID-19
DE-NW,00+,2023-04-16,2023-04-08,-8 day ahead inc hosp,mean,NA,831.584,COVID-19
DE-NW,00+,2023-04-16,2023-04-08,-8 day ahead inc hosp,quantile,0.025,812,COVID-19
DE-NW,00+,2023-04-16,2023-04-08,-8 day ahead inc hosp,quantile,0.1,817,COVID-19
DE-NW,00+,2023-04-16,2023-04-08,-8 day ahead inc hosp,quantile,0.25,824,COVID-19
DE-NW,00+,2023-04-16,2023-04-08,-8 day ahead inc hosp,quantile,0.5,831,COVID-19
DE-NW,00+,2023-04-16,2023-04-08,-8 day ahead inc hosp,quantile,0.75,839,COVID-19
DE-NW,00+,2023-04-16,2023-04-08,-8 day ahead inc hosp,quantile,0.9,846,COVID-19
DE-NW,00+,2023-04-16,2023-04-08,-8 day ahead inc hosp,quantile,0.975,854,COVID-19
DE-NW,00+,2023-04-16,2023-04-09,-7 day ahead inc hosp,mean,NA,827.984,COVID-19
DE-NW,00+,2023-04-16,2023-04-09,-7 day ahead inc hosp,quantile,0.025,808,COVID-19
DE-NW,00+,2023-04-16,2023-04-09,-7 day ahead inc hosp,quantile,0.1,813,COVID-19
DE-NW,00+,2023-04-16,2023-04-09,-7 day ahead inc hosp,quantile,0.25,820,COVID-19
DE-NW,00+,2023-04-16,2023-04-09,-7 day ahead inc hosp,quantile,0.5,828,COVID-19
DE-NW,00+,2023-04-16,2023-04-09,-7 day ahead inc hosp,quantile,0.75,835,COVID-19
DE-NW,00+,2023-04-16,2023-04-09,-7 day ahead inc hosp,quantile,0.9,842,COVID-19
DE-NW,00+,2023-04-16,2023-04-09,-7 day ahead inc hosp,quantile,0.975,851,COVID-19
DE-NW,00+,2023-04-16,2023-04-10,-6 day ahead inc hosp,mean,NA,829.321,COVID-19
DE-NW,00+,2023-04-16,2023-04-10,-6 day ahead inc hosp,quantile,0.025,809,COVID-19
DE-NW,00+,2023-04-16,2023-04-10,-6 day ahead inc hosp,quantile,0.1,814,COVID-19
DE-NW,00+,2023-04-16,2023-04-10,-6 day ahead inc hosp,quantile,0.25,821,COVID-19
DE-NW,00+,2023-04-16,2023-04-10,-6 day ahead inc hosp,quantile,0.5,829,COVID-19
DE-NW,00+,2023-04-16,2023-04-10,-6 day ahead inc hosp,quantile,0.75,837,COVID-19
DE-NW,00+,2023-04-16,2023-04-10,-6 day ahead inc hosp,quantile,0.9,845,COVID-19
DE-NW,00+,2023-04-16,2023-04-10,-6 day ahead inc hosp,quantile,0.975,854,COVID-19
DE-NW,00+,2023-04-16,2023-04-11,-5 day ahead inc hosp,mean,NA,602.043,COVID-19
DE-NW,00+,2023-04-16,2023-04-11,-5 day ahead inc hosp,quantile,0.025,576,COVID-19
DE-NW,00+,2023-04-16,2023-04-11,-5 day ahead inc hosp,quantile,0.1,583,COVID-19
DE-NW,00+,2023-04-16,2023-04-11,-5 day ahead inc hosp,quantile,0.25,591,COVID-19
DE-NW,00+,2023-04-16,2023-04-11,-5 day ahead inc hosp,quantile,0.5,601,COVID-19
DE-NW,00+,2023-04-16,2023-04-11,-5 day ahead inc hosp,quantile,0.75,612,COVID-19
DE-NW,00+,2023-04-16,2023-04-11,-5 day ahead inc hosp,quantile,0.9,620,COVID-19
DE-NW,00+,2023-04-16,2023-04-11,-5 day ahead inc hosp,quantile,0.975,634,COVID-19
DE-NW,00+,2023-04-16,2023-04-12,-4 day ahead inc hosp,mean,NA,697.459,COVID-19
DE-NW,00+,2023-04-16,2023-04-12,-4 day ahead inc hosp,quantile,0.025,664,COVID-19
DE-NW,00+,2023-04-16,2023-04-12,-4 day ahead inc hosp,quantile,0.1,674,COVID-19
DE-NW,00+,2023-04-16,2023-04-12,-4 day ahead inc hosp,quantile,0.25,683,COVID-19
DE-NW,00+,2023-04-16,2023-04-12,-4 day ahead inc hosp,quantile,0.5,696,COVID-19
DE-NW,00+,2023-04-16,2023-04-12,-4 day ahead inc hosp,quantile,0.75,711,COVID-19
DE-NW,00+,2023-04-16,2023-04-12,-4 day ahead inc hosp,quantile,0.9,724,COVID-19
DE-NW,00+,2023-04-16,2023-04-12,-4 day ahead inc hosp,quantile,0.975,736,COVID-19
DE-NW,00+,2023-04-16,2023-04-13,-3 day ahead inc hosp,mean,NA,710.701,COVID-19
DE-NW,00+,2023-04-16,2023-04-13,-3 day ahead inc hosp,quantile,0.025,668,COVID-19
DE-NW,00+,2023-04-16,2023-04-13,-3 day ahead inc hosp,quantile,0.1,680,COVID-19
DE-NW,00+,2023-04-16,2023-04-13,-3 day ahead inc hosp,quantile,0.25,692,COVID-19
DE-NW,00+,2023-04-16,2023-04-13,-3 day ahead inc hosp,quantile,0.5,709,COVID-19
DE-NW,00+,2023-04-16,2023-04-13,-3 day ahead inc hosp,quantile,0.75,728,COVID-19
DE-NW,00+,2023-04-16,2023-04-13,-3 day ahead inc hosp,quantile,0.9,743,COVID-19
DE-NW,00+,2023-04-16,2023-04-13,-3 day ahead inc hosp,quantile,0.975,767,COVID-19
DE-NW,00+,2023-04-16,2023-04-14,-2 day ahead inc hosp,mean,NA,729.936,COVID-19
DE-NW,00+,2023-04-16,2023-04-14,-2 day ahead inc hosp,quantile,0.025,669,COVID-19
DE-NW,00+,2023-04-16,2023-04-14,-2 day ahead inc hosp,quantile,0.1,687,COVID-19
DE-NW,00+,2023-04-16,2023-04-14,-2 day ahead inc hosp,quantile,0.25,702,COVID-19
DE-NW,00+,2023-04-16,2023-04-14,-2 day ahead inc hosp,quantile,0.5,727,COVID-19
DE-NW,00+,2023-04-16,2023-04-14,-2 day ahead inc hosp,quantile,0.75,752,COVID-19
DE-NW,00+,2023-04-16,2023-04-14,-2 day ahead inc hosp,quantile,0.9,778,COVID-19
DE-NW,00+,2023-04-16,2023-04-14,-2 day ahead inc hosp,quantile,0.975,809,COVID-19
DE-NW,00+,2023-04-16,2023-04-15,-1 day ahead inc hosp,mean,NA,817.529,COVID-19
DE-NW,00+,2023-04-16,2023-04-15,-1 day ahead inc hosp,quantile,0.025,731,COVID-19
DE-NW,00+,2023-04-16,2023-04-15,-1 day ahead inc hosp,quantile,0.1,753,COVID-19
DE-NW,00+,2023-04-16,2023-04-15,-1 day ahead inc hosp,quantile,0.25,779,COVID-19
DE-NW,00+,2023-04-16,2023-04-15,-1 day ahead inc hosp,quantile,0.5,813,COVID-19
DE-NW,00+,2023-04-16,2023-04-15,-1 day ahead inc hosp,quantile,0.75,847,COVID-19
DE-NW,00+,2023-04-16,2023-04-15,-1 day ahead inc hosp,quantile,0.9,886,COVID-19
DE-NW,00+,2023-04-16,2023-04-15,-1 day ahead inc hosp,quantile,0.975,943,COVID-19
DE-NW,00+,2023-04-16,2023-04-16,0 day ahead inc hosp,mean,NA,825.292,COVID-19
DE-NW,00+,2023-04-16,2023-04-16,0 day ahead inc hosp,quantile,0.025,721,COVID-19
DE-NW,00+,2023-04-16,2023-04-16,0 day ahead inc hosp,quantile,0.1,750,COVID-19
DE-NW,00+,2023-04-16,2023-04-16,0 day ahead inc hosp,quantile,0.25,781,COVID-19
DE-NW,00+,2023-04-16,2023-04-16,0 day ahead inc hosp,quantile,0.5,820,COVID-19
DE-NW,00+,2023-04-16,2023-04-16,0 day ahead inc hosp,quantile,0.75,862,COVID-19
DE-NW,00+,2023-04-16,2023-04-16,0 day ahead inc hosp,quantile,0.9,907,COVID-19
DE-NW,00+,2023-04-16,2023-04-16,0 day ahead inc hosp,quantile,0.975,965,COVID-19
DE-RP,00+,2023-04-16,2023-03-19,-28 day ahead inc hosp,mean,NA,509.289,COVID-19
DE-RP,00+,2023-04-16,2023-03-19,-28 day ahead inc hosp,quantile,0.025,499,COVID-19
DE-RP,00+,2023-04-16,2023-03-19,-28 day ahead inc hosp,quantile,0.1,502,COVID-19
DE-RP,00+,2023-04-16,2023-03-19,-28 day ahead inc hosp,quantile,0.25,505,COVID-19
DE-RP,00+,2023-04-16,2023-03-19,-28 day ahead inc hosp,quantile,0.5,509,COVID-19
DE-RP,00+,2023-04-16,2023-03-19,-28 day ahead inc hosp,quantile,0.75,513,COVID-19
DE-RP,00+,2023-04-16,2023-03-19,-28 day ahead inc hosp,quantile,0.9,517,COVID-19
DE-RP,00+,2023-04-16,2023-03-19,-28 day ahead inc hosp,quantile,0.975,522,COVID-19
DE-RP,00+,2023-04-16,2023-03-20,-27 day ahead inc hosp,mean,NA,506.383,COVID-19
DE-RP,00+,2023-04-16,2023-03-20,-27 day ahead inc hosp,quantile,0.025,495,COVID-19
DE-RP,00+,2023-04-16,2023-03-20,-27 day ahead inc hosp,quantile,0.1,499,COVID-19
DE-RP,00+,2023-04-16,2023-03-20,-27 day ahead inc hosp,quantile,0.25,502,COVID-19
DE-RP,00+,2023-04-16,2023-03-20,-27 day ahead inc hosp,quantile,0.5,506,COVID-19
DE-RP,00+,2023-04-16,2023-03-20,-27 day ahead inc hosp,quantile,0.75,510,COVID-19
DE-RP,00+,2023-04-16,2023-03-20,-27 day ahead inc hosp,quantile,0.9,514,COVID-19
DE-RP,00+,2023-04-16,2023-03-20,-27 day ahead inc hosp,quantile,0.975,519,COVID-19
DE-RP,00+,2023-04-16,2023-03-21,-26 day ahead inc hosp,mean,NA,496.138,COVID-19
DE-RP,00+,2023-04-16,2023-03-21,-26 day ahead inc hosp,quantile,0.025,485,COVID-19
DE-RP,00+,2023-04-16,2023-03-21,-26 day ahead inc hosp,quantile,0.1,489,COVID-19
DE-RP,00+,2023-04-16,2023-03-21,-26 day ahead inc hosp,quantile,0.25,492,COVID-19
DE-RP,00+,2023-04-16,2023-03-21,-26 day ahead inc hosp,quantile,0.5,496,COVID-19
DE-RP,00+,2023-04-16,2023-03-21,-26 day ahead inc hosp,quantile,0.75,500,COVID-19
DE-RP,00+,2023-04-16,2023-03-21,-26 day ahead inc hosp,quantile,0.9,503,COVID-19
DE-RP,00+,2023-04-16,2023-03-21,-26 day ahead inc hosp,quantile,0.975,509,COVID-19
DE-RP,00+,2023-04-16,2023-03-22,-25 day ahead inc hosp,mean,NA,445.417,COVID-19
DE-RP,00+,2023-04-16,2023-03-22,-25 day ahead inc hosp,quantile,0.025,434,COVID-19
DE-RP,00+,2023-04-16,2023-03-22,-25 day ahead inc hosp,quantile,0.1,438,COVID-19
DE-RP,00+,2023-04-16,2023-03-22,-25 day ahead inc hosp,quantile,0.25,441,COVID-19
DE-RP,00+,2023-04-16,2023-03-22,-25 day ahead inc hosp,quantile,0.5,445,COVID-19
DE-RP,00+,2023-04-16,2023-03-22,-25 day ahead inc hosp,quantile,0.75,449,COVID-19
DE-RP,00+,2023-04-16,2023-03-22,-25 day ahead inc hosp,quantile,0.9,453,COVID-19
DE-RP,00+,2023-04-16,2023-03-22,-25 day ahead inc hosp,quantile,0.975,458,COVID-19
DE-RP,00+,2023-04-16,2023-03-23,-24 day ahead inc hosp,mean,NA,430.509,COVID-19
DE-RP,00+,2023-04-16,2023-03-23,-24 day ahead inc hosp,quantile,0.025,420,COVID-19
DE-RP,00+,2023-04-16,2023-03-23,-24 day ahead inc hosp,quantile,0.1,423,COVID-19
DE-RP,00+,2023-04-16,2023-03-23,-24 day ahead inc hosp,quantile,0.25,426,COVID-19
DE-RP,00+,2023-04-16,2023-03-23,-24 day ahead inc hosp,quantile,0.5,430,COVID-19
DE-RP,00+,2023-04-16,2023-03-23,-24 day ahead inc hosp,quantile,0.75,434,COVID-19
DE-RP,00+,2023-04-16,2023-03-23,-24 day ahead inc hosp,quantile,0.9,439,COVID-19
DE-RP,00+,2023-04-16,2023-03-23,-24 day ahead inc hosp,quantile,0.975,444,COVID-19
DE-RP,00+,2023-04-16,2023-03-24,-23 day ahead inc hosp,mean,NA,392.595,COVID-19
DE-RP,00+,2023-04-16,2023-03-24,-23 day ahead inc hosp,quantile,0.025,382,COVID-19
DE-RP,00+,2023-04-16,2023-03-24,-23 day ahead inc hosp,quantile,0.1,385,COVID-19
DE-RP,00+,2023-04-16,2023-03-24,-23 day ahead inc hosp,quantile,0.25,389,COVID-19
DE-RP,00+,2023-04-16,2023-03-24,-23 day ahead inc hosp,quantile,0.5,392,COVID-19
DE-RP,00+,2023-04-16,2023-03-24,-23 day ahead inc hosp,quantile,0.75,396,COVID-19
DE-RP,00+,2023-04-16,2023-03-24,-23 day ahead inc hosp,quantile,0.9,400,COVID-19
DE-RP,00+,2023-04-16,2023-03-24,-23 day ahead inc hosp,quantile,0.975,406,COVID-19
DE-RP,00+,2023-04-16,2023-03-25,-22 day ahead inc hosp,mean,NA,375.567,COVID-19
DE-RP,00+,2023-04-16,2023-03-25,-22 day ahead inc hosp,quantile,0.025,365,COVID-19
DE-RP,00+,2023-04-16,2023-03-25,-22 day ahead inc hosp,quantile,0.1,368,COVID-19
DE-RP,00+,2023-04-16,2023-03-25,-22 day ahead inc hosp,quantile,0.25,371,COVID-19
DE-RP,00+,2023-04-16,2023-03-25,-22 day ahead inc hosp,quantile,0.5,375,COVID-19
DE-RP,00+,2023-04-16,2023-03-25,-22 day ahead inc hosp,quantile,0.75,380,COVID-19
DE-RP,00+,2023-04-16,2023-03-25,-22 day ahead inc hosp,quantile,0.9,383,COVID-19
DE-RP,00+,2023-04-16,2023-03-25,-22 day ahead inc hosp,quantile,0.975,388,COVID-19
DE-RP,00+,2023-04-16,2023-03-26,-21 day ahead inc hosp,mean,NA,366.617,COVID-19
DE-RP,00+,2023-04-16,2023-03-26,-21 day ahead inc hosp,quantile,0.025,356,COVID-19
DE-RP,00+,2023-04-16,2023-03-26,-21 day ahead inc hosp,quantile,0.1,359,COVID-19
DE-RP,00+,2023-04-16,2023-03-26,-21 day ahead inc hosp,quantile,0.25,362,COVID-19
DE-RP,00+,2023-04-16,2023-03-26,-21 day ahead inc hosp,quantile,0.5,366,COVID-19
DE-RP,00+,2023-04-16,2023-03-26,-21 day ahead inc hosp,quantile,0.75,371,COVID-19
DE-RP,00+,2023-04-16,2023-03-26,-21 day ahead inc hosp,quantile,0.9,375,COVID-19
DE-RP,00+,2023-04-16,2023-03-26,-21 day ahead inc hosp,quantile,0.975,379,COVID-19
DE-RP,00+,2023-04-16,2023-03-27,-20 day ahead inc hosp,mean,NA,362.705,COVID-19
DE-RP,00+,2023-04-16,2023-03-27,-20 day ahead inc hosp,quantile,0.025,352,COVID-19
DE-RP,00+,2023-04-16,2023-03-27,-20 day ahead inc hosp,quantile,0.1,355,COVID-19
DE-RP,00+,2023-04-16,2023-03-27,-20 day ahead inc hosp,quantile,0.25,358,COVID-19
DE-RP,00+,2023-04-16,2023-03-27,-20 day ahead inc hosp,quantile,0.5,362,COVID-19
DE-RP,00+,2023-04-16,2023-03-27,-20 day ahead inc hosp,quantile,0.75,367,COVID-19
DE-RP,00+,2023-04-16,2023-03-27,-20 day ahead inc hosp,quantile,0.9,371,COVID-19
DE-RP,00+,2023-04-16,2023-03-27,-20 day ahead inc hosp,quantile,0.975,376,COVID-19
DE-RP,00+,2023-04-16,2023-03-28,-19 day ahead inc hosp,mean,NA,347.08,COVID-19
DE-RP,00+,2023-04-16,2023-03-28,-19 day ahead inc hosp,quantile,0.025,336,COVID-19
DE-RP,00+,2023-04-16,2023-03-28,-19 day ahead inc hosp,quantile,0.1,339,COVID-19
DE-RP,00+,2023-04-16,2023-03-28,-19 day ahead inc hosp,quantile,0.25,343,COVID-19
DE-RP,00+,2023-04-16,2023-03-28,-19 day ahead inc hosp,quantile,0.5,347,COVID-19
DE-RP,00+,2023-04-16,2023-03-28,-19 day ahead inc hosp,quantile,0.75,351,COVID-19
DE-RP,00+,2023-04-16,2023-03-28,-19 day ahead inc hosp,quantile,0.9,355,COVID-19
DE-RP,00+,2023-04-16,2023-03-28,-19 day ahead inc hosp,quantile,0.975,360,COVID-19
DE-RP,00+,2023-04-16,2023-03-29,-18 day ahead inc hosp,mean,NA,341.206,COVID-19
DE-RP,00+,2023-04-16,2023-03-29,-18 day ahead inc hosp,quantile,0.025,331,COVID-19
DE-RP,00+,2023-04-16,2023-03-29,-18 day ahead inc hosp,quantile,0.1,334,COVID-19
DE-RP,00+,2023-04-16,2023-03-29,-18 day ahead inc hosp,quantile,0.25,337,COVID-19
DE-RP,00+,2023-04-16,2023-03-29,-18 day ahead inc hosp,quantile,0.5,341,COVID-19
DE-RP,00+,2023-04-16,2023-03-29,-18 day ahead inc hosp,quantile,0.75,345,COVID-19
DE-RP,00+,2023-04-16,2023-03-29,-18 day ahead inc hosp,quantile,0.9,349,COVID-19
DE-RP,00+,2023-04-16,2023-03-29,-18 day ahead inc hosp,quantile,0.975,354,COVID-19
DE-RP,00+,2023-04-16,2023-03-30,-17 day ahead inc hosp,mean,NA,318.746,COVID-19
DE-RP,00+,2023-04-16,2023-03-30,-17 day ahead inc hosp,quantile,0.025,309,COVID-19
DE-RP,00+,2023-04-16,2023-03-30,-17 day ahead inc hosp,quantile,0.1,312,COVID-19
DE-RP,00+,2023-04-16,2023-03-30,-17 day ahead inc hosp,quantile,0.25,315,COVID-19
DE-RP,00+,2023-04-16,2023-03-30,-17 day ahead inc hosp,quantile,0.5,318,COVID-19
DE-RP,00+,2023-04-16,2023-03-30,-17 day ahead inc hosp,quantile,0.75,322,COVID-19
DE-RP,00+,2023-04-16,2023-03-30,-17 day ahead inc hosp,quantile,0.9,326,COVID-19
DE-RP,00+,2023-04-16,2023-03-30,-17 day ahead inc hosp,quantile,0.975,331,COVID-19
DE-RP,00+,2023-04-16,2023-03-31,-16 day ahead inc hosp,mean,NA,323.093,COVID-19
DE-RP,00+,2023-04-16,2023-03-31,-16 day ahead inc hosp,quantile,0.025,314,COVID-19
DE-RP,00+,2023-04-16,2023-03-31,-16 day ahead inc hosp,quantile,0.1,316,COVID-19
DE-RP,00+,2023-04-16,2023-03-31,-16 day ahead inc hosp,quantile,0.25,319,COVID-19
DE-RP,00+,2023-04-16,2023-03-31,-16 day ahead inc hosp,quantile,0.5,323,COVID-19
DE-RP,00+,2023-04-16,2023-03-31,-16 day ahead inc hosp,quantile,0.75,327,COVID-19
DE-RP,00+,2023-04-16,2023-03-31,-16 day ahead inc hosp,quantile,0.9,330,COVID-19
DE-RP,00+,2023-04-16,2023-03-31,-16 day ahead inc hosp,quantile,0.975,334,COVID-19
DE-RP,00+,2023-04-16,2023-04-01,-15 day ahead inc hosp,mean,NA,307.833,COVID-19
DE-RP,00+,2023-04-16,2023-04-01,-15 day ahead inc hosp,quantile,0.025,298,COVID-19
DE-RP,00+,2023-04-16,2023-04-01,-15 day ahead inc hosp,quantile,0.1,301,COVID-19
DE-RP,00+,2023-04-16,2023-04-01,-15 day ahead inc hosp,quantile,0.25,304,COVID-19
DE-RP,00+,2023-04-16,2023-04-01,-15 day ahead inc hosp,quantile,0.5,308,COVID-19
DE-RP,00+,2023-04-16,2023-04-01,-15 day ahead inc hosp,quantile,0.75,311,COVID-19
DE-RP,00+,2023-04-16,2023-04-01,-15 day ahead inc hosp,quantile,0.9,315,COVID-19
DE-RP,00+,2023-04-16,2023-04-01,-15 day ahead inc hosp,quantile,0.975,319,COVID-19
DE-RP,00+,2023-04-16,2023-04-02,-14 day ahead inc hosp,mean,NA,303.853,COVID-19
DE-RP,00+,2023-04-16,2023-04-02,-14 day ahead inc hosp,quantile,0.025,294,COVID-19
DE-RP,00+,2023-04-16,2023-04-02,-14 day ahead inc hosp,quantile,0.1,297,COVID-19
DE-RP,00+,2023-04-16,2023-04-02,-14 day ahead inc hosp,quantile,0.25,300,COVID-19
DE-RP,00+,2023-04-16,2023-04-02,-14 day ahead inc hosp,quantile,0.5,304,COVID-19
DE-RP,00+,2023-04-16,2023-04-02,-14 day ahead inc hosp,quantile,0.75,307,COVID-19
DE-RP,00+,2023-04-16,2023-04-02,-14 day ahead inc hosp,quantile,0.9,311,COVID-19
DE-RP,00+,2023-04-16,2023-04-02,-14 day ahead inc hosp,quantile,0.975,315,COVID-19
DE-RP,00+,2023-04-16,2023-04-03,-13 day ahead inc hosp,mean,NA,305.793,COVID-19
DE-RP,00+,2023-04-16,2023-04-03,-13 day ahead inc hosp,quantile,0.025,296,COVID-19
DE-RP,00+,2023-04-16,2023-04-03,-13 day ahead inc hosp,quantile,0.1,299,COVID-19
DE-RP,00+,2023-04-16,2023-04-03,-13 day ahead inc hosp,quantile,0.25,302,COVID-19
DE-RP,00+,2023-04-16,2023-04-03,-13 day ahead inc hosp,quantile,0.5,306,COVID-19
DE-RP,00+,2023-04-16,2023-04-03,-13 day ahead inc hosp,quantile,0.75,309,COVID-19
DE-RP,00+,2023-04-16,2023-04-03,-13 day ahead inc hosp,quantile,0.9,313,COVID-19
DE-RP,00+,2023-04-16,2023-04-03,-13 day ahead inc hosp,quantile,0.975,317,COVID-19
DE-RP,00+,2023-04-16,2023-04-04,-12 day ahead inc hosp,mean,NA,280.4,COVID-19
DE-RP,00+,2023-04-16,2023-04-04,-12 day ahead inc hosp,quantile,0.025,271,COVID-19
DE-RP,00+,2023-04-16,2023-04-04,-12 day ahead inc hosp,quantile,0.1,274,COVID-19
DE-RP,00+,2023-04-16,2023-04-04,-12 day ahead inc hosp,quantile,0.25,277,COVID-19
DE-RP,00+,2023-04-16,2023-04-04,-12 day ahead inc hosp,quantile,0.5,280,COVID-19
DE-RP,00+,2023-04-16,2023-04-04,-12 day ahead inc hosp,quantile,0.75,284,COVID-19
DE-RP,00+,2023-04-16,2023-04-04,-12 day ahead inc hosp,quantile,0.9,287,COVID-19
DE-RP,00+,2023-04-16,2023-04-04,-12 day ahead inc hosp,quantile,0.975,291,COVID-19
DE-RP,00+,2023-04-16,2023-04-05,-11 day ahead inc hosp,mean,NA,237.387,COVID-19
DE-RP,00+,2023-04-16,2023-04-05,-11 day ahead inc hosp,quantile,0.025,228,COVID-19
DE-RP,00+,2023-04-16,2023-04-05,-11 day ahead inc hosp,quantile,0.1,231,COVID-19
DE-RP,00+,2023-04-16,2023-04-05,-11 day ahead inc hosp,quantile,0.25,234,COVID-19
DE-RP,00+,2023-04-16,2023-04-05,-11 day ahead inc hosp,quantile,0.5,237,COVID-19
DE-RP,00+,2023-04-16,2023-04-05,-11 day ahead inc hosp,quantile,0.75,241,COVID-19
DE-RP,00+,2023-04-16,2023-04-05,-11 day ahead inc hosp,quantile,0.9,244,COVID-19
DE-RP,00+,2023-04-16,2023-04-05,-11 day ahead inc hosp,quantile,0.975,248,COVID-19
DE-RP,00+,2023-04-16,2023-04-06,-10 day ahead inc hosp,mean,NA,209.566,COVID-19
DE-RP,00+,2023-04-16,2023-04-06,-10 day ahead inc hosp,quantile,0.025,200,COVID-19
DE-RP,00+,2023-04-16,2023-04-06,-10 day ahead inc hosp,quantile,0.1,203,COVID-19
DE-RP,00+,2023-04-16,2023-04-06,-10 day ahead inc hosp,quantile,0.25,206,COVID-19
DE-RP,00+,2023-04-16,2023-04-06,-10 day ahead inc hosp,quantile,0.5,209,COVID-19
DE-RP,00+,2023-04-16,2023-04-06,-10 day ahead inc hosp,quantile,0.75,213,COVID-19
DE-RP,00+,2023-04-16,2023-04-06,-10 day ahead inc hosp,quantile,0.9,216,COVID-19
DE-RP,00+,2023-04-16,2023-04-06,-10 day ahead inc hosp,quantile,0.975,221,COVID-19
DE-RP,00+,2023-04-16,2023-04-07,-9 day ahead inc hosp,mean,NA,189.967,COVID-19
DE-RP,00+,2023-04-16,2023-04-07,-9 day ahead inc hosp,quantile,0.025,180,COVID-19
DE-RP,00+,2023-04-16,2023-04-07,-9 day ahead inc hosp,quantile,0.1,183,COVID-19
DE-RP,00+,2023-04-16,2023-04-07,-9 day ahead inc hosp,quantile,0.25,186,COVID-19
DE-RP,00+,2023-04-16,2023-04-07,-9 day ahead inc hosp,quantile,0.5,190,COVID-19
DE-RP,00+,2023-04-16,2023-04-07,-9 day ahead inc hosp,quantile,0.75,194,COVID-19
DE-RP,00+,2023-04-16,2023-04-07,-9 day ahead inc hosp,quantile,0.9,197,COVID-19
DE-RP,00+,2023-04-16,2023-04-07,-9 day ahead inc hosp,quantile,0.975,202,COVID-19
DE-RP,00+,2023-04-16,2023-04-08,-8 day ahead inc hosp,mean,NA,169.576,COVID-19
DE-RP,00+,2023-04-16,2023-04-08,-8 day ahead inc hosp,quantile,0.025,159,COVID-19
DE-RP,00+,2023-04-16,2023-04-08,-8 day ahead inc hosp,quantile,0.1,163,COVID-19
DE-RP,00+,2023-04-16,2023-04-08,-8 day ahead inc hosp,quantile,0.25,166,COVID-19
DE-RP,00+,2023-04-16,2023-04-08,-8 day ahead inc hosp,quantile,0.5,169,COVID-19
DE-RP,00+,2023-04-16,2023-04-08,-8 day ahead inc hosp,quantile,0.75,173,COVID-19
DE-RP,00+,2023-04-16,2023-04-08,-8 day ahead inc hosp,quantile,0.9,177,COVID-19
DE-RP,00+,2023-04-16,2023-04-08,-8 day ahead inc hosp,quantile,0.975,182,COVID-19
DE-RP,00+,2023-04-16,2023-04-09,-7 day ahead inc hosp,mean,NA,169.811,COVID-19
DE-RP,00+,2023-04-16,2023-04-09,-7 day ahead inc hosp,quantile,0.025,159,COVID-19
DE-RP,00+,2023-04-16,2023-04-09,-7 day ahead inc hosp,quantile,0.1,163,COVID-19
DE-RP,00+,2023-04-16,2023-04-09,-7 day ahead inc hosp,quantile,0.25,166,COVID-19
DE-RP,00+,2023-04-16,2023-04-09,-7 day ahead inc hosp,quantile,0.5,170,COVID-19
DE-RP,00+,2023-04-16,2023-04-09,-7 day ahead inc hosp,quantile,0.75,173,COVID-19
DE-RP,00+,2023-04-16,2023-04-09,-7 day ahead inc hosp,quantile,0.9,177,COVID-19
DE-RP,00+,2023-04-16,2023-04-09,-7 day ahead inc hosp,quantile,0.975,182,COVID-19
DE-RP,00+,2023-04-16,2023-04-10,-6 day ahead inc hosp,mean,NA,172.128,COVID-19
DE-RP,00+,2023-04-16,2023-04-10,-6 day ahead inc hosp,quantile,0.025,161,COVID-19
DE-RP,00+,2023-04-16,2023-04-10,-6 day ahead inc hosp,quantile,0.1,165,COVID-19
DE-RP,00+,2023-04-16,2023-04-10,-6 day ahead inc hosp,quantile,0.25,168,COVID-19
DE-RP,00+,2023-04-16,2023-04-10,-6 day ahead inc hosp,quantile,0.5,172,COVID-19
DE-RP,00+,2023-04-16,2023-04-10,-6 day ahead inc hosp,quantile,0.75,176,COVID-19
DE-RP,00+,2023-04-16,2023-04-10,-6 day ahead inc hosp,quantile,0.9,180,COVID-19
DE-RP,00+,2023-04-16,2023-04-10,-6 day ahead inc hosp,quantile,0.975,184,COVID-19
DE-RP,00+,2023-04-16,2023-04-11,-5 day ahead inc hosp,mean,NA,111.693,COVID-19
DE-RP,00+,2023-04-16,2023-04-11,-5 day ahead inc hosp,quantile,0.025,100,COVID-19
DE-RP,00+,2023-04-16,2023-04-11,-5 day ahead inc hosp,quantile,0.1,104,COVID-19
DE-RP,00+,2023-04-16,2023-04-11,-5 day ahead inc hosp,quantile,0.25,107,COVID-19
DE-RP,00+,2023-04-16,2023-04-11,-5 day ahead inc hosp,quantile,0.5,111,COVID-19
DE-RP,00+,2023-04-16,2023-04-11,-5 day ahead inc hosp,quantile,0.75,116,COVID-19
DE-RP,00+,2023-04-16,2023-04-11,-5 day ahead inc hosp,quantile,0.9,120,COVID-19
DE-RP,00+,2023-04-16,2023-04-11,-5 day ahead inc hosp,quantile,0.975,125,COVID-19
DE-RP,00+,2023-04-16,2023-04-12,-4 day ahead inc hosp,mean,NA,147.89,COVID-19
DE-RP,00+,2023-04-16,2023-04-12,-4 day ahead inc hosp,quantile,0.025,135,COVID-19
DE-RP,00+,2023-04-16,2023-04-12,-4 day ahead inc hosp,quantile,0.1,139,COVID-19
DE-RP,00+,2023-04-16,2023-04-12,-4 day ahead inc hosp,quantile,0.25,143,COVID-19
DE-RP,00+,2023-04-16,2023-04-12,-4 day ahead inc hosp,quantile,0.5,148,COVID-19
DE-RP,00+,2023-04-16,2023-04-12,-4 day ahead inc hosp,quantile,0.75,153,COVID-19
DE-RP,00+,2023-04-16,2023-04-12,-4 day ahead inc hosp,quantile,0.9,157,COVID-19
DE-RP,00+,2023-04-16,2023-04-12,-4 day ahead inc hosp,quantile,0.975,161,COVID-19
DE-RP,00+,2023-04-16,2023-04-13,-3 day ahead inc hosp,mean,NA,147.462,COVID-19
DE-RP,00+,2023-04-16,2023-04-13,-3 day ahead inc hosp,quantile,0.025,134,COVID-19
DE-RP,00+,2023-04-16,2023-04-13,-3 day ahead inc hosp,quantile,0.1,138,COVID-19
DE-RP,00+,2023-04-16,2023-04-13,-3 day ahead inc hosp,quantile,0.25,142,COVID-19
DE-RP,00+,2023-04-16,2023-04-13,-3 day ahead inc hosp,quantile,0.5,147,COVID-19
DE-RP,00+,2023-04-16,2023-04-13,-3 day ahead inc hosp,quantile,0.75,153,COVID-19
DE-RP,00+,2023-04-16,2023-04-13,-3 day ahead inc hosp,quantile,0.9,157,COVID-19
DE-RP,00+,2023-04-16,2023-04-13,-3 day ahead inc hosp,quantile,0.975,164,COVID-19
DE-RP,00+,2023-04-16,2023-04-14,-2 day ahead inc hosp,mean,NA,151.683,COVID-19
DE-RP,00+,2023-04-16,2023-04-14,-2 day ahead inc hosp,quantile,0.025,135,COVID-19
DE-RP,00+,2023-04-16,2023-04-14,-2 day ahead inc hosp,quantile,0.1,139,COVID-19
DE-RP,00+,2023-04-16,2023-04-14,-2 day ahead inc hosp,quantile,0.25,145,COVID-19
DE-RP,00+,2023-04-16,2023-04-14,-2 day ahead inc hosp,quantile,0.5,151,COVID-19
DE-RP,00+,2023-04-16,2023-04-14,-2 day ahead inc hosp,quantile,0.75,158,COVID-19
DE-RP,00+,2023-04-16,2023-04-14,-2 day ahead inc hosp,quantile,0.9,164,COVID-19
DE-RP,00+,2023-04-16,2023-04-14,-2 day ahead inc hosp,quantile,0.975,173,COVID-19
DE-RP,00+,2023-04-16,2023-04-15,-1 day ahead inc hosp,mean,NA,162.721,COVID-19
DE-RP,00+,2023-04-16,2023-04-15,-1 day ahead inc hosp,quantile,0.025,141,COVID-19
DE-RP,00+,2023-04-16,2023-04-15,-1 day ahead inc hosp,quantile,0.1,148,COVID-19
DE-RP,00+,2023-04-16,2023-04-15,-1 day ahead inc hosp,quantile,0.25,154,COVID-19
DE-RP,00+,2023-04-16,2023-04-15,-1 day ahead inc hosp,quantile,0.5,162,COVID-19
DE-RP,00+,2023-04-16,2023-04-15,-1 day ahead inc hosp,quantile,0.75,170,COVID-19
DE-RP,00+,2023-04-16,2023-04-15,-1 day ahead inc hosp,quantile,0.9,179,COVID-19
DE-RP,00+,2023-04-16,2023-04-15,-1 day ahead inc hosp,quantile,0.975,190,COVID-19
DE-RP,00+,2023-04-16,2023-04-16,0 day ahead inc hosp,mean,NA,163.543,COVID-19
DE-RP,00+,2023-04-16,2023-04-16,0 day ahead inc hosp,quantile,0.025,141,COVID-19
DE-RP,00+,2023-04-16,2023-04-16,0 day ahead inc hosp,quantile,0.1,148,COVID-19
DE-RP,00+,2023-04-16,2023-04-16,0 day ahead inc hosp,quantile,0.25,154,COVID-19
DE-RP,00+,2023-04-16,2023-04-16,0 day ahead inc hosp,quantile,0.5,162,COVID-19
DE-RP,00+,2023-04-16,2023-04-16,0 day ahead inc hosp,quantile,0.75,171,COVID-19
DE-RP,00+,2023-04-16,2023-04-16,0 day ahead inc hosp,quantile,0.9,181,COVID-19
DE-RP,00+,2023-04-16,2023-04-16,0 day ahead inc hosp,quantile,0.975,193,COVID-19
DE-SH,00+,2023-04-16,2023-03-19,-28 day ahead inc hosp,mean,NA,309.805,COVID-19
DE-SH,00+,2023-04-16,2023-03-19,-28 day ahead inc hosp,quantile,0.025,306,COVID-19
DE-SH,00+,2023-04-16,2023-03-19,-28 day ahead inc hosp,quantile,0.1,307,COVID-19
DE-SH,00+,2023-04-16,2023-03-19,-28 day ahead inc hosp,quantile,0.25,308,COVID-19
DE-SH,00+,2023-04-16,2023-03-19,-28 day ahead inc hosp,quantile,0.5,310,COVID-19
DE-SH,00+,2023-04-16,2023-03-19,-28 day ahead inc hosp,quantile,0.75,311,COVID-19
DE-SH,00+,2023-04-16,2023-03-19,-28 day ahead inc hosp,quantile,0.9,313,COVID-19
DE-SH,00+,2023-04-16,2023-03-19,-28 day ahead inc hosp,quantile,0.975,315,COVID-19
DE-SH,00+,2023-04-16,2023-03-20,-27 day ahead inc hosp,mean,NA,316.868,COVID-19
DE-SH,00+,2023-04-16,2023-03-20,-27 day ahead inc hosp,quantile,0.025,313,COVID-19
DE-SH,00+,2023-04-16,2023-03-20,-27 day ahead inc hosp,quantile,0.1,314,COVID-19
DE-SH,00+,2023-04-16,2023-03-20,-27 day ahead inc hosp,quantile,0.25,315,COVID-19
DE-SH,00+,2023-04-16,2023-03-20,-27 day ahead inc hosp,quantile,0.5,317,COVID-19
DE-SH,00+,2023-04-16,2023-03-20,-27 day ahead inc hosp,quantile,0.75,318,COVID-19
DE-SH,00+,2023-04-16,2023-03-20,-27 day ahead inc hosp,quantile,0.9,320,COVID-19
DE-SH,00+,2023-04-16,2023-03-20,-27 day ahead inc hosp,quantile,0.975,322,COVID-19
DE-SH,00+,2023-04-16,2023-03-21,-26 day ahead inc hosp,mean,NA,302.316,COVID-19
DE-SH,00+,2023-04-16,2023-03-21,-26 day ahead inc hosp,quantile,0.025,298,COVID-19
DE-SH,00+,2023-04-16,2023-03-21,-26 day ahead inc hosp,quantile,0.1,299,COVID-19
DE-SH,00+,2023-04-16,2023-03-21,-26 day ahead inc hosp,quantile,0.25,301,COVID-19
DE-SH,00+,2023-04-16,2023-03-21,-26 day ahead inc hosp,quantile,0.5,302,COVID-19
DE-SH,00+,2023-04-16,2023-03-21,-26 day ahead inc hosp,quantile,0.75,304,COVID-19
DE-SH,00+,2023-04-16,2023-03-21,-26 day ahead inc hosp,quantile,0.9,306,COVID-19
DE-SH,00+,2023-04-16,2023-03-21,-26 day ahead inc hosp,quantile,0.975,308,COVID-19
DE-SH,00+,2023-04-16,2023-03-22,-25 day ahead inc hosp,mean,NA,286.76,COVID-19
DE-SH,00+,2023-04-16,2023-03-22,-25 day ahead inc hosp,quantile,0.025,282,COVID-19
DE-SH,00+,2023-04-16,2023-03-22,-25 day ahead inc hosp,quantile,0.1,284,COVID-19
DE-SH,00+,2023-04-16,2023-03-22,-25 day ahead inc hosp,quantile,0.25,285,COVID-19
DE-SH,00+,2023-04-16,2023-03-22,-25 day ahead inc hosp,quantile,0.5,287,COVID-19
DE-SH,00+,2023-04-16,2023-03-22,-25 day ahead inc hosp,quantile,0.75,288,COVID-19
DE-SH,00+,2023-04-16,2023-03-22,-25 day ahead inc hosp,quantile,0.9,290,COVID-19
DE-SH,00+,2023-04-16,2023-03-22,-25 day ahead inc hosp,quantile,0.975,292,COVID-19
DE-SH,00+,2023-04-16,2023-03-23,-24 day ahead inc hosp,mean,NA,264.224,COVID-19
DE-SH,00+,2023-04-16,2023-03-23,-24 day ahead inc hosp,quantile,0.025,260,COVID-19
DE-SH,00+,2023-04-16,2023-03-23,-24 day ahead inc hosp,quantile,0.1,261,COVID-19
DE-SH,00+,2023-04-16,2023-03-23,-24 day ahead inc hosp,quantile,0.25,262,COVID-19
DE-SH,00+,2023-04-16,2023-03-23,-24 day ahead inc hosp,quantile,0.5,264,COVID-19
DE-SH,00+,2023-04-16,2023-03-23,-24 day ahead inc hosp,quantile,0.75,266,COVID-19
DE-SH,00+,2023-04-16,2023-03-23,-24 day ahead inc hosp,quantile,0.9,268,COVID-19
DE-SH,00+,2023-04-16,2023-03-23,-24 day ahead inc hosp,quantile,0.975,270,COVID-19
DE-SH,00+,2023-04-16,2023-03-24,-23 day ahead inc hosp,mean,NA,254.685,COVID-19
DE-SH,00+,2023-04-16,2023-03-24,-23 day ahead inc hosp,quantile,0.025,250,COVID-19
DE-SH,00+,2023-04-16,2023-03-24,-23 day ahead inc hosp,quantile,0.1,251,COVID-19
DE-SH,00+,2023-04-16,2023-03-24,-23 day ahead inc hosp,quantile,0.25,253,COVID-19
DE-SH,00+,2023-04-16,2023-03-24,-23 day ahead inc hosp,quantile,0.5,254,COVID-19
DE-SH,00+,2023-04-16,2023-03-24,-23 day ahead inc hosp,quantile,0.75,256,COVID-19
DE-SH,00+,2023-04-16,2023-03-24,-23 day ahead inc hosp,quantile,0.9,258,COVID-19
DE-SH,00+,2023-04-16,2023-03-24,-23 day ahead inc hosp,quantile,0.975,261,COVID-19
DE-SH,00+,2023-04-16,2023-03-25,-22 day ahead inc hosp,mean,NA,261.061,COVID-19
DE-SH,00+,2023-04-16,2023-03-25,-22 day ahead inc hosp,quantile,0.025,256,COVID-19
DE-SH,00+,2023-04-16,2023-03-25,-22 day ahead inc hosp,quantile,0.1,258,COVID-19
DE-SH,00+,2023-04-16,2023-03-25,-22 day ahead inc hosp,quantile,0.25,259,COVID-19
DE-SH,00+,2023-04-16,2023-03-25,-22 day ahead inc hosp,quantile,0.5,261,COVID-19
DE-SH,00+,2023-04-16,2023-03-25,-22 day ahead inc hosp,quantile,0.75,263,COVID-19
DE-SH,00+,2023-04-16,2023-03-25,-22 day ahead inc hosp,quantile,0.9,265,COVID-19
DE-SH,00+,2023-04-16,2023-03-25,-22 day ahead inc hosp,quantile,0.975,267,COVID-19
DE-SH,00+,2023-04-16,2023-03-26,-21 day ahead inc hosp,mean,NA,259.159,COVID-19
DE-SH,00+,2023-04-16,2023-03-26,-21 day ahead inc hosp,quantile,0.025,254,COVID-19
DE-SH,00+,2023-04-16,2023-03-26,-21 day ahead inc hosp,quantile,0.1,256,COVID-19
DE-SH,00+,2023-04-16,2023-03-26,-21 day ahead inc hosp,quantile,0.25,257,COVID-19
DE-SH,00+,2023-04-16,2023-03-26,-21 day ahead inc hosp,quantile,0.5,259,COVID-19
DE-SH,00+,2023-04-16,2023-03-26,-21 day ahead inc hosp,quantile,0.75,261,COVID-19
DE-SH,00+,2023-04-16,2023-03-26,-21 day ahead inc hosp,quantile,0.9,263,COVID-19
DE-SH,00+,2023-04-16,2023-03-26,-21 day ahead inc hosp,quantile,0.975,265,COVID-19
DE-SH,00+,2023-04-16,2023-03-27,-20 day ahead inc hosp,mean,NA,253.238,COVID-19
DE-SH,00+,2023-04-16,2023-03-27,-20 day ahead inc hosp,quantile,0.025,248,COVID-19
DE-SH,00+,2023-04-16,2023-03-27,-20 day ahead inc hosp,quantile,0.1,250,COVID-19
DE-SH,00+,2023-04-16,2023-03-27,-20 day ahead inc hosp,quantile,0.25,251,COVID-19
DE-SH,00+,2023-04-16,2023-03-27,-20 day ahead inc hosp,quantile,0.5,253,COVID-19
DE-SH,00+,2023-04-16,2023-03-27,-20 day ahead inc hosp,quantile,0.75,255,COVID-19
DE-SH,00+,2023-04-16,2023-03-27,-20 day ahead inc hosp,quantile,0.9,257,COVID-19
DE-SH,00+,2023-04-16,2023-03-27,-20 day ahead inc hosp,quantile,0.975,259,COVID-19
DE-SH,00+,2023-04-16,2023-03-28,-19 day ahead inc hosp,mean,NA,280.605,COVID-19
DE-SH,00+,2023-04-16,2023-03-28,-19 day ahead inc hosp,quantile,0.025,275,COVID-19
DE-SH,00+,2023-04-16,2023-03-28,-19 day ahead inc hosp,quantile,0.1,277,COVID-19
DE-SH,00+,2023-04-16,2023-03-28,-19 day ahead inc hosp,quantile,0.25,278,COVID-19
DE-SH,00+,2023-04-16,2023-03-28,-19 day ahead inc hosp,quantile,0.5,280,COVID-19
DE-SH,00+,2023-04-16,2023-03-28,-19 day ahead inc hosp,quantile,0.75,283,COVID-19
DE-SH,00+,2023-04-16,2023-03-28,-19 day ahead inc hosp,quantile,0.9,285,COVID-19
DE-SH,00+,2023-04-16,2023-03-28,-19 day ahead inc hosp,quantile,0.975,287,COVID-19
DE-SH,00+,2023-04-16,2023-03-29,-18 day ahead inc hosp,mean,NA,271.891,COVID-19
DE-SH,00+,2023-04-16,2023-03-29,-18 day ahead inc hosp,quantile,0.025,267,COVID-19
DE-SH,00+,2023-04-16,2023-03-29,-18 day ahead inc hosp,quantile,0.1,268,COVID-19
DE-SH,00+,2023-04-16,2023-03-29,-18 day ahead inc hosp,quantile,0.25,270,COVID-19
DE-SH,00+,2023-04-16,2023-03-29,-18 day ahead inc hosp,quantile,0.5,272,COVID-19
DE-SH,00+,2023-04-16,2023-03-29,-18 day ahead inc hosp,quantile,0.75,274,COVID-19
DE-SH,00+,2023-04-16,2023-03-29,-18 day ahead inc hosp,quantile,0.9,276,COVID-19
DE-SH,00+,2023-04-16,2023-03-29,-18 day ahead inc hosp,quantile,0.975,278,COVID-19
DE-SH,00+,2023-04-16,2023-03-30,-17 day ahead inc hosp,mean,NA,263.188,COVID-19
DE-SH,00+,2023-04-16,2023-03-30,-17 day ahead inc hosp,quantile,0.025,258,COVID-19
DE-SH,00+,2023-04-16,2023-03-30,-17 day ahead inc hosp,quantile,0.1,259,COVID-19
DE-SH,00+,2023-04-16,2023-03-30,-17 day ahead inc hosp,quantile,0.25,261,COVID-19
DE-SH,00+,2023-04-16,2023-03-30,-17 day ahead inc hosp,quantile,0.5,263,COVID-19
DE-SH,00+,2023-04-16,2023-03-30,-17 day ahead inc hosp,quantile,0.75,265,COVID-19
DE-SH,00+,2023-04-16,2023-03-30,-17 day ahead inc hosp,quantile,0.9,267,COVID-19
DE-SH,00+,2023-04-16,2023-03-30,-17 day ahead inc hosp,quantile,0.975,270,COVID-19
DE-SH,00+,2023-04-16,2023-03-31,-16 day ahead inc hosp,mean,NA,260.588,COVID-19
DE-SH,00+,2023-04-16,2023-03-31,-16 day ahead inc hosp,quantile,0.025,255,COVID-19
DE-SH,00+,2023-04-16,2023-03-31,-16 day ahead inc hosp,quantile,0.1,257,COVID-19
DE-SH,00+,2023-04-16,2023-03-31,-16 day ahead inc hosp,quantile,0.25,258,COVID-19
DE-SH,00+,2023-04-16,2023-03-31,-16 day ahead inc hosp,quantile,0.5,260,COVID-19
DE-SH,00+,2023-04-16,2023-03-31,-16 day ahead inc hosp,quantile,0.75,263,COVID-19
DE-SH,00+,2023-04-16,2023-03-31,-16 day ahead inc hosp,quantile,0.9,265,COVID-19
DE-SH,00+,2023-04-16,2023-03-31,-16 day ahead inc hosp,quantile,0.975,267,COVID-19
DE-SH,00+,2023-04-16,2023-04-01,-15 day ahead inc hosp,mean,NA,258.146,COVID-19
DE-SH,00+,2023-04-16,2023-04-01,-15 day ahead inc hosp,quantile,0.025,253,COVID-19
DE-SH,00+,2023-04-16,2023-04-01,-15 day ahead inc hosp,quantile,0.1,254,COVID-19
DE-SH,00+,2023-04-16,2023-04-01,-15 day ahead inc hosp,quantile,0.25,256,COVID-19
DE-SH,00+,2023-04-16,2023-04-01,-15 day ahead inc hosp,quantile,0.5,258,COVID-19
DE-SH,00+,2023-04-16,2023-04-01,-15 day ahead inc hosp,quantile,0.75,260,COVID-19
DE-SH,00+,2023-04-16,2023-04-01,-15 day ahead inc hosp,quantile,0.9,262,COVID-19
DE-SH,00+,2023-04-16,2023-04-01,-15 day ahead inc hosp,quantile,0.975,265,COVID-19
DE-SH,00+,2023-04-16,2023-04-02,-14 day ahead inc hosp,mean,NA,255.34,COVID-19
DE-SH,00+,2023-04-16,2023-04-02,-14 day ahead inc hosp,quantile,0.025,249,COVID-19
DE-SH,00+,2023-04-16,2023-04-02,-14 day ahead inc hosp,quantile,0.1,251,COVID-19
DE-SH,00+,2023-04-16,2023-04-02,-14 day ahead inc hosp,quantile,0.25,253,COVID-19
DE-SH,00+,2023-04-16,2023-04-02,-14 day ahead inc hosp,quantile,0.5,255,COVID-19
DE-SH,00+,2023-04-16,2023-04-02,-14 day ahead inc hosp,quantile,0.75,257,COVID-19
DE-SH,00+,2023-04-16,2023-04-02,-14 day ahead inc hosp,quantile,0.9,259,COVID-19
DE-SH,00+,2023-04-16,2023-04-02,-14 day ahead inc hosp,quantile,0.975,262,COVID-19
DE-SH,00+,2023-04-16,2023-04-03,-13 day ahead inc hosp,mean,NA,256.545,COVID-19
DE-SH,00+,2023-04-16,2023-04-03,-13 day ahead inc hosp,quantile,0.025,251,COVID-19
DE-SH,00+,2023-04-16,2023-04-03,-13 day ahead inc hosp,quantile,0.1,253,COVID-19
DE-SH,00+,2023-04-16,2023-04-03,-13 day ahead inc hosp,quantile,0.25,254,COVID-19
DE-SH,00+,2023-04-16,2023-04-03,-13 day ahead inc hosp,quantile,0.5,256,COVID-19
DE-SH,00+,2023-04-16,2023-04-03,-13 day ahead inc hosp,quantile,0.75,259,COVID-19
DE-SH,00+,2023-04-16,2023-04-03,-13 day ahead inc hosp,quantile,0.9,261,COVID-19
DE-SH,00+,2023-04-16,2023-04-03,-13 day ahead inc hosp,quantile,0.975,263,COVID-19
DE-SH,00+,2023-04-16,2023-04-04,-12 day ahead inc hosp,mean,NA,222.318,COVID-19
DE-SH,00+,2023-04-16,2023-04-04,-12 day ahead inc hosp,quantile,0.025,216,COVID-19
DE-SH,00+,2023-04-16,2023-04-04,-12 day ahead inc hosp,quantile,0.1,218,COVID-19
DE-SH,00+,2023-04-16,2023-04-04,-12 day ahead inc hosp,quantile,0.25,220,COVID-19
DE-SH,00+,2023-04-16,2023-04-04,-12 day ahead inc hosp,quantile,0.5,222,COVID-19
DE-SH,00+,2023-04-16,2023-04-04,-12 day ahead inc hosp,quantile,0.75,224,COVID-19
DE-SH,00+,2023-04-16,2023-04-04,-12 day ahead inc hosp,quantile,0.9,227,COVID-19
DE-SH,00+,2023-04-16,2023-04-04,-12 day ahead inc hosp,quantile,0.975,229,COVID-19
DE-SH,00+,2023-04-16,2023-04-05,-11 day ahead inc hosp,mean,NA,215.187,COVID-19
DE-SH,00+,2023-04-16,2023-04-05,-11 day ahead inc hosp,quantile,0.025,209,COVID-19
DE-SH,00+,2023-04-16,2023-04-05,-11 day ahead inc hosp,quantile,0.1,211,COVID-19
DE-SH,00+,2023-04-16,2023-04-05,-11 day ahead inc hosp,quantile,0.25,213,COVID-19
DE-SH,00+,2023-04-16,2023-04-05,-11 day ahead inc hosp,quantile,0.5,215,COVID-19
DE-SH,00+,2023-04-16,2023-04-05,-11 day ahead inc hosp,quantile,0.75,218,COVID-19
DE-SH,00+,2023-04-16,2023-04-05,-11 day ahead inc hosp,quantile,0.9,220,COVID-19
DE-SH,00+,2023-04-16,2023-04-05,-11 day ahead inc hosp,quantile,0.975,223,COVID-19
DE-SH,00+,2023-04-16,2023-04-06,-10 day ahead inc hosp,mean,NA,218.177,COVID-19
DE-SH,00+,2023-04-16,2023-04-06,-10 day ahead inc hosp,quantile,0.025,211,COVID-19
DE-SH,00+,2023-04-16,2023-04-06,-10 day ahead inc hosp,quantile,0.1,213,COVID-19
DE-SH,00+,2023-04-16,2023-04-06,-10 day ahead inc hosp,quantile,0.25,216,COVID-19
DE-SH,00+,2023-04-16,2023-04-06,-10 day ahead inc hosp,quantile,0.5,218,COVID-19
DE-SH,00+,2023-04-16,2023-04-06,-10 day ahead inc hosp,quantile,0.75,221,COVID-19
DE-SH,00+,2023-04-16,2023-04-06,-10 day ahead inc hosp,quantile,0.9,224,COVID-19
DE-SH,00+,2023-04-16,2023-04-06,-10 day ahead inc hosp,quantile,0.975,226,COVID-19
DE-SH,00+,2023-04-16,2023-04-07,-9 day ahead inc hosp,mean,NA,209.463,COVID-19
DE-SH,00+,2023-04-16,2023-04-07,-9 day ahead inc hosp,quantile,0.025,202,COVID-19
DE-SH,00+,2023-04-16,2023-04-07,-9 day ahead inc hosp,quantile,0.1,204,COVID-19
DE-SH,00+,2023-04-16,2023-04-07,-9 day ahead inc hosp,quantile,0.25,207,COVID-19
DE-SH,00+,2023-04-16,2023-04-07,-9 day ahead inc hosp,quantile,0.5,209,COVID-19
DE-SH,00+,2023-04-16,2023-04-07,-9 day ahead inc hosp,quantile,0.75,212,COVID-19
DE-SH,00+,2023-04-16,2023-04-07,-9 day ahead inc hosp,quantile,0.9,215,COVID-19
DE-SH,00+,2023-04-16,2023-04-07,-9 day ahead inc hosp,quantile,0.975,218,COVID-19
DE-SH,00+,2023-04-16,2023-04-08,-8 day ahead inc hosp,mean,NA,182.061,COVID-19
DE-SH,00+,2023-04-16,2023-04-08,-8 day ahead inc hosp,quantile,0.025,174,COVID-19
DE-SH,00+,2023-04-16,2023-04-08,-8 day ahead inc hosp,quantile,0.1,177,COVID-19
DE-SH,00+,2023-04-16,2023-04-08,-8 day ahead inc hosp,quantile,0.25,179,COVID-19
DE-SH,00+,2023-04-16,2023-04-08,-8 day ahead inc hosp,quantile,0.5,182,COVID-19
DE-SH,00+,2023-04-16,2023-04-08,-8 day ahead inc hosp,quantile,0.75,185,COVID-19
DE-SH,00+,2023-04-16,2023-04-08,-8 day ahead inc hosp,quantile,0.9,188,COVID-19
DE-SH,00+,2023-04-16,2023-04-08,-8 day ahead inc hosp,quantile,0.975,191,COVID-19
DE-SH,00+,2023-04-16,2023-04-09,-7 day ahead inc hosp,mean,NA,182.622,COVID-19
DE-SH,00+,2023-04-16,2023-04-09,-7 day ahead inc hosp,quantile,0.025,175,COVID-19
DE-SH,00+,2023-04-16,2023-04-09,-7 day ahead inc hosp,quantile,0.1,177,COVID-19
DE-SH,00+,2023-04-16,2023-04-09,-7 day ahead inc hosp,quantile,0.25,179,COVID-19
DE-SH,00+,2023-04-16,2023-04-09,-7 day ahead inc hosp,quantile,0.5,182,COVID-19
DE-SH,00+,2023-04-16,2023-04-09,-7 day ahead inc hosp,quantile,0.75,186,COVID-19
DE-SH,00+,2023-04-16,2023-04-09,-7 day ahead inc hosp,quantile,0.9,189,COVID-19
DE-SH,00+,2023-04-16,2023-04-09,-7 day ahead inc hosp,quantile,0.975,192,COVID-19
DE-SH,00+,2023-04-16,2023-04-10,-6 day ahead inc hosp,mean,NA,178.161,COVID-19
DE-SH,00+,2023-04-16,2023-04-10,-6 day ahead inc hosp,quantile,0.025,170,COVID-19
DE-SH,00+,2023-04-16,2023-04-10,-6 day ahead inc hosp,quantile,0.1,173,COVID-19
DE-SH,00+,2023-04-16,2023-04-10,-6 day ahead inc hosp,quantile,0.25,175,COVID-19
DE-SH,00+,2023-04-16,2023-04-10,-6 day ahead inc hosp,quantile,0.5,178,COVID-19
DE-SH,00+,2023-04-16,2023-04-10,-6 day ahead inc hosp,quantile,0.75,181,COVID-19
DE-SH,00+,2023-04-16,2023-04-10,-6 day ahead inc hosp,quantile,0.9,184,COVID-19
DE-SH,00+,2023-04-16,2023-04-10,-6 day ahead inc hosp,quantile,0.975,188,COVID-19
DE-SH,00+,2023-04-16,2023-04-11,-5 day ahead inc hosp,mean,NA,144.385,COVID-19
DE-SH,00+,2023-04-16,2023-04-11,-5 day ahead inc hosp,quantile,0.025,135,COVID-19
DE-SH,00+,2023-04-16,2023-04-11,-5 day ahead inc hosp,quantile,0.1,138,COVID-19
DE-SH,00+,2023-04-16,2023-04-11,-5 day ahead inc hosp,quantile,0.25,141,COVID-19
DE-SH,00+,2023-04-16,2023-04-11,-5 day ahead inc hosp,quantile,0.5,144,COVID-19
DE-SH,00+,2023-04-16,2023-04-11,-5 day ahead inc hosp,quantile,0.75,148,COVID-19
DE-SH,00+,2023-04-16,2023-04-11,-5 day ahead inc hosp,quantile,0.9,152,COVID-19
DE-SH,00+,2023-04-16,2023-04-11,-5 day ahead inc hosp,quantile,0.975,156,COVID-19
DE-SH,00+,2023-04-16,2023-04-12,-4 day ahead inc hosp,mean,NA,197.593,COVID-19
DE-SH,00+,2023-04-16,2023-04-12,-4 day ahead inc hosp,quantile,0.025,187,COVID-19
DE-SH,00+,2023-04-16,2023-04-12,-4 day ahead inc hosp,quantile,0.1,190,COVID-19
DE-SH,00+,2023-04-16,2023-04-12,-4 day ahead inc hosp,quantile,0.25,193,COVID-19
DE-SH,00+,2023-04-16,2023-04-12,-4 day ahead inc hosp,quantile,0.5,197,COVID-19
DE-SH,00+,2023-04-16,2023-04-12,-4 day ahead inc hosp,quantile,0.75,202,COVID-19
DE-SH,00+,2023-04-16,2023-04-12,-4 day ahead inc hosp,quantile,0.9,206,COVID-19
DE-SH,00+,2023-04-16,2023-04-12,-4 day ahead inc hosp,quantile,0.975,210,COVID-19
DE-SH,00+,2023-04-16,2023-04-13,-3 day ahead inc hosp,mean,NA,187.789,COVID-19
DE-SH,00+,2023-04-16,2023-04-13,-3 day ahead inc hosp,quantile,0.025,175,COVID-19
DE-SH,00+,2023-04-16,2023-04-13,-3 day ahead inc hosp,quantile,0.1,179,COVID-19
DE-SH,00+,2023-04-16,2023-04-13,-3 day ahead inc hosp,quantile,0.25,183,COVID-19
DE-SH,00+,2023-04-16,2023-04-13,-3 day ahead inc hosp,quantile,0.5,187,COVID-19
DE-SH,00+,2023-04-16,2023-04-13,-3 day ahead inc hosp,quantile,0.75,192,COVID-19
DE-SH,00+,2023-04-16,2023-04-13,-3 day ahead inc hosp,quantile,0.9,197,COVID-19
DE-SH,00+,2023-04-16,2023-04-13,-3 day ahead inc hosp,quantile,0.975,204,COVID-19
DE-SH,00+,2023-04-16,2023-04-14,-2 day ahead inc hosp,mean,NA,188.721,COVID-19
DE-SH,00+,2023-04-16,2023-04-14,-2 day ahead inc hosp,quantile,0.025,173,COVID-19
DE-SH,00+,2023-04-16,2023-04-14,-2 day ahead inc hosp,quantile,0.1,177,COVID-19
DE-SH,00+,2023-04-16,2023-04-14,-2 day ahead inc hosp,quantile,0.25,182,COVID-19
DE-SH,00+,2023-04-16,2023-04-14,-2 day ahead inc hosp,quantile,0.5,188,COVID-19
DE-SH,00+,2023-04-16,2023-04-14,-2 day ahead inc hosp,quantile,0.75,194,COVID-19
DE-SH,00+,2023-04-16,2023-04-14,-2 day ahead inc hosp,quantile,0.9,202,COVID-19
DE-SH,00+,2023-04-16,2023-04-14,-2 day ahead inc hosp,quantile,0.975,210,COVID-19
DE-SH,00+,2023-04-16,2023-04-15,-1 day ahead inc hosp,mean,NA,212.703,COVID-19
DE-SH,00+,2023-04-16,2023-04-15,-1 day ahead inc hosp,quantile,0.025,191,COVID-19
DE-SH,00+,2023-04-16,2023-04-15,-1 day ahead inc hosp,quantile,0.1,197,COVID-19
DE-SH,00+,2023-04-16,2023-04-15,-1 day ahead inc hosp,quantile,0.25,203,COVID-19
DE-SH,00+,2023-04-16,2023-04-15,-1 day ahead inc hosp,quantile,0.5,211,COVID-19
DE-SH,00+,2023-04-16,2023-04-15,-1 day ahead inc hosp,quantile,0.75,221,COVID-19
DE-SH,00+,2023-04-16,2023-04-15,-1 day ahead inc hosp,quantile,0.9,231,COVID-19
DE-SH,00+,2023-04-16,2023-04-15,-1 day ahead inc hosp,quantile,0.975,244,COVID-19
DE-SH,00+,2023-04-16,2023-04-16,0 day ahead inc hosp,mean,NA,213.161,COVID-19
DE-SH,00+,2023-04-16,2023-04-16,0 day ahead inc hosp,quantile,0.025,190,COVID-19
DE-SH,00+,2023-04-16,2023-04-16,0 day ahead inc hosp,quantile,0.1,196,COVID-19
DE-SH,00+,2023-04-16,2023-04-16,0 day ahead inc hosp,quantile,0.25,202,COVID-19
DE-SH,00+,2023-04-16,2023-04-16,0 day ahead inc hosp,quantile,0.5,212,COVID-19
DE-SH,00+,2023-04-16,2023-04-16,0 day ahead inc hosp,quantile,0.75,222,COVID-19
DE-SH,00+,2023-04-16,2023-04-16,0 day ahead inc hosp,quantile,0.9,233,COVID-19
DE-SH,00+,2023-04-16,2023-04-16,0 day ahead inc hosp,quantile,0.975,247,COVID-19
DE-SL,00+,2023-04-16,2023-03-19,-28 day ahead inc hosp,mean,NA,135.347,COVID-19
DE-SL,00+,2023-04-16,2023-03-19,-28 day ahead inc hosp,quantile,0.025,134,COVID-19
DE-SL,00+,2023-04-16,2023-03-19,-28 day ahead inc hosp,quantile,0.1,134,COVID-19
DE-SL,00+,2023-04-16,2023-03-19,-28 day ahead inc hosp,quantile,0.25,134,COVID-19
DE-SL,00+,2023-04-16,2023-03-19,-28 day ahead inc hosp,quantile,0.5,135,COVID-19
DE-SL,00+,2023-04-16,2023-03-19,-28 day ahead inc hosp,quantile,0.75,136,COVID-19
DE-SL,00+,2023-04-16,2023-03-19,-28 day ahead inc hosp,quantile,0.9,137,COVID-19
DE-SL,00+,2023-04-16,2023-03-19,-28 day ahead inc hosp,quantile,0.975,138,COVID-19
DE-SL,00+,2023-04-16,2023-03-20,-27 day ahead inc hosp,mean,NA,135.351,COVID-19
DE-SL,00+,2023-04-16,2023-03-20,-27 day ahead inc hosp,quantile,0.025,134,COVID-19
DE-SL,00+,2023-04-16,2023-03-20,-27 day ahead inc hosp,quantile,0.1,134,COVID-19
DE-SL,00+,2023-04-16,2023-03-20,-27 day ahead inc hosp,quantile,0.25,134,COVID-19
DE-SL,00+,2023-04-16,2023-03-20,-27 day ahead inc hosp,quantile,0.5,135,COVID-19
DE-SL,00+,2023-04-16,2023-03-20,-27 day ahead inc hosp,quantile,0.75,136,COVID-19
DE-SL,00+,2023-04-16,2023-03-20,-27 day ahead inc hosp,quantile,0.9,137,COVID-19
DE-SL,00+,2023-04-16,2023-03-20,-27 day ahead inc hosp,quantile,0.975,138,COVID-19
DE-SL,00+,2023-04-16,2023-03-21,-26 day ahead inc hosp,mean,NA,123.43,COVID-19
DE-SL,00+,2023-04-16,2023-03-21,-26 day ahead inc hosp,quantile,0.025,122,COVID-19
DE-SL,00+,2023-04-16,2023-03-21,-26 day ahead inc hosp,quantile,0.1,122,COVID-19
DE-SL,00+,2023-04-16,2023-03-21,-26 day ahead inc hosp,quantile,0.25,122,COVID-19
DE-SL,00+,2023-04-16,2023-03-21,-26 day ahead inc hosp,quantile,0.5,123,COVID-19
DE-SL,00+,2023-04-16,2023-03-21,-26 day ahead inc hosp,quantile,0.75,124,COVID-19
DE-SL,00+,2023-04-16,2023-03-21,-26 day ahead inc hosp,quantile,0.9,125,COVID-19
DE-SL,00+,2023-04-16,2023-03-21,-26 day ahead inc hosp,quantile,0.975,126,COVID-19
DE-SL,00+,2023-04-16,2023-03-22,-25 day ahead inc hosp,mean,NA,117.482,COVID-19
DE-SL,00+,2023-04-16,2023-03-22,-25 day ahead inc hosp,quantile,0.025,116,COVID-19
DE-SL,00+,2023-04-16,2023-03-22,-25 day ahead inc hosp,quantile,0.1,116,COVID-19
DE-SL,00+,2023-04-16,2023-03-22,-25 day ahead inc hosp,quantile,0.25,117,COVID-19
DE-SL,00+,2023-04-16,2023-03-22,-25 day ahead inc hosp,quantile,0.5,117,COVID-19
DE-SL,00+,2023-04-16,2023-03-22,-25 day ahead inc hosp,quantile,0.75,118,COVID-19
DE-SL,00+,2023-04-16,2023-03-22,-25 day ahead inc hosp,quantile,0.9,119,COVID-19
DE-SL,00+,2023-04-16,2023-03-22,-25 day ahead inc hosp,quantile,0.975,120,COVID-19
DE-SL,00+,2023-04-16,2023-03-23,-24 day ahead inc hosp,mean,NA,103.531,COVID-19
DE-SL,00+,2023-04-16,2023-03-23,-24 day ahead inc hosp,quantile,0.025,102,COVID-19
DE-SL,00+,2023-04-16,2023-03-23,-24 day ahead inc hosp,quantile,0.1,102,COVID-19
DE-SL,00+,2023-04-16,2023-03-23,-24 day ahead inc hosp,quantile,0.25,103,COVID-19
DE-SL,00+,2023-04-16,2023-03-23,-24 day ahead inc hosp,quantile,0.5,103,COVID-19
DE-SL,00+,2023-04-16,2023-03-23,-24 day ahead inc hosp,quantile,0.75,104,COVID-19
DE-SL,00+,2023-04-16,2023-03-23,-24 day ahead inc hosp,quantile,0.9,105,COVID-19
DE-SL,00+,2023-04-16,2023-03-23,-24 day ahead inc hosp,quantile,0.975,107,COVID-19
DE-SL,00+,2023-04-16,2023-03-24,-23 day ahead inc hosp,mean,NA,99.557,COVID-19
DE-SL,00+,2023-04-16,2023-03-24,-23 day ahead inc hosp,quantile,0.025,98,COVID-19
DE-SL,00+,2023-04-16,2023-03-24,-23 day ahead inc hosp,quantile,0.1,98,COVID-19
DE-SL,00+,2023-04-16,2023-03-24,-23 day ahead inc hosp,quantile,0.25,99,COVID-19
DE-SL,00+,2023-04-16,2023-03-24,-23 day ahead inc hosp,quantile,0.5,99,COVID-19
DE-SL,00+,2023-04-16,2023-03-24,-23 day ahead inc hosp,quantile,0.75,100,COVID-19
DE-SL,00+,2023-04-16,2023-03-24,-23 day ahead inc hosp,quantile,0.9,101,COVID-19
DE-SL,00+,2023-04-16,2023-03-24,-23 day ahead inc hosp,quantile,0.975,103,COVID-19
DE-SL,00+,2023-04-16,2023-03-25,-22 day ahead inc hosp,mean,NA,93.601,COVID-19
DE-SL,00+,2023-04-16,2023-03-25,-22 day ahead inc hosp,quantile,0.025,92,COVID-19
DE-SL,00+,2023-04-16,2023-03-25,-22 day ahead inc hosp,quantile,0.1,92,COVID-19
DE-SL,00+,2023-04-16,2023-03-25,-22 day ahead inc hosp,quantile,0.25,93,COVID-19
DE-SL,00+,2023-04-16,2023-03-25,-22 day ahead inc hosp,quantile,0.5,93,COVID-19
DE-SL,00+,2023-04-16,2023-03-25,-22 day ahead inc hosp,quantile,0.75,94,COVID-19
DE-SL,00+,2023-04-16,2023-03-25,-22 day ahead inc hosp,quantile,0.9,95,COVID-19
DE-SL,00+,2023-04-16,2023-03-25,-22 day ahead inc hosp,quantile,0.975,97,COVID-19
DE-SL,00+,2023-04-16,2023-03-26,-21 day ahead inc hosp,mean,NA,93.61,COVID-19
DE-SL,00+,2023-04-16,2023-03-26,-21 day ahead inc hosp,quantile,0.025,92,COVID-19
DE-SL,00+,2023-04-16,2023-03-26,-21 day ahead inc hosp,quantile,0.1,92,COVID-19
DE-SL,00+,2023-04-16,2023-03-26,-21 day ahead inc hosp,quantile,0.25,93,COVID-19
DE-SL,00+,2023-04-16,2023-03-26,-21 day ahead inc hosp,quantile,0.5,93,COVID-19
DE-SL,00+,2023-04-16,2023-03-26,-21 day ahead inc hosp,quantile,0.75,94,COVID-19
DE-SL,00+,2023-04-16,2023-03-26,-21 day ahead inc hosp,quantile,0.9,95,COVID-19
DE-SL,00+,2023-04-16,2023-03-26,-21 day ahead inc hosp,quantile,0.975,97,COVID-19
DE-SL,00+,2023-04-16,2023-03-27,-20 day ahead inc hosp,mean,NA,93.616,COVID-19
DE-SL,00+,2023-04-16,2023-03-27,-20 day ahead inc hosp,quantile,0.025,92,COVID-19
DE-SL,00+,2023-04-16,2023-03-27,-20 day ahead inc hosp,quantile,0.1,92,COVID-19
DE-SL,00+,2023-04-16,2023-03-27,-20 day ahead inc hosp,quantile,0.25,93,COVID-19
DE-SL,00+,2023-04-16,2023-03-27,-20 day ahead inc hosp,quantile,0.5,93,COVID-19
DE-SL,00+,2023-04-16,2023-03-27,-20 day ahead inc hosp,quantile,0.75,94,COVID-19
DE-SL,00+,2023-04-16,2023-03-27,-20 day ahead inc hosp,quantile,0.9,95,COVID-19
DE-SL,00+,2023-04-16,2023-03-27,-20 day ahead inc hosp,quantile,0.975,97,COVID-19
DE-SL,00+,2023-04-16,2023-03-28,-19 day ahead inc hosp,mean,NA,71.567,COVID-19
DE-SL,00+,2023-04-16,2023-03-28,-19 day ahead inc hosp,quantile,0.025,70,COVID-19
DE-SL,00+,2023-04-16,2023-03-28,-19 day ahead inc hosp,quantile,0.1,70,COVID-19
DE-SL,00+,2023-04-16,2023-03-28,-19 day ahead inc hosp,quantile,0.25,71,COVID-19
DE-SL,00+,2023-04-16,2023-03-28,-19 day ahead inc hosp,quantile,0.5,71,COVID-19
DE-SL,00+,2023-04-16,2023-03-28,-19 day ahead inc hosp,quantile,0.75,72,COVID-19
DE-SL,00+,2023-04-16,2023-03-28,-19 day ahead inc hosp,quantile,0.9,73,COVID-19
DE-SL,00+,2023-04-16,2023-03-28,-19 day ahead inc hosp,quantile,0.975,75,COVID-19
DE-SL,00+,2023-04-16,2023-03-29,-18 day ahead inc hosp,mean,NA,51.603,COVID-19
DE-SL,00+,2023-04-16,2023-03-29,-18 day ahead inc hosp,quantile,0.025,50,COVID-19
DE-SL,00+,2023-04-16,2023-03-29,-18 day ahead inc hosp,quantile,0.1,50,COVID-19
DE-SL,00+,2023-04-16,2023-03-29,-18 day ahead inc hosp,quantile,0.25,51,COVID-19
DE-SL,00+,2023-04-16,2023-03-29,-18 day ahead inc hosp,quantile,0.5,51,COVID-19
DE-SL,00+,2023-04-16,2023-03-29,-18 day ahead inc hosp,quantile,0.75,52,COVID-19
DE-SL,00+,2023-04-16,2023-03-29,-18 day ahead inc hosp,quantile,0.9,53,COVID-19
DE-SL,00+,2023-04-16,2023-03-29,-18 day ahead inc hosp,quantile,0.975,54,COVID-19
DE-SL,00+,2023-04-16,2023-03-30,-17 day ahead inc hosp,mean,NA,48.632,COVID-19
DE-SL,00+,2023-04-16,2023-03-30,-17 day ahead inc hosp,quantile,0.025,47,COVID-19
DE-SL,00+,2023-04-16,2023-03-30,-17 day ahead inc hosp,quantile,0.1,47,COVID-19
DE-SL,00+,2023-04-16,2023-03-30,-17 day ahead inc hosp,quantile,0.25,48,COVID-19
DE-SL,00+,2023-04-16,2023-03-30,-17 day ahead inc hosp,quantile,0.5,48,COVID-19
DE-SL,00+,2023-04-16,2023-03-30,-17 day ahead inc hosp,quantile,0.75,49,COVID-19
DE-SL,00+,2023-04-16,2023-03-30,-17 day ahead inc hosp,quantile,0.9,50,COVID-19
DE-SL,00+,2023-04-16,2023-03-30,-17 day ahead inc hosp,quantile,0.975,52,COVID-19
DE-SL,00+,2023-04-16,2023-03-31,-16 day ahead inc hosp,mean,NA,36.666,COVID-19
DE-SL,00+,2023-04-16,2023-03-31,-16 day ahead inc hosp,quantile,0.025,35,COVID-19
DE-SL,00+,2023-04-16,2023-03-31,-16 day ahead inc hosp,quantile,0.1,35,COVID-19
DE-SL,00+,2023-04-16,2023-03-31,-16 day ahead inc hosp,quantile,0.25,36,COVID-19
DE-SL,00+,2023-04-16,2023-03-31,-16 day ahead inc hosp,quantile,0.5,36,COVID-19
DE-SL,00+,2023-04-16,2023-03-31,-16 day ahead inc hosp,quantile,0.75,37,COVID-19
DE-SL,00+,2023-04-16,2023-03-31,-16 day ahead inc hosp,quantile,0.9,38,COVID-19
DE-SL,00+,2023-04-16,2023-03-31,-16 day ahead inc hosp,quantile,0.975,40,COVID-19
DE-SL,00+,2023-04-16,2023-04-01,-15 day ahead inc hosp,mean,NA,30.715,COVID-19
DE-SL,00+,2023-04-16,2023-04-01,-15 day ahead inc hosp,quantile,0.025,29,COVID-19
DE-SL,00+,2023-04-16,2023-04-01,-15 day ahead inc hosp,quantile,0.1,29,COVID-19
DE-SL,00+,2023-04-16,2023-04-01,-15 day ahead inc hosp,quantile,0.25,30,COVID-19
DE-SL,00+,2023-04-16,2023-04-01,-15 day ahead inc hosp,quantile,0.5,30,COVID-19
DE-SL,00+,2023-04-16,2023-04-01,-15 day ahead inc hosp,quantile,0.75,31,COVID-19
DE-SL,00+,2023-04-16,2023-04-01,-15 day ahead inc hosp,quantile,0.9,33,COVID-19
DE-SL,00+,2023-04-16,2023-04-01,-15 day ahead inc hosp,quantile,0.975,34,COVID-19
DE-SL,00+,2023-04-16,2023-04-02,-14 day ahead inc hosp,mean,NA,30.72,COVID-19
DE-SL,00+,2023-04-16,2023-04-02,-14 day ahead inc hosp,quantile,0.025,29,COVID-19
DE-SL,00+,2023-04-16,2023-04-02,-14 day ahead inc hosp,quantile,0.1,29,COVID-19
DE-SL,00+,2023-04-16,2023-04-02,-14 day ahead inc hosp,quantile,0.25,30,COVID-19
DE-SL,00+,2023-04-16,2023-04-02,-14 day ahead inc hosp,quantile,0.5,30,COVID-19
DE-SL,00+,2023-04-16,2023-04-02,-14 day ahead inc hosp,quantile,0.75,31,COVID-19
DE-SL,00+,2023-04-16,2023-04-02,-14 day ahead inc hosp,quantile,0.9,33,COVID-19
DE-SL,00+,2023-04-16,2023-04-02,-14 day ahead inc hosp,quantile,0.975,34,COVID-19
DE-SL,00+,2023-04-16,2023-04-03,-13 day ahead inc hosp,mean,NA,30.722,COVID-19
DE-SL,00+,2023-04-16,2023-04-03,-13 day ahead inc hosp,quantile,0.025,29,COVID-19
DE-SL,00+,2023-04-16,2023-04-03,-13 day ahead inc hosp,quantile,0.1,29,COVID-19
DE-SL,00+,2023-04-16,2023-04-03,-13 day ahead inc hosp,quantile,0.25,30,COVID-19
DE-SL,00+,2023-04-16,2023-04-03,-13 day ahead inc hosp,quantile,0.5,30,COVID-19
DE-SL,00+,2023-04-16,2023-04-03,-13 day ahead inc hosp,quantile,0.75,31,COVID-19
DE-SL,00+,2023-04-16,2023-04-03,-13 day ahead inc hosp,quantile,0.9,33,COVID-19
DE-SL,00+,2023-04-16,2023-04-03,-13 day ahead inc hosp,quantile,0.975,34,COVID-19
DE-SL,00+,2023-04-16,2023-04-04,-12 day ahead inc hosp,mean,NA,43.79,COVID-19
DE-SL,00+,2023-04-16,2023-04-04,-12 day ahead inc hosp,quantile,0.025,42,COVID-19
DE-SL,00+,2023-04-16,2023-04-04,-12 day ahead inc hosp,quantile,0.1,42,COVID-19
DE-SL,00+,2023-04-16,2023-04-04,-12 day ahead inc hosp,quantile,0.25,43,COVID-19
DE-SL,00+,2023-04-16,2023-04-04,-12 day ahead inc hosp,quantile,0.5,44,COVID-19
DE-SL,00+,2023-04-16,2023-04-04,-12 day ahead inc hosp,quantile,0.75,45,COVID-19
DE-SL,00+,2023-04-16,2023-04-04,-12 day ahead inc hosp,quantile,0.9,46,COVID-19
DE-SL,00+,2023-04-16,2023-04-04,-12 day ahead inc hosp,quantile,0.975,47,COVID-19
DE-SL,00+,2023-04-16,2023-04-05,-11 day ahead inc hosp,mean,NA,47.842,COVID-19
DE-SL,00+,2023-04-16,2023-04-05,-11 day ahead inc hosp,quantile,0.025,46,COVID-19
DE-SL,00+,2023-04-16,2023-04-05,-11 day ahead inc hosp,quantile,0.1,46,COVID-19
DE-SL,00+,2023-04-16,2023-04-05,-11 day ahead inc hosp,quantile,0.25,47,COVID-19
DE-SL,00+,2023-04-16,2023-04-05,-11 day ahead inc hosp,quantile,0.5,48,COVID-19
DE-SL,00+,2023-04-16,2023-04-05,-11 day ahead inc hosp,quantile,0.75,49,COVID-19
DE-SL,00+,2023-04-16,2023-04-05,-11 day ahead inc hosp,quantile,0.9,50,COVID-19
DE-SL,00+,2023-04-16,2023-04-05,-11 day ahead inc hosp,quantile,0.975,51,COVID-19
DE-SL,00+,2023-04-16,2023-04-06,-10 day ahead inc hosp,mean,NA,44.923,COVID-19
DE-SL,00+,2023-04-16,2023-04-06,-10 day ahead inc hosp,quantile,0.025,43,COVID-19
DE-SL,00+,2023-04-16,2023-04-06,-10 day ahead inc hosp,quantile,0.1,43,COVID-19
DE-SL,00+,2023-04-16,2023-04-06,-10 day ahead inc hosp,quantile,0.25,44,COVID-19
DE-SL,00+,2023-04-16,2023-04-06,-10 day ahead inc hosp,quantile,0.5,45,COVID-19
DE-SL,00+,2023-04-16,2023-04-06,-10 day ahead inc hosp,quantile,0.75,46,COVID-19
DE-SL,00+,2023-04-16,2023-04-06,-10 day ahead inc hosp,quantile,0.9,47,COVID-19
DE-SL,00+,2023-04-16,2023-04-06,-10 day ahead inc hosp,quantile,0.975,48,COVID-19
DE-SL,00+,2023-04-16,2023-04-07,-9 day ahead inc hosp,mean,NA,46.07,COVID-19
DE-SL,00+,2023-04-16,2023-04-07,-9 day ahead inc hosp,quantile,0.025,44,COVID-19
DE-SL,00+,2023-04-16,2023-04-07,-9 day ahead inc hosp,quantile,0.1,44,COVID-19
DE-SL,00+,2023-04-16,2023-04-07,-9 day ahead inc hosp,quantile,0.25,45,COVID-19
DE-SL,00+,2023-04-16,2023-04-07,-9 day ahead inc hosp,quantile,0.5,46,COVID-19
DE-SL,00+,2023-04-16,2023-04-07,-9 day ahead inc hosp,quantile,0.75,47,COVID-19
DE-SL,00+,2023-04-16,2023-04-07,-9 day ahead inc hosp,quantile,0.9,48,COVID-19
DE-SL,00+,2023-04-16,2023-04-07,-9 day ahead inc hosp,quantile,0.975,49,COVID-19
DE-SL,00+,2023-04-16,2023-04-08,-8 day ahead inc hosp,mean,NA,40.207,COVID-19
DE-SL,00+,2023-04-16,2023-04-08,-8 day ahead inc hosp,quantile,0.025,38,COVID-19
DE-SL,00+,2023-04-16,2023-04-08,-8 day ahead inc hosp,quantile,0.1,38,COVID-19
DE-SL,00+,2023-04-16,2023-04-08,-8 day ahead inc hosp,quantile,0.25,39,COVID-19
DE-SL,00+,2023-04-16,2023-04-08,-8 day ahead inc hosp,quantile,0.5,40,COVID-19
DE-SL,00+,2023-04-16,2023-04-08,-8 day ahead inc hosp,quantile,0.75,41,COVID-19
DE-SL,00+,2023-04-16,2023-04-08,-8 day ahead inc hosp,quantile,0.9,42,COVID-19
DE-SL,00+,2023-04-16,2023-04-08,-8 day ahead inc hosp,quantile,0.975,44,COVID-19
DE-SL,00+,2023-04-16,2023-04-09,-7 day ahead inc hosp,mean,NA,40.218,COVID-19
DE-SL,00+,2023-04-16,2023-04-09,-7 day ahead inc hosp,quantile,0.025,38,COVID-19
DE-SL,00+,2023-04-16,2023-04-09,-7 day ahead inc hosp,quantile,0.1,38,COVID-19
DE-SL,00+,2023-04-16,2023-04-09,-7 day ahead inc hosp,quantile,0.25,39,COVID-19
DE-SL,00+,2023-04-16,2023-04-09,-7 day ahead inc hosp,quantile,0.5,40,COVID-19
DE-SL,00+,2023-04-16,2023-04-09,-7 day ahead inc hosp,quantile,0.75,41,COVID-19
DE-SL,00+,2023-04-16,2023-04-09,-7 day ahead inc hosp,quantile,0.9,42,COVID-19
DE-SL,00+,2023-04-16,2023-04-09,-7 day ahead inc hosp,quantile,0.975,44,COVID-19
DE-SL,00+,2023-04-16,2023-04-10,-6 day ahead inc hosp,mean,NA,40.224,COVID-19
DE-SL,00+,2023-04-16,2023-04-10,-6 day ahead inc hosp,quantile,0.025,38,COVID-19
DE-SL,00+,2023-04-16,2023-04-10,-6 day ahead inc hosp,quantile,0.1,38,COVID-19
DE-SL,00+,2023-04-16,2023-04-10,-6 day ahead inc hosp,quantile,0.25,39,COVID-19
DE-SL,00+,2023-04-16,2023-04-10,-6 day ahead inc hosp,quantile,0.5,40,COVID-19
DE-SL,00+,2023-04-16,2023-04-10,-6 day ahead inc hosp,quantile,0.75,41,COVID-19
DE-SL,00+,2023-04-16,2023-04-10,-6 day ahead inc hosp,quantile,0.9,42,COVID-19
DE-SL,00+,2023-04-16,2023-04-10,-6 day ahead inc hosp,quantile,0.975,44,COVID-19
DE-SL,00+,2023-04-16,2023-04-11,-5 day ahead inc hosp,mean,NA,19.566,COVID-19
DE-SL,00+,2023-04-16,2023-04-11,-5 day ahead inc hosp,quantile,0.025,17,COVID-19
DE-SL,00+,2023-04-16,2023-04-11,-5 day ahead inc hosp,quantile,0.1,18,COVID-19
DE-SL,00+,2023-04-16,2023-04-11,-5 day ahead inc hosp,quantile,0.25,18,COVID-19
DE-SL,00+,2023-04-16,2023-04-11,-5 day ahead inc hosp,quantile,0.5,19,COVID-19
DE-SL,00+,2023-04-16,2023-04-11,-5 day ahead inc hosp,quantile,0.75,21,COVID-19
DE-SL,00+,2023-04-16,2023-04-11,-5 day ahead inc hosp,quantile,0.9,22,COVID-19
DE-SL,00+,2023-04-16,2023-04-11,-5 day ahead inc hosp,quantile,0.975,23,COVID-19
DE-SL,00+,2023-04-16,2023-04-12,-4 day ahead inc hosp,mean,NA,26.008,COVID-19
DE-SL,00+,2023-04-16,2023-04-12,-4 day ahead inc hosp,quantile,0.025,23,COVID-19
DE-SL,00+,2023-04-16,2023-04-12,-4 day ahead inc hosp,quantile,0.1,24,COVID-19
DE-SL,00+,2023-04-16,2023-04-12,-4 day ahead inc hosp,quantile,0.25,25,COVID-19
DE-SL,00+,2023-04-16,2023-04-12,-4 day ahead inc hosp,quantile,0.5,26,COVID-19
DE-SL,00+,2023-04-16,2023-04-12,-4 day ahead inc hosp,quantile,0.75,27,COVID-19
DE-SL,00+,2023-04-16,2023-04-12,-4 day ahead inc hosp,quantile,0.9,29,COVID-19
DE-SL,00+,2023-04-16,2023-04-12,-4 day ahead inc hosp,quantile,0.975,30,COVID-19
DE-SL,00+,2023-04-16,2023-04-13,-3 day ahead inc hosp,mean,NA,24.576,COVID-19
DE-SL,00+,2023-04-16,2023-04-13,-3 day ahead inc hosp,quantile,0.025,21,COVID-19
DE-SL,00+,2023-04-16,2023-04-13,-3 day ahead inc hosp,quantile,0.1,22,COVID-19
DE-SL,00+,2023-04-16,2023-04-13,-3 day ahead inc hosp,quantile,0.25,23,COVID-19
DE-SL,00+,2023-04-16,2023-04-13,-3 day ahead inc hosp,quantile,0.5,24,COVID-19
DE-SL,00+,2023-04-16,2023-04-13,-3 day ahead inc hosp,quantile,0.75,26,COVID-19
DE-SL,00+,2023-04-16,2023-04-13,-3 day ahead inc hosp,quantile,0.9,27,COVID-19
DE-SL,00+,2023-04-16,2023-04-13,-3 day ahead inc hosp,quantile,0.975,29,COVID-19
DE-SL,00+,2023-04-16,2023-04-14,-2 day ahead inc hosp,mean,NA,25.503,COVID-19
DE-SL,00+,2023-04-16,2023-04-14,-2 day ahead inc hosp,quantile,0.025,22,COVID-19
DE-SL,00+,2023-04-16,2023-04-14,-2 day ahead inc hosp,quantile,0.1,23,COVID-19
DE-SL,00+,2023-04-16,2023-04-14,-2 day ahead inc hosp,quantile,0.25,24,COVID-19
DE-SL,00+,2023-04-16,2023-04-14,-2 day ahead inc hosp,quantile,0.5,25,COVID-19
DE-SL,00+,2023-04-16,2023-04-14,-2 day ahead inc hosp,quantile,0.75,27,COVID-19
DE-SL,00+,2023-04-16,2023-04-14,-2 day ahead inc hosp,quantile,0.9,29,COVID-19
DE-SL,00+,2023-04-16,2023-04-14,-2 day ahead inc hosp,quantile,0.975,31,COVID-19
DE-SL,00+,2023-04-16,2023-04-15,-1 day ahead inc hosp,mean,NA,27.81,COVID-19
DE-SL,00+,2023-04-16,2023-04-15,-1 day ahead inc hosp,quantile,0.025,23,COVID-19
DE-SL,00+,2023-04-16,2023-04-15,-1 day ahead inc hosp,quantile,0.1,25,COVID-19
DE-SL,00+,2023-04-16,2023-04-15,-1 day ahead inc hosp,quantile,0.25,26,COVID-19
DE-SL,00+,2023-04-16,2023-04-15,-1 day ahead inc hosp,quantile,0.5,28,COVID-19
DE-SL,00+,2023-04-16,2023-04-15,-1 day ahead inc hosp,quantile,0.75,29,COVID-19
DE-SL,00+,2023-04-16,2023-04-15,-1 day ahead inc hosp,quantile,0.9,32,COVID-19
DE-SL,00+,2023-04-16,2023-04-15,-1 day ahead inc hosp,quantile,0.975,34,COVID-19
DE-SL,00+,2023-04-16,2023-04-16,0 day ahead inc hosp,mean,NA,27.944,COVID-19
DE-SL,00+,2023-04-16,2023-04-16,0 day ahead inc hosp,quantile,0.025,23,COVID-19
DE-SL,00+,2023-04-16,2023-04-16,0 day ahead inc hosp,quantile,0.1,25,COVID-19
DE-SL,00+,2023-04-16,2023-04-16,0 day ahead inc hosp,quantile,0.25,26,COVID-19
DE-SL,00+,2023-04-16,2023-04-16,0 day ahead inc hosp,quantile,0.5,28,COVID-19
DE-SL,00+,2023-04-16,2023-04-16,0 day ahead inc hosp,quantile,0.75,30,COVID-19
DE-SL,00+,2023-04-16,2023-04-16,0 day ahead inc hosp,quantile,0.9,32,COVID-19
DE-SL,00+,2023-04-16,2023-04-16,0 day ahead inc hosp,quantile,0.975,34,COVID-19
DE-SN,00+,2023-04-16,2023-03-19,-28 day ahead inc hosp,mean,NA,488.093,COVID-19
DE-SN,00+,2023-04-16,2023-03-19,-28 day ahead inc hosp,quantile,0.025,482,COVID-19
DE-SN,00+,2023-04-16,2023-03-19,-28 day ahead inc hosp,quantile,0.1,484,COVID-19
DE-SN,00+,2023-04-16,2023-03-19,-28 day ahead inc hosp,quantile,0.25,486,COVID-19
DE-SN,00+,2023-04-16,2023-03-19,-28 day ahead inc hosp,quantile,0.5,488,COVID-19
DE-SN,00+,2023-04-16,2023-03-19,-28 day ahead inc hosp,quantile,0.75,490,COVID-19
DE-SN,00+,2023-04-16,2023-03-19,-28 day ahead inc hosp,quantile,0.9,493,COVID-19
DE-SN,00+,2023-04-16,2023-03-19,-28 day ahead inc hosp,quantile,0.975,496,COVID-19
DE-SN,00+,2023-04-16,2023-03-20,-27 day ahead inc hosp,mean,NA,488.212,COVID-19
DE-SN,00+,2023-04-16,2023-03-20,-27 day ahead inc hosp,quantile,0.025,482,COVID-19
DE-SN,00+,2023-04-16,2023-03-20,-27 day ahead inc hosp,quantile,0.1,484,COVID-19
DE-SN,00+,2023-04-16,2023-03-20,-27 day ahead inc hosp,quantile,0.25,486,COVID-19
DE-SN,00+,2023-04-16,2023-03-20,-27 day ahead inc hosp,quantile,0.5,488,COVID-19
DE-SN,00+,2023-04-16,2023-03-20,-27 day ahead inc hosp,quantile,0.75,490,COVID-19
DE-SN,00+,2023-04-16,2023-03-20,-27 day ahead inc hosp,quantile,0.9,493,COVID-19
DE-SN,00+,2023-04-16,2023-03-20,-27 day ahead inc hosp,quantile,0.975,496,COVID-19
DE-SN,00+,2023-04-16,2023-03-21,-26 day ahead inc hosp,mean,NA,504.994,COVID-19
DE-SN,00+,2023-04-16,2023-03-21,-26 day ahead inc hosp,quantile,0.025,499,COVID-19
DE-SN,00+,2023-04-16,2023-03-21,-26 day ahead inc hosp,quantile,0.1,501,COVID-19
DE-SN,00+,2023-04-16,2023-03-21,-26 day ahead inc hosp,quantile,0.25,502,COVID-19
DE-SN,00+,2023-04-16,2023-03-21,-26 day ahead inc hosp,quantile,0.5,505,COVID-19
DE-SN,00+,2023-04-16,2023-03-21,-26 day ahead inc hosp,quantile,0.75,507,COVID-19
DE-SN,00+,2023-04-16,2023-03-21,-26 day ahead inc hosp,quantile,0.9,510,COVID-19
DE-SN,00+,2023-04-16,2023-03-21,-26 day ahead inc hosp,quantile,0.975,512,COVID-19
DE-SN,00+,2023-04-16,2023-03-22,-25 day ahead inc hosp,mean,NA,462.618,COVID-19
DE-SN,00+,2023-04-16,2023-03-22,-25 day ahead inc hosp,quantile,0.025,456,COVID-19
DE-SN,00+,2023-04-16,2023-03-22,-25 day ahead inc hosp,quantile,0.1,458,COVID-19
DE-SN,00+,2023-04-16,2023-03-22,-25 day ahead inc hosp,quantile,0.25,460,COVID-19
DE-SN,00+,2023-04-16,2023-03-22,-25 day ahead inc hosp,quantile,0.5,462,COVID-19
DE-SN,00+,2023-04-16,2023-03-22,-25 day ahead inc hosp,quantile,0.75,465,COVID-19
DE-SN,00+,2023-04-16,2023-03-22,-25 day ahead inc hosp,quantile,0.9,467,COVID-19
DE-SN,00+,2023-04-16,2023-03-22,-25 day ahead inc hosp,quantile,0.975,470,COVID-19
DE-SN,00+,2023-04-16,2023-03-23,-24 day ahead inc hosp,mean,NA,441.081,COVID-19
DE-SN,00+,2023-04-16,2023-03-23,-24 day ahead inc hosp,quantile,0.025,434,COVID-19
DE-SN,00+,2023-04-16,2023-03-23,-24 day ahead inc hosp,quantile,0.1,436,COVID-19
DE-SN,00+,2023-04-16,2023-03-23,-24 day ahead inc hosp,quantile,0.25,438,COVID-19
DE-SN,00+,2023-04-16,2023-03-23,-24 day ahead inc hosp,quantile,0.5,441,COVID-19
DE-SN,00+,2023-04-16,2023-03-23,-24 day ahead inc hosp,quantile,0.75,444,COVID-19
DE-SN,00+,2023-04-16,2023-03-23,-24 day ahead inc hosp,quantile,0.9,446,COVID-19
DE-SN,00+,2023-04-16,2023-03-23,-24 day ahead inc hosp,quantile,0.975,449,COVID-19
DE-SN,00+,2023-04-16,2023-03-24,-23 day ahead inc hosp,mean,NA,427.517,COVID-19
DE-SN,00+,2023-04-16,2023-03-24,-23 day ahead inc hosp,quantile,0.025,421,COVID-19
DE-SN,00+,2023-04-16,2023-03-24,-23 day ahead inc hosp,quantile,0.1,423,COVID-19
DE-SN,00+,2023-04-16,2023-03-24,-23 day ahead inc hosp,quantile,0.25,425,COVID-19
DE-SN,00+,2023-04-16,2023-03-24,-23 day ahead inc hosp,quantile,0.5,427,COVID-19
DE-SN,00+,2023-04-16,2023-03-24,-23 day ahead inc hosp,quantile,0.75,430,COVID-19
DE-SN,00+,2023-04-16,2023-03-24,-23 day ahead inc hosp,quantile,0.9,432,COVID-19
DE-SN,00+,2023-04-16,2023-03-24,-23 day ahead inc hosp,quantile,0.975,436,COVID-19
DE-SN,00+,2023-04-16,2023-03-25,-22 day ahead inc hosp,mean,NA,417.022,COVID-19
DE-SN,00+,2023-04-16,2023-03-25,-22 day ahead inc hosp,quantile,0.025,411,COVID-19
DE-SN,00+,2023-04-16,2023-03-25,-22 day ahead inc hosp,quantile,0.1,412,COVID-19
DE-SN,00+,2023-04-16,2023-03-25,-22 day ahead inc hosp,quantile,0.25,414,COVID-19
DE-SN,00+,2023-04-16,2023-03-25,-22 day ahead inc hosp,quantile,0.5,417,COVID-19
DE-SN,00+,2023-04-16,2023-03-25,-22 day ahead inc hosp,quantile,0.75,420,COVID-19
DE-SN,00+,2023-04-16,2023-03-25,-22 day ahead inc hosp,quantile,0.9,422,COVID-19
DE-SN,00+,2023-04-16,2023-03-25,-22 day ahead inc hosp,quantile,0.975,425,COVID-19
DE-SN,00+,2023-04-16,2023-03-26,-21 day ahead inc hosp,mean,NA,411.077,COVID-19
DE-SN,00+,2023-04-16,2023-03-26,-21 day ahead inc hosp,quantile,0.025,404,COVID-19
DE-SN,00+,2023-04-16,2023-03-26,-21 day ahead inc hosp,quantile,0.1,406,COVID-19
DE-SN,00+,2023-04-16,2023-03-26,-21 day ahead inc hosp,quantile,0.25,408,COVID-19
DE-SN,00+,2023-04-16,2023-03-26,-21 day ahead inc hosp,quantile,0.5,411,COVID-19
DE-SN,00+,2023-04-16,2023-03-26,-21 day ahead inc hosp,quantile,0.75,414,COVID-19
DE-SN,00+,2023-04-16,2023-03-26,-21 day ahead inc hosp,quantile,0.9,416,COVID-19
DE-SN,00+,2023-04-16,2023-03-26,-21 day ahead inc hosp,quantile,0.975,419,COVID-19
DE-SN,00+,2023-04-16,2023-03-27,-20 day ahead inc hosp,mean,NA,411.134,COVID-19
DE-SN,00+,2023-04-16,2023-03-27,-20 day ahead inc hosp,quantile,0.025,404,COVID-19
DE-SN,00+,2023-04-16,2023-03-27,-20 day ahead inc hosp,quantile,0.1,406,COVID-19
DE-SN,00+,2023-04-16,2023-03-27,-20 day ahead inc hosp,quantile,0.25,408,COVID-19
DE-SN,00+,2023-04-16,2023-03-27,-20 day ahead inc hosp,quantile,0.5,411,COVID-19
DE-SN,00+,2023-04-16,2023-03-27,-20 day ahead inc hosp,quantile,0.75,414,COVID-19
DE-SN,00+,2023-04-16,2023-03-27,-20 day ahead inc hosp,quantile,0.9,416,COVID-19
DE-SN,00+,2023-04-16,2023-03-27,-20 day ahead inc hosp,quantile,0.975,419,COVID-19
DE-SN,00+,2023-04-16,2023-03-28,-19 day ahead inc hosp,mean,NA,385.526,COVID-19
DE-SN,00+,2023-04-16,2023-03-28,-19 day ahead inc hosp,quantile,0.025,379,COVID-19
DE-SN,00+,2023-04-16,2023-03-28,-19 day ahead inc hosp,quantile,0.1,381,COVID-19
DE-SN,00+,2023-04-16,2023-03-28,-19 day ahead inc hosp,quantile,0.25,383,COVID-19
DE-SN,00+,2023-04-16,2023-03-28,-19 day ahead inc hosp,quantile,0.5,385,COVID-19
DE-SN,00+,2023-04-16,2023-03-28,-19 day ahead inc hosp,quantile,0.75,388,COVID-19
DE-SN,00+,2023-04-16,2023-03-28,-19 day ahead inc hosp,quantile,0.9,391,COVID-19
DE-SN,00+,2023-04-16,2023-03-28,-19 day ahead inc hosp,quantile,0.975,394,COVID-19
DE-SN,00+,2023-04-16,2023-03-29,-18 day ahead inc hosp,mean,NA,394.739,COVID-19
DE-SN,00+,2023-04-16,2023-03-29,-18 day ahead inc hosp,quantile,0.025,387,COVID-19
DE-SN,00+,2023-04-16,2023-03-29,-18 day ahead inc hosp,quantile,0.1,390,COVID-19
DE-SN,00+,2023-04-16,2023-03-29,-18 day ahead inc hosp,quantile,0.25,392,COVID-19
DE-SN,00+,2023-04-16,2023-03-29,-18 day ahead inc hosp,quantile,0.5,394,COVID-19
DE-SN,00+,2023-04-16,2023-03-29,-18 day ahead inc hosp,quantile,0.75,397,COVID-19
DE-SN,00+,2023-04-16,2023-03-29,-18 day ahead inc hosp,quantile,0.9,400,COVID-19
DE-SN,00+,2023-04-16,2023-03-29,-18 day ahead inc hosp,quantile,0.975,403,COVID-19
DE-SN,00+,2023-04-16,2023-03-30,-17 day ahead inc hosp,mean,NA,382.92,COVID-19
DE-SN,00+,2023-04-16,2023-03-30,-17 day ahead inc hosp,quantile,0.025,376,COVID-19
DE-SN,00+,2023-04-16,2023-03-30,-17 day ahead inc hosp,quantile,0.1,378,COVID-19
DE-SN,00+,2023-04-16,2023-03-30,-17 day ahead inc hosp,quantile,0.25,380,COVID-19
DE-SN,00+,2023-04-16,2023-03-30,-17 day ahead inc hosp,quantile,0.5,383,COVID-19
DE-SN,00+,2023-04-16,2023-03-30,-17 day ahead inc hosp,quantile,0.75,386,COVID-19
DE-SN,00+,2023-04-16,2023-03-30,-17 day ahead inc hosp,quantile,0.9,388,COVID-19
DE-SN,00+,2023-04-16,2023-03-30,-17 day ahead inc hosp,quantile,0.975,391,COVID-19
DE-SN,00+,2023-04-16,2023-03-31,-16 day ahead inc hosp,mean,NA,372.219,COVID-19
DE-SN,00+,2023-04-16,2023-03-31,-16 day ahead inc hosp,quantile,0.025,364,COVID-19
DE-SN,00+,2023-04-16,2023-03-31,-16 day ahead inc hosp,quantile,0.1,367,COVID-19
DE-SN,00+,2023-04-16,2023-03-31,-16 day ahead inc hosp,quantile,0.25,369,COVID-19
DE-SN,00+,2023-04-16,2023-03-31,-16 day ahead inc hosp,quantile,0.5,372,COVID-19
DE-SN,00+,2023-04-16,2023-03-31,-16 day ahead inc hosp,quantile,0.75,375,COVID-19
DE-SN,00+,2023-04-16,2023-03-31,-16 day ahead inc hosp,quantile,0.9,378,COVID-19
DE-SN,00+,2023-04-16,2023-03-31,-16 day ahead inc hosp,quantile,0.975,380,COVID-19
DE-SN,00+,2023-04-16,2023-04-01,-15 day ahead inc hosp,mean,NA,348.356,COVID-19
DE-SN,00+,2023-04-16,2023-04-01,-15 day ahead inc hosp,quantile,0.025,341,COVID-19
DE-SN,00+,2023-04-16,2023-04-01,-15 day ahead inc hosp,quantile,0.1,343,COVID-19
DE-SN,00+,2023-04-16,2023-04-01,-15 day ahead inc hosp,quantile,0.25,345,COVID-19
DE-SN,00+,2023-04-16,2023-04-01,-15 day ahead inc hosp,quantile,0.5,348,COVID-19
DE-SN,00+,2023-04-16,2023-04-01,-15 day ahead inc hosp,quantile,0.75,351,COVID-19
DE-SN,00+,2023-04-16,2023-04-01,-15 day ahead inc hosp,quantile,0.9,354,COVID-19
DE-SN,00+,2023-04-16,2023-04-01,-15 day ahead inc hosp,quantile,0.975,356,COVID-19
DE-SN,00+,2023-04-16,2023-04-02,-14 day ahead inc hosp,mean,NA,364.501,COVID-19
DE-SN,00+,2023-04-16,2023-04-02,-14 day ahead inc hosp,quantile,0.025,357,COVID-19
DE-SN,00+,2023-04-16,2023-04-02,-14 day ahead inc hosp,quantile,0.1,359,COVID-19
DE-SN,00+,2023-04-16,2023-04-02,-14 day ahead inc hosp,quantile,0.25,362,COVID-19
DE-SN,00+,2023-04-16,2023-04-02,-14 day ahead inc hosp,quantile,0.5,364,COVID-19
DE-SN,00+,2023-04-16,2023-04-02,-14 day ahead inc hosp,quantile,0.75,367,COVID-19
DE-SN,00+,2023-04-16,2023-04-02,-14 day ahead inc hosp,quantile,0.9,370,COVID-19
DE-SN,00+,2023-04-16,2023-04-02,-14 day ahead inc hosp,quantile,0.975,373,COVID-19
DE-SN,00+,2023-04-16,2023-04-03,-13 day ahead inc hosp,mean,NA,346.726,COVID-19
DE-SN,00+,2023-04-16,2023-04-03,-13 day ahead inc hosp,quantile,0.025,339,COVID-19
DE-SN,00+,2023-04-16,2023-04-03,-13 day ahead inc hosp,quantile,0.1,341,COVID-19
DE-SN,00+,2023-04-16,2023-04-03,-13 day ahead inc hosp,quantile,0.25,344,COVID-19
DE-SN,00+,2023-04-16,2023-04-03,-13 day ahead inc hosp,quantile,0.5,346,COVID-19
DE-SN,00+,2023-04-16,2023-04-03,-13 day ahead inc hosp,quantile,0.75,350,COVID-19
DE-SN,00+,2023-04-16,2023-04-03,-13 day ahead inc hosp,quantile,0.9,352,COVID-19
DE-SN,00+,2023-04-16,2023-04-03,-13 day ahead inc hosp,quantile,0.975,355,COVID-19
DE-SN,00+,2023-04-16,2023-04-04,-12 day ahead inc hosp,mean,NA,333.461,COVID-19
DE-SN,00+,2023-04-16,2023-04-04,-12 day ahead inc hosp,quantile,0.025,326,COVID-19
DE-SN,00+,2023-04-16,2023-04-04,-12 day ahead inc hosp,quantile,0.1,328,COVID-19
DE-SN,00+,2023-04-16,2023-04-04,-12 day ahead inc hosp,quantile,0.25,330,COVID-19
DE-SN,00+,2023-04-16,2023-04-04,-12 day ahead inc hosp,quantile,0.5,333,COVID-19
DE-SN,00+,2023-04-16,2023-04-04,-12 day ahead inc hosp,quantile,0.75,336,COVID-19
DE-SN,00+,2023-04-16,2023-04-04,-12 day ahead inc hosp,quantile,0.9,339,COVID-19
DE-SN,00+,2023-04-16,2023-04-04,-12 day ahead inc hosp,quantile,0.975,343,COVID-19
DE-SN,00+,2023-04-16,2023-04-05,-11 day ahead inc hosp,mean,NA,325.515,COVID-19
DE-SN,00+,2023-04-16,2023-04-05,-11 day ahead inc hosp,quantile,0.025,317,COVID-19
DE-SN,00+,2023-04-16,2023-04-05,-11 day ahead inc hosp,quantile,0.1,320,COVID-19
DE-SN,00+,2023-04-16,2023-04-05,-11 day ahead inc hosp,quantile,0.25,322,COVID-19
DE-SN,00+,2023-04-16,2023-04-05,-11 day ahead inc hosp,quantile,0.5,325,COVID-19
DE-SN,00+,2023-04-16,2023-04-05,-11 day ahead inc hosp,quantile,0.75,329,COVID-19
DE-SN,00+,2023-04-16,2023-04-05,-11 day ahead inc hosp,quantile,0.9,332,COVID-19
DE-SN,00+,2023-04-16,2023-04-05,-11 day ahead inc hosp,quantile,0.975,335,COVID-19
DE-SN,00+,2023-04-16,2023-04-06,-10 day ahead inc hosp,mean,NA,312.621,COVID-19
DE-SN,00+,2023-04-16,2023-04-06,-10 day ahead inc hosp,quantile,0.025,304,COVID-19
DE-SN,00+,2023-04-16,2023-04-06,-10 day ahead inc hosp,quantile,0.1,307,COVID-19
DE-SN,00+,2023-04-16,2023-04-06,-10 day ahead inc hosp,quantile,0.25,309,COVID-19
DE-SN,00+,2023-04-16,2023-04-06,-10 day ahead inc hosp,quantile,0.5,312,COVID-19
DE-SN,00+,2023-04-16,2023-04-06,-10 day ahead inc hosp,quantile,0.75,316,COVID-19
DE-SN,00+,2023-04-16,2023-04-06,-10 day ahead inc hosp,quantile,0.9,319,COVID-19
DE-SN,00+,2023-04-16,2023-04-06,-10 day ahead inc hosp,quantile,0.975,323,COVID-19
DE-SN,00+,2023-04-16,2023-04-07,-9 day ahead inc hosp,mean,NA,295.334,COVID-19
DE-SN,00+,2023-04-16,2023-04-07,-9 day ahead inc hosp,quantile,0.025,287,COVID-19
DE-SN,00+,2023-04-16,2023-04-07,-9 day ahead inc hosp,quantile,0.1,289,COVID-19
DE-SN,00+,2023-04-16,2023-04-07,-9 day ahead inc hosp,quantile,0.25,292,COVID-19
DE-SN,00+,2023-04-16,2023-04-07,-9 day ahead inc hosp,quantile,0.5,295,COVID-19
DE-SN,00+,2023-04-16,2023-04-07,-9 day ahead inc hosp,quantile,0.75,298,COVID-19
DE-SN,00+,2023-04-16,2023-04-07,-9 day ahead inc hosp,quantile,0.9,302,COVID-19
DE-SN,00+,2023-04-16,2023-04-07,-9 day ahead inc hosp,quantile,0.975,306,COVID-19
DE-SN,00+,2023-04-16,2023-04-08,-8 day ahead inc hosp,mean,NA,281.282,COVID-19
DE-SN,00+,2023-04-16,2023-04-08,-8 day ahead inc hosp,quantile,0.025,272,COVID-19
DE-SN,00+,2023-04-16,2023-04-08,-8 day ahead inc hosp,quantile,0.1,275,COVID-19
DE-SN,00+,2023-04-16,2023-04-08,-8 day ahead inc hosp,quantile,0.25,278,COVID-19
DE-SN,00+,2023-04-16,2023-04-08,-8 day ahead inc hosp,quantile,0.5,281,COVID-19
DE-SN,00+,2023-04-16,2023-04-08,-8 day ahead inc hosp,quantile,0.75,285,COVID-19
DE-SN,00+,2023-04-16,2023-04-08,-8 day ahead inc hosp,quantile,0.9,288,COVID-19
DE-SN,00+,2023-04-16,2023-04-08,-8 day ahead inc hosp,quantile,0.975,292,COVID-19
DE-SN,00+,2023-04-16,2023-04-09,-7 day ahead inc hosp,mean,NA,256.167,COVID-19
DE-SN,00+,2023-04-16,2023-04-09,-7 day ahead inc hosp,quantile,0.025,247,COVID-19
DE-SN,00+,2023-04-16,2023-04-09,-7 day ahead inc hosp,quantile,0.1,250,COVID-19
DE-SN,00+,2023-04-16,2023-04-09,-7 day ahead inc hosp,quantile,0.25,253,COVID-19
DE-SN,00+,2023-04-16,2023-04-09,-7 day ahead inc hosp,quantile,0.5,256,COVID-19
DE-SN,00+,2023-04-16,2023-04-09,-7 day ahead inc hosp,quantile,0.75,259,COVID-19
DE-SN,00+,2023-04-16,2023-04-09,-7 day ahead inc hosp,quantile,0.9,263,COVID-19
DE-SN,00+,2023-04-16,2023-04-09,-7 day ahead inc hosp,quantile,0.975,267,COVID-19
DE-SN,00+,2023-04-16,2023-04-10,-6 day ahead inc hosp,mean,NA,249.024,COVID-19
DE-SN,00+,2023-04-16,2023-04-10,-6 day ahead inc hosp,quantile,0.025,239,COVID-19
DE-SN,00+,2023-04-16,2023-04-10,-6 day ahead inc hosp,quantile,0.1,242,COVID-19
DE-SN,00+,2023-04-16,2023-04-10,-6 day ahead inc hosp,quantile,0.25,245,COVID-19
DE-SN,00+,2023-04-16,2023-04-10,-6 day ahead inc hosp,quantile,0.5,249,COVID-19
DE-SN,00+,2023-04-16,2023-04-10,-6 day ahead inc hosp,quantile,0.75,253,COVID-19
DE-SN,00+,2023-04-16,2023-04-10,-6 day ahead inc hosp,quantile,0.9,256,COVID-19
DE-SN,00+,2023-04-16,2023-04-10,-6 day ahead inc hosp,quantile,0.975,261,COVID-19
DE-SN,00+,2023-04-16,2023-04-11,-5 day ahead inc hosp,mean,NA,181.531,COVID-19
DE-SN,00+,2023-04-16,2023-04-11,-5 day ahead inc hosp,quantile,0.025,169,COVID-19
DE-SN,00+,2023-04-16,2023-04-11,-5 day ahead inc hosp,quantile,0.1,173,COVID-19
DE-SN,00+,2023-04-16,2023-04-11,-5 day ahead inc hosp,quantile,0.25,177,COVID-19
DE-SN,00+,2023-04-16,2023-04-11,-5 day ahead inc hosp,quantile,0.5,181,COVID-19
DE-SN,00+,2023-04-16,2023-04-11,-5 day ahead inc hosp,quantile,0.75,186,COVID-19
DE-SN,00+,2023-04-16,2023-04-11,-5 day ahead inc hosp,quantile,0.9,190,COVID-19
DE-SN,00+,2023-04-16,2023-04-11,-5 day ahead inc hosp,quantile,0.975,196,COVID-19
DE-SN,00+,2023-04-16,2023-04-12,-4 day ahead inc hosp,mean,NA,222.229,COVID-19
DE-SN,00+,2023-04-16,2023-04-12,-4 day ahead inc hosp,quantile,0.025,206,COVID-19
DE-SN,00+,2023-04-16,2023-04-12,-4 day ahead inc hosp,quantile,0.1,212,COVID-19
DE-SN,00+,2023-04-16,2023-04-12,-4 day ahead inc hosp,quantile,0.25,217,COVID-19
DE-SN,00+,2023-04-16,2023-04-12,-4 day ahead inc hosp,quantile,0.5,222,COVID-19
DE-SN,00+,2023-04-16,2023-04-12,-4 day ahead inc hosp,quantile,0.75,228,COVID-19
DE-SN,00+,2023-04-16,2023-04-12,-4 day ahead inc hosp,quantile,0.9,234,COVID-19
DE-SN,00+,2023-04-16,2023-04-12,-4 day ahead inc hosp,quantile,0.975,240,COVID-19
DE-SN,00+,2023-04-16,2023-04-13,-3 day ahead inc hosp,mean,NA,237.978,COVID-19
DE-SN,00+,2023-04-16,2023-04-13,-3 day ahead inc hosp,quantile,0.025,220,COVID-19
DE-SN,00+,2023-04-16,2023-04-13,-3 day ahead inc hosp,quantile,0.1,226,COVID-19
DE-SN,00+,2023-04-16,2023-04-13,-3 day ahead inc hosp,quantile,0.25,230,COVID-19
DE-SN,00+,2023-04-16,2023-04-13,-3 day ahead inc hosp,quantile,0.5,237,COVID-19
DE-SN,00+,2023-04-16,2023-04-13,-3 day ahead inc hosp,quantile,0.75,245,COVID-19
DE-SN,00+,2023-04-16,2023-04-13,-3 day ahead inc hosp,quantile,0.9,252,COVID-19
DE-SN,00+,2023-04-16,2023-04-13,-3 day ahead inc hosp,quantile,0.975,261,COVID-19
DE-SN,00+,2023-04-16,2023-04-14,-2 day ahead inc hosp,mean,NA,237.233,COVID-19
DE-SN,00+,2023-04-16,2023-04-14,-2 day ahead inc hosp,quantile,0.025,213,COVID-19
DE-SN,00+,2023-04-16,2023-04-14,-2 day ahead inc hosp,quantile,0.1,221,COVID-19
DE-SN,00+,2023-04-16,2023-04-14,-2 day ahead inc hosp,quantile,0.25,227,COVID-19
DE-SN,00+,2023-04-16,2023-04-14,-2 day ahead inc hosp,quantile,0.5,236,COVID-19
DE-SN,00+,2023-04-16,2023-04-14,-2 day ahead inc hosp,quantile,0.75,245,COVID-19
DE-SN,00+,2023-04-16,2023-04-14,-2 day ahead inc hosp,quantile,0.9,256,COVID-19
DE-SN,00+,2023-04-16,2023-04-14,-2 day ahead inc hosp,quantile,0.975,267,COVID-19
DE-SN,00+,2023-04-16,2023-04-15,-1 day ahead inc hosp,mean,NA,258.395,COVID-19
DE-SN,00+,2023-04-16,2023-04-15,-1 day ahead inc hosp,quantile,0.025,224,COVID-19
DE-SN,00+,2023-04-16,2023-04-15,-1 day ahead inc hosp,quantile,0.1,234,COVID-19
DE-SN,00+,2023-04-16,2023-04-15,-1 day ahead inc hosp,quantile,0.25,243,COVID-19
DE-SN,00+,2023-04-16,2023-04-15,-1 day ahead inc hosp,quantile,0.5,257,COVID-19
DE-SN,00+,2023-04-16,2023-04-15,-1 day ahead inc hosp,quantile,0.75,271,COVID-19
DE-SN,00+,2023-04-16,2023-04-15,-1 day ahead inc hosp,quantile,0.9,285,COVID-19
DE-SN,00+,2023-04-16,2023-04-15,-1 day ahead inc hosp,quantile,0.975,306,COVID-19
DE-SN,00+,2023-04-16,2023-04-16,0 day ahead inc hosp,mean,NA,264.185,COVID-19
DE-SN,00+,2023-04-16,2023-04-16,0 day ahead inc hosp,quantile,0.025,225,COVID-19
DE-SN,00+,2023-04-16,2023-04-16,0 day ahead inc hosp,quantile,0.1,236,COVID-19
DE-SN,00+,2023-04-16,2023-04-16,0 day ahead inc hosp,quantile,0.25,248,COVID-19
DE-SN,00+,2023-04-16,2023-04-16,0 day ahead inc hosp,quantile,0.5,262,COVID-19
DE-SN,00+,2023-04-16,2023-04-16,0 day ahead inc hosp,quantile,0.75,278,COVID-19
DE-SN,00+,2023-04-16,2023-04-16,0 day ahead inc hosp,quantile,0.9,295,COVID-19
DE-SN,00+,2023-04-16,2023-04-16,0 day ahead inc hosp,quantile,0.975,317,COVID-19
DE-ST,00+,2023-04-16,2023-03-19,-28 day ahead inc hosp,mean,NA,233.491,COVID-19
DE-ST,00+,2023-04-16,2023-03-19,-28 day ahead inc hosp,quantile,0.025,231,COVID-19
DE-ST,00+,2023-04-16,2023-03-19,-28 day ahead inc hosp,quantile,0.1,232,COVID-19
DE-ST,00+,2023-04-16,2023-03-19,-28 day ahead inc hosp,quantile,0.25,232,COVID-19
DE-ST,00+,2023-04-16,2023-03-19,-28 day ahead inc hosp,quantile,0.5,233,COVID-19
DE-ST,00+,2023-04-16,2023-03-19,-28 day ahead inc hosp,quantile,0.75,234,COVID-19
DE-ST,00+,2023-04-16,2023-03-19,-28 day ahead inc hosp,quantile,0.9,236,COVID-19
DE-ST,00+,2023-04-16,2023-03-19,-28 day ahead inc hosp,quantile,0.975,237,COVID-19
DE-ST,00+,2023-04-16,2023-03-20,-27 day ahead inc hosp,mean,NA,233.516,COVID-19
DE-ST,00+,2023-04-16,2023-03-20,-27 day ahead inc hosp,quantile,0.025,231,COVID-19
DE-ST,00+,2023-04-16,2023-03-20,-27 day ahead inc hosp,quantile,0.1,232,COVID-19
DE-ST,00+,2023-04-16,2023-03-20,-27 day ahead inc hosp,quantile,0.25,232,COVID-19
DE-ST,00+,2023-04-16,2023-03-20,-27 day ahead inc hosp,quantile,0.5,233,COVID-19
DE-ST,00+,2023-04-16,2023-03-20,-27 day ahead inc hosp,quantile,0.75,234,COVID-19
DE-ST,00+,2023-04-16,2023-03-20,-27 day ahead inc hosp,quantile,0.9,236,COVID-19
DE-ST,00+,2023-04-16,2023-03-20,-27 day ahead inc hosp,quantile,0.975,237,COVID-19
DE-ST,00+,2023-04-16,2023-03-21,-26 day ahead inc hosp,mean,NA,257.862,COVID-19
DE-ST,00+,2023-04-16,2023-03-21,-26 day ahead inc hosp,quantile,0.025,255,COVID-19
DE-ST,00+,2023-04-16,2023-03-21,-26 day ahead inc hosp,quantile,0.1,256,COVID-19
DE-ST,00+,2023-04-16,2023-03-21,-26 day ahead inc hosp,quantile,0.25,257,COVID-19
DE-ST,00+,2023-04-16,2023-03-21,-26 day ahead inc hosp,quantile,0.5,258,COVID-19
DE-ST,00+,2023-04-16,2023-03-21,-26 day ahead inc hosp,quantile,0.75,259,COVID-19
DE-ST,00+,2023-04-16,2023-03-21,-26 day ahead inc hosp,quantile,0.9,260,COVID-19
DE-ST,00+,2023-04-16,2023-03-21,-26 day ahead inc hosp,quantile,0.975,262,COVID-19
DE-ST,00+,2023-04-16,2023-03-22,-25 day ahead inc hosp,mean,NA,281.091,COVID-19
DE-ST,00+,2023-04-16,2023-03-22,-25 day ahead inc hosp,quantile,0.025,278,COVID-19
DE-ST,00+,2023-04-16,2023-03-22,-25 day ahead inc hosp,quantile,0.1,279,COVID-19
DE-ST,00+,2023-04-16,2023-03-22,-25 day ahead inc hosp,quantile,0.25,280,COVID-19
DE-ST,00+,2023-04-16,2023-03-22,-25 day ahead inc hosp,quantile,0.5,281,COVID-19
DE-ST,00+,2023-04-16,2023-03-22,-25 day ahead inc hosp,quantile,0.75,282,COVID-19
DE-ST,00+,2023-04-16,2023-03-22,-25 day ahead inc hosp,quantile,0.9,283,COVID-19
DE-ST,00+,2023-04-16,2023-03-22,-25 day ahead inc hosp,quantile,0.975,285,COVID-19
DE-ST,00+,2023-04-16,2023-03-23,-24 day ahead inc hosp,mean,NA,285.343,COVID-19
DE-ST,00+,2023-04-16,2023-03-23,-24 day ahead inc hosp,quantile,0.025,282,COVID-19
DE-ST,00+,2023-04-16,2023-03-23,-24 day ahead inc hosp,quantile,0.1,283,COVID-19
DE-ST,00+,2023-04-16,2023-03-23,-24 day ahead inc hosp,quantile,0.25,284,COVID-19
DE-ST,00+,2023-04-16,2023-03-23,-24 day ahead inc hosp,quantile,0.5,285,COVID-19
DE-ST,00+,2023-04-16,2023-03-23,-24 day ahead inc hosp,quantile,0.75,286,COVID-19
DE-ST,00+,2023-04-16,2023-03-23,-24 day ahead inc hosp,quantile,0.9,288,COVID-19
DE-ST,00+,2023-04-16,2023-03-23,-24 day ahead inc hosp,quantile,0.975,290,COVID-19
DE-ST,00+,2023-04-16,2023-03-24,-23 day ahead inc hosp,mean,NA,284.633,COVID-19
DE-ST,00+,2023-04-16,2023-03-24,-23 day ahead inc hosp,quantile,0.025,282,COVID-19
DE-ST,00+,2023-04-16,2023-03-24,-23 day ahead inc hosp,quantile,0.1,282,COVID-19
DE-ST,00+,2023-04-16,2023-03-24,-23 day ahead inc hosp,quantile,0.25,283,COVID-19
DE-ST,00+,2023-04-16,2023-03-24,-23 day ahead inc hosp,quantile,0.5,284,COVID-19
DE-ST,00+,2023-04-16,2023-03-24,-23 day ahead inc hosp,quantile,0.75,286,COVID-19
DE-ST,00+,2023-04-16,2023-03-24,-23 day ahead inc hosp,quantile,0.9,287,COVID-19
DE-ST,00+,2023-04-16,2023-03-24,-23 day ahead inc hosp,quantile,0.975,289,COVID-19
DE-ST,00+,2023-04-16,2023-03-25,-22 day ahead inc hosp,mean,NA,279.875,COVID-19
DE-ST,00+,2023-04-16,2023-03-25,-22 day ahead inc hosp,quantile,0.025,277,COVID-19
DE-ST,00+,2023-04-16,2023-03-25,-22 day ahead inc hosp,quantile,0.1,278,COVID-19
DE-ST,00+,2023-04-16,2023-03-25,-22 day ahead inc hosp,quantile,0.25,278,COVID-19
DE-ST,00+,2023-04-16,2023-03-25,-22 day ahead inc hosp,quantile,0.5,280,COVID-19
DE-ST,00+,2023-04-16,2023-03-25,-22 day ahead inc hosp,quantile,0.75,281,COVID-19
DE-ST,00+,2023-04-16,2023-03-25,-22 day ahead inc hosp,quantile,0.9,283,COVID-19
DE-ST,00+,2023-04-16,2023-03-25,-22 day ahead inc hosp,quantile,0.975,284,COVID-19
DE-ST,00+,2023-04-16,2023-03-26,-21 day ahead inc hosp,mean,NA,278.891,COVID-19
DE-ST,00+,2023-04-16,2023-03-26,-21 day ahead inc hosp,quantile,0.025,276,COVID-19
DE-ST,00+,2023-04-16,2023-03-26,-21 day ahead inc hosp,quantile,0.1,277,COVID-19
DE-ST,00+,2023-04-16,2023-03-26,-21 day ahead inc hosp,quantile,0.25,277,COVID-19
DE-ST,00+,2023-04-16,2023-03-26,-21 day ahead inc hosp,quantile,0.5,279,COVID-19
DE-ST,00+,2023-04-16,2023-03-26,-21 day ahead inc hosp,quantile,0.75,280,COVID-19
DE-ST,00+,2023-04-16,2023-03-26,-21 day ahead inc hosp,quantile,0.9,282,COVID-19
DE-ST,00+,2023-04-16,2023-03-26,-21 day ahead inc hosp,quantile,0.975,283,COVID-19
DE-ST,00+,2023-04-16,2023-03-27,-20 day ahead inc hosp,mean,NA,277.918,COVID-19
DE-ST,00+,2023-04-16,2023-03-27,-20 day ahead inc hosp,quantile,0.025,275,COVID-19
DE-ST,00+,2023-04-16,2023-03-27,-20 day ahead inc hosp,quantile,0.1,276,COVID-19
DE-ST,00+,2023-04-16,2023-03-27,-20 day ahead inc hosp,quantile,0.25,277,COVID-19
DE-ST,00+,2023-04-16,2023-03-27,-20 day ahead inc hosp,quantile,0.5,278,COVID-19
DE-ST,00+,2023-04-16,2023-03-27,-20 day ahead inc hosp,quantile,0.75,279,COVID-19
DE-ST,00+,2023-04-16,2023-03-27,-20 day ahead inc hosp,quantile,0.9,281,COVID-19
DE-ST,00+,2023-04-16,2023-03-27,-20 day ahead inc hosp,quantile,0.975,282,COVID-19
DE-ST,00+,2023-04-16,2023-03-28,-19 day ahead inc hosp,mean,NA,215.29,COVID-19
DE-ST,00+,2023-04-16,2023-03-28,-19 day ahead inc hosp,quantile,0.025,212,COVID-19
DE-ST,00+,2023-04-16,2023-03-28,-19 day ahead inc hosp,quantile,0.1,213,COVID-19
DE-ST,00+,2023-04-16,2023-03-28,-19 day ahead inc hosp,quantile,0.25,214,COVID-19
DE-ST,00+,2023-04-16,2023-03-28,-19 day ahead inc hosp,quantile,0.5,215,COVID-19
DE-ST,00+,2023-04-16,2023-03-28,-19 day ahead inc hosp,quantile,0.75,217,COVID-19
DE-ST,00+,2023-04-16,2023-03-28,-19 day ahead inc hosp,quantile,0.9,218,COVID-19
DE-ST,00+,2023-04-16,2023-03-28,-19 day ahead inc hosp,quantile,0.975,220,COVID-19
DE-ST,00+,2023-04-16,2023-03-29,-18 day ahead inc hosp,mean,NA,185.637,COVID-19
DE-ST,00+,2023-04-16,2023-03-29,-18 day ahead inc hosp,quantile,0.025,182,COVID-19
DE-ST,00+,2023-04-16,2023-03-29,-18 day ahead inc hosp,quantile,0.1,183,COVID-19
DE-ST,00+,2023-04-16,2023-03-29,-18 day ahead inc hosp,quantile,0.25,184,COVID-19
DE-ST,00+,2023-04-16,2023-03-29,-18 day ahead inc hosp,quantile,0.5,186,COVID-19
DE-ST,00+,2023-04-16,2023-03-29,-18 day ahead inc hosp,quantile,0.75,187,COVID-19
DE-ST,00+,2023-04-16,2023-03-29,-18 day ahead inc hosp,quantile,0.9,189,COVID-19
DE-ST,00+,2023-04-16,2023-03-29,-18 day ahead inc hosp,quantile,0.975,190,COVID-19
DE-ST,00+,2023-04-16,2023-03-30,-17 day ahead inc hosp,mean,NA,180.982,COVID-19
DE-ST,00+,2023-04-16,2023-03-30,-17 day ahead inc hosp,quantile,0.025,177,COVID-19
DE-ST,00+,2023-04-16,2023-03-30,-17 day ahead inc hosp,quantile,0.1,178,COVID-19
DE-ST,00+,2023-04-16,2023-03-30,-17 day ahead inc hosp,quantile,0.25,179,COVID-19
DE-ST,00+,2023-04-16,2023-03-30,-17 day ahead inc hosp,quantile,0.5,181,COVID-19
DE-ST,00+,2023-04-16,2023-03-30,-17 day ahead inc hosp,quantile,0.75,182,COVID-19
DE-ST,00+,2023-04-16,2023-03-30,-17 day ahead inc hosp,quantile,0.9,184,COVID-19
DE-ST,00+,2023-04-16,2023-03-30,-17 day ahead inc hosp,quantile,0.975,186,COVID-19
DE-ST,00+,2023-04-16,2023-03-31,-16 day ahead inc hosp,mean,NA,176.294,COVID-19
DE-ST,00+,2023-04-16,2023-03-31,-16 day ahead inc hosp,quantile,0.025,172,COVID-19
DE-ST,00+,2023-04-16,2023-03-31,-16 day ahead inc hosp,quantile,0.1,173,COVID-19
DE-ST,00+,2023-04-16,2023-03-31,-16 day ahead inc hosp,quantile,0.25,175,COVID-19
DE-ST,00+,2023-04-16,2023-03-31,-16 day ahead inc hosp,quantile,0.5,176,COVID-19
DE-ST,00+,2023-04-16,2023-03-31,-16 day ahead inc hosp,quantile,0.75,178,COVID-19
DE-ST,00+,2023-04-16,2023-03-31,-16 day ahead inc hosp,quantile,0.9,180,COVID-19
DE-ST,00+,2023-04-16,2023-03-31,-16 day ahead inc hosp,quantile,0.975,181,COVID-19
DE-ST,00+,2023-04-16,2023-04-01,-15 day ahead inc hosp,mean,NA,164.648,COVID-19
DE-ST,00+,2023-04-16,2023-04-01,-15 day ahead inc hosp,quantile,0.025,160,COVID-19
DE-ST,00+,2023-04-16,2023-04-01,-15 day ahead inc hosp,quantile,0.1,162,COVID-19
DE-ST,00+,2023-04-16,2023-04-01,-15 day ahead inc hosp,quantile,0.25,163,COVID-19
DE-ST,00+,2023-04-16,2023-04-01,-15 day ahead inc hosp,quantile,0.5,164,COVID-19
DE-ST,00+,2023-04-16,2023-04-01,-15 day ahead inc hosp,quantile,0.75,166,COVID-19
DE-ST,00+,2023-04-16,2023-04-01,-15 day ahead inc hosp,quantile,0.9,168,COVID-19
DE-ST,00+,2023-04-16,2023-04-01,-15 day ahead inc hosp,quantile,0.975,170,COVID-19
DE-ST,00+,2023-04-16,2023-04-02,-14 day ahead inc hosp,mean,NA,163.726,COVID-19
DE-ST,00+,2023-04-16,2023-04-02,-14 day ahead inc hosp,quantile,0.025,159,COVID-19
DE-ST,00+,2023-04-16,2023-04-02,-14 day ahead inc hosp,quantile,0.1,161,COVID-19
DE-ST,00+,2023-04-16,2023-04-02,-14 day ahead inc hosp,quantile,0.25,162,COVID-19
DE-ST,00+,2023-04-16,2023-04-02,-14 day ahead inc hosp,quantile,0.5,164,COVID-19
DE-ST,00+,2023-04-16,2023-04-02,-14 day ahead inc hosp,quantile,0.75,165,COVID-19
DE-ST,00+,2023-04-16,2023-04-02,-14 day ahead inc hosp,quantile,0.9,167,COVID-19
DE-ST,00+,2023-04-16,2023-04-02,-14 day ahead inc hosp,quantile,0.975,169,COVID-19
DE-ST,00+,2023-04-16,2023-04-03,-13 day ahead inc hosp,mean,NA,162.757,COVID-19
DE-ST,00+,2023-04-16,2023-04-03,-13 day ahead inc hosp,quantile,0.025,158,COVID-19
DE-ST,00+,2023-04-16,2023-04-03,-13 day ahead inc hosp,quantile,0.1,160,COVID-19
DE-ST,00+,2023-04-16,2023-04-03,-13 day ahead inc hosp,quantile,0.25,161,COVID-19
DE-ST,00+,2023-04-16,2023-04-03,-13 day ahead inc hosp,quantile,0.5,163,COVID-19
DE-ST,00+,2023-04-16,2023-04-03,-13 day ahead inc hosp,quantile,0.75,164,COVID-19
DE-ST,00+,2023-04-16,2023-04-03,-13 day ahead inc hosp,quantile,0.9,166,COVID-19
DE-ST,00+,2023-04-16,2023-04-03,-13 day ahead inc hosp,quantile,0.975,168,COVID-19
DE-ST,00+,2023-04-16,2023-04-04,-12 day ahead inc hosp,mean,NA,168.568,COVID-19
DE-ST,00+,2023-04-16,2023-04-04,-12 day ahead inc hosp,quantile,0.025,164,COVID-19
DE-ST,00+,2023-04-16,2023-04-04,-12 day ahead inc hosp,quantile,0.1,165,COVID-19
DE-ST,00+,2023-04-16,2023-04-04,-12 day ahead inc hosp,quantile,0.25,167,COVID-19
DE-ST,00+,2023-04-16,2023-04-04,-12 day ahead inc hosp,quantile,0.5,168,COVID-19
DE-ST,00+,2023-04-16,2023-04-04,-12 day ahead inc hosp,quantile,0.75,170,COVID-19
DE-ST,00+,2023-04-16,2023-04-04,-12 day ahead inc hosp,quantile,0.9,172,COVID-19
DE-ST,00+,2023-04-16,2023-04-04,-12 day ahead inc hosp,quantile,0.975,174,COVID-19
DE-ST,00+,2023-04-16,2023-04-05,-11 day ahead inc hosp,mean,NA,153.319,COVID-19
DE-ST,00+,2023-04-16,2023-04-05,-11 day ahead inc hosp,quantile,0.025,148,COVID-19
DE-ST,00+,2023-04-16,2023-04-05,-11 day ahead inc hosp,quantile,0.1,150,COVID-19
DE-ST,00+,2023-04-16,2023-04-05,-11 day ahead inc hosp,quantile,0.25,151,COVID-19
DE-ST,00+,2023-04-16,2023-04-05,-11 day ahead inc hosp,quantile,0.5,153,COVID-19
DE-ST,00+,2023-04-16,2023-04-05,-11 day ahead inc hosp,quantile,0.75,155,COVID-19
DE-ST,00+,2023-04-16,2023-04-05,-11 day ahead inc hosp,quantile,0.9,157,COVID-19
DE-ST,00+,2023-04-16,2023-04-05,-11 day ahead inc hosp,quantile,0.975,159,COVID-19
DE-ST,00+,2023-04-16,2023-04-06,-10 day ahead inc hosp,mean,NA,140.13,COVID-19
DE-ST,00+,2023-04-16,2023-04-06,-10 day ahead inc hosp,quantile,0.025,135,COVID-19
DE-ST,00+,2023-04-16,2023-04-06,-10 day ahead inc hosp,quantile,0.1,136,COVID-19
DE-ST,00+,2023-04-16,2023-04-06,-10 day ahead inc hosp,quantile,0.25,138,COVID-19
DE-ST,00+,2023-04-16,2023-04-06,-10 day ahead inc hosp,quantile,0.5,140,COVID-19
DE-ST,00+,2023-04-16,2023-04-06,-10 day ahead inc hosp,quantile,0.75,142,COVID-19
DE-ST,00+,2023-04-16,2023-04-06,-10 day ahead inc hosp,quantile,0.9,144,COVID-19
DE-ST,00+,2023-04-16,2023-04-06,-10 day ahead inc hosp,quantile,0.975,147,COVID-19
DE-ST,00+,2023-04-16,2023-04-07,-9 day ahead inc hosp,mean,NA,130.203,COVID-19
DE-ST,00+,2023-04-16,2023-04-07,-9 day ahead inc hosp,quantile,0.025,125,COVID-19
DE-ST,00+,2023-04-16,2023-04-07,-9 day ahead inc hosp,quantile,0.1,126,COVID-19
DE-ST,00+,2023-04-16,2023-04-07,-9 day ahead inc hosp,quantile,0.25,128,COVID-19
DE-ST,00+,2023-04-16,2023-04-07,-9 day ahead inc hosp,quantile,0.5,130,COVID-19
DE-ST,00+,2023-04-16,2023-04-07,-9 day ahead inc hosp,quantile,0.75,132,COVID-19
DE-ST,00+,2023-04-16,2023-04-07,-9 day ahead inc hosp,quantile,0.9,134,COVID-19
DE-ST,00+,2023-04-16,2023-04-07,-9 day ahead inc hosp,quantile,0.975,137,COVID-19
DE-ST,00+,2023-04-16,2023-04-08,-8 day ahead inc hosp,mean,NA,116.284,COVID-19
DE-ST,00+,2023-04-16,2023-04-08,-8 day ahead inc hosp,quantile,0.025,110,COVID-19
DE-ST,00+,2023-04-16,2023-04-08,-8 day ahead inc hosp,quantile,0.1,112,COVID-19
DE-ST,00+,2023-04-16,2023-04-08,-8 day ahead inc hosp,quantile,0.25,114,COVID-19
DE-ST,00+,2023-04-16,2023-04-08,-8 day ahead inc hosp,quantile,0.5,116,COVID-19
DE-ST,00+,2023-04-16,2023-04-08,-8 day ahead inc hosp,quantile,0.75,119,COVID-19
DE-ST,00+,2023-04-16,2023-04-08,-8 day ahead inc hosp,quantile,0.9,121,COVID-19
DE-ST,00+,2023-04-16,2023-04-08,-8 day ahead inc hosp,quantile,0.975,124,COVID-19
DE-ST,00+,2023-04-16,2023-04-09,-7 day ahead inc hosp,mean,NA,116.414,COVID-19
DE-ST,00+,2023-04-16,2023-04-09,-7 day ahead inc hosp,quantile,0.025,110,COVID-19
DE-ST,00+,2023-04-16,2023-04-09,-7 day ahead inc hosp,quantile,0.1,112,COVID-19
DE-ST,00+,2023-04-16,2023-04-09,-7 day ahead inc hosp,quantile,0.25,114,COVID-19
DE-ST,00+,2023-04-16,2023-04-09,-7 day ahead inc hosp,quantile,0.5,116,COVID-19
DE-ST,00+,2023-04-16,2023-04-09,-7 day ahead inc hosp,quantile,0.75,119,COVID-19
DE-ST,00+,2023-04-16,2023-04-09,-7 day ahead inc hosp,quantile,0.9,121,COVID-19
DE-ST,00+,2023-04-16,2023-04-09,-7 day ahead inc hosp,quantile,0.975,124,COVID-19
DE-ST,00+,2023-04-16,2023-04-10,-6 day ahead inc hosp,mean,NA,117.501,COVID-19
DE-ST,00+,2023-04-16,2023-04-10,-6 day ahead inc hosp,quantile,0.025,111,COVID-19
DE-ST,00+,2023-04-16,2023-04-10,-6 day ahead inc hosp,quantile,0.1,113,COVID-19
DE-ST,00+,2023-04-16,2023-04-10,-6 day ahead inc hosp,quantile,0.25,115,COVID-19
DE-ST,00+,2023-04-16,2023-04-10,-6 day ahead inc hosp,quantile,0.5,117,COVID-19
DE-ST,00+,2023-04-16,2023-04-10,-6 day ahead inc hosp,quantile,0.75,120,COVID-19
DE-ST,00+,2023-04-16,2023-04-10,-6 day ahead inc hosp,quantile,0.9,122,COVID-19
DE-ST,00+,2023-04-16,2023-04-10,-6 day ahead inc hosp,quantile,0.975,126,COVID-19
DE-ST,00+,2023-04-16,2023-04-11,-5 day ahead inc hosp,mean,NA,71.779,COVID-19
DE-ST,00+,2023-04-16,2023-04-11,-5 day ahead inc hosp,quantile,0.025,64,COVID-19
DE-ST,00+,2023-04-16,2023-04-11,-5 day ahead inc hosp,quantile,0.1,66,COVID-19
DE-ST,00+,2023-04-16,2023-04-11,-5 day ahead inc hosp,quantile,0.25,69,COVID-19
DE-ST,00+,2023-04-16,2023-04-11,-5 day ahead inc hosp,quantile,0.5,71,COVID-19
DE-ST,00+,2023-04-16,2023-04-11,-5 day ahead inc hosp,quantile,0.75,74,COVID-19
DE-ST,00+,2023-04-16,2023-04-11,-5 day ahead inc hosp,quantile,0.9,78,COVID-19
DE-ST,00+,2023-04-16,2023-04-11,-5 day ahead inc hosp,quantile,0.975,82,COVID-19
DE-ST,00+,2023-04-16,2023-04-12,-4 day ahead inc hosp,mean,NA,116.281,COVID-19
DE-ST,00+,2023-04-16,2023-04-12,-4 day ahead inc hosp,quantile,0.025,107,COVID-19
DE-ST,00+,2023-04-16,2023-04-12,-4 day ahead inc hosp,quantile,0.1,110,COVID-19
DE-ST,00+,2023-04-16,2023-04-12,-4 day ahead inc hosp,quantile,0.25,112,COVID-19
DE-ST,00+,2023-04-16,2023-04-12,-4 day ahead inc hosp,quantile,0.5,116,COVID-19
DE-ST,00+,2023-04-16,2023-04-12,-4 day ahead inc hosp,quantile,0.75,119,COVID-19
DE-ST,00+,2023-04-16,2023-04-12,-4 day ahead inc hosp,quantile,0.9,124,COVID-19
DE-ST,00+,2023-04-16,2023-04-12,-4 day ahead inc hosp,quantile,0.975,128,COVID-19
DE-ST,00+,2023-04-16,2023-04-13,-3 day ahead inc hosp,mean,NA,124.758,COVID-19
DE-ST,00+,2023-04-16,2023-04-13,-3 day ahead inc hosp,quantile,0.025,114,COVID-19
DE-ST,00+,2023-04-16,2023-04-13,-3 day ahead inc hosp,quantile,0.1,117,COVID-19
DE-ST,00+,2023-04-16,2023-04-13,-3 day ahead inc hosp,quantile,0.25,121,COVID-19
DE-ST,00+,2023-04-16,2023-04-13,-3 day ahead inc hosp,quantile,0.5,124,COVID-19
DE-ST,00+,2023-04-16,2023-04-13,-3 day ahead inc hosp,quantile,0.75,129,COVID-19
DE-ST,00+,2023-04-16,2023-04-13,-3 day ahead inc hosp,quantile,0.9,133,COVID-19
DE-ST,00+,2023-04-16,2023-04-13,-3 day ahead inc hosp,quantile,0.975,138,COVID-19
DE-ST,00+,2023-04-16,2023-04-14,-2 day ahead inc hosp,mean,NA,134.172,COVID-19
DE-ST,00+,2023-04-16,2023-04-14,-2 day ahead inc hosp,quantile,0.025,121,COVID-19
DE-ST,00+,2023-04-16,2023-04-14,-2 day ahead inc hosp,quantile,0.1,125,COVID-19
DE-ST,00+,2023-04-16,2023-04-14,-2 day ahead inc hosp,quantile,0.25,129,COVID-19
DE-ST,00+,2023-04-16,2023-04-14,-2 day ahead inc hosp,quantile,0.5,134,COVID-19
DE-ST,00+,2023-04-16,2023-04-14,-2 day ahead inc hosp,quantile,0.75,139,COVID-19
DE-ST,00+,2023-04-16,2023-04-14,-2 day ahead inc hosp,quantile,0.9,144,COVID-19
DE-ST,00+,2023-04-16,2023-04-14,-2 day ahead inc hosp,quantile,0.975,151,COVID-19
DE-ST,00+,2023-04-16,2023-04-15,-1 day ahead inc hosp,mean,NA,164.539,COVID-19
DE-ST,00+,2023-04-16,2023-04-15,-1 day ahead inc hosp,quantile,0.025,148,COVID-19
DE-ST,00+,2023-04-16,2023-04-15,-1 day ahead inc hosp,quantile,0.1,153,COVID-19
DE-ST,00+,2023-04-16,2023-04-15,-1 day ahead inc hosp,quantile,0.25,158,COVID-19
DE-ST,00+,2023-04-16,2023-04-15,-1 day ahead inc hosp,quantile,0.5,164,COVID-19
DE-ST,00+,2023-04-16,2023-04-15,-1 day ahead inc hosp,quantile,0.75,170,COVID-19
DE-ST,00+,2023-04-16,2023-04-15,-1 day ahead inc hosp,quantile,0.9,176,COVID-19
DE-ST,00+,2023-04-16,2023-04-15,-1 day ahead inc hosp,quantile,0.975,187,COVID-19
DE-ST,00+,2023-04-16,2023-04-16,0 day ahead inc hosp,mean,NA,166.024,COVID-19
DE-ST,00+,2023-04-16,2023-04-16,0 day ahead inc hosp,quantile,0.025,149,COVID-19
DE-ST,00+,2023-04-16,2023-04-16,0 day ahead inc hosp,quantile,0.1,154,COVID-19
DE-ST,00+,2023-04-16,2023-04-16,0 day ahead inc hosp,quantile,0.25,159,COVID-19
DE-ST,00+,2023-04-16,2023-04-16,0 day ahead inc hosp,quantile,0.5,166,COVID-19
DE-ST,00+,2023-04-16,2023-04-16,0 day ahead inc hosp,quantile,0.75,172,COVID-19
DE-ST,00+,2023-04-16,2023-04-16,0 day ahead inc hosp,quantile,0.9,179,COVID-19
DE-ST,00+,2023-04-16,2023-04-16,0 day ahead inc hosp,quantile,0.975,189,COVID-19
DE-TH,00+,2023-04-16,2023-03-19,-28 day ahead inc hosp,mean,NA,350.937,COVID-19
DE-TH,00+,2023-04-16,2023-03-19,-28 day ahead inc hosp,quantile,0.025,348,COVID-19
DE-TH,00+,2023-04-16,2023-03-19,-28 day ahead inc hosp,quantile,0.1,349,COVID-19
DE-TH,00+,2023-04-16,2023-03-19,-28 day ahead inc hosp,quantile,0.25,350,COVID-19
DE-TH,00+,2023-04-16,2023-03-19,-28 day ahead inc hosp,quantile,0.5,351,COVID-19
DE-TH,00+,2023-04-16,2023-03-19,-28 day ahead inc hosp,quantile,0.75,352,COVID-19
DE-TH,00+,2023-04-16,2023-03-19,-28 day ahead inc hosp,quantile,0.9,353,COVID-19
DE-TH,00+,2023-04-16,2023-03-19,-28 day ahead inc hosp,quantile,0.975,355,COVID-19
DE-TH,00+,2023-04-16,2023-03-20,-27 day ahead inc hosp,mean,NA,351.959,COVID-19
DE-TH,00+,2023-04-16,2023-03-20,-27 day ahead inc hosp,quantile,0.025,349,COVID-19
DE-TH,00+,2023-04-16,2023-03-20,-27 day ahead inc hosp,quantile,0.1,350,COVID-19
DE-TH,00+,2023-04-16,2023-03-20,-27 day ahead inc hosp,quantile,0.25,351,COVID-19
DE-TH,00+,2023-04-16,2023-03-20,-27 day ahead inc hosp,quantile,0.5,352,COVID-19
DE-TH,00+,2023-04-16,2023-03-20,-27 day ahead inc hosp,quantile,0.75,353,COVID-19
DE-TH,00+,2023-04-16,2023-03-20,-27 day ahead inc hosp,quantile,0.9,354,COVID-19
DE-TH,00+,2023-04-16,2023-03-20,-27 day ahead inc hosp,quantile,0.975,356,COVID-19
DE-TH,00+,2023-04-16,2023-03-21,-26 day ahead inc hosp,mean,NA,355.136,COVID-19
DE-TH,00+,2023-04-16,2023-03-21,-26 day ahead inc hosp,quantile,0.025,352,COVID-19
DE-TH,00+,2023-04-16,2023-03-21,-26 day ahead inc hosp,quantile,0.1,353,COVID-19
DE-TH,00+,2023-04-16,2023-03-21,-26 day ahead inc hosp,quantile,0.25,354,COVID-19
DE-TH,00+,2023-04-16,2023-03-21,-26 day ahead inc hosp,quantile,0.5,355,COVID-19
DE-TH,00+,2023-04-16,2023-03-21,-26 day ahead inc hosp,quantile,0.75,356,COVID-19
DE-TH,00+,2023-04-16,2023-03-21,-26 day ahead inc hosp,quantile,0.9,358,COVID-19
DE-TH,00+,2023-04-16,2023-03-21,-26 day ahead inc hosp,quantile,0.975,360,COVID-19
DE-TH,00+,2023-04-16,2023-03-22,-25 day ahead inc hosp,mean,NA,335.346,COVID-19
DE-TH,00+,2023-04-16,2023-03-22,-25 day ahead inc hosp,quantile,0.025,332,COVID-19
DE-TH,00+,2023-04-16,2023-03-22,-25 day ahead inc hosp,quantile,0.1,333,COVID-19
DE-TH,00+,2023-04-16,2023-03-22,-25 day ahead inc hosp,quantile,0.25,334,COVID-19
DE-TH,00+,2023-04-16,2023-03-22,-25 day ahead inc hosp,quantile,0.5,335,COVID-19
DE-TH,00+,2023-04-16,2023-03-22,-25 day ahead inc hosp,quantile,0.75,336,COVID-19
DE-TH,00+,2023-04-16,2023-03-22,-25 day ahead inc hosp,quantile,0.9,338,COVID-19
DE-TH,00+,2023-04-16,2023-03-22,-25 day ahead inc hosp,quantile,0.975,340,COVID-19
DE-TH,00+,2023-04-16,2023-03-23,-24 day ahead inc hosp,mean,NA,326.488,COVID-19
DE-TH,00+,2023-04-16,2023-03-23,-24 day ahead inc hosp,quantile,0.025,323,COVID-19
DE-TH,00+,2023-04-16,2023-03-23,-24 day ahead inc hosp,quantile,0.1,324,COVID-19
DE-TH,00+,2023-04-16,2023-03-23,-24 day ahead inc hosp,quantile,0.25,325,COVID-19
DE-TH,00+,2023-04-16,2023-03-23,-24 day ahead inc hosp,quantile,0.5,326,COVID-19
DE-TH,00+,2023-04-16,2023-03-23,-24 day ahead inc hosp,quantile,0.75,328,COVID-19
DE-TH,00+,2023-04-16,2023-03-23,-24 day ahead inc hosp,quantile,0.9,329,COVID-19
DE-TH,00+,2023-04-16,2023-03-23,-24 day ahead inc hosp,quantile,0.975,331,COVID-19
DE-TH,00+,2023-04-16,2023-03-24,-23 day ahead inc hosp,mean,NA,320.62,COVID-19
DE-TH,00+,2023-04-16,2023-03-24,-23 day ahead inc hosp,quantile,0.025,317,COVID-19
DE-TH,00+,2023-04-16,2023-03-24,-23 day ahead inc hosp,quantile,0.1,318,COVID-19
DE-TH,00+,2023-04-16,2023-03-24,-23 day ahead inc hosp,quantile,0.25,319,COVID-19
DE-TH,00+,2023-04-16,2023-03-24,-23 day ahead inc hosp,quantile,0.5,320,COVID-19
DE-TH,00+,2023-04-16,2023-03-24,-23 day ahead inc hosp,quantile,0.75,322,COVID-19
DE-TH,00+,2023-04-16,2023-03-24,-23 day ahead inc hosp,quantile,0.9,323,COVID-19
DE-TH,00+,2023-04-16,2023-03-24,-23 day ahead inc hosp,quantile,0.975,325,COVID-19
DE-TH,00+,2023-04-16,2023-03-25,-22 day ahead inc hosp,mean,NA,302.743,COVID-19
DE-TH,00+,2023-04-16,2023-03-25,-22 day ahead inc hosp,quantile,0.025,299,COVID-19
DE-TH,00+,2023-04-16,2023-03-25,-22 day ahead inc hosp,quantile,0.1,300,COVID-19
DE-TH,00+,2023-04-16,2023-03-25,-22 day ahead inc hosp,quantile,0.25,301,COVID-19
DE-TH,00+,2023-04-16,2023-03-25,-22 day ahead inc hosp,quantile,0.5,302,COVID-19
DE-TH,00+,2023-04-16,2023-03-25,-22 day ahead inc hosp,quantile,0.75,304,COVID-19
DE-TH,00+,2023-04-16,2023-03-25,-22 day ahead inc hosp,quantile,0.9,305,COVID-19
DE-TH,00+,2023-04-16,2023-03-25,-22 day ahead inc hosp,quantile,0.975,307,COVID-19
DE-TH,00+,2023-04-16,2023-03-26,-21 day ahead inc hosp,mean,NA,297.753,COVID-19
DE-TH,00+,2023-04-16,2023-03-26,-21 day ahead inc hosp,quantile,0.025,294,COVID-19
DE-TH,00+,2023-04-16,2023-03-26,-21 day ahead inc hosp,quantile,0.1,295,COVID-19
DE-TH,00+,2023-04-16,2023-03-26,-21 day ahead inc hosp,quantile,0.25,296,COVID-19
DE-TH,00+,2023-04-16,2023-03-26,-21 day ahead inc hosp,quantile,0.5,298,COVID-19
DE-TH,00+,2023-04-16,2023-03-26,-21 day ahead inc hosp,quantile,0.75,299,COVID-19
DE-TH,00+,2023-04-16,2023-03-26,-21 day ahead inc hosp,quantile,0.9,300,COVID-19
DE-TH,00+,2023-04-16,2023-03-26,-21 day ahead inc hosp,quantile,0.975,302,COVID-19
DE-TH,00+,2023-04-16,2023-03-27,-20 day ahead inc hosp,mean,NA,295.788,COVID-19
DE-TH,00+,2023-04-16,2023-03-27,-20 day ahead inc hosp,quantile,0.025,292,COVID-19
DE-TH,00+,2023-04-16,2023-03-27,-20 day ahead inc hosp,quantile,0.1,293,COVID-19
DE-TH,00+,2023-04-16,2023-03-27,-20 day ahead inc hosp,quantile,0.25,294,COVID-19
DE-TH,00+,2023-04-16,2023-03-27,-20 day ahead inc hosp,quantile,0.5,296,COVID-19
DE-TH,00+,2023-04-16,2023-03-27,-20 day ahead inc hosp,quantile,0.75,297,COVID-19
DE-TH,00+,2023-04-16,2023-03-27,-20 day ahead inc hosp,quantile,0.9,298,COVID-19
DE-TH,00+,2023-04-16,2023-03-27,-20 day ahead inc hosp,quantile,0.975,300,COVID-19
DE-TH,00+,2023-04-16,2023-03-28,-19 day ahead inc hosp,mean,NA,269.935,COVID-19
DE-TH,00+,2023-04-16,2023-03-28,-19 day ahead inc hosp,quantile,0.025,267,COVID-19
DE-TH,00+,2023-04-16,2023-03-28,-19 day ahead inc hosp,quantile,0.1,267,COVID-19
DE-TH,00+,2023-04-16,2023-03-28,-19 day ahead inc hosp,quantile,0.25,268,COVID-19
DE-TH,00+,2023-04-16,2023-03-28,-19 day ahead inc hosp,quantile,0.5,270,COVID-19
DE-TH,00+,2023-04-16,2023-03-28,-19 day ahead inc hosp,quantile,0.75,271,COVID-19
DE-TH,00+,2023-04-16,2023-03-28,-19 day ahead inc hosp,quantile,0.9,273,COVID-19
DE-TH,00+,2023-04-16,2023-03-28,-19 day ahead inc hosp,quantile,0.975,275,COVID-19
DE-TH,00+,2023-04-16,2023-03-29,-18 day ahead inc hosp,mean,NA,242.962,COVID-19
DE-TH,00+,2023-04-16,2023-03-29,-18 day ahead inc hosp,quantile,0.025,240,COVID-19
DE-TH,00+,2023-04-16,2023-03-29,-18 day ahead inc hosp,quantile,0.1,240,COVID-19
DE-TH,00+,2023-04-16,2023-03-29,-18 day ahead inc hosp,quantile,0.25,241,COVID-19
DE-TH,00+,2023-04-16,2023-03-29,-18 day ahead inc hosp,quantile,0.5,243,COVID-19
DE-TH,00+,2023-04-16,2023-03-29,-18 day ahead inc hosp,quantile,0.75,244,COVID-19
DE-TH,00+,2023-04-16,2023-03-29,-18 day ahead inc hosp,quantile,0.9,246,COVID-19
DE-TH,00+,2023-04-16,2023-03-29,-18 day ahead inc hosp,quantile,0.975,248,COVID-19
DE-TH,00+,2023-04-16,2023-03-30,-17 day ahead inc hosp,mean,NA,231.104,COVID-19
DE-TH,00+,2023-04-16,2023-03-30,-17 day ahead inc hosp,quantile,0.025,228,COVID-19
DE-TH,00+,2023-04-16,2023-03-30,-17 day ahead inc hosp,quantile,0.1,229,COVID-19
DE-TH,00+,2023-04-16,2023-03-30,-17 day ahead inc hosp,quantile,0.25,230,COVID-19
DE-TH,00+,2023-04-16,2023-03-30,-17 day ahead inc hosp,quantile,0.5,231,COVID-19
DE-TH,00+,2023-04-16,2023-03-30,-17 day ahead inc hosp,quantile,0.75,232,COVID-19
DE-TH,00+,2023-04-16,2023-03-30,-17 day ahead inc hosp,quantile,0.9,234,COVID-19
DE-TH,00+,2023-04-16,2023-03-30,-17 day ahead inc hosp,quantile,0.975,236,COVID-19
DE-TH,00+,2023-04-16,2023-03-31,-16 day ahead inc hosp,mean,NA,223.33,COVID-19
DE-TH,00+,2023-04-16,2023-03-31,-16 day ahead inc hosp,quantile,0.025,220,COVID-19
DE-TH,00+,2023-04-16,2023-03-31,-16 day ahead inc hosp,quantile,0.1,221,COVID-19
DE-TH,00+,2023-04-16,2023-03-31,-16 day ahead inc hosp,quantile,0.25,222,COVID-19
DE-TH,00+,2023-04-16,2023-03-31,-16 day ahead inc hosp,quantile,0.5,223,COVID-19
DE-TH,00+,2023-04-16,2023-03-31,-16 day ahead inc hosp,quantile,0.75,225,COVID-19
DE-TH,00+,2023-04-16,2023-03-31,-16 day ahead inc hosp,quantile,0.9,226,COVID-19
DE-TH,00+,2023-04-16,2023-03-31,-16 day ahead inc hosp,quantile,0.975,228,COVID-19
DE-TH,00+,2023-04-16,2023-04-01,-15 day ahead inc hosp,mean,NA,202.532,COVID-19
DE-TH,00+,2023-04-16,2023-04-01,-15 day ahead inc hosp,quantile,0.025,199,COVID-19
DE-TH,00+,2023-04-16,2023-04-01,-15 day ahead inc hosp,quantile,0.1,200,COVID-19
DE-TH,00+,2023-04-16,2023-04-01,-15 day ahead inc hosp,quantile,0.25,201,COVID-19
DE-TH,00+,2023-04-16,2023-04-01,-15 day ahead inc hosp,quantile,0.5,202,COVID-19
DE-TH,00+,2023-04-16,2023-04-01,-15 day ahead inc hosp,quantile,0.75,204,COVID-19
DE-TH,00+,2023-04-16,2023-04-01,-15 day ahead inc hosp,quantile,0.9,206,COVID-19
DE-TH,00+,2023-04-16,2023-04-01,-15 day ahead inc hosp,quantile,0.975,208,COVID-19
DE-TH,00+,2023-04-16,2023-04-02,-14 day ahead inc hosp,mean,NA,202.61,COVID-19
DE-TH,00+,2023-04-16,2023-04-02,-14 day ahead inc hosp,quantile,0.025,199,COVID-19
DE-TH,00+,2023-04-16,2023-04-02,-14 day ahead inc hosp,quantile,0.1,200,COVID-19
DE-TH,00+,2023-04-16,2023-04-02,-14 day ahead inc hosp,quantile,0.25,201,COVID-19
DE-TH,00+,2023-04-16,2023-04-02,-14 day ahead inc hosp,quantile,0.5,202,COVID-19
DE-TH,00+,2023-04-16,2023-04-02,-14 day ahead inc hosp,quantile,0.75,204,COVID-19
DE-TH,00+,2023-04-16,2023-04-02,-14 day ahead inc hosp,quantile,0.9,206,COVID-19
DE-TH,00+,2023-04-16,2023-04-02,-14 day ahead inc hosp,quantile,0.975,207,COVID-19
DE-TH,00+,2023-04-16,2023-04-03,-13 day ahead inc hosp,mean,NA,205.684,COVID-19
DE-TH,00+,2023-04-16,2023-04-03,-13 day ahead inc hosp,quantile,0.025,202,COVID-19
DE-TH,00+,2023-04-16,2023-04-03,-13 day ahead inc hosp,quantile,0.1,203,COVID-19
DE-TH,00+,2023-04-16,2023-04-03,-13 day ahead inc hosp,quantile,0.25,204,COVID-19
DE-TH,00+,2023-04-16,2023-04-03,-13 day ahead inc hosp,quantile,0.5,205,COVID-19
DE-TH,00+,2023-04-16,2023-04-03,-13 day ahead inc hosp,quantile,0.75,207,COVID-19
DE-TH,00+,2023-04-16,2023-04-03,-13 day ahead inc hosp,quantile,0.9,209,COVID-19
DE-TH,00+,2023-04-16,2023-04-03,-13 day ahead inc hosp,quantile,0.975,211,COVID-19
DE-TH,00+,2023-04-16,2023-04-04,-12 day ahead inc hosp,mean,NA,188.037,COVID-19
DE-TH,00+,2023-04-16,2023-04-04,-12 day ahead inc hosp,quantile,0.025,184,COVID-19
DE-TH,00+,2023-04-16,2023-04-04,-12 day ahead inc hosp,quantile,0.1,185,COVID-19
DE-TH,00+,2023-04-16,2023-04-04,-12 day ahead inc hosp,quantile,0.25,186,COVID-19
DE-TH,00+,2023-04-16,2023-04-04,-12 day ahead inc hosp,quantile,0.5,188,COVID-19
DE-TH,00+,2023-04-16,2023-04-04,-12 day ahead inc hosp,quantile,0.75,189,COVID-19
DE-TH,00+,2023-04-16,2023-04-04,-12 day ahead inc hosp,quantile,0.9,191,COVID-19
DE-TH,00+,2023-04-16,2023-04-04,-12 day ahead inc hosp,quantile,0.975,193,COVID-19
DE-TH,00+,2023-04-16,2023-04-05,-11 day ahead inc hosp,mean,NA,183.509,COVID-19
DE-TH,00+,2023-04-16,2023-04-05,-11 day ahead inc hosp,quantile,0.025,179,COVID-19
DE-TH,00+,2023-04-16,2023-04-05,-11 day ahead inc hosp,quantile,0.1,180,COVID-19
DE-TH,00+,2023-04-16,2023-04-05,-11 day ahead inc hosp,quantile,0.25,182,COVID-19
DE-TH,00+,2023-04-16,2023-04-05,-11 day ahead inc hosp,quantile,0.5,183,COVID-19
DE-TH,00+,2023-04-16,2023-04-05,-11 day ahead inc hosp,quantile,0.75,185,COVID-19
DE-TH,00+,2023-04-16,2023-04-05,-11 day ahead inc hosp,quantile,0.9,187,COVID-19
DE-TH,00+,2023-04-16,2023-04-05,-11 day ahead inc hosp,quantile,0.975,189,COVID-19
DE-TH,00+,2023-04-16,2023-04-06,-10 day ahead inc hosp,mean,NA,181.896,COVID-19
DE-TH,00+,2023-04-16,2023-04-06,-10 day ahead inc hosp,quantile,0.025,177,COVID-19
DE-TH,00+,2023-04-16,2023-04-06,-10 day ahead inc hosp,quantile,0.1,179,COVID-19
DE-TH,00+,2023-04-16,2023-04-06,-10 day ahead inc hosp,quantile,0.25,180,COVID-19
DE-TH,00+,2023-04-16,2023-04-06,-10 day ahead inc hosp,quantile,0.5,182,COVID-19
DE-TH,00+,2023-04-16,2023-04-06,-10 day ahead inc hosp,quantile,0.75,183,COVID-19
DE-TH,00+,2023-04-16,2023-04-06,-10 day ahead inc hosp,quantile,0.9,185,COVID-19
DE-TH,00+,2023-04-16,2023-04-06,-10 day ahead inc hosp,quantile,0.975,187,COVID-19
DE-TH,00+,2023-04-16,2023-04-07,-9 day ahead inc hosp,mean,NA,174.653,COVID-19
DE-TH,00+,2023-04-16,2023-04-07,-9 day ahead inc hosp,quantile,0.025,170,COVID-19
DE-TH,00+,2023-04-16,2023-04-07,-9 day ahead inc hosp,quantile,0.1,171,COVID-19
DE-TH,00+,2023-04-16,2023-04-07,-9 day ahead inc hosp,quantile,0.25,173,COVID-19
DE-TH,00+,2023-04-16,2023-04-07,-9 day ahead inc hosp,quantile,0.5,174,COVID-19
DE-TH,00+,2023-04-16,2023-04-07,-9 day ahead inc hosp,quantile,0.75,176,COVID-19
DE-TH,00+,2023-04-16,2023-04-07,-9 day ahead inc hosp,quantile,0.9,178,COVID-19
DE-TH,00+,2023-04-16,2023-04-07,-9 day ahead inc hosp,quantile,0.975,181,COVID-19
DE-TH,00+,2023-04-16,2023-04-08,-8 day ahead inc hosp,mean,NA,164.496,COVID-19
DE-TH,00+,2023-04-16,2023-04-08,-8 day ahead inc hosp,quantile,0.025,159,COVID-19
DE-TH,00+,2023-04-16,2023-04-08,-8 day ahead inc hosp,quantile,0.1,161,COVID-19
DE-TH,00+,2023-04-16,2023-04-08,-8 day ahead inc hosp,quantile,0.25,162,COVID-19
DE-TH,00+,2023-04-16,2023-04-08,-8 day ahead inc hosp,quantile,0.5,164,COVID-19
DE-TH,00+,2023-04-16,2023-04-08,-8 day ahead inc hosp,quantile,0.75,166,COVID-19
DE-TH,00+,2023-04-16,2023-04-08,-8 day ahead inc hosp,quantile,0.9,169,COVID-19
DE-TH,00+,2023-04-16,2023-04-08,-8 day ahead inc hosp,quantile,0.975,171,COVID-19
DE-TH,00+,2023-04-16,2023-04-09,-7 day ahead inc hosp,mean,NA,163.695,COVID-19
DE-TH,00+,2023-04-16,2023-04-09,-7 day ahead inc hosp,quantile,0.025,159,COVID-19
DE-TH,00+,2023-04-16,2023-04-09,-7 day ahead inc hosp,quantile,0.1,160,COVID-19
DE-TH,00+,2023-04-16,2023-04-09,-7 day ahead inc hosp,quantile,0.25,162,COVID-19
DE-TH,00+,2023-04-16,2023-04-09,-7 day ahead inc hosp,quantile,0.5,163,COVID-19
DE-TH,00+,2023-04-16,2023-04-09,-7 day ahead inc hosp,quantile,0.75,166,COVID-19
DE-TH,00+,2023-04-16,2023-04-09,-7 day ahead inc hosp,quantile,0.9,168,COVID-19
DE-TH,00+,2023-04-16,2023-04-09,-7 day ahead inc hosp,quantile,0.975,170,COVID-19
DE-TH,00+,2023-04-16,2023-04-10,-6 day ahead inc hosp,mean,NA,160.96,COVID-19
DE-TH,00+,2023-04-16,2023-04-10,-6 day ahead inc hosp,quantile,0.025,156,COVID-19
DE-TH,00+,2023-04-16,2023-04-10,-6 day ahead inc hosp,quantile,0.1,157,COVID-19
DE-TH,00+,2023-04-16,2023-04-10,-6 day ahead inc hosp,quantile,0.25,159,COVID-19
DE-TH,00+,2023-04-16,2023-04-10,-6 day ahead inc hosp,quantile,0.5,161,COVID-19
DE-TH,00+,2023-04-16,2023-04-10,-6 day ahead inc hosp,quantile,0.75,163,COVID-19
DE-TH,00+,2023-04-16,2023-04-10,-6 day ahead inc hosp,quantile,0.9,165,COVID-19
DE-TH,00+,2023-04-16,2023-04-10,-6 day ahead inc hosp,quantile,0.975,168,COVID-19
DE-TH,00+,2023-04-16,2023-04-11,-5 day ahead inc hosp,mean,NA,117.004,COVID-19
DE-TH,00+,2023-04-16,2023-04-11,-5 day ahead inc hosp,quantile,0.025,111,COVID-19
DE-TH,00+,2023-04-16,2023-04-11,-5 day ahead inc hosp,quantile,0.1,113,COVID-19
DE-TH,00+,2023-04-16,2023-04-11,-5 day ahead inc hosp,quantile,0.25,114,COVID-19
DE-TH,00+,2023-04-16,2023-04-11,-5 day ahead inc hosp,quantile,0.5,117,COVID-19
DE-TH,00+,2023-04-16,2023-04-11,-5 day ahead inc hosp,quantile,0.75,119,COVID-19
DE-TH,00+,2023-04-16,2023-04-11,-5 day ahead inc hosp,quantile,0.9,122,COVID-19
DE-TH,00+,2023-04-16,2023-04-11,-5 day ahead inc hosp,quantile,0.975,124,COVID-19
DE-TH,00+,2023-04-16,2023-04-12,-4 day ahead inc hosp,mean,NA,139.713,COVID-19
DE-TH,00+,2023-04-16,2023-04-12,-4 day ahead inc hosp,quantile,0.025,133,COVID-19
DE-TH,00+,2023-04-16,2023-04-12,-4 day ahead inc hosp,quantile,0.1,135,COVID-19
DE-TH,00+,2023-04-16,2023-04-12,-4 day ahead inc hosp,quantile,0.25,137,COVID-19
DE-TH,00+,2023-04-16,2023-04-12,-4 day ahead inc hosp,quantile,0.5,140,COVID-19
DE-TH,00+,2023-04-16,2023-04-12,-4 day ahead inc hosp,quantile,0.75,142,COVID-19
DE-TH,00+,2023-04-16,2023-04-12,-4 day ahead inc hosp,quantile,0.9,145,COVID-19
DE-TH,00+,2023-04-16,2023-04-12,-4 day ahead inc hosp,quantile,0.975,148,COVID-19
DE-TH,00+,2023-04-16,2023-04-13,-3 day ahead inc hosp,mean,NA,144.509,COVID-19
DE-TH,00+,2023-04-16,2023-04-13,-3 day ahead inc hosp,quantile,0.025,136,COVID-19
DE-TH,00+,2023-04-16,2023-04-13,-3 day ahead inc hosp,quantile,0.1,138,COVID-19
DE-TH,00+,2023-04-16,2023-04-13,-3 day ahead inc hosp,quantile,0.25,141,COVID-19
DE-TH,00+,2023-04-16,2023-04-13,-3 day ahead inc hosp,quantile,0.5,144,COVID-19
DE-TH,00+,2023-04-16,2023-04-13,-3 day ahead inc hosp,quantile,0.75,148,COVID-19
DE-TH,00+,2023-04-16,2023-04-13,-3 day ahead inc hosp,quantile,0.9,151,COVID-19
DE-TH,00+,2023-04-16,2023-04-13,-3 day ahead inc hosp,quantile,0.975,155,COVID-19
DE-TH,00+,2023-04-16,2023-04-14,-2 day ahead inc hosp,mean,NA,142.125,COVID-19
DE-TH,00+,2023-04-16,2023-04-14,-2 day ahead inc hosp,quantile,0.025,131,COVID-19
DE-TH,00+,2023-04-16,2023-04-14,-2 day ahead inc hosp,quantile,0.1,134,COVID-19
DE-TH,00+,2023-04-16,2023-04-14,-2 day ahead inc hosp,quantile,0.25,137,COVID-19
DE-TH,00+,2023-04-16,2023-04-14,-2 day ahead inc hosp,quantile,0.5,142,COVID-19
DE-TH,00+,2023-04-16,2023-04-14,-2 day ahead inc hosp,quantile,0.75,146,COVID-19
DE-TH,00+,2023-04-16,2023-04-14,-2 day ahead inc hosp,quantile,0.9,151,COVID-19
DE-TH,00+,2023-04-16,2023-04-14,-2 day ahead inc hosp,quantile,0.975,157,COVID-19
DE-TH,00+,2023-04-16,2023-04-15,-1 day ahead inc hosp,mean,NA,158.219,COVID-19
DE-TH,00+,2023-04-16,2023-04-15,-1 day ahead inc hosp,quantile,0.025,142,COVID-19
DE-TH,00+,2023-04-16,2023-04-15,-1 day ahead inc hosp,quantile,0.1,147,COVID-19
DE-TH,00+,2023-04-16,2023-04-15,-1 day ahead inc hosp,quantile,0.25,152,COVID-19
DE-TH,00+,2023-04-16,2023-04-15,-1 day ahead inc hosp,quantile,0.5,157,COVID-19
DE-TH,00+,2023-04-16,2023-04-15,-1 day ahead inc hosp,quantile,0.75,164,COVID-19
DE-TH,00+,2023-04-16,2023-04-15,-1 day ahead inc hosp,quantile,0.9,170,COVID-19
DE-TH,00+,2023-04-16,2023-04-15,-1 day ahead inc hosp,quantile,0.975,179,COVID-19
DE-TH,00+,2023-04-16,2023-04-16,0 day ahead inc hosp,mean,NA,159.744,COVID-19
DE-TH,00+,2023-04-16,2023-04-16,0 day ahead inc hosp,quantile,0.025,143,COVID-19
DE-TH,00+,2023-04-16,2023-04-16,0 day ahead inc hosp,quantile,0.1,148,COVID-19
DE-TH,00+,2023-04-16,2023-04-16,0 day ahead inc hosp,quantile,0.25,153,COVID-19
DE-TH,00+,2023-04-16,2023-04-16,0 day ahead inc hosp,quantile,0.5,159,COVID-19
DE-TH,00+,2023-04-16,2023-04-16,0 day ahead inc hosp,quantile,0.75,166,COVID-19
DE-TH,00+,2023-04-16,2023-04-16,0 day ahead inc hosp,quantile,0.9,172,COVID-19
DE-TH,00+,2023-04-16,2023-04-16,0 day ahead inc hosp,quantile,0.975,181,COVID-19
