forecast_date,target,target_end_date,location,age_group,type,quantile,value,pathogen
2022-01-04,-28 day ahead inc hosp,2021-12-07,DE,00-04,quantile,0.025,143,COVID-19
2022-01-04,-28 day ahead inc hosp,2021-12-07,DE,00-04,quantile,0.1,143,COVID-19
2022-01-04,-28 day ahead inc hosp,2021-12-07,DE,00-04,quantile,0.25,144,COVID-19
2022-01-04,-28 day ahead inc hosp,2021-12-07,DE,00-04,quantile,0.5,146,COVID-19
2022-01-04,-28 day ahead inc hosp,2021-12-07,DE,00-04,quantile,0.75,147,COVID-19
2022-01-04,-28 day ahead inc hosp,2021-12-07,DE,00-04,quantile,0.9,149,COVID-19
2022-01-04,-28 day ahead inc hosp,2021-12-07,DE,00-04,quantile,0.975,151,COVID-19
2022-01-04,-28 day ahead inc hosp,2021-12-07,DE,00+,quantile,0.025,10333,COVID-19
2022-01-04,-28 day ahead inc hosp,2021-12-07,DE,00+,quantile,0.1,10368,COVID-19
2022-01-04,-28 day ahead inc hosp,2021-12-07,DE,00+,quantile,0.25,10404,COVID-19
2022-01-04,-28 day ahead inc hosp,2021-12-07,DE,00+,quantile,0.5,10449,COVID-19
2022-01-04,-28 day ahead inc hosp,2021-12-07,DE,00+,quantile,0.75,10499,COVID-19
2022-01-04,-28 day ahead inc hosp,2021-12-07,DE,00+,quantile,0.9,10550,COVID-19
2022-01-04,-28 day ahead inc hosp,2021-12-07,DE,00+,quantile,0.975,10614,COVID-19
2022-01-04,-28 day ahead inc hosp,2021-12-07,DE,05-14,quantile,0.025,195,COVID-19
2022-01-04,-28 day ahead inc hosp,2021-12-07,DE,05-14,quantile,0.1,195,COVID-19
2022-01-04,-28 day ahead inc hosp,2021-12-07,DE,05-14,quantile,0.25,198,COVID-19
2022-01-04,-28 day ahead inc hosp,2021-12-07,DE,05-14,quantile,0.5,201,COVID-19
2022-01-04,-28 day ahead inc hosp,2021-12-07,DE,05-14,quantile,0.75,203,COVID-19
2022-01-04,-28 day ahead inc hosp,2021-12-07,DE,05-14,quantile,0.9,206,COVID-19
2022-01-04,-28 day ahead inc hosp,2021-12-07,DE,05-14,quantile,0.975,209,COVID-19
2022-01-04,-28 day ahead inc hosp,2021-12-07,DE,15-34,quantile,0.025,776,COVID-19
2022-01-04,-28 day ahead inc hosp,2021-12-07,DE,15-34,quantile,0.1,779,COVID-19
2022-01-04,-28 day ahead inc hosp,2021-12-07,DE,15-34,quantile,0.25,783,COVID-19
2022-01-04,-28 day ahead inc hosp,2021-12-07,DE,15-34,quantile,0.5,789,COVID-19
2022-01-04,-28 day ahead inc hosp,2021-12-07,DE,15-34,quantile,0.75,795,COVID-19
2022-01-04,-28 day ahead inc hosp,2021-12-07,DE,15-34,quantile,0.9,802,COVID-19
2022-01-04,-28 day ahead inc hosp,2021-12-07,DE,15-34,quantile,0.975,811,COVID-19
2022-01-04,-28 day ahead inc hosp,2021-12-07,DE,35-59,quantile,0.025,2570,COVID-19
2022-01-04,-28 day ahead inc hosp,2021-12-07,DE,35-59,quantile,0.1,2586,COVID-19
2022-01-04,-28 day ahead inc hosp,2021-12-07,DE,35-59,quantile,0.25,2606,COVID-19
2022-01-04,-28 day ahead inc hosp,2021-12-07,DE,35-59,quantile,0.5,2633,COVID-19
2022-01-04,-28 day ahead inc hosp,2021-12-07,DE,35-59,quantile,0.75,2670,COVID-19
2022-01-04,-28 day ahead inc hosp,2021-12-07,DE,35-59,quantile,0.9,2714,COVID-19
2022-01-04,-28 day ahead inc hosp,2021-12-07,DE,35-59,quantile,0.975,2777,COVID-19
2022-01-04,-28 day ahead inc hosp,2021-12-07,DE,60-79,quantile,0.025,3661,COVID-19
2022-01-04,-28 day ahead inc hosp,2021-12-07,DE,60-79,quantile,0.1,3678,COVID-19
2022-01-04,-28 day ahead inc hosp,2021-12-07,DE,60-79,quantile,0.25,3696,COVID-19
2022-01-04,-28 day ahead inc hosp,2021-12-07,DE,60-79,quantile,0.5,3719,COVID-19
2022-01-04,-28 day ahead inc hosp,2021-12-07,DE,60-79,quantile,0.75,3747,COVID-19
2022-01-04,-28 day ahead inc hosp,2021-12-07,DE,60-79,quantile,0.9,3776,COVID-19
2022-01-04,-28 day ahead inc hosp,2021-12-07,DE,60-79,quantile,0.975,3814,COVID-19
2022-01-04,-28 day ahead inc hosp,2021-12-07,DE,80+,quantile,0.025,2933,COVID-19
2022-01-04,-28 day ahead inc hosp,2021-12-07,DE,80+,quantile,0.1,2941,COVID-19
2022-01-04,-28 day ahead inc hosp,2021-12-07,DE,80+,quantile,0.25,2950,COVID-19
2022-01-04,-28 day ahead inc hosp,2021-12-07,DE,80+,quantile,0.5,2961,COVID-19
2022-01-04,-28 day ahead inc hosp,2021-12-07,DE,80+,quantile,0.75,2974,COVID-19
2022-01-04,-28 day ahead inc hosp,2021-12-07,DE,80+,quantile,0.9,2987,COVID-19
2022-01-04,-28 day ahead inc hosp,2021-12-07,DE,80+,quantile,0.975,3004,COVID-19
2022-01-04,-27 day ahead inc hosp,2021-12-08,DE,00-04,quantile,0.025,141,COVID-19
2022-01-04,-27 day ahead inc hosp,2021-12-08,DE,00-04,quantile,0.1,141,COVID-19
2022-01-04,-27 day ahead inc hosp,2021-12-08,DE,00-04,quantile,0.25,142,COVID-19
2022-01-04,-27 day ahead inc hosp,2021-12-08,DE,00-04,quantile,0.5,144,COVID-19
2022-01-04,-27 day ahead inc hosp,2021-12-08,DE,00-04,quantile,0.75,145,COVID-19
2022-01-04,-27 day ahead inc hosp,2021-12-08,DE,00-04,quantile,0.9,147,COVID-19
2022-01-04,-27 day ahead inc hosp,2021-12-08,DE,00-04,quantile,0.975,149,COVID-19
2022-01-04,-27 day ahead inc hosp,2021-12-08,DE,00+,quantile,0.025,10413,COVID-19
2022-01-04,-27 day ahead inc hosp,2021-12-08,DE,00+,quantile,0.1,10448,COVID-19
2022-01-04,-27 day ahead inc hosp,2021-12-08,DE,00+,quantile,0.25,10483,COVID-19
2022-01-04,-27 day ahead inc hosp,2021-12-08,DE,00+,quantile,0.5,10526,COVID-19
2022-01-04,-27 day ahead inc hosp,2021-12-08,DE,00+,quantile,0.75,10574,COVID-19
2022-01-04,-27 day ahead inc hosp,2021-12-08,DE,00+,quantile,0.9,10621,COVID-19
2022-01-04,-27 day ahead inc hosp,2021-12-08,DE,00+,quantile,0.975,10680,COVID-19
2022-01-04,-27 day ahead inc hosp,2021-12-08,DE,05-14,quantile,0.025,189,COVID-19
2022-01-04,-27 day ahead inc hosp,2021-12-08,DE,05-14,quantile,0.1,189,COVID-19
2022-01-04,-27 day ahead inc hosp,2021-12-08,DE,05-14,quantile,0.25,192,COVID-19
2022-01-04,-27 day ahead inc hosp,2021-12-08,DE,05-14,quantile,0.5,194,COVID-19
2022-01-04,-27 day ahead inc hosp,2021-12-08,DE,05-14,quantile,0.75,197,COVID-19
2022-01-04,-27 day ahead inc hosp,2021-12-08,DE,05-14,quantile,0.9,200,COVID-19
2022-01-04,-27 day ahead inc hosp,2021-12-08,DE,05-14,quantile,0.975,203,COVID-19
2022-01-04,-27 day ahead inc hosp,2021-12-08,DE,15-34,quantile,0.025,781,COVID-19
2022-01-04,-27 day ahead inc hosp,2021-12-08,DE,15-34,quantile,0.1,784,COVID-19
2022-01-04,-27 day ahead inc hosp,2021-12-08,DE,15-34,quantile,0.25,787,COVID-19
2022-01-04,-27 day ahead inc hosp,2021-12-08,DE,15-34,quantile,0.5,791,COVID-19
2022-01-04,-27 day ahead inc hosp,2021-12-08,DE,15-34,quantile,0.75,796,COVID-19
2022-01-04,-27 day ahead inc hosp,2021-12-08,DE,15-34,quantile,0.9,801,COVID-19
2022-01-04,-27 day ahead inc hosp,2021-12-08,DE,15-34,quantile,0.975,808,COVID-19
2022-01-04,-27 day ahead inc hosp,2021-12-08,DE,35-59,quantile,0.025,2640,COVID-19
2022-01-04,-27 day ahead inc hosp,2021-12-08,DE,35-59,quantile,0.1,2658,COVID-19
2022-01-04,-27 day ahead inc hosp,2021-12-08,DE,35-59,quantile,0.25,2679,COVID-19
2022-01-04,-27 day ahead inc hosp,2021-12-08,DE,35-59,quantile,0.5,2708,COVID-19
2022-01-04,-27 day ahead inc hosp,2021-12-08,DE,35-59,quantile,0.75,2748,COVID-19
2022-01-04,-27 day ahead inc hosp,2021-12-08,DE,35-59,quantile,0.9,2793,COVID-19
2022-01-04,-27 day ahead inc hosp,2021-12-08,DE,35-59,quantile,0.975,2860,COVID-19
2022-01-04,-27 day ahead inc hosp,2021-12-08,DE,60-79,quantile,0.025,3705,COVID-19
2022-01-04,-27 day ahead inc hosp,2021-12-08,DE,60-79,quantile,0.1,3723,COVID-19
2022-01-04,-27 day ahead inc hosp,2021-12-08,DE,60-79,quantile,0.25,3743,COVID-19
2022-01-04,-27 day ahead inc hosp,2021-12-08,DE,60-79,quantile,0.5,3768,COVID-19
2022-01-04,-27 day ahead inc hosp,2021-12-08,DE,60-79,quantile,0.75,3798,COVID-19
2022-01-04,-27 day ahead inc hosp,2021-12-08,DE,60-79,quantile,0.9,3829,COVID-19
2022-01-04,-27 day ahead inc hosp,2021-12-08,DE,60-79,quantile,0.975,3869,COVID-19
2022-01-04,-27 day ahead inc hosp,2021-12-08,DE,80+,quantile,0.025,2890,COVID-19
2022-01-04,-27 day ahead inc hosp,2021-12-08,DE,80+,quantile,0.1,2899,COVID-19
2022-01-04,-27 day ahead inc hosp,2021-12-08,DE,80+,quantile,0.25,2909,COVID-19
2022-01-04,-27 day ahead inc hosp,2021-12-08,DE,80+,quantile,0.5,2921,COVID-19
2022-01-04,-27 day ahead inc hosp,2021-12-08,DE,80+,quantile,0.75,2935,COVID-19
2022-01-04,-27 day ahead inc hosp,2021-12-08,DE,80+,quantile,0.9,2949,COVID-19
2022-01-04,-27 day ahead inc hosp,2021-12-08,DE,80+,quantile,0.975,2968,COVID-19
2022-01-04,-26 day ahead inc hosp,2021-12-09,DE,00-04,quantile,0.025,128,COVID-19
2022-01-04,-26 day ahead inc hosp,2021-12-09,DE,00-04,quantile,0.1,128,COVID-19
2022-01-04,-26 day ahead inc hosp,2021-12-09,DE,00-04,quantile,0.25,129,COVID-19
2022-01-04,-26 day ahead inc hosp,2021-12-09,DE,00-04,quantile,0.5,131,COVID-19
2022-01-04,-26 day ahead inc hosp,2021-12-09,DE,00-04,quantile,0.75,132,COVID-19
2022-01-04,-26 day ahead inc hosp,2021-12-09,DE,00-04,quantile,0.9,134,COVID-19
2022-01-04,-26 day ahead inc hosp,2021-12-09,DE,00-04,quantile,0.975,136,COVID-19
2022-01-04,-26 day ahead inc hosp,2021-12-09,DE,00+,quantile,0.025,10215,COVID-19
2022-01-04,-26 day ahead inc hosp,2021-12-09,DE,00+,quantile,0.1,10251,COVID-19
2022-01-04,-26 day ahead inc hosp,2021-12-09,DE,00+,quantile,0.25,10286,COVID-19
2022-01-04,-26 day ahead inc hosp,2021-12-09,DE,00+,quantile,0.5,10329,COVID-19
2022-01-04,-26 day ahead inc hosp,2021-12-09,DE,00+,quantile,0.75,10376,COVID-19
2022-01-04,-26 day ahead inc hosp,2021-12-09,DE,00+,quantile,0.9,10424,COVID-19
2022-01-04,-26 day ahead inc hosp,2021-12-09,DE,00+,quantile,0.975,10482,COVID-19
2022-01-04,-26 day ahead inc hosp,2021-12-09,DE,05-14,quantile,0.025,177,COVID-19
2022-01-04,-26 day ahead inc hosp,2021-12-09,DE,05-14,quantile,0.1,177,COVID-19
2022-01-04,-26 day ahead inc hosp,2021-12-09,DE,05-14,quantile,0.25,180,COVID-19
2022-01-04,-26 day ahead inc hosp,2021-12-09,DE,05-14,quantile,0.5,182,COVID-19
2022-01-04,-26 day ahead inc hosp,2021-12-09,DE,05-14,quantile,0.75,185,COVID-19
2022-01-04,-26 day ahead inc hosp,2021-12-09,DE,05-14,quantile,0.9,187,COVID-19
2022-01-04,-26 day ahead inc hosp,2021-12-09,DE,05-14,quantile,0.975,190,COVID-19
2022-01-04,-26 day ahead inc hosp,2021-12-09,DE,15-34,quantile,0.025,801,COVID-19
2022-01-04,-26 day ahead inc hosp,2021-12-09,DE,15-34,quantile,0.1,804,COVID-19
2022-01-04,-26 day ahead inc hosp,2021-12-09,DE,15-34,quantile,0.25,807,COVID-19
2022-01-04,-26 day ahead inc hosp,2021-12-09,DE,15-34,quantile,0.5,811,COVID-19
2022-01-04,-26 day ahead inc hosp,2021-12-09,DE,15-34,quantile,0.75,816,COVID-19
2022-01-04,-26 day ahead inc hosp,2021-12-09,DE,15-34,quantile,0.9,821,COVID-19
2022-01-04,-26 day ahead inc hosp,2021-12-09,DE,15-34,quantile,0.975,827,COVID-19
2022-01-04,-26 day ahead inc hosp,2021-12-09,DE,35-59,quantile,0.025,2558,COVID-19
2022-01-04,-26 day ahead inc hosp,2021-12-09,DE,35-59,quantile,0.1,2576,COVID-19
2022-01-04,-26 day ahead inc hosp,2021-12-09,DE,35-59,quantile,0.25,2597,COVID-19
2022-01-04,-26 day ahead inc hosp,2021-12-09,DE,35-59,quantile,0.5,2626,COVID-19
2022-01-04,-26 day ahead inc hosp,2021-12-09,DE,35-59,quantile,0.75,2664,COVID-19
2022-01-04,-26 day ahead inc hosp,2021-12-09,DE,35-59,quantile,0.9,2707,COVID-19
2022-01-04,-26 day ahead inc hosp,2021-12-09,DE,35-59,quantile,0.975,2770,COVID-19
2022-01-04,-26 day ahead inc hosp,2021-12-09,DE,60-79,quantile,0.025,3618,COVID-19
2022-01-04,-26 day ahead inc hosp,2021-12-09,DE,60-79,quantile,0.1,3638,COVID-19
2022-01-04,-26 day ahead inc hosp,2021-12-09,DE,60-79,quantile,0.25,3658,COVID-19
2022-01-04,-26 day ahead inc hosp,2021-12-09,DE,60-79,quantile,0.5,3685,COVID-19
2022-01-04,-26 day ahead inc hosp,2021-12-09,DE,60-79,quantile,0.75,3717,COVID-19
2022-01-04,-26 day ahead inc hosp,2021-12-09,DE,60-79,quantile,0.9,3751,COVID-19
2022-01-04,-26 day ahead inc hosp,2021-12-09,DE,60-79,quantile,0.975,3794,COVID-19
2022-01-04,-26 day ahead inc hosp,2021-12-09,DE,80+,quantile,0.025,2860,COVID-19
2022-01-04,-26 day ahead inc hosp,2021-12-09,DE,80+,quantile,0.1,2870,COVID-19
2022-01-04,-26 day ahead inc hosp,2021-12-09,DE,80+,quantile,0.25,2880,COVID-19
2022-01-04,-26 day ahead inc hosp,2021-12-09,DE,80+,quantile,0.5,2893,COVID-19
2022-01-04,-26 day ahead inc hosp,2021-12-09,DE,80+,quantile,0.75,2908,COVID-19
2022-01-04,-26 day ahead inc hosp,2021-12-09,DE,80+,quantile,0.9,2924,COVID-19
2022-01-04,-26 day ahead inc hosp,2021-12-09,DE,80+,quantile,0.975,2944,COVID-19
2022-01-04,-25 day ahead inc hosp,2021-12-10,DE,00-04,quantile,0.025,130,COVID-19
2022-01-04,-25 day ahead inc hosp,2021-12-10,DE,00-04,quantile,0.1,130,COVID-19
2022-01-04,-25 day ahead inc hosp,2021-12-10,DE,00-04,quantile,0.25,131,COVID-19
2022-01-04,-25 day ahead inc hosp,2021-12-10,DE,00-04,quantile,0.5,133,COVID-19
2022-01-04,-25 day ahead inc hosp,2021-12-10,DE,00-04,quantile,0.75,134,COVID-19
2022-01-04,-25 day ahead inc hosp,2021-12-10,DE,00-04,quantile,0.9,136,COVID-19
2022-01-04,-25 day ahead inc hosp,2021-12-10,DE,00-04,quantile,0.975,137,COVID-19
2022-01-04,-25 day ahead inc hosp,2021-12-10,DE,00+,quantile,0.025,10019,COVID-19
2022-01-04,-25 day ahead inc hosp,2021-12-10,DE,00+,quantile,0.1,10051,COVID-19
2022-01-04,-25 day ahead inc hosp,2021-12-10,DE,00+,quantile,0.25,10082,COVID-19
2022-01-04,-25 day ahead inc hosp,2021-12-10,DE,00+,quantile,0.5,10119,COVID-19
2022-01-04,-25 day ahead inc hosp,2021-12-10,DE,00+,quantile,0.75,10160,COVID-19
2022-01-04,-25 day ahead inc hosp,2021-12-10,DE,00+,quantile,0.9,10200,COVID-19
2022-01-04,-25 day ahead inc hosp,2021-12-10,DE,00+,quantile,0.975,10248,COVID-19
2022-01-04,-25 day ahead inc hosp,2021-12-10,DE,05-14,quantile,0.025,169,COVID-19
2022-01-04,-25 day ahead inc hosp,2021-12-10,DE,05-14,quantile,0.1,171,COVID-19
2022-01-04,-25 day ahead inc hosp,2021-12-10,DE,05-14,quantile,0.25,173,COVID-19
2022-01-04,-25 day ahead inc hosp,2021-12-10,DE,05-14,quantile,0.5,176,COVID-19
2022-01-04,-25 day ahead inc hosp,2021-12-10,DE,05-14,quantile,0.75,178,COVID-19
2022-01-04,-25 day ahead inc hosp,2021-12-10,DE,05-14,quantile,0.9,181,COVID-19
2022-01-04,-25 day ahead inc hosp,2021-12-10,DE,05-14,quantile,0.975,183,COVID-19
2022-01-04,-25 day ahead inc hosp,2021-12-10,DE,15-34,quantile,0.025,801,COVID-19
2022-01-04,-25 day ahead inc hosp,2021-12-10,DE,15-34,quantile,0.1,804,COVID-19
2022-01-04,-25 day ahead inc hosp,2021-12-10,DE,15-34,quantile,0.25,807,COVID-19
2022-01-04,-25 day ahead inc hosp,2021-12-10,DE,15-34,quantile,0.5,812,COVID-19
2022-01-04,-25 day ahead inc hosp,2021-12-10,DE,15-34,quantile,0.75,817,COVID-19
2022-01-04,-25 day ahead inc hosp,2021-12-10,DE,15-34,quantile,0.9,823,COVID-19
2022-01-04,-25 day ahead inc hosp,2021-12-10,DE,15-34,quantile,0.975,831,COVID-19
2022-01-04,-25 day ahead inc hosp,2021-12-10,DE,35-59,quantile,0.025,2463,COVID-19
2022-01-04,-25 day ahead inc hosp,2021-12-10,DE,35-59,quantile,0.1,2478,COVID-19
2022-01-04,-25 day ahead inc hosp,2021-12-10,DE,35-59,quantile,0.25,2495,COVID-19
2022-01-04,-25 day ahead inc hosp,2021-12-10,DE,35-59,quantile,0.5,2518,COVID-19
2022-01-04,-25 day ahead inc hosp,2021-12-10,DE,35-59,quantile,0.75,2548,COVID-19
2022-01-04,-25 day ahead inc hosp,2021-12-10,DE,35-59,quantile,0.9,2580,COVID-19
2022-01-04,-25 day ahead inc hosp,2021-12-10,DE,35-59,quantile,0.975,2626,COVID-19
2022-01-04,-25 day ahead inc hosp,2021-12-10,DE,60-79,quantile,0.025,3542,COVID-19
2022-01-04,-25 day ahead inc hosp,2021-12-10,DE,60-79,quantile,0.1,3562,COVID-19
2022-01-04,-25 day ahead inc hosp,2021-12-10,DE,60-79,quantile,0.25,3582,COVID-19
2022-01-04,-25 day ahead inc hosp,2021-12-10,DE,60-79,quantile,0.5,3608,COVID-19
2022-01-04,-25 day ahead inc hosp,2021-12-10,DE,60-79,quantile,0.75,3638,COVID-19
2022-01-04,-25 day ahead inc hosp,2021-12-10,DE,60-79,quantile,0.9,3670,COVID-19
2022-01-04,-25 day ahead inc hosp,2021-12-10,DE,60-79,quantile,0.975,3711,COVID-19
2022-01-04,-25 day ahead inc hosp,2021-12-10,DE,80+,quantile,0.025,2837,COVID-19
2022-01-04,-25 day ahead inc hosp,2021-12-10,DE,80+,quantile,0.1,2848,COVID-19
2022-01-04,-25 day ahead inc hosp,2021-12-10,DE,80+,quantile,0.25,2859,COVID-19
2022-01-04,-25 day ahead inc hosp,2021-12-10,DE,80+,quantile,0.5,2873,COVID-19
2022-01-04,-25 day ahead inc hosp,2021-12-10,DE,80+,quantile,0.75,2889,COVID-19
2022-01-04,-25 day ahead inc hosp,2021-12-10,DE,80+,quantile,0.9,2905,COVID-19
2022-01-04,-25 day ahead inc hosp,2021-12-10,DE,80+,quantile,0.975,2926,COVID-19
2022-01-04,-24 day ahead inc hosp,2021-12-11,DE,00-04,quantile,0.025,135,COVID-19
2022-01-04,-24 day ahead inc hosp,2021-12-11,DE,00-04,quantile,0.1,136,COVID-19
2022-01-04,-24 day ahead inc hosp,2021-12-11,DE,00-04,quantile,0.25,138,COVID-19
2022-01-04,-24 day ahead inc hosp,2021-12-11,DE,00-04,quantile,0.5,139,COVID-19
2022-01-04,-24 day ahead inc hosp,2021-12-11,DE,00-04,quantile,0.75,141,COVID-19
2022-01-04,-24 day ahead inc hosp,2021-12-11,DE,00-04,quantile,0.9,142,COVID-19
2022-01-04,-24 day ahead inc hosp,2021-12-11,DE,00-04,quantile,0.975,144,COVID-19
2022-01-04,-24 day ahead inc hosp,2021-12-11,DE,00+,quantile,0.025,9766,COVID-19
2022-01-04,-24 day ahead inc hosp,2021-12-11,DE,00+,quantile,0.1,9797,COVID-19
2022-01-04,-24 day ahead inc hosp,2021-12-11,DE,00+,quantile,0.25,9826,COVID-19
2022-01-04,-24 day ahead inc hosp,2021-12-11,DE,00+,quantile,0.5,9862,COVID-19
2022-01-04,-24 day ahead inc hosp,2021-12-11,DE,00+,quantile,0.75,9901,COVID-19
2022-01-04,-24 day ahead inc hosp,2021-12-11,DE,00+,quantile,0.9,9938,COVID-19
2022-01-04,-24 day ahead inc hosp,2021-12-11,DE,00+,quantile,0.975,9984,COVID-19
2022-01-04,-24 day ahead inc hosp,2021-12-11,DE,05-14,quantile,0.025,161,COVID-19
2022-01-04,-24 day ahead inc hosp,2021-12-11,DE,05-14,quantile,0.1,163,COVID-19
2022-01-04,-24 day ahead inc hosp,2021-12-11,DE,05-14,quantile,0.25,165,COVID-19
2022-01-04,-24 day ahead inc hosp,2021-12-11,DE,05-14,quantile,0.5,168,COVID-19
2022-01-04,-24 day ahead inc hosp,2021-12-11,DE,05-14,quantile,0.75,170,COVID-19
2022-01-04,-24 day ahead inc hosp,2021-12-11,DE,05-14,quantile,0.9,172,COVID-19
2022-01-04,-24 day ahead inc hosp,2021-12-11,DE,05-14,quantile,0.975,175,COVID-19
2022-01-04,-24 day ahead inc hosp,2021-12-11,DE,15-34,quantile,0.025,772,COVID-19
2022-01-04,-24 day ahead inc hosp,2021-12-11,DE,15-34,quantile,0.1,776,COVID-19
2022-01-04,-24 day ahead inc hosp,2021-12-11,DE,15-34,quantile,0.25,780,COVID-19
2022-01-04,-24 day ahead inc hosp,2021-12-11,DE,15-34,quantile,0.5,786,COVID-19
2022-01-04,-24 day ahead inc hosp,2021-12-11,DE,15-34,quantile,0.75,793,COVID-19
2022-01-04,-24 day ahead inc hosp,2021-12-11,DE,15-34,quantile,0.9,800,COVID-19
2022-01-04,-24 day ahead inc hosp,2021-12-11,DE,15-34,quantile,0.975,810,COVID-19
2022-01-04,-24 day ahead inc hosp,2021-12-11,DE,35-59,quantile,0.025,2391,COVID-19
2022-01-04,-24 day ahead inc hosp,2021-12-11,DE,35-59,quantile,0.1,2405,COVID-19
2022-01-04,-24 day ahead inc hosp,2021-12-11,DE,35-59,quantile,0.25,2421,COVID-19
2022-01-04,-24 day ahead inc hosp,2021-12-11,DE,35-59,quantile,0.5,2441,COVID-19
2022-01-04,-24 day ahead inc hosp,2021-12-11,DE,35-59,quantile,0.75,2466,COVID-19
2022-01-04,-24 day ahead inc hosp,2021-12-11,DE,35-59,quantile,0.9,2493,COVID-19
2022-01-04,-24 day ahead inc hosp,2021-12-11,DE,35-59,quantile,0.975,2529,COVID-19
2022-01-04,-24 day ahead inc hosp,2021-12-11,DE,60-79,quantile,0.025,3453,COVID-19
2022-01-04,-24 day ahead inc hosp,2021-12-11,DE,60-79,quantile,0.1,3472,COVID-19
2022-01-04,-24 day ahead inc hosp,2021-12-11,DE,60-79,quantile,0.25,3492,COVID-19
2022-01-04,-24 day ahead inc hosp,2021-12-11,DE,60-79,quantile,0.5,3517,COVID-19
2022-01-04,-24 day ahead inc hosp,2021-12-11,DE,60-79,quantile,0.75,3547,COVID-19
2022-01-04,-24 day ahead inc hosp,2021-12-11,DE,60-79,quantile,0.9,3578,COVID-19
2022-01-04,-24 day ahead inc hosp,2021-12-11,DE,60-79,quantile,0.975,3619,COVID-19
2022-01-04,-24 day ahead inc hosp,2021-12-11,DE,80+,quantile,0.025,2773,COVID-19
2022-01-04,-24 day ahead inc hosp,2021-12-11,DE,80+,quantile,0.1,2784,COVID-19
2022-01-04,-24 day ahead inc hosp,2021-12-11,DE,80+,quantile,0.25,2796,COVID-19
2022-01-04,-24 day ahead inc hosp,2021-12-11,DE,80+,quantile,0.5,2811,COVID-19
2022-01-04,-24 day ahead inc hosp,2021-12-11,DE,80+,quantile,0.75,2829,COVID-19
2022-01-04,-24 day ahead inc hosp,2021-12-11,DE,80+,quantile,0.9,2847,COVID-19
2022-01-04,-24 day ahead inc hosp,2021-12-11,DE,80+,quantile,0.975,2870,COVID-19
2022-01-04,-23 day ahead inc hosp,2021-12-12,DE,00-04,quantile,0.025,131,COVID-19
2022-01-04,-23 day ahead inc hosp,2021-12-12,DE,00-04,quantile,0.1,132,COVID-19
2022-01-04,-23 day ahead inc hosp,2021-12-12,DE,00-04,quantile,0.25,133,COVID-19
2022-01-04,-23 day ahead inc hosp,2021-12-12,DE,00-04,quantile,0.5,135,COVID-19
2022-01-04,-23 day ahead inc hosp,2021-12-12,DE,00-04,quantile,0.75,137,COVID-19
2022-01-04,-23 day ahead inc hosp,2021-12-12,DE,00-04,quantile,0.9,138,COVID-19
2022-01-04,-23 day ahead inc hosp,2021-12-12,DE,00-04,quantile,0.975,140,COVID-19
2022-01-04,-23 day ahead inc hosp,2021-12-12,DE,00+,quantile,0.025,9652,COVID-19
2022-01-04,-23 day ahead inc hosp,2021-12-12,DE,00+,quantile,0.1,9681,COVID-19
2022-01-04,-23 day ahead inc hosp,2021-12-12,DE,00+,quantile,0.25,9709,COVID-19
2022-01-04,-23 day ahead inc hosp,2021-12-12,DE,00+,quantile,0.5,9742,COVID-19
2022-01-04,-23 day ahead inc hosp,2021-12-12,DE,00+,quantile,0.75,9778,COVID-19
2022-01-04,-23 day ahead inc hosp,2021-12-12,DE,00+,quantile,0.9,9813,COVID-19
2022-01-04,-23 day ahead inc hosp,2021-12-12,DE,00+,quantile,0.975,9855,COVID-19
2022-01-04,-23 day ahead inc hosp,2021-12-12,DE,05-14,quantile,0.025,175,COVID-19
2022-01-04,-23 day ahead inc hosp,2021-12-12,DE,05-14,quantile,0.1,177,COVID-19
2022-01-04,-23 day ahead inc hosp,2021-12-12,DE,05-14,quantile,0.25,179,COVID-19
2022-01-04,-23 day ahead inc hosp,2021-12-12,DE,05-14,quantile,0.5,182,COVID-19
2022-01-04,-23 day ahead inc hosp,2021-12-12,DE,05-14,quantile,0.75,184,COVID-19
2022-01-04,-23 day ahead inc hosp,2021-12-12,DE,05-14,quantile,0.9,186,COVID-19
2022-01-04,-23 day ahead inc hosp,2021-12-12,DE,05-14,quantile,0.975,189,COVID-19
2022-01-04,-23 day ahead inc hosp,2021-12-12,DE,15-34,quantile,0.025,762,COVID-19
2022-01-04,-23 day ahead inc hosp,2021-12-12,DE,15-34,quantile,0.1,766,COVID-19
2022-01-04,-23 day ahead inc hosp,2021-12-12,DE,15-34,quantile,0.25,771,COVID-19
2022-01-04,-23 day ahead inc hosp,2021-12-12,DE,15-34,quantile,0.5,777,COVID-19
2022-01-04,-23 day ahead inc hosp,2021-12-12,DE,15-34,quantile,0.75,784,COVID-19
2022-01-04,-23 day ahead inc hosp,2021-12-12,DE,15-34,quantile,0.9,791,COVID-19
2022-01-04,-23 day ahead inc hosp,2021-12-12,DE,15-34,quantile,0.975,801,COVID-19
2022-01-04,-23 day ahead inc hosp,2021-12-12,DE,35-59,quantile,0.025,2338,COVID-19
2022-01-04,-23 day ahead inc hosp,2021-12-12,DE,35-59,quantile,0.1,2351,COVID-19
2022-01-04,-23 day ahead inc hosp,2021-12-12,DE,35-59,quantile,0.25,2365,COVID-19
2022-01-04,-23 day ahead inc hosp,2021-12-12,DE,35-59,quantile,0.5,2382,COVID-19
2022-01-04,-23 day ahead inc hosp,2021-12-12,DE,35-59,quantile,0.75,2402,COVID-19
2022-01-04,-23 day ahead inc hosp,2021-12-12,DE,35-59,quantile,0.9,2424,COVID-19
2022-01-04,-23 day ahead inc hosp,2021-12-12,DE,35-59,quantile,0.975,2451,COVID-19
2022-01-04,-23 day ahead inc hosp,2021-12-12,DE,60-79,quantile,0.025,3405,COVID-19
2022-01-04,-23 day ahead inc hosp,2021-12-12,DE,60-79,quantile,0.1,3425,COVID-19
2022-01-04,-23 day ahead inc hosp,2021-12-12,DE,60-79,quantile,0.25,3445,COVID-19
2022-01-04,-23 day ahead inc hosp,2021-12-12,DE,60-79,quantile,0.5,3472,COVID-19
2022-01-04,-23 day ahead inc hosp,2021-12-12,DE,60-79,quantile,0.75,3503,COVID-19
2022-01-04,-23 day ahead inc hosp,2021-12-12,DE,60-79,quantile,0.9,3535,COVID-19
2022-01-04,-23 day ahead inc hosp,2021-12-12,DE,60-79,quantile,0.975,3578,COVID-19
2022-01-04,-23 day ahead inc hosp,2021-12-12,DE,80+,quantile,0.025,2756,COVID-19
2022-01-04,-23 day ahead inc hosp,2021-12-12,DE,80+,quantile,0.1,2768,COVID-19
2022-01-04,-23 day ahead inc hosp,2021-12-12,DE,80+,quantile,0.25,2780,COVID-19
2022-01-04,-23 day ahead inc hosp,2021-12-12,DE,80+,quantile,0.5,2796,COVID-19
2022-01-04,-23 day ahead inc hosp,2021-12-12,DE,80+,quantile,0.75,2814,COVID-19
2022-01-04,-23 day ahead inc hosp,2021-12-12,DE,80+,quantile,0.9,2832,COVID-19
2022-01-04,-23 day ahead inc hosp,2021-12-12,DE,80+,quantile,0.975,2857,COVID-19
2022-01-04,-22 day ahead inc hosp,2021-12-13,DE,00-04,quantile,0.025,137,COVID-19
2022-01-04,-22 day ahead inc hosp,2021-12-13,DE,00-04,quantile,0.1,138,COVID-19
2022-01-04,-22 day ahead inc hosp,2021-12-13,DE,00-04,quantile,0.25,139,COVID-19
2022-01-04,-22 day ahead inc hosp,2021-12-13,DE,00-04,quantile,0.5,141,COVID-19
2022-01-04,-22 day ahead inc hosp,2021-12-13,DE,00-04,quantile,0.75,142,COVID-19
2022-01-04,-22 day ahead inc hosp,2021-12-13,DE,00-04,quantile,0.9,144,COVID-19
2022-01-04,-22 day ahead inc hosp,2021-12-13,DE,00-04,quantile,0.975,145,COVID-19
2022-01-04,-22 day ahead inc hosp,2021-12-13,DE,00+,quantile,0.025,9395,COVID-19
2022-01-04,-22 day ahead inc hosp,2021-12-13,DE,00+,quantile,0.1,9427,COVID-19
2022-01-04,-22 day ahead inc hosp,2021-12-13,DE,00+,quantile,0.25,9458,COVID-19
2022-01-04,-22 day ahead inc hosp,2021-12-13,DE,00+,quantile,0.5,9496,COVID-19
2022-01-04,-22 day ahead inc hosp,2021-12-13,DE,00+,quantile,0.75,9537,COVID-19
2022-01-04,-22 day ahead inc hosp,2021-12-13,DE,00+,quantile,0.9,9577,COVID-19
2022-01-04,-22 day ahead inc hosp,2021-12-13,DE,00+,quantile,0.975,9625,COVID-19
2022-01-04,-22 day ahead inc hosp,2021-12-13,DE,05-14,quantile,0.025,162,COVID-19
2022-01-04,-22 day ahead inc hosp,2021-12-13,DE,05-14,quantile,0.1,164,COVID-19
2022-01-04,-22 day ahead inc hosp,2021-12-13,DE,05-14,quantile,0.25,167,COVID-19
2022-01-04,-22 day ahead inc hosp,2021-12-13,DE,05-14,quantile,0.5,169,COVID-19
2022-01-04,-22 day ahead inc hosp,2021-12-13,DE,05-14,quantile,0.75,172,COVID-19
2022-01-04,-22 day ahead inc hosp,2021-12-13,DE,05-14,quantile,0.9,174,COVID-19
2022-01-04,-22 day ahead inc hosp,2021-12-13,DE,05-14,quantile,0.975,177,COVID-19
2022-01-04,-22 day ahead inc hosp,2021-12-13,DE,15-34,quantile,0.025,754,COVID-19
2022-01-04,-22 day ahead inc hosp,2021-12-13,DE,15-34,quantile,0.1,758,COVID-19
2022-01-04,-22 day ahead inc hosp,2021-12-13,DE,15-34,quantile,0.25,762,COVID-19
2022-01-04,-22 day ahead inc hosp,2021-12-13,DE,15-34,quantile,0.5,767,COVID-19
2022-01-04,-22 day ahead inc hosp,2021-12-13,DE,15-34,quantile,0.75,773,COVID-19
2022-01-04,-22 day ahead inc hosp,2021-12-13,DE,15-34,quantile,0.9,780,COVID-19
2022-01-04,-22 day ahead inc hosp,2021-12-13,DE,15-34,quantile,0.975,788,COVID-19
2022-01-04,-22 day ahead inc hosp,2021-12-13,DE,35-59,quantile,0.025,2291,COVID-19
2022-01-04,-22 day ahead inc hosp,2021-12-13,DE,35-59,quantile,0.1,2303,COVID-19
2022-01-04,-22 day ahead inc hosp,2021-12-13,DE,35-59,quantile,0.25,2315,COVID-19
2022-01-04,-22 day ahead inc hosp,2021-12-13,DE,35-59,quantile,0.5,2331,COVID-19
2022-01-04,-22 day ahead inc hosp,2021-12-13,DE,35-59,quantile,0.75,2348,COVID-19
2022-01-04,-22 day ahead inc hosp,2021-12-13,DE,35-59,quantile,0.9,2366,COVID-19
2022-01-04,-22 day ahead inc hosp,2021-12-13,DE,35-59,quantile,0.975,2388,COVID-19
2022-01-04,-22 day ahead inc hosp,2021-12-13,DE,60-79,quantile,0.025,3325,COVID-19
2022-01-04,-22 day ahead inc hosp,2021-12-13,DE,60-79,quantile,0.1,3345,COVID-19
2022-01-04,-22 day ahead inc hosp,2021-12-13,DE,60-79,quantile,0.25,3367,COVID-19
2022-01-04,-22 day ahead inc hosp,2021-12-13,DE,60-79,quantile,0.5,3395,COVID-19
2022-01-04,-22 day ahead inc hosp,2021-12-13,DE,60-79,quantile,0.75,3428,COVID-19
2022-01-04,-22 day ahead inc hosp,2021-12-13,DE,60-79,quantile,0.9,3462,COVID-19
2022-01-04,-22 day ahead inc hosp,2021-12-13,DE,60-79,quantile,0.975,3508,COVID-19
2022-01-04,-22 day ahead inc hosp,2021-12-13,DE,80+,quantile,0.025,2654,COVID-19
2022-01-04,-22 day ahead inc hosp,2021-12-13,DE,80+,quantile,0.1,2665,COVID-19
2022-01-04,-22 day ahead inc hosp,2021-12-13,DE,80+,quantile,0.25,2677,COVID-19
2022-01-04,-22 day ahead inc hosp,2021-12-13,DE,80+,quantile,0.5,2693,COVID-19
2022-01-04,-22 day ahead inc hosp,2021-12-13,DE,80+,quantile,0.75,2711,COVID-19
2022-01-04,-22 day ahead inc hosp,2021-12-13,DE,80+,quantile,0.9,2730,COVID-19
2022-01-04,-22 day ahead inc hosp,2021-12-13,DE,80+,quantile,0.975,2755,COVID-19
2022-01-04,-21 day ahead inc hosp,2021-12-14,DE,00-04,quantile,0.025,139,COVID-19
2022-01-04,-21 day ahead inc hosp,2021-12-14,DE,00-04,quantile,0.1,141,COVID-19
2022-01-04,-21 day ahead inc hosp,2021-12-14,DE,00-04,quantile,0.25,142,COVID-19
2022-01-04,-21 day ahead inc hosp,2021-12-14,DE,00-04,quantile,0.5,143,COVID-19
2022-01-04,-21 day ahead inc hosp,2021-12-14,DE,00-04,quantile,0.75,144,COVID-19
2022-01-04,-21 day ahead inc hosp,2021-12-14,DE,00-04,quantile,0.9,145,COVID-19
2022-01-04,-21 day ahead inc hosp,2021-12-14,DE,00-04,quantile,0.975,146,COVID-19
2022-01-04,-21 day ahead inc hosp,2021-12-14,DE,00+,quantile,0.025,9014,COVID-19
2022-01-04,-21 day ahead inc hosp,2021-12-14,DE,00+,quantile,0.1,9054,COVID-19
2022-01-04,-21 day ahead inc hosp,2021-12-14,DE,00+,quantile,0.25,9092,COVID-19
2022-01-04,-21 day ahead inc hosp,2021-12-14,DE,00+,quantile,0.5,9140,COVID-19
2022-01-04,-21 day ahead inc hosp,2021-12-14,DE,00+,quantile,0.75,9193,COVID-19
2022-01-04,-21 day ahead inc hosp,2021-12-14,DE,00+,quantile,0.9,9246,COVID-19
2022-01-04,-21 day ahead inc hosp,2021-12-14,DE,00+,quantile,0.975,9310,COVID-19
2022-01-04,-21 day ahead inc hosp,2021-12-14,DE,05-14,quantile,0.025,154,COVID-19
2022-01-04,-21 day ahead inc hosp,2021-12-14,DE,05-14,quantile,0.1,155,COVID-19
2022-01-04,-21 day ahead inc hosp,2021-12-14,DE,05-14,quantile,0.25,159,COVID-19
2022-01-04,-21 day ahead inc hosp,2021-12-14,DE,05-14,quantile,0.5,162,COVID-19
2022-01-04,-21 day ahead inc hosp,2021-12-14,DE,05-14,quantile,0.75,166,COVID-19
2022-01-04,-21 day ahead inc hosp,2021-12-14,DE,05-14,quantile,0.9,169,COVID-19
2022-01-04,-21 day ahead inc hosp,2021-12-14,DE,05-14,quantile,0.975,172,COVID-19
2022-01-04,-21 day ahead inc hosp,2021-12-14,DE,15-34,quantile,0.025,746,COVID-19
2022-01-04,-21 day ahead inc hosp,2021-12-14,DE,15-34,quantile,0.1,750,COVID-19
2022-01-04,-21 day ahead inc hosp,2021-12-14,DE,15-34,quantile,0.25,753,COVID-19
2022-01-04,-21 day ahead inc hosp,2021-12-14,DE,15-34,quantile,0.5,757,COVID-19
2022-01-04,-21 day ahead inc hosp,2021-12-14,DE,15-34,quantile,0.75,763,COVID-19
2022-01-04,-21 day ahead inc hosp,2021-12-14,DE,15-34,quantile,0.9,768,COVID-19
2022-01-04,-21 day ahead inc hosp,2021-12-14,DE,15-34,quantile,0.975,774,COVID-19
2022-01-04,-21 day ahead inc hosp,2021-12-14,DE,35-59,quantile,0.025,2201,COVID-19
2022-01-04,-21 day ahead inc hosp,2021-12-14,DE,35-59,quantile,0.1,2212,COVID-19
2022-01-04,-21 day ahead inc hosp,2021-12-14,DE,35-59,quantile,0.25,2223,COVID-19
2022-01-04,-21 day ahead inc hosp,2021-12-14,DE,35-59,quantile,0.5,2236,COVID-19
2022-01-04,-21 day ahead inc hosp,2021-12-14,DE,35-59,quantile,0.75,2251,COVID-19
2022-01-04,-21 day ahead inc hosp,2021-12-14,DE,35-59,quantile,0.9,2266,COVID-19
2022-01-04,-21 day ahead inc hosp,2021-12-14,DE,35-59,quantile,0.975,2285,COVID-19
2022-01-04,-21 day ahead inc hosp,2021-12-14,DE,60-79,quantile,0.025,3189,COVID-19
2022-01-04,-21 day ahead inc hosp,2021-12-14,DE,60-79,quantile,0.1,3212,COVID-19
2022-01-04,-21 day ahead inc hosp,2021-12-14,DE,60-79,quantile,0.25,3235,COVID-19
2022-01-04,-21 day ahead inc hosp,2021-12-14,DE,60-79,quantile,0.5,3266,COVID-19
2022-01-04,-21 day ahead inc hosp,2021-12-14,DE,60-79,quantile,0.75,3303,COVID-19
2022-01-04,-21 day ahead inc hosp,2021-12-14,DE,60-79,quantile,0.9,3342,COVID-19
2022-01-04,-21 day ahead inc hosp,2021-12-14,DE,60-79,quantile,0.975,3394,COVID-19
2022-01-04,-21 day ahead inc hosp,2021-12-14,DE,80+,quantile,0.025,2535,COVID-19
2022-01-04,-21 day ahead inc hosp,2021-12-14,DE,80+,quantile,0.1,2547,COVID-19
2022-01-04,-21 day ahead inc hosp,2021-12-14,DE,80+,quantile,0.25,2560,COVID-19
2022-01-04,-21 day ahead inc hosp,2021-12-14,DE,80+,quantile,0.5,2576,COVID-19
2022-01-04,-21 day ahead inc hosp,2021-12-14,DE,80+,quantile,0.75,2595,COVID-19
2022-01-04,-21 day ahead inc hosp,2021-12-14,DE,80+,quantile,0.9,2614,COVID-19
2022-01-04,-21 day ahead inc hosp,2021-12-14,DE,80+,quantile,0.975,2639,COVID-19
2022-01-04,-20 day ahead inc hosp,2021-12-15,DE,00-04,quantile,0.025,145,COVID-19
2022-01-04,-20 day ahead inc hosp,2021-12-15,DE,00-04,quantile,0.1,147,COVID-19
2022-01-04,-20 day ahead inc hosp,2021-12-15,DE,00-04,quantile,0.25,148,COVID-19
2022-01-04,-20 day ahead inc hosp,2021-12-15,DE,00-04,quantile,0.5,149,COVID-19
2022-01-04,-20 day ahead inc hosp,2021-12-15,DE,00-04,quantile,0.75,151,COVID-19
2022-01-04,-20 day ahead inc hosp,2021-12-15,DE,00-04,quantile,0.9,152,COVID-19
2022-01-04,-20 day ahead inc hosp,2021-12-15,DE,00-04,quantile,0.975,154,COVID-19
2022-01-04,-20 day ahead inc hosp,2021-12-15,DE,00+,quantile,0.025,8765,COVID-19
2022-01-04,-20 day ahead inc hosp,2021-12-15,DE,00+,quantile,0.1,8808,COVID-19
2022-01-04,-20 day ahead inc hosp,2021-12-15,DE,00+,quantile,0.25,8852,COVID-19
2022-01-04,-20 day ahead inc hosp,2021-12-15,DE,00+,quantile,0.5,8905,COVID-19
2022-01-04,-20 day ahead inc hosp,2021-12-15,DE,00+,quantile,0.75,8965,COVID-19
2022-01-04,-20 day ahead inc hosp,2021-12-15,DE,00+,quantile,0.9,9025,COVID-19
2022-01-04,-20 day ahead inc hosp,2021-12-15,DE,00+,quantile,0.975,9100,COVID-19
2022-01-04,-20 day ahead inc hosp,2021-12-15,DE,05-14,quantile,0.025,166,COVID-19
2022-01-04,-20 day ahead inc hosp,2021-12-15,DE,05-14,quantile,0.1,166,COVID-19
2022-01-04,-20 day ahead inc hosp,2021-12-15,DE,05-14,quantile,0.25,170,COVID-19
2022-01-04,-20 day ahead inc hosp,2021-12-15,DE,05-14,quantile,0.5,175,COVID-19
2022-01-04,-20 day ahead inc hosp,2021-12-15,DE,05-14,quantile,0.75,179,COVID-19
2022-01-04,-20 day ahead inc hosp,2021-12-15,DE,05-14,quantile,0.9,183,COVID-19
2022-01-04,-20 day ahead inc hosp,2021-12-15,DE,05-14,quantile,0.975,188,COVID-19
2022-01-04,-20 day ahead inc hosp,2021-12-15,DE,15-34,quantile,0.025,706,COVID-19
2022-01-04,-20 day ahead inc hosp,2021-12-15,DE,15-34,quantile,0.1,709,COVID-19
2022-01-04,-20 day ahead inc hosp,2021-12-15,DE,15-34,quantile,0.25,712,COVID-19
2022-01-04,-20 day ahead inc hosp,2021-12-15,DE,15-34,quantile,0.5,716,COVID-19
2022-01-04,-20 day ahead inc hosp,2021-12-15,DE,15-34,quantile,0.75,720,COVID-19
2022-01-04,-20 day ahead inc hosp,2021-12-15,DE,15-34,quantile,0.9,725,COVID-19
2022-01-04,-20 day ahead inc hosp,2021-12-15,DE,15-34,quantile,0.975,731,COVID-19
2022-01-04,-20 day ahead inc hosp,2021-12-15,DE,35-59,quantile,0.025,2096,COVID-19
2022-01-04,-20 day ahead inc hosp,2021-12-15,DE,35-59,quantile,0.1,2106,COVID-19
2022-01-04,-20 day ahead inc hosp,2021-12-15,DE,35-59,quantile,0.25,2116,COVID-19
2022-01-04,-20 day ahead inc hosp,2021-12-15,DE,35-59,quantile,0.5,2128,COVID-19
2022-01-04,-20 day ahead inc hosp,2021-12-15,DE,35-59,quantile,0.75,2141,COVID-19
2022-01-04,-20 day ahead inc hosp,2021-12-15,DE,35-59,quantile,0.9,2154,COVID-19
2022-01-04,-20 day ahead inc hosp,2021-12-15,DE,35-59,quantile,0.975,2171,COVID-19
2022-01-04,-20 day ahead inc hosp,2021-12-15,DE,60-79,quantile,0.025,3117,COVID-19
2022-01-04,-20 day ahead inc hosp,2021-12-15,DE,60-79,quantile,0.1,3139,COVID-19
2022-01-04,-20 day ahead inc hosp,2021-12-15,DE,60-79,quantile,0.25,3164,COVID-19
2022-01-04,-20 day ahead inc hosp,2021-12-15,DE,60-79,quantile,0.5,3196,COVID-19
2022-01-04,-20 day ahead inc hosp,2021-12-15,DE,60-79,quantile,0.75,3234,COVID-19
2022-01-04,-20 day ahead inc hosp,2021-12-15,DE,60-79,quantile,0.9,3275,COVID-19
2022-01-04,-20 day ahead inc hosp,2021-12-15,DE,60-79,quantile,0.975,3329,COVID-19
2022-01-04,-20 day ahead inc hosp,2021-12-15,DE,80+,quantile,0.025,2496,COVID-19
2022-01-04,-20 day ahead inc hosp,2021-12-15,DE,80+,quantile,0.1,2510,COVID-19
2022-01-04,-20 day ahead inc hosp,2021-12-15,DE,80+,quantile,0.25,2524,COVID-19
2022-01-04,-20 day ahead inc hosp,2021-12-15,DE,80+,quantile,0.5,2541,COVID-19
2022-01-04,-20 day ahead inc hosp,2021-12-15,DE,80+,quantile,0.75,2561,COVID-19
2022-01-04,-20 day ahead inc hosp,2021-12-15,DE,80+,quantile,0.9,2582,COVID-19
2022-01-04,-20 day ahead inc hosp,2021-12-15,DE,80+,quantile,0.975,2609,COVID-19
2022-01-04,-19 day ahead inc hosp,2021-12-16,DE,00-04,quantile,0.025,142,COVID-19
2022-01-04,-19 day ahead inc hosp,2021-12-16,DE,00-04,quantile,0.1,142,COVID-19
2022-01-04,-19 day ahead inc hosp,2021-12-16,DE,00-04,quantile,0.25,143,COVID-19
2022-01-04,-19 day ahead inc hosp,2021-12-16,DE,00-04,quantile,0.5,145,COVID-19
2022-01-04,-19 day ahead inc hosp,2021-12-16,DE,00-04,quantile,0.75,146,COVID-19
2022-01-04,-19 day ahead inc hosp,2021-12-16,DE,00-04,quantile,0.9,148,COVID-19
2022-01-04,-19 day ahead inc hosp,2021-12-16,DE,00-04,quantile,0.975,150,COVID-19
2022-01-04,-19 day ahead inc hosp,2021-12-16,DE,00+,quantile,0.025,8408,COVID-19
2022-01-04,-19 day ahead inc hosp,2021-12-16,DE,00+,quantile,0.1,8457,COVID-19
2022-01-04,-19 day ahead inc hosp,2021-12-16,DE,00+,quantile,0.25,8505,COVID-19
2022-01-04,-19 day ahead inc hosp,2021-12-16,DE,00+,quantile,0.5,8566,COVID-19
2022-01-04,-19 day ahead inc hosp,2021-12-16,DE,00+,quantile,0.75,8636,COVID-19
2022-01-04,-19 day ahead inc hosp,2021-12-16,DE,00+,quantile,0.9,8707,COVID-19
2022-01-04,-19 day ahead inc hosp,2021-12-16,DE,00+,quantile,0.975,8796,COVID-19
2022-01-04,-19 day ahead inc hosp,2021-12-16,DE,05-14,quantile,0.025,169,COVID-19
2022-01-04,-19 day ahead inc hosp,2021-12-16,DE,05-14,quantile,0.1,169,COVID-19
2022-01-04,-19 day ahead inc hosp,2021-12-16,DE,05-14,quantile,0.25,170,COVID-19
2022-01-04,-19 day ahead inc hosp,2021-12-16,DE,05-14,quantile,0.5,175,COVID-19
2022-01-04,-19 day ahead inc hosp,2021-12-16,DE,05-14,quantile,0.75,181,COVID-19
2022-01-04,-19 day ahead inc hosp,2021-12-16,DE,05-14,quantile,0.9,186,COVID-19
2022-01-04,-19 day ahead inc hosp,2021-12-16,DE,05-14,quantile,0.975,191,COVID-19
2022-01-04,-19 day ahead inc hosp,2021-12-16,DE,15-34,quantile,0.025,671,COVID-19
2022-01-04,-19 day ahead inc hosp,2021-12-16,DE,15-34,quantile,0.1,674,COVID-19
2022-01-04,-19 day ahead inc hosp,2021-12-16,DE,15-34,quantile,0.25,677,COVID-19
2022-01-04,-19 day ahead inc hosp,2021-12-16,DE,15-34,quantile,0.5,681,COVID-19
2022-01-04,-19 day ahead inc hosp,2021-12-16,DE,15-34,quantile,0.75,685,COVID-19
2022-01-04,-19 day ahead inc hosp,2021-12-16,DE,15-34,quantile,0.9,689,COVID-19
2022-01-04,-19 day ahead inc hosp,2021-12-16,DE,15-34,quantile,0.975,694,COVID-19
2022-01-04,-19 day ahead inc hosp,2021-12-16,DE,35-59,quantile,0.025,2016,COVID-19
2022-01-04,-19 day ahead inc hosp,2021-12-16,DE,35-59,quantile,0.1,2028,COVID-19
2022-01-04,-19 day ahead inc hosp,2021-12-16,DE,35-59,quantile,0.25,2040,COVID-19
2022-01-04,-19 day ahead inc hosp,2021-12-16,DE,35-59,quantile,0.5,2055,COVID-19
2022-01-04,-19 day ahead inc hosp,2021-12-16,DE,35-59,quantile,0.75,2073,COVID-19
2022-01-04,-19 day ahead inc hosp,2021-12-16,DE,35-59,quantile,0.9,2090,COVID-19
2022-01-04,-19 day ahead inc hosp,2021-12-16,DE,35-59,quantile,0.975,2112,COVID-19
2022-01-04,-19 day ahead inc hosp,2021-12-16,DE,60-79,quantile,0.025,2953,COVID-19
2022-01-04,-19 day ahead inc hosp,2021-12-16,DE,60-79,quantile,0.1,2975,COVID-19
2022-01-04,-19 day ahead inc hosp,2021-12-16,DE,60-79,quantile,0.25,2999,COVID-19
2022-01-04,-19 day ahead inc hosp,2021-12-16,DE,60-79,quantile,0.5,3031,COVID-19
2022-01-04,-19 day ahead inc hosp,2021-12-16,DE,60-79,quantile,0.75,3069,COVID-19
2022-01-04,-19 day ahead inc hosp,2021-12-16,DE,60-79,quantile,0.9,3109,COVID-19
2022-01-04,-19 day ahead inc hosp,2021-12-16,DE,60-79,quantile,0.975,3162,COVID-19
2022-01-04,-19 day ahead inc hosp,2021-12-16,DE,80+,quantile,0.025,2431,COVID-19
2022-01-04,-19 day ahead inc hosp,2021-12-16,DE,80+,quantile,0.1,2446,COVID-19
2022-01-04,-19 day ahead inc hosp,2021-12-16,DE,80+,quantile,0.25,2461,COVID-19
2022-01-04,-19 day ahead inc hosp,2021-12-16,DE,80+,quantile,0.5,2480,COVID-19
2022-01-04,-19 day ahead inc hosp,2021-12-16,DE,80+,quantile,0.75,2502,COVID-19
2022-01-04,-19 day ahead inc hosp,2021-12-16,DE,80+,quantile,0.9,2525,COVID-19
2022-01-04,-19 day ahead inc hosp,2021-12-16,DE,80+,quantile,0.975,2554,COVID-19
2022-01-04,-18 day ahead inc hosp,2021-12-17,DE,00-04,quantile,0.025,145,COVID-19
2022-01-04,-18 day ahead inc hosp,2021-12-17,DE,00-04,quantile,0.1,145,COVID-19
2022-01-04,-18 day ahead inc hosp,2021-12-17,DE,00-04,quantile,0.25,147,COVID-19
2022-01-04,-18 day ahead inc hosp,2021-12-17,DE,00-04,quantile,0.5,149,COVID-19
2022-01-04,-18 day ahead inc hosp,2021-12-17,DE,00-04,quantile,0.75,151,COVID-19
2022-01-04,-18 day ahead inc hosp,2021-12-17,DE,00-04,quantile,0.9,153,COVID-19
2022-01-04,-18 day ahead inc hosp,2021-12-17,DE,00-04,quantile,0.975,155,COVID-19
2022-01-04,-18 day ahead inc hosp,2021-12-17,DE,00+,quantile,0.025,8092,COVID-19
2022-01-04,-18 day ahead inc hosp,2021-12-17,DE,00+,quantile,0.1,8144,COVID-19
2022-01-04,-18 day ahead inc hosp,2021-12-17,DE,00+,quantile,0.25,8197,COVID-19
2022-01-04,-18 day ahead inc hosp,2021-12-17,DE,00+,quantile,0.5,8264,COVID-19
2022-01-04,-18 day ahead inc hosp,2021-12-17,DE,00+,quantile,0.75,8341,COVID-19
2022-01-04,-18 day ahead inc hosp,2021-12-17,DE,00+,quantile,0.9,8419,COVID-19
2022-01-04,-18 day ahead inc hosp,2021-12-17,DE,00+,quantile,0.975,8519,COVID-19
2022-01-04,-18 day ahead inc hosp,2021-12-17,DE,05-14,quantile,0.025,157,COVID-19
2022-01-04,-18 day ahead inc hosp,2021-12-17,DE,05-14,quantile,0.1,157,COVID-19
2022-01-04,-18 day ahead inc hosp,2021-12-17,DE,05-14,quantile,0.25,160,COVID-19
2022-01-04,-18 day ahead inc hosp,2021-12-17,DE,05-14,quantile,0.5,166,COVID-19
2022-01-04,-18 day ahead inc hosp,2021-12-17,DE,05-14,quantile,0.75,172,COVID-19
2022-01-04,-18 day ahead inc hosp,2021-12-17,DE,05-14,quantile,0.9,177,COVID-19
2022-01-04,-18 day ahead inc hosp,2021-12-17,DE,05-14,quantile,0.975,183,COVID-19
2022-01-04,-18 day ahead inc hosp,2021-12-17,DE,15-34,quantile,0.025,647,COVID-19
2022-01-04,-18 day ahead inc hosp,2021-12-17,DE,15-34,quantile,0.1,650,COVID-19
2022-01-04,-18 day ahead inc hosp,2021-12-17,DE,15-34,quantile,0.25,653,COVID-19
2022-01-04,-18 day ahead inc hosp,2021-12-17,DE,15-34,quantile,0.5,656,COVID-19
2022-01-04,-18 day ahead inc hosp,2021-12-17,DE,15-34,quantile,0.75,660,COVID-19
2022-01-04,-18 day ahead inc hosp,2021-12-17,DE,15-34,quantile,0.9,665,COVID-19
2022-01-04,-18 day ahead inc hosp,2021-12-17,DE,15-34,quantile,0.975,670,COVID-19
2022-01-04,-18 day ahead inc hosp,2021-12-17,DE,35-59,quantile,0.025,1928,COVID-19
2022-01-04,-18 day ahead inc hosp,2021-12-17,DE,35-59,quantile,0.1,1943,COVID-19
2022-01-04,-18 day ahead inc hosp,2021-12-17,DE,35-59,quantile,0.25,1958,COVID-19
2022-01-04,-18 day ahead inc hosp,2021-12-17,DE,35-59,quantile,0.5,1978,COVID-19
2022-01-04,-18 day ahead inc hosp,2021-12-17,DE,35-59,quantile,0.75,2001,COVID-19
2022-01-04,-18 day ahead inc hosp,2021-12-17,DE,35-59,quantile,0.9,2025,COVID-19
2022-01-04,-18 day ahead inc hosp,2021-12-17,DE,35-59,quantile,0.975,2057,COVID-19
2022-01-04,-18 day ahead inc hosp,2021-12-17,DE,60-79,quantile,0.025,2872,COVID-19
2022-01-04,-18 day ahead inc hosp,2021-12-17,DE,60-79,quantile,0.1,2894,COVID-19
2022-01-04,-18 day ahead inc hosp,2021-12-17,DE,60-79,quantile,0.25,2918,COVID-19
2022-01-04,-18 day ahead inc hosp,2021-12-17,DE,60-79,quantile,0.5,2948,COVID-19
2022-01-04,-18 day ahead inc hosp,2021-12-17,DE,60-79,quantile,0.75,2984,COVID-19
2022-01-04,-18 day ahead inc hosp,2021-12-17,DE,60-79,quantile,0.9,3023,COVID-19
2022-01-04,-18 day ahead inc hosp,2021-12-17,DE,60-79,quantile,0.975,3073,COVID-19
2022-01-04,-18 day ahead inc hosp,2021-12-17,DE,80+,quantile,0.025,2316,COVID-19
2022-01-04,-18 day ahead inc hosp,2021-12-17,DE,80+,quantile,0.1,2332,COVID-19
2022-01-04,-18 day ahead inc hosp,2021-12-17,DE,80+,quantile,0.25,2347,COVID-19
2022-01-04,-18 day ahead inc hosp,2021-12-17,DE,80+,quantile,0.5,2367,COVID-19
2022-01-04,-18 day ahead inc hosp,2021-12-17,DE,80+,quantile,0.75,2390,COVID-19
2022-01-04,-18 day ahead inc hosp,2021-12-17,DE,80+,quantile,0.9,2414,COVID-19
2022-01-04,-18 day ahead inc hosp,2021-12-17,DE,80+,quantile,0.975,2444,COVID-19
2022-01-04,-17 day ahead inc hosp,2021-12-18,DE,00-04,quantile,0.025,135,COVID-19
2022-01-04,-17 day ahead inc hosp,2021-12-18,DE,00-04,quantile,0.1,135,COVID-19
2022-01-04,-17 day ahead inc hosp,2021-12-18,DE,00-04,quantile,0.25,137,COVID-19
2022-01-04,-17 day ahead inc hosp,2021-12-18,DE,00-04,quantile,0.5,139,COVID-19
2022-01-04,-17 day ahead inc hosp,2021-12-18,DE,00-04,quantile,0.75,142,COVID-19
2022-01-04,-17 day ahead inc hosp,2021-12-18,DE,00-04,quantile,0.9,144,COVID-19
2022-01-04,-17 day ahead inc hosp,2021-12-18,DE,00-04,quantile,0.975,147,COVID-19
2022-01-04,-17 day ahead inc hosp,2021-12-18,DE,00+,quantile,0.025,7850,COVID-19
2022-01-04,-17 day ahead inc hosp,2021-12-18,DE,00+,quantile,0.1,7907,COVID-19
2022-01-04,-17 day ahead inc hosp,2021-12-18,DE,00+,quantile,0.25,7965,COVID-19
2022-01-04,-17 day ahead inc hosp,2021-12-18,DE,00+,quantile,0.5,8038,COVID-19
2022-01-04,-17 day ahead inc hosp,2021-12-18,DE,00+,quantile,0.75,8123,COVID-19
2022-01-04,-17 day ahead inc hosp,2021-12-18,DE,00+,quantile,0.9,8210,COVID-19
2022-01-04,-17 day ahead inc hosp,2021-12-18,DE,00+,quantile,0.975,8322,COVID-19
2022-01-04,-17 day ahead inc hosp,2021-12-18,DE,05-14,quantile,0.025,155,COVID-19
2022-01-04,-17 day ahead inc hosp,2021-12-18,DE,05-14,quantile,0.1,155,COVID-19
2022-01-04,-17 day ahead inc hosp,2021-12-18,DE,05-14,quantile,0.25,156,COVID-19
2022-01-04,-17 day ahead inc hosp,2021-12-18,DE,05-14,quantile,0.5,163,COVID-19
2022-01-04,-17 day ahead inc hosp,2021-12-18,DE,05-14,quantile,0.75,170,COVID-19
2022-01-04,-17 day ahead inc hosp,2021-12-18,DE,05-14,quantile,0.9,176,COVID-19
2022-01-04,-17 day ahead inc hosp,2021-12-18,DE,05-14,quantile,0.975,183,COVID-19
2022-01-04,-17 day ahead inc hosp,2021-12-18,DE,15-34,quantile,0.025,651,COVID-19
2022-01-04,-17 day ahead inc hosp,2021-12-18,DE,15-34,quantile,0.1,654,COVID-19
2022-01-04,-17 day ahead inc hosp,2021-12-18,DE,15-34,quantile,0.25,657,COVID-19
2022-01-04,-17 day ahead inc hosp,2021-12-18,DE,15-34,quantile,0.5,660,COVID-19
2022-01-04,-17 day ahead inc hosp,2021-12-18,DE,15-34,quantile,0.75,664,COVID-19
2022-01-04,-17 day ahead inc hosp,2021-12-18,DE,15-34,quantile,0.9,667,COVID-19
2022-01-04,-17 day ahead inc hosp,2021-12-18,DE,15-34,quantile,0.975,672,COVID-19
2022-01-04,-17 day ahead inc hosp,2021-12-18,DE,35-59,quantile,0.025,1847,COVID-19
2022-01-04,-17 day ahead inc hosp,2021-12-18,DE,35-59,quantile,0.1,1864,COVID-19
2022-01-04,-17 day ahead inc hosp,2021-12-18,DE,35-59,quantile,0.25,1883,COVID-19
2022-01-04,-17 day ahead inc hosp,2021-12-18,DE,35-59,quantile,0.5,1909,COVID-19
2022-01-04,-17 day ahead inc hosp,2021-12-18,DE,35-59,quantile,0.75,1939,COVID-19
2022-01-04,-17 day ahead inc hosp,2021-12-18,DE,35-59,quantile,0.9,1973,COVID-19
2022-01-04,-17 day ahead inc hosp,2021-12-18,DE,35-59,quantile,0.975,2019,COVID-19
2022-01-04,-17 day ahead inc hosp,2021-12-18,DE,60-79,quantile,0.025,2820,COVID-19
2022-01-04,-17 day ahead inc hosp,2021-12-18,DE,60-79,quantile,0.1,2843,COVID-19
2022-01-04,-17 day ahead inc hosp,2021-12-18,DE,60-79,quantile,0.25,2867,COVID-19
2022-01-04,-17 day ahead inc hosp,2021-12-18,DE,60-79,quantile,0.5,2898,COVID-19
2022-01-04,-17 day ahead inc hosp,2021-12-18,DE,60-79,quantile,0.75,2934,COVID-19
2022-01-04,-17 day ahead inc hosp,2021-12-18,DE,60-79,quantile,0.9,2972,COVID-19
2022-01-04,-17 day ahead inc hosp,2021-12-18,DE,60-79,quantile,0.975,3022,COVID-19
2022-01-04,-17 day ahead inc hosp,2021-12-18,DE,80+,quantile,0.025,2220,COVID-19
2022-01-04,-17 day ahead inc hosp,2021-12-18,DE,80+,quantile,0.1,2235,COVID-19
2022-01-04,-17 day ahead inc hosp,2021-12-18,DE,80+,quantile,0.25,2250,COVID-19
2022-01-04,-17 day ahead inc hosp,2021-12-18,DE,80+,quantile,0.5,2269,COVID-19
2022-01-04,-17 day ahead inc hosp,2021-12-18,DE,80+,quantile,0.75,2291,COVID-19
2022-01-04,-17 day ahead inc hosp,2021-12-18,DE,80+,quantile,0.9,2313,COVID-19
2022-01-04,-17 day ahead inc hosp,2021-12-18,DE,80+,quantile,0.975,2342,COVID-19
2022-01-04,-16 day ahead inc hosp,2021-12-19,DE,00-04,quantile,0.025,134,COVID-19
2022-01-04,-16 day ahead inc hosp,2021-12-19,DE,00-04,quantile,0.1,134,COVID-19
2022-01-04,-16 day ahead inc hosp,2021-12-19,DE,00-04,quantile,0.25,134,COVID-19
2022-01-04,-16 day ahead inc hosp,2021-12-19,DE,00-04,quantile,0.5,136,COVID-19
2022-01-04,-16 day ahead inc hosp,2021-12-19,DE,00-04,quantile,0.75,139,COVID-19
2022-01-04,-16 day ahead inc hosp,2021-12-19,DE,00-04,quantile,0.9,141,COVID-19
2022-01-04,-16 day ahead inc hosp,2021-12-19,DE,00-04,quantile,0.975,144,COVID-19
2022-01-04,-16 day ahead inc hosp,2021-12-19,DE,00+,quantile,0.025,7601,COVID-19
2022-01-04,-16 day ahead inc hosp,2021-12-19,DE,00+,quantile,0.1,7660,COVID-19
2022-01-04,-16 day ahead inc hosp,2021-12-19,DE,00+,quantile,0.25,7721,COVID-19
2022-01-04,-16 day ahead inc hosp,2021-12-19,DE,00+,quantile,0.5,7799,COVID-19
2022-01-04,-16 day ahead inc hosp,2021-12-19,DE,00+,quantile,0.75,7888,COVID-19
2022-01-04,-16 day ahead inc hosp,2021-12-19,DE,00+,quantile,0.9,7979,COVID-19
2022-01-04,-16 day ahead inc hosp,2021-12-19,DE,00+,quantile,0.975,8096,COVID-19
2022-01-04,-16 day ahead inc hosp,2021-12-19,DE,05-14,quantile,0.025,138,COVID-19
2022-01-04,-16 day ahead inc hosp,2021-12-19,DE,05-14,quantile,0.1,138,COVID-19
2022-01-04,-16 day ahead inc hosp,2021-12-19,DE,05-14,quantile,0.25,142,COVID-19
2022-01-04,-16 day ahead inc hosp,2021-12-19,DE,05-14,quantile,0.5,149,COVID-19
2022-01-04,-16 day ahead inc hosp,2021-12-19,DE,05-14,quantile,0.75,156,COVID-19
2022-01-04,-16 day ahead inc hosp,2021-12-19,DE,05-14,quantile,0.9,162,COVID-19
2022-01-04,-16 day ahead inc hosp,2021-12-19,DE,05-14,quantile,0.975,170,COVID-19
2022-01-04,-16 day ahead inc hosp,2021-12-19,DE,15-34,quantile,0.025,632,COVID-19
2022-01-04,-16 day ahead inc hosp,2021-12-19,DE,15-34,quantile,0.1,635,COVID-19
2022-01-04,-16 day ahead inc hosp,2021-12-19,DE,15-34,quantile,0.25,637,COVID-19
2022-01-04,-16 day ahead inc hosp,2021-12-19,DE,15-34,quantile,0.5,640,COVID-19
2022-01-04,-16 day ahead inc hosp,2021-12-19,DE,15-34,quantile,0.75,643,COVID-19
2022-01-04,-16 day ahead inc hosp,2021-12-19,DE,15-34,quantile,0.9,647,COVID-19
2022-01-04,-16 day ahead inc hosp,2021-12-19,DE,15-34,quantile,0.975,650,COVID-19
2022-01-04,-16 day ahead inc hosp,2021-12-19,DE,35-59,quantile,0.025,1808,COVID-19
2022-01-04,-16 day ahead inc hosp,2021-12-19,DE,35-59,quantile,0.1,1827,COVID-19
2022-01-04,-16 day ahead inc hosp,2021-12-19,DE,35-59,quantile,0.25,1848,COVID-19
2022-01-04,-16 day ahead inc hosp,2021-12-19,DE,35-59,quantile,0.5,1877,COVID-19
2022-01-04,-16 day ahead inc hosp,2021-12-19,DE,35-59,quantile,0.75,1912,COVID-19
2022-01-04,-16 day ahead inc hosp,2021-12-19,DE,35-59,quantile,0.9,1950,COVID-19
2022-01-04,-16 day ahead inc hosp,2021-12-19,DE,35-59,quantile,0.975,2002,COVID-19
2022-01-04,-16 day ahead inc hosp,2021-12-19,DE,60-79,quantile,0.025,2730,COVID-19
2022-01-04,-16 day ahead inc hosp,2021-12-19,DE,60-79,quantile,0.1,2753,COVID-19
2022-01-04,-16 day ahead inc hosp,2021-12-19,DE,60-79,quantile,0.25,2777,COVID-19
2022-01-04,-16 day ahead inc hosp,2021-12-19,DE,60-79,quantile,0.5,2808,COVID-19
2022-01-04,-16 day ahead inc hosp,2021-12-19,DE,60-79,quantile,0.75,2844,COVID-19
2022-01-04,-16 day ahead inc hosp,2021-12-19,DE,60-79,quantile,0.9,2881,COVID-19
2022-01-04,-16 day ahead inc hosp,2021-12-19,DE,60-79,quantile,0.975,2930,COVID-19
2022-01-04,-16 day ahead inc hosp,2021-12-19,DE,80+,quantile,0.025,2141,COVID-19
2022-01-04,-16 day ahead inc hosp,2021-12-19,DE,80+,quantile,0.1,2156,COVID-19
2022-01-04,-16 day ahead inc hosp,2021-12-19,DE,80+,quantile,0.25,2171,COVID-19
2022-01-04,-16 day ahead inc hosp,2021-12-19,DE,80+,quantile,0.5,2189,COVID-19
2022-01-04,-16 day ahead inc hosp,2021-12-19,DE,80+,quantile,0.75,2210,COVID-19
2022-01-04,-16 day ahead inc hosp,2021-12-19,DE,80+,quantile,0.9,2231,COVID-19
2022-01-04,-16 day ahead inc hosp,2021-12-19,DE,80+,quantile,0.975,2257,COVID-19
2022-01-04,-15 day ahead inc hosp,2021-12-20,DE,00-04,quantile,0.025,123,COVID-19
2022-01-04,-15 day ahead inc hosp,2021-12-20,DE,00-04,quantile,0.1,123,COVID-19
2022-01-04,-15 day ahead inc hosp,2021-12-20,DE,00-04,quantile,0.25,123,COVID-19
2022-01-04,-15 day ahead inc hosp,2021-12-20,DE,00-04,quantile,0.5,126,COVID-19
2022-01-04,-15 day ahead inc hosp,2021-12-20,DE,00-04,quantile,0.75,129,COVID-19
2022-01-04,-15 day ahead inc hosp,2021-12-20,DE,00-04,quantile,0.9,132,COVID-19
2022-01-04,-15 day ahead inc hosp,2021-12-20,DE,00-04,quantile,0.975,134,COVID-19
2022-01-04,-15 day ahead inc hosp,2021-12-20,DE,00+,quantile,0.025,7520,COVID-19
2022-01-04,-15 day ahead inc hosp,2021-12-20,DE,00+,quantile,0.1,7579,COVID-19
2022-01-04,-15 day ahead inc hosp,2021-12-20,DE,00+,quantile,0.25,7639,COVID-19
2022-01-04,-15 day ahead inc hosp,2021-12-20,DE,00+,quantile,0.5,7715,COVID-19
2022-01-04,-15 day ahead inc hosp,2021-12-20,DE,00+,quantile,0.75,7801,COVID-19
2022-01-04,-15 day ahead inc hosp,2021-12-20,DE,00+,quantile,0.9,7889,COVID-19
2022-01-04,-15 day ahead inc hosp,2021-12-20,DE,00+,quantile,0.975,8000,COVID-19
2022-01-04,-15 day ahead inc hosp,2021-12-20,DE,05-14,quantile,0.025,142,COVID-19
2022-01-04,-15 day ahead inc hosp,2021-12-20,DE,05-14,quantile,0.1,142,COVID-19
2022-01-04,-15 day ahead inc hosp,2021-12-20,DE,05-14,quantile,0.25,146,COVID-19
2022-01-04,-15 day ahead inc hosp,2021-12-20,DE,05-14,quantile,0.5,154,COVID-19
2022-01-04,-15 day ahead inc hosp,2021-12-20,DE,05-14,quantile,0.75,161,COVID-19
2022-01-04,-15 day ahead inc hosp,2021-12-20,DE,05-14,quantile,0.9,168,COVID-19
2022-01-04,-15 day ahead inc hosp,2021-12-20,DE,05-14,quantile,0.975,175,COVID-19
2022-01-04,-15 day ahead inc hosp,2021-12-20,DE,15-34,quantile,0.025,637,COVID-19
2022-01-04,-15 day ahead inc hosp,2021-12-20,DE,15-34,quantile,0.1,639,COVID-19
2022-01-04,-15 day ahead inc hosp,2021-12-20,DE,15-34,quantile,0.25,642,COVID-19
2022-01-04,-15 day ahead inc hosp,2021-12-20,DE,15-34,quantile,0.5,645,COVID-19
2022-01-04,-15 day ahead inc hosp,2021-12-20,DE,15-34,quantile,0.75,648,COVID-19
2022-01-04,-15 day ahead inc hosp,2021-12-20,DE,15-34,quantile,0.9,651,COVID-19
2022-01-04,-15 day ahead inc hosp,2021-12-20,DE,15-34,quantile,0.975,655,COVID-19
2022-01-04,-15 day ahead inc hosp,2021-12-20,DE,35-59,quantile,0.025,1785,COVID-19
2022-01-04,-15 day ahead inc hosp,2021-12-20,DE,35-59,quantile,0.1,1805,COVID-19
2022-01-04,-15 day ahead inc hosp,2021-12-20,DE,35-59,quantile,0.25,1827,COVID-19
2022-01-04,-15 day ahead inc hosp,2021-12-20,DE,35-59,quantile,0.5,1856,COVID-19
2022-01-04,-15 day ahead inc hosp,2021-12-20,DE,35-59,quantile,0.75,1891,COVID-19
2022-01-04,-15 day ahead inc hosp,2021-12-20,DE,35-59,quantile,0.9,1930,COVID-19
2022-01-04,-15 day ahead inc hosp,2021-12-20,DE,35-59,quantile,0.975,1982,COVID-19
2022-01-04,-15 day ahead inc hosp,2021-12-20,DE,60-79,quantile,0.025,2682,COVID-19
2022-01-04,-15 day ahead inc hosp,2021-12-20,DE,60-79,quantile,0.1,2704,COVID-19
2022-01-04,-15 day ahead inc hosp,2021-12-20,DE,60-79,quantile,0.25,2727,COVID-19
2022-01-04,-15 day ahead inc hosp,2021-12-20,DE,60-79,quantile,0.5,2756,COVID-19
2022-01-04,-15 day ahead inc hosp,2021-12-20,DE,60-79,quantile,0.75,2789,COVID-19
2022-01-04,-15 day ahead inc hosp,2021-12-20,DE,60-79,quantile,0.9,2823,COVID-19
2022-01-04,-15 day ahead inc hosp,2021-12-20,DE,60-79,quantile,0.975,2867,COVID-19
2022-01-04,-15 day ahead inc hosp,2021-12-20,DE,80+,quantile,0.025,2134,COVID-19
2022-01-04,-15 day ahead inc hosp,2021-12-20,DE,80+,quantile,0.1,2148,COVID-19
2022-01-04,-15 day ahead inc hosp,2021-12-20,DE,80+,quantile,0.25,2162,COVID-19
2022-01-04,-15 day ahead inc hosp,2021-12-20,DE,80+,quantile,0.5,2179,COVID-19
2022-01-04,-15 day ahead inc hosp,2021-12-20,DE,80+,quantile,0.75,2198,COVID-19
2022-01-04,-15 day ahead inc hosp,2021-12-20,DE,80+,quantile,0.9,2217,COVID-19
2022-01-04,-15 day ahead inc hosp,2021-12-20,DE,80+,quantile,0.975,2240,COVID-19
2022-01-04,-14 day ahead inc hosp,2021-12-21,DE,00-04,quantile,0.025,124,COVID-19
2022-01-04,-14 day ahead inc hosp,2021-12-21,DE,00-04,quantile,0.1,124,COVID-19
2022-01-04,-14 day ahead inc hosp,2021-12-21,DE,00-04,quantile,0.25,124,COVID-19
2022-01-04,-14 day ahead inc hosp,2021-12-21,DE,00-04,quantile,0.5,127,COVID-19
2022-01-04,-14 day ahead inc hosp,2021-12-21,DE,00-04,quantile,0.75,130,COVID-19
2022-01-04,-14 day ahead inc hosp,2021-12-21,DE,00-04,quantile,0.9,133,COVID-19
2022-01-04,-14 day ahead inc hosp,2021-12-21,DE,00-04,quantile,0.975,136,COVID-19
2022-01-04,-14 day ahead inc hosp,2021-12-21,DE,00+,quantile,0.025,7284,COVID-19
2022-01-04,-14 day ahead inc hosp,2021-12-21,DE,00+,quantile,0.1,7341,COVID-19
2022-01-04,-14 day ahead inc hosp,2021-12-21,DE,00+,quantile,0.25,7399,COVID-19
2022-01-04,-14 day ahead inc hosp,2021-12-21,DE,00+,quantile,0.5,7471,COVID-19
2022-01-04,-14 day ahead inc hosp,2021-12-21,DE,00+,quantile,0.75,7552,COVID-19
2022-01-04,-14 day ahead inc hosp,2021-12-21,DE,00+,quantile,0.9,7634,COVID-19
2022-01-04,-14 day ahead inc hosp,2021-12-21,DE,00+,quantile,0.975,7736,COVID-19
2022-01-04,-14 day ahead inc hosp,2021-12-21,DE,05-14,quantile,0.025,150,COVID-19
2022-01-04,-14 day ahead inc hosp,2021-12-21,DE,05-14,quantile,0.1,150,COVID-19
2022-01-04,-14 day ahead inc hosp,2021-12-21,DE,05-14,quantile,0.25,154,COVID-19
2022-01-04,-14 day ahead inc hosp,2021-12-21,DE,05-14,quantile,0.5,161,COVID-19
2022-01-04,-14 day ahead inc hosp,2021-12-21,DE,05-14,quantile,0.75,169,COVID-19
2022-01-04,-14 day ahead inc hosp,2021-12-21,DE,05-14,quantile,0.9,175,COVID-19
2022-01-04,-14 day ahead inc hosp,2021-12-21,DE,05-14,quantile,0.975,182,COVID-19
2022-01-04,-14 day ahead inc hosp,2021-12-21,DE,15-34,quantile,0.025,607,COVID-19
2022-01-04,-14 day ahead inc hosp,2021-12-21,DE,15-34,quantile,0.1,609,COVID-19
2022-01-04,-14 day ahead inc hosp,2021-12-21,DE,15-34,quantile,0.25,611,COVID-19
2022-01-04,-14 day ahead inc hosp,2021-12-21,DE,15-34,quantile,0.5,613,COVID-19
2022-01-04,-14 day ahead inc hosp,2021-12-21,DE,15-34,quantile,0.75,616,COVID-19
2022-01-04,-14 day ahead inc hosp,2021-12-21,DE,15-34,quantile,0.9,619,COVID-19
2022-01-04,-14 day ahead inc hosp,2021-12-21,DE,15-34,quantile,0.975,622,COVID-19
2022-01-04,-14 day ahead inc hosp,2021-12-21,DE,35-59,quantile,0.025,1718,COVID-19
2022-01-04,-14 day ahead inc hosp,2021-12-21,DE,35-59,quantile,0.1,1739,COVID-19
2022-01-04,-14 day ahead inc hosp,2021-12-21,DE,35-59,quantile,0.25,1761,COVID-19
2022-01-04,-14 day ahead inc hosp,2021-12-21,DE,35-59,quantile,0.5,1791,COVID-19
2022-01-04,-14 day ahead inc hosp,2021-12-21,DE,35-59,quantile,0.75,1827,COVID-19
2022-01-04,-14 day ahead inc hosp,2021-12-21,DE,35-59,quantile,0.9,1865,COVID-19
2022-01-04,-14 day ahead inc hosp,2021-12-21,DE,35-59,quantile,0.975,1917,COVID-19
2022-01-04,-14 day ahead inc hosp,2021-12-21,DE,60-79,quantile,0.025,2620,COVID-19
2022-01-04,-14 day ahead inc hosp,2021-12-21,DE,60-79,quantile,0.1,2641,COVID-19
2022-01-04,-14 day ahead inc hosp,2021-12-21,DE,60-79,quantile,0.25,2662,COVID-19
2022-01-04,-14 day ahead inc hosp,2021-12-21,DE,60-79,quantile,0.5,2688,COVID-19
2022-01-04,-14 day ahead inc hosp,2021-12-21,DE,60-79,quantile,0.75,2718,COVID-19
2022-01-04,-14 day ahead inc hosp,2021-12-21,DE,60-79,quantile,0.9,2748,COVID-19
2022-01-04,-14 day ahead inc hosp,2021-12-21,DE,60-79,quantile,0.975,2785,COVID-19
2022-01-04,-14 day ahead inc hosp,2021-12-21,DE,80+,quantile,0.025,2049,COVID-19
2022-01-04,-14 day ahead inc hosp,2021-12-21,DE,80+,quantile,0.1,2062,COVID-19
2022-01-04,-14 day ahead inc hosp,2021-12-21,DE,80+,quantile,0.25,2075,COVID-19
2022-01-04,-14 day ahead inc hosp,2021-12-21,DE,80+,quantile,0.5,2091,COVID-19
2022-01-04,-14 day ahead inc hosp,2021-12-21,DE,80+,quantile,0.75,2108,COVID-19
2022-01-04,-14 day ahead inc hosp,2021-12-21,DE,80+,quantile,0.9,2124,COVID-19
2022-01-04,-14 day ahead inc hosp,2021-12-21,DE,80+,quantile,0.975,2145,COVID-19
2022-01-04,-13 day ahead inc hosp,2021-12-22,DE,00-04,quantile,0.025,115,COVID-19
2022-01-04,-13 day ahead inc hosp,2021-12-22,DE,00-04,quantile,0.1,115,COVID-19
2022-01-04,-13 day ahead inc hosp,2021-12-22,DE,00-04,quantile,0.25,116,COVID-19
2022-01-04,-13 day ahead inc hosp,2021-12-22,DE,00-04,quantile,0.5,119,COVID-19
2022-01-04,-13 day ahead inc hosp,2021-12-22,DE,00-04,quantile,0.75,123,COVID-19
2022-01-04,-13 day ahead inc hosp,2021-12-22,DE,00-04,quantile,0.9,126,COVID-19
2022-01-04,-13 day ahead inc hosp,2021-12-22,DE,00-04,quantile,0.975,129,COVID-19
2022-01-04,-13 day ahead inc hosp,2021-12-22,DE,00+,quantile,0.025,6876,COVID-19
2022-01-04,-13 day ahead inc hosp,2021-12-22,DE,00+,quantile,0.1,6937,COVID-19
2022-01-04,-13 day ahead inc hosp,2021-12-22,DE,00+,quantile,0.25,6997,COVID-19
2022-01-04,-13 day ahead inc hosp,2021-12-22,DE,00+,quantile,0.5,7072,COVID-19
2022-01-04,-13 day ahead inc hosp,2021-12-22,DE,00+,quantile,0.75,7155,COVID-19
2022-01-04,-13 day ahead inc hosp,2021-12-22,DE,00+,quantile,0.9,7239,COVID-19
2022-01-04,-13 day ahead inc hosp,2021-12-22,DE,00+,quantile,0.975,7343,COVID-19
2022-01-04,-13 day ahead inc hosp,2021-12-22,DE,05-14,quantile,0.025,136,COVID-19
2022-01-04,-13 day ahead inc hosp,2021-12-22,DE,05-14,quantile,0.1,136,COVID-19
2022-01-04,-13 day ahead inc hosp,2021-12-22,DE,05-14,quantile,0.25,141,COVID-19
2022-01-04,-13 day ahead inc hosp,2021-12-22,DE,05-14,quantile,0.5,147,COVID-19
2022-01-04,-13 day ahead inc hosp,2021-12-22,DE,05-14,quantile,0.75,154,COVID-19
2022-01-04,-13 day ahead inc hosp,2021-12-22,DE,05-14,quantile,0.9,161,COVID-19
2022-01-04,-13 day ahead inc hosp,2021-12-22,DE,05-14,quantile,0.975,167,COVID-19
2022-01-04,-13 day ahead inc hosp,2021-12-22,DE,15-34,quantile,0.025,590,COVID-19
2022-01-04,-13 day ahead inc hosp,2021-12-22,DE,15-34,quantile,0.1,592,COVID-19
2022-01-04,-13 day ahead inc hosp,2021-12-22,DE,15-34,quantile,0.25,594,COVID-19
2022-01-04,-13 day ahead inc hosp,2021-12-22,DE,15-34,quantile,0.5,597,COVID-19
2022-01-04,-13 day ahead inc hosp,2021-12-22,DE,15-34,quantile,0.75,600,COVID-19
2022-01-04,-13 day ahead inc hosp,2021-12-22,DE,15-34,quantile,0.9,603,COVID-19
2022-01-04,-13 day ahead inc hosp,2021-12-22,DE,15-34,quantile,0.975,607,COVID-19
2022-01-04,-13 day ahead inc hosp,2021-12-22,DE,35-59,quantile,0.025,1646,COVID-19
2022-01-04,-13 day ahead inc hosp,2021-12-22,DE,35-59,quantile,0.1,1668,COVID-19
2022-01-04,-13 day ahead inc hosp,2021-12-22,DE,35-59,quantile,0.25,1692,COVID-19
2022-01-04,-13 day ahead inc hosp,2021-12-22,DE,35-59,quantile,0.5,1723,COVID-19
2022-01-04,-13 day ahead inc hosp,2021-12-22,DE,35-59,quantile,0.75,1761,COVID-19
2022-01-04,-13 day ahead inc hosp,2021-12-22,DE,35-59,quantile,0.9,1801,COVID-19
2022-01-04,-13 day ahead inc hosp,2021-12-22,DE,35-59,quantile,0.975,1856,COVID-19
2022-01-04,-13 day ahead inc hosp,2021-12-22,DE,60-79,quantile,0.025,2459,COVID-19
2022-01-04,-13 day ahead inc hosp,2021-12-22,DE,60-79,quantile,0.1,2481,COVID-19
2022-01-04,-13 day ahead inc hosp,2021-12-22,DE,60-79,quantile,0.25,2503,COVID-19
2022-01-04,-13 day ahead inc hosp,2021-12-22,DE,60-79,quantile,0.5,2531,COVID-19
2022-01-04,-13 day ahead inc hosp,2021-12-22,DE,60-79,quantile,0.75,2561,COVID-19
2022-01-04,-13 day ahead inc hosp,2021-12-22,DE,60-79,quantile,0.9,2592,COVID-19
2022-01-04,-13 day ahead inc hosp,2021-12-22,DE,60-79,quantile,0.975,2630,COVID-19
2022-01-04,-13 day ahead inc hosp,2021-12-22,DE,80+,quantile,0.025,1913,COVID-19
2022-01-04,-13 day ahead inc hosp,2021-12-22,DE,80+,quantile,0.1,1926,COVID-19
2022-01-04,-13 day ahead inc hosp,2021-12-22,DE,80+,quantile,0.25,1939,COVID-19
2022-01-04,-13 day ahead inc hosp,2021-12-22,DE,80+,quantile,0.5,1954,COVID-19
2022-01-04,-13 day ahead inc hosp,2021-12-22,DE,80+,quantile,0.75,1970,COVID-19
2022-01-04,-13 day ahead inc hosp,2021-12-22,DE,80+,quantile,0.9,1986,COVID-19
2022-01-04,-13 day ahead inc hosp,2021-12-22,DE,80+,quantile,0.975,2006,COVID-19
2022-01-04,-12 day ahead inc hosp,2021-12-23,DE,00-04,quantile,0.025,114,COVID-19
2022-01-04,-12 day ahead inc hosp,2021-12-23,DE,00-04,quantile,0.1,114,COVID-19
2022-01-04,-12 day ahead inc hosp,2021-12-23,DE,00-04,quantile,0.25,117,COVID-19
2022-01-04,-12 day ahead inc hosp,2021-12-23,DE,00-04,quantile,0.5,120,COVID-19
2022-01-04,-12 day ahead inc hosp,2021-12-23,DE,00-04,quantile,0.75,124,COVID-19
2022-01-04,-12 day ahead inc hosp,2021-12-23,DE,00-04,quantile,0.9,127,COVID-19
2022-01-04,-12 day ahead inc hosp,2021-12-23,DE,00-04,quantile,0.975,131,COVID-19
2022-01-04,-12 day ahead inc hosp,2021-12-23,DE,00+,quantile,0.025,6554,COVID-19
2022-01-04,-12 day ahead inc hosp,2021-12-23,DE,00+,quantile,0.1,6619,COVID-19
2022-01-04,-12 day ahead inc hosp,2021-12-23,DE,00+,quantile,0.25,6683,COVID-19
2022-01-04,-12 day ahead inc hosp,2021-12-23,DE,00+,quantile,0.5,6763,COVID-19
2022-01-04,-12 day ahead inc hosp,2021-12-23,DE,00+,quantile,0.75,6852,COVID-19
2022-01-04,-12 day ahead inc hosp,2021-12-23,DE,00+,quantile,0.9,6940,COVID-19
2022-01-04,-12 day ahead inc hosp,2021-12-23,DE,00+,quantile,0.975,7051,COVID-19
2022-01-04,-12 day ahead inc hosp,2021-12-23,DE,05-14,quantile,0.025,133,COVID-19
2022-01-04,-12 day ahead inc hosp,2021-12-23,DE,05-14,quantile,0.1,133,COVID-19
2022-01-04,-12 day ahead inc hosp,2021-12-23,DE,05-14,quantile,0.25,138,COVID-19
2022-01-04,-12 day ahead inc hosp,2021-12-23,DE,05-14,quantile,0.5,145,COVID-19
2022-01-04,-12 day ahead inc hosp,2021-12-23,DE,05-14,quantile,0.75,152,COVID-19
2022-01-04,-12 day ahead inc hosp,2021-12-23,DE,05-14,quantile,0.9,158,COVID-19
2022-01-04,-12 day ahead inc hosp,2021-12-23,DE,05-14,quantile,0.975,165,COVID-19
2022-01-04,-12 day ahead inc hosp,2021-12-23,DE,15-34,quantile,0.025,560,COVID-19
2022-01-04,-12 day ahead inc hosp,2021-12-23,DE,15-34,quantile,0.1,563,COVID-19
2022-01-04,-12 day ahead inc hosp,2021-12-23,DE,15-34,quantile,0.25,565,COVID-19
2022-01-04,-12 day ahead inc hosp,2021-12-23,DE,15-34,quantile,0.5,568,COVID-19
2022-01-04,-12 day ahead inc hosp,2021-12-23,DE,15-34,quantile,0.75,571,COVID-19
2022-01-04,-12 day ahead inc hosp,2021-12-23,DE,15-34,quantile,0.9,574,COVID-19
2022-01-04,-12 day ahead inc hosp,2021-12-23,DE,15-34,quantile,0.975,578,COVID-19
2022-01-04,-12 day ahead inc hosp,2021-12-23,DE,35-59,quantile,0.025,1578,COVID-19
2022-01-04,-12 day ahead inc hosp,2021-12-23,DE,35-59,quantile,0.1,1602,COVID-19
2022-01-04,-12 day ahead inc hosp,2021-12-23,DE,35-59,quantile,0.25,1628,COVID-19
2022-01-04,-12 day ahead inc hosp,2021-12-23,DE,35-59,quantile,0.5,1662,COVID-19
2022-01-04,-12 day ahead inc hosp,2021-12-23,DE,35-59,quantile,0.75,1702,COVID-19
2022-01-04,-12 day ahead inc hosp,2021-12-23,DE,35-59,quantile,0.9,1745,COVID-19
2022-01-04,-12 day ahead inc hosp,2021-12-23,DE,35-59,quantile,0.975,1802,COVID-19
2022-01-04,-12 day ahead inc hosp,2021-12-23,DE,60-79,quantile,0.025,2357,COVID-19
2022-01-04,-12 day ahead inc hosp,2021-12-23,DE,60-79,quantile,0.1,2381,COVID-19
2022-01-04,-12 day ahead inc hosp,2021-12-23,DE,60-79,quantile,0.25,2406,COVID-19
2022-01-04,-12 day ahead inc hosp,2021-12-23,DE,60-79,quantile,0.5,2436,COVID-19
2022-01-04,-12 day ahead inc hosp,2021-12-23,DE,60-79,quantile,0.75,2470,COVID-19
2022-01-04,-12 day ahead inc hosp,2021-12-23,DE,60-79,quantile,0.9,2504,COVID-19
2022-01-04,-12 day ahead inc hosp,2021-12-23,DE,60-79,quantile,0.975,2546,COVID-19
2022-01-04,-12 day ahead inc hosp,2021-12-23,DE,80+,quantile,0.025,1789,COVID-19
2022-01-04,-12 day ahead inc hosp,2021-12-23,DE,80+,quantile,0.1,1802,COVID-19
2022-01-04,-12 day ahead inc hosp,2021-12-23,DE,80+,quantile,0.25,1815,COVID-19
2022-01-04,-12 day ahead inc hosp,2021-12-23,DE,80+,quantile,0.5,1831,COVID-19
2022-01-04,-12 day ahead inc hosp,2021-12-23,DE,80+,quantile,0.75,1849,COVID-19
2022-01-04,-12 day ahead inc hosp,2021-12-23,DE,80+,quantile,0.9,1865,COVID-19
2022-01-04,-12 day ahead inc hosp,2021-12-23,DE,80+,quantile,0.975,1885,COVID-19
2022-01-04,-11 day ahead inc hosp,2021-12-24,DE,00-04,quantile,0.025,101,COVID-19
2022-01-04,-11 day ahead inc hosp,2021-12-24,DE,00-04,quantile,0.1,101,COVID-19
2022-01-04,-11 day ahead inc hosp,2021-12-24,DE,00-04,quantile,0.25,103,COVID-19
2022-01-04,-11 day ahead inc hosp,2021-12-24,DE,00-04,quantile,0.5,107,COVID-19
2022-01-04,-11 day ahead inc hosp,2021-12-24,DE,00-04,quantile,0.75,110,COVID-19
2022-01-04,-11 day ahead inc hosp,2021-12-24,DE,00-04,quantile,0.9,114,COVID-19
2022-01-04,-11 day ahead inc hosp,2021-12-24,DE,00-04,quantile,0.975,118,COVID-19
2022-01-04,-11 day ahead inc hosp,2021-12-24,DE,00+,quantile,0.025,6191,COVID-19
2022-01-04,-11 day ahead inc hosp,2021-12-24,DE,00+,quantile,0.1,6258,COVID-19
2022-01-04,-11 day ahead inc hosp,2021-12-24,DE,00+,quantile,0.25,6324,COVID-19
2022-01-04,-11 day ahead inc hosp,2021-12-24,DE,00+,quantile,0.5,6405,COVID-19
2022-01-04,-11 day ahead inc hosp,2021-12-24,DE,00+,quantile,0.75,6495,COVID-19
2022-01-04,-11 day ahead inc hosp,2021-12-24,DE,00+,quantile,0.9,6584,COVID-19
2022-01-04,-11 day ahead inc hosp,2021-12-24,DE,00+,quantile,0.975,6694,COVID-19
2022-01-04,-11 day ahead inc hosp,2021-12-24,DE,05-14,quantile,0.025,127,COVID-19
2022-01-04,-11 day ahead inc hosp,2021-12-24,DE,05-14,quantile,0.1,127,COVID-19
2022-01-04,-11 day ahead inc hosp,2021-12-24,DE,05-14,quantile,0.25,131,COVID-19
2022-01-04,-11 day ahead inc hosp,2021-12-24,DE,05-14,quantile,0.5,138,COVID-19
2022-01-04,-11 day ahead inc hosp,2021-12-24,DE,05-14,quantile,0.75,145,COVID-19
2022-01-04,-11 day ahead inc hosp,2021-12-24,DE,05-14,quantile,0.9,151,COVID-19
2022-01-04,-11 day ahead inc hosp,2021-12-24,DE,05-14,quantile,0.975,159,COVID-19
2022-01-04,-11 day ahead inc hosp,2021-12-24,DE,15-34,quantile,0.025,533,COVID-19
2022-01-04,-11 day ahead inc hosp,2021-12-24,DE,15-34,quantile,0.1,536,COVID-19
2022-01-04,-11 day ahead inc hosp,2021-12-24,DE,15-34,quantile,0.25,540,COVID-19
2022-01-04,-11 day ahead inc hosp,2021-12-24,DE,15-34,quantile,0.5,544,COVID-19
2022-01-04,-11 day ahead inc hosp,2021-12-24,DE,15-34,quantile,0.75,548,COVID-19
2022-01-04,-11 day ahead inc hosp,2021-12-24,DE,15-34,quantile,0.9,552,COVID-19
2022-01-04,-11 day ahead inc hosp,2021-12-24,DE,15-34,quantile,0.975,558,COVID-19
2022-01-04,-11 day ahead inc hosp,2021-12-24,DE,35-59,quantile,0.025,1505,COVID-19
2022-01-04,-11 day ahead inc hosp,2021-12-24,DE,35-59,quantile,0.1,1530,COVID-19
2022-01-04,-11 day ahead inc hosp,2021-12-24,DE,35-59,quantile,0.25,1556,COVID-19
2022-01-04,-11 day ahead inc hosp,2021-12-24,DE,35-59,quantile,0.5,1589,COVID-19
2022-01-04,-11 day ahead inc hosp,2021-12-24,DE,35-59,quantile,0.75,1629,COVID-19
2022-01-04,-11 day ahead inc hosp,2021-12-24,DE,35-59,quantile,0.9,1671,COVID-19
2022-01-04,-11 day ahead inc hosp,2021-12-24,DE,35-59,quantile,0.975,1726,COVID-19
2022-01-04,-11 day ahead inc hosp,2021-12-24,DE,60-79,quantile,0.025,2226,COVID-19
2022-01-04,-11 day ahead inc hosp,2021-12-24,DE,60-79,quantile,0.1,2253,COVID-19
2022-01-04,-11 day ahead inc hosp,2021-12-24,DE,60-79,quantile,0.25,2279,COVID-19
2022-01-04,-11 day ahead inc hosp,2021-12-24,DE,60-79,quantile,0.5,2312,COVID-19
2022-01-04,-11 day ahead inc hosp,2021-12-24,DE,60-79,quantile,0.75,2349,COVID-19
2022-01-04,-11 day ahead inc hosp,2021-12-24,DE,60-79,quantile,0.9,2386,COVID-19
2022-01-04,-11 day ahead inc hosp,2021-12-24,DE,60-79,quantile,0.975,2431,COVID-19
2022-01-04,-11 day ahead inc hosp,2021-12-24,DE,80+,quantile,0.025,1676,COVID-19
2022-01-04,-11 day ahead inc hosp,2021-12-24,DE,80+,quantile,0.1,1689,COVID-19
2022-01-04,-11 day ahead inc hosp,2021-12-24,DE,80+,quantile,0.25,1701,COVID-19
2022-01-04,-11 day ahead inc hosp,2021-12-24,DE,80+,quantile,0.5,1715,COVID-19
2022-01-04,-11 day ahead inc hosp,2021-12-24,DE,80+,quantile,0.75,1730,COVID-19
2022-01-04,-11 day ahead inc hosp,2021-12-24,DE,80+,quantile,0.9,1745,COVID-19
2022-01-04,-11 day ahead inc hosp,2021-12-24,DE,80+,quantile,0.975,1762,COVID-19
2022-01-04,-10 day ahead inc hosp,2021-12-25,DE,00-04,quantile,0.025,95,COVID-19
2022-01-04,-10 day ahead inc hosp,2021-12-25,DE,00-04,quantile,0.1,95,COVID-19
2022-01-04,-10 day ahead inc hosp,2021-12-25,DE,00-04,quantile,0.25,97,COVID-19
2022-01-04,-10 day ahead inc hosp,2021-12-25,DE,00-04,quantile,0.5,101,COVID-19
2022-01-04,-10 day ahead inc hosp,2021-12-25,DE,00-04,quantile,0.75,105,COVID-19
2022-01-04,-10 day ahead inc hosp,2021-12-25,DE,00-04,quantile,0.9,108,COVID-19
2022-01-04,-10 day ahead inc hosp,2021-12-25,DE,00-04,quantile,0.975,112,COVID-19
2022-01-04,-10 day ahead inc hosp,2021-12-25,DE,00+,quantile,0.025,5589,COVID-19
2022-01-04,-10 day ahead inc hosp,2021-12-25,DE,00+,quantile,0.1,5655,COVID-19
2022-01-04,-10 day ahead inc hosp,2021-12-25,DE,00+,quantile,0.25,5720,COVID-19
2022-01-04,-10 day ahead inc hosp,2021-12-25,DE,00+,quantile,0.5,5799,COVID-19
2022-01-04,-10 day ahead inc hosp,2021-12-25,DE,00+,quantile,0.75,5887,COVID-19
2022-01-04,-10 day ahead inc hosp,2021-12-25,DE,00+,quantile,0.9,5974,COVID-19
2022-01-04,-10 day ahead inc hosp,2021-12-25,DE,00+,quantile,0.975,6080,COVID-19
2022-01-04,-10 day ahead inc hosp,2021-12-25,DE,05-14,quantile,0.025,109,COVID-19
2022-01-04,-10 day ahead inc hosp,2021-12-25,DE,05-14,quantile,0.1,110,COVID-19
2022-01-04,-10 day ahead inc hosp,2021-12-25,DE,05-14,quantile,0.25,116,COVID-19
2022-01-04,-10 day ahead inc hosp,2021-12-25,DE,05-14,quantile,0.5,124,COVID-19
2022-01-04,-10 day ahead inc hosp,2021-12-25,DE,05-14,quantile,0.75,131,COVID-19
2022-01-04,-10 day ahead inc hosp,2021-12-25,DE,05-14,quantile,0.9,138,COVID-19
2022-01-04,-10 day ahead inc hosp,2021-12-25,DE,05-14,quantile,0.975,145,COVID-19
2022-01-04,-10 day ahead inc hosp,2021-12-25,DE,15-34,quantile,0.025,489,COVID-19
2022-01-04,-10 day ahead inc hosp,2021-12-25,DE,15-34,quantile,0.1,493,COVID-19
2022-01-04,-10 day ahead inc hosp,2021-12-25,DE,15-34,quantile,0.25,497,COVID-19
2022-01-04,-10 day ahead inc hosp,2021-12-25,DE,15-34,quantile,0.5,501,COVID-19
2022-01-04,-10 day ahead inc hosp,2021-12-25,DE,15-34,quantile,0.75,506,COVID-19
2022-01-04,-10 day ahead inc hosp,2021-12-25,DE,15-34,quantile,0.9,511,COVID-19
2022-01-04,-10 day ahead inc hosp,2021-12-25,DE,15-34,quantile,0.975,516,COVID-19
2022-01-04,-10 day ahead inc hosp,2021-12-25,DE,35-59,quantile,0.025,1381,COVID-19
2022-01-04,-10 day ahead inc hosp,2021-12-25,DE,35-59,quantile,0.1,1405,COVID-19
2022-01-04,-10 day ahead inc hosp,2021-12-25,DE,35-59,quantile,0.25,1429,COVID-19
2022-01-04,-10 day ahead inc hosp,2021-12-25,DE,35-59,quantile,0.5,1461,COVID-19
2022-01-04,-10 day ahead inc hosp,2021-12-25,DE,35-59,quantile,0.75,1498,COVID-19
2022-01-04,-10 day ahead inc hosp,2021-12-25,DE,35-59,quantile,0.9,1536,COVID-19
2022-01-04,-10 day ahead inc hosp,2021-12-25,DE,35-59,quantile,0.975,1585,COVID-19
2022-01-04,-10 day ahead inc hosp,2021-12-25,DE,60-79,quantile,0.025,1987,COVID-19
2022-01-04,-10 day ahead inc hosp,2021-12-25,DE,60-79,quantile,0.1,2014,COVID-19
2022-01-04,-10 day ahead inc hosp,2021-12-25,DE,60-79,quantile,0.25,2042,COVID-19
2022-01-04,-10 day ahead inc hosp,2021-12-25,DE,60-79,quantile,0.5,2075,COVID-19
2022-01-04,-10 day ahead inc hosp,2021-12-25,DE,60-79,quantile,0.75,2113,COVID-19
2022-01-04,-10 day ahead inc hosp,2021-12-25,DE,60-79,quantile,0.9,2150,COVID-19
2022-01-04,-10 day ahead inc hosp,2021-12-25,DE,60-79,quantile,0.975,2197,COVID-19
2022-01-04,-10 day ahead inc hosp,2021-12-25,DE,80+,quantile,0.025,1500,COVID-19
2022-01-04,-10 day ahead inc hosp,2021-12-25,DE,80+,quantile,0.1,1512,COVID-19
2022-01-04,-10 day ahead inc hosp,2021-12-25,DE,80+,quantile,0.25,1524,COVID-19
2022-01-04,-10 day ahead inc hosp,2021-12-25,DE,80+,quantile,0.5,1537,COVID-19
2022-01-04,-10 day ahead inc hosp,2021-12-25,DE,80+,quantile,0.75,1552,COVID-19
2022-01-04,-10 day ahead inc hosp,2021-12-25,DE,80+,quantile,0.9,1566,COVID-19
2022-01-04,-10 day ahead inc hosp,2021-12-25,DE,80+,quantile,0.975,1583,COVID-19
2022-01-04,-9 day ahead inc hosp,2021-12-26,DE,00-04,quantile,0.025,90,COVID-19
2022-01-04,-9 day ahead inc hosp,2021-12-26,DE,00-04,quantile,0.1,91,COVID-19
2022-01-04,-9 day ahead inc hosp,2021-12-26,DE,00-04,quantile,0.25,94,COVID-19
2022-01-04,-9 day ahead inc hosp,2021-12-26,DE,00-04,quantile,0.5,97,COVID-19
2022-01-04,-9 day ahead inc hosp,2021-12-26,DE,00-04,quantile,0.75,100,COVID-19
2022-01-04,-9 day ahead inc hosp,2021-12-26,DE,00-04,quantile,0.9,103,COVID-19
2022-01-04,-9 day ahead inc hosp,2021-12-26,DE,00-04,quantile,0.975,106,COVID-19
2022-01-04,-9 day ahead inc hosp,2021-12-26,DE,00+,quantile,0.025,5195,COVID-19
2022-01-04,-9 day ahead inc hosp,2021-12-26,DE,00+,quantile,0.1,5260,COVID-19
2022-01-04,-9 day ahead inc hosp,2021-12-26,DE,00+,quantile,0.25,5324,COVID-19
2022-01-04,-9 day ahead inc hosp,2021-12-26,DE,00+,quantile,0.5,5402,COVID-19
2022-01-04,-9 day ahead inc hosp,2021-12-26,DE,00+,quantile,0.75,5488,COVID-19
2022-01-04,-9 day ahead inc hosp,2021-12-26,DE,00+,quantile,0.9,5572,COVID-19
2022-01-04,-9 day ahead inc hosp,2021-12-26,DE,00+,quantile,0.975,5676,COVID-19
2022-01-04,-9 day ahead inc hosp,2021-12-26,DE,05-14,quantile,0.025,102,COVID-19
2022-01-04,-9 day ahead inc hosp,2021-12-26,DE,05-14,quantile,0.1,102,COVID-19
2022-01-04,-9 day ahead inc hosp,2021-12-26,DE,05-14,quantile,0.25,108,COVID-19
2022-01-04,-9 day ahead inc hosp,2021-12-26,DE,05-14,quantile,0.5,116,COVID-19
2022-01-04,-9 day ahead inc hosp,2021-12-26,DE,05-14,quantile,0.75,123,COVID-19
2022-01-04,-9 day ahead inc hosp,2021-12-26,DE,05-14,quantile,0.9,130,COVID-19
2022-01-04,-9 day ahead inc hosp,2021-12-26,DE,05-14,quantile,0.975,138,COVID-19
2022-01-04,-9 day ahead inc hosp,2021-12-26,DE,15-34,quantile,0.025,462,COVID-19
2022-01-04,-9 day ahead inc hosp,2021-12-26,DE,15-34,quantile,0.1,467,COVID-19
2022-01-04,-9 day ahead inc hosp,2021-12-26,DE,15-34,quantile,0.25,471,COVID-19
2022-01-04,-9 day ahead inc hosp,2021-12-26,DE,15-34,quantile,0.5,476,COVID-19
2022-01-04,-9 day ahead inc hosp,2021-12-26,DE,15-34,quantile,0.75,482,COVID-19
2022-01-04,-9 day ahead inc hosp,2021-12-26,DE,15-34,quantile,0.9,487,COVID-19
2022-01-04,-9 day ahead inc hosp,2021-12-26,DE,15-34,quantile,0.975,494,COVID-19
2022-01-04,-9 day ahead inc hosp,2021-12-26,DE,35-59,quantile,0.025,1267,COVID-19
2022-01-04,-9 day ahead inc hosp,2021-12-26,DE,35-59,quantile,0.1,1290,COVID-19
2022-01-04,-9 day ahead inc hosp,2021-12-26,DE,35-59,quantile,0.25,1313,COVID-19
2022-01-04,-9 day ahead inc hosp,2021-12-26,DE,35-59,quantile,0.5,1343,COVID-19
2022-01-04,-9 day ahead inc hosp,2021-12-26,DE,35-59,quantile,0.75,1377,COVID-19
2022-01-04,-9 day ahead inc hosp,2021-12-26,DE,35-59,quantile,0.9,1412,COVID-19
2022-01-04,-9 day ahead inc hosp,2021-12-26,DE,35-59,quantile,0.975,1457,COVID-19
2022-01-04,-9 day ahead inc hosp,2021-12-26,DE,60-79,quantile,0.025,1831,COVID-19
2022-01-04,-9 day ahead inc hosp,2021-12-26,DE,60-79,quantile,0.1,1858,COVID-19
2022-01-04,-9 day ahead inc hosp,2021-12-26,DE,60-79,quantile,0.25,1884,COVID-19
2022-01-04,-9 day ahead inc hosp,2021-12-26,DE,60-79,quantile,0.5,1917,COVID-19
2022-01-04,-9 day ahead inc hosp,2021-12-26,DE,60-79,quantile,0.75,1953,COVID-19
2022-01-04,-9 day ahead inc hosp,2021-12-26,DE,60-79,quantile,0.9,1989,COVID-19
2022-01-04,-9 day ahead inc hosp,2021-12-26,DE,60-79,quantile,0.975,2034,COVID-19
2022-01-04,-9 day ahead inc hosp,2021-12-26,DE,80+,quantile,0.025,1412,COVID-19
2022-01-04,-9 day ahead inc hosp,2021-12-26,DE,80+,quantile,0.1,1426,COVID-19
2022-01-04,-9 day ahead inc hosp,2021-12-26,DE,80+,quantile,0.25,1438,COVID-19
2022-01-04,-9 day ahead inc hosp,2021-12-26,DE,80+,quantile,0.5,1454,COVID-19
2022-01-04,-9 day ahead inc hosp,2021-12-26,DE,80+,quantile,0.75,1470,COVID-19
2022-01-04,-9 day ahead inc hosp,2021-12-26,DE,80+,quantile,0.9,1486,COVID-19
2022-01-04,-9 day ahead inc hosp,2021-12-26,DE,80+,quantile,0.975,1505,COVID-19
2022-01-04,-8 day ahead inc hosp,2021-12-27,DE,00-04,quantile,0.025,89,COVID-19
2022-01-04,-8 day ahead inc hosp,2021-12-27,DE,00-04,quantile,0.1,90,COVID-19
2022-01-04,-8 day ahead inc hosp,2021-12-27,DE,00-04,quantile,0.25,93,COVID-19
2022-01-04,-8 day ahead inc hosp,2021-12-27,DE,00-04,quantile,0.5,96,COVID-19
2022-01-04,-8 day ahead inc hosp,2021-12-27,DE,00-04,quantile,0.75,98,COVID-19
2022-01-04,-8 day ahead inc hosp,2021-12-27,DE,00-04,quantile,0.9,101,COVID-19
2022-01-04,-8 day ahead inc hosp,2021-12-27,DE,00-04,quantile,0.975,104,COVID-19
2022-01-04,-8 day ahead inc hosp,2021-12-27,DE,00+,quantile,0.025,5083,COVID-19
2022-01-04,-8 day ahead inc hosp,2021-12-27,DE,00+,quantile,0.1,5150,COVID-19
2022-01-04,-8 day ahead inc hosp,2021-12-27,DE,00+,quantile,0.25,5214,COVID-19
2022-01-04,-8 day ahead inc hosp,2021-12-27,DE,00+,quantile,0.5,5293,COVID-19
2022-01-04,-8 day ahead inc hosp,2021-12-27,DE,00+,quantile,0.75,5380,COVID-19
2022-01-04,-8 day ahead inc hosp,2021-12-27,DE,00+,quantile,0.9,5466,COVID-19
2022-01-04,-8 day ahead inc hosp,2021-12-27,DE,00+,quantile,0.975,5571,COVID-19
2022-01-04,-8 day ahead inc hosp,2021-12-27,DE,05-14,quantile,0.025,98,COVID-19
2022-01-04,-8 day ahead inc hosp,2021-12-27,DE,05-14,quantile,0.1,98,COVID-19
2022-01-04,-8 day ahead inc hosp,2021-12-27,DE,05-14,quantile,0.25,104,COVID-19
2022-01-04,-8 day ahead inc hosp,2021-12-27,DE,05-14,quantile,0.5,112,COVID-19
2022-01-04,-8 day ahead inc hosp,2021-12-27,DE,05-14,quantile,0.75,120,COVID-19
2022-01-04,-8 day ahead inc hosp,2021-12-27,DE,05-14,quantile,0.9,127,COVID-19
2022-01-04,-8 day ahead inc hosp,2021-12-27,DE,05-14,quantile,0.975,135,COVID-19
2022-01-04,-8 day ahead inc hosp,2021-12-27,DE,15-34,quantile,0.025,453,COVID-19
2022-01-04,-8 day ahead inc hosp,2021-12-27,DE,15-34,quantile,0.1,457,COVID-19
2022-01-04,-8 day ahead inc hosp,2021-12-27,DE,15-34,quantile,0.25,461,COVID-19
2022-01-04,-8 day ahead inc hosp,2021-12-27,DE,15-34,quantile,0.5,465,COVID-19
2022-01-04,-8 day ahead inc hosp,2021-12-27,DE,15-34,quantile,0.75,470,COVID-19
2022-01-04,-8 day ahead inc hosp,2021-12-27,DE,15-34,quantile,0.9,475,COVID-19
2022-01-04,-8 day ahead inc hosp,2021-12-27,DE,15-34,quantile,0.975,480,COVID-19
2022-01-04,-8 day ahead inc hosp,2021-12-27,DE,35-59,quantile,0.025,1244,COVID-19
2022-01-04,-8 day ahead inc hosp,2021-12-27,DE,35-59,quantile,0.1,1267,COVID-19
2022-01-04,-8 day ahead inc hosp,2021-12-27,DE,35-59,quantile,0.25,1291,COVID-19
2022-01-04,-8 day ahead inc hosp,2021-12-27,DE,35-59,quantile,0.5,1320,COVID-19
2022-01-04,-8 day ahead inc hosp,2021-12-27,DE,35-59,quantile,0.75,1354,COVID-19
2022-01-04,-8 day ahead inc hosp,2021-12-27,DE,35-59,quantile,0.9,1389,COVID-19
2022-01-04,-8 day ahead inc hosp,2021-12-27,DE,35-59,quantile,0.975,1433,COVID-19
2022-01-04,-8 day ahead inc hosp,2021-12-27,DE,60-79,quantile,0.025,1783,COVID-19
2022-01-04,-8 day ahead inc hosp,2021-12-27,DE,60-79,quantile,0.1,1810,COVID-19
2022-01-04,-8 day ahead inc hosp,2021-12-27,DE,60-79,quantile,0.25,1836,COVID-19
2022-01-04,-8 day ahead inc hosp,2021-12-27,DE,60-79,quantile,0.5,1869,COVID-19
2022-01-04,-8 day ahead inc hosp,2021-12-27,DE,60-79,quantile,0.75,1905,COVID-19
2022-01-04,-8 day ahead inc hosp,2021-12-27,DE,60-79,quantile,0.9,1941,COVID-19
2022-01-04,-8 day ahead inc hosp,2021-12-27,DE,60-79,quantile,0.975,1985,COVID-19
2022-01-04,-8 day ahead inc hosp,2021-12-27,DE,80+,quantile,0.025,1382,COVID-19
2022-01-04,-8 day ahead inc hosp,2021-12-27,DE,80+,quantile,0.1,1397,COVID-19
2022-01-04,-8 day ahead inc hosp,2021-12-27,DE,80+,quantile,0.25,1413,COVID-19
2022-01-04,-8 day ahead inc hosp,2021-12-27,DE,80+,quantile,0.5,1431,COVID-19
2022-01-04,-8 day ahead inc hosp,2021-12-27,DE,80+,quantile,0.75,1452,COVID-19
2022-01-04,-8 day ahead inc hosp,2021-12-27,DE,80+,quantile,0.9,1472,COVID-19
2022-01-04,-8 day ahead inc hosp,2021-12-27,DE,80+,quantile,0.975,1496,COVID-19
2022-01-04,-7 day ahead inc hosp,2021-12-28,DE,00-04,quantile,0.025,79,COVID-19
2022-01-04,-7 day ahead inc hosp,2021-12-28,DE,00-04,quantile,0.1,81,COVID-19
2022-01-04,-7 day ahead inc hosp,2021-12-28,DE,00-04,quantile,0.25,84,COVID-19
2022-01-04,-7 day ahead inc hosp,2021-12-28,DE,00-04,quantile,0.5,87,COVID-19
2022-01-04,-7 day ahead inc hosp,2021-12-28,DE,00-04,quantile,0.75,89,COVID-19
2022-01-04,-7 day ahead inc hosp,2021-12-28,DE,00-04,quantile,0.9,92,COVID-19
2022-01-04,-7 day ahead inc hosp,2021-12-28,DE,00-04,quantile,0.975,94,COVID-19
2022-01-04,-7 day ahead inc hosp,2021-12-28,DE,00+,quantile,0.025,4939,COVID-19
2022-01-04,-7 day ahead inc hosp,2021-12-28,DE,00+,quantile,0.1,5013,COVID-19
2022-01-04,-7 day ahead inc hosp,2021-12-28,DE,00+,quantile,0.25,5086,COVID-19
2022-01-04,-7 day ahead inc hosp,2021-12-28,DE,00+,quantile,0.5,5174,COVID-19
2022-01-04,-7 day ahead inc hosp,2021-12-28,DE,00+,quantile,0.75,5272,COVID-19
2022-01-04,-7 day ahead inc hosp,2021-12-28,DE,00+,quantile,0.9,5368,COVID-19
2022-01-04,-7 day ahead inc hosp,2021-12-28,DE,00+,quantile,0.975,5486,COVID-19
2022-01-04,-7 day ahead inc hosp,2021-12-28,DE,05-14,quantile,0.025,85,COVID-19
2022-01-04,-7 day ahead inc hosp,2021-12-28,DE,05-14,quantile,0.1,85,COVID-19
2022-01-04,-7 day ahead inc hosp,2021-12-28,DE,05-14,quantile,0.25,91,COVID-19
2022-01-04,-7 day ahead inc hosp,2021-12-28,DE,05-14,quantile,0.5,100,COVID-19
2022-01-04,-7 day ahead inc hosp,2021-12-28,DE,05-14,quantile,0.75,108,COVID-19
2022-01-04,-7 day ahead inc hosp,2021-12-28,DE,05-14,quantile,0.9,116,COVID-19
2022-01-04,-7 day ahead inc hosp,2021-12-28,DE,05-14,quantile,0.975,124,COVID-19
2022-01-04,-7 day ahead inc hosp,2021-12-28,DE,15-34,quantile,0.025,460,COVID-19
2022-01-04,-7 day ahead inc hosp,2021-12-28,DE,15-34,quantile,0.1,465,COVID-19
2022-01-04,-7 day ahead inc hosp,2021-12-28,DE,15-34,quantile,0.25,470,COVID-19
2022-01-04,-7 day ahead inc hosp,2021-12-28,DE,15-34,quantile,0.5,477,COVID-19
2022-01-04,-7 day ahead inc hosp,2021-12-28,DE,15-34,quantile,0.75,484,COVID-19
2022-01-04,-7 day ahead inc hosp,2021-12-28,DE,15-34,quantile,0.9,490,COVID-19
2022-01-04,-7 day ahead inc hosp,2021-12-28,DE,15-34,quantile,0.975,499,COVID-19
2022-01-04,-7 day ahead inc hosp,2021-12-28,DE,35-59,quantile,0.025,1244,COVID-19
2022-01-04,-7 day ahead inc hosp,2021-12-28,DE,35-59,quantile,0.1,1270,COVID-19
2022-01-04,-7 day ahead inc hosp,2021-12-28,DE,35-59,quantile,0.25,1296,COVID-19
2022-01-04,-7 day ahead inc hosp,2021-12-28,DE,35-59,quantile,0.5,1328,COVID-19
2022-01-04,-7 day ahead inc hosp,2021-12-28,DE,35-59,quantile,0.75,1366,COVID-19
2022-01-04,-7 day ahead inc hosp,2021-12-28,DE,35-59,quantile,0.9,1403,COVID-19
2022-01-04,-7 day ahead inc hosp,2021-12-28,DE,35-59,quantile,0.975,1451,COVID-19
2022-01-04,-7 day ahead inc hosp,2021-12-28,DE,60-79,quantile,0.025,1717,COVID-19
2022-01-04,-7 day ahead inc hosp,2021-12-28,DE,60-79,quantile,0.1,1745,COVID-19
2022-01-04,-7 day ahead inc hosp,2021-12-28,DE,60-79,quantile,0.25,1773,COVID-19
2022-01-04,-7 day ahead inc hosp,2021-12-28,DE,60-79,quantile,0.5,1807,COVID-19
2022-01-04,-7 day ahead inc hosp,2021-12-28,DE,60-79,quantile,0.75,1845,COVID-19
2022-01-04,-7 day ahead inc hosp,2021-12-28,DE,60-79,quantile,0.9,1882,COVID-19
2022-01-04,-7 day ahead inc hosp,2021-12-28,DE,60-79,quantile,0.975,1928,COVID-19
2022-01-04,-7 day ahead inc hosp,2021-12-28,DE,80+,quantile,0.025,1320,COVID-19
2022-01-04,-7 day ahead inc hosp,2021-12-28,DE,80+,quantile,0.1,1338,COVID-19
2022-01-04,-7 day ahead inc hosp,2021-12-28,DE,80+,quantile,0.25,1355,COVID-19
2022-01-04,-7 day ahead inc hosp,2021-12-28,DE,80+,quantile,0.5,1376,COVID-19
2022-01-04,-7 day ahead inc hosp,2021-12-28,DE,80+,quantile,0.75,1399,COVID-19
2022-01-04,-7 day ahead inc hosp,2021-12-28,DE,80+,quantile,0.9,1421,COVID-19
2022-01-04,-7 day ahead inc hosp,2021-12-28,DE,80+,quantile,0.975,1449,COVID-19
2022-01-04,-6 day ahead inc hosp,2021-12-29,DE,00-04,quantile,0.025,80,COVID-19
2022-01-04,-6 day ahead inc hosp,2021-12-29,DE,00-04,quantile,0.1,81,COVID-19
2022-01-04,-6 day ahead inc hosp,2021-12-29,DE,00-04,quantile,0.25,84,COVID-19
2022-01-04,-6 day ahead inc hosp,2021-12-29,DE,00-04,quantile,0.5,87,COVID-19
2022-01-04,-6 day ahead inc hosp,2021-12-29,DE,00-04,quantile,0.75,90,COVID-19
2022-01-04,-6 day ahead inc hosp,2021-12-29,DE,00-04,quantile,0.9,93,COVID-19
2022-01-04,-6 day ahead inc hosp,2021-12-29,DE,00-04,quantile,0.975,96,COVID-19
2022-01-04,-6 day ahead inc hosp,2021-12-29,DE,00+,quantile,0.025,4744,COVID-19
2022-01-04,-6 day ahead inc hosp,2021-12-29,DE,00+,quantile,0.1,4825,COVID-19
2022-01-04,-6 day ahead inc hosp,2021-12-29,DE,00+,quantile,0.25,4905,COVID-19
2022-01-04,-6 day ahead inc hosp,2021-12-29,DE,00+,quantile,0.5,5002,COVID-19
2022-01-04,-6 day ahead inc hosp,2021-12-29,DE,00+,quantile,0.75,5108,COVID-19
2022-01-04,-6 day ahead inc hosp,2021-12-29,DE,00+,quantile,0.9,5212,COVID-19
2022-01-04,-6 day ahead inc hosp,2021-12-29,DE,00+,quantile,0.975,5339,COVID-19
2022-01-04,-6 day ahead inc hosp,2021-12-29,DE,05-14,quantile,0.025,74,COVID-19
2022-01-04,-6 day ahead inc hosp,2021-12-29,DE,05-14,quantile,0.1,74,COVID-19
2022-01-04,-6 day ahead inc hosp,2021-12-29,DE,05-14,quantile,0.25,80,COVID-19
2022-01-04,-6 day ahead inc hosp,2021-12-29,DE,05-14,quantile,0.5,88,COVID-19
2022-01-04,-6 day ahead inc hosp,2021-12-29,DE,05-14,quantile,0.75,97,COVID-19
2022-01-04,-6 day ahead inc hosp,2021-12-29,DE,05-14,quantile,0.9,104,COVID-19
2022-01-04,-6 day ahead inc hosp,2021-12-29,DE,05-14,quantile,0.975,113,COVID-19
2022-01-04,-6 day ahead inc hosp,2021-12-29,DE,15-34,quantile,0.025,480,COVID-19
2022-01-04,-6 day ahead inc hosp,2021-12-29,DE,15-34,quantile,0.1,487,COVID-19
2022-01-04,-6 day ahead inc hosp,2021-12-29,DE,15-34,quantile,0.25,494,COVID-19
2022-01-04,-6 day ahead inc hosp,2021-12-29,DE,15-34,quantile,0.5,502,COVID-19
2022-01-04,-6 day ahead inc hosp,2021-12-29,DE,15-34,quantile,0.75,511,COVID-19
2022-01-04,-6 day ahead inc hosp,2021-12-29,DE,15-34,quantile,0.9,520,COVID-19
2022-01-04,-6 day ahead inc hosp,2021-12-29,DE,15-34,quantile,0.975,531,COVID-19
2022-01-04,-6 day ahead inc hosp,2021-12-29,DE,35-59,quantile,0.025,1200,COVID-19
2022-01-04,-6 day ahead inc hosp,2021-12-29,DE,35-59,quantile,0.1,1230,COVID-19
2022-01-04,-6 day ahead inc hosp,2021-12-29,DE,35-59,quantile,0.25,1261,COVID-19
2022-01-04,-6 day ahead inc hosp,2021-12-29,DE,35-59,quantile,0.5,1299,COVID-19
2022-01-04,-6 day ahead inc hosp,2021-12-29,DE,35-59,quantile,0.75,1342,COVID-19
2022-01-04,-6 day ahead inc hosp,2021-12-29,DE,35-59,quantile,0.9,1385,COVID-19
2022-01-04,-6 day ahead inc hosp,2021-12-29,DE,35-59,quantile,0.975,1438,COVID-19
2022-01-04,-6 day ahead inc hosp,2021-12-29,DE,60-79,quantile,0.025,1625,COVID-19
2022-01-04,-6 day ahead inc hosp,2021-12-29,DE,60-79,quantile,0.1,1655,COVID-19
2022-01-04,-6 day ahead inc hosp,2021-12-29,DE,60-79,quantile,0.25,1683,COVID-19
2022-01-04,-6 day ahead inc hosp,2021-12-29,DE,60-79,quantile,0.5,1718,COVID-19
2022-01-04,-6 day ahead inc hosp,2021-12-29,DE,60-79,quantile,0.75,1756,COVID-19
2022-01-04,-6 day ahead inc hosp,2021-12-29,DE,60-79,quantile,0.9,1793,COVID-19
2022-01-04,-6 day ahead inc hosp,2021-12-29,DE,60-79,quantile,0.975,1838,COVID-19
2022-01-04,-6 day ahead inc hosp,2021-12-29,DE,80+,quantile,0.025,1247,COVID-19
2022-01-04,-6 day ahead inc hosp,2021-12-29,DE,80+,quantile,0.1,1266,COVID-19
2022-01-04,-6 day ahead inc hosp,2021-12-29,DE,80+,quantile,0.25,1285,COVID-19
2022-01-04,-6 day ahead inc hosp,2021-12-29,DE,80+,quantile,0.5,1308,COVID-19
2022-01-04,-6 day ahead inc hosp,2021-12-29,DE,80+,quantile,0.75,1333,COVID-19
2022-01-04,-6 day ahead inc hosp,2021-12-29,DE,80+,quantile,0.9,1358,COVID-19
2022-01-04,-6 day ahead inc hosp,2021-12-29,DE,80+,quantile,0.975,1388,COVID-19
2022-01-04,-5 day ahead inc hosp,2021-12-30,DE,00-04,quantile,0.025,76,COVID-19
2022-01-04,-5 day ahead inc hosp,2021-12-30,DE,00-04,quantile,0.1,77,COVID-19
2022-01-04,-5 day ahead inc hosp,2021-12-30,DE,00-04,quantile,0.25,80,COVID-19
2022-01-04,-5 day ahead inc hosp,2021-12-30,DE,00-04,quantile,0.5,83,COVID-19
2022-01-04,-5 day ahead inc hosp,2021-12-30,DE,00-04,quantile,0.75,87,COVID-19
2022-01-04,-5 day ahead inc hosp,2021-12-30,DE,00-04,quantile,0.9,90,COVID-19
2022-01-04,-5 day ahead inc hosp,2021-12-30,DE,00-04,quantile,0.975,93,COVID-19
2022-01-04,-5 day ahead inc hosp,2021-12-30,DE,00+,quantile,0.025,4626,COVID-19
2022-01-04,-5 day ahead inc hosp,2021-12-30,DE,00+,quantile,0.1,4721,COVID-19
2022-01-04,-5 day ahead inc hosp,2021-12-30,DE,00+,quantile,0.25,4813,COVID-19
2022-01-04,-5 day ahead inc hosp,2021-12-30,DE,00+,quantile,0.5,4924,COVID-19
2022-01-04,-5 day ahead inc hosp,2021-12-30,DE,00+,quantile,0.75,5045,COVID-19
2022-01-04,-5 day ahead inc hosp,2021-12-30,DE,00+,quantile,0.9,5164,COVID-19
2022-01-04,-5 day ahead inc hosp,2021-12-30,DE,00+,quantile,0.975,5309,COVID-19
2022-01-04,-5 day ahead inc hosp,2021-12-30,DE,05-14,quantile,0.025,66,COVID-19
2022-01-04,-5 day ahead inc hosp,2021-12-30,DE,05-14,quantile,0.1,66,COVID-19
2022-01-04,-5 day ahead inc hosp,2021-12-30,DE,05-14,quantile,0.25,72,COVID-19
2022-01-04,-5 day ahead inc hosp,2021-12-30,DE,05-14,quantile,0.5,80,COVID-19
2022-01-04,-5 day ahead inc hosp,2021-12-30,DE,05-14,quantile,0.75,89,COVID-19
2022-01-04,-5 day ahead inc hosp,2021-12-30,DE,05-14,quantile,0.9,96,COVID-19
2022-01-04,-5 day ahead inc hosp,2021-12-30,DE,05-14,quantile,0.975,105,COVID-19
2022-01-04,-5 day ahead inc hosp,2021-12-30,DE,15-34,quantile,0.025,491,COVID-19
2022-01-04,-5 day ahead inc hosp,2021-12-30,DE,15-34,quantile,0.1,500,COVID-19
2022-01-04,-5 day ahead inc hosp,2021-12-30,DE,15-34,quantile,0.25,509,COVID-19
2022-01-04,-5 day ahead inc hosp,2021-12-30,DE,15-34,quantile,0.5,521,COVID-19
2022-01-04,-5 day ahead inc hosp,2021-12-30,DE,15-34,quantile,0.75,533,COVID-19
2022-01-04,-5 day ahead inc hosp,2021-12-30,DE,15-34,quantile,0.9,545,COVID-19
2022-01-04,-5 day ahead inc hosp,2021-12-30,DE,15-34,quantile,0.975,560,COVID-19
2022-01-04,-5 day ahead inc hosp,2021-12-30,DE,35-59,quantile,0.025,1169,COVID-19
2022-01-04,-5 day ahead inc hosp,2021-12-30,DE,35-59,quantile,0.1,1204,COVID-19
2022-01-04,-5 day ahead inc hosp,2021-12-30,DE,35-59,quantile,0.25,1240,COVID-19
2022-01-04,-5 day ahead inc hosp,2021-12-30,DE,35-59,quantile,0.5,1284,COVID-19
2022-01-04,-5 day ahead inc hosp,2021-12-30,DE,35-59,quantile,0.75,1333,COVID-19
2022-01-04,-5 day ahead inc hosp,2021-12-30,DE,35-59,quantile,0.9,1382,COVID-19
2022-01-04,-5 day ahead inc hosp,2021-12-30,DE,35-59,quantile,0.975,1444,COVID-19
2022-01-04,-5 day ahead inc hosp,2021-12-30,DE,60-79,quantile,0.025,1591,COVID-19
2022-01-04,-5 day ahead inc hosp,2021-12-30,DE,60-79,quantile,0.1,1623,COVID-19
2022-01-04,-5 day ahead inc hosp,2021-12-30,DE,60-79,quantile,0.25,1653,COVID-19
2022-01-04,-5 day ahead inc hosp,2021-12-30,DE,60-79,quantile,0.5,1690,COVID-19
2022-01-04,-5 day ahead inc hosp,2021-12-30,DE,60-79,quantile,0.75,1730,COVID-19
2022-01-04,-5 day ahead inc hosp,2021-12-30,DE,60-79,quantile,0.9,1769,COVID-19
2022-01-04,-5 day ahead inc hosp,2021-12-30,DE,60-79,quantile,0.975,1816,COVID-19
2022-01-04,-5 day ahead inc hosp,2021-12-30,DE,80+,quantile,0.025,1195,COVID-19
2022-01-04,-5 day ahead inc hosp,2021-12-30,DE,80+,quantile,0.1,1217,COVID-19
2022-01-04,-5 day ahead inc hosp,2021-12-30,DE,80+,quantile,0.25,1239,COVID-19
2022-01-04,-5 day ahead inc hosp,2021-12-30,DE,80+,quantile,0.5,1266,COVID-19
2022-01-04,-5 day ahead inc hosp,2021-12-30,DE,80+,quantile,0.75,1295,COVID-19
2022-01-04,-5 day ahead inc hosp,2021-12-30,DE,80+,quantile,0.9,1324,COVID-19
2022-01-04,-5 day ahead inc hosp,2021-12-30,DE,80+,quantile,0.975,1360,COVID-19
2022-01-04,-4 day ahead inc hosp,2021-12-31,DE,00-04,quantile,0.025,81,COVID-19
2022-01-04,-4 day ahead inc hosp,2021-12-31,DE,00-04,quantile,0.1,82,COVID-19
2022-01-04,-4 day ahead inc hosp,2021-12-31,DE,00-04,quantile,0.25,85,COVID-19
2022-01-04,-4 day ahead inc hosp,2021-12-31,DE,00-04,quantile,0.5,89,COVID-19
2022-01-04,-4 day ahead inc hosp,2021-12-31,DE,00-04,quantile,0.75,93,COVID-19
2022-01-04,-4 day ahead inc hosp,2021-12-31,DE,00-04,quantile,0.9,97,COVID-19
2022-01-04,-4 day ahead inc hosp,2021-12-31,DE,00-04,quantile,0.975,100,COVID-19
2022-01-04,-4 day ahead inc hosp,2021-12-31,DE,00+,quantile,0.025,4597,COVID-19
2022-01-04,-4 day ahead inc hosp,2021-12-31,DE,00+,quantile,0.1,4708,COVID-19
2022-01-04,-4 day ahead inc hosp,2021-12-31,DE,00+,quantile,0.25,4816,COVID-19
2022-01-04,-4 day ahead inc hosp,2021-12-31,DE,00+,quantile,0.5,4947,COVID-19
2022-01-04,-4 day ahead inc hosp,2021-12-31,DE,00+,quantile,0.75,5089,COVID-19
2022-01-04,-4 day ahead inc hosp,2021-12-31,DE,00+,quantile,0.9,5228,COVID-19
2022-01-04,-4 day ahead inc hosp,2021-12-31,DE,00+,quantile,0.975,5397,COVID-19
2022-01-04,-4 day ahead inc hosp,2021-12-31,DE,05-14,quantile,0.025,61,COVID-19
2022-01-04,-4 day ahead inc hosp,2021-12-31,DE,05-14,quantile,0.1,61,COVID-19
2022-01-04,-4 day ahead inc hosp,2021-12-31,DE,05-14,quantile,0.25,67,COVID-19
2022-01-04,-4 day ahead inc hosp,2021-12-31,DE,05-14,quantile,0.5,75,COVID-19
2022-01-04,-4 day ahead inc hosp,2021-12-31,DE,05-14,quantile,0.75,83,COVID-19
2022-01-04,-4 day ahead inc hosp,2021-12-31,DE,05-14,quantile,0.9,90,COVID-19
2022-01-04,-4 day ahead inc hosp,2021-12-31,DE,05-14,quantile,0.975,99,COVID-19
2022-01-04,-4 day ahead inc hosp,2021-12-31,DE,15-34,quantile,0.025,501,COVID-19
2022-01-04,-4 day ahead inc hosp,2021-12-31,DE,15-34,quantile,0.1,513,COVID-19
2022-01-04,-4 day ahead inc hosp,2021-12-31,DE,15-34,quantile,0.25,524,COVID-19
2022-01-04,-4 day ahead inc hosp,2021-12-31,DE,15-34,quantile,0.5,539,COVID-19
2022-01-04,-4 day ahead inc hosp,2021-12-31,DE,15-34,quantile,0.75,554,COVID-19
2022-01-04,-4 day ahead inc hosp,2021-12-31,DE,15-34,quantile,0.9,570,COVID-19
2022-01-04,-4 day ahead inc hosp,2021-12-31,DE,15-34,quantile,0.975,589,COVID-19
2022-01-04,-4 day ahead inc hosp,2021-12-31,DE,35-59,quantile,0.025,1174,COVID-19
2022-01-04,-4 day ahead inc hosp,2021-12-31,DE,35-59,quantile,0.1,1216,COVID-19
2022-01-04,-4 day ahead inc hosp,2021-12-31,DE,35-59,quantile,0.25,1258,COVID-19
2022-01-04,-4 day ahead inc hosp,2021-12-31,DE,35-59,quantile,0.5,1310,COVID-19
2022-01-04,-4 day ahead inc hosp,2021-12-31,DE,35-59,quantile,0.75,1367,COVID-19
2022-01-04,-4 day ahead inc hosp,2021-12-31,DE,35-59,quantile,0.9,1425,COVID-19
2022-01-04,-4 day ahead inc hosp,2021-12-31,DE,35-59,quantile,0.975,1495,COVID-19
2022-01-04,-4 day ahead inc hosp,2021-12-31,DE,60-79,quantile,0.025,1559,COVID-19
2022-01-04,-4 day ahead inc hosp,2021-12-31,DE,60-79,quantile,0.1,1596,COVID-19
2022-01-04,-4 day ahead inc hosp,2021-12-31,DE,60-79,quantile,0.25,1632,COVID-19
2022-01-04,-4 day ahead inc hosp,2021-12-31,DE,60-79,quantile,0.5,1675,COVID-19
2022-01-04,-4 day ahead inc hosp,2021-12-31,DE,60-79,quantile,0.75,1721,COVID-19
2022-01-04,-4 day ahead inc hosp,2021-12-31,DE,60-79,quantile,0.9,1766,COVID-19
2022-01-04,-4 day ahead inc hosp,2021-12-31,DE,60-79,quantile,0.975,1820,COVID-19
2022-01-04,-4 day ahead inc hosp,2021-12-31,DE,80+,quantile,0.025,1178,COVID-19
2022-01-04,-4 day ahead inc hosp,2021-12-31,DE,80+,quantile,0.1,1204,COVID-19
2022-01-04,-4 day ahead inc hosp,2021-12-31,DE,80+,quantile,0.25,1229,COVID-19
2022-01-04,-4 day ahead inc hosp,2021-12-31,DE,80+,quantile,0.5,1260,COVID-19
2022-01-04,-4 day ahead inc hosp,2021-12-31,DE,80+,quantile,0.75,1293,COVID-19
2022-01-04,-4 day ahead inc hosp,2021-12-31,DE,80+,quantile,0.9,1327,COVID-19
2022-01-04,-4 day ahead inc hosp,2021-12-31,DE,80+,quantile,0.975,1367,COVID-19
2022-01-04,-3 day ahead inc hosp,2022-01-01,DE,00-04,quantile,0.025,76,COVID-19
2022-01-04,-3 day ahead inc hosp,2022-01-01,DE,00-04,quantile,0.1,78,COVID-19
2022-01-04,-3 day ahead inc hosp,2022-01-01,DE,00-04,quantile,0.25,82,COVID-19
2022-01-04,-3 day ahead inc hosp,2022-01-01,DE,00-04,quantile,0.5,86,COVID-19
2022-01-04,-3 day ahead inc hosp,2022-01-01,DE,00-04,quantile,0.75,91,COVID-19
2022-01-04,-3 day ahead inc hosp,2022-01-01,DE,00-04,quantile,0.9,95,COVID-19
2022-01-04,-3 day ahead inc hosp,2022-01-01,DE,00-04,quantile,0.975,99,COVID-19
2022-01-04,-3 day ahead inc hosp,2022-01-01,DE,00+,quantile,0.025,4669,COVID-19
2022-01-04,-3 day ahead inc hosp,2022-01-01,DE,00+,quantile,0.1,4799,COVID-19
2022-01-04,-3 day ahead inc hosp,2022-01-01,DE,00+,quantile,0.25,4924,COVID-19
2022-01-04,-3 day ahead inc hosp,2022-01-01,DE,00+,quantile,0.5,5075,COVID-19
2022-01-04,-3 day ahead inc hosp,2022-01-01,DE,00+,quantile,0.75,5239,COVID-19
2022-01-04,-3 day ahead inc hosp,2022-01-01,DE,00+,quantile,0.9,5400,COVID-19
2022-01-04,-3 day ahead inc hosp,2022-01-01,DE,00+,quantile,0.975,5593,COVID-19
2022-01-04,-3 day ahead inc hosp,2022-01-01,DE,05-14,quantile,0.025,61,COVID-19
2022-01-04,-3 day ahead inc hosp,2022-01-01,DE,05-14,quantile,0.1,62,COVID-19
2022-01-04,-3 day ahead inc hosp,2022-01-01,DE,05-14,quantile,0.25,69,COVID-19
2022-01-04,-3 day ahead inc hosp,2022-01-01,DE,05-14,quantile,0.5,77,COVID-19
2022-01-04,-3 day ahead inc hosp,2022-01-01,DE,05-14,quantile,0.75,85,COVID-19
2022-01-04,-3 day ahead inc hosp,2022-01-01,DE,05-14,quantile,0.9,92,COVID-19
2022-01-04,-3 day ahead inc hosp,2022-01-01,DE,05-14,quantile,0.975,100,COVID-19
2022-01-04,-3 day ahead inc hosp,2022-01-01,DE,15-34,quantile,0.025,528,COVID-19
2022-01-04,-3 day ahead inc hosp,2022-01-01,DE,15-34,quantile,0.1,542,COVID-19
2022-01-04,-3 day ahead inc hosp,2022-01-01,DE,15-34,quantile,0.25,556,COVID-19
2022-01-04,-3 day ahead inc hosp,2022-01-01,DE,15-34,quantile,0.5,573,COVID-19
2022-01-04,-3 day ahead inc hosp,2022-01-01,DE,15-34,quantile,0.75,592,COVID-19
2022-01-04,-3 day ahead inc hosp,2022-01-01,DE,15-34,quantile,0.9,610,COVID-19
2022-01-04,-3 day ahead inc hosp,2022-01-01,DE,15-34,quantile,0.975,634,COVID-19
2022-01-04,-3 day ahead inc hosp,2022-01-01,DE,35-59,quantile,0.025,1183,COVID-19
2022-01-04,-3 day ahead inc hosp,2022-01-01,DE,35-59,quantile,0.1,1231,COVID-19
2022-01-04,-3 day ahead inc hosp,2022-01-01,DE,35-59,quantile,0.25,1278,COVID-19
2022-01-04,-3 day ahead inc hosp,2022-01-01,DE,35-59,quantile,0.5,1336,COVID-19
2022-01-04,-3 day ahead inc hosp,2022-01-01,DE,35-59,quantile,0.75,1401,COVID-19
2022-01-04,-3 day ahead inc hosp,2022-01-01,DE,35-59,quantile,0.9,1465,COVID-19
2022-01-04,-3 day ahead inc hosp,2022-01-01,DE,35-59,quantile,0.975,1544,COVID-19
2022-01-04,-3 day ahead inc hosp,2022-01-01,DE,60-79,quantile,0.025,1578,COVID-19
2022-01-04,-3 day ahead inc hosp,2022-01-01,DE,60-79,quantile,0.1,1621,COVID-19
2022-01-04,-3 day ahead inc hosp,2022-01-01,DE,60-79,quantile,0.25,1663,COVID-19
2022-01-04,-3 day ahead inc hosp,2022-01-01,DE,60-79,quantile,0.5,1712,COVID-19
2022-01-04,-3 day ahead inc hosp,2022-01-01,DE,60-79,quantile,0.75,1765,COVID-19
2022-01-04,-3 day ahead inc hosp,2022-01-01,DE,60-79,quantile,0.9,1817,COVID-19
2022-01-04,-3 day ahead inc hosp,2022-01-01,DE,60-79,quantile,0.975,1879,COVID-19
2022-01-04,-3 day ahead inc hosp,2022-01-01,DE,80+,quantile,0.025,1198,COVID-19
2022-01-04,-3 day ahead inc hosp,2022-01-01,DE,80+,quantile,0.1,1227,COVID-19
2022-01-04,-3 day ahead inc hosp,2022-01-01,DE,80+,quantile,0.25,1256,COVID-19
2022-01-04,-3 day ahead inc hosp,2022-01-01,DE,80+,quantile,0.5,1290,COVID-19
2022-01-04,-3 day ahead inc hosp,2022-01-01,DE,80+,quantile,0.75,1328,COVID-19
2022-01-04,-3 day ahead inc hosp,2022-01-01,DE,80+,quantile,0.9,1365,COVID-19
2022-01-04,-3 day ahead inc hosp,2022-01-01,DE,80+,quantile,0.975,1410,COVID-19
2022-01-04,-2 day ahead inc hosp,2022-01-02,DE,00-04,quantile,0.025,74,COVID-19
2022-01-04,-2 day ahead inc hosp,2022-01-02,DE,00-04,quantile,0.1,75,COVID-19
2022-01-04,-2 day ahead inc hosp,2022-01-02,DE,00-04,quantile,0.25,80,COVID-19
2022-01-04,-2 day ahead inc hosp,2022-01-02,DE,00-04,quantile,0.5,86,COVID-19
2022-01-04,-2 day ahead inc hosp,2022-01-02,DE,00-04,quantile,0.75,91,COVID-19
2022-01-04,-2 day ahead inc hosp,2022-01-02,DE,00-04,quantile,0.9,96,COVID-19
2022-01-04,-2 day ahead inc hosp,2022-01-02,DE,00-04,quantile,0.975,102,COVID-19
2022-01-04,-2 day ahead inc hosp,2022-01-02,DE,00+,quantile,0.025,4738,COVID-19
2022-01-04,-2 day ahead inc hosp,2022-01-02,DE,00+,quantile,0.1,4877,COVID-19
2022-01-04,-2 day ahead inc hosp,2022-01-02,DE,00+,quantile,0.25,5011,COVID-19
2022-01-04,-2 day ahead inc hosp,2022-01-02,DE,00+,quantile,0.5,5171,COVID-19
2022-01-04,-2 day ahead inc hosp,2022-01-02,DE,00+,quantile,0.75,5345,COVID-19
2022-01-04,-2 day ahead inc hosp,2022-01-02,DE,00+,quantile,0.9,5514,COVID-19
2022-01-04,-2 day ahead inc hosp,2022-01-02,DE,00+,quantile,0.975,5717,COVID-19
2022-01-04,-2 day ahead inc hosp,2022-01-02,DE,05-14,quantile,0.025,56,COVID-19
2022-01-04,-2 day ahead inc hosp,2022-01-02,DE,05-14,quantile,0.1,58,COVID-19
2022-01-04,-2 day ahead inc hosp,2022-01-02,DE,05-14,quantile,0.25,65,COVID-19
2022-01-04,-2 day ahead inc hosp,2022-01-02,DE,05-14,quantile,0.5,73,COVID-19
2022-01-04,-2 day ahead inc hosp,2022-01-02,DE,05-14,quantile,0.75,81,COVID-19
2022-01-04,-2 day ahead inc hosp,2022-01-02,DE,05-14,quantile,0.9,88,COVID-19
2022-01-04,-2 day ahead inc hosp,2022-01-02,DE,05-14,quantile,0.975,96,COVID-19
2022-01-04,-2 day ahead inc hosp,2022-01-02,DE,15-34,quantile,0.025,550,COVID-19
2022-01-04,-2 day ahead inc hosp,2022-01-02,DE,15-34,quantile,0.1,566,COVID-19
2022-01-04,-2 day ahead inc hosp,2022-01-02,DE,15-34,quantile,0.25,582,COVID-19
2022-01-04,-2 day ahead inc hosp,2022-01-02,DE,15-34,quantile,0.5,601,COVID-19
2022-01-04,-2 day ahead inc hosp,2022-01-02,DE,15-34,quantile,0.75,623,COVID-19
2022-01-04,-2 day ahead inc hosp,2022-01-02,DE,15-34,quantile,0.9,644,COVID-19
2022-01-04,-2 day ahead inc hosp,2022-01-02,DE,15-34,quantile,0.975,670,COVID-19
2022-01-04,-2 day ahead inc hosp,2022-01-02,DE,35-59,quantile,0.025,1214,COVID-19
2022-01-04,-2 day ahead inc hosp,2022-01-02,DE,35-59,quantile,0.1,1264,COVID-19
2022-01-04,-2 day ahead inc hosp,2022-01-02,DE,35-59,quantile,0.25,1314,COVID-19
2022-01-04,-2 day ahead inc hosp,2022-01-02,DE,35-59,quantile,0.5,1375,COVID-19
2022-01-04,-2 day ahead inc hosp,2022-01-02,DE,35-59,quantile,0.75,1443,COVID-19
2022-01-04,-2 day ahead inc hosp,2022-01-02,DE,35-59,quantile,0.9,1509,COVID-19
2022-01-04,-2 day ahead inc hosp,2022-01-02,DE,35-59,quantile,0.975,1591,COVID-19
2022-01-04,-2 day ahead inc hosp,2022-01-02,DE,60-79,quantile,0.025,1594,COVID-19
2022-01-04,-2 day ahead inc hosp,2022-01-02,DE,60-79,quantile,0.1,1641,COVID-19
2022-01-04,-2 day ahead inc hosp,2022-01-02,DE,60-79,quantile,0.25,1687,COVID-19
2022-01-04,-2 day ahead inc hosp,2022-01-02,DE,60-79,quantile,0.5,1741,COVID-19
2022-01-04,-2 day ahead inc hosp,2022-01-02,DE,60-79,quantile,0.75,1799,COVID-19
2022-01-04,-2 day ahead inc hosp,2022-01-02,DE,60-79,quantile,0.9,1856,COVID-19
2022-01-04,-2 day ahead inc hosp,2022-01-02,DE,60-79,quantile,0.975,1923,COVID-19
2022-01-04,-2 day ahead inc hosp,2022-01-02,DE,80+,quantile,0.025,1205,COVID-19
2022-01-04,-2 day ahead inc hosp,2022-01-02,DE,80+,quantile,0.1,1234,COVID-19
2022-01-04,-2 day ahead inc hosp,2022-01-02,DE,80+,quantile,0.25,1262,COVID-19
2022-01-04,-2 day ahead inc hosp,2022-01-02,DE,80+,quantile,0.5,1295,COVID-19
2022-01-04,-2 day ahead inc hosp,2022-01-02,DE,80+,quantile,0.75,1331,COVID-19
2022-01-04,-2 day ahead inc hosp,2022-01-02,DE,80+,quantile,0.9,1365,COVID-19
2022-01-04,-2 day ahead inc hosp,2022-01-02,DE,80+,quantile,0.975,1407,COVID-19
2022-01-04,-1 day ahead inc hosp,2022-01-03,DE,00-04,quantile,0.025,76,COVID-19
2022-01-04,-1 day ahead inc hosp,2022-01-03,DE,00-04,quantile,0.1,77,COVID-19
2022-01-04,-1 day ahead inc hosp,2022-01-03,DE,00-04,quantile,0.25,83,COVID-19
2022-01-04,-1 day ahead inc hosp,2022-01-03,DE,00-04,quantile,0.5,89,COVID-19
2022-01-04,-1 day ahead inc hosp,2022-01-03,DE,00-04,quantile,0.75,96,COVID-19
2022-01-04,-1 day ahead inc hosp,2022-01-03,DE,00-04,quantile,0.9,101,COVID-19
2022-01-04,-1 day ahead inc hosp,2022-01-03,DE,00-04,quantile,0.975,108,COVID-19
2022-01-04,-1 day ahead inc hosp,2022-01-03,DE,00+,quantile,0.025,4759,COVID-19
2022-01-04,-1 day ahead inc hosp,2022-01-03,DE,00+,quantile,0.1,4899,COVID-19
2022-01-04,-1 day ahead inc hosp,2022-01-03,DE,00+,quantile,0.25,5035,COVID-19
2022-01-04,-1 day ahead inc hosp,2022-01-03,DE,00+,quantile,0.5,5196,COVID-19
2022-01-04,-1 day ahead inc hosp,2022-01-03,DE,00+,quantile,0.75,5370,COVID-19
2022-01-04,-1 day ahead inc hosp,2022-01-03,DE,00+,quantile,0.9,5539,COVID-19
2022-01-04,-1 day ahead inc hosp,2022-01-03,DE,00+,quantile,0.975,5741,COVID-19
2022-01-04,-1 day ahead inc hosp,2022-01-03,DE,05-14,quantile,0.025,54,COVID-19
2022-01-04,-1 day ahead inc hosp,2022-01-03,DE,05-14,quantile,0.1,58,COVID-19
2022-01-04,-1 day ahead inc hosp,2022-01-03,DE,05-14,quantile,0.25,65,COVID-19
2022-01-04,-1 day ahead inc hosp,2022-01-03,DE,05-14,quantile,0.5,72,COVID-19
2022-01-04,-1 day ahead inc hosp,2022-01-03,DE,05-14,quantile,0.75,79,COVID-19
2022-01-04,-1 day ahead inc hosp,2022-01-03,DE,05-14,quantile,0.9,86,COVID-19
2022-01-04,-1 day ahead inc hosp,2022-01-03,DE,05-14,quantile,0.975,94,COVID-19
2022-01-04,-1 day ahead inc hosp,2022-01-03,DE,15-34,quantile,0.025,563,COVID-19
2022-01-04,-1 day ahead inc hosp,2022-01-03,DE,15-34,quantile,0.1,580,COVID-19
2022-01-04,-1 day ahead inc hosp,2022-01-03,DE,15-34,quantile,0.25,596,COVID-19
2022-01-04,-1 day ahead inc hosp,2022-01-03,DE,15-34,quantile,0.5,616,COVID-19
2022-01-04,-1 day ahead inc hosp,2022-01-03,DE,15-34,quantile,0.75,638,COVID-19
2022-01-04,-1 day ahead inc hosp,2022-01-03,DE,15-34,quantile,0.9,660,COVID-19
2022-01-04,-1 day ahead inc hosp,2022-01-03,DE,15-34,quantile,0.975,686,COVID-19
2022-01-04,-1 day ahead inc hosp,2022-01-03,DE,35-59,quantile,0.025,1227,COVID-19
2022-01-04,-1 day ahead inc hosp,2022-01-03,DE,35-59,quantile,0.1,1280,COVID-19
2022-01-04,-1 day ahead inc hosp,2022-01-03,DE,35-59,quantile,0.25,1331,COVID-19
2022-01-04,-1 day ahead inc hosp,2022-01-03,DE,35-59,quantile,0.5,1393,COVID-19
2022-01-04,-1 day ahead inc hosp,2022-01-03,DE,35-59,quantile,0.75,1462,COVID-19
2022-01-04,-1 day ahead inc hosp,2022-01-03,DE,35-59,quantile,0.9,1529,COVID-19
2022-01-04,-1 day ahead inc hosp,2022-01-03,DE,35-59,quantile,0.975,1612,COVID-19
2022-01-04,-1 day ahead inc hosp,2022-01-03,DE,60-79,quantile,0.025,1584,COVID-19
2022-01-04,-1 day ahead inc hosp,2022-01-03,DE,60-79,quantile,0.1,1634,COVID-19
2022-01-04,-1 day ahead inc hosp,2022-01-03,DE,60-79,quantile,0.25,1681,COVID-19
2022-01-04,-1 day ahead inc hosp,2022-01-03,DE,60-79,quantile,0.5,1738,COVID-19
2022-01-04,-1 day ahead inc hosp,2022-01-03,DE,60-79,quantile,0.75,1800,COVID-19
2022-01-04,-1 day ahead inc hosp,2022-01-03,DE,60-79,quantile,0.9,1859,COVID-19
2022-01-04,-1 day ahead inc hosp,2022-01-03,DE,60-79,quantile,0.975,1930,COVID-19
2022-01-04,-1 day ahead inc hosp,2022-01-03,DE,80+,quantile,0.025,1198,COVID-19
2022-01-04,-1 day ahead inc hosp,2022-01-03,DE,80+,quantile,0.1,1227,COVID-19
2022-01-04,-1 day ahead inc hosp,2022-01-03,DE,80+,quantile,0.25,1254,COVID-19
2022-01-04,-1 day ahead inc hosp,2022-01-03,DE,80+,quantile,0.5,1287,COVID-19
2022-01-04,-1 day ahead inc hosp,2022-01-03,DE,80+,quantile,0.75,1322,COVID-19
2022-01-04,-1 day ahead inc hosp,2022-01-03,DE,80+,quantile,0.9,1356,COVID-19
2022-01-04,-1 day ahead inc hosp,2022-01-03,DE,80+,quantile,0.975,1397,COVID-19
2022-01-04,0 day ahead inc hosp,2022-01-04,DE,00-04,quantile,0.025,70,COVID-19
2022-01-04,0 day ahead inc hosp,2022-01-04,DE,00-04,quantile,0.1,75,COVID-19
2022-01-04,0 day ahead inc hosp,2022-01-04,DE,00-04,quantile,0.25,82,COVID-19
2022-01-04,0 day ahead inc hosp,2022-01-04,DE,00-04,quantile,0.5,90,COVID-19
2022-01-04,0 day ahead inc hosp,2022-01-04,DE,00-04,quantile,0.75,98,COVID-19
2022-01-04,0 day ahead inc hosp,2022-01-04,DE,00-04,quantile,0.9,106,COVID-19
2022-01-04,0 day ahead inc hosp,2022-01-04,DE,00-04,quantile,0.975,114,COVID-19
2022-01-04,0 day ahead inc hosp,2022-01-04,DE,00+,quantile,0.025,4833,COVID-19
2022-01-04,0 day ahead inc hosp,2022-01-04,DE,00+,quantile,0.1,4986,COVID-19
2022-01-04,0 day ahead inc hosp,2022-01-04,DE,00+,quantile,0.25,5130,COVID-19
2022-01-04,0 day ahead inc hosp,2022-01-04,DE,00+,quantile,0.5,5301,COVID-19
2022-01-04,0 day ahead inc hosp,2022-01-04,DE,00+,quantile,0.75,5484,COVID-19
2022-01-04,0 day ahead inc hosp,2022-01-04,DE,00+,quantile,0.9,5658,COVID-19
2022-01-04,0 day ahead inc hosp,2022-01-04,DE,00+,quantile,0.975,5866,COVID-19
2022-01-04,0 day ahead inc hosp,2022-01-04,DE,05-14,quantile,0.025,55,COVID-19
2022-01-04,0 day ahead inc hosp,2022-01-04,DE,05-14,quantile,0.1,59,COVID-19
2022-01-04,0 day ahead inc hosp,2022-01-04,DE,05-14,quantile,0.25,67,COVID-19
2022-01-04,0 day ahead inc hosp,2022-01-04,DE,05-14,quantile,0.5,75,COVID-19
2022-01-04,0 day ahead inc hosp,2022-01-04,DE,05-14,quantile,0.75,84,COVID-19
2022-01-04,0 day ahead inc hosp,2022-01-04,DE,05-14,quantile,0.9,92,COVID-19
2022-01-04,0 day ahead inc hosp,2022-01-04,DE,05-14,quantile,0.975,100,COVID-19
2022-01-04,0 day ahead inc hosp,2022-01-04,DE,15-34,quantile,0.025,602,COVID-19
2022-01-04,0 day ahead inc hosp,2022-01-04,DE,15-34,quantile,0.1,622,COVID-19
2022-01-04,0 day ahead inc hosp,2022-01-04,DE,15-34,quantile,0.25,641,COVID-19
2022-01-04,0 day ahead inc hosp,2022-01-04,DE,15-34,quantile,0.5,663,COVID-19
2022-01-04,0 day ahead inc hosp,2022-01-04,DE,15-34,quantile,0.75,688,COVID-19
2022-01-04,0 day ahead inc hosp,2022-01-04,DE,15-34,quantile,0.9,712,COVID-19
2022-01-04,0 day ahead inc hosp,2022-01-04,DE,15-34,quantile,0.975,740,COVID-19
2022-01-04,0 day ahead inc hosp,2022-01-04,DE,35-59,quantile,0.025,1241,COVID-19
2022-01-04,0 day ahead inc hosp,2022-01-04,DE,35-59,quantile,0.1,1298,COVID-19
2022-01-04,0 day ahead inc hosp,2022-01-04,DE,35-59,quantile,0.25,1353,COVID-19
2022-01-04,0 day ahead inc hosp,2022-01-04,DE,35-59,quantile,0.5,1419,COVID-19
2022-01-04,0 day ahead inc hosp,2022-01-04,DE,35-59,quantile,0.75,1491,COVID-19
2022-01-04,0 day ahead inc hosp,2022-01-04,DE,35-59,quantile,0.9,1562,COVID-19
2022-01-04,0 day ahead inc hosp,2022-01-04,DE,35-59,quantile,0.975,1648,COVID-19
2022-01-04,0 day ahead inc hosp,2022-01-04,DE,60-79,quantile,0.025,1581,COVID-19
2022-01-04,0 day ahead inc hosp,2022-01-04,DE,60-79,quantile,0.1,1635,COVID-19
2022-01-04,0 day ahead inc hosp,2022-01-04,DE,60-79,quantile,0.25,1687,COVID-19
2022-01-04,0 day ahead inc hosp,2022-01-04,DE,60-79,quantile,0.5,1747,COVID-19
2022-01-04,0 day ahead inc hosp,2022-01-04,DE,60-79,quantile,0.75,1812,COVID-19
2022-01-04,0 day ahead inc hosp,2022-01-04,DE,60-79,quantile,0.9,1874,COVID-19
2022-01-04,0 day ahead inc hosp,2022-01-04,DE,60-79,quantile,0.975,1948,COVID-19
2022-01-04,0 day ahead inc hosp,2022-01-04,DE,80+,quantile,0.025,1202,COVID-19
2022-01-04,0 day ahead inc hosp,2022-01-04,DE,80+,quantile,0.1,1236,COVID-19
2022-01-04,0 day ahead inc hosp,2022-01-04,DE,80+,quantile,0.25,1268,COVID-19
2022-01-04,0 day ahead inc hosp,2022-01-04,DE,80+,quantile,0.5,1306,COVID-19
2022-01-04,0 day ahead inc hosp,2022-01-04,DE,80+,quantile,0.75,1346,COVID-19
2022-01-04,0 day ahead inc hosp,2022-01-04,DE,80+,quantile,0.9,1384,COVID-19
2022-01-04,0 day ahead inc hosp,2022-01-04,DE,80+,quantile,0.975,1430,COVID-19
2022-01-04,-28 day ahead inc hosp,2021-12-07,DE,00-04,mean,NA,146,COVID-19
2022-01-04,-28 day ahead inc hosp,2021-12-07,DE,00+,mean,NA,10455,COVID-19
2022-01-04,-28 day ahead inc hosp,2021-12-07,DE,05-14,mean,NA,201,COVID-19
2022-01-04,-28 day ahead inc hosp,2021-12-07,DE,15-34,mean,NA,790,COVID-19
2022-01-04,-28 day ahead inc hosp,2021-12-07,DE,35-59,mean,NA,2644,COVID-19
2022-01-04,-28 day ahead inc hosp,2021-12-07,DE,60-79,mean,NA,3724,COVID-19
2022-01-04,-28 day ahead inc hosp,2021-12-07,DE,80+,mean,NA,2963,COVID-19
2022-01-04,-27 day ahead inc hosp,2021-12-08,DE,00-04,mean,NA,144,COVID-19
2022-01-04,-27 day ahead inc hosp,2021-12-08,DE,00+,mean,NA,10532,COVID-19
2022-01-04,-27 day ahead inc hosp,2021-12-08,DE,05-14,mean,NA,194,COVID-19
2022-01-04,-27 day ahead inc hosp,2021-12-08,DE,15-34,mean,NA,792,COVID-19
2022-01-04,-27 day ahead inc hosp,2021-12-08,DE,35-59,mean,NA,2719,COVID-19
2022-01-04,-27 day ahead inc hosp,2021-12-08,DE,60-79,mean,NA,3773,COVID-19
2022-01-04,-27 day ahead inc hosp,2021-12-08,DE,80+,mean,NA,2923,COVID-19
2022-01-04,-26 day ahead inc hosp,2021-12-09,DE,00-04,mean,NA,131,COVID-19
2022-01-04,-26 day ahead inc hosp,2021-12-09,DE,00+,mean,NA,10334,COVID-19
2022-01-04,-26 day ahead inc hosp,2021-12-09,DE,05-14,mean,NA,182,COVID-19
2022-01-04,-26 day ahead inc hosp,2021-12-09,DE,15-34,mean,NA,812,COVID-19
2022-01-04,-26 day ahead inc hosp,2021-12-09,DE,35-59,mean,NA,2636,COVID-19
2022-01-04,-26 day ahead inc hosp,2021-12-09,DE,60-79,mean,NA,3691,COVID-19
2022-01-04,-26 day ahead inc hosp,2021-12-09,DE,80+,mean,NA,2896,COVID-19
2022-01-04,-25 day ahead inc hosp,2021-12-10,DE,00-04,mean,NA,133,COVID-19
2022-01-04,-25 day ahead inc hosp,2021-12-10,DE,00+,mean,NA,10123,COVID-19
2022-01-04,-25 day ahead inc hosp,2021-12-10,DE,05-14,mean,NA,176,COVID-19
2022-01-04,-25 day ahead inc hosp,2021-12-10,DE,15-34,mean,NA,813,COVID-19
2022-01-04,-25 day ahead inc hosp,2021-12-10,DE,35-59,mean,NA,2525,COVID-19
2022-01-04,-25 day ahead inc hosp,2021-12-10,DE,60-79,mean,NA,3613,COVID-19
2022-01-04,-25 day ahead inc hosp,2021-12-10,DE,80+,mean,NA,2875,COVID-19
2022-01-04,-24 day ahead inc hosp,2021-12-11,DE,00-04,mean,NA,139,COVID-19
2022-01-04,-24 day ahead inc hosp,2021-12-11,DE,00+,mean,NA,9865,COVID-19
2022-01-04,-24 day ahead inc hosp,2021-12-11,DE,05-14,mean,NA,168,COVID-19
2022-01-04,-24 day ahead inc hosp,2021-12-11,DE,15-34,mean,NA,787,COVID-19
2022-01-04,-24 day ahead inc hosp,2021-12-11,DE,35-59,mean,NA,2446,COVID-19
2022-01-04,-24 day ahead inc hosp,2021-12-11,DE,60-79,mean,NA,3522,COVID-19
2022-01-04,-24 day ahead inc hosp,2021-12-11,DE,80+,mean,NA,2814,COVID-19
2022-01-04,-23 day ahead inc hosp,2021-12-12,DE,00-04,mean,NA,135,COVID-19
2022-01-04,-23 day ahead inc hosp,2021-12-12,DE,00+,mean,NA,9745,COVID-19
2022-01-04,-23 day ahead inc hosp,2021-12-12,DE,05-14,mean,NA,182,COVID-19
2022-01-04,-23 day ahead inc hosp,2021-12-12,DE,15-34,mean,NA,778,COVID-19
2022-01-04,-23 day ahead inc hosp,2021-12-12,DE,35-59,mean,NA,2385,COVID-19
2022-01-04,-23 day ahead inc hosp,2021-12-12,DE,60-79,mean,NA,3477,COVID-19
2022-01-04,-23 day ahead inc hosp,2021-12-12,DE,80+,mean,NA,2798,COVID-19
2022-01-04,-22 day ahead inc hosp,2021-12-13,DE,00-04,mean,NA,141,COVID-19
2022-01-04,-22 day ahead inc hosp,2021-12-13,DE,00+,mean,NA,9500,COVID-19
2022-01-04,-22 day ahead inc hosp,2021-12-13,DE,05-14,mean,NA,169,COVID-19
2022-01-04,-22 day ahead inc hosp,2021-12-13,DE,15-34,mean,NA,768,COVID-19
2022-01-04,-22 day ahead inc hosp,2021-12-13,DE,35-59,mean,NA,2333,COVID-19
2022-01-04,-22 day ahead inc hosp,2021-12-13,DE,60-79,mean,NA,3400,COVID-19
2022-01-04,-22 day ahead inc hosp,2021-12-13,DE,80+,mean,NA,2696,COVID-19
2022-01-04,-21 day ahead inc hosp,2021-12-14,DE,00-04,mean,NA,143,COVID-19
2022-01-04,-21 day ahead inc hosp,2021-12-14,DE,00+,mean,NA,9146,COVID-19
2022-01-04,-21 day ahead inc hosp,2021-12-14,DE,05-14,mean,NA,162,COVID-19
2022-01-04,-21 day ahead inc hosp,2021-12-14,DE,15-34,mean,NA,758,COVID-19
2022-01-04,-21 day ahead inc hosp,2021-12-14,DE,35-59,mean,NA,2238,COVID-19
2022-01-04,-21 day ahead inc hosp,2021-12-14,DE,60-79,mean,NA,3273,COVID-19
2022-01-04,-21 day ahead inc hosp,2021-12-14,DE,80+,mean,NA,2579,COVID-19
2022-01-04,-20 day ahead inc hosp,2021-12-15,DE,00-04,mean,NA,149,COVID-19
2022-01-04,-20 day ahead inc hosp,2021-12-15,DE,00+,mean,NA,8912,COVID-19
2022-01-04,-20 day ahead inc hosp,2021-12-15,DE,05-14,mean,NA,175,COVID-19
2022-01-04,-20 day ahead inc hosp,2021-12-15,DE,15-34,mean,NA,717,COVID-19
2022-01-04,-20 day ahead inc hosp,2021-12-15,DE,35-59,mean,NA,2129,COVID-19
2022-01-04,-20 day ahead inc hosp,2021-12-15,DE,60-79,mean,NA,3203,COVID-19
2022-01-04,-20 day ahead inc hosp,2021-12-15,DE,80+,mean,NA,2544,COVID-19
2022-01-04,-19 day ahead inc hosp,2021-12-16,DE,00-04,mean,NA,145,COVID-19
2022-01-04,-19 day ahead inc hosp,2021-12-16,DE,00+,mean,NA,8576,COVID-19
2022-01-04,-19 day ahead inc hosp,2021-12-16,DE,05-14,mean,NA,175,COVID-19
2022-01-04,-19 day ahead inc hosp,2021-12-16,DE,15-34,mean,NA,681,COVID-19
2022-01-04,-19 day ahead inc hosp,2021-12-16,DE,35-59,mean,NA,2058,COVID-19
2022-01-04,-19 day ahead inc hosp,2021-12-16,DE,60-79,mean,NA,3038,COVID-19
2022-01-04,-19 day ahead inc hosp,2021-12-16,DE,80+,mean,NA,2483,COVID-19
2022-01-04,-18 day ahead inc hosp,2021-12-17,DE,00-04,mean,NA,149,COVID-19
2022-01-04,-18 day ahead inc hosp,2021-12-17,DE,00+,mean,NA,8275,COVID-19
2022-01-04,-18 day ahead inc hosp,2021-12-17,DE,05-14,mean,NA,166,COVID-19
2022-01-04,-18 day ahead inc hosp,2021-12-17,DE,15-34,mean,NA,657,COVID-19
2022-01-04,-18 day ahead inc hosp,2021-12-17,DE,35-59,mean,NA,1981,COVID-19
2022-01-04,-18 day ahead inc hosp,2021-12-17,DE,60-79,mean,NA,2954,COVID-19
2022-01-04,-18 day ahead inc hosp,2021-12-17,DE,80+,mean,NA,2371,COVID-19
2022-01-04,-17 day ahead inc hosp,2021-12-18,DE,00-04,mean,NA,139,COVID-19
2022-01-04,-17 day ahead inc hosp,2021-12-18,DE,00+,mean,NA,8051,COVID-19
2022-01-04,-17 day ahead inc hosp,2021-12-18,DE,05-14,mean,NA,163,COVID-19
2022-01-04,-17 day ahead inc hosp,2021-12-18,DE,15-34,mean,NA,660,COVID-19
2022-01-04,-17 day ahead inc hosp,2021-12-18,DE,35-59,mean,NA,1915,COVID-19
2022-01-04,-17 day ahead inc hosp,2021-12-18,DE,60-79,mean,NA,2904,COVID-19
2022-01-04,-17 day ahead inc hosp,2021-12-18,DE,80+,mean,NA,2272,COVID-19
2022-01-04,-16 day ahead inc hosp,2021-12-19,DE,00-04,mean,NA,136,COVID-19
2022-01-04,-16 day ahead inc hosp,2021-12-19,DE,00+,mean,NA,7812,COVID-19
2022-01-04,-16 day ahead inc hosp,2021-12-19,DE,05-14,mean,NA,149,COVID-19
2022-01-04,-16 day ahead inc hosp,2021-12-19,DE,15-34,mean,NA,640,COVID-19
2022-01-04,-16 day ahead inc hosp,2021-12-19,DE,35-59,mean,NA,1884,COVID-19
2022-01-04,-16 day ahead inc hosp,2021-12-19,DE,60-79,mean,NA,2813,COVID-19
2022-01-04,-16 day ahead inc hosp,2021-12-19,DE,80+,mean,NA,2192,COVID-19
2022-01-04,-15 day ahead inc hosp,2021-12-20,DE,00-04,mean,NA,126,COVID-19
2022-01-04,-15 day ahead inc hosp,2021-12-20,DE,00+,mean,NA,7727,COVID-19
2022-01-04,-15 day ahead inc hosp,2021-12-20,DE,05-14,mean,NA,154,COVID-19
2022-01-04,-15 day ahead inc hosp,2021-12-20,DE,15-34,mean,NA,645,COVID-19
2022-01-04,-15 day ahead inc hosp,2021-12-20,DE,35-59,mean,NA,1863,COVID-19
2022-01-04,-15 day ahead inc hosp,2021-12-20,DE,60-79,mean,NA,2761,COVID-19
2022-01-04,-15 day ahead inc hosp,2021-12-20,DE,80+,mean,NA,2181,COVID-19
2022-01-04,-14 day ahead inc hosp,2021-12-21,DE,00-04,mean,NA,127,COVID-19
2022-01-04,-14 day ahead inc hosp,2021-12-21,DE,00+,mean,NA,7481,COVID-19
2022-01-04,-14 day ahead inc hosp,2021-12-21,DE,05-14,mean,NA,161,COVID-19
2022-01-04,-14 day ahead inc hosp,2021-12-21,DE,15-34,mean,NA,614,COVID-19
2022-01-04,-14 day ahead inc hosp,2021-12-21,DE,35-59,mean,NA,1798,COVID-19
2022-01-04,-14 day ahead inc hosp,2021-12-21,DE,60-79,mean,NA,2692,COVID-19
2022-01-04,-14 day ahead inc hosp,2021-12-21,DE,80+,mean,NA,2092,COVID-19
2022-01-04,-13 day ahead inc hosp,2021-12-22,DE,00-04,mean,NA,119,COVID-19
2022-01-04,-13 day ahead inc hosp,2021-12-22,DE,00+,mean,NA,7082,COVID-19
2022-01-04,-13 day ahead inc hosp,2021-12-22,DE,05-14,mean,NA,147,COVID-19
2022-01-04,-13 day ahead inc hosp,2021-12-22,DE,15-34,mean,NA,597,COVID-19
2022-01-04,-13 day ahead inc hosp,2021-12-22,DE,35-59,mean,NA,1730,COVID-19
2022-01-04,-13 day ahead inc hosp,2021-12-22,DE,60-79,mean,NA,2534,COVID-19
2022-01-04,-13 day ahead inc hosp,2021-12-22,DE,80+,mean,NA,1955,COVID-19
2022-01-04,-12 day ahead inc hosp,2021-12-23,DE,00-04,mean,NA,120,COVID-19
2022-01-04,-12 day ahead inc hosp,2021-12-23,DE,00+,mean,NA,6773,COVID-19
2022-01-04,-12 day ahead inc hosp,2021-12-23,DE,05-14,mean,NA,145,COVID-19
2022-01-04,-12 day ahead inc hosp,2021-12-23,DE,15-34,mean,NA,568,COVID-19
2022-01-04,-12 day ahead inc hosp,2021-12-23,DE,35-59,mean,NA,1669,COVID-19
2022-01-04,-12 day ahead inc hosp,2021-12-23,DE,60-79,mean,NA,2440,COVID-19
2022-01-04,-12 day ahead inc hosp,2021-12-23,DE,80+,mean,NA,1833,COVID-19
2022-01-04,-11 day ahead inc hosp,2021-12-24,DE,00-04,mean,NA,107,COVID-19
2022-01-04,-11 day ahead inc hosp,2021-12-24,DE,00+,mean,NA,6414,COVID-19
2022-01-04,-11 day ahead inc hosp,2021-12-24,DE,05-14,mean,NA,138,COVID-19
2022-01-04,-11 day ahead inc hosp,2021-12-24,DE,15-34,mean,NA,544,COVID-19
2022-01-04,-11 day ahead inc hosp,2021-12-24,DE,35-59,mean,NA,1596,COVID-19
2022-01-04,-11 day ahead inc hosp,2021-12-24,DE,60-79,mean,NA,2317,COVID-19
2022-01-04,-11 day ahead inc hosp,2021-12-24,DE,80+,mean,NA,1716,COVID-19
2022-01-04,-10 day ahead inc hosp,2021-12-25,DE,00-04,mean,NA,101,COVID-19
2022-01-04,-10 day ahead inc hosp,2021-12-25,DE,00+,mean,NA,5808,COVID-19
2022-01-04,-10 day ahead inc hosp,2021-12-25,DE,05-14,mean,NA,124,COVID-19
2022-01-04,-10 day ahead inc hosp,2021-12-25,DE,15-34,mean,NA,502,COVID-19
2022-01-04,-10 day ahead inc hosp,2021-12-25,DE,35-59,mean,NA,1467,COVID-19
2022-01-04,-10 day ahead inc hosp,2021-12-25,DE,60-79,mean,NA,2079,COVID-19
2022-01-04,-10 day ahead inc hosp,2021-12-25,DE,80+,mean,NA,1539,COVID-19
2022-01-04,-9 day ahead inc hosp,2021-12-26,DE,00-04,mean,NA,97,COVID-19
2022-01-04,-9 day ahead inc hosp,2021-12-26,DE,00+,mean,NA,5411,COVID-19
2022-01-04,-9 day ahead inc hosp,2021-12-26,DE,05-14,mean,NA,116,COVID-19
2022-01-04,-9 day ahead inc hosp,2021-12-26,DE,15-34,mean,NA,476,COVID-19
2022-01-04,-9 day ahead inc hosp,2021-12-26,DE,35-59,mean,NA,1348,COVID-19
2022-01-04,-9 day ahead inc hosp,2021-12-26,DE,60-79,mean,NA,1921,COVID-19
2022-01-04,-9 day ahead inc hosp,2021-12-26,DE,80+,mean,NA,1455,COVID-19
2022-01-04,-8 day ahead inc hosp,2021-12-27,DE,00-04,mean,NA,96,COVID-19
2022-01-04,-8 day ahead inc hosp,2021-12-27,DE,00+,mean,NA,5302,COVID-19
2022-01-04,-8 day ahead inc hosp,2021-12-27,DE,05-14,mean,NA,112,COVID-19
2022-01-04,-8 day ahead inc hosp,2021-12-27,DE,15-34,mean,NA,465,COVID-19
2022-01-04,-8 day ahead inc hosp,2021-12-27,DE,35-59,mean,NA,1325,COVID-19
2022-01-04,-8 day ahead inc hosp,2021-12-27,DE,60-79,mean,NA,1873,COVID-19
2022-01-04,-8 day ahead inc hosp,2021-12-27,DE,80+,mean,NA,1433,COVID-19
2022-01-04,-7 day ahead inc hosp,2021-12-28,DE,00-04,mean,NA,87,COVID-19
2022-01-04,-7 day ahead inc hosp,2021-12-28,DE,00+,mean,NA,5184,COVID-19
2022-01-04,-7 day ahead inc hosp,2021-12-28,DE,05-14,mean,NA,100,COVID-19
2022-01-04,-7 day ahead inc hosp,2021-12-28,DE,15-34,mean,NA,477,COVID-19
2022-01-04,-7 day ahead inc hosp,2021-12-28,DE,35-59,mean,NA,1333,COVID-19
2022-01-04,-7 day ahead inc hosp,2021-12-28,DE,60-79,mean,NA,1811,COVID-19
2022-01-04,-7 day ahead inc hosp,2021-12-28,DE,80+,mean,NA,1378,COVID-19
2022-01-04,-6 day ahead inc hosp,2021-12-29,DE,00-04,mean,NA,87,COVID-19
2022-01-04,-6 day ahead inc hosp,2021-12-29,DE,00+,mean,NA,5012,COVID-19
2022-01-04,-6 day ahead inc hosp,2021-12-29,DE,05-14,mean,NA,88,COVID-19
2022-01-04,-6 day ahead inc hosp,2021-12-29,DE,15-34,mean,NA,503,COVID-19
2022-01-04,-6 day ahead inc hosp,2021-12-29,DE,35-59,mean,NA,1304,COVID-19
2022-01-04,-6 day ahead inc hosp,2021-12-29,DE,60-79,mean,NA,1721,COVID-19
2022-01-04,-6 day ahead inc hosp,2021-12-29,DE,80+,mean,NA,1311,COVID-19
2022-01-04,-5 day ahead inc hosp,2021-12-30,DE,00-04,mean,NA,83,COVID-19
2022-01-04,-5 day ahead inc hosp,2021-12-30,DE,00+,mean,NA,4935,COVID-19
2022-01-04,-5 day ahead inc hosp,2021-12-30,DE,05-14,mean,NA,80,COVID-19
2022-01-04,-5 day ahead inc hosp,2021-12-30,DE,15-34,mean,NA,522,COVID-19
2022-01-04,-5 day ahead inc hosp,2021-12-30,DE,35-59,mean,NA,1290,COVID-19
2022-01-04,-5 day ahead inc hosp,2021-12-30,DE,60-79,mean,NA,1693,COVID-19
2022-01-04,-5 day ahead inc hosp,2021-12-30,DE,80+,mean,NA,1269,COVID-19
2022-01-04,-4 day ahead inc hosp,2021-12-31,DE,00-04,mean,NA,89,COVID-19
2022-01-04,-4 day ahead inc hosp,2021-12-31,DE,00+,mean,NA,4960,COVID-19
2022-01-04,-4 day ahead inc hosp,2021-12-31,DE,05-14,mean,NA,75,COVID-19
2022-01-04,-4 day ahead inc hosp,2021-12-31,DE,15-34,mean,NA,540,COVID-19
2022-01-04,-4 day ahead inc hosp,2021-12-31,DE,35-59,mean,NA,1316,COVID-19
2022-01-04,-4 day ahead inc hosp,2021-12-31,DE,60-79,mean,NA,1679,COVID-19
2022-01-04,-4 day ahead inc hosp,2021-12-31,DE,80+,mean,NA,1263,COVID-19
2022-01-04,-3 day ahead inc hosp,2022-01-01,DE,00-04,mean,NA,86,COVID-19
2022-01-04,-3 day ahead inc hosp,2022-01-01,DE,00+,mean,NA,5090,COVID-19
2022-01-04,-3 day ahead inc hosp,2022-01-01,DE,05-14,mean,NA,77,COVID-19
2022-01-04,-3 day ahead inc hosp,2022-01-01,DE,15-34,mean,NA,575,COVID-19
2022-01-04,-3 day ahead inc hosp,2022-01-01,DE,35-59,mean,NA,1343,COVID-19
2022-01-04,-3 day ahead inc hosp,2022-01-01,DE,60-79,mean,NA,1716,COVID-19
2022-01-04,-3 day ahead inc hosp,2022-01-01,DE,80+,mean,NA,1294,COVID-19
2022-01-04,-2 day ahead inc hosp,2022-01-02,DE,00-04,mean,NA,86,COVID-19
2022-01-04,-2 day ahead inc hosp,2022-01-02,DE,00+,mean,NA,5186,COVID-19
2022-01-04,-2 day ahead inc hosp,2022-01-02,DE,05-14,mean,NA,73,COVID-19
2022-01-04,-2 day ahead inc hosp,2022-01-02,DE,15-34,mean,NA,603,COVID-19
2022-01-04,-2 day ahead inc hosp,2022-01-02,DE,35-59,mean,NA,1382,COVID-19
2022-01-04,-2 day ahead inc hosp,2022-01-02,DE,60-79,mean,NA,1745,COVID-19
2022-01-04,-2 day ahead inc hosp,2022-01-02,DE,80+,mean,NA,1298,COVID-19
2022-01-04,-1 day ahead inc hosp,2022-01-03,DE,00-04,mean,NA,89,COVID-19
2022-01-04,-1 day ahead inc hosp,2022-01-03,DE,00+,mean,NA,5210,COVID-19
2022-01-04,-1 day ahead inc hosp,2022-01-03,DE,05-14,mean,NA,72,COVID-19
2022-01-04,-1 day ahead inc hosp,2022-01-03,DE,15-34,mean,NA,619,COVID-19
2022-01-04,-1 day ahead inc hosp,2022-01-03,DE,35-59,mean,NA,1400,COVID-19
2022-01-04,-1 day ahead inc hosp,2022-01-03,DE,60-79,mean,NA,1743,COVID-19
2022-01-04,-1 day ahead inc hosp,2022-01-03,DE,80+,mean,NA,1290,COVID-19
2022-01-04,0 day ahead inc hosp,2022-01-04,DE,00-04,mean,NA,90,COVID-19
2022-01-04,0 day ahead inc hosp,2022-01-04,DE,00+,mean,NA,5314,COVID-19
2022-01-04,0 day ahead inc hosp,2022-01-04,DE,05-14,mean,NA,75,COVID-19
2022-01-04,0 day ahead inc hosp,2022-01-04,DE,15-34,mean,NA,665,COVID-19
2022-01-04,0 day ahead inc hosp,2022-01-04,DE,35-59,mean,NA,1426,COVID-19
2022-01-04,0 day ahead inc hosp,2022-01-04,DE,60-79,mean,NA,1752,COVID-19
2022-01-04,0 day ahead inc hosp,2022-01-04,DE,80+,mean,NA,1308,COVID-19
