forecast_date,target,target_end_date,location,age_group,type,quantile,value,pathogen
2022-11-19,-28 day ahead inc hosp,2022-10-22,DE,00-04,quantile,0.025,270,COVID-19
2022-11-19,-28 day ahead inc hosp,2022-10-22,DE,00-04,quantile,0.1,271,COVID-19
2022-11-19,-28 day ahead inc hosp,2022-10-22,DE,00-04,quantile,0.25,272,COVID-19
2022-11-19,-28 day ahead inc hosp,2022-10-22,DE,00-04,quantile,0.5,273,COVID-19
2022-11-19,-28 day ahead inc hosp,2022-10-22,DE,00-04,quantile,0.75,274,COVID-19
2022-11-19,-28 day ahead inc hosp,2022-10-22,DE,00-04,quantile,0.9,275,COVID-19
2022-11-19,-28 day ahead inc hosp,2022-10-22,DE,00-04,quantile,0.975,276,COVID-19
2022-11-19,-28 day ahead inc hosp,2022-10-22,DE,00+,quantile,0.025,16429,COVID-19
2022-11-19,-28 day ahead inc hosp,2022-10-22,DE,00+,quantile,0.1,16494,COVID-19
2022-11-19,-28 day ahead inc hosp,2022-10-22,DE,00+,quantile,0.25,16560,COVID-19
2022-11-19,-28 day ahead inc hosp,2022-10-22,DE,00+,quantile,0.5,16647,COVID-19
2022-11-19,-28 day ahead inc hosp,2022-10-22,DE,00+,quantile,0.75,16748,COVID-19
2022-11-19,-28 day ahead inc hosp,2022-10-22,DE,00+,quantile,0.9,16854,COVID-19
2022-11-19,-28 day ahead inc hosp,2022-10-22,DE,00+,quantile,0.975,16991,COVID-19
2022-11-19,-28 day ahead inc hosp,2022-10-22,DE,05-14,quantile,0.025,96,COVID-19
2022-11-19,-28 day ahead inc hosp,2022-10-22,DE,05-14,quantile,0.1,96,COVID-19
2022-11-19,-28 day ahead inc hosp,2022-10-22,DE,05-14,quantile,0.25,96,COVID-19
2022-11-19,-28 day ahead inc hosp,2022-10-22,DE,05-14,quantile,0.5,97,COVID-19
2022-11-19,-28 day ahead inc hosp,2022-10-22,DE,05-14,quantile,0.75,98,COVID-19
2022-11-19,-28 day ahead inc hosp,2022-10-22,DE,05-14,quantile,0.9,99,COVID-19
2022-11-19,-28 day ahead inc hosp,2022-10-22,DE,05-14,quantile,0.975,100,COVID-19
2022-11-19,-28 day ahead inc hosp,2022-10-22,DE,15-34,quantile,0.025,820,COVID-19
2022-11-19,-28 day ahead inc hosp,2022-10-22,DE,15-34,quantile,0.1,823,COVID-19
2022-11-19,-28 day ahead inc hosp,2022-10-22,DE,15-34,quantile,0.25,828,COVID-19
2022-11-19,-28 day ahead inc hosp,2022-10-22,DE,15-34,quantile,0.5,835,COVID-19
2022-11-19,-28 day ahead inc hosp,2022-10-22,DE,15-34,quantile,0.75,847,COVID-19
2022-11-19,-28 day ahead inc hosp,2022-10-22,DE,15-34,quantile,0.9,864,COVID-19
2022-11-19,-28 day ahead inc hosp,2022-10-22,DE,15-34,quantile,0.975,892,COVID-19
2022-11-19,-28 day ahead inc hosp,2022-10-22,DE,35-59,quantile,0.025,2117,COVID-19
2022-11-19,-28 day ahead inc hosp,2022-10-22,DE,35-59,quantile,0.1,2129,COVID-19
2022-11-19,-28 day ahead inc hosp,2022-10-22,DE,35-59,quantile,0.25,2144,COVID-19
2022-11-19,-28 day ahead inc hosp,2022-10-22,DE,35-59,quantile,0.5,2168,COVID-19
2022-11-19,-28 day ahead inc hosp,2022-10-22,DE,35-59,quantile,0.75,2202,COVID-19
2022-11-19,-28 day ahead inc hosp,2022-10-22,DE,35-59,quantile,0.9,2245,COVID-19
2022-11-19,-28 day ahead inc hosp,2022-10-22,DE,35-59,quantile,0.975,2312,COVID-19
2022-11-19,-28 day ahead inc hosp,2022-10-22,DE,60-79,quantile,0.025,5826,COVID-19
2022-11-19,-28 day ahead inc hosp,2022-10-22,DE,60-79,quantile,0.1,5845,COVID-19
2022-11-19,-28 day ahead inc hosp,2022-10-22,DE,60-79,quantile,0.25,5864,COVID-19
2022-11-19,-28 day ahead inc hosp,2022-10-22,DE,60-79,quantile,0.5,5888,COVID-19
2022-11-19,-28 day ahead inc hosp,2022-10-22,DE,60-79,quantile,0.75,5915,COVID-19
2022-11-19,-28 day ahead inc hosp,2022-10-22,DE,60-79,quantile,0.9,5942,COVID-19
2022-11-19,-28 day ahead inc hosp,2022-10-22,DE,60-79,quantile,0.975,5976,COVID-19
2022-11-19,-28 day ahead inc hosp,2022-10-22,DE,80+,quantile,0.025,7272,COVID-19
2022-11-19,-28 day ahead inc hosp,2022-10-22,DE,80+,quantile,0.1,7304,COVID-19
2022-11-19,-28 day ahead inc hosp,2022-10-22,DE,80+,quantile,0.25,7339,COVID-19
2022-11-19,-28 day ahead inc hosp,2022-10-22,DE,80+,quantile,0.5,7385,COVID-19
2022-11-19,-28 day ahead inc hosp,2022-10-22,DE,80+,quantile,0.75,7441,COVID-19
2022-11-19,-28 day ahead inc hosp,2022-10-22,DE,80+,quantile,0.9,7502,COVID-19
2022-11-19,-28 day ahead inc hosp,2022-10-22,DE,80+,quantile,0.975,7584,COVID-19
2022-11-19,-27 day ahead inc hosp,2022-10-23,DE,00-04,quantile,0.025,273,COVID-19
2022-11-19,-27 day ahead inc hosp,2022-10-23,DE,00-04,quantile,0.1,274,COVID-19
2022-11-19,-27 day ahead inc hosp,2022-10-23,DE,00-04,quantile,0.25,276,COVID-19
2022-11-19,-27 day ahead inc hosp,2022-10-23,DE,00-04,quantile,0.5,277,COVID-19
2022-11-19,-27 day ahead inc hosp,2022-10-23,DE,00-04,quantile,0.75,278,COVID-19
2022-11-19,-27 day ahead inc hosp,2022-10-23,DE,00-04,quantile,0.9,279,COVID-19
2022-11-19,-27 day ahead inc hosp,2022-10-23,DE,00-04,quantile,0.975,280,COVID-19
2022-11-19,-27 day ahead inc hosp,2022-10-23,DE,00+,quantile,0.025,16308,COVID-19
2022-11-19,-27 day ahead inc hosp,2022-10-23,DE,00+,quantile,0.1,16375,COVID-19
2022-11-19,-27 day ahead inc hosp,2022-10-23,DE,00+,quantile,0.25,16444,COVID-19
2022-11-19,-27 day ahead inc hosp,2022-10-23,DE,00+,quantile,0.5,16533,COVID-19
2022-11-19,-27 day ahead inc hosp,2022-10-23,DE,00+,quantile,0.75,16637,COVID-19
2022-11-19,-27 day ahead inc hosp,2022-10-23,DE,00+,quantile,0.9,16745,COVID-19
2022-11-19,-27 day ahead inc hosp,2022-10-23,DE,00+,quantile,0.975,16885,COVID-19
2022-11-19,-27 day ahead inc hosp,2022-10-23,DE,05-14,quantile,0.025,97,COVID-19
2022-11-19,-27 day ahead inc hosp,2022-10-23,DE,05-14,quantile,0.1,97,COVID-19
2022-11-19,-27 day ahead inc hosp,2022-10-23,DE,05-14,quantile,0.25,97,COVID-19
2022-11-19,-27 day ahead inc hosp,2022-10-23,DE,05-14,quantile,0.5,98,COVID-19
2022-11-19,-27 day ahead inc hosp,2022-10-23,DE,05-14,quantile,0.75,100,COVID-19
2022-11-19,-27 day ahead inc hosp,2022-10-23,DE,05-14,quantile,0.9,101,COVID-19
2022-11-19,-27 day ahead inc hosp,2022-10-23,DE,05-14,quantile,0.975,103,COVID-19
2022-11-19,-27 day ahead inc hosp,2022-10-23,DE,15-34,quantile,0.025,807,COVID-19
2022-11-19,-27 day ahead inc hosp,2022-10-23,DE,15-34,quantile,0.1,811,COVID-19
2022-11-19,-27 day ahead inc hosp,2022-10-23,DE,15-34,quantile,0.25,815,COVID-19
2022-11-19,-27 day ahead inc hosp,2022-10-23,DE,15-34,quantile,0.5,823,COVID-19
2022-11-19,-27 day ahead inc hosp,2022-10-23,DE,15-34,quantile,0.75,836,COVID-19
2022-11-19,-27 day ahead inc hosp,2022-10-23,DE,15-34,quantile,0.9,853,COVID-19
2022-11-19,-27 day ahead inc hosp,2022-10-23,DE,15-34,quantile,0.975,881,COVID-19
2022-11-19,-27 day ahead inc hosp,2022-10-23,DE,35-59,quantile,0.025,2121,COVID-19
2022-11-19,-27 day ahead inc hosp,2022-10-23,DE,35-59,quantile,0.1,2134,COVID-19
2022-11-19,-27 day ahead inc hosp,2022-10-23,DE,35-59,quantile,0.25,2149,COVID-19
2022-11-19,-27 day ahead inc hosp,2022-10-23,DE,35-59,quantile,0.5,2173,COVID-19
2022-11-19,-27 day ahead inc hosp,2022-10-23,DE,35-59,quantile,0.75,2206,COVID-19
2022-11-19,-27 day ahead inc hosp,2022-10-23,DE,35-59,quantile,0.9,2247,COVID-19
2022-11-19,-27 day ahead inc hosp,2022-10-23,DE,35-59,quantile,0.975,2309,COVID-19
2022-11-19,-27 day ahead inc hosp,2022-10-23,DE,60-79,quantile,0.025,5784,COVID-19
2022-11-19,-27 day ahead inc hosp,2022-10-23,DE,60-79,quantile,0.1,5805,COVID-19
2022-11-19,-27 day ahead inc hosp,2022-10-23,DE,60-79,quantile,0.25,5827,COVID-19
2022-11-19,-27 day ahead inc hosp,2022-10-23,DE,60-79,quantile,0.5,5853,COVID-19
2022-11-19,-27 day ahead inc hosp,2022-10-23,DE,60-79,quantile,0.75,5884,COVID-19
2022-11-19,-27 day ahead inc hosp,2022-10-23,DE,60-79,quantile,0.9,5914,COVID-19
2022-11-19,-27 day ahead inc hosp,2022-10-23,DE,60-79,quantile,0.975,5953,COVID-19
2022-11-19,-27 day ahead inc hosp,2022-10-23,DE,80+,quantile,0.025,7197,COVID-19
2022-11-19,-27 day ahead inc hosp,2022-10-23,DE,80+,quantile,0.1,7229,COVID-19
2022-11-19,-27 day ahead inc hosp,2022-10-23,DE,80+,quantile,0.25,7263,COVID-19
2022-11-19,-27 day ahead inc hosp,2022-10-23,DE,80+,quantile,0.5,7308,COVID-19
2022-11-19,-27 day ahead inc hosp,2022-10-23,DE,80+,quantile,0.75,7362,COVID-19
2022-11-19,-27 day ahead inc hosp,2022-10-23,DE,80+,quantile,0.9,7420,COVID-19
2022-11-19,-27 day ahead inc hosp,2022-10-23,DE,80+,quantile,0.975,7497,COVID-19
2022-11-19,-26 day ahead inc hosp,2022-10-24,DE,00-04,quantile,0.025,266,COVID-19
2022-11-19,-26 day ahead inc hosp,2022-10-24,DE,00-04,quantile,0.1,267,COVID-19
2022-11-19,-26 day ahead inc hosp,2022-10-24,DE,00-04,quantile,0.25,268,COVID-19
2022-11-19,-26 day ahead inc hosp,2022-10-24,DE,00-04,quantile,0.5,270,COVID-19
2022-11-19,-26 day ahead inc hosp,2022-10-24,DE,00-04,quantile,0.75,271,COVID-19
2022-11-19,-26 day ahead inc hosp,2022-10-24,DE,00-04,quantile,0.9,272,COVID-19
2022-11-19,-26 day ahead inc hosp,2022-10-24,DE,00-04,quantile,0.975,274,COVID-19
2022-11-19,-26 day ahead inc hosp,2022-10-24,DE,00+,quantile,0.025,16216,COVID-19
2022-11-19,-26 day ahead inc hosp,2022-10-24,DE,00+,quantile,0.1,16282,COVID-19
2022-11-19,-26 day ahead inc hosp,2022-10-24,DE,00+,quantile,0.25,16351,COVID-19
2022-11-19,-26 day ahead inc hosp,2022-10-24,DE,00+,quantile,0.5,16439,COVID-19
2022-11-19,-26 day ahead inc hosp,2022-10-24,DE,00+,quantile,0.75,16542,COVID-19
2022-11-19,-26 day ahead inc hosp,2022-10-24,DE,00+,quantile,0.9,16649,COVID-19
2022-11-19,-26 day ahead inc hosp,2022-10-24,DE,00+,quantile,0.975,16787,COVID-19
2022-11-19,-26 day ahead inc hosp,2022-10-24,DE,05-14,quantile,0.025,98,COVID-19
2022-11-19,-26 day ahead inc hosp,2022-10-24,DE,05-14,quantile,0.1,98,COVID-19
2022-11-19,-26 day ahead inc hosp,2022-10-24,DE,05-14,quantile,0.25,98,COVID-19
2022-11-19,-26 day ahead inc hosp,2022-10-24,DE,05-14,quantile,0.5,99,COVID-19
2022-11-19,-26 day ahead inc hosp,2022-10-24,DE,05-14,quantile,0.75,101,COVID-19
2022-11-19,-26 day ahead inc hosp,2022-10-24,DE,05-14,quantile,0.9,102,COVID-19
2022-11-19,-26 day ahead inc hosp,2022-10-24,DE,05-14,quantile,0.975,104,COVID-19
2022-11-19,-26 day ahead inc hosp,2022-10-24,DE,15-34,quantile,0.025,788,COVID-19
2022-11-19,-26 day ahead inc hosp,2022-10-24,DE,15-34,quantile,0.1,791,COVID-19
2022-11-19,-26 day ahead inc hosp,2022-10-24,DE,15-34,quantile,0.25,796,COVID-19
2022-11-19,-26 day ahead inc hosp,2022-10-24,DE,15-34,quantile,0.5,804,COVID-19
2022-11-19,-26 day ahead inc hosp,2022-10-24,DE,15-34,quantile,0.75,817,COVID-19
2022-11-19,-26 day ahead inc hosp,2022-10-24,DE,15-34,quantile,0.9,834,COVID-19
2022-11-19,-26 day ahead inc hosp,2022-10-24,DE,15-34,quantile,0.975,863,COVID-19
2022-11-19,-26 day ahead inc hosp,2022-10-24,DE,35-59,quantile,0.025,2105,COVID-19
2022-11-19,-26 day ahead inc hosp,2022-10-24,DE,35-59,quantile,0.1,2118,COVID-19
2022-11-19,-26 day ahead inc hosp,2022-10-24,DE,35-59,quantile,0.25,2133,COVID-19
2022-11-19,-26 day ahead inc hosp,2022-10-24,DE,35-59,quantile,0.5,2155,COVID-19
2022-11-19,-26 day ahead inc hosp,2022-10-24,DE,35-59,quantile,0.75,2185,COVID-19
2022-11-19,-26 day ahead inc hosp,2022-10-24,DE,35-59,quantile,0.9,2221,COVID-19
2022-11-19,-26 day ahead inc hosp,2022-10-24,DE,35-59,quantile,0.975,2275,COVID-19
2022-11-19,-26 day ahead inc hosp,2022-10-24,DE,60-79,quantile,0.025,5737,COVID-19
2022-11-19,-26 day ahead inc hosp,2022-10-24,DE,60-79,quantile,0.1,5759,COVID-19
2022-11-19,-26 day ahead inc hosp,2022-10-24,DE,60-79,quantile,0.25,5782,COVID-19
2022-11-19,-26 day ahead inc hosp,2022-10-24,DE,60-79,quantile,0.5,5810,COVID-19
2022-11-19,-26 day ahead inc hosp,2022-10-24,DE,60-79,quantile,0.75,5843,COVID-19
2022-11-19,-26 day ahead inc hosp,2022-10-24,DE,60-79,quantile,0.9,5875,COVID-19
2022-11-19,-26 day ahead inc hosp,2022-10-24,DE,60-79,quantile,0.975,5917,COVID-19
2022-11-19,-26 day ahead inc hosp,2022-10-24,DE,80+,quantile,0.025,7196,COVID-19
2022-11-19,-26 day ahead inc hosp,2022-10-24,DE,80+,quantile,0.1,7227,COVID-19
2022-11-19,-26 day ahead inc hosp,2022-10-24,DE,80+,quantile,0.25,7259,COVID-19
2022-11-19,-26 day ahead inc hosp,2022-10-24,DE,80+,quantile,0.5,7301,COVID-19
2022-11-19,-26 day ahead inc hosp,2022-10-24,DE,80+,quantile,0.75,7350,COVID-19
2022-11-19,-26 day ahead inc hosp,2022-10-24,DE,80+,quantile,0.9,7402,COVID-19
2022-11-19,-26 day ahead inc hosp,2022-10-24,DE,80+,quantile,0.975,7470,COVID-19
2022-11-19,-25 day ahead inc hosp,2022-10-25,DE,00-04,quantile,0.025,273,COVID-19
2022-11-19,-25 day ahead inc hosp,2022-10-25,DE,00-04,quantile,0.1,275,COVID-19
2022-11-19,-25 day ahead inc hosp,2022-10-25,DE,00-04,quantile,0.25,276,COVID-19
2022-11-19,-25 day ahead inc hosp,2022-10-25,DE,00-04,quantile,0.5,278,COVID-19
2022-11-19,-25 day ahead inc hosp,2022-10-25,DE,00-04,quantile,0.75,279,COVID-19
2022-11-19,-25 day ahead inc hosp,2022-10-25,DE,00-04,quantile,0.9,280,COVID-19
2022-11-19,-25 day ahead inc hosp,2022-10-25,DE,00-04,quantile,0.975,282,COVID-19
2022-11-19,-25 day ahead inc hosp,2022-10-25,DE,00+,quantile,0.025,15118,COVID-19
2022-11-19,-25 day ahead inc hosp,2022-10-25,DE,00+,quantile,0.1,15181,COVID-19
2022-11-19,-25 day ahead inc hosp,2022-10-25,DE,00+,quantile,0.25,15244,COVID-19
2022-11-19,-25 day ahead inc hosp,2022-10-25,DE,00+,quantile,0.5,15325,COVID-19
2022-11-19,-25 day ahead inc hosp,2022-10-25,DE,00+,quantile,0.75,15418,COVID-19
2022-11-19,-25 day ahead inc hosp,2022-10-25,DE,00+,quantile,0.9,15514,COVID-19
2022-11-19,-25 day ahead inc hosp,2022-10-25,DE,00+,quantile,0.975,15636,COVID-19
2022-11-19,-25 day ahead inc hosp,2022-10-25,DE,05-14,quantile,0.025,99,COVID-19
2022-11-19,-25 day ahead inc hosp,2022-10-25,DE,05-14,quantile,0.1,99,COVID-19
2022-11-19,-25 day ahead inc hosp,2022-10-25,DE,05-14,quantile,0.25,100,COVID-19
2022-11-19,-25 day ahead inc hosp,2022-10-25,DE,05-14,quantile,0.5,102,COVID-19
2022-11-19,-25 day ahead inc hosp,2022-10-25,DE,05-14,quantile,0.75,104,COVID-19
2022-11-19,-25 day ahead inc hosp,2022-10-25,DE,05-14,quantile,0.9,105,COVID-19
2022-11-19,-25 day ahead inc hosp,2022-10-25,DE,05-14,quantile,0.975,107,COVID-19
2022-11-19,-25 day ahead inc hosp,2022-10-25,DE,15-34,quantile,0.025,723,COVID-19
2022-11-19,-25 day ahead inc hosp,2022-10-25,DE,15-34,quantile,0.1,726,COVID-19
2022-11-19,-25 day ahead inc hosp,2022-10-25,DE,15-34,quantile,0.25,731,COVID-19
2022-11-19,-25 day ahead inc hosp,2022-10-25,DE,15-34,quantile,0.5,740,COVID-19
2022-11-19,-25 day ahead inc hosp,2022-10-25,DE,15-34,quantile,0.75,753,COVID-19
2022-11-19,-25 day ahead inc hosp,2022-10-25,DE,15-34,quantile,0.9,770,COVID-19
2022-11-19,-25 day ahead inc hosp,2022-10-25,DE,15-34,quantile,0.975,801,COVID-19
2022-11-19,-25 day ahead inc hosp,2022-10-25,DE,35-59,quantile,0.025,2005,COVID-19
2022-11-19,-25 day ahead inc hosp,2022-10-25,DE,35-59,quantile,0.1,2017,COVID-19
2022-11-19,-25 day ahead inc hosp,2022-10-25,DE,35-59,quantile,0.25,2032,COVID-19
2022-11-19,-25 day ahead inc hosp,2022-10-25,DE,35-59,quantile,0.5,2053,COVID-19
2022-11-19,-25 day ahead inc hosp,2022-10-25,DE,35-59,quantile,0.75,2082,COVID-19
2022-11-19,-25 day ahead inc hosp,2022-10-25,DE,35-59,quantile,0.9,2116,COVID-19
2022-11-19,-25 day ahead inc hosp,2022-10-25,DE,35-59,quantile,0.975,2167,COVID-19
2022-11-19,-25 day ahead inc hosp,2022-10-25,DE,60-79,quantile,0.025,5339,COVID-19
2022-11-19,-25 day ahead inc hosp,2022-10-25,DE,60-79,quantile,0.1,5361,COVID-19
2022-11-19,-25 day ahead inc hosp,2022-10-25,DE,60-79,quantile,0.25,5383,COVID-19
2022-11-19,-25 day ahead inc hosp,2022-10-25,DE,60-79,quantile,0.5,5411,COVID-19
2022-11-19,-25 day ahead inc hosp,2022-10-25,DE,60-79,quantile,0.75,5443,COVID-19
2022-11-19,-25 day ahead inc hosp,2022-10-25,DE,60-79,quantile,0.9,5476,COVID-19
2022-11-19,-25 day ahead inc hosp,2022-10-25,DE,60-79,quantile,0.975,5518,COVID-19
2022-11-19,-25 day ahead inc hosp,2022-10-25,DE,80+,quantile,0.025,6654,COVID-19
2022-11-19,-25 day ahead inc hosp,2022-10-25,DE,80+,quantile,0.1,6680,COVID-19
2022-11-19,-25 day ahead inc hosp,2022-10-25,DE,80+,quantile,0.25,6708,COVID-19
2022-11-19,-25 day ahead inc hosp,2022-10-25,DE,80+,quantile,0.5,6742,COVID-19
2022-11-19,-25 day ahead inc hosp,2022-10-25,DE,80+,quantile,0.75,6781,COVID-19
2022-11-19,-25 day ahead inc hosp,2022-10-25,DE,80+,quantile,0.9,6820,COVID-19
2022-11-19,-25 day ahead inc hosp,2022-10-25,DE,80+,quantile,0.975,6871,COVID-19
2022-11-19,-24 day ahead inc hosp,2022-10-26,DE,00-04,quantile,0.025,244,COVID-19
2022-11-19,-24 day ahead inc hosp,2022-10-26,DE,00-04,quantile,0.1,246,COVID-19
2022-11-19,-24 day ahead inc hosp,2022-10-26,DE,00-04,quantile,0.25,247,COVID-19
2022-11-19,-24 day ahead inc hosp,2022-10-26,DE,00-04,quantile,0.5,249,COVID-19
2022-11-19,-24 day ahead inc hosp,2022-10-26,DE,00-04,quantile,0.75,251,COVID-19
2022-11-19,-24 day ahead inc hosp,2022-10-26,DE,00-04,quantile,0.9,252,COVID-19
2022-11-19,-24 day ahead inc hosp,2022-10-26,DE,00-04,quantile,0.975,254,COVID-19
2022-11-19,-24 day ahead inc hosp,2022-10-26,DE,00+,quantile,0.025,14051,COVID-19
2022-11-19,-24 day ahead inc hosp,2022-10-26,DE,00+,quantile,0.1,14108,COVID-19
2022-11-19,-24 day ahead inc hosp,2022-10-26,DE,00+,quantile,0.25,14166,COVID-19
2022-11-19,-24 day ahead inc hosp,2022-10-26,DE,00+,quantile,0.5,14238,COVID-19
2022-11-19,-24 day ahead inc hosp,2022-10-26,DE,00+,quantile,0.75,14320,COVID-19
2022-11-19,-24 day ahead inc hosp,2022-10-26,DE,00+,quantile,0.9,14404,COVID-19
2022-11-19,-24 day ahead inc hosp,2022-10-26,DE,00+,quantile,0.975,14509,COVID-19
2022-11-19,-24 day ahead inc hosp,2022-10-26,DE,05-14,quantile,0.025,89,COVID-19
2022-11-19,-24 day ahead inc hosp,2022-10-26,DE,05-14,quantile,0.1,89,COVID-19
2022-11-19,-24 day ahead inc hosp,2022-10-26,DE,05-14,quantile,0.25,90,COVID-19
2022-11-19,-24 day ahead inc hosp,2022-10-26,DE,05-14,quantile,0.5,92,COVID-19
2022-11-19,-24 day ahead inc hosp,2022-10-26,DE,05-14,quantile,0.75,94,COVID-19
2022-11-19,-24 day ahead inc hosp,2022-10-26,DE,05-14,quantile,0.9,95,COVID-19
2022-11-19,-24 day ahead inc hosp,2022-10-26,DE,05-14,quantile,0.975,97,COVID-19
2022-11-19,-24 day ahead inc hosp,2022-10-26,DE,15-34,quantile,0.025,673,COVID-19
2022-11-19,-24 day ahead inc hosp,2022-10-26,DE,15-34,quantile,0.1,677,COVID-19
2022-11-19,-24 day ahead inc hosp,2022-10-26,DE,15-34,quantile,0.25,682,COVID-19
2022-11-19,-24 day ahead inc hosp,2022-10-26,DE,15-34,quantile,0.5,690,COVID-19
2022-11-19,-24 day ahead inc hosp,2022-10-26,DE,15-34,quantile,0.75,702,COVID-19
2022-11-19,-24 day ahead inc hosp,2022-10-26,DE,15-34,quantile,0.9,718,COVID-19
2022-11-19,-24 day ahead inc hosp,2022-10-26,DE,15-34,quantile,0.975,744,COVID-19
2022-11-19,-24 day ahead inc hosp,2022-10-26,DE,35-59,quantile,0.025,1908,COVID-19
2022-11-19,-24 day ahead inc hosp,2022-10-26,DE,35-59,quantile,0.1,1920,COVID-19
2022-11-19,-24 day ahead inc hosp,2022-10-26,DE,35-59,quantile,0.25,1934,COVID-19
2022-11-19,-24 day ahead inc hosp,2022-10-26,DE,35-59,quantile,0.5,1955,COVID-19
2022-11-19,-24 day ahead inc hosp,2022-10-26,DE,35-59,quantile,0.75,1983,COVID-19
2022-11-19,-24 day ahead inc hosp,2022-10-26,DE,35-59,quantile,0.9,2016,COVID-19
2022-11-19,-24 day ahead inc hosp,2022-10-26,DE,35-59,quantile,0.975,2064,COVID-19
2022-11-19,-24 day ahead inc hosp,2022-10-26,DE,60-79,quantile,0.025,5018,COVID-19
2022-11-19,-24 day ahead inc hosp,2022-10-26,DE,60-79,quantile,0.1,5038,COVID-19
2022-11-19,-24 day ahead inc hosp,2022-10-26,DE,60-79,quantile,0.25,5059,COVID-19
2022-11-19,-24 day ahead inc hosp,2022-10-26,DE,60-79,quantile,0.5,5085,COVID-19
2022-11-19,-24 day ahead inc hosp,2022-10-26,DE,60-79,quantile,0.75,5114,COVID-19
2022-11-19,-24 day ahead inc hosp,2022-10-26,DE,60-79,quantile,0.9,5144,COVID-19
2022-11-19,-24 day ahead inc hosp,2022-10-26,DE,60-79,quantile,0.975,5182,COVID-19
2022-11-19,-24 day ahead inc hosp,2022-10-26,DE,80+,quantile,0.025,6098,COVID-19
2022-11-19,-24 day ahead inc hosp,2022-10-26,DE,80+,quantile,0.1,6120,COVID-19
2022-11-19,-24 day ahead inc hosp,2022-10-26,DE,80+,quantile,0.25,6141,COVID-19
2022-11-19,-24 day ahead inc hosp,2022-10-26,DE,80+,quantile,0.5,6168,COVID-19
2022-11-19,-24 day ahead inc hosp,2022-10-26,DE,80+,quantile,0.75,6197,COVID-19
2022-11-19,-24 day ahead inc hosp,2022-10-26,DE,80+,quantile,0.9,6226,COVID-19
2022-11-19,-24 day ahead inc hosp,2022-10-26,DE,80+,quantile,0.975,6261,COVID-19
2022-11-19,-23 day ahead inc hosp,2022-10-27,DE,00-04,quantile,0.025,223,COVID-19
2022-11-19,-23 day ahead inc hosp,2022-10-27,DE,00-04,quantile,0.1,225,COVID-19
2022-11-19,-23 day ahead inc hosp,2022-10-27,DE,00-04,quantile,0.25,227,COVID-19
2022-11-19,-23 day ahead inc hosp,2022-10-27,DE,00-04,quantile,0.5,228,COVID-19
2022-11-19,-23 day ahead inc hosp,2022-10-27,DE,00-04,quantile,0.75,230,COVID-19
2022-11-19,-23 day ahead inc hosp,2022-10-27,DE,00-04,quantile,0.9,232,COVID-19
2022-11-19,-23 day ahead inc hosp,2022-10-27,DE,00-04,quantile,0.975,234,COVID-19
2022-11-19,-23 day ahead inc hosp,2022-10-27,DE,00+,quantile,0.025,13394,COVID-19
2022-11-19,-23 day ahead inc hosp,2022-10-27,DE,00+,quantile,0.1,13449,COVID-19
2022-11-19,-23 day ahead inc hosp,2022-10-27,DE,00+,quantile,0.25,13504,COVID-19
2022-11-19,-23 day ahead inc hosp,2022-10-27,DE,00+,quantile,0.5,13573,COVID-19
2022-11-19,-23 day ahead inc hosp,2022-10-27,DE,00+,quantile,0.75,13651,COVID-19
2022-11-19,-23 day ahead inc hosp,2022-10-27,DE,00+,quantile,0.9,13730,COVID-19
2022-11-19,-23 day ahead inc hosp,2022-10-27,DE,00+,quantile,0.975,13830,COVID-19
2022-11-19,-23 day ahead inc hosp,2022-10-27,DE,05-14,quantile,0.025,90,COVID-19
2022-11-19,-23 day ahead inc hosp,2022-10-27,DE,05-14,quantile,0.1,90,COVID-19
2022-11-19,-23 day ahead inc hosp,2022-10-27,DE,05-14,quantile,0.25,90,COVID-19
2022-11-19,-23 day ahead inc hosp,2022-10-27,DE,05-14,quantile,0.5,92,COVID-19
2022-11-19,-23 day ahead inc hosp,2022-10-27,DE,05-14,quantile,0.75,93,COVID-19
2022-11-19,-23 day ahead inc hosp,2022-10-27,DE,05-14,quantile,0.9,95,COVID-19
2022-11-19,-23 day ahead inc hosp,2022-10-27,DE,05-14,quantile,0.975,97,COVID-19
2022-11-19,-23 day ahead inc hosp,2022-10-27,DE,15-34,quantile,0.025,650,COVID-19
2022-11-19,-23 day ahead inc hosp,2022-10-27,DE,15-34,quantile,0.1,654,COVID-19
2022-11-19,-23 day ahead inc hosp,2022-10-27,DE,15-34,quantile,0.25,659,COVID-19
2022-11-19,-23 day ahead inc hosp,2022-10-27,DE,15-34,quantile,0.5,667,COVID-19
2022-11-19,-23 day ahead inc hosp,2022-10-27,DE,15-34,quantile,0.75,680,COVID-19
2022-11-19,-23 day ahead inc hosp,2022-10-27,DE,15-34,quantile,0.9,697,COVID-19
2022-11-19,-23 day ahead inc hosp,2022-10-27,DE,15-34,quantile,0.975,726,COVID-19
2022-11-19,-23 day ahead inc hosp,2022-10-27,DE,35-59,quantile,0.025,1815,COVID-19
2022-11-19,-23 day ahead inc hosp,2022-10-27,DE,35-59,quantile,0.1,1827,COVID-19
2022-11-19,-23 day ahead inc hosp,2022-10-27,DE,35-59,quantile,0.25,1840,COVID-19
2022-11-19,-23 day ahead inc hosp,2022-10-27,DE,35-59,quantile,0.5,1860,COVID-19
2022-11-19,-23 day ahead inc hosp,2022-10-27,DE,35-59,quantile,0.75,1886,COVID-19
2022-11-19,-23 day ahead inc hosp,2022-10-27,DE,35-59,quantile,0.9,1916,COVID-19
2022-11-19,-23 day ahead inc hosp,2022-10-27,DE,35-59,quantile,0.975,1960,COVID-19
2022-11-19,-23 day ahead inc hosp,2022-10-27,DE,60-79,quantile,0.025,4840,COVID-19
2022-11-19,-23 day ahead inc hosp,2022-10-27,DE,60-79,quantile,0.1,4858,COVID-19
2022-11-19,-23 day ahead inc hosp,2022-10-27,DE,60-79,quantile,0.25,4877,COVID-19
2022-11-19,-23 day ahead inc hosp,2022-10-27,DE,60-79,quantile,0.5,4901,COVID-19
2022-11-19,-23 day ahead inc hosp,2022-10-27,DE,60-79,quantile,0.75,4928,COVID-19
2022-11-19,-23 day ahead inc hosp,2022-10-27,DE,60-79,quantile,0.9,4955,COVID-19
2022-11-19,-23 day ahead inc hosp,2022-10-27,DE,60-79,quantile,0.975,4990,COVID-19
2022-11-19,-23 day ahead inc hosp,2022-10-27,DE,80+,quantile,0.025,5753,COVID-19
2022-11-19,-23 day ahead inc hosp,2022-10-27,DE,80+,quantile,0.1,5775,COVID-19
2022-11-19,-23 day ahead inc hosp,2022-10-27,DE,80+,quantile,0.25,5797,COVID-19
2022-11-19,-23 day ahead inc hosp,2022-10-27,DE,80+,quantile,0.5,5824,COVID-19
2022-11-19,-23 day ahead inc hosp,2022-10-27,DE,80+,quantile,0.75,5855,COVID-19
2022-11-19,-23 day ahead inc hosp,2022-10-27,DE,80+,quantile,0.9,5885,COVID-19
2022-11-19,-23 day ahead inc hosp,2022-10-27,DE,80+,quantile,0.975,5922,COVID-19
2022-11-19,-22 day ahead inc hosp,2022-10-28,DE,00-04,quantile,0.025,227,COVID-19
2022-11-19,-22 day ahead inc hosp,2022-10-28,DE,00-04,quantile,0.1,229,COVID-19
2022-11-19,-22 day ahead inc hosp,2022-10-28,DE,00-04,quantile,0.25,231,COVID-19
2022-11-19,-22 day ahead inc hosp,2022-10-28,DE,00-04,quantile,0.5,233,COVID-19
2022-11-19,-22 day ahead inc hosp,2022-10-28,DE,00-04,quantile,0.75,235,COVID-19
2022-11-19,-22 day ahead inc hosp,2022-10-28,DE,00-04,quantile,0.9,237,COVID-19
2022-11-19,-22 day ahead inc hosp,2022-10-28,DE,00-04,quantile,0.975,239,COVID-19
2022-11-19,-22 day ahead inc hosp,2022-10-28,DE,00+,quantile,0.025,12763,COVID-19
2022-11-19,-22 day ahead inc hosp,2022-10-28,DE,00+,quantile,0.1,12816,COVID-19
2022-11-19,-22 day ahead inc hosp,2022-10-28,DE,00+,quantile,0.25,12869,COVID-19
2022-11-19,-22 day ahead inc hosp,2022-10-28,DE,00+,quantile,0.5,12935,COVID-19
2022-11-19,-22 day ahead inc hosp,2022-10-28,DE,00+,quantile,0.75,13010,COVID-19
2022-11-19,-22 day ahead inc hosp,2022-10-28,DE,00+,quantile,0.9,13085,COVID-19
2022-11-19,-22 day ahead inc hosp,2022-10-28,DE,00+,quantile,0.975,13179,COVID-19
2022-11-19,-22 day ahead inc hosp,2022-10-28,DE,05-14,quantile,0.025,82,COVID-19
2022-11-19,-22 day ahead inc hosp,2022-10-28,DE,05-14,quantile,0.1,82,COVID-19
2022-11-19,-22 day ahead inc hosp,2022-10-28,DE,05-14,quantile,0.25,83,COVID-19
2022-11-19,-22 day ahead inc hosp,2022-10-28,DE,05-14,quantile,0.5,85,COVID-19
2022-11-19,-22 day ahead inc hosp,2022-10-28,DE,05-14,quantile,0.75,87,COVID-19
2022-11-19,-22 day ahead inc hosp,2022-10-28,DE,05-14,quantile,0.9,88,COVID-19
2022-11-19,-22 day ahead inc hosp,2022-10-28,DE,05-14,quantile,0.975,90,COVID-19
2022-11-19,-22 day ahead inc hosp,2022-10-28,DE,15-34,quantile,0.025,622,COVID-19
2022-11-19,-22 day ahead inc hosp,2022-10-28,DE,15-34,quantile,0.1,626,COVID-19
2022-11-19,-22 day ahead inc hosp,2022-10-28,DE,15-34,quantile,0.25,632,COVID-19
2022-11-19,-22 day ahead inc hosp,2022-10-28,DE,15-34,quantile,0.5,641,COVID-19
2022-11-19,-22 day ahead inc hosp,2022-10-28,DE,15-34,quantile,0.75,655,COVID-19
2022-11-19,-22 day ahead inc hosp,2022-10-28,DE,15-34,quantile,0.9,674,COVID-19
2022-11-19,-22 day ahead inc hosp,2022-10-28,DE,15-34,quantile,0.975,706,COVID-19
2022-11-19,-22 day ahead inc hosp,2022-10-28,DE,35-59,quantile,0.025,1714,COVID-19
2022-11-19,-22 day ahead inc hosp,2022-10-28,DE,35-59,quantile,0.1,1725,COVID-19
2022-11-19,-22 day ahead inc hosp,2022-10-28,DE,35-59,quantile,0.25,1738,COVID-19
2022-11-19,-22 day ahead inc hosp,2022-10-28,DE,35-59,quantile,0.5,1756,COVID-19
2022-11-19,-22 day ahead inc hosp,2022-10-28,DE,35-59,quantile,0.75,1780,COVID-19
2022-11-19,-22 day ahead inc hosp,2022-10-28,DE,35-59,quantile,0.9,1807,COVID-19
2022-11-19,-22 day ahead inc hosp,2022-10-28,DE,35-59,quantile,0.975,1846,COVID-19
2022-11-19,-22 day ahead inc hosp,2022-10-28,DE,60-79,quantile,0.025,4612,COVID-19
2022-11-19,-22 day ahead inc hosp,2022-10-28,DE,60-79,quantile,0.1,4631,COVID-19
2022-11-19,-22 day ahead inc hosp,2022-10-28,DE,60-79,quantile,0.25,4649,COVID-19
2022-11-19,-22 day ahead inc hosp,2022-10-28,DE,60-79,quantile,0.5,4672,COVID-19
2022-11-19,-22 day ahead inc hosp,2022-10-28,DE,60-79,quantile,0.75,4699,COVID-19
2022-11-19,-22 day ahead inc hosp,2022-10-28,DE,60-79,quantile,0.9,4725,COVID-19
2022-11-19,-22 day ahead inc hosp,2022-10-28,DE,60-79,quantile,0.975,4758,COVID-19
2022-11-19,-22 day ahead inc hosp,2022-10-28,DE,80+,quantile,0.025,5476,COVID-19
2022-11-19,-22 day ahead inc hosp,2022-10-28,DE,80+,quantile,0.1,5498,COVID-19
2022-11-19,-22 day ahead inc hosp,2022-10-28,DE,80+,quantile,0.25,5520,COVID-19
2022-11-19,-22 day ahead inc hosp,2022-10-28,DE,80+,quantile,0.5,5547,COVID-19
2022-11-19,-22 day ahead inc hosp,2022-10-28,DE,80+,quantile,0.75,5577,COVID-19
2022-11-19,-22 day ahead inc hosp,2022-10-28,DE,80+,quantile,0.9,5607,COVID-19
2022-11-19,-22 day ahead inc hosp,2022-10-28,DE,80+,quantile,0.975,5645,COVID-19
2022-11-19,-21 day ahead inc hosp,2022-10-29,DE,00-04,quantile,0.025,215,COVID-19
2022-11-19,-21 day ahead inc hosp,2022-10-29,DE,00-04,quantile,0.1,217,COVID-19
2022-11-19,-21 day ahead inc hosp,2022-10-29,DE,00-04,quantile,0.25,219,COVID-19
2022-11-19,-21 day ahead inc hosp,2022-10-29,DE,00-04,quantile,0.5,222,COVID-19
2022-11-19,-21 day ahead inc hosp,2022-10-29,DE,00-04,quantile,0.75,224,COVID-19
2022-11-19,-21 day ahead inc hosp,2022-10-29,DE,00-04,quantile,0.9,226,COVID-19
2022-11-19,-21 day ahead inc hosp,2022-10-29,DE,00-04,quantile,0.975,228,COVID-19
2022-11-19,-21 day ahead inc hosp,2022-10-29,DE,00+,quantile,0.025,12148,COVID-19
2022-11-19,-21 day ahead inc hosp,2022-10-29,DE,00+,quantile,0.1,12197,COVID-19
2022-11-19,-21 day ahead inc hosp,2022-10-29,DE,00+,quantile,0.25,12246,COVID-19
2022-11-19,-21 day ahead inc hosp,2022-10-29,DE,00+,quantile,0.5,12306,COVID-19
2022-11-19,-21 day ahead inc hosp,2022-10-29,DE,00+,quantile,0.75,12373,COVID-19
2022-11-19,-21 day ahead inc hosp,2022-10-29,DE,00+,quantile,0.9,12440,COVID-19
2022-11-19,-21 day ahead inc hosp,2022-10-29,DE,00+,quantile,0.975,12523,COVID-19
2022-11-19,-21 day ahead inc hosp,2022-10-29,DE,05-14,quantile,0.025,82,COVID-19
2022-11-19,-21 day ahead inc hosp,2022-10-29,DE,05-14,quantile,0.1,82,COVID-19
2022-11-19,-21 day ahead inc hosp,2022-10-29,DE,05-14,quantile,0.25,83,COVID-19
2022-11-19,-21 day ahead inc hosp,2022-10-29,DE,05-14,quantile,0.5,85,COVID-19
2022-11-19,-21 day ahead inc hosp,2022-10-29,DE,05-14,quantile,0.75,87,COVID-19
2022-11-19,-21 day ahead inc hosp,2022-10-29,DE,05-14,quantile,0.9,88,COVID-19
2022-11-19,-21 day ahead inc hosp,2022-10-29,DE,05-14,quantile,0.975,90,COVID-19
2022-11-19,-21 day ahead inc hosp,2022-10-29,DE,15-34,quantile,0.025,549,COVID-19
2022-11-19,-21 day ahead inc hosp,2022-10-29,DE,15-34,quantile,0.1,553,COVID-19
2022-11-19,-21 day ahead inc hosp,2022-10-29,DE,15-34,quantile,0.25,559,COVID-19
2022-11-19,-21 day ahead inc hosp,2022-10-29,DE,15-34,quantile,0.5,569,COVID-19
2022-11-19,-21 day ahead inc hosp,2022-10-29,DE,15-34,quantile,0.75,584,COVID-19
2022-11-19,-21 day ahead inc hosp,2022-10-29,DE,15-34,quantile,0.9,604,COVID-19
2022-11-19,-21 day ahead inc hosp,2022-10-29,DE,15-34,quantile,0.975,637,COVID-19
2022-11-19,-21 day ahead inc hosp,2022-10-29,DE,35-59,quantile,0.025,1657,COVID-19
2022-11-19,-21 day ahead inc hosp,2022-10-29,DE,35-59,quantile,0.1,1667,COVID-19
2022-11-19,-21 day ahead inc hosp,2022-10-29,DE,35-59,quantile,0.25,1679,COVID-19
2022-11-19,-21 day ahead inc hosp,2022-10-29,DE,35-59,quantile,0.5,1695,COVID-19
2022-11-19,-21 day ahead inc hosp,2022-10-29,DE,35-59,quantile,0.75,1716,COVID-19
2022-11-19,-21 day ahead inc hosp,2022-10-29,DE,35-59,quantile,0.9,1739,COVID-19
2022-11-19,-21 day ahead inc hosp,2022-10-29,DE,35-59,quantile,0.975,1771,COVID-19
2022-11-19,-21 day ahead inc hosp,2022-10-29,DE,60-79,quantile,0.025,4404,COVID-19
2022-11-19,-21 day ahead inc hosp,2022-10-29,DE,60-79,quantile,0.1,4423,COVID-19
2022-11-19,-21 day ahead inc hosp,2022-10-29,DE,60-79,quantile,0.25,4442,COVID-19
2022-11-19,-21 day ahead inc hosp,2022-10-29,DE,60-79,quantile,0.5,4466,COVID-19
2022-11-19,-21 day ahead inc hosp,2022-10-29,DE,60-79,quantile,0.75,4493,COVID-19
2022-11-19,-21 day ahead inc hosp,2022-10-29,DE,60-79,quantile,0.9,4521,COVID-19
2022-11-19,-21 day ahead inc hosp,2022-10-29,DE,60-79,quantile,0.975,4556,COVID-19
2022-11-19,-21 day ahead inc hosp,2022-10-29,DE,80+,quantile,0.025,5199,COVID-19
2022-11-19,-21 day ahead inc hosp,2022-10-29,DE,80+,quantile,0.1,5221,COVID-19
2022-11-19,-21 day ahead inc hosp,2022-10-29,DE,80+,quantile,0.25,5242,COVID-19
2022-11-19,-21 day ahead inc hosp,2022-10-29,DE,80+,quantile,0.5,5269,COVID-19
2022-11-19,-21 day ahead inc hosp,2022-10-29,DE,80+,quantile,0.75,5299,COVID-19
2022-11-19,-21 day ahead inc hosp,2022-10-29,DE,80+,quantile,0.9,5328,COVID-19
2022-11-19,-21 day ahead inc hosp,2022-10-29,DE,80+,quantile,0.975,5365,COVID-19
2022-11-19,-20 day ahead inc hosp,2022-10-30,DE,00-04,quantile,0.025,205,COVID-19
2022-11-19,-20 day ahead inc hosp,2022-10-30,DE,00-04,quantile,0.1,208,COVID-19
2022-11-19,-20 day ahead inc hosp,2022-10-30,DE,00-04,quantile,0.25,210,COVID-19
2022-11-19,-20 day ahead inc hosp,2022-10-30,DE,00-04,quantile,0.5,212,COVID-19
2022-11-19,-20 day ahead inc hosp,2022-10-30,DE,00-04,quantile,0.75,215,COVID-19
2022-11-19,-20 day ahead inc hosp,2022-10-30,DE,00-04,quantile,0.9,217,COVID-19
2022-11-19,-20 day ahead inc hosp,2022-10-30,DE,00-04,quantile,0.975,219,COVID-19
2022-11-19,-20 day ahead inc hosp,2022-10-30,DE,00+,quantile,0.025,11979,COVID-19
2022-11-19,-20 day ahead inc hosp,2022-10-30,DE,00+,quantile,0.1,12029,COVID-19
2022-11-19,-20 day ahead inc hosp,2022-10-30,DE,00+,quantile,0.25,12080,COVID-19
2022-11-19,-20 day ahead inc hosp,2022-10-30,DE,00+,quantile,0.5,12143,COVID-19
2022-11-19,-20 day ahead inc hosp,2022-10-30,DE,00+,quantile,0.75,12213,COVID-19
2022-11-19,-20 day ahead inc hosp,2022-10-30,DE,00+,quantile,0.9,12284,COVID-19
2022-11-19,-20 day ahead inc hosp,2022-10-30,DE,00+,quantile,0.975,12373,COVID-19
2022-11-19,-20 day ahead inc hosp,2022-10-30,DE,05-14,quantile,0.025,85,COVID-19
2022-11-19,-20 day ahead inc hosp,2022-10-30,DE,05-14,quantile,0.1,85,COVID-19
2022-11-19,-20 day ahead inc hosp,2022-10-30,DE,05-14,quantile,0.25,86,COVID-19
2022-11-19,-20 day ahead inc hosp,2022-10-30,DE,05-14,quantile,0.5,88,COVID-19
2022-11-19,-20 day ahead inc hosp,2022-10-30,DE,05-14,quantile,0.75,90,COVID-19
2022-11-19,-20 day ahead inc hosp,2022-10-30,DE,05-14,quantile,0.9,91,COVID-19
2022-11-19,-20 day ahead inc hosp,2022-10-30,DE,05-14,quantile,0.975,93,COVID-19
2022-11-19,-20 day ahead inc hosp,2022-10-30,DE,15-34,quantile,0.025,538,COVID-19
2022-11-19,-20 day ahead inc hosp,2022-10-30,DE,15-34,quantile,0.1,542,COVID-19
2022-11-19,-20 day ahead inc hosp,2022-10-30,DE,15-34,quantile,0.25,548,COVID-19
2022-11-19,-20 day ahead inc hosp,2022-10-30,DE,15-34,quantile,0.5,558,COVID-19
2022-11-19,-20 day ahead inc hosp,2022-10-30,DE,15-34,quantile,0.75,573,COVID-19
2022-11-19,-20 day ahead inc hosp,2022-10-30,DE,15-34,quantile,0.9,592,COVID-19
2022-11-19,-20 day ahead inc hosp,2022-10-30,DE,15-34,quantile,0.975,626,COVID-19
2022-11-19,-20 day ahead inc hosp,2022-10-30,DE,35-59,quantile,0.025,1632,COVID-19
2022-11-19,-20 day ahead inc hosp,2022-10-30,DE,35-59,quantile,0.1,1642,COVID-19
2022-11-19,-20 day ahead inc hosp,2022-10-30,DE,35-59,quantile,0.25,1653,COVID-19
2022-11-19,-20 day ahead inc hosp,2022-10-30,DE,35-59,quantile,0.5,1667,COVID-19
2022-11-19,-20 day ahead inc hosp,2022-10-30,DE,35-59,quantile,0.75,1685,COVID-19
2022-11-19,-20 day ahead inc hosp,2022-10-30,DE,35-59,quantile,0.9,1704,COVID-19
2022-11-19,-20 day ahead inc hosp,2022-10-30,DE,35-59,quantile,0.975,1731,COVID-19
2022-11-19,-20 day ahead inc hosp,2022-10-30,DE,60-79,quantile,0.025,4343,COVID-19
2022-11-19,-20 day ahead inc hosp,2022-10-30,DE,60-79,quantile,0.1,4363,COVID-19
2022-11-19,-20 day ahead inc hosp,2022-10-30,DE,60-79,quantile,0.25,4383,COVID-19
2022-11-19,-20 day ahead inc hosp,2022-10-30,DE,60-79,quantile,0.5,4409,COVID-19
2022-11-19,-20 day ahead inc hosp,2022-10-30,DE,60-79,quantile,0.75,4440,COVID-19
2022-11-19,-20 day ahead inc hosp,2022-10-30,DE,60-79,quantile,0.9,4471,COVID-19
2022-11-19,-20 day ahead inc hosp,2022-10-30,DE,60-79,quantile,0.975,4511,COVID-19
2022-11-19,-20 day ahead inc hosp,2022-10-30,DE,80+,quantile,0.025,5140,COVID-19
2022-11-19,-20 day ahead inc hosp,2022-10-30,DE,80+,quantile,0.1,5161,COVID-19
2022-11-19,-20 day ahead inc hosp,2022-10-30,DE,80+,quantile,0.25,5182,COVID-19
2022-11-19,-20 day ahead inc hosp,2022-10-30,DE,80+,quantile,0.5,5208,COVID-19
2022-11-19,-20 day ahead inc hosp,2022-10-30,DE,80+,quantile,0.75,5236,COVID-19
2022-11-19,-20 day ahead inc hosp,2022-10-30,DE,80+,quantile,0.9,5265,COVID-19
2022-11-19,-20 day ahead inc hosp,2022-10-30,DE,80+,quantile,0.975,5300,COVID-19
2022-11-19,-19 day ahead inc hosp,2022-10-31,DE,00-04,quantile,0.025,202,COVID-19
2022-11-19,-19 day ahead inc hosp,2022-10-31,DE,00-04,quantile,0.1,204,COVID-19
2022-11-19,-19 day ahead inc hosp,2022-10-31,DE,00-04,quantile,0.25,207,COVID-19
2022-11-19,-19 day ahead inc hosp,2022-10-31,DE,00-04,quantile,0.5,209,COVID-19
2022-11-19,-19 day ahead inc hosp,2022-10-31,DE,00-04,quantile,0.75,212,COVID-19
2022-11-19,-19 day ahead inc hosp,2022-10-31,DE,00-04,quantile,0.9,214,COVID-19
2022-11-19,-19 day ahead inc hosp,2022-10-31,DE,00-04,quantile,0.975,217,COVID-19
2022-11-19,-19 day ahead inc hosp,2022-10-31,DE,00+,quantile,0.025,11850,COVID-19
2022-11-19,-19 day ahead inc hosp,2022-10-31,DE,00+,quantile,0.1,11900,COVID-19
2022-11-19,-19 day ahead inc hosp,2022-10-31,DE,00+,quantile,0.25,11950,COVID-19
2022-11-19,-19 day ahead inc hosp,2022-10-31,DE,00+,quantile,0.5,12013,COVID-19
2022-11-19,-19 day ahead inc hosp,2022-10-31,DE,00+,quantile,0.75,12083,COVID-19
2022-11-19,-19 day ahead inc hosp,2022-10-31,DE,00+,quantile,0.9,12153,COVID-19
2022-11-19,-19 day ahead inc hosp,2022-10-31,DE,00+,quantile,0.975,12241,COVID-19
2022-11-19,-19 day ahead inc hosp,2022-10-31,DE,05-14,quantile,0.025,80,COVID-19
2022-11-19,-19 day ahead inc hosp,2022-10-31,DE,05-14,quantile,0.1,80,COVID-19
2022-11-19,-19 day ahead inc hosp,2022-10-31,DE,05-14,quantile,0.25,81,COVID-19
2022-11-19,-19 day ahead inc hosp,2022-10-31,DE,05-14,quantile,0.5,83,COVID-19
2022-11-19,-19 day ahead inc hosp,2022-10-31,DE,05-14,quantile,0.75,85,COVID-19
2022-11-19,-19 day ahead inc hosp,2022-10-31,DE,05-14,quantile,0.9,86,COVID-19
2022-11-19,-19 day ahead inc hosp,2022-10-31,DE,05-14,quantile,0.975,88,COVID-19
2022-11-19,-19 day ahead inc hosp,2022-10-31,DE,15-34,quantile,0.025,541,COVID-19
2022-11-19,-19 day ahead inc hosp,2022-10-31,DE,15-34,quantile,0.1,545,COVID-19
2022-11-19,-19 day ahead inc hosp,2022-10-31,DE,15-34,quantile,0.25,551,COVID-19
2022-11-19,-19 day ahead inc hosp,2022-10-31,DE,15-34,quantile,0.5,560,COVID-19
2022-11-19,-19 day ahead inc hosp,2022-10-31,DE,15-34,quantile,0.75,572,COVID-19
2022-11-19,-19 day ahead inc hosp,2022-10-31,DE,15-34,quantile,0.9,589,COVID-19
2022-11-19,-19 day ahead inc hosp,2022-10-31,DE,15-34,quantile,0.975,615,COVID-19
2022-11-19,-19 day ahead inc hosp,2022-10-31,DE,35-59,quantile,0.025,1630,COVID-19
2022-11-19,-19 day ahead inc hosp,2022-10-31,DE,35-59,quantile,0.1,1639,COVID-19
2022-11-19,-19 day ahead inc hosp,2022-10-31,DE,35-59,quantile,0.25,1648,COVID-19
2022-11-19,-19 day ahead inc hosp,2022-10-31,DE,35-59,quantile,0.5,1661,COVID-19
2022-11-19,-19 day ahead inc hosp,2022-10-31,DE,35-59,quantile,0.75,1675,COVID-19
2022-11-19,-19 day ahead inc hosp,2022-10-31,DE,35-59,quantile,0.9,1691,COVID-19
2022-11-19,-19 day ahead inc hosp,2022-10-31,DE,35-59,quantile,0.975,1712,COVID-19
2022-11-19,-19 day ahead inc hosp,2022-10-31,DE,60-79,quantile,0.025,4294,COVID-19
2022-11-19,-19 day ahead inc hosp,2022-10-31,DE,60-79,quantile,0.1,4313,COVID-19
2022-11-19,-19 day ahead inc hosp,2022-10-31,DE,60-79,quantile,0.25,4333,COVID-19
2022-11-19,-19 day ahead inc hosp,2022-10-31,DE,60-79,quantile,0.5,4359,COVID-19
2022-11-19,-19 day ahead inc hosp,2022-10-31,DE,60-79,quantile,0.75,4388,COVID-19
2022-11-19,-19 day ahead inc hosp,2022-10-31,DE,60-79,quantile,0.9,4417,COVID-19
2022-11-19,-19 day ahead inc hosp,2022-10-31,DE,60-79,quantile,0.975,4455,COVID-19
2022-11-19,-19 day ahead inc hosp,2022-10-31,DE,80+,quantile,0.025,5073,COVID-19
2022-11-19,-19 day ahead inc hosp,2022-10-31,DE,80+,quantile,0.1,5094,COVID-19
2022-11-19,-19 day ahead inc hosp,2022-10-31,DE,80+,quantile,0.25,5116,COVID-19
2022-11-19,-19 day ahead inc hosp,2022-10-31,DE,80+,quantile,0.5,5141,COVID-19
2022-11-19,-19 day ahead inc hosp,2022-10-31,DE,80+,quantile,0.75,5170,COVID-19
2022-11-19,-19 day ahead inc hosp,2022-10-31,DE,80+,quantile,0.9,5199,COVID-19
2022-11-19,-19 day ahead inc hosp,2022-10-31,DE,80+,quantile,0.975,5235,COVID-19
2022-11-19,-18 day ahead inc hosp,2022-11-01,DE,00-04,quantile,0.025,173,COVID-19
2022-11-19,-18 day ahead inc hosp,2022-11-01,DE,00-04,quantile,0.1,176,COVID-19
2022-11-19,-18 day ahead inc hosp,2022-11-01,DE,00-04,quantile,0.25,179,COVID-19
2022-11-19,-18 day ahead inc hosp,2022-11-01,DE,00-04,quantile,0.5,182,COVID-19
2022-11-19,-18 day ahead inc hosp,2022-11-01,DE,00-04,quantile,0.75,185,COVID-19
2022-11-19,-18 day ahead inc hosp,2022-11-01,DE,00-04,quantile,0.9,187,COVID-19
2022-11-19,-18 day ahead inc hosp,2022-11-01,DE,00-04,quantile,0.975,190,COVID-19
2022-11-19,-18 day ahead inc hosp,2022-11-01,DE,00+,quantile,0.025,10007,COVID-19
2022-11-19,-18 day ahead inc hosp,2022-11-01,DE,00+,quantile,0.1,10058,COVID-19
2022-11-19,-18 day ahead inc hosp,2022-11-01,DE,00+,quantile,0.25,10108,COVID-19
2022-11-19,-18 day ahead inc hosp,2022-11-01,DE,00+,quantile,0.5,10172,COVID-19
2022-11-19,-18 day ahead inc hosp,2022-11-01,DE,00+,quantile,0.75,10245,COVID-19
2022-11-19,-18 day ahead inc hosp,2022-11-01,DE,00+,quantile,0.9,10318,COVID-19
2022-11-19,-18 day ahead inc hosp,2022-11-01,DE,00+,quantile,0.975,10411,COVID-19
2022-11-19,-18 day ahead inc hosp,2022-11-01,DE,05-14,quantile,0.025,62,COVID-19
2022-11-19,-18 day ahead inc hosp,2022-11-01,DE,05-14,quantile,0.1,62,COVID-19
2022-11-19,-18 day ahead inc hosp,2022-11-01,DE,05-14,quantile,0.25,63,COVID-19
2022-11-19,-18 day ahead inc hosp,2022-11-01,DE,05-14,quantile,0.5,65,COVID-19
2022-11-19,-18 day ahead inc hosp,2022-11-01,DE,05-14,quantile,0.75,66,COVID-19
2022-11-19,-18 day ahead inc hosp,2022-11-01,DE,05-14,quantile,0.9,68,COVID-19
2022-11-19,-18 day ahead inc hosp,2022-11-01,DE,05-14,quantile,0.975,69,COVID-19
2022-11-19,-18 day ahead inc hosp,2022-11-01,DE,15-34,quantile,0.025,481,COVID-19
2022-11-19,-18 day ahead inc hosp,2022-11-01,DE,15-34,quantile,0.1,485,COVID-19
2022-11-19,-18 day ahead inc hosp,2022-11-01,DE,15-34,quantile,0.25,489,COVID-19
2022-11-19,-18 day ahead inc hosp,2022-11-01,DE,15-34,quantile,0.5,496,COVID-19
2022-11-19,-18 day ahead inc hosp,2022-11-01,DE,15-34,quantile,0.75,506,COVID-19
2022-11-19,-18 day ahead inc hosp,2022-11-01,DE,15-34,quantile,0.9,519,COVID-19
2022-11-19,-18 day ahead inc hosp,2022-11-01,DE,15-34,quantile,0.975,538,COVID-19
2022-11-19,-18 day ahead inc hosp,2022-11-01,DE,35-59,quantile,0.025,1392,COVID-19
2022-11-19,-18 day ahead inc hosp,2022-11-01,DE,35-59,quantile,0.1,1401,COVID-19
2022-11-19,-18 day ahead inc hosp,2022-11-01,DE,35-59,quantile,0.25,1410,COVID-19
2022-11-19,-18 day ahead inc hosp,2022-11-01,DE,35-59,quantile,0.5,1421,COVID-19
2022-11-19,-18 day ahead inc hosp,2022-11-01,DE,35-59,quantile,0.75,1435,COVID-19
2022-11-19,-18 day ahead inc hosp,2022-11-01,DE,35-59,quantile,0.9,1449,COVID-19
2022-11-19,-18 day ahead inc hosp,2022-11-01,DE,35-59,quantile,0.975,1468,COVID-19
2022-11-19,-18 day ahead inc hosp,2022-11-01,DE,60-79,quantile,0.025,3595,COVID-19
2022-11-19,-18 day ahead inc hosp,2022-11-01,DE,60-79,quantile,0.1,3614,COVID-19
2022-11-19,-18 day ahead inc hosp,2022-11-01,DE,60-79,quantile,0.25,3634,COVID-19
2022-11-19,-18 day ahead inc hosp,2022-11-01,DE,60-79,quantile,0.5,3659,COVID-19
2022-11-19,-18 day ahead inc hosp,2022-11-01,DE,60-79,quantile,0.75,3689,COVID-19
2022-11-19,-18 day ahead inc hosp,2022-11-01,DE,60-79,quantile,0.9,3720,COVID-19
2022-11-19,-18 day ahead inc hosp,2022-11-01,DE,60-79,quantile,0.975,3760,COVID-19
2022-11-19,-18 day ahead inc hosp,2022-11-01,DE,80+,quantile,0.025,4286,COVID-19
2022-11-19,-18 day ahead inc hosp,2022-11-01,DE,80+,quantile,0.1,4306,COVID-19
2022-11-19,-18 day ahead inc hosp,2022-11-01,DE,80+,quantile,0.25,4325,COVID-19
2022-11-19,-18 day ahead inc hosp,2022-11-01,DE,80+,quantile,0.5,4349,COVID-19
2022-11-19,-18 day ahead inc hosp,2022-11-01,DE,80+,quantile,0.75,4375,COVID-19
2022-11-19,-18 day ahead inc hosp,2022-11-01,DE,80+,quantile,0.9,4402,COVID-19
2022-11-19,-18 day ahead inc hosp,2022-11-01,DE,80+,quantile,0.975,4434,COVID-19
2022-11-19,-17 day ahead inc hosp,2022-11-02,DE,00-04,quantile,0.025,169,COVID-19
2022-11-19,-17 day ahead inc hosp,2022-11-02,DE,00-04,quantile,0.1,171,COVID-19
2022-11-19,-17 day ahead inc hosp,2022-11-02,DE,00-04,quantile,0.25,174,COVID-19
2022-11-19,-17 day ahead inc hosp,2022-11-02,DE,00-04,quantile,0.5,177,COVID-19
2022-11-19,-17 day ahead inc hosp,2022-11-02,DE,00-04,quantile,0.75,181,COVID-19
2022-11-19,-17 day ahead inc hosp,2022-11-02,DE,00-04,quantile,0.9,183,COVID-19
2022-11-19,-17 day ahead inc hosp,2022-11-02,DE,00-04,quantile,0.975,187,COVID-19
2022-11-19,-17 day ahead inc hosp,2022-11-02,DE,00+,quantile,0.025,9056,COVID-19
2022-11-19,-17 day ahead inc hosp,2022-11-02,DE,00+,quantile,0.1,9104,COVID-19
2022-11-19,-17 day ahead inc hosp,2022-11-02,DE,00+,quantile,0.25,9153,COVID-19
2022-11-19,-17 day ahead inc hosp,2022-11-02,DE,00+,quantile,0.5,9215,COVID-19
2022-11-19,-17 day ahead inc hosp,2022-11-02,DE,00+,quantile,0.75,9286,COVID-19
2022-11-19,-17 day ahead inc hosp,2022-11-02,DE,00+,quantile,0.9,9358,COVID-19
2022-11-19,-17 day ahead inc hosp,2022-11-02,DE,00+,quantile,0.975,9450,COVID-19
2022-11-19,-17 day ahead inc hosp,2022-11-02,DE,05-14,quantile,0.025,61,COVID-19
2022-11-19,-17 day ahead inc hosp,2022-11-02,DE,05-14,quantile,0.1,61,COVID-19
2022-11-19,-17 day ahead inc hosp,2022-11-02,DE,05-14,quantile,0.25,61,COVID-19
2022-11-19,-17 day ahead inc hosp,2022-11-02,DE,05-14,quantile,0.5,63,COVID-19
2022-11-19,-17 day ahead inc hosp,2022-11-02,DE,05-14,quantile,0.75,65,COVID-19
2022-11-19,-17 day ahead inc hosp,2022-11-02,DE,05-14,quantile,0.9,66,COVID-19
2022-11-19,-17 day ahead inc hosp,2022-11-02,DE,05-14,quantile,0.975,68,COVID-19
2022-11-19,-17 day ahead inc hosp,2022-11-02,DE,15-34,quantile,0.025,440,COVID-19
2022-11-19,-17 day ahead inc hosp,2022-11-02,DE,15-34,quantile,0.1,443,COVID-19
2022-11-19,-17 day ahead inc hosp,2022-11-02,DE,15-34,quantile,0.25,447,COVID-19
2022-11-19,-17 day ahead inc hosp,2022-11-02,DE,15-34,quantile,0.5,453,COVID-19
2022-11-19,-17 day ahead inc hosp,2022-11-02,DE,15-34,quantile,0.75,461,COVID-19
2022-11-19,-17 day ahead inc hosp,2022-11-02,DE,15-34,quantile,0.9,472,COVID-19
2022-11-19,-17 day ahead inc hosp,2022-11-02,DE,15-34,quantile,0.975,488,COVID-19
2022-11-19,-17 day ahead inc hosp,2022-11-02,DE,35-59,quantile,0.025,1212,COVID-19
2022-11-19,-17 day ahead inc hosp,2022-11-02,DE,35-59,quantile,0.1,1220,COVID-19
2022-11-19,-17 day ahead inc hosp,2022-11-02,DE,35-59,quantile,0.25,1228,COVID-19
2022-11-19,-17 day ahead inc hosp,2022-11-02,DE,35-59,quantile,0.5,1238,COVID-19
2022-11-19,-17 day ahead inc hosp,2022-11-02,DE,35-59,quantile,0.75,1251,COVID-19
2022-11-19,-17 day ahead inc hosp,2022-11-02,DE,35-59,quantile,0.9,1263,COVID-19
2022-11-19,-17 day ahead inc hosp,2022-11-02,DE,35-59,quantile,0.975,1280,COVID-19
2022-11-19,-17 day ahead inc hosp,2022-11-02,DE,60-79,quantile,0.025,3238,COVID-19
2022-11-19,-17 day ahead inc hosp,2022-11-02,DE,60-79,quantile,0.1,3257,COVID-19
2022-11-19,-17 day ahead inc hosp,2022-11-02,DE,60-79,quantile,0.25,3276,COVID-19
2022-11-19,-17 day ahead inc hosp,2022-11-02,DE,60-79,quantile,0.5,3302,COVID-19
2022-11-19,-17 day ahead inc hosp,2022-11-02,DE,60-79,quantile,0.75,3332,COVID-19
2022-11-19,-17 day ahead inc hosp,2022-11-02,DE,60-79,quantile,0.9,3364,COVID-19
2022-11-19,-17 day ahead inc hosp,2022-11-02,DE,60-79,quantile,0.975,3406,COVID-19
2022-11-19,-17 day ahead inc hosp,2022-11-02,DE,80+,quantile,0.025,3924,COVID-19
2022-11-19,-17 day ahead inc hosp,2022-11-02,DE,80+,quantile,0.1,3941,COVID-19
2022-11-19,-17 day ahead inc hosp,2022-11-02,DE,80+,quantile,0.25,3959,COVID-19
2022-11-19,-17 day ahead inc hosp,2022-11-02,DE,80+,quantile,0.5,3981,COVID-19
2022-11-19,-17 day ahead inc hosp,2022-11-02,DE,80+,quantile,0.75,4005,COVID-19
2022-11-19,-17 day ahead inc hosp,2022-11-02,DE,80+,quantile,0.9,4029,COVID-19
2022-11-19,-17 day ahead inc hosp,2022-11-02,DE,80+,quantile,0.975,4059,COVID-19
2022-11-19,-16 day ahead inc hosp,2022-11-03,DE,00-04,quantile,0.025,171,COVID-19
2022-11-19,-16 day ahead inc hosp,2022-11-03,DE,00-04,quantile,0.1,173,COVID-19
2022-11-19,-16 day ahead inc hosp,2022-11-03,DE,00-04,quantile,0.25,176,COVID-19
2022-11-19,-16 day ahead inc hosp,2022-11-03,DE,00-04,quantile,0.5,179,COVID-19
2022-11-19,-16 day ahead inc hosp,2022-11-03,DE,00-04,quantile,0.75,182,COVID-19
2022-11-19,-16 day ahead inc hosp,2022-11-03,DE,00-04,quantile,0.9,185,COVID-19
2022-11-19,-16 day ahead inc hosp,2022-11-03,DE,00-04,quantile,0.975,189,COVID-19
2022-11-19,-16 day ahead inc hosp,2022-11-03,DE,00+,quantile,0.025,9118,COVID-19
2022-11-19,-16 day ahead inc hosp,2022-11-03,DE,00+,quantile,0.1,9170,COVID-19
2022-11-19,-16 day ahead inc hosp,2022-11-03,DE,00+,quantile,0.25,9223,COVID-19
2022-11-19,-16 day ahead inc hosp,2022-11-03,DE,00+,quantile,0.5,9291,COVID-19
2022-11-19,-16 day ahead inc hosp,2022-11-03,DE,00+,quantile,0.75,9369,COVID-19
2022-11-19,-16 day ahead inc hosp,2022-11-03,DE,00+,quantile,0.9,9449,COVID-19
2022-11-19,-16 day ahead inc hosp,2022-11-03,DE,00+,quantile,0.975,9552,COVID-19
2022-11-19,-16 day ahead inc hosp,2022-11-03,DE,05-14,quantile,0.025,54,COVID-19
2022-11-19,-16 day ahead inc hosp,2022-11-03,DE,05-14,quantile,0.1,54,COVID-19
2022-11-19,-16 day ahead inc hosp,2022-11-03,DE,05-14,quantile,0.25,56,COVID-19
2022-11-19,-16 day ahead inc hosp,2022-11-03,DE,05-14,quantile,0.5,58,COVID-19
2022-11-19,-16 day ahead inc hosp,2022-11-03,DE,05-14,quantile,0.75,60,COVID-19
2022-11-19,-16 day ahead inc hosp,2022-11-03,DE,05-14,quantile,0.9,61,COVID-19
2022-11-19,-16 day ahead inc hosp,2022-11-03,DE,05-14,quantile,0.975,63,COVID-19
2022-11-19,-16 day ahead inc hosp,2022-11-03,DE,15-34,quantile,0.025,448,COVID-19
2022-11-19,-16 day ahead inc hosp,2022-11-03,DE,15-34,quantile,0.1,451,COVID-19
2022-11-19,-16 day ahead inc hosp,2022-11-03,DE,15-34,quantile,0.25,455,COVID-19
2022-11-19,-16 day ahead inc hosp,2022-11-03,DE,15-34,quantile,0.5,461,COVID-19
2022-11-19,-16 day ahead inc hosp,2022-11-03,DE,15-34,quantile,0.75,470,COVID-19
2022-11-19,-16 day ahead inc hosp,2022-11-03,DE,15-34,quantile,0.9,480,COVID-19
2022-11-19,-16 day ahead inc hosp,2022-11-03,DE,15-34,quantile,0.975,496,COVID-19
2022-11-19,-16 day ahead inc hosp,2022-11-03,DE,35-59,quantile,0.025,1213,COVID-19
2022-11-19,-16 day ahead inc hosp,2022-11-03,DE,35-59,quantile,0.1,1222,COVID-19
2022-11-19,-16 day ahead inc hosp,2022-11-03,DE,35-59,quantile,0.25,1232,COVID-19
2022-11-19,-16 day ahead inc hosp,2022-11-03,DE,35-59,quantile,0.5,1245,COVID-19
2022-11-19,-16 day ahead inc hosp,2022-11-03,DE,35-59,quantile,0.75,1260,COVID-19
2022-11-19,-16 day ahead inc hosp,2022-11-03,DE,35-59,quantile,0.9,1277,COVID-19
2022-11-19,-16 day ahead inc hosp,2022-11-03,DE,35-59,quantile,0.975,1299,COVID-19
2022-11-19,-16 day ahead inc hosp,2022-11-03,DE,60-79,quantile,0.025,3246,COVID-19
2022-11-19,-16 day ahead inc hosp,2022-11-03,DE,60-79,quantile,0.1,3266,COVID-19
2022-11-19,-16 day ahead inc hosp,2022-11-03,DE,60-79,quantile,0.25,3288,COVID-19
2022-11-19,-16 day ahead inc hosp,2022-11-03,DE,60-79,quantile,0.5,3317,COVID-19
2022-11-19,-16 day ahead inc hosp,2022-11-03,DE,60-79,quantile,0.75,3351,COVID-19
2022-11-19,-16 day ahead inc hosp,2022-11-03,DE,60-79,quantile,0.9,3387,COVID-19
2022-11-19,-16 day ahead inc hosp,2022-11-03,DE,60-79,quantile,0.975,3435,COVID-19
2022-11-19,-16 day ahead inc hosp,2022-11-03,DE,80+,quantile,0.025,3972,COVID-19
2022-11-19,-16 day ahead inc hosp,2022-11-03,DE,80+,quantile,0.1,3990,COVID-19
2022-11-19,-16 day ahead inc hosp,2022-11-03,DE,80+,quantile,0.25,4009,COVID-19
2022-11-19,-16 day ahead inc hosp,2022-11-03,DE,80+,quantile,0.5,4031,COVID-19
2022-11-19,-16 day ahead inc hosp,2022-11-03,DE,80+,quantile,0.75,4057,COVID-19
2022-11-19,-16 day ahead inc hosp,2022-11-03,DE,80+,quantile,0.9,4082,COVID-19
2022-11-19,-16 day ahead inc hosp,2022-11-03,DE,80+,quantile,0.975,4113,COVID-19
2022-11-19,-15 day ahead inc hosp,2022-11-04,DE,00-04,quantile,0.025,167,COVID-19
2022-11-19,-15 day ahead inc hosp,2022-11-04,DE,00-04,quantile,0.1,168,COVID-19
2022-11-19,-15 day ahead inc hosp,2022-11-04,DE,00-04,quantile,0.25,171,COVID-19
2022-11-19,-15 day ahead inc hosp,2022-11-04,DE,00-04,quantile,0.5,174,COVID-19
2022-11-19,-15 day ahead inc hosp,2022-11-04,DE,00-04,quantile,0.75,178,COVID-19
2022-11-19,-15 day ahead inc hosp,2022-11-04,DE,00-04,quantile,0.9,181,COVID-19
2022-11-19,-15 day ahead inc hosp,2022-11-04,DE,00-04,quantile,0.975,184,COVID-19
2022-11-19,-15 day ahead inc hosp,2022-11-04,DE,00+,quantile,0.025,8877,COVID-19
2022-11-19,-15 day ahead inc hosp,2022-11-04,DE,00+,quantile,0.1,8930,COVID-19
2022-11-19,-15 day ahead inc hosp,2022-11-04,DE,00+,quantile,0.25,8985,COVID-19
2022-11-19,-15 day ahead inc hosp,2022-11-04,DE,00+,quantile,0.5,9054,COVID-19
2022-11-19,-15 day ahead inc hosp,2022-11-04,DE,00+,quantile,0.75,9135,COVID-19
2022-11-19,-15 day ahead inc hosp,2022-11-04,DE,00+,quantile,0.9,9218,COVID-19
2022-11-19,-15 day ahead inc hosp,2022-11-04,DE,00+,quantile,0.975,9324,COVID-19
2022-11-19,-15 day ahead inc hosp,2022-11-04,DE,05-14,quantile,0.025,60,COVID-19
2022-11-19,-15 day ahead inc hosp,2022-11-04,DE,05-14,quantile,0.1,60,COVID-19
2022-11-19,-15 day ahead inc hosp,2022-11-04,DE,05-14,quantile,0.25,62,COVID-19
2022-11-19,-15 day ahead inc hosp,2022-11-04,DE,05-14,quantile,0.5,64,COVID-19
2022-11-19,-15 day ahead inc hosp,2022-11-04,DE,05-14,quantile,0.75,66,COVID-19
2022-11-19,-15 day ahead inc hosp,2022-11-04,DE,05-14,quantile,0.9,68,COVID-19
2022-11-19,-15 day ahead inc hosp,2022-11-04,DE,05-14,quantile,0.975,70,COVID-19
2022-11-19,-15 day ahead inc hosp,2022-11-04,DE,15-34,quantile,0.025,456,COVID-19
2022-11-19,-15 day ahead inc hosp,2022-11-04,DE,15-34,quantile,0.1,460,COVID-19
2022-11-19,-15 day ahead inc hosp,2022-11-04,DE,15-34,quantile,0.25,464,COVID-19
2022-11-19,-15 day ahead inc hosp,2022-11-04,DE,15-34,quantile,0.5,471,COVID-19
2022-11-19,-15 day ahead inc hosp,2022-11-04,DE,15-34,quantile,0.75,481,COVID-19
2022-11-19,-15 day ahead inc hosp,2022-11-04,DE,15-34,quantile,0.9,492,COVID-19
2022-11-19,-15 day ahead inc hosp,2022-11-04,DE,15-34,quantile,0.975,510,COVID-19
2022-11-19,-15 day ahead inc hosp,2022-11-04,DE,35-59,quantile,0.025,1172,COVID-19
2022-11-19,-15 day ahead inc hosp,2022-11-04,DE,35-59,quantile,0.1,1181,COVID-19
2022-11-19,-15 day ahead inc hosp,2022-11-04,DE,35-59,quantile,0.25,1192,COVID-19
2022-11-19,-15 day ahead inc hosp,2022-11-04,DE,35-59,quantile,0.5,1206,COVID-19
2022-11-19,-15 day ahead inc hosp,2022-11-04,DE,35-59,quantile,0.75,1222,COVID-19
2022-11-19,-15 day ahead inc hosp,2022-11-04,DE,35-59,quantile,0.9,1240,COVID-19
2022-11-19,-15 day ahead inc hosp,2022-11-04,DE,35-59,quantile,0.975,1264,COVID-19
2022-11-19,-15 day ahead inc hosp,2022-11-04,DE,60-79,quantile,0.025,3132,COVID-19
2022-11-19,-15 day ahead inc hosp,2022-11-04,DE,60-79,quantile,0.1,3154,COVID-19
2022-11-19,-15 day ahead inc hosp,2022-11-04,DE,60-79,quantile,0.25,3177,COVID-19
2022-11-19,-15 day ahead inc hosp,2022-11-04,DE,60-79,quantile,0.5,3207,COVID-19
2022-11-19,-15 day ahead inc hosp,2022-11-04,DE,60-79,quantile,0.75,3244,COVID-19
2022-11-19,-15 day ahead inc hosp,2022-11-04,DE,60-79,quantile,0.9,3284,COVID-19
2022-11-19,-15 day ahead inc hosp,2022-11-04,DE,60-79,quantile,0.975,3337,COVID-19
2022-11-19,-15 day ahead inc hosp,2022-11-04,DE,80+,quantile,0.025,3875,COVID-19
2022-11-19,-15 day ahead inc hosp,2022-11-04,DE,80+,quantile,0.1,3893,COVID-19
2022-11-19,-15 day ahead inc hosp,2022-11-04,DE,80+,quantile,0.25,3911,COVID-19
2022-11-19,-15 day ahead inc hosp,2022-11-04,DE,80+,quantile,0.5,3932,COVID-19
2022-11-19,-15 day ahead inc hosp,2022-11-04,DE,80+,quantile,0.75,3956,COVID-19
2022-11-19,-15 day ahead inc hosp,2022-11-04,DE,80+,quantile,0.9,3979,COVID-19
2022-11-19,-15 day ahead inc hosp,2022-11-04,DE,80+,quantile,0.975,4008,COVID-19
2022-11-19,-14 day ahead inc hosp,2022-11-05,DE,00-04,quantile,0.025,172,COVID-19
2022-11-19,-14 day ahead inc hosp,2022-11-05,DE,00-04,quantile,0.1,174,COVID-19
2022-11-19,-14 day ahead inc hosp,2022-11-05,DE,00-04,quantile,0.25,177,COVID-19
2022-11-19,-14 day ahead inc hosp,2022-11-05,DE,00-04,quantile,0.5,180,COVID-19
2022-11-19,-14 day ahead inc hosp,2022-11-05,DE,00-04,quantile,0.75,183,COVID-19
2022-11-19,-14 day ahead inc hosp,2022-11-05,DE,00-04,quantile,0.9,186,COVID-19
2022-11-19,-14 day ahead inc hosp,2022-11-05,DE,00-04,quantile,0.975,189,COVID-19
2022-11-19,-14 day ahead inc hosp,2022-11-05,DE,00+,quantile,0.025,8673,COVID-19
2022-11-19,-14 day ahead inc hosp,2022-11-05,DE,00+,quantile,0.1,8729,COVID-19
2022-11-19,-14 day ahead inc hosp,2022-11-05,DE,00+,quantile,0.25,8788,COVID-19
2022-11-19,-14 day ahead inc hosp,2022-11-05,DE,00+,quantile,0.5,8863,COVID-19
2022-11-19,-14 day ahead inc hosp,2022-11-05,DE,00+,quantile,0.75,8951,COVID-19
2022-11-19,-14 day ahead inc hosp,2022-11-05,DE,00+,quantile,0.9,9042,COVID-19
2022-11-19,-14 day ahead inc hosp,2022-11-05,DE,00+,quantile,0.975,9160,COVID-19
2022-11-19,-14 day ahead inc hosp,2022-11-05,DE,05-14,quantile,0.025,63,COVID-19
2022-11-19,-14 day ahead inc hosp,2022-11-05,DE,05-14,quantile,0.1,63,COVID-19
2022-11-19,-14 day ahead inc hosp,2022-11-05,DE,05-14,quantile,0.25,65,COVID-19
2022-11-19,-14 day ahead inc hosp,2022-11-05,DE,05-14,quantile,0.5,67,COVID-19
2022-11-19,-14 day ahead inc hosp,2022-11-05,DE,05-14,quantile,0.75,70,COVID-19
2022-11-19,-14 day ahead inc hosp,2022-11-05,DE,05-14,quantile,0.9,72,COVID-19
2022-11-19,-14 day ahead inc hosp,2022-11-05,DE,05-14,quantile,0.975,74,COVID-19
2022-11-19,-14 day ahead inc hosp,2022-11-05,DE,15-34,quantile,0.025,468,COVID-19
2022-11-19,-14 day ahead inc hosp,2022-11-05,DE,15-34,quantile,0.1,472,COVID-19
2022-11-19,-14 day ahead inc hosp,2022-11-05,DE,15-34,quantile,0.25,477,COVID-19
2022-11-19,-14 day ahead inc hosp,2022-11-05,DE,15-34,quantile,0.5,485,COVID-19
2022-11-19,-14 day ahead inc hosp,2022-11-05,DE,15-34,quantile,0.75,496,COVID-19
2022-11-19,-14 day ahead inc hosp,2022-11-05,DE,15-34,quantile,0.9,509,COVID-19
2022-11-19,-14 day ahead inc hosp,2022-11-05,DE,15-34,quantile,0.975,530,COVID-19
2022-11-19,-14 day ahead inc hosp,2022-11-05,DE,35-59,quantile,0.025,1141,COVID-19
2022-11-19,-14 day ahead inc hosp,2022-11-05,DE,35-59,quantile,0.1,1151,COVID-19
2022-11-19,-14 day ahead inc hosp,2022-11-05,DE,35-59,quantile,0.25,1162,COVID-19
2022-11-19,-14 day ahead inc hosp,2022-11-05,DE,35-59,quantile,0.5,1176,COVID-19
2022-11-19,-14 day ahead inc hosp,2022-11-05,DE,35-59,quantile,0.75,1193,COVID-19
2022-11-19,-14 day ahead inc hosp,2022-11-05,DE,35-59,quantile,0.9,1211,COVID-19
2022-11-19,-14 day ahead inc hosp,2022-11-05,DE,35-59,quantile,0.975,1235,COVID-19
2022-11-19,-14 day ahead inc hosp,2022-11-05,DE,60-79,quantile,0.025,3042,COVID-19
2022-11-19,-14 day ahead inc hosp,2022-11-05,DE,60-79,quantile,0.1,3065,COVID-19
2022-11-19,-14 day ahead inc hosp,2022-11-05,DE,60-79,quantile,0.25,3090,COVID-19
2022-11-19,-14 day ahead inc hosp,2022-11-05,DE,60-79,quantile,0.5,3123,COVID-19
2022-11-19,-14 day ahead inc hosp,2022-11-05,DE,60-79,quantile,0.75,3164,COVID-19
2022-11-19,-14 day ahead inc hosp,2022-11-05,DE,60-79,quantile,0.9,3208,COVID-19
2022-11-19,-14 day ahead inc hosp,2022-11-05,DE,60-79,quantile,0.975,3268,COVID-19
2022-11-19,-14 day ahead inc hosp,2022-11-05,DE,80+,quantile,0.025,3773,COVID-19
2022-11-19,-14 day ahead inc hosp,2022-11-05,DE,80+,quantile,0.1,3791,COVID-19
2022-11-19,-14 day ahead inc hosp,2022-11-05,DE,80+,quantile,0.25,3809,COVID-19
2022-11-19,-14 day ahead inc hosp,2022-11-05,DE,80+,quantile,0.5,3831,COVID-19
2022-11-19,-14 day ahead inc hosp,2022-11-05,DE,80+,quantile,0.75,3856,COVID-19
2022-11-19,-14 day ahead inc hosp,2022-11-05,DE,80+,quantile,0.9,3880,COVID-19
2022-11-19,-14 day ahead inc hosp,2022-11-05,DE,80+,quantile,0.975,3910,COVID-19
2022-11-19,-13 day ahead inc hosp,2022-11-06,DE,00-04,quantile,0.025,171,COVID-19
2022-11-19,-13 day ahead inc hosp,2022-11-06,DE,00-04,quantile,0.1,173,COVID-19
2022-11-19,-13 day ahead inc hosp,2022-11-06,DE,00-04,quantile,0.25,176,COVID-19
2022-11-19,-13 day ahead inc hosp,2022-11-06,DE,00-04,quantile,0.5,179,COVID-19
2022-11-19,-13 day ahead inc hosp,2022-11-06,DE,00-04,quantile,0.75,182,COVID-19
2022-11-19,-13 day ahead inc hosp,2022-11-06,DE,00-04,quantile,0.9,185,COVID-19
2022-11-19,-13 day ahead inc hosp,2022-11-06,DE,00-04,quantile,0.975,188,COVID-19
2022-11-19,-13 day ahead inc hosp,2022-11-06,DE,00+,quantile,0.025,8645,COVID-19
2022-11-19,-13 day ahead inc hosp,2022-11-06,DE,00+,quantile,0.1,8703,COVID-19
2022-11-19,-13 day ahead inc hosp,2022-11-06,DE,00+,quantile,0.25,8763,COVID-19
2022-11-19,-13 day ahead inc hosp,2022-11-06,DE,00+,quantile,0.5,8841,COVID-19
2022-11-19,-13 day ahead inc hosp,2022-11-06,DE,00+,quantile,0.75,8932,COVID-19
2022-11-19,-13 day ahead inc hosp,2022-11-06,DE,00+,quantile,0.9,9028,COVID-19
2022-11-19,-13 day ahead inc hosp,2022-11-06,DE,00+,quantile,0.975,9152,COVID-19
2022-11-19,-13 day ahead inc hosp,2022-11-06,DE,05-14,quantile,0.025,60,COVID-19
2022-11-19,-13 day ahead inc hosp,2022-11-06,DE,05-14,quantile,0.1,60,COVID-19
2022-11-19,-13 day ahead inc hosp,2022-11-06,DE,05-14,quantile,0.25,62,COVID-19
2022-11-19,-13 day ahead inc hosp,2022-11-06,DE,05-14,quantile,0.5,64,COVID-19
2022-11-19,-13 day ahead inc hosp,2022-11-06,DE,05-14,quantile,0.75,67,COVID-19
2022-11-19,-13 day ahead inc hosp,2022-11-06,DE,05-14,quantile,0.9,69,COVID-19
2022-11-19,-13 day ahead inc hosp,2022-11-06,DE,05-14,quantile,0.975,71,COVID-19
2022-11-19,-13 day ahead inc hosp,2022-11-06,DE,15-34,quantile,0.025,480,COVID-19
2022-11-19,-13 day ahead inc hosp,2022-11-06,DE,15-34,quantile,0.1,484,COVID-19
2022-11-19,-13 day ahead inc hosp,2022-11-06,DE,15-34,quantile,0.25,489,COVID-19
2022-11-19,-13 day ahead inc hosp,2022-11-06,DE,15-34,quantile,0.5,497,COVID-19
2022-11-19,-13 day ahead inc hosp,2022-11-06,DE,15-34,quantile,0.75,509,COVID-19
2022-11-19,-13 day ahead inc hosp,2022-11-06,DE,15-34,quantile,0.9,523,COVID-19
2022-11-19,-13 day ahead inc hosp,2022-11-06,DE,15-34,quantile,0.975,545,COVID-19
2022-11-19,-13 day ahead inc hosp,2022-11-06,DE,35-59,quantile,0.025,1132,COVID-19
2022-11-19,-13 day ahead inc hosp,2022-11-06,DE,35-59,quantile,0.1,1142,COVID-19
2022-11-19,-13 day ahead inc hosp,2022-11-06,DE,35-59,quantile,0.25,1152,COVID-19
2022-11-19,-13 day ahead inc hosp,2022-11-06,DE,35-59,quantile,0.5,1166,COVID-19
2022-11-19,-13 day ahead inc hosp,2022-11-06,DE,35-59,quantile,0.75,1183,COVID-19
2022-11-19,-13 day ahead inc hosp,2022-11-06,DE,35-59,quantile,0.9,1200,COVID-19
2022-11-19,-13 day ahead inc hosp,2022-11-06,DE,35-59,quantile,0.975,1224,COVID-19
2022-11-19,-13 day ahead inc hosp,2022-11-06,DE,60-79,quantile,0.025,3037,COVID-19
2022-11-19,-13 day ahead inc hosp,2022-11-06,DE,60-79,quantile,0.1,3060,COVID-19
2022-11-19,-13 day ahead inc hosp,2022-11-06,DE,60-79,quantile,0.25,3086,COVID-19
2022-11-19,-13 day ahead inc hosp,2022-11-06,DE,60-79,quantile,0.5,3120,COVID-19
2022-11-19,-13 day ahead inc hosp,2022-11-06,DE,60-79,quantile,0.75,3163,COVID-19
2022-11-19,-13 day ahead inc hosp,2022-11-06,DE,60-79,quantile,0.9,3209,COVID-19
2022-11-19,-13 day ahead inc hosp,2022-11-06,DE,60-79,quantile,0.975,3273,COVID-19
2022-11-19,-13 day ahead inc hosp,2022-11-06,DE,80+,quantile,0.025,3755,COVID-19
2022-11-19,-13 day ahead inc hosp,2022-11-06,DE,80+,quantile,0.1,3773,COVID-19
2022-11-19,-13 day ahead inc hosp,2022-11-06,DE,80+,quantile,0.25,3791,COVID-19
2022-11-19,-13 day ahead inc hosp,2022-11-06,DE,80+,quantile,0.5,3814,COVID-19
2022-11-19,-13 day ahead inc hosp,2022-11-06,DE,80+,quantile,0.75,3839,COVID-19
2022-11-19,-13 day ahead inc hosp,2022-11-06,DE,80+,quantile,0.9,3865,COVID-19
2022-11-19,-13 day ahead inc hosp,2022-11-06,DE,80+,quantile,0.975,3896,COVID-19
2022-11-19,-12 day ahead inc hosp,2022-11-07,DE,00-04,quantile,0.025,168,COVID-19
2022-11-19,-12 day ahead inc hosp,2022-11-07,DE,00-04,quantile,0.1,170,COVID-19
2022-11-19,-12 day ahead inc hosp,2022-11-07,DE,00-04,quantile,0.25,173,COVID-19
2022-11-19,-12 day ahead inc hosp,2022-11-07,DE,00-04,quantile,0.5,176,COVID-19
2022-11-19,-12 day ahead inc hosp,2022-11-07,DE,00-04,quantile,0.75,179,COVID-19
2022-11-19,-12 day ahead inc hosp,2022-11-07,DE,00-04,quantile,0.9,182,COVID-19
2022-11-19,-12 day ahead inc hosp,2022-11-07,DE,00-04,quantile,0.975,185,COVID-19
2022-11-19,-12 day ahead inc hosp,2022-11-07,DE,00+,quantile,0.025,8534,COVID-19
2022-11-19,-12 day ahead inc hosp,2022-11-07,DE,00+,quantile,0.1,8594,COVID-19
2022-11-19,-12 day ahead inc hosp,2022-11-07,DE,00+,quantile,0.25,8658,COVID-19
2022-11-19,-12 day ahead inc hosp,2022-11-07,DE,00+,quantile,0.5,8740,COVID-19
2022-11-19,-12 day ahead inc hosp,2022-11-07,DE,00+,quantile,0.75,8838,COVID-19
2022-11-19,-12 day ahead inc hosp,2022-11-07,DE,00+,quantile,0.9,8942,COVID-19
2022-11-19,-12 day ahead inc hosp,2022-11-07,DE,00+,quantile,0.975,9078,COVID-19
2022-11-19,-12 day ahead inc hosp,2022-11-07,DE,05-14,quantile,0.025,60,COVID-19
2022-11-19,-12 day ahead inc hosp,2022-11-07,DE,05-14,quantile,0.1,60,COVID-19
2022-11-19,-12 day ahead inc hosp,2022-11-07,DE,05-14,quantile,0.25,62,COVID-19
2022-11-19,-12 day ahead inc hosp,2022-11-07,DE,05-14,quantile,0.5,64,COVID-19
2022-11-19,-12 day ahead inc hosp,2022-11-07,DE,05-14,quantile,0.75,67,COVID-19
2022-11-19,-12 day ahead inc hosp,2022-11-07,DE,05-14,quantile,0.9,69,COVID-19
2022-11-19,-12 day ahead inc hosp,2022-11-07,DE,05-14,quantile,0.975,71,COVID-19
2022-11-19,-12 day ahead inc hosp,2022-11-07,DE,15-34,quantile,0.025,472,COVID-19
2022-11-19,-12 day ahead inc hosp,2022-11-07,DE,15-34,quantile,0.1,476,COVID-19
2022-11-19,-12 day ahead inc hosp,2022-11-07,DE,15-34,quantile,0.25,481,COVID-19
2022-11-19,-12 day ahead inc hosp,2022-11-07,DE,15-34,quantile,0.5,489,COVID-19
2022-11-19,-12 day ahead inc hosp,2022-11-07,DE,15-34,quantile,0.75,501,COVID-19
2022-11-19,-12 day ahead inc hosp,2022-11-07,DE,15-34,quantile,0.9,515,COVID-19
2022-11-19,-12 day ahead inc hosp,2022-11-07,DE,15-34,quantile,0.975,538,COVID-19
2022-11-19,-12 day ahead inc hosp,2022-11-07,DE,35-59,quantile,0.025,1127,COVID-19
2022-11-19,-12 day ahead inc hosp,2022-11-07,DE,35-59,quantile,0.1,1137,COVID-19
2022-11-19,-12 day ahead inc hosp,2022-11-07,DE,35-59,quantile,0.25,1148,COVID-19
2022-11-19,-12 day ahead inc hosp,2022-11-07,DE,35-59,quantile,0.5,1163,COVID-19
2022-11-19,-12 day ahead inc hosp,2022-11-07,DE,35-59,quantile,0.75,1180,COVID-19
2022-11-19,-12 day ahead inc hosp,2022-11-07,DE,35-59,quantile,0.9,1199,COVID-19
2022-11-19,-12 day ahead inc hosp,2022-11-07,DE,35-59,quantile,0.975,1224,COVID-19
2022-11-19,-12 day ahead inc hosp,2022-11-07,DE,60-79,quantile,0.025,3006,COVID-19
2022-11-19,-12 day ahead inc hosp,2022-11-07,DE,60-79,quantile,0.1,3030,COVID-19
2022-11-19,-12 day ahead inc hosp,2022-11-07,DE,60-79,quantile,0.25,3056,COVID-19
2022-11-19,-12 day ahead inc hosp,2022-11-07,DE,60-79,quantile,0.5,3090,COVID-19
2022-11-19,-12 day ahead inc hosp,2022-11-07,DE,60-79,quantile,0.75,3133,COVID-19
2022-11-19,-12 day ahead inc hosp,2022-11-07,DE,60-79,quantile,0.9,3180,COVID-19
2022-11-19,-12 day ahead inc hosp,2022-11-07,DE,60-79,quantile,0.975,3244,COVID-19
2022-11-19,-12 day ahead inc hosp,2022-11-07,DE,80+,quantile,0.025,3691,COVID-19
2022-11-19,-12 day ahead inc hosp,2022-11-07,DE,80+,quantile,0.1,3711,COVID-19
2022-11-19,-12 day ahead inc hosp,2022-11-07,DE,80+,quantile,0.25,3732,COVID-19
2022-11-19,-12 day ahead inc hosp,2022-11-07,DE,80+,quantile,0.5,3758,COVID-19
2022-11-19,-12 day ahead inc hosp,2022-11-07,DE,80+,quantile,0.75,3788,COVID-19
2022-11-19,-12 day ahead inc hosp,2022-11-07,DE,80+,quantile,0.9,3818,COVID-19
2022-11-19,-12 day ahead inc hosp,2022-11-07,DE,80+,quantile,0.975,3855,COVID-19
2022-11-19,-11 day ahead inc hosp,2022-11-08,DE,00-04,quantile,0.025,170,COVID-19
2022-11-19,-11 day ahead inc hosp,2022-11-08,DE,00-04,quantile,0.1,173,COVID-19
2022-11-19,-11 day ahead inc hosp,2022-11-08,DE,00-04,quantile,0.25,176,COVID-19
2022-11-19,-11 day ahead inc hosp,2022-11-08,DE,00-04,quantile,0.5,179,COVID-19
2022-11-19,-11 day ahead inc hosp,2022-11-08,DE,00-04,quantile,0.75,182,COVID-19
2022-11-19,-11 day ahead inc hosp,2022-11-08,DE,00-04,quantile,0.9,185,COVID-19
2022-11-19,-11 day ahead inc hosp,2022-11-08,DE,00-04,quantile,0.975,188,COVID-19
2022-11-19,-11 day ahead inc hosp,2022-11-08,DE,00+,quantile,0.025,8873,COVID-19
2022-11-19,-11 day ahead inc hosp,2022-11-08,DE,00+,quantile,0.1,8941,COVID-19
2022-11-19,-11 day ahead inc hosp,2022-11-08,DE,00+,quantile,0.25,9012,COVID-19
2022-11-19,-11 day ahead inc hosp,2022-11-08,DE,00+,quantile,0.5,9105,COVID-19
2022-11-19,-11 day ahead inc hosp,2022-11-08,DE,00+,quantile,0.75,9216,COVID-19
2022-11-19,-11 day ahead inc hosp,2022-11-08,DE,00+,quantile,0.9,9332,COVID-19
2022-11-19,-11 day ahead inc hosp,2022-11-08,DE,00+,quantile,0.975,9484,COVID-19
2022-11-19,-11 day ahead inc hosp,2022-11-08,DE,05-14,quantile,0.025,60,COVID-19
2022-11-19,-11 day ahead inc hosp,2022-11-08,DE,05-14,quantile,0.1,60,COVID-19
2022-11-19,-11 day ahead inc hosp,2022-11-08,DE,05-14,quantile,0.25,62,COVID-19
2022-11-19,-11 day ahead inc hosp,2022-11-08,DE,05-14,quantile,0.5,65,COVID-19
2022-11-19,-11 day ahead inc hosp,2022-11-08,DE,05-14,quantile,0.75,67,COVID-19
2022-11-19,-11 day ahead inc hosp,2022-11-08,DE,05-14,quantile,0.9,69,COVID-19
2022-11-19,-11 day ahead inc hosp,2022-11-08,DE,05-14,quantile,0.975,72,COVID-19
2022-11-19,-11 day ahead inc hosp,2022-11-08,DE,15-34,quantile,0.025,499,COVID-19
2022-11-19,-11 day ahead inc hosp,2022-11-08,DE,15-34,quantile,0.1,504,COVID-19
2022-11-19,-11 day ahead inc hosp,2022-11-08,DE,15-34,quantile,0.25,510,COVID-19
2022-11-19,-11 day ahead inc hosp,2022-11-08,DE,15-34,quantile,0.5,519,COVID-19
2022-11-19,-11 day ahead inc hosp,2022-11-08,DE,15-34,quantile,0.75,533,COVID-19
2022-11-19,-11 day ahead inc hosp,2022-11-08,DE,15-34,quantile,0.9,550,COVID-19
2022-11-19,-11 day ahead inc hosp,2022-11-08,DE,15-34,quantile,0.975,576,COVID-19
2022-11-19,-11 day ahead inc hosp,2022-11-08,DE,35-59,quantile,0.025,1149,COVID-19
2022-11-19,-11 day ahead inc hosp,2022-11-08,DE,35-59,quantile,0.1,1161,COVID-19
2022-11-19,-11 day ahead inc hosp,2022-11-08,DE,35-59,quantile,0.25,1172,COVID-19
2022-11-19,-11 day ahead inc hosp,2022-11-08,DE,35-59,quantile,0.5,1188,COVID-19
2022-11-19,-11 day ahead inc hosp,2022-11-08,DE,35-59,quantile,0.75,1207,COVID-19
2022-11-19,-11 day ahead inc hosp,2022-11-08,DE,35-59,quantile,0.9,1227,COVID-19
2022-11-19,-11 day ahead inc hosp,2022-11-08,DE,35-59,quantile,0.975,1254,COVID-19
2022-11-19,-11 day ahead inc hosp,2022-11-08,DE,60-79,quantile,0.025,3152,COVID-19
2022-11-19,-11 day ahead inc hosp,2022-11-08,DE,60-79,quantile,0.1,3178,COVID-19
2022-11-19,-11 day ahead inc hosp,2022-11-08,DE,60-79,quantile,0.25,3206,COVID-19
2022-11-19,-11 day ahead inc hosp,2022-11-08,DE,60-79,quantile,0.5,3243,COVID-19
2022-11-19,-11 day ahead inc hosp,2022-11-08,DE,60-79,quantile,0.75,3288,COVID-19
2022-11-19,-11 day ahead inc hosp,2022-11-08,DE,60-79,quantile,0.9,3337,COVID-19
2022-11-19,-11 day ahead inc hosp,2022-11-08,DE,60-79,quantile,0.975,3402,COVID-19
2022-11-19,-11 day ahead inc hosp,2022-11-08,DE,80+,quantile,0.025,3828,COVID-19
2022-11-19,-11 day ahead inc hosp,2022-11-08,DE,80+,quantile,0.1,3853,COVID-19
2022-11-19,-11 day ahead inc hosp,2022-11-08,DE,80+,quantile,0.25,3879,COVID-19
2022-11-19,-11 day ahead inc hosp,2022-11-08,DE,80+,quantile,0.5,3912,COVID-19
2022-11-19,-11 day ahead inc hosp,2022-11-08,DE,80+,quantile,0.75,3949,COVID-19
2022-11-19,-11 day ahead inc hosp,2022-11-08,DE,80+,quantile,0.9,3987,COVID-19
2022-11-19,-11 day ahead inc hosp,2022-11-08,DE,80+,quantile,0.975,4036,COVID-19
2022-11-19,-10 day ahead inc hosp,2022-11-09,DE,00-04,quantile,0.025,166,COVID-19
2022-11-19,-10 day ahead inc hosp,2022-11-09,DE,00-04,quantile,0.1,169,COVID-19
2022-11-19,-10 day ahead inc hosp,2022-11-09,DE,00-04,quantile,0.25,172,COVID-19
2022-11-19,-10 day ahead inc hosp,2022-11-09,DE,00-04,quantile,0.5,176,COVID-19
2022-11-19,-10 day ahead inc hosp,2022-11-09,DE,00-04,quantile,0.75,179,COVID-19
2022-11-19,-10 day ahead inc hosp,2022-11-09,DE,00-04,quantile,0.9,182,COVID-19
2022-11-19,-10 day ahead inc hosp,2022-11-09,DE,00-04,quantile,0.975,186,COVID-19
2022-11-19,-10 day ahead inc hosp,2022-11-09,DE,00+,quantile,0.025,8798,COVID-19
2022-11-19,-10 day ahead inc hosp,2022-11-09,DE,00+,quantile,0.1,8875,COVID-19
2022-11-19,-10 day ahead inc hosp,2022-11-09,DE,00+,quantile,0.25,8955,COVID-19
2022-11-19,-10 day ahead inc hosp,2022-11-09,DE,00+,quantile,0.5,9060,COVID-19
2022-11-19,-10 day ahead inc hosp,2022-11-09,DE,00+,quantile,0.75,9184,COVID-19
2022-11-19,-10 day ahead inc hosp,2022-11-09,DE,00+,quantile,0.9,9314,COVID-19
2022-11-19,-10 day ahead inc hosp,2022-11-09,DE,00+,quantile,0.975,9486,COVID-19
2022-11-19,-10 day ahead inc hosp,2022-11-09,DE,05-14,quantile,0.025,54,COVID-19
2022-11-19,-10 day ahead inc hosp,2022-11-09,DE,05-14,quantile,0.1,56,COVID-19
2022-11-19,-10 day ahead inc hosp,2022-11-09,DE,05-14,quantile,0.25,58,COVID-19
2022-11-19,-10 day ahead inc hosp,2022-11-09,DE,05-14,quantile,0.5,61,COVID-19
2022-11-19,-10 day ahead inc hosp,2022-11-09,DE,05-14,quantile,0.75,63,COVID-19
2022-11-19,-10 day ahead inc hosp,2022-11-09,DE,05-14,quantile,0.9,65,COVID-19
2022-11-19,-10 day ahead inc hosp,2022-11-09,DE,05-14,quantile,0.975,67,COVID-19
2022-11-19,-10 day ahead inc hosp,2022-11-09,DE,15-34,quantile,0.025,487,COVID-19
2022-11-19,-10 day ahead inc hosp,2022-11-09,DE,15-34,quantile,0.1,493,COVID-19
2022-11-19,-10 day ahead inc hosp,2022-11-09,DE,15-34,quantile,0.25,500,COVID-19
2022-11-19,-10 day ahead inc hosp,2022-11-09,DE,15-34,quantile,0.5,511,COVID-19
2022-11-19,-10 day ahead inc hosp,2022-11-09,DE,15-34,quantile,0.75,526,COVID-19
2022-11-19,-10 day ahead inc hosp,2022-11-09,DE,15-34,quantile,0.9,546,COVID-19
2022-11-19,-10 day ahead inc hosp,2022-11-09,DE,15-34,quantile,0.975,577,COVID-19
2022-11-19,-10 day ahead inc hosp,2022-11-09,DE,35-59,quantile,0.025,1169,COVID-19
2022-11-19,-10 day ahead inc hosp,2022-11-09,DE,35-59,quantile,0.1,1181,COVID-19
2022-11-19,-10 day ahead inc hosp,2022-11-09,DE,35-59,quantile,0.25,1194,COVID-19
2022-11-19,-10 day ahead inc hosp,2022-11-09,DE,35-59,quantile,0.5,1211,COVID-19
2022-11-19,-10 day ahead inc hosp,2022-11-09,DE,35-59,quantile,0.75,1231,COVID-19
2022-11-19,-10 day ahead inc hosp,2022-11-09,DE,35-59,quantile,0.9,1253,COVID-19
2022-11-19,-10 day ahead inc hosp,2022-11-09,DE,35-59,quantile,0.975,1281,COVID-19
2022-11-19,-10 day ahead inc hosp,2022-11-09,DE,60-79,quantile,0.025,3126,COVID-19
2022-11-19,-10 day ahead inc hosp,2022-11-09,DE,60-79,quantile,0.1,3154,COVID-19
2022-11-19,-10 day ahead inc hosp,2022-11-09,DE,60-79,quantile,0.25,3183,COVID-19
2022-11-19,-10 day ahead inc hosp,2022-11-09,DE,60-79,quantile,0.5,3221,COVID-19
2022-11-19,-10 day ahead inc hosp,2022-11-09,DE,60-79,quantile,0.75,3268,COVID-19
2022-11-19,-10 day ahead inc hosp,2022-11-09,DE,60-79,quantile,0.9,3318,COVID-19
2022-11-19,-10 day ahead inc hosp,2022-11-09,DE,60-79,quantile,0.975,3385,COVID-19
2022-11-19,-10 day ahead inc hosp,2022-11-09,DE,80+,quantile,0.025,3779,COVID-19
2022-11-19,-10 day ahead inc hosp,2022-11-09,DE,80+,quantile,0.1,3810,COVID-19
2022-11-19,-10 day ahead inc hosp,2022-11-09,DE,80+,quantile,0.25,3841,COVID-19
2022-11-19,-10 day ahead inc hosp,2022-11-09,DE,80+,quantile,0.5,3880,COVID-19
2022-11-19,-10 day ahead inc hosp,2022-11-09,DE,80+,quantile,0.75,3926,COVID-19
2022-11-19,-10 day ahead inc hosp,2022-11-09,DE,80+,quantile,0.9,3974,COVID-19
2022-11-19,-10 day ahead inc hosp,2022-11-09,DE,80+,quantile,0.975,4035,COVID-19
2022-11-19,-9 day ahead inc hosp,2022-11-10,DE,00-04,quantile,0.025,162,COVID-19
2022-11-19,-9 day ahead inc hosp,2022-11-10,DE,00-04,quantile,0.1,164,COVID-19
2022-11-19,-9 day ahead inc hosp,2022-11-10,DE,00-04,quantile,0.25,168,COVID-19
2022-11-19,-9 day ahead inc hosp,2022-11-10,DE,00-04,quantile,0.5,172,COVID-19
2022-11-19,-9 day ahead inc hosp,2022-11-10,DE,00-04,quantile,0.75,176,COVID-19
2022-11-19,-9 day ahead inc hosp,2022-11-10,DE,00-04,quantile,0.9,180,COVID-19
2022-11-19,-9 day ahead inc hosp,2022-11-10,DE,00-04,quantile,0.975,184,COVID-19
2022-11-19,-9 day ahead inc hosp,2022-11-10,DE,00+,quantile,0.025,8045,COVID-19
2022-11-19,-9 day ahead inc hosp,2022-11-10,DE,00+,quantile,0.1,8121,COVID-19
2022-11-19,-9 day ahead inc hosp,2022-11-10,DE,00+,quantile,0.25,8201,COVID-19
2022-11-19,-9 day ahead inc hosp,2022-11-10,DE,00+,quantile,0.5,8304,COVID-19
2022-11-19,-9 day ahead inc hosp,2022-11-10,DE,00+,quantile,0.75,8426,COVID-19
2022-11-19,-9 day ahead inc hosp,2022-11-10,DE,00+,quantile,0.9,8554,COVID-19
2022-11-19,-9 day ahead inc hosp,2022-11-10,DE,00+,quantile,0.975,8721,COVID-19
2022-11-19,-9 day ahead inc hosp,2022-11-10,DE,05-14,quantile,0.025,49,COVID-19
2022-11-19,-9 day ahead inc hosp,2022-11-10,DE,05-14,quantile,0.1,49,COVID-19
2022-11-19,-9 day ahead inc hosp,2022-11-10,DE,05-14,quantile,0.25,51,COVID-19
2022-11-19,-9 day ahead inc hosp,2022-11-10,DE,05-14,quantile,0.5,54,COVID-19
2022-11-19,-9 day ahead inc hosp,2022-11-10,DE,05-14,quantile,0.75,56,COVID-19
2022-11-19,-9 day ahead inc hosp,2022-11-10,DE,05-14,quantile,0.9,58,COVID-19
2022-11-19,-9 day ahead inc hosp,2022-11-10,DE,05-14,quantile,0.975,61,COVID-19
2022-11-19,-9 day ahead inc hosp,2022-11-10,DE,15-34,quantile,0.025,447,COVID-19
2022-11-19,-9 day ahead inc hosp,2022-11-10,DE,15-34,quantile,0.1,453,COVID-19
2022-11-19,-9 day ahead inc hosp,2022-11-10,DE,15-34,quantile,0.25,459,COVID-19
2022-11-19,-9 day ahead inc hosp,2022-11-10,DE,15-34,quantile,0.5,470,COVID-19
2022-11-19,-9 day ahead inc hosp,2022-11-10,DE,15-34,quantile,0.75,485,COVID-19
2022-11-19,-9 day ahead inc hosp,2022-11-10,DE,15-34,quantile,0.9,503,COVID-19
2022-11-19,-9 day ahead inc hosp,2022-11-10,DE,15-34,quantile,0.975,530,COVID-19
2022-11-19,-9 day ahead inc hosp,2022-11-10,DE,35-59,quantile,0.025,1033,COVID-19
2022-11-19,-9 day ahead inc hosp,2022-11-10,DE,35-59,quantile,0.1,1043,COVID-19
2022-11-19,-9 day ahead inc hosp,2022-11-10,DE,35-59,quantile,0.25,1054,COVID-19
2022-11-19,-9 day ahead inc hosp,2022-11-10,DE,35-59,quantile,0.5,1068,COVID-19
2022-11-19,-9 day ahead inc hosp,2022-11-10,DE,35-59,quantile,0.75,1085,COVID-19
2022-11-19,-9 day ahead inc hosp,2022-11-10,DE,35-59,quantile,0.9,1102,COVID-19
2022-11-19,-9 day ahead inc hosp,2022-11-10,DE,35-59,quantile,0.975,1124,COVID-19
2022-11-19,-9 day ahead inc hosp,2022-11-10,DE,60-79,quantile,0.025,2862,COVID-19
2022-11-19,-9 day ahead inc hosp,2022-11-10,DE,60-79,quantile,0.1,2889,COVID-19
2022-11-19,-9 day ahead inc hosp,2022-11-10,DE,60-79,quantile,0.25,2917,COVID-19
2022-11-19,-9 day ahead inc hosp,2022-11-10,DE,60-79,quantile,0.5,2955,COVID-19
2022-11-19,-9 day ahead inc hosp,2022-11-10,DE,60-79,quantile,0.75,3000,COVID-19
2022-11-19,-9 day ahead inc hosp,2022-11-10,DE,60-79,quantile,0.9,3047,COVID-19
2022-11-19,-9 day ahead inc hosp,2022-11-10,DE,60-79,quantile,0.975,3110,COVID-19
2022-11-19,-9 day ahead inc hosp,2022-11-10,DE,80+,quantile,0.025,3479,COVID-19
2022-11-19,-9 day ahead inc hosp,2022-11-10,DE,80+,quantile,0.1,3510,COVID-19
2022-11-19,-9 day ahead inc hosp,2022-11-10,DE,80+,quantile,0.25,3543,COVID-19
2022-11-19,-9 day ahead inc hosp,2022-11-10,DE,80+,quantile,0.5,3586,COVID-19
2022-11-19,-9 day ahead inc hosp,2022-11-10,DE,80+,quantile,0.75,3635,COVID-19
2022-11-19,-9 day ahead inc hosp,2022-11-10,DE,80+,quantile,0.9,3686,COVID-19
2022-11-19,-9 day ahead inc hosp,2022-11-10,DE,80+,quantile,0.975,3752,COVID-19
2022-11-19,-8 day ahead inc hosp,2022-11-11,DE,00-04,quantile,0.025,152,COVID-19
2022-11-19,-8 day ahead inc hosp,2022-11-11,DE,00-04,quantile,0.1,154,COVID-19
2022-11-19,-8 day ahead inc hosp,2022-11-11,DE,00-04,quantile,0.25,158,COVID-19
2022-11-19,-8 day ahead inc hosp,2022-11-11,DE,00-04,quantile,0.5,163,COVID-19
2022-11-19,-8 day ahead inc hosp,2022-11-11,DE,00-04,quantile,0.75,167,COVID-19
2022-11-19,-8 day ahead inc hosp,2022-11-11,DE,00-04,quantile,0.9,172,COVID-19
2022-11-19,-8 day ahead inc hosp,2022-11-11,DE,00-04,quantile,0.975,176,COVID-19
2022-11-19,-8 day ahead inc hosp,2022-11-11,DE,00+,quantile,0.025,7574,COVID-19
2022-11-19,-8 day ahead inc hosp,2022-11-11,DE,00+,quantile,0.1,7649,COVID-19
2022-11-19,-8 day ahead inc hosp,2022-11-11,DE,00+,quantile,0.25,7726,COVID-19
2022-11-19,-8 day ahead inc hosp,2022-11-11,DE,00+,quantile,0.5,7826,COVID-19
2022-11-19,-8 day ahead inc hosp,2022-11-11,DE,00+,quantile,0.75,7943,COVID-19
2022-11-19,-8 day ahead inc hosp,2022-11-11,DE,00+,quantile,0.9,8065,COVID-19
2022-11-19,-8 day ahead inc hosp,2022-11-11,DE,00+,quantile,0.975,8223,COVID-19
2022-11-19,-8 day ahead inc hosp,2022-11-11,DE,05-14,quantile,0.025,45,COVID-19
2022-11-19,-8 day ahead inc hosp,2022-11-11,DE,05-14,quantile,0.1,46,COVID-19
2022-11-19,-8 day ahead inc hosp,2022-11-11,DE,05-14,quantile,0.25,48,COVID-19
2022-11-19,-8 day ahead inc hosp,2022-11-11,DE,05-14,quantile,0.5,50,COVID-19
2022-11-19,-8 day ahead inc hosp,2022-11-11,DE,05-14,quantile,0.75,53,COVID-19
2022-11-19,-8 day ahead inc hosp,2022-11-11,DE,05-14,quantile,0.9,55,COVID-19
2022-11-19,-8 day ahead inc hosp,2022-11-11,DE,05-14,quantile,0.975,57,COVID-19
2022-11-19,-8 day ahead inc hosp,2022-11-11,DE,15-34,quantile,0.025,408,COVID-19
2022-11-19,-8 day ahead inc hosp,2022-11-11,DE,15-34,quantile,0.1,413,COVID-19
2022-11-19,-8 day ahead inc hosp,2022-11-11,DE,15-34,quantile,0.25,419,COVID-19
2022-11-19,-8 day ahead inc hosp,2022-11-11,DE,15-34,quantile,0.5,429,COVID-19
2022-11-19,-8 day ahead inc hosp,2022-11-11,DE,15-34,quantile,0.75,441,COVID-19
2022-11-19,-8 day ahead inc hosp,2022-11-11,DE,15-34,quantile,0.9,456,COVID-19
2022-11-19,-8 day ahead inc hosp,2022-11-11,DE,15-34,quantile,0.975,479,COVID-19
2022-11-19,-8 day ahead inc hosp,2022-11-11,DE,35-59,quantile,0.025,987,COVID-19
2022-11-19,-8 day ahead inc hosp,2022-11-11,DE,35-59,quantile,0.1,997,COVID-19
2022-11-19,-8 day ahead inc hosp,2022-11-11,DE,35-59,quantile,0.25,1006,COVID-19
2022-11-19,-8 day ahead inc hosp,2022-11-11,DE,35-59,quantile,0.5,1019,COVID-19
2022-11-19,-8 day ahead inc hosp,2022-11-11,DE,35-59,quantile,0.75,1033,COVID-19
2022-11-19,-8 day ahead inc hosp,2022-11-11,DE,35-59,quantile,0.9,1047,COVID-19
2022-11-19,-8 day ahead inc hosp,2022-11-11,DE,35-59,quantile,0.975,1066,COVID-19
2022-11-19,-8 day ahead inc hosp,2022-11-11,DE,60-79,quantile,0.025,2707,COVID-19
2022-11-19,-8 day ahead inc hosp,2022-11-11,DE,60-79,quantile,0.1,2734,COVID-19
2022-11-19,-8 day ahead inc hosp,2022-11-11,DE,60-79,quantile,0.25,2761,COVID-19
2022-11-19,-8 day ahead inc hosp,2022-11-11,DE,60-79,quantile,0.5,2797,COVID-19
2022-11-19,-8 day ahead inc hosp,2022-11-11,DE,60-79,quantile,0.75,2839,COVID-19
2022-11-19,-8 day ahead inc hosp,2022-11-11,DE,60-79,quantile,0.9,2883,COVID-19
2022-11-19,-8 day ahead inc hosp,2022-11-11,DE,60-79,quantile,0.975,2940,COVID-19
2022-11-19,-8 day ahead inc hosp,2022-11-11,DE,80+,quantile,0.025,3261,COVID-19
2022-11-19,-8 day ahead inc hosp,2022-11-11,DE,80+,quantile,0.1,3293,COVID-19
2022-11-19,-8 day ahead inc hosp,2022-11-11,DE,80+,quantile,0.25,3326,COVID-19
2022-11-19,-8 day ahead inc hosp,2022-11-11,DE,80+,quantile,0.5,3369,COVID-19
2022-11-19,-8 day ahead inc hosp,2022-11-11,DE,80+,quantile,0.75,3419,COVID-19
2022-11-19,-8 day ahead inc hosp,2022-11-11,DE,80+,quantile,0.9,3471,COVID-19
2022-11-19,-8 day ahead inc hosp,2022-11-11,DE,80+,quantile,0.975,3538,COVID-19
2022-11-19,-7 day ahead inc hosp,2022-11-12,DE,00-04,quantile,0.025,137,COVID-19
2022-11-19,-7 day ahead inc hosp,2022-11-12,DE,00-04,quantile,0.1,140,COVID-19
2022-11-19,-7 day ahead inc hosp,2022-11-12,DE,00-04,quantile,0.25,144,COVID-19
2022-11-19,-7 day ahead inc hosp,2022-11-12,DE,00-04,quantile,0.5,150,COVID-19
2022-11-19,-7 day ahead inc hosp,2022-11-12,DE,00-04,quantile,0.75,155,COVID-19
2022-11-19,-7 day ahead inc hosp,2022-11-12,DE,00-04,quantile,0.9,160,COVID-19
2022-11-19,-7 day ahead inc hosp,2022-11-12,DE,00-04,quantile,0.975,165,COVID-19
2022-11-19,-7 day ahead inc hosp,2022-11-12,DE,00+,quantile,0.025,7372,COVID-19
2022-11-19,-7 day ahead inc hosp,2022-11-12,DE,00+,quantile,0.1,7446,COVID-19
2022-11-19,-7 day ahead inc hosp,2022-11-12,DE,00+,quantile,0.25,7522,COVID-19
2022-11-19,-7 day ahead inc hosp,2022-11-12,DE,00+,quantile,0.5,7618,COVID-19
2022-11-19,-7 day ahead inc hosp,2022-11-12,DE,00+,quantile,0.75,7730,COVID-19
2022-11-19,-7 day ahead inc hosp,2022-11-12,DE,00+,quantile,0.9,7845,COVID-19
2022-11-19,-7 day ahead inc hosp,2022-11-12,DE,00+,quantile,0.975,7992,COVID-19
2022-11-19,-7 day ahead inc hosp,2022-11-12,DE,05-14,quantile,0.025,38,COVID-19
2022-11-19,-7 day ahead inc hosp,2022-11-12,DE,05-14,quantile,0.1,38,COVID-19
2022-11-19,-7 day ahead inc hosp,2022-11-12,DE,05-14,quantile,0.25,40,COVID-19
2022-11-19,-7 day ahead inc hosp,2022-11-12,DE,05-14,quantile,0.5,43,COVID-19
2022-11-19,-7 day ahead inc hosp,2022-11-12,DE,05-14,quantile,0.75,46,COVID-19
2022-11-19,-7 day ahead inc hosp,2022-11-12,DE,05-14,quantile,0.9,48,COVID-19
2022-11-19,-7 day ahead inc hosp,2022-11-12,DE,05-14,quantile,0.975,51,COVID-19
2022-11-19,-7 day ahead inc hosp,2022-11-12,DE,15-34,quantile,0.025,379,COVID-19
2022-11-19,-7 day ahead inc hosp,2022-11-12,DE,15-34,quantile,0.1,384,COVID-19
2022-11-19,-7 day ahead inc hosp,2022-11-12,DE,15-34,quantile,0.25,390,COVID-19
2022-11-19,-7 day ahead inc hosp,2022-11-12,DE,15-34,quantile,0.5,399,COVID-19
2022-11-19,-7 day ahead inc hosp,2022-11-12,DE,15-34,quantile,0.75,410,COVID-19
2022-11-19,-7 day ahead inc hosp,2022-11-12,DE,15-34,quantile,0.9,422,COVID-19
2022-11-19,-7 day ahead inc hosp,2022-11-12,DE,15-34,quantile,0.975,440,COVID-19
2022-11-19,-7 day ahead inc hosp,2022-11-12,DE,35-59,quantile,0.025,965,COVID-19
2022-11-19,-7 day ahead inc hosp,2022-11-12,DE,35-59,quantile,0.1,974,COVID-19
2022-11-19,-7 day ahead inc hosp,2022-11-12,DE,35-59,quantile,0.25,984,COVID-19
2022-11-19,-7 day ahead inc hosp,2022-11-12,DE,35-59,quantile,0.5,997,COVID-19
2022-11-19,-7 day ahead inc hosp,2022-11-12,DE,35-59,quantile,0.75,1011,COVID-19
2022-11-19,-7 day ahead inc hosp,2022-11-12,DE,35-59,quantile,0.9,1025,COVID-19
2022-11-19,-7 day ahead inc hosp,2022-11-12,DE,35-59,quantile,0.975,1044,COVID-19
2022-11-19,-7 day ahead inc hosp,2022-11-12,DE,60-79,quantile,0.025,2651,COVID-19
2022-11-19,-7 day ahead inc hosp,2022-11-12,DE,60-79,quantile,0.1,2677,COVID-19
2022-11-19,-7 day ahead inc hosp,2022-11-12,DE,60-79,quantile,0.25,2704,COVID-19
2022-11-19,-7 day ahead inc hosp,2022-11-12,DE,60-79,quantile,0.5,2739,COVID-19
2022-11-19,-7 day ahead inc hosp,2022-11-12,DE,60-79,quantile,0.75,2779,COVID-19
2022-11-19,-7 day ahead inc hosp,2022-11-12,DE,60-79,quantile,0.9,2821,COVID-19
2022-11-19,-7 day ahead inc hosp,2022-11-12,DE,60-79,quantile,0.975,2875,COVID-19
2022-11-19,-7 day ahead inc hosp,2022-11-12,DE,80+,quantile,0.025,3185,COVID-19
2022-11-19,-7 day ahead inc hosp,2022-11-12,DE,80+,quantile,0.1,3217,COVID-19
2022-11-19,-7 day ahead inc hosp,2022-11-12,DE,80+,quantile,0.25,3250,COVID-19
2022-11-19,-7 day ahead inc hosp,2022-11-12,DE,80+,quantile,0.5,3292,COVID-19
2022-11-19,-7 day ahead inc hosp,2022-11-12,DE,80+,quantile,0.75,3340,COVID-19
2022-11-19,-7 day ahead inc hosp,2022-11-12,DE,80+,quantile,0.9,3389,COVID-19
2022-11-19,-7 day ahead inc hosp,2022-11-12,DE,80+,quantile,0.975,3451,COVID-19
2022-11-19,-6 day ahead inc hosp,2022-11-13,DE,00-04,quantile,0.025,137,COVID-19
2022-11-19,-6 day ahead inc hosp,2022-11-13,DE,00-04,quantile,0.1,139,COVID-19
2022-11-19,-6 day ahead inc hosp,2022-11-13,DE,00-04,quantile,0.25,144,COVID-19
2022-11-19,-6 day ahead inc hosp,2022-11-13,DE,00-04,quantile,0.5,150,COVID-19
2022-11-19,-6 day ahead inc hosp,2022-11-13,DE,00-04,quantile,0.75,155,COVID-19
2022-11-19,-6 day ahead inc hosp,2022-11-13,DE,00-04,quantile,0.9,160,COVID-19
2022-11-19,-6 day ahead inc hosp,2022-11-13,DE,00-04,quantile,0.975,165,COVID-19
2022-11-19,-6 day ahead inc hosp,2022-11-13,DE,00+,quantile,0.025,7295,COVID-19
2022-11-19,-6 day ahead inc hosp,2022-11-13,DE,00+,quantile,0.1,7366,COVID-19
2022-11-19,-6 day ahead inc hosp,2022-11-13,DE,00+,quantile,0.25,7437,COVID-19
2022-11-19,-6 day ahead inc hosp,2022-11-13,DE,00+,quantile,0.5,7527,COVID-19
2022-11-19,-6 day ahead inc hosp,2022-11-13,DE,00+,quantile,0.75,7628,COVID-19
2022-11-19,-6 day ahead inc hosp,2022-11-13,DE,00+,quantile,0.9,7732,COVID-19
2022-11-19,-6 day ahead inc hosp,2022-11-13,DE,00+,quantile,0.975,7862,COVID-19
2022-11-19,-6 day ahead inc hosp,2022-11-13,DE,05-14,quantile,0.025,36,COVID-19
2022-11-19,-6 day ahead inc hosp,2022-11-13,DE,05-14,quantile,0.1,37,COVID-19
2022-11-19,-6 day ahead inc hosp,2022-11-13,DE,05-14,quantile,0.25,39,COVID-19
2022-11-19,-6 day ahead inc hosp,2022-11-13,DE,05-14,quantile,0.5,42,COVID-19
2022-11-19,-6 day ahead inc hosp,2022-11-13,DE,05-14,quantile,0.75,45,COVID-19
2022-11-19,-6 day ahead inc hosp,2022-11-13,DE,05-14,quantile,0.9,47,COVID-19
2022-11-19,-6 day ahead inc hosp,2022-11-13,DE,05-14,quantile,0.975,50,COVID-19
2022-11-19,-6 day ahead inc hosp,2022-11-13,DE,15-34,quantile,0.025,368,COVID-19
2022-11-19,-6 day ahead inc hosp,2022-11-13,DE,15-34,quantile,0.1,373,COVID-19
2022-11-19,-6 day ahead inc hosp,2022-11-13,DE,15-34,quantile,0.25,380,COVID-19
2022-11-19,-6 day ahead inc hosp,2022-11-13,DE,15-34,quantile,0.5,389,COVID-19
2022-11-19,-6 day ahead inc hosp,2022-11-13,DE,15-34,quantile,0.75,399,COVID-19
2022-11-19,-6 day ahead inc hosp,2022-11-13,DE,15-34,quantile,0.9,412,COVID-19
2022-11-19,-6 day ahead inc hosp,2022-11-13,DE,15-34,quantile,0.975,428,COVID-19
2022-11-19,-6 day ahead inc hosp,2022-11-13,DE,35-59,quantile,0.025,952,COVID-19
2022-11-19,-6 day ahead inc hosp,2022-11-13,DE,35-59,quantile,0.1,961,COVID-19
2022-11-19,-6 day ahead inc hosp,2022-11-13,DE,35-59,quantile,0.25,971,COVID-19
2022-11-19,-6 day ahead inc hosp,2022-11-13,DE,35-59,quantile,0.5,983,COVID-19
2022-11-19,-6 day ahead inc hosp,2022-11-13,DE,35-59,quantile,0.75,996,COVID-19
2022-11-19,-6 day ahead inc hosp,2022-11-13,DE,35-59,quantile,0.9,1010,COVID-19
2022-11-19,-6 day ahead inc hosp,2022-11-13,DE,35-59,quantile,0.975,1028,COVID-19
2022-11-19,-6 day ahead inc hosp,2022-11-13,DE,60-79,quantile,0.025,2616,COVID-19
2022-11-19,-6 day ahead inc hosp,2022-11-13,DE,60-79,quantile,0.1,2642,COVID-19
2022-11-19,-6 day ahead inc hosp,2022-11-13,DE,60-79,quantile,0.25,2669,COVID-19
2022-11-19,-6 day ahead inc hosp,2022-11-13,DE,60-79,quantile,0.5,2703,COVID-19
2022-11-19,-6 day ahead inc hosp,2022-11-13,DE,60-79,quantile,0.75,2742,COVID-19
2022-11-19,-6 day ahead inc hosp,2022-11-13,DE,60-79,quantile,0.9,2783,COVID-19
2022-11-19,-6 day ahead inc hosp,2022-11-13,DE,60-79,quantile,0.975,2835,COVID-19
2022-11-19,-6 day ahead inc hosp,2022-11-13,DE,80+,quantile,0.025,3167,COVID-19
2022-11-19,-6 day ahead inc hosp,2022-11-13,DE,80+,quantile,0.1,3196,COVID-19
2022-11-19,-6 day ahead inc hosp,2022-11-13,DE,80+,quantile,0.25,3225,COVID-19
2022-11-19,-6 day ahead inc hosp,2022-11-13,DE,80+,quantile,0.5,3261,COVID-19
2022-11-19,-6 day ahead inc hosp,2022-11-13,DE,80+,quantile,0.75,3301,COVID-19
2022-11-19,-6 day ahead inc hosp,2022-11-13,DE,80+,quantile,0.9,3342,COVID-19
2022-11-19,-6 day ahead inc hosp,2022-11-13,DE,80+,quantile,0.975,3392,COVID-19
2022-11-19,-5 day ahead inc hosp,2022-11-14,DE,00-04,quantile,0.025,140,COVID-19
2022-11-19,-5 day ahead inc hosp,2022-11-14,DE,00-04,quantile,0.1,141,COVID-19
2022-11-19,-5 day ahead inc hosp,2022-11-14,DE,00-04,quantile,0.25,147,COVID-19
2022-11-19,-5 day ahead inc hosp,2022-11-14,DE,00-04,quantile,0.5,153,COVID-19
2022-11-19,-5 day ahead inc hosp,2022-11-14,DE,00-04,quantile,0.75,159,COVID-19
2022-11-19,-5 day ahead inc hosp,2022-11-14,DE,00-04,quantile,0.9,164,COVID-19
2022-11-19,-5 day ahead inc hosp,2022-11-14,DE,00-04,quantile,0.975,170,COVID-19
2022-11-19,-5 day ahead inc hosp,2022-11-14,DE,00+,quantile,0.025,7280,COVID-19
2022-11-19,-5 day ahead inc hosp,2022-11-14,DE,00+,quantile,0.1,7350,COVID-19
2022-11-19,-5 day ahead inc hosp,2022-11-14,DE,00+,quantile,0.25,7422,COVID-19
2022-11-19,-5 day ahead inc hosp,2022-11-14,DE,00+,quantile,0.5,7511,COVID-19
2022-11-19,-5 day ahead inc hosp,2022-11-14,DE,00+,quantile,0.75,7611,COVID-19
2022-11-19,-5 day ahead inc hosp,2022-11-14,DE,00+,quantile,0.9,7713,COVID-19
2022-11-19,-5 day ahead inc hosp,2022-11-14,DE,00+,quantile,0.975,7840,COVID-19
2022-11-19,-5 day ahead inc hosp,2022-11-14,DE,05-14,quantile,0.025,36,COVID-19
2022-11-19,-5 day ahead inc hosp,2022-11-14,DE,05-14,quantile,0.1,36,COVID-19
2022-11-19,-5 day ahead inc hosp,2022-11-14,DE,05-14,quantile,0.25,39,COVID-19
2022-11-19,-5 day ahead inc hosp,2022-11-14,DE,05-14,quantile,0.5,42,COVID-19
2022-11-19,-5 day ahead inc hosp,2022-11-14,DE,05-14,quantile,0.75,45,COVID-19
2022-11-19,-5 day ahead inc hosp,2022-11-14,DE,05-14,quantile,0.9,48,COVID-19
2022-11-19,-5 day ahead inc hosp,2022-11-14,DE,05-14,quantile,0.975,51,COVID-19
2022-11-19,-5 day ahead inc hosp,2022-11-14,DE,15-34,quantile,0.025,371,COVID-19
2022-11-19,-5 day ahead inc hosp,2022-11-14,DE,15-34,quantile,0.1,376,COVID-19
2022-11-19,-5 day ahead inc hosp,2022-11-14,DE,15-34,quantile,0.25,382,COVID-19
2022-11-19,-5 day ahead inc hosp,2022-11-14,DE,15-34,quantile,0.5,390,COVID-19
2022-11-19,-5 day ahead inc hosp,2022-11-14,DE,15-34,quantile,0.75,399,COVID-19
2022-11-19,-5 day ahead inc hosp,2022-11-14,DE,15-34,quantile,0.9,408,COVID-19
2022-11-19,-5 day ahead inc hosp,2022-11-14,DE,15-34,quantile,0.975,421,COVID-19
2022-11-19,-5 day ahead inc hosp,2022-11-14,DE,35-59,quantile,0.025,943,COVID-19
2022-11-19,-5 day ahead inc hosp,2022-11-14,DE,35-59,quantile,0.1,953,COVID-19
2022-11-19,-5 day ahead inc hosp,2022-11-14,DE,35-59,quantile,0.25,963,COVID-19
2022-11-19,-5 day ahead inc hosp,2022-11-14,DE,35-59,quantile,0.5,976,COVID-19
2022-11-19,-5 day ahead inc hosp,2022-11-14,DE,35-59,quantile,0.75,990,COVID-19
2022-11-19,-5 day ahead inc hosp,2022-11-14,DE,35-59,quantile,0.9,1005,COVID-19
2022-11-19,-5 day ahead inc hosp,2022-11-14,DE,35-59,quantile,0.975,1024,COVID-19
2022-11-19,-5 day ahead inc hosp,2022-11-14,DE,60-79,quantile,0.025,2599,COVID-19
2022-11-19,-5 day ahead inc hosp,2022-11-14,DE,60-79,quantile,0.1,2625,COVID-19
2022-11-19,-5 day ahead inc hosp,2022-11-14,DE,60-79,quantile,0.25,2652,COVID-19
2022-11-19,-5 day ahead inc hosp,2022-11-14,DE,60-79,quantile,0.5,2687,COVID-19
2022-11-19,-5 day ahead inc hosp,2022-11-14,DE,60-79,quantile,0.75,2726,COVID-19
2022-11-19,-5 day ahead inc hosp,2022-11-14,DE,60-79,quantile,0.9,2767,COVID-19
2022-11-19,-5 day ahead inc hosp,2022-11-14,DE,60-79,quantile,0.975,2819,COVID-19
2022-11-19,-5 day ahead inc hosp,2022-11-14,DE,80+,quantile,0.025,3169,COVID-19
2022-11-19,-5 day ahead inc hosp,2022-11-14,DE,80+,quantile,0.1,3198,COVID-19
2022-11-19,-5 day ahead inc hosp,2022-11-14,DE,80+,quantile,0.25,3228,COVID-19
2022-11-19,-5 day ahead inc hosp,2022-11-14,DE,80+,quantile,0.5,3264,COVID-19
2022-11-19,-5 day ahead inc hosp,2022-11-14,DE,80+,quantile,0.75,3305,COVID-19
2022-11-19,-5 day ahead inc hosp,2022-11-14,DE,80+,quantile,0.9,3345,COVID-19
2022-11-19,-5 day ahead inc hosp,2022-11-14,DE,80+,quantile,0.975,3396,COVID-19
2022-11-19,-4 day ahead inc hosp,2022-11-15,DE,00-04,quantile,0.025,128,COVID-19
2022-11-19,-4 day ahead inc hosp,2022-11-15,DE,00-04,quantile,0.1,128,COVID-19
2022-11-19,-4 day ahead inc hosp,2022-11-15,DE,00-04,quantile,0.25,135,COVID-19
2022-11-19,-4 day ahead inc hosp,2022-11-15,DE,00-04,quantile,0.5,142,COVID-19
2022-11-19,-4 day ahead inc hosp,2022-11-15,DE,00-04,quantile,0.75,148,COVID-19
2022-11-19,-4 day ahead inc hosp,2022-11-15,DE,00-04,quantile,0.9,155,COVID-19
2022-11-19,-4 day ahead inc hosp,2022-11-15,DE,00-04,quantile,0.975,162,COVID-19
2022-11-19,-4 day ahead inc hosp,2022-11-15,DE,00+,quantile,0.025,6921,COVID-19
2022-11-19,-4 day ahead inc hosp,2022-11-15,DE,00+,quantile,0.1,6998,COVID-19
2022-11-19,-4 day ahead inc hosp,2022-11-15,DE,00+,quantile,0.25,7076,COVID-19
2022-11-19,-4 day ahead inc hosp,2022-11-15,DE,00+,quantile,0.5,7173,COVID-19
2022-11-19,-4 day ahead inc hosp,2022-11-15,DE,00+,quantile,0.75,7283,COVID-19
2022-11-19,-4 day ahead inc hosp,2022-11-15,DE,00+,quantile,0.9,7395,COVID-19
2022-11-19,-4 day ahead inc hosp,2022-11-15,DE,00+,quantile,0.975,7536,COVID-19
2022-11-19,-4 day ahead inc hosp,2022-11-15,DE,05-14,quantile,0.025,30,COVID-19
2022-11-19,-4 day ahead inc hosp,2022-11-15,DE,05-14,quantile,0.1,30,COVID-19
2022-11-19,-4 day ahead inc hosp,2022-11-15,DE,05-14,quantile,0.25,33,COVID-19
2022-11-19,-4 day ahead inc hosp,2022-11-15,DE,05-14,quantile,0.5,37,COVID-19
2022-11-19,-4 day ahead inc hosp,2022-11-15,DE,05-14,quantile,0.75,40,COVID-19
2022-11-19,-4 day ahead inc hosp,2022-11-15,DE,05-14,quantile,0.9,43,COVID-19
2022-11-19,-4 day ahead inc hosp,2022-11-15,DE,05-14,quantile,0.975,47,COVID-19
2022-11-19,-4 day ahead inc hosp,2022-11-15,DE,15-34,quantile,0.025,352,COVID-19
2022-11-19,-4 day ahead inc hosp,2022-11-15,DE,15-34,quantile,0.1,357,COVID-19
2022-11-19,-4 day ahead inc hosp,2022-11-15,DE,15-34,quantile,0.25,362,COVID-19
2022-11-19,-4 day ahead inc hosp,2022-11-15,DE,15-34,quantile,0.5,369,COVID-19
2022-11-19,-4 day ahead inc hosp,2022-11-15,DE,15-34,quantile,0.75,378,COVID-19
2022-11-19,-4 day ahead inc hosp,2022-11-15,DE,15-34,quantile,0.9,386,COVID-19
2022-11-19,-4 day ahead inc hosp,2022-11-15,DE,15-34,quantile,0.975,397,COVID-19
2022-11-19,-4 day ahead inc hosp,2022-11-15,DE,35-59,quantile,0.025,900,COVID-19
2022-11-19,-4 day ahead inc hosp,2022-11-15,DE,35-59,quantile,0.1,912,COVID-19
2022-11-19,-4 day ahead inc hosp,2022-11-15,DE,35-59,quantile,0.25,923,COVID-19
2022-11-19,-4 day ahead inc hosp,2022-11-15,DE,35-59,quantile,0.5,938,COVID-19
2022-11-19,-4 day ahead inc hosp,2022-11-15,DE,35-59,quantile,0.75,955,COVID-19
2022-11-19,-4 day ahead inc hosp,2022-11-15,DE,35-59,quantile,0.9,973,COVID-19
2022-11-19,-4 day ahead inc hosp,2022-11-15,DE,35-59,quantile,0.975,995,COVID-19
2022-11-19,-4 day ahead inc hosp,2022-11-15,DE,60-79,quantile,0.025,2466,COVID-19
2022-11-19,-4 day ahead inc hosp,2022-11-15,DE,60-79,quantile,0.1,2494,COVID-19
2022-11-19,-4 day ahead inc hosp,2022-11-15,DE,60-79,quantile,0.25,2523,COVID-19
2022-11-19,-4 day ahead inc hosp,2022-11-15,DE,60-79,quantile,0.5,2559,COVID-19
2022-11-19,-4 day ahead inc hosp,2022-11-15,DE,60-79,quantile,0.75,2601,COVID-19
2022-11-19,-4 day ahead inc hosp,2022-11-15,DE,60-79,quantile,0.9,2644,COVID-19
2022-11-19,-4 day ahead inc hosp,2022-11-15,DE,60-79,quantile,0.975,2698,COVID-19
2022-11-19,-4 day ahead inc hosp,2022-11-15,DE,80+,quantile,0.025,3020,COVID-19
2022-11-19,-4 day ahead inc hosp,2022-11-15,DE,80+,quantile,0.1,3053,COVID-19
2022-11-19,-4 day ahead inc hosp,2022-11-15,DE,80+,quantile,0.25,3087,COVID-19
2022-11-19,-4 day ahead inc hosp,2022-11-15,DE,80+,quantile,0.5,3128,COVID-19
2022-11-19,-4 day ahead inc hosp,2022-11-15,DE,80+,quantile,0.75,3175,COVID-19
2022-11-19,-4 day ahead inc hosp,2022-11-15,DE,80+,quantile,0.9,3222,COVID-19
2022-11-19,-4 day ahead inc hosp,2022-11-15,DE,80+,quantile,0.975,3281,COVID-19
2022-11-19,-3 day ahead inc hosp,2022-11-16,DE,00-04,quantile,0.025,124,COVID-19
2022-11-19,-3 day ahead inc hosp,2022-11-16,DE,00-04,quantile,0.1,124,COVID-19
2022-11-19,-3 day ahead inc hosp,2022-11-16,DE,00-04,quantile,0.25,130,COVID-19
2022-11-19,-3 day ahead inc hosp,2022-11-16,DE,00-04,quantile,0.5,138,COVID-19
2022-11-19,-3 day ahead inc hosp,2022-11-16,DE,00-04,quantile,0.75,147,COVID-19
2022-11-19,-3 day ahead inc hosp,2022-11-16,DE,00-04,quantile,0.9,154,COVID-19
2022-11-19,-3 day ahead inc hosp,2022-11-16,DE,00-04,quantile,0.975,163,COVID-19
2022-11-19,-3 day ahead inc hosp,2022-11-16,DE,00+,quantile,0.025,6721,COVID-19
2022-11-19,-3 day ahead inc hosp,2022-11-16,DE,00+,quantile,0.1,6809,COVID-19
2022-11-19,-3 day ahead inc hosp,2022-11-16,DE,00+,quantile,0.25,6898,COVID-19
2022-11-19,-3 day ahead inc hosp,2022-11-16,DE,00+,quantile,0.5,7011,COVID-19
2022-11-19,-3 day ahead inc hosp,2022-11-16,DE,00+,quantile,0.75,7140,COVID-19
2022-11-19,-3 day ahead inc hosp,2022-11-16,DE,00+,quantile,0.9,7272,COVID-19
2022-11-19,-3 day ahead inc hosp,2022-11-16,DE,00+,quantile,0.975,7439,COVID-19
2022-11-19,-3 day ahead inc hosp,2022-11-16,DE,05-14,quantile,0.025,32,COVID-19
2022-11-19,-3 day ahead inc hosp,2022-11-16,DE,05-14,quantile,0.1,33,COVID-19
2022-11-19,-3 day ahead inc hosp,2022-11-16,DE,05-14,quantile,0.25,36,COVID-19
2022-11-19,-3 day ahead inc hosp,2022-11-16,DE,05-14,quantile,0.5,40,COVID-19
2022-11-19,-3 day ahead inc hosp,2022-11-16,DE,05-14,quantile,0.75,43,COVID-19
2022-11-19,-3 day ahead inc hosp,2022-11-16,DE,05-14,quantile,0.9,47,COVID-19
2022-11-19,-3 day ahead inc hosp,2022-11-16,DE,05-14,quantile,0.975,50,COVID-19
2022-11-19,-3 day ahead inc hosp,2022-11-16,DE,15-34,quantile,0.025,368,COVID-19
2022-11-19,-3 day ahead inc hosp,2022-11-16,DE,15-34,quantile,0.1,373,COVID-19
2022-11-19,-3 day ahead inc hosp,2022-11-16,DE,15-34,quantile,0.25,379,COVID-19
2022-11-19,-3 day ahead inc hosp,2022-11-16,DE,15-34,quantile,0.5,387,COVID-19
2022-11-19,-3 day ahead inc hosp,2022-11-16,DE,15-34,quantile,0.75,397,COVID-19
2022-11-19,-3 day ahead inc hosp,2022-11-16,DE,15-34,quantile,0.9,406,COVID-19
2022-11-19,-3 day ahead inc hosp,2022-11-16,DE,15-34,quantile,0.975,419,COVID-19
2022-11-19,-3 day ahead inc hosp,2022-11-16,DE,35-59,quantile,0.025,878,COVID-19
2022-11-19,-3 day ahead inc hosp,2022-11-16,DE,35-59,quantile,0.1,891,COVID-19
2022-11-19,-3 day ahead inc hosp,2022-11-16,DE,35-59,quantile,0.25,905,COVID-19
2022-11-19,-3 day ahead inc hosp,2022-11-16,DE,35-59,quantile,0.5,922,COVID-19
2022-11-19,-3 day ahead inc hosp,2022-11-16,DE,35-59,quantile,0.75,942,COVID-19
2022-11-19,-3 day ahead inc hosp,2022-11-16,DE,35-59,quantile,0.9,963,COVID-19
2022-11-19,-3 day ahead inc hosp,2022-11-16,DE,35-59,quantile,0.975,990,COVID-19
2022-11-19,-3 day ahead inc hosp,2022-11-16,DE,60-79,quantile,0.025,2370,COVID-19
2022-11-19,-3 day ahead inc hosp,2022-11-16,DE,60-79,quantile,0.1,2401,COVID-19
2022-11-19,-3 day ahead inc hosp,2022-11-16,DE,60-79,quantile,0.25,2434,COVID-19
2022-11-19,-3 day ahead inc hosp,2022-11-16,DE,60-79,quantile,0.5,2474,COVID-19
2022-11-19,-3 day ahead inc hosp,2022-11-16,DE,60-79,quantile,0.75,2522,COVID-19
2022-11-19,-3 day ahead inc hosp,2022-11-16,DE,60-79,quantile,0.9,2570,COVID-19
2022-11-19,-3 day ahead inc hosp,2022-11-16,DE,60-79,quantile,0.975,2633,COVID-19
2022-11-19,-3 day ahead inc hosp,2022-11-16,DE,80+,quantile,0.025,2923,COVID-19
2022-11-19,-3 day ahead inc hosp,2022-11-16,DE,80+,quantile,0.1,2961,COVID-19
2022-11-19,-3 day ahead inc hosp,2022-11-16,DE,80+,quantile,0.25,3000,COVID-19
2022-11-19,-3 day ahead inc hosp,2022-11-16,DE,80+,quantile,0.5,3050,COVID-19
2022-11-19,-3 day ahead inc hosp,2022-11-16,DE,80+,quantile,0.75,3106,COVID-19
2022-11-19,-3 day ahead inc hosp,2022-11-16,DE,80+,quantile,0.9,3163,COVID-19
2022-11-19,-3 day ahead inc hosp,2022-11-16,DE,80+,quantile,0.975,3235,COVID-19
2022-11-19,-2 day ahead inc hosp,2022-11-17,DE,00-04,quantile,0.025,128,COVID-19
2022-11-19,-2 day ahead inc hosp,2022-11-17,DE,00-04,quantile,0.1,130,COVID-19
2022-11-19,-2 day ahead inc hosp,2022-11-17,DE,00-04,quantile,0.25,137,COVID-19
2022-11-19,-2 day ahead inc hosp,2022-11-17,DE,00-04,quantile,0.5,146,COVID-19
2022-11-19,-2 day ahead inc hosp,2022-11-17,DE,00-04,quantile,0.75,154,COVID-19
2022-11-19,-2 day ahead inc hosp,2022-11-17,DE,00-04,quantile,0.9,161,COVID-19
2022-11-19,-2 day ahead inc hosp,2022-11-17,DE,00-04,quantile,0.975,170,COVID-19
2022-11-19,-2 day ahead inc hosp,2022-11-17,DE,00+,quantile,0.025,6546,COVID-19
2022-11-19,-2 day ahead inc hosp,2022-11-17,DE,00+,quantile,0.1,6642,COVID-19
2022-11-19,-2 day ahead inc hosp,2022-11-17,DE,00+,quantile,0.25,6738,COVID-19
2022-11-19,-2 day ahead inc hosp,2022-11-17,DE,00+,quantile,0.5,6859,COVID-19
2022-11-19,-2 day ahead inc hosp,2022-11-17,DE,00+,quantile,0.75,6994,COVID-19
2022-11-19,-2 day ahead inc hosp,2022-11-17,DE,00+,quantile,0.9,7131,COVID-19
2022-11-19,-2 day ahead inc hosp,2022-11-17,DE,00+,quantile,0.975,7303,COVID-19
2022-11-19,-2 day ahead inc hosp,2022-11-17,DE,05-14,quantile,0.025,36,COVID-19
2022-11-19,-2 day ahead inc hosp,2022-11-17,DE,05-14,quantile,0.1,36,COVID-19
2022-11-19,-2 day ahead inc hosp,2022-11-17,DE,05-14,quantile,0.25,39,COVID-19
2022-11-19,-2 day ahead inc hosp,2022-11-17,DE,05-14,quantile,0.5,43,COVID-19
2022-11-19,-2 day ahead inc hosp,2022-11-17,DE,05-14,quantile,0.75,46,COVID-19
2022-11-19,-2 day ahead inc hosp,2022-11-17,DE,05-14,quantile,0.9,50,COVID-19
2022-11-19,-2 day ahead inc hosp,2022-11-17,DE,05-14,quantile,0.975,54,COVID-19
2022-11-19,-2 day ahead inc hosp,2022-11-17,DE,15-34,quantile,0.025,366,COVID-19
2022-11-19,-2 day ahead inc hosp,2022-11-17,DE,15-34,quantile,0.1,371,COVID-19
2022-11-19,-2 day ahead inc hosp,2022-11-17,DE,15-34,quantile,0.25,377,COVID-19
2022-11-19,-2 day ahead inc hosp,2022-11-17,DE,15-34,quantile,0.5,384,COVID-19
2022-11-19,-2 day ahead inc hosp,2022-11-17,DE,15-34,quantile,0.75,392,COVID-19
2022-11-19,-2 day ahead inc hosp,2022-11-17,DE,15-34,quantile,0.9,401,COVID-19
2022-11-19,-2 day ahead inc hosp,2022-11-17,DE,15-34,quantile,0.975,412,COVID-19
2022-11-19,-2 day ahead inc hosp,2022-11-17,DE,35-59,quantile,0.025,867,COVID-19
2022-11-19,-2 day ahead inc hosp,2022-11-17,DE,35-59,quantile,0.1,882,COVID-19
2022-11-19,-2 day ahead inc hosp,2022-11-17,DE,35-59,quantile,0.25,896,COVID-19
2022-11-19,-2 day ahead inc hosp,2022-11-17,DE,35-59,quantile,0.5,915,COVID-19
2022-11-19,-2 day ahead inc hosp,2022-11-17,DE,35-59,quantile,0.75,936,COVID-19
2022-11-19,-2 day ahead inc hosp,2022-11-17,DE,35-59,quantile,0.9,958,COVID-19
2022-11-19,-2 day ahead inc hosp,2022-11-17,DE,35-59,quantile,0.975,986,COVID-19
2022-11-19,-2 day ahead inc hosp,2022-11-17,DE,60-79,quantile,0.025,2305,COVID-19
2022-11-19,-2 day ahead inc hosp,2022-11-17,DE,60-79,quantile,0.1,2340,COVID-19
2022-11-19,-2 day ahead inc hosp,2022-11-17,DE,60-79,quantile,0.25,2374,COVID-19
2022-11-19,-2 day ahead inc hosp,2022-11-17,DE,60-79,quantile,0.5,2418,COVID-19
2022-11-19,-2 day ahead inc hosp,2022-11-17,DE,60-79,quantile,0.75,2468,COVID-19
2022-11-19,-2 day ahead inc hosp,2022-11-17,DE,60-79,quantile,0.9,2518,COVID-19
2022-11-19,-2 day ahead inc hosp,2022-11-17,DE,60-79,quantile,0.975,2582,COVID-19
2022-11-19,-2 day ahead inc hosp,2022-11-17,DE,80+,quantile,0.025,2812,COVID-19
2022-11-19,-2 day ahead inc hosp,2022-11-17,DE,80+,quantile,0.1,2855,COVID-19
2022-11-19,-2 day ahead inc hosp,2022-11-17,DE,80+,quantile,0.25,2899,COVID-19
2022-11-19,-2 day ahead inc hosp,2022-11-17,DE,80+,quantile,0.5,2953,COVID-19
2022-11-19,-2 day ahead inc hosp,2022-11-17,DE,80+,quantile,0.75,3015,COVID-19
2022-11-19,-2 day ahead inc hosp,2022-11-17,DE,80+,quantile,0.9,3078,COVID-19
2022-11-19,-2 day ahead inc hosp,2022-11-17,DE,80+,quantile,0.975,3157,COVID-19
2022-11-19,-1 day ahead inc hosp,2022-11-18,DE,00-04,quantile,0.025,114,COVID-19
2022-11-19,-1 day ahead inc hosp,2022-11-18,DE,00-04,quantile,0.1,123,COVID-19
2022-11-19,-1 day ahead inc hosp,2022-11-18,DE,00-04,quantile,0.25,132,COVID-19
2022-11-19,-1 day ahead inc hosp,2022-11-18,DE,00-04,quantile,0.5,141,COVID-19
2022-11-19,-1 day ahead inc hosp,2022-11-18,DE,00-04,quantile,0.75,150,COVID-19
2022-11-19,-1 day ahead inc hosp,2022-11-18,DE,00-04,quantile,0.9,158,COVID-19
2022-11-19,-1 day ahead inc hosp,2022-11-18,DE,00-04,quantile,0.975,168,COVID-19
2022-11-19,-1 day ahead inc hosp,2022-11-18,DE,00+,quantile,0.025,6488,COVID-19
2022-11-19,-1 day ahead inc hosp,2022-11-18,DE,00+,quantile,0.1,6601,COVID-19
2022-11-19,-1 day ahead inc hosp,2022-11-18,DE,00+,quantile,0.25,6714,COVID-19
2022-11-19,-1 day ahead inc hosp,2022-11-18,DE,00+,quantile,0.5,6853,COVID-19
2022-11-19,-1 day ahead inc hosp,2022-11-18,DE,00+,quantile,0.75,7009,COVID-19
2022-11-19,-1 day ahead inc hosp,2022-11-18,DE,00+,quantile,0.9,7165,COVID-19
2022-11-19,-1 day ahead inc hosp,2022-11-18,DE,00+,quantile,0.975,7359,COVID-19
2022-11-19,-1 day ahead inc hosp,2022-11-18,DE,05-14,quantile,0.025,32,COVID-19
2022-11-19,-1 day ahead inc hosp,2022-11-18,DE,05-14,quantile,0.1,33,COVID-19
2022-11-19,-1 day ahead inc hosp,2022-11-18,DE,05-14,quantile,0.25,36,COVID-19
2022-11-19,-1 day ahead inc hosp,2022-11-18,DE,05-14,quantile,0.5,40,COVID-19
2022-11-19,-1 day ahead inc hosp,2022-11-18,DE,05-14,quantile,0.75,45,COVID-19
2022-11-19,-1 day ahead inc hosp,2022-11-18,DE,05-14,quantile,0.9,48,COVID-19
2022-11-19,-1 day ahead inc hosp,2022-11-18,DE,05-14,quantile,0.975,52,COVID-19
2022-11-19,-1 day ahead inc hosp,2022-11-18,DE,15-34,quantile,0.025,372,COVID-19
2022-11-19,-1 day ahead inc hosp,2022-11-18,DE,15-34,quantile,0.1,379,COVID-19
2022-11-19,-1 day ahead inc hosp,2022-11-18,DE,15-34,quantile,0.25,385,COVID-19
2022-11-19,-1 day ahead inc hosp,2022-11-18,DE,15-34,quantile,0.5,393,COVID-19
2022-11-19,-1 day ahead inc hosp,2022-11-18,DE,15-34,quantile,0.75,402,COVID-19
2022-11-19,-1 day ahead inc hosp,2022-11-18,DE,15-34,quantile,0.9,412,COVID-19
2022-11-19,-1 day ahead inc hosp,2022-11-18,DE,15-34,quantile,0.975,423,COVID-19
2022-11-19,-1 day ahead inc hosp,2022-11-18,DE,35-59,quantile,0.025,866,COVID-19
2022-11-19,-1 day ahead inc hosp,2022-11-18,DE,35-59,quantile,0.1,881,COVID-19
2022-11-19,-1 day ahead inc hosp,2022-11-18,DE,35-59,quantile,0.25,897,COVID-19
2022-11-19,-1 day ahead inc hosp,2022-11-18,DE,35-59,quantile,0.5,916,COVID-19
2022-11-19,-1 day ahead inc hosp,2022-11-18,DE,35-59,quantile,0.75,938,COVID-19
2022-11-19,-1 day ahead inc hosp,2022-11-18,DE,35-59,quantile,0.9,960,COVID-19
2022-11-19,-1 day ahead inc hosp,2022-11-18,DE,35-59,quantile,0.975,988,COVID-19
2022-11-19,-1 day ahead inc hosp,2022-11-18,DE,60-79,quantile,0.025,2263,COVID-19
2022-11-19,-1 day ahead inc hosp,2022-11-18,DE,60-79,quantile,0.1,2303,COVID-19
2022-11-19,-1 day ahead inc hosp,2022-11-18,DE,60-79,quantile,0.25,2344,COVID-19
2022-11-19,-1 day ahead inc hosp,2022-11-18,DE,60-79,quantile,0.5,2395,COVID-19
2022-11-19,-1 day ahead inc hosp,2022-11-18,DE,60-79,quantile,0.75,2452,COVID-19
2022-11-19,-1 day ahead inc hosp,2022-11-18,DE,60-79,quantile,0.9,2509,COVID-19
2022-11-19,-1 day ahead inc hosp,2022-11-18,DE,60-79,quantile,0.975,2581,COVID-19
2022-11-19,-1 day ahead inc hosp,2022-11-18,DE,80+,quantile,0.025,2798,COVID-19
2022-11-19,-1 day ahead inc hosp,2022-11-18,DE,80+,quantile,0.1,2850,COVID-19
2022-11-19,-1 day ahead inc hosp,2022-11-18,DE,80+,quantile,0.25,2902,COVID-19
2022-11-19,-1 day ahead inc hosp,2022-11-18,DE,80+,quantile,0.5,2967,COVID-19
2022-11-19,-1 day ahead inc hosp,2022-11-18,DE,80+,quantile,0.75,3041,COVID-19
2022-11-19,-1 day ahead inc hosp,2022-11-18,DE,80+,quantile,0.9,3114,COVID-19
2022-11-19,-1 day ahead inc hosp,2022-11-18,DE,80+,quantile,0.975,3206,COVID-19
2022-11-19,0 day ahead inc hosp,2022-11-19,DE,00-04,quantile,0.025,116,COVID-19
2022-11-19,0 day ahead inc hosp,2022-11-19,DE,00-04,quantile,0.1,122,COVID-19
2022-11-19,0 day ahead inc hosp,2022-11-19,DE,00-04,quantile,0.25,133,COVID-19
2022-11-19,0 day ahead inc hosp,2022-11-19,DE,00-04,quantile,0.5,146,COVID-19
2022-11-19,0 day ahead inc hosp,2022-11-19,DE,00-04,quantile,0.75,158,COVID-19
2022-11-19,0 day ahead inc hosp,2022-11-19,DE,00-04,quantile,0.9,169,COVID-19
2022-11-19,0 day ahead inc hosp,2022-11-19,DE,00-04,quantile,0.975,181,COVID-19
2022-11-19,0 day ahead inc hosp,2022-11-19,DE,00+,quantile,0.025,6298,COVID-19
2022-11-19,0 day ahead inc hosp,2022-11-19,DE,00+,quantile,0.1,6440,COVID-19
2022-11-19,0 day ahead inc hosp,2022-11-19,DE,00+,quantile,0.25,6580,COVID-19
2022-11-19,0 day ahead inc hosp,2022-11-19,DE,00+,quantile,0.5,6750,COVID-19
2022-11-19,0 day ahead inc hosp,2022-11-19,DE,00+,quantile,0.75,6939,COVID-19
2022-11-19,0 day ahead inc hosp,2022-11-19,DE,00+,quantile,0.9,7126,COVID-19
2022-11-19,0 day ahead inc hosp,2022-11-19,DE,00+,quantile,0.975,7355,COVID-19
2022-11-19,0 day ahead inc hosp,2022-11-19,DE,05-14,quantile,0.025,31,COVID-19
2022-11-19,0 day ahead inc hosp,2022-11-19,DE,05-14,quantile,0.1,34,COVID-19
2022-11-19,0 day ahead inc hosp,2022-11-19,DE,05-14,quantile,0.25,38,COVID-19
2022-11-19,0 day ahead inc hosp,2022-11-19,DE,05-14,quantile,0.5,43,COVID-19
2022-11-19,0 day ahead inc hosp,2022-11-19,DE,05-14,quantile,0.75,48,COVID-19
2022-11-19,0 day ahead inc hosp,2022-11-19,DE,05-14,quantile,0.9,52,COVID-19
2022-11-19,0 day ahead inc hosp,2022-11-19,DE,05-14,quantile,0.975,56,COVID-19
2022-11-19,0 day ahead inc hosp,2022-11-19,DE,15-34,quantile,0.025,364,COVID-19
2022-11-19,0 day ahead inc hosp,2022-11-19,DE,15-34,quantile,0.1,373,COVID-19
2022-11-19,0 day ahead inc hosp,2022-11-19,DE,15-34,quantile,0.25,383,COVID-19
2022-11-19,0 day ahead inc hosp,2022-11-19,DE,15-34,quantile,0.5,396,COVID-19
2022-11-19,0 day ahead inc hosp,2022-11-19,DE,15-34,quantile,0.75,410,COVID-19
2022-11-19,0 day ahead inc hosp,2022-11-19,DE,15-34,quantile,0.9,425,COVID-19
2022-11-19,0 day ahead inc hosp,2022-11-19,DE,15-34,quantile,0.975,444,COVID-19
2022-11-19,0 day ahead inc hosp,2022-11-19,DE,35-59,quantile,0.025,839,COVID-19
2022-11-19,0 day ahead inc hosp,2022-11-19,DE,35-59,quantile,0.1,859,COVID-19
2022-11-19,0 day ahead inc hosp,2022-11-19,DE,35-59,quantile,0.25,879,COVID-19
2022-11-19,0 day ahead inc hosp,2022-11-19,DE,35-59,quantile,0.5,904,COVID-19
2022-11-19,0 day ahead inc hosp,2022-11-19,DE,35-59,quantile,0.75,932,COVID-19
2022-11-19,0 day ahead inc hosp,2022-11-19,DE,35-59,quantile,0.9,960,COVID-19
2022-11-19,0 day ahead inc hosp,2022-11-19,DE,35-59,quantile,0.975,995,COVID-19
2022-11-19,0 day ahead inc hosp,2022-11-19,DE,60-79,quantile,0.025,2185,COVID-19
2022-11-19,0 day ahead inc hosp,2022-11-19,DE,60-79,quantile,0.1,2237,COVID-19
2022-11-19,0 day ahead inc hosp,2022-11-19,DE,60-79,quantile,0.25,2289,COVID-19
2022-11-19,0 day ahead inc hosp,2022-11-19,DE,60-79,quantile,0.5,2352,COVID-19
2022-11-19,0 day ahead inc hosp,2022-11-19,DE,60-79,quantile,0.75,2422,COVID-19
2022-11-19,0 day ahead inc hosp,2022-11-19,DE,60-79,quantile,0.9,2492,COVID-19
2022-11-19,0 day ahead inc hosp,2022-11-19,DE,60-79,quantile,0.975,2579,COVID-19
2022-11-19,0 day ahead inc hosp,2022-11-19,DE,80+,quantile,0.025,2701,COVID-19
2022-11-19,0 day ahead inc hosp,2022-11-19,DE,80+,quantile,0.1,2766,COVID-19
2022-11-19,0 day ahead inc hosp,2022-11-19,DE,80+,quantile,0.25,2831,COVID-19
2022-11-19,0 day ahead inc hosp,2022-11-19,DE,80+,quantile,0.5,2910,COVID-19
2022-11-19,0 day ahead inc hosp,2022-11-19,DE,80+,quantile,0.75,2998,COVID-19
2022-11-19,0 day ahead inc hosp,2022-11-19,DE,80+,quantile,0.9,3086,COVID-19
2022-11-19,0 day ahead inc hosp,2022-11-19,DE,80+,quantile,0.975,3194,COVID-19
2022-11-19,-28 day ahead inc hosp,2022-10-22,DE,00-04,mean,NA,273,COVID-19
2022-11-19,-28 day ahead inc hosp,2022-10-22,DE,00+,mean,NA,16663,COVID-19
2022-11-19,-28 day ahead inc hosp,2022-10-22,DE,05-14,mean,NA,97,COVID-19
2022-11-19,-28 day ahead inc hosp,2022-10-22,DE,15-34,mean,NA,840,COVID-19
2022-11-19,-28 day ahead inc hosp,2022-10-22,DE,35-59,mean,NA,2180,COVID-19
2022-11-19,-28 day ahead inc hosp,2022-10-22,DE,60-79,mean,NA,5892,COVID-19
2022-11-19,-28 day ahead inc hosp,2022-10-22,DE,80+,mean,NA,7396,COVID-19
2022-11-19,-27 day ahead inc hosp,2022-10-23,DE,00-04,mean,NA,277,COVID-19
2022-11-19,-27 day ahead inc hosp,2022-10-23,DE,00+,mean,NA,16549,COVID-19
2022-11-19,-27 day ahead inc hosp,2022-10-23,DE,05-14,mean,NA,98,COVID-19
2022-11-19,-27 day ahead inc hosp,2022-10-23,DE,15-34,mean,NA,829,COVID-19
2022-11-19,-27 day ahead inc hosp,2022-10-23,DE,35-59,mean,NA,2184,COVID-19
2022-11-19,-27 day ahead inc hosp,2022-10-23,DE,60-79,mean,NA,5857,COVID-19
2022-11-19,-27 day ahead inc hosp,2022-10-23,DE,80+,mean,NA,7318,COVID-19
2022-11-19,-26 day ahead inc hosp,2022-10-24,DE,00-04,mean,NA,270,COVID-19
2022-11-19,-26 day ahead inc hosp,2022-10-24,DE,00+,mean,NA,16456,COVID-19
2022-11-19,-26 day ahead inc hosp,2022-10-24,DE,05-14,mean,NA,99,COVID-19
2022-11-19,-26 day ahead inc hosp,2022-10-24,DE,15-34,mean,NA,810,COVID-19
2022-11-19,-26 day ahead inc hosp,2022-10-24,DE,35-59,mean,NA,2164,COVID-19
2022-11-19,-26 day ahead inc hosp,2022-10-24,DE,60-79,mean,NA,5815,COVID-19
2022-11-19,-26 day ahead inc hosp,2022-10-24,DE,80+,mean,NA,7309,COVID-19
2022-11-19,-25 day ahead inc hosp,2022-10-25,DE,00-04,mean,NA,278,COVID-19
2022-11-19,-25 day ahead inc hosp,2022-10-25,DE,00+,mean,NA,15339,COVID-19
2022-11-19,-25 day ahead inc hosp,2022-10-25,DE,05-14,mean,NA,102,COVID-19
2022-11-19,-25 day ahead inc hosp,2022-10-25,DE,15-34,mean,NA,745,COVID-19
2022-11-19,-25 day ahead inc hosp,2022-10-25,DE,35-59,mean,NA,2062,COVID-19
2022-11-19,-25 day ahead inc hosp,2022-10-25,DE,60-79,mean,NA,5416,COVID-19
2022-11-19,-25 day ahead inc hosp,2022-10-25,DE,80+,mean,NA,6747,COVID-19
2022-11-19,-24 day ahead inc hosp,2022-10-26,DE,00-04,mean,NA,249,COVID-19
2022-11-19,-24 day ahead inc hosp,2022-10-26,DE,00+,mean,NA,14249,COVID-19
2022-11-19,-24 day ahead inc hosp,2022-10-26,DE,05-14,mean,NA,92,COVID-19
2022-11-19,-24 day ahead inc hosp,2022-10-26,DE,15-34,mean,NA,695,COVID-19
2022-11-19,-24 day ahead inc hosp,2022-10-26,DE,35-59,mean,NA,1963,COVID-19
2022-11-19,-24 day ahead inc hosp,2022-10-26,DE,60-79,mean,NA,5089,COVID-19
2022-11-19,-24 day ahead inc hosp,2022-10-26,DE,80+,mean,NA,6171,COVID-19
2022-11-19,-23 day ahead inc hosp,2022-10-27,DE,00-04,mean,NA,228,COVID-19
2022-11-19,-23 day ahead inc hosp,2022-10-27,DE,00+,mean,NA,13583,COVID-19
2022-11-19,-23 day ahead inc hosp,2022-10-27,DE,05-14,mean,NA,92,COVID-19
2022-11-19,-23 day ahead inc hosp,2022-10-27,DE,15-34,mean,NA,673,COVID-19
2022-11-19,-23 day ahead inc hosp,2022-10-27,DE,35-59,mean,NA,1867,COVID-19
2022-11-19,-23 day ahead inc hosp,2022-10-27,DE,60-79,mean,NA,4905,COVID-19
2022-11-19,-23 day ahead inc hosp,2022-10-27,DE,80+,mean,NA,5828,COVID-19
2022-11-19,-22 day ahead inc hosp,2022-10-28,DE,00-04,mean,NA,233,COVID-19
2022-11-19,-22 day ahead inc hosp,2022-10-28,DE,00+,mean,NA,12944,COVID-19
2022-11-19,-22 day ahead inc hosp,2022-10-28,DE,05-14,mean,NA,85,COVID-19
2022-11-19,-22 day ahead inc hosp,2022-10-28,DE,15-34,mean,NA,647,COVID-19
2022-11-19,-22 day ahead inc hosp,2022-10-28,DE,35-59,mean,NA,1762,COVID-19
2022-11-19,-22 day ahead inc hosp,2022-10-28,DE,60-79,mean,NA,4676,COVID-19
2022-11-19,-22 day ahead inc hosp,2022-10-28,DE,80+,mean,NA,5551,COVID-19
2022-11-19,-21 day ahead inc hosp,2022-10-29,DE,00-04,mean,NA,222,COVID-19
2022-11-19,-21 day ahead inc hosp,2022-10-29,DE,00+,mean,NA,12314,COVID-19
2022-11-19,-21 day ahead inc hosp,2022-10-29,DE,05-14,mean,NA,85,COVID-19
2022-11-19,-21 day ahead inc hosp,2022-10-29,DE,15-34,mean,NA,575,COVID-19
2022-11-19,-21 day ahead inc hosp,2022-10-29,DE,35-59,mean,NA,1700,COVID-19
2022-11-19,-21 day ahead inc hosp,2022-10-29,DE,60-79,mean,NA,4470,COVID-19
2022-11-19,-21 day ahead inc hosp,2022-10-29,DE,80+,mean,NA,5272,COVID-19
2022-11-19,-20 day ahead inc hosp,2022-10-30,DE,00-04,mean,NA,212,COVID-19
2022-11-19,-20 day ahead inc hosp,2022-10-30,DE,00+,mean,NA,12151,COVID-19
2022-11-19,-20 day ahead inc hosp,2022-10-30,DE,05-14,mean,NA,88,COVID-19
2022-11-19,-20 day ahead inc hosp,2022-10-30,DE,15-34,mean,NA,564,COVID-19
2022-11-19,-20 day ahead inc hosp,2022-10-30,DE,35-59,mean,NA,1671,COVID-19
2022-11-19,-20 day ahead inc hosp,2022-10-30,DE,60-79,mean,NA,4414,COVID-19
2022-11-19,-20 day ahead inc hosp,2022-10-30,DE,80+,mean,NA,5211,COVID-19
2022-11-19,-19 day ahead inc hosp,2022-10-31,DE,00-04,mean,NA,209,COVID-19
2022-11-19,-19 day ahead inc hosp,2022-10-31,DE,00+,mean,NA,12021,COVID-19
2022-11-19,-19 day ahead inc hosp,2022-10-31,DE,05-14,mean,NA,83,COVID-19
2022-11-19,-19 day ahead inc hosp,2022-10-31,DE,15-34,mean,NA,564,COVID-19
2022-11-19,-19 day ahead inc hosp,2022-10-31,DE,35-59,mean,NA,1663,COVID-19
2022-11-19,-19 day ahead inc hosp,2022-10-31,DE,60-79,mean,NA,4363,COVID-19
2022-11-19,-19 day ahead inc hosp,2022-10-31,DE,80+,mean,NA,5145,COVID-19
2022-11-19,-18 day ahead inc hosp,2022-11-01,DE,00-04,mean,NA,182,COVID-19
2022-11-19,-18 day ahead inc hosp,2022-11-01,DE,00+,mean,NA,10182,COVID-19
2022-11-19,-18 day ahead inc hosp,2022-11-01,DE,05-14,mean,NA,65,COVID-19
2022-11-19,-18 day ahead inc hosp,2022-11-01,DE,15-34,mean,NA,500,COVID-19
2022-11-19,-18 day ahead inc hosp,2022-11-01,DE,35-59,mean,NA,1423,COVID-19
2022-11-19,-18 day ahead inc hosp,2022-11-01,DE,60-79,mean,NA,3664,COVID-19
2022-11-19,-18 day ahead inc hosp,2022-11-01,DE,80+,mean,NA,4352,COVID-19
2022-11-19,-17 day ahead inc hosp,2022-11-02,DE,00-04,mean,NA,177,COVID-19
2022-11-19,-17 day ahead inc hosp,2022-11-02,DE,00+,mean,NA,9225,COVID-19
2022-11-19,-17 day ahead inc hosp,2022-11-02,DE,05-14,mean,NA,63,COVID-19
2022-11-19,-17 day ahead inc hosp,2022-11-02,DE,15-34,mean,NA,456,COVID-19
2022-11-19,-17 day ahead inc hosp,2022-11-02,DE,35-59,mean,NA,1240,COVID-19
2022-11-19,-17 day ahead inc hosp,2022-11-02,DE,60-79,mean,NA,3307,COVID-19
2022-11-19,-17 day ahead inc hosp,2022-11-02,DE,80+,mean,NA,3984,COVID-19
2022-11-19,-16 day ahead inc hosp,2022-11-03,DE,00-04,mean,NA,179,COVID-19
2022-11-19,-16 day ahead inc hosp,2022-11-03,DE,00+,mean,NA,9302,COVID-19
2022-11-19,-16 day ahead inc hosp,2022-11-03,DE,05-14,mean,NA,58,COVID-19
2022-11-19,-16 day ahead inc hosp,2022-11-03,DE,15-34,mean,NA,464,COVID-19
2022-11-19,-16 day ahead inc hosp,2022-11-03,DE,35-59,mean,NA,1248,COVID-19
2022-11-19,-16 day ahead inc hosp,2022-11-03,DE,60-79,mean,NA,3323,COVID-19
2022-11-19,-16 day ahead inc hosp,2022-11-03,DE,80+,mean,NA,4034,COVID-19
2022-11-19,-15 day ahead inc hosp,2022-11-04,DE,00-04,mean,NA,174,COVID-19
2022-11-19,-15 day ahead inc hosp,2022-11-04,DE,00+,mean,NA,9066,COVID-19
2022-11-19,-15 day ahead inc hosp,2022-11-04,DE,05-14,mean,NA,64,COVID-19
2022-11-19,-15 day ahead inc hosp,2022-11-04,DE,15-34,mean,NA,474,COVID-19
2022-11-19,-15 day ahead inc hosp,2022-11-04,DE,35-59,mean,NA,1209,COVID-19
2022-11-19,-15 day ahead inc hosp,2022-11-04,DE,60-79,mean,NA,3214,COVID-19
2022-11-19,-15 day ahead inc hosp,2022-11-04,DE,80+,mean,NA,3935,COVID-19
2022-11-19,-14 day ahead inc hosp,2022-11-05,DE,00-04,mean,NA,180,COVID-19
2022-11-19,-14 day ahead inc hosp,2022-11-05,DE,00+,mean,NA,8877,COVID-19
2022-11-19,-14 day ahead inc hosp,2022-11-05,DE,05-14,mean,NA,67,COVID-19
2022-11-19,-14 day ahead inc hosp,2022-11-05,DE,15-34,mean,NA,489,COVID-19
2022-11-19,-14 day ahead inc hosp,2022-11-05,DE,35-59,mean,NA,1179,COVID-19
2022-11-19,-14 day ahead inc hosp,2022-11-05,DE,60-79,mean,NA,3132,COVID-19
2022-11-19,-14 day ahead inc hosp,2022-11-05,DE,80+,mean,NA,3834,COVID-19
2022-11-19,-13 day ahead inc hosp,2022-11-06,DE,00-04,mean,NA,179,COVID-19
2022-11-19,-13 day ahead inc hosp,2022-11-06,DE,00+,mean,NA,8856,COVID-19
2022-11-19,-13 day ahead inc hosp,2022-11-06,DE,05-14,mean,NA,64,COVID-19
2022-11-19,-13 day ahead inc hosp,2022-11-06,DE,15-34,mean,NA,501,COVID-19
2022-11-19,-13 day ahead inc hosp,2022-11-06,DE,35-59,mean,NA,1169,COVID-19
2022-11-19,-13 day ahead inc hosp,2022-11-06,DE,60-79,mean,NA,3129,COVID-19
2022-11-19,-13 day ahead inc hosp,2022-11-06,DE,80+,mean,NA,3817,COVID-19
2022-11-19,-12 day ahead inc hosp,2022-11-07,DE,00-04,mean,NA,176,COVID-19
2022-11-19,-12 day ahead inc hosp,2022-11-07,DE,00+,mean,NA,8757,COVID-19
2022-11-19,-12 day ahead inc hosp,2022-11-07,DE,05-14,mean,NA,64,COVID-19
2022-11-19,-12 day ahead inc hosp,2022-11-07,DE,15-34,mean,NA,493,COVID-19
2022-11-19,-12 day ahead inc hosp,2022-11-07,DE,35-59,mean,NA,1166,COVID-19
2022-11-19,-12 day ahead inc hosp,2022-11-07,DE,60-79,mean,NA,3099,COVID-19
2022-11-19,-12 day ahead inc hosp,2022-11-07,DE,80+,mean,NA,3762,COVID-19
2022-11-19,-11 day ahead inc hosp,2022-11-08,DE,00-04,mean,NA,179,COVID-19
2022-11-19,-11 day ahead inc hosp,2022-11-08,DE,00+,mean,NA,9124,COVID-19
2022-11-19,-11 day ahead inc hosp,2022-11-08,DE,05-14,mean,NA,65,COVID-19
2022-11-19,-11 day ahead inc hosp,2022-11-08,DE,15-34,mean,NA,524,COVID-19
2022-11-19,-11 day ahead inc hosp,2022-11-08,DE,35-59,mean,NA,1192,COVID-19
2022-11-19,-11 day ahead inc hosp,2022-11-08,DE,60-79,mean,NA,3252,COVID-19
2022-11-19,-11 day ahead inc hosp,2022-11-08,DE,80+,mean,NA,3917,COVID-19
2022-11-19,-10 day ahead inc hosp,2022-11-09,DE,00-04,mean,NA,176,COVID-19
2022-11-19,-10 day ahead inc hosp,2022-11-09,DE,00+,mean,NA,9081,COVID-19
2022-11-19,-10 day ahead inc hosp,2022-11-09,DE,05-14,mean,NA,61,COVID-19
2022-11-19,-10 day ahead inc hosp,2022-11-09,DE,15-34,mean,NA,516,COVID-19
2022-11-19,-10 day ahead inc hosp,2022-11-09,DE,35-59,mean,NA,1215,COVID-19
2022-11-19,-10 day ahead inc hosp,2022-11-09,DE,60-79,mean,NA,3230,COVID-19
2022-11-19,-10 day ahead inc hosp,2022-11-09,DE,80+,mean,NA,3887,COVID-19
2022-11-19,-9 day ahead inc hosp,2022-11-10,DE,00-04,mean,NA,172,COVID-19
2022-11-19,-9 day ahead inc hosp,2022-11-10,DE,00+,mean,NA,8325,COVID-19
2022-11-19,-9 day ahead inc hosp,2022-11-10,DE,05-14,mean,NA,54,COVID-19
2022-11-19,-9 day ahead inc hosp,2022-11-10,DE,15-34,mean,NA,475,COVID-19
2022-11-19,-9 day ahead inc hosp,2022-11-10,DE,35-59,mean,NA,1071,COVID-19
2022-11-19,-9 day ahead inc hosp,2022-11-10,DE,60-79,mean,NA,2963,COVID-19
2022-11-19,-9 day ahead inc hosp,2022-11-10,DE,80+,mean,NA,3593,COVID-19
2022-11-19,-8 day ahead inc hosp,2022-11-11,DE,00-04,mean,NA,163,COVID-19
2022-11-19,-8 day ahead inc hosp,2022-11-11,DE,00+,mean,NA,7845,COVID-19
2022-11-19,-8 day ahead inc hosp,2022-11-11,DE,05-14,mean,NA,50,COVID-19
2022-11-19,-8 day ahead inc hosp,2022-11-11,DE,15-34,mean,NA,432,COVID-19
2022-11-19,-8 day ahead inc hosp,2022-11-11,DE,35-59,mean,NA,1021,COVID-19
2022-11-19,-8 day ahead inc hosp,2022-11-11,DE,60-79,mean,NA,2804,COVID-19
2022-11-19,-8 day ahead inc hosp,2022-11-11,DE,80+,mean,NA,3377,COVID-19
2022-11-19,-7 day ahead inc hosp,2022-11-12,DE,00-04,mean,NA,150,COVID-19
2022-11-19,-7 day ahead inc hosp,2022-11-12,DE,00+,mean,NA,7635,COVID-19
2022-11-19,-7 day ahead inc hosp,2022-11-12,DE,05-14,mean,NA,43,COVID-19
2022-11-19,-7 day ahead inc hosp,2022-11-12,DE,15-34,mean,NA,402,COVID-19
2022-11-19,-7 day ahead inc hosp,2022-11-12,DE,35-59,mean,NA,999,COVID-19
2022-11-19,-7 day ahead inc hosp,2022-11-12,DE,60-79,mean,NA,2745,COVID-19
2022-11-19,-7 day ahead inc hosp,2022-11-12,DE,80+,mean,NA,3298,COVID-19
2022-11-19,-6 day ahead inc hosp,2022-11-13,DE,00-04,mean,NA,150,COVID-19
2022-11-19,-6 day ahead inc hosp,2022-11-13,DE,00+,mean,NA,7540,COVID-19
2022-11-19,-6 day ahead inc hosp,2022-11-13,DE,05-14,mean,NA,42,COVID-19
2022-11-19,-6 day ahead inc hosp,2022-11-13,DE,15-34,mean,NA,391,COVID-19
2022-11-19,-6 day ahead inc hosp,2022-11-13,DE,35-59,mean,NA,985,COVID-19
2022-11-19,-6 day ahead inc hosp,2022-11-13,DE,60-79,mean,NA,2709,COVID-19
2022-11-19,-6 day ahead inc hosp,2022-11-13,DE,80+,mean,NA,3266,COVID-19
2022-11-19,-5 day ahead inc hosp,2022-11-14,DE,00-04,mean,NA,153,COVID-19
2022-11-19,-5 day ahead inc hosp,2022-11-14,DE,00+,mean,NA,7523,COVID-19
2022-11-19,-5 day ahead inc hosp,2022-11-14,DE,05-14,mean,NA,42,COVID-19
2022-11-19,-5 day ahead inc hosp,2022-11-14,DE,15-34,mean,NA,391,COVID-19
2022-11-19,-5 day ahead inc hosp,2022-11-14,DE,35-59,mean,NA,978,COVID-19
2022-11-19,-5 day ahead inc hosp,2022-11-14,DE,60-79,mean,NA,2692,COVID-19
2022-11-19,-5 day ahead inc hosp,2022-11-14,DE,80+,mean,NA,3269,COVID-19
2022-11-19,-4 day ahead inc hosp,2022-11-15,DE,00-04,mean,NA,142,COVID-19
2022-11-19,-4 day ahead inc hosp,2022-11-15,DE,00+,mean,NA,7188,COVID-19
2022-11-19,-4 day ahead inc hosp,2022-11-15,DE,05-14,mean,NA,37,COVID-19
2022-11-19,-4 day ahead inc hosp,2022-11-15,DE,15-34,mean,NA,371,COVID-19
2022-11-19,-4 day ahead inc hosp,2022-11-15,DE,35-59,mean,NA,941,COVID-19
2022-11-19,-4 day ahead inc hosp,2022-11-15,DE,60-79,mean,NA,2565,COVID-19
2022-11-19,-4 day ahead inc hosp,2022-11-15,DE,80+,mean,NA,3134,COVID-19
2022-11-19,-3 day ahead inc hosp,2022-11-16,DE,00-04,mean,NA,138,COVID-19
2022-11-19,-3 day ahead inc hosp,2022-11-16,DE,00+,mean,NA,7029,COVID-19
2022-11-19,-3 day ahead inc hosp,2022-11-16,DE,05-14,mean,NA,40,COVID-19
2022-11-19,-3 day ahead inc hosp,2022-11-16,DE,15-34,mean,NA,389,COVID-19
2022-11-19,-3 day ahead inc hosp,2022-11-16,DE,35-59,mean,NA,925,COVID-19
2022-11-19,-3 day ahead inc hosp,2022-11-16,DE,60-79,mean,NA,2481,COVID-19
2022-11-19,-3 day ahead inc hosp,2022-11-16,DE,80+,mean,NA,3057,COVID-19
2022-11-19,-2 day ahead inc hosp,2022-11-17,DE,00-04,mean,NA,146,COVID-19
2022-11-19,-2 day ahead inc hosp,2022-11-17,DE,00+,mean,NA,6876,COVID-19
2022-11-19,-2 day ahead inc hosp,2022-11-17,DE,05-14,mean,NA,43,COVID-19
2022-11-19,-2 day ahead inc hosp,2022-11-17,DE,15-34,mean,NA,385,COVID-19
2022-11-19,-2 day ahead inc hosp,2022-11-17,DE,35-59,mean,NA,918,COVID-19
2022-11-19,-2 day ahead inc hosp,2022-11-17,DE,60-79,mean,NA,2425,COVID-19
2022-11-19,-2 day ahead inc hosp,2022-11-17,DE,80+,mean,NA,2961,COVID-19
2022-11-19,-1 day ahead inc hosp,2022-11-18,DE,00-04,mean,NA,141,COVID-19
2022-11-19,-1 day ahead inc hosp,2022-11-18,DE,00+,mean,NA,6871,COVID-19
2022-11-19,-1 day ahead inc hosp,2022-11-18,DE,05-14,mean,NA,40,COVID-19
2022-11-19,-1 day ahead inc hosp,2022-11-18,DE,15-34,mean,NA,395,COVID-19
2022-11-19,-1 day ahead inc hosp,2022-11-18,DE,35-59,mean,NA,919,COVID-19
2022-11-19,-1 day ahead inc hosp,2022-11-18,DE,60-79,mean,NA,2402,COVID-19
2022-11-19,-1 day ahead inc hosp,2022-11-18,DE,80+,mean,NA,2976,COVID-19
2022-11-19,0 day ahead inc hosp,2022-11-19,DE,00-04,mean,NA,146,COVID-19
2022-11-19,0 day ahead inc hosp,2022-11-19,DE,00+,mean,NA,6770,COVID-19
2022-11-19,0 day ahead inc hosp,2022-11-19,DE,05-14,mean,NA,43,COVID-19
2022-11-19,0 day ahead inc hosp,2022-11-19,DE,15-34,mean,NA,398,COVID-19
2022-11-19,0 day ahead inc hosp,2022-11-19,DE,35-59,mean,NA,907,COVID-19
2022-11-19,0 day ahead inc hosp,2022-11-19,DE,60-79,mean,NA,2360,COVID-19
2022-11-19,0 day ahead inc hosp,2022-11-19,DE,80+,mean,NA,2920,COVID-19
